300_USD	2019-04-09	233.17	236.91	236.91	230.32	0
300_USD	2019-04-08	236.91	233.58	238.72	229.31	0
300_USD	2019-04-07	233.58	226.21	236.02	226.01	0
300_USD	2019-04-06	226.21	226.39	234.95	221.23	0
300_USD	2019-04-05	226.39	219.74	227.89	219.66	0
300_USD	2019-04-04	219.74	221.69	227.06	215.25	0
300_USD	2019-04-03	221.69	219.59	237.16	215.98	0
300_USD	2019-04-02	219.59	186.97	226.06	186.56	0
300_USD	2019-04-01	186.97	185.57	187.93	183.80	0
300_USD	2019-03-31	185.57	185.46	186.18	184.94	0
300_USD	2019-03-30	185.46	186.09	187.46	183.72	0
300_USD	2019-03-29	186.09	182.23	186.45	181.91	0
300_USD	2019-03-28	182.23	182.68	182.74	181.13	0
300_USD	2019-03-27	182.68	177.74	183.00	177.20	0
300_USD	2019-03-26	177.74	176.77	177.88	175.93	0
300_USD	2019-03-25	176.77	179.96	180.33	175.44	0
300_USD	2019-03-24	179.96	180.92	180.92	178.70	0
300_USD	2019-03-23	180.92	180.29	181.51	179.71	0
300_USD	2019-03-22	180.29	180.11	181.20	179.67	0
300_USD	2019-03-21	180.11	183.77	184.61	178.38	0
300_USD	2019-03-20	183.77	182.91	184.18	181.36	0
300_USD	2019-03-19	182.91	181.39	183.37	180.63	0
300_USD	2019-03-18	181.39	181.18	183.40	179.80	0
300_USD	2019-03-17	181.18	182.11	182.11	179.95	0
300_USD	2019-03-16	182.11	178.25	184.91	178.25	0
300_USD	2019-03-15	178.25	175.88	178.60	175.83	0
300_USD	2019-03-14	175.88	175.80	178.12	173.12	0
300_USD	2019-03-13	175.80	176.07	176.80	174.79	0
300_USD	2019-03-12	176.07	175.96	177.20	173.49	0
300_USD	2019-03-11	175.96	178.08	178.52	174.60	0
300_USD	2019-03-10	178.08	178.80	178.88	176.54	0
300_USD	2019-03-09	178.80	175.47	180.11	175.17	0
300_USD	2019-03-08	175.47	176.54	178.99	172.59	0
300_USD	2019-03-07	176.54	175.95	177.83	175.24	0
300_USD	2019-03-06	175.95	175.89	177.10	174.15	0
300_USD	2019-03-05	175.89	169.21	176.63	168.60	0
300_USD	2019-03-04	169.21	172.97	173.98	167.76	0
300_USD	2019-03-03	172.97	174.24	174.70	171.88	0
300_USD	2019-03-02	174.24	174.42	174.72	171.71	0
300_USD	2019-03-01	174.42	173.46	175.80	173.35	0
300_USD	2019-02-28	173.46	173.70	177.53	172.97	0
300_USD	2019-02-27	173.70	173.59	175.17	168.00	0
300_USD	2019-02-26	173.59	174.71	175.18	172.50	0
300_USD	2019-02-25	174.71	170.67	176.53	170.56	0
300_USD	2019-02-24	170.67	187.56	190.69	169.78	0
300_USD	2019-02-23	187.56	181.00	189.47	178.78	0
300_USD	2019-02-22	181.00	178.56	181.41	177.73	0
300_USD	2019-02-21	178.56	180.81	183.52	177.05	0
300_USD	2019-02-20	180.81	177.73	181.09	176.69	0
300_USD	2019-02-19	177.73	177.18	181.74	175.59	0
300_USD	2019-02-18	177.18	166.34	178.51	165.84	0
300_USD	2019-02-17	166.34	163.71	168.47	163.38	0
300_USD	2019-02-16	163.71	163.16	165.79	163.15	0
300_USD	2019-02-15	163.16	162.86	165.48	162.30	0
300_USD	2019-02-14	162.86	163.37	163.92	162.20	0
300_USD	2019-02-13	163.37	164.49	166.33	162.55	0
300_USD	2019-02-12	164.49	163.91	165.81	162.32	0
300_USD	2019-02-11	163.91	166.85	166.96	163.71	0
300_USD	2019-02-10	166.85	165.57	166.89	163.32	0
300_USD	2019-02-09	165.57	165.83	166.47	164.48	0
300_USD	2019-02-08	165.83	153.00	168.92	152.64	0
300_USD	2019-02-07	153.00	153.71	154.17	152.78	0
300_USD	2019-02-06	153.71	156.39	156.78	152.43	0
300_USD	2019-02-05	156.39	155.42	156.56	154.78	0
300_USD	2019-02-04	155.42	155.93	156.72	154.75	0
300_USD	2019-02-03	155.93	158.48	158.82	154.56	0
300_USD	2019-02-02	158.48	157.53	159.06	155.89	0
300_USD	2019-02-01	157.53	155.97	158.28	154.34	0
300_USD	2019-01-31	155.97	157.17	158.85	155.06	0
300_USD	2019-01-30	157.17	154.87	157.91	153.72	0
300_USD	2019-01-29	154.87	155.90	156.40	152.42	0
300_USD	2019-01-28	155.90	160.17	160.21	153.91	0
300_USD	2019-01-27	160.17	161.76	162.19	157.79	0
300_USD	2019-01-26	161.76	161.59	166.18	161.42	0
300_USD	2019-01-25	161.59	162.62	163.12	160.09	0
300_USD	2019-01-24	162.62	161.19	163.33	159.85	0
300_USD	2019-01-23	161.19	162.04	163.50	159.95	0
300_USD	2019-01-22	162.04	159.45	163.70	155.94	0
300_USD	2019-01-21	159.45	159.68	160.56	158.21	0
300_USD	2019-01-20	159.68	167.64	169.03	157.98	0
300_USD	2019-01-19	167.64	163.67	171.40	163.59	0
300_USD	2019-01-18	163.67	165.67	165.82	162.70	0
300_USD	2019-01-17	165.67	163.48	165.75	161.19	0
300_USD	2019-01-16	163.48	162.81	166.24	162.21	0
300_USD	2019-01-15	162.81	166.94	168.06	161.80	0
300_USD	2019-01-14	166.94	159.94	169.09	159.41	0
300_USD	2019-01-13	159.94	164.61	165.57	159.05	0
300_USD	2019-01-12	164.61	165.13	166.02	163.19	0
300_USD	2019-01-11	165.13	164.93	167.45	162.99	0
300_USD	2019-01-10	164.93	181.18	183.54	163.72	0
300_USD	2019-01-09	181.18	181.63	184.40	178.87	0
300_USD	2019-01-08	181.63	182.17	186.40	179.73	0
300_USD	2019-01-07	182.17	184.39	185.51	180.56	0
300_USD	2019-01-06	184.39	172.86	345.73	171.83	0
300_USD	2019-01-05	172.86	174.85	177.38	172.54	0
300_USD	2019-01-04	174.85	173.23	176.11	170.55	0
300_USD	2019-01-03	173.23	147.80	177.39	145.29	0
300_USD	2019-01-02	147.80	144.45	148.61	143.06	0
300_USD	2019-01-01	144.45	139.80	145.29	138.29	0
300_USD	2018-12-31	139.80	145.00	145.37	138.02	0
300_USD	2018-12-30	145.00	141.72	145.60	140.37	0
300_USD	2018-12-29	141.72	147.41	149.21	141.19	0
300_USD	2018-12-28	147.41	135.91	149.10	135.15	0
300_USD	2018-12-27	135.91	143.81	144.99	134.96	0
300_USD	2018-12-26	143.81	142.92	146.01	139.51	0
300_USD	2018-12-25	142.92	151.72	151.96	139.82	0
300_USD	2018-12-24	151.72	148.92	160.54	148.92	0
300_USD	2018-12-23	148.92	173.66	176.30	147.66	0
300_USD	2018-12-22	173.66	167.18	174.53	164.98	0
300_USD	2018-12-21	167.18	177.27	180.49	164.38	0
300_USD	2018-12-20	177.39	160.36	180.81	159.18	0
300_USD	2018-12-19	160.36	162.47	173.65	159.31	0
300_USD	2018-12-18	162.47	155.83	163.26	152.61	0
300_USD	2018-12-17	155.83	141.82	159.21	141.18	0
300_USD	2018-12-16	141.82	141.41	145.31	140.99	0
300_USD	2018-12-15	141.41	141.13	142.78	138.42	0
300_USD	2018-12-14	141.13	145.62	147.15	138.77	0
300_USD	2018-12-13	145.62	155.07	155.35	144.66	0
300_USD	2018-12-12	155.07	149.51	158.06	149.23	0
300_USD	2018-12-11	164.66	117.71	165.72	113.41	0
300_USD	2018-12-10	117.71	125.45	127.31	116.08	0
300_USD	2018-12-09	125.45	120.67	129.98	119.39	0
300_USD	2018-12-08	120.67	119.06	125.86	114.16	0
300_USD	2018-12-07	119.06	121.89	123.92	113.02	0
300_USD	2018-12-06	121.89	129.71	134.84	121.05	0
300_USD	2018-12-05	129.71	137.15	137.67	129.18	0
300_USD	2018-12-04	137.15	137.13	145.23	133.85	0
300_USD	2018-12-03	137.13	146.18	146.83	134.93	0
300_USD	2018-12-02	146.18	152.53	154.26	145.05	0
300_USD	2018-12-01	152.53	145.22	155.99	143.09	0
300_USD	2018-11-30	145.22	155.11	156.74	142.63	0
300_USD	2018-11-29	155.11	154.97	160.77	150.51	0
300_USD	2018-11-28	154.97	139.84	159.46	139.84	0
300_USD	2018-11-27	139.84	153.61	156.95	139.60	0
300_USD	2018-11-26	153.61	163.55	167.16	148.03	0
300_USD	2018-11-25	163.55	156.67	167.35	145.95	0
300_USD	2018-11-24	156.67	176.35	180.03	152.84	0
300_USD	2018-11-23	176.35	175.20	178.73	169.57	0
300_USD	2018-11-22	175.20	186.40	188.22	175.20	0
300_USD	2018-11-21	186.40	183.16	190.46	176.82	0
300_USD	2018-11-20	183.16	197.18	201.49	172.37	0
300_USD	2018-11-19	197.18	226.08	226.08	195.31	0
300_USD	2018-11-18	226.08	225.05	228.63	225.05	0
300_USD	2018-11-17	225.05	226.39	226.41	223.00	0
300_USD	2018-11-16	226.39	230.53	230.74	222.17	0
300_USD	2018-11-15	230.53	238.76	240.66	218.04	0
300_USD	2018-11-14	238.76	294.14	294.14	228.86	0
300_USD	2018-11-13	294.14	279.94	295.61	278.10	0
300_USD	2018-11-12	279.94	233.43	425.95	215.23	0
300_USD	2018-11-11	233.43	227.83	233.43	225.45	0
300_USD	2018-11-10	227.83	228.64	229.97	227.83	0
300_USD	2018-11-09	228.64	235.75	235.75	228.64	0
300_USD	2018-11-08	235.75	248.06	248.52	235.75	0
300_USD	2018-11-07	248.06	247.31	250.80	246.48	0
300_USD	2018-11-06	247.31	265.49	267.29	246.28	0
300_USD	2018-11-05	265.49	265.48	266.15	263.91	0
300_USD	2018-11-04	265.48	259.55	267.14	258.42	0
300_USD	2018-11-03	259.55	246.42	259.61	243.92	0
300_USD	2018-11-02	246.42	257.20	259.41	246.15	0
300_USD	2018-11-01	257.20	220.48	258.29	219.18	0
300_USD	2018-10-31	220.48	219.13	221.50	216.40	0
300_USD	2018-10-30	219.13	218.75	220.01	218.55	0
300_USD	2018-10-29	218.75	223.90	224.32	217.95	0
300_USD	2018-10-28	223.90	224.13	224.48	222.73	0
300_USD	2018-10-27	224.13	225.21	225.98	197.38	0
300_USD	2018-10-26	225.21	196.02	227.12	195.93	0
300_USD	2018-10-25	196.02	209.56	209.97	196.02	0
300_USD	2018-10-24	209.56	208.77	211.09	208.74	0
300_USD	2018-10-23	208.77	255.36	255.90	207.56	0
300_USD	2018-10-22	255.36	209.61	256.15	209.06	0
300_USD	2018-10-21	209.61	215.52	216.76	195.41	0
300_USD	2018-10-20	215.52	215.70	228.41	215.05	0
300_USD	2018-10-19	215.70	157.73	231.30	154.95	0
300_USD	2018-10-18	157.73	207.53	210.13	157.65	0
300_USD	2018-10-17	207.53	203.71	224.27	203.09	0
300_USD	2018-10-16	203.71	226.70	231.74	201.36	0
300_USD	2018-10-15	226.70	222.70	264.05	221.53	0
300_USD	2018-10-14	222.70	222.46	225.01	212.10	0
300_USD	2018-10-13	222.46	222.72	223.59	217.89	0
300_USD	2018-10-12	222.72	206.84	237.25	205.77	0
300_USD	2018-10-11	206.84	256.91	256.91	206.00	0
300_USD	2018-10-10	256.91	245.88	258.03	239.82	0
300_USD	2018-10-09	245.88	252.29	252.55	242.42	0
300_USD	2018-10-08	252.29	247.68	253.75	247.12	0
300_USD	2018-10-07	247.68	249.21	249.71	246.82	0
300_USD	2018-10-06	249.21	252.43	252.56	248.15	0
300_USD	2018-10-05	252.43	248.32	253.20	247.12	0
300_USD	2018-10-04	248.32	244.56	249.44	244.42	0
300_USD	2018-10-03	244.56	247.02	249.16	242.29	0
300_USD	2018-10-02	247.02	246.64	248.27	245.15	0
300_USD	2018-10-01	246.64	221.89	246.69	219.76	0
300_USD	2018-09-30	221.89	222.13	223.05	218.97	0
300_USD	2018-09-29	222.13	205.87	222.84	203.14	0
300_USD	2018-09-28	205.87	230.62	231.33	205.87	0
300_USD	2018-09-27	230.62	202.17	231.94	201.70	0
300_USD	2018-09-26	202.17	207.57	216.88	201.46	0
300_USD	2018-09-25	207.57	210.49	210.49	204.19	0
300_USD	2018-09-24	210.49	229.86	229.86	209.39	0
300_USD	2018-09-23	229.86	230.65	233.76	228.03	0
300_USD	2018-09-22	230.65	229.52	231.94	225.78	0
300_USD	2018-09-21	229.52	207.07	229.89	203.59	0
300_USD	2018-09-20	207.07	211.19	211.76	202.03	0
300_USD	2018-09-19	211.19	207.68	216.31	193.71	0
300_USD	2018-09-18	207.68	205.73	210.11	200.98	0
300_USD	2018-09-17	205.73	250.14	251.42	203.09	0
300_USD	2018-09-16	250.14	270.66	270.66	233.69	0
300_USD	2018-09-15	270.66	269.17	272.55	268.60	0
300_USD	2018-09-14	269.17	274.04	308.65	264.31	0
300_USD	2018-09-13	274.04	271.15	279.27	271.04	0
300_USD	2018-09-12	271.15	269.16	277.17	265.44	0
300_USD	2018-09-11	269.16	283.86	287.33	268.70	0
300_USD	2018-09-10	283.86	329.95	350.46	278.17	0
300_USD	2018-09-09	329.95	331.57	339.34	324.37	0
300_USD	2018-09-08	331.57	339.17	346.92	329.16	0
300_USD	2018-09-07	339.17	313.08	370.28	304.01	0
300_USD	2018-09-06	313.08	327.45	328.25	306.80	0
300_USD	2018-09-05	327.45	330.04	337.76	309.55	0
300_USD	2018-09-04	330.04	326.04	332.34	324.98	0
300_USD	2018-09-03	326.04	317.21	329.02	310.85	0
300_USD	2018-09-02	317.21	312.97	319.67	310.35	0
300_USD	2018-09-01	312.97	303.63	315.71	303.36	0
300_USD	2018-08-31	303.63	345.65	346.80	288.79	0
300_USD	2018-08-30	345.65	348.24	348.91	336.38	0
300_USD	2018-08-29	348.24	349.82	352.24	342.39	0
300_USD	2018-08-28	349.82	274.42	352.22	271.90	0
300_USD	2018-08-27	274.42	264.43	274.73	263.00	0
300_USD	2018-08-26	264.43	259.97	264.81	250.29	0
300_USD	2018-08-25	259.97	289.15	293.22	258.58	0
300_USD	2018-08-24	289.15	282.24	290.64	279.50	0
300_USD	2018-08-23	282.24	304.73	307.91	261.88	0
300_USD	2018-08-22	304.73	316.50	335.26	300.45	0
300_USD	2018-08-21	316.50	300.57	318.00	300.33	0
300_USD	2018-08-20	300.57	281.09	315.52	280.86	0
300_USD	2018-08-19	281.09	297.63	297.64	274.36	0
300_USD	2018-08-18	297.63	314.25	315.54	297.29	0
300_USD	2018-08-17	314.25	278.95	314.25	278.13	0
300_USD	2018-08-16	278.95	328.24	330.69	260.03	0
300_USD	2018-08-15	328.24	353.08	354.92	326.88	0
300_USD	2018-08-14	353.08	388.01	388.01	352.94	0
300_USD	2018-08-13	388.01	392.90	406.74	383.32	0
300_USD	2018-08-12	392.90	389.25	401.36	386.18	0
300_USD	2018-08-11	389.25	384.26	403.89	375.89	0
300_USD	2018-08-10	384.26	412.09	414.91	376.39	0
300_USD	2018-08-09	412.09	400.26	418.36	391.07	0
300_USD	2018-08-08	400.26	425.23	425.23	384.69	0
300_USD	2018-08-07	425.23	455.27	462.08	423.58	0
300_USD	2018-08-06	455.27	469.26	476.80	450.27	0
300_USD	2018-08-05	469.26	467.71	473.30	460.02	0
300_USD	2018-08-04	467.71	495.11	499.93	462.64	0
300_USD	2018-08-03	495.11	504.13	504.13	487.29	0
300_USD	2018-08-02	504.13	509.11	515.15	499.19	0
300_USD	2018-08-01	509.11	522.03	522.70	498.08	0
300_USD	2018-07-31	522.03	556.21	556.55	516.98	0
300_USD	2018-07-30	556.21	580.55	583.43	538.78	0
300_USD	2018-07-29	580.55	578.97	587.81	531.74	0
300_USD	2018-07-28	578.97	596.36	596.36	578.97	0
300_USD	2018-07-27	596.36	609.21	610.60	596.09	0
300_USD	2018-07-26	609.21	549.65	609.21	546.92	0
300_USD	2018-07-25	549.65	592.82	597.94	546.19	0
300_USD	2018-07-24	592.82	543.53	597.02	542.06	0
300_USD	2018-07-23	543.53	521.55	548.80	519.61	0
300_USD	2018-07-22	521.55	538.46	544.80	518.21	0
300_USD	2018-07-21	538.46	538.75	541.86	530.57	0
300_USD	2018-07-20	538.75	544.88	564.21	524.59	0
300_USD	2018-07-19	544.88	545.63	555.55	539.65	0
300_USD	2018-07-18	545.63	541.11	568.16	537.03	0
300_USD	2018-07-17	541.11	515.12	551.68	481.81	0
300_USD	2018-07-16	515.12	459.95	516.01	459.95	0
300_USD	2018-07-15	459.95	455.25	477.01	451.52	0
300_USD	2018-07-14	455.25	457.93	482.18	454.76	0
300_USD	2018-07-13	457.93	451.38	478.05	450.63	0
300_USD	2018-07-12	451.38	471.85	474.04	440.51	0
300_USD	2018-07-11	471.85	456.34	487.85	455.55	0
300_USD	2018-07-10	456.34	482.35	483.80	454.83	0
300_USD	2018-07-09	482.35	485.82	492.18	480.63	0
300_USD	2018-07-08	485.82	491.95	494.06	483.92	0
300_USD	2018-07-07	491.95	483.13	496.88	476.60	0
300_USD	2018-07-06	483.13	480.31	485.23	473.69	0
300_USD	2018-07-05	480.31	483.96	491.85	474.45	0
300_USD	2018-07-04	483.96	477.35	493.06	471.32	0
300_USD	2018-07-03	477.35	485.98	489.81	6.39	0
300_USD	2018-07-02	485.98	473.62	498.39	0.01	0
300_USD	2018-07-01	473.66	483.66	486.71	463.21	0
300_USD	2018-06-30	483.67	465.25	488.74	465.25	0
300_USD	2018-06-29	465.63	441.33	470.50	436.33	0
300_USD	2018-06-28	442.04	462.78	465.12	439.87	0
300_USD	2018-06-27	462.74	457.69	466.22	451.85	0
300_USD	2018-06-26	459.14	471.61	473.33	456.68	0
300_USD	2018-06-25	471.30	463.71	476.47	458.88	0
300_USD	2018-06-24	463.86	464.76	470.70	435.63	0
300_USD	2018-06-23	464.16	455.90	471.47	453.88	0
300_USD	2018-06-22	455.91	506.56	507.82	447.91	0
300_USD	2018-06-21	506.53	510.04	512.00	504.83	0
300_USD	2018-06-20	510.06	508.63	513.91	495.65	0
300_USD	2018-06-19	509.21	507.05	515.83	503.90	0
300_USD	2018-06-18	506.88	491.82	512.69	486.92	0
300_USD	2018-06-17	491.42	506.23	509.85	490.59	0
300_USD	2018-06-16	506.13	507.65	517.29	499.03	0
300_USD	2018-06-15	507.42	535.01	535.01	500.47	0
300_USD	2018-06-14	533.98	506.57	539.52	504.76	0
300_USD	2018-06-13	506.27	533.67	539.24	496.84	0
300_USD	2018-06-12	533.54	561.99	561.99	526.08	0
300_USD	2018-06-11	562.26	414.86	589.21	410.66	0
300_USD	2018-06-10	414.38	460.34	460.34	407.72	0
300_USD	2018-06-09	460.21	475.98	479.60	458.67	0
300_USD	2018-06-08	475.97	483.67	484.34	474.66	0
300_USD	2018-06-07	483.87	486.51	490.17	472.70	0
300_USD	2018-06-06	486.49	556.83	558.71	486.49	0
300_USD	2018-06-05	556.35	467.96	556.35	460.92	0
300_USD	2018-06-04	468.30	501.38	507.42	465.13	0
300_USD	2018-06-03	500.93	525.42	527.72	497.16	0
300_USD	2018-06-02	525.82	558.11	570.13	522.56	0
300_USD	2018-06-01	557.67	529.64	560.70	527.69	0
300_USD	2018-05-31	529.69	505.24	550.56	503.21	0
300_USD	2018-05-30	505.46	504.74	516.68	498.97	0
300_USD	2018-05-29	504.15	491.24	527.23	451.31	0
300_USD	2018-05-28	490.94	458.92	504.14	436.87	0
300_USD	2018-05-27	458.73	458.07	461.72	451.39	0
300_USD	2018-05-26	457.97	469.93	476.84	455.53	0
300_USD	2018-05-25	470.01	482.32	485.17	463.52	0
300_USD	2018-05-24	482.12	483.72	496.67	467.09	0
300_USD	2018-05-23	484.09	541.22	544.10	481.32	0
300_USD	2018-05-22	541.41	591.82	592.34	539.62	0
300_USD	2018-05-21	591.82	604.44	606.29	588.39	0
300_USD	2018-05-20	604.44	583.24	608.08	578.40	0
300_USD	2018-05-19	583.24	581.47	592.84	573.69	0
300_USD	2018-05-18	581.47	561.09	588.13	554.85	0
300_USD	2018-05-17	561.82	616.66	620.03	559.80	0
300_USD	2018-05-16	616.13	665.48	667.22	607.98	0
300_USD	2018-05-15	665.49	679.91	692.05	662.16	0
300_USD	2018-05-14	679.97	701.20	710.76	630.08	0
300_USD	2018-05-13	701.20	683.00	706.80	643.87	0
300_USD	2018-05-12	681.45	699.93	706.52	639.78	0
300_USD	2018-05-11	699.93	752.18	752.18	696.01	0
300_USD	2018-05-10	752.18	773.45	787.84	750.88	0
300_USD	2018-05-09	773.45	757.75	777.78	740.88	0
300_USD	2018-05-08	758.24	772.15	774.83	0.08	0
300_USD	2018-05-07	763.91	773.19	779.43	741.18	0
300_USD	2018-05-06	773.19	813.84	822.03	756.81	0
300_USD	2018-05-05	812.88	800.93	823.86	799.15	0
300_USD	2018-05-04	800.93	800.32	818.28	783.63	0
300_USD	2018-05-03	800.32	759.89	806.14	755.80	0
300_USD	2018-05-02	759.89	742.99	762.71	738.71	0
300_USD	2018-05-01	743.67	756.90	781.15	724.11	0
300_USD	2018-04-30	756.90	779.77	798.52	752.18	0
300_USD	2018-04-29	779.77	833.42	853.10	708.87	0
300_USD	2018-04-28	833.42	818.73	883.51	813.50	0
300_USD	2018-04-27	818.73	869.07	877.04	816.40	0
300_USD	2018-04-26	869.15	829.86	870.20	810.15	0
300_USD	2018-04-25	829.86	995.47	1,006.25	807.48	0
300_USD	2018-04-24	997.78	750.47	1,143.40	749.67	0
300_USD	2018-04-23	750.47	752.16	755.82	732.12	0
300_USD	2018-04-22	752.16	757.58	769.25	747.27	0
300_USD	2018-04-21	757.58	732.09	758.93	726.86	0
300_USD	2018-04-20	732.09	819.20	897.44	663.66	0
300_USD	2018-04-19	819.20	619.59	820.70	615.27	0
300_USD	2018-04-18	619.59	577.95	775.86	576.86	0
300_USD	2018-04-17	577.95	610.28	620.59	576.09	0
300_USD	2018-04-16	610.28	610.06	653.24	598.56	0
300_USD	2018-04-15	610.06	622.18	654.56	607.07	0
300_USD	2018-04-14	622.18	618.50	635.87	611.03	0
300_USD	2018-04-13	618.50	601.28	635.88	542.84	0
300_USD	2018-04-12	601.32	527.59	612.81	513.86	0
300_USD	2018-04-11	527.59	510.26	535.32	502.85	0
300_USD	2018-04-10	510.26	503.73	513.65	495.75	0
300_USD	2018-04-09	503.56	629.91	648.68	498.34	0
300_USD	2018-04-08	629.91	618.50	641.39	618.16	0
300_USD	2018-04-07	618.50	591.14	634.84	589.85	0
300_USD	2018-04-06	591.14	604.02	611.37	581.36	0
300_USD	2018-04-05	604.02	605.10	644.76	575.09	0
300_USD	2018-04-04	605.10	654.86	695.20	597.03	0
300_USD	2018-04-03	654.86	525.22	724.93	522.78	0
300_USD	2018-04-02	525.22	593.24	622.61	431.97	0
300_USD	2018-04-01	593.24	613.92	622.32	538.33	0
300_USD	2018-03-31	613.92	472.06	620.16	448.82	0
300_USD	2018-03-30	472.06	482.62	531.25	419.96	0
300_USD	2018-03-29	482.62	549.99	551.44	469.12	0
300_USD	2018-03-28	549.99	554.88	606.07	542.96	0
300_USD	2018-03-27	554.88	595.75	600.78	464.24	0
300_USD	2018-03-26	595.75	561.16	618.87	554.46	0
300_USD	2018-03-25	561.16	530.78	575.27	522.50	0
300_USD	2018-03-24	530.78	555.51	562.21	525.52	0
300_USD	2018-03-23	555.51	539.64	555.56	516.21	0
300_USD	2018-03-22	539.64	582.50	594.67	514.29	0
300_USD	2018-03-21	582.50	614.71	633.36	569.86	0
300_USD	2018-03-20	614.71	595.54	623.59	555.93	0
300_USD	2018-03-19	595.54	569.48	602.38	563.42	0
300_USD	2018-03-18	569.48	547.56	573.48	462.45	0
300_USD	2018-03-17	547.56	576.29	605.31	521.41	0
300_USD	2018-03-16	576.29	735.94	812.37	509.62	0
300_USD	2018-03-15	735.94	641.97	754.03	582.99	0
300_USD	2018-03-14	641.97	716.66	766.93	621.48	0
300_USD	2018-03-13	716.66	600.02	787.63	595.24	0
300_USD	2018-03-12	600.02	565.86	603.87	499.00	0
300_USD	2018-03-11	565.86	466.06	652.97	435.14	0
300_USD	2018-03-10	466.06	501.83	516.99	463.71	0
300_USD	2018-03-09	501.83	516.04	522.75	463.42	0
300_USD	2018-03-08	516.04	535.59	561.28	498.46	0
300_USD	2018-03-07	535.59	584.39	593.95	514.22	0
300_USD	2018-03-06	584.39	626.96	626.96	576.72	0
300_USD	2018-03-05	626.96	610.78	682.52	576.80	0
300_USD	2018-03-04	610.78	624.48	625.65	561.24	0
300_USD	2018-03-03	624.48	637.03	679.01	615.40	0
300_USD	2018-03-02	637.03	743.00	825.22	596.36	0
