ABT_USD	2019-04-09	0.11796	0.11926	0.11926	0.11612	0
ABT_USD	2019-04-08	0.11945	0.11761	0.12036	0.11561	0
ABT_USD	2019-04-07	0.11776	0.11430	0.11899	0.11395	0
ABT_USD	2019-04-06	0.11405	0.11411	0.11846	0.11154	0
ABT_USD	2019-04-05	0.11414	0.11105	0.11490	0.11075	0
ABT_USD	2019-04-04	0.11079	0.11176	0.11448	0.10852	0
ABT_USD	2019-04-03	0.11177	0.11054	0.11957	0.10889	0
ABT_USD	2019-04-02	0.11071	0.09422	0.11397	0.09406	0
ABT_USD	2019-04-01	0.09426	0.09356	0.09475	0.09267	0
ABT_USD	2019-03-31	0.09356	0.09351	0.09387	0.09324	0
ABT_USD	2019-03-30	0.09350	0.09382	0.09451	0.09263	0
ABT_USD	2019-03-29	0.09382	0.09188	0.09400	0.09172	0
ABT_USD	2019-03-28	0.09188	0.09210	0.09213	0.09132	0
ABT_USD	2019-03-27	0.09210	0.08964	0.09226	0.08934	0
ABT_USD	2019-03-26	0.08961	0.08917	0.08968	0.08870	0
ABT_USD	2019-03-25	0.08913	0.09073	0.09092	0.08845	0
ABT_USD	2019-03-24	0.09073	0.09122	0.09122	0.09010	0
ABT_USD	2019-03-23	0.09122	0.09081	0.09151	0.09061	0
ABT_USD	2019-03-22	0.09090	0.09081	0.09135	0.09058	0
ABT_USD	2019-03-21	0.09081	0.09265	0.09308	0.08993	0
ABT_USD	2019-03-20	0.09265	0.09214	0.09286	0.09144	0
ABT_USD	2019-03-19	0.09222	0.09145	0.09245	0.09107	0
ABT_USD	2019-03-18	0.09145	0.09135	0.09246	0.09065	0
ABT_USD	2019-03-17	0.09135	0.09178	0.09178	0.09073	0
ABT_USD	2019-03-16	0.09181	0.08987	0.09323	0.08987	0
ABT_USD	2019-03-15	0.08987	0.08865	0.09005	0.08865	0
ABT_USD	2019-03-14	0.08867	0.08859	0.08980	0.08728	0
ABT_USD	2019-03-13	0.08863	0.08879	0.08914	0.08812	0
ABT_USD	2019-03-12	0.08877	0.08866	0.08934	0.08747	0
ABT_USD	2019-03-11	0.08872	0.08976	0.09001	0.08803	0
ABT_USD	2019-03-10	0.08979	0.09019	0.09019	0.08901	0
ABT_USD	2019-03-09	0.09014	0.08847	0.09081	0.08832	0
ABT_USD	2019-03-08	0.08847	0.08900	0.09024	0.08702	0
ABT_USD	2019-03-07	0.08901	0.08871	0.08966	0.08835	0
ABT_USD	2019-03-06	0.08871	0.08871	0.08929	0.08780	0
ABT_USD	2019-03-05	0.08868	0.08531	0.08905	0.08500	0
ABT_USD	2019-03-04	0.08531	0.08721	0.08772	0.08458	0
ABT_USD	2019-03-03	0.08721	0.08785	0.08808	0.08666	0
ABT_USD	2019-03-02	0.08785	0.08789	0.08809	0.08657	0
ABT_USD	2019-03-01	0.08794	0.08740	0.08863	0.08740	0
ABT_USD	2019-02-28	0.08745	0.08760	0.08951	0.08721	0
ABT_USD	2019-02-27	0.08757	0.08747	0.08832	0.08470	0
ABT_USD	2019-02-26	0.08752	0.08800	0.08832	0.08697	0
ABT_USD	2019-02-25	0.08809	0.08602	0.08900	0.08599	0
ABT_USD	2019-02-24	0.08605	0.09457	0.09614	0.08560	0
ABT_USD	2019-02-23	0.09457	0.09111	0.09552	0.09014	0
ABT_USD	2019-02-22	0.09126	0.09002	0.09146	0.08961	0
ABT_USD	2019-02-21	0.09002	0.09102	0.09253	0.08926	0
ABT_USD	2019-02-20	0.09116	0.08951	0.09130	0.08908	0
ABT_USD	2019-02-19	0.08961	0.08930	0.09163	0.08853	0
ABT_USD	2019-02-18	0.08933	0.08385	0.09000	0.08361	0
ABT_USD	2019-02-17	0.08387	0.08254	0.08494	0.08237	0
ABT_USD	2019-02-16	0.08254	0.08239	0.08358	0.08226	0
ABT_USD	2019-02-15	0.08226	0.08204	0.08343	0.08183	0
ABT_USD	2019-02-14	0.08211	0.08230	0.08264	0.08178	0
ABT_USD	2019-02-13	0.08237	0.08296	0.08386	0.08195	0
ABT_USD	2019-02-12	0.08293	0.08265	0.08360	0.08184	0
ABT_USD	2019-02-11	0.08264	0.08413	0.08418	0.08254	0
ABT_USD	2019-02-10	0.08412	0.08348	0.08414	0.08234	0
ABT_USD	2019-02-09	0.08348	0.08360	0.08393	0.08293	0
ABT_USD	2019-02-08	0.08360	0.07719	0.08517	0.07696	0
ABT_USD	2019-02-07	0.07714	0.07750	0.07773	0.07703	0
ABT_USD	2019-02-06	0.07750	0.07887	0.07905	0.07685	0
ABT_USD	2019-02-05	0.07885	0.07836	0.07894	0.07804	0
ABT_USD	2019-02-04	0.07836	0.07861	0.07901	0.07802	0
ABT_USD	2019-02-03	0.07861	0.08002	0.08007	0.07793	0
ABT_USD	2019-02-02	0.07990	0.07936	0.08019	0.07859	0
ABT_USD	2019-02-01	0.07942	0.07869	0.07980	0.07782	0
ABT_USD	2019-01-31	0.07864	0.07924	0.08009	0.07818	0
ABT_USD	2019-01-30	0.07924	0.07808	0.07961	0.07750	0
ABT_USD	2019-01-29	0.07808	0.07860	0.07885	0.07685	0
ABT_USD	2019-01-28	0.07860	0.08070	0.08077	0.07760	0
ABT_USD	2019-01-27	0.08076	0.08151	0.08177	0.07955	0
ABT_USD	2019-01-26	0.08156	0.08147	0.08378	0.08138	0
ABT_USD	2019-01-25	0.08147	0.08201	0.08224	0.08072	0
ABT_USD	2019-01-24	0.08199	0.08129	0.08235	0.08059	0
ABT_USD	2019-01-23	0.08127	0.08170	0.08243	0.08064	0
ABT_USD	2019-01-22	0.08170	0.08036	0.08253	0.07862	0
ABT_USD	2019-01-21	0.08039	0.08056	0.08095	0.07977	0
ABT_USD	2019-01-20	0.08051	0.08448	0.08522	0.07965	0
ABT_USD	2019-01-19	0.08451	0.08252	0.08641	0.08248	0
ABT_USD	2019-01-18	0.08252	0.08353	0.08360	0.08203	0
ABT_USD	2019-01-17	0.08352	0.08259	0.08357	0.08127	0
ABT_USD	2019-01-16	0.08242	0.08201	0.08382	0.08178	0
ABT_USD	2019-01-15	0.08208	0.08417	0.08473	0.08157	0
ABT_USD	2019-01-14	0.08417	0.08063	0.08525	0.08037	0
ABT_USD	2019-01-13	0.08064	0.08312	0.08349	0.08019	0
ABT_USD	2019-01-12	0.08312	0.08342	0.08383	0.08240	0
ABT_USD	2019-01-11	0.08340	0.08335	0.08460	0.08232	0
ABT_USD	2019-01-10	0.08335	0.09167	0.09285	0.08278	0
ABT_USD	2019-01-09	0.09167	0.09205	0.09341	0.09061	0
ABT_USD	2019-01-08	0.09203	0.09236	0.09447	0.09112	0
ABT_USD	2019-01-07	0.09236	0.09363	0.09422	0.09157	0
ABT_USD	2019-01-06	0.09365	0.08781	0.17563	0.08729	0
ABT_USD	2019-01-05	0.08782	0.08879	0.09012	0.08766	0
ABT_USD	2019-01-04	0.08884	0.08808	0.08948	0.08665	0
ABT_USD	2019-01-03	0.08802	0.09090	0.09104	0.08763	0
ABT_USD	2019-01-02	0.09092	0.08908	0.09142	0.08800	0
ABT_USD	2019-01-01	0.08886	0.08605	0.08937	0.08507	0
ABT_USD	2018-12-31	0.08599	0.08930	0.08942	0.08490	0
ABT_USD	2018-12-30	0.08919	0.08726	0.08956	0.08633	0
ABT_USD	2018-12-29	0.08717	0.09063	0.09177	0.08684	0
ABT_USD	2018-12-28	0.09063	0.08337	0.09170	0.08299	0
ABT_USD	2018-12-27	0.08338	0.08823	0.08895	0.08280	0
ABT_USD	2018-12-26	0.08823	0.08777	0.08957	0.08558	0
ABT_USD	2018-12-25	0.08768	0.09296	0.09321	0.08577	0
ABT_USD	2018-12-24	0.09306	0.09140	0.09842	0.09140	0
ABT_USD	2018-12-23	0.09139	0.09283	0.09451	0.09065	0
ABT_USD	2018-12-22	0.09262	0.08927	0.09309	0.08800	0
ABT_USD	2018-12-21	0.08917	0.09061	0.09226	0.08467	0
ABT_USD	2018-12-20	0.09068	0.08182	0.09240	0.08133	0
ABT_USD	2018-12-19	0.08194	0.07183	0.08510	0.07010	0
ABT_USD	2018-12-18	0.07175	0.07403	0.07509	0.06661	0
ABT_USD	2018-12-17	0.07401	0.06005	0.07542	0.05930	0
ABT_USD	2018-12-16	0.06004	0.06587	0.07483	0.06004	0
ABT_USD	2018-12-15	0.06586	0.06728	0.06976	0.06396	0
ABT_USD	2018-12-14	0.06727	0.07284	0.07354	0.05618	0
ABT_USD	2018-12-13	0.07277	0.07676	0.07693	0.07233	0
ABT_USD	2018-12-12	0.07679	0.07441	0.07827	0.07416	0
ABT_USD	2018-12-11	0.07467	0.07651	0.07706	0.07374	0
ABT_USD	2018-12-10	0.07652	0.07907	0.08032	0.07546	0
ABT_USD	2018-12-09	0.07915	0.07611	0.08200	0.07531	0
ABT_USD	2018-12-08	0.07612	0.07506	0.07939	0.07201	0
ABT_USD	2018-12-07	0.07504	0.07660	0.07810	0.07123	0
ABT_USD	2018-12-06	0.07680	0.08180	0.08495	0.07628	0
ABT_USD	2018-12-05	0.08172	0.08635	0.08656	0.08138	0
ABT_USD	2018-12-04	0.08623	0.08395	0.08918	0.08174	0
ABT_USD	2018-12-03	0.08403	0.08924	0.08965	0.08266	0
ABT_USD	2018-12-02	0.08895	0.09082	0.09377	0.08812	0
ABT_USD	2018-12-01	0.09082	0.08630	0.09341	0.08484	0
ABT_USD	2018-11-30	0.08630	0.09470	0.09545	0.08492	0
ABT_USD	2018-11-29	0.09445	0.09437	0.09788	0.09166	0
ABT_USD	2018-11-28	0.09435	0.08080	0.09717	0.08080	0
ABT_USD	2018-11-27	0.08080	0.08026	0.08201	0.07724	0
ABT_USD	2018-11-26	0.08026	0.08510	0.08731	0.07735	0
ABT_USD	2018-11-25	0.08542	0.08180	0.08740	0.07621	0
ABT_USD	2018-11-24	0.08180	0.09204	0.09401	0.07980	0
ABT_USD	2018-11-23	0.09204	0.09081	0.09321	0.08838	0
ABT_USD	2018-11-22	0.09131	0.09770	0.09877	0.09131	0
ABT_USD	2018-11-21	0.09781	0.09649	0.09993	0.09292	0
ABT_USD	2018-11-20	0.09625	0.10478	0.10777	0.09057	0
ABT_USD	2018-11-19	0.10473	0.11956	0.11965	0.10397	0
ABT_USD	2018-11-18	0.11956	0.12426	0.12631	0.11873	0
ABT_USD	2018-11-17	0.12421	0.12201	0.12780	0.12087	0
ABT_USD	2018-11-16	0.12195	0.13942	0.13942	0.11207	0
ABT_USD	2018-11-15	0.13945	0.14945	0.14994	0.13198	0
ABT_USD	2018-11-14	0.14844	0.17184	0.17442	0.14353	0
ABT_USD	2018-11-13	0.17199	0.17142	0.17292	0.17027	0
ABT_USD	2018-11-12	0.17142	0.17143	0.17220	0.17068	0
ABT_USD	2018-11-11	0.17167	0.17000	0.17170	0.16915	0
ABT_USD	2018-11-10	0.17000	0.16994	0.17082	0.16976	0
ABT_USD	2018-11-09	0.16994	0.17151	0.17216	0.16943	0
ABT_USD	2018-11-08	0.17151	0.17408	0.17444	0.17151	0
ABT_USD	2018-11-07	0.17408	0.17331	0.18411	0.17296	0
ABT_USD	2018-11-06	0.17331	0.19375	0.19468	0.17237	0
ABT_USD	2018-11-05	0.19375	0.19196	0.19420	0.19073	0
ABT_USD	2018-11-04	0.19196	0.18908	0.19271	0.18826	0
ABT_USD	2018-11-03	0.18908	0.19024	0.19039	0.18743	0
ABT_USD	2018-11-02	0.19024	0.18943	0.19106	0.18919	0
ABT_USD	2018-11-01	0.18943	0.18850	0.19013	0.18807	0
ABT_USD	2018-10-31	0.18850	0.18737	0.18938	0.18502	0
ABT_USD	2018-10-30	0.18737	0.18778	0.18885	0.18687	0
ABT_USD	2018-10-29	0.18778	0.19211	0.19247	0.18710	0
ABT_USD	2018-10-28	0.19211	0.19240	0.19270	0.19110	0
ABT_USD	2018-10-27	0.19240	0.19333	0.19399	0.19186	0
ABT_USD	2018-10-26	0.19333	0.19323	0.19501	0.19282	0
ABT_USD	2018-10-25	0.19323	0.19367	0.19427	0.19231	0
ABT_USD	2018-10-24	0.19367	0.19644	0.19858	0.19335	0
ABT_USD	2018-10-23	0.19644	0.19702	0.19746	0.19591	0
ABT_USD	2018-10-22	0.19702	0.19905	0.20016	0.19615	0
ABT_USD	2018-10-21	0.19896	0.19497	0.20011	0.19488	0
ABT_USD	2018-10-20	0.19493	0.18842	0.19561	0.18346	0
ABT_USD	2018-10-19	0.18834	0.18441	0.19982	0.18282	0
ABT_USD	2018-10-18	0.18441	0.20339	0.20466	0.18420	0
ABT_USD	2018-10-17	0.20336	0.20431	0.20546	0.20177	0
ABT_USD	2018-10-16	0.20443	0.20583	0.21041	0.20207	0
ABT_USD	2018-10-15	0.20583	0.22046	0.25635	0.20306	0
ABT_USD	2018-10-14	0.22040	0.22048	0.22316	0.22005	0
ABT_USD	2018-10-13	0.22048	0.19984	0.22054	0.19969	0
ABT_USD	2018-10-12	0.19997	0.19303	0.20150	0.19214	0
ABT_USD	2018-10-11	0.19313	0.23796	0.23796	0.19235	0
ABT_USD	2018-10-10	0.23796	0.23067	0.23796	0.22446	0
ABT_USD	2018-10-09	0.23067	0.23200	0.23223	0.22882	0
ABT_USD	2018-10-08	0.23200	0.22952	0.23376	0.22919	0
ABT_USD	2018-10-07	0.22952	0.22917	0.23066	0.22720	0
ABT_USD	2018-10-06	0.22917	0.23100	0.23112	0.22819	0
ABT_USD	2018-10-05	0.23100	0.22974	0.23170	0.22840	0
ABT_USD	2018-10-04	0.22974	0.22719	0.23159	0.22692	0
ABT_USD	2018-10-03	0.22706	0.22809	0.22878	0.22467	0
ABT_USD	2018-10-02	0.22841	0.23087	0.23192	0.22757	0
ABT_USD	2018-10-01	0.23080	0.23143	0.23285	0.22801	0
ABT_USD	2018-09-30	0.23143	0.23110	0.23278	0.22838	0
ABT_USD	2018-09-29	0.23110	0.24115	0.26734	0.23033	0
ABT_USD	2018-09-28	0.24115	0.24433	0.24874	0.23796	0
ABT_USD	2018-09-27	0.24378	0.23817	0.24524	0.23667	0
ABT_USD	2018-09-26	0.23817	0.23786	0.24181	0.23573	0
ABT_USD	2018-09-25	0.23754	0.24493	0.24493	0.23446	0
ABT_USD	2018-09-24	0.24493	0.24931	0.24995	0.24382	0
ABT_USD	2018-09-23	0.24935	0.24314	0.25240	0.24195	0
ABT_USD	2018-09-22	0.24318	0.24454	0.24735	0.24027	0
ABT_USD	2018-09-21	0.24489	0.23467	0.24516	0.23467	0
ABT_USD	2018-09-20	0.23467	0.23336	0.24546	0.22950	0
ABT_USD	2018-09-19	0.23330	0.23151	0.23610	0.22316	0
ABT_USD	2018-09-18	0.23151	0.23580	0.23714	0.22950	0
ABT_USD	2018-09-17	0.23580	0.24369	0.24618	0.23423	0
ABT_USD	2018-09-16	0.24369	0.24366	0.24563	0.23862	0
ABT_USD	2018-09-15	0.24385	0.24722	0.24809	0.23857	0
ABT_USD	2018-09-14	0.24749	0.25287	0.25376	0.17805	0
ABT_USD	2018-09-13	0.25287	0.24558	0.25474	0.24547	0
ABT_USD	2018-09-12	0.24555	0.24297	0.24606	0.24037	0
ABT_USD	2018-09-11	0.24289	0.24182	0.24477	0.17407	0
ABT_USD	2018-09-10	0.24182	0.24142	0.24488	0.23927	0
ABT_USD	2018-09-09	0.24122	0.23797	0.25015	0.22504	0
ABT_USD	2018-09-08	0.23794	0.22174	0.23816	0.22174	0
ABT_USD	2018-09-07	0.22174	0.21079	0.22885	0.20931	0
ABT_USD	2018-09-06	0.21073	0.20672	0.21142	0.19613	0
ABT_USD	2018-09-05	0.20672	0.22599	0.22743	0.20660	0
ABT_USD	2018-09-04	0.22599	0.22280	0.23741	0.22221	0
ABT_USD	2018-09-03	0.22293	0.22341	0.22497	0.22061	0
ABT_USD	2018-09-02	0.22341	0.22013	0.22537	0.21836	0
ABT_USD	2018-09-01	0.22013	0.21256	0.22206	0.21233	0
ABT_USD	2018-08-31	0.21256	0.20944	0.22432	0.17611	0
ABT_USD	2018-08-30	0.20972	0.17788	0.22170	0.17255	0
ABT_USD	2018-08-29	0.17810	0.17855	0.18015	0.17511	0
ABT_USD	2018-08-28	0.17852	0.17259	0.17945	0.17163	0
ABT_USD	2018-08-27	0.17240	0.16630	0.17260	0.16532	0
ABT_USD	2018-08-26	0.16654	0.15698	0.16654	0.15344	0
ABT_USD	2018-08-25	0.15712	0.15602	0.15842	0.15555	0
ABT_USD	2018-08-24	0.15597	0.15220	0.15669	0.15058	0
ABT_USD	2018-08-23	0.15208	0.14816	0.15298	0.14790	0
ABT_USD	2018-08-22	0.14800	0.15081	0.15978	0.14563	0
ABT_USD	2018-08-21	0.15077	0.14549	0.15124	0.14544	0
ABT_USD	2018-08-20	0.14556	0.15155	0.15242	0.13433	0
ABT_USD	2018-08-19	0.15159	0.14891	0.15286	0.14701	0
ABT_USD	2018-08-18	0.14890	0.15612	0.15729	0.14728	0
ABT_USD	2018-08-17	0.15625	0.14916	0.15625	0.14886	0
ABT_USD	2018-08-16	0.14930	0.14816	0.15309	0.14728	0
ABT_USD	2018-08-15	0.14832	0.14410	0.15614	0.14395	0
ABT_USD	2018-08-14	0.14404	0.22706	0.22706	0.13350	0
ABT_USD	2018-08-13	0.22735	0.22957	0.23770	0.22429	0
ABT_USD	2018-08-12	0.22954	0.22659	0.23449	0.22460	0
ABT_USD	2018-08-11	0.22638	0.22330	0.23487	0.21853	0
ABT_USD	2018-08-10	0.22320	0.23869	0.23980	0.21863	0
ABT_USD	2018-08-09	0.23811	0.25721	0.26133	0.18900	0
ABT_USD	2018-08-08	0.25721	0.28611	0.28611	0.25129	0
ABT_USD	2018-08-07	0.28625	0.30536	0.31499	0.28471	0
ABT_USD	2018-08-06	0.30509	0.29595	0.30563	0.29449	0
ABT_USD	2018-08-05	0.29632	0.29540	0.29970	0.28886	0
ABT_USD	2018-08-04	0.29509	0.31684	0.31976	0.29189	0
ABT_USD	2018-08-03	0.31667	0.36055	0.36055	0.30469	0
ABT_USD	2018-08-02	0.36094	0.38414	0.38885	0.36011	0
ABT_USD	2018-08-01	0.38429	0.40266	0.40325	0.37596	0
ABT_USD	2018-07-31	0.40274	0.43011	0.43011	0.39884	0
ABT_USD	2018-07-30	0.42985	0.43494	0.43781	0.41491	0
ABT_USD	2018-07-29	0.43494	0.44626	0.44626	0.42971	0
ABT_USD	2018-07-28	0.44626	0.44626	0.44626	0.44622	0
ABT_USD	2018-07-27	0.44626	0.44634	0.44634	0.44626	0
ABT_USD	2018-07-26	0.44634	0.44409	0.44953	0.44275	0
ABT_USD	2018-07-25	0.44368	0.45816	0.46433	0.43811	0
ABT_USD	2018-07-24	0.46036	0.42276	0.46362	0.42133	0
ABT_USD	2018-07-23	0.42247	0.40494	0.42611	0.40373	0
ABT_USD	2018-07-22	0.40523	0.42529	0.43008	0.40224	0
ABT_USD	2018-07-21	0.42529	0.43849	0.43849	0.41554	0
ABT_USD	2018-07-20	0.43844	0.45003	0.46120	0.43617	0
ABT_USD	2018-07-19	0.45002	0.44676	0.45499	0.43977	0
ABT_USD	2018-07-18	0.44602	0.42452	0.45896	0.42452	0
ABT_USD	2018-07-17	0.42448	0.39594	0.43692	0.39414	0
ABT_USD	2018-07-16	0.39741	0.36798	0.43692	0.36709	0
ABT_USD	2018-07-15	0.36795	0.36194	0.37085	0.36113	0
ABT_USD	2018-07-14	0.36194	0.42238	0.42627	0.35972	0
ABT_USD	2018-07-13	0.42240	0.40245	0.43172	0.40154	0
ABT_USD	2018-07-12	0.40220	0.39835	0.41938	0.38882	0
ABT_USD	2018-07-11	0.39861	0.48034	0.48730	0.38661	0
ABT_USD	2018-07-10	0.48016	0.51136	0.51306	0.47857	0
ABT_USD	2018-07-09	0.51153	0.51609	0.52256	0.51000	0
ABT_USD	2018-07-08	0.51638	0.52380	0.53035	0.51449	0
ABT_USD	2018-07-07	0.52380	0.54828	0.55292	0.49358	0
ABT_USD	2018-07-06	0.54821	0.56264	0.56398	0.53655	0
ABT_USD	2018-07-05	0.56341	0.56674	0.57598	0.55700	0
ABT_USD	2018-07-04	0.56674	0.56475	0.57695	0.55534	0
ABT_USD	2018-07-03	0.56319	0.55662	0.57905	0.00756	0
ABT_USD	2018-07-02	0.55650	0.53497	0.56097	0.00001	0
ABT_USD	2018-07-01	0.53502	0.49086	0.54032	0.48568	0
ABT_USD	2018-06-30	0.49087	0.49491	0.51814	0.48516	0
ABT_USD	2018-06-29	0.49498	0.47622	0.50078	0.44269	0
ABT_USD	2018-06-28	0.47705	0.46308	0.51342	0.00000	0
ABT_USD	2018-06-27	0.46305	0.47850	0.48184	0.39246	0
ABT_USD	2018-06-26	0.48001	0.49061	0.52515	0.47244	0
ABT_USD	2018-06-25	0.49029	0.50539	0.50832	0.44320	0
ABT_USD	2018-06-24	0.50555	0.52985	0.53390	0.47209	0
ABT_USD	2018-06-23	0.52916	0.54479	0.55994	0.52900	0
ABT_USD	2018-06-22	0.54480	0.60478	0.60629	0.53507	0
ABT_USD	2018-06-21	0.60475	0.57832	0.61227	0.57354	0
ABT_USD	2018-06-20	0.57835	0.62645	0.63390	0.57344	0
ABT_USD	2018-06-19	0.62716	0.64809	0.66226	0.58320	0
ABT_USD	2018-06-18	0.64787	0.63599	0.66673	0.62459	0
ABT_USD	2018-06-17	0.63548	0.66431	0.66997	0.62737	0
ABT_USD	2018-06-16	0.66418	0.65126	0.67071	0.64829	0
ABT_USD	2018-06-15	0.65093	0.65409	0.66955	0.61454	0
ABT_USD	2018-06-14	0.65277	0.59548	0.65681	0.00000	0
ABT_USD	2018-06-13	0.59897	0.64252	0.65291	0.57456	0
ABT_USD	2018-06-12	0.64187	0.70978	0.77244	0.62724	0
ABT_USD	2018-06-11	0.71012	0.70287	0.71669	0.66878	0
ABT_USD	2018-06-10	0.70206	0.84231	0.84231	0.69595	0
ABT_USD	2018-06-09	0.84208	0.87278	0.88803	0.83245	0
ABT_USD	2018-06-08	0.87277	0.89539	0.90631	0.82263	0
ABT_USD	2018-06-07	0.89580	0.91514	0.93273	0.84636	0
ABT_USD	2018-06-06	0.91567	0.90863	0.94298	0.90280	0
ABT_USD	2018-06-05	0.90785	0.89719	0.93781	0.87320	0
ABT_USD	2018-06-04	0.89785	0.97342	0.97747	0.89417	0
ABT_USD	2018-06-03	0.97255	0.97311	1.04963	0.95156	0
ABT_USD	2018-06-02	0.97385	0.91798	1.00318	0.90598	0
ABT_USD	2018-06-01	0.90738	0.89497	0.91558	0.88564	0
ABT_USD	2018-05-31	0.89509	0.88837	0.91238	0.88302	0
ABT_USD	2018-05-30	0.90187	0.90374	0.91063	0.87680	0
ABT_USD	2018-05-29	0.90268	0.80636	0.90268	0.80012	0
ABT_USD	2018-05-28	0.80586	0.91111	0.91632	0.80242	0
ABT_USD	2018-05-27	0.91111	0.92420	0.92831	0.90044	0
ABT_USD	2018-05-26	0.92399	0.94464	0.96133	0.91916	0
ABT_USD	2018-05-25	0.94757	0.95432	0.98324	0.00000	0
ABT_USD	2018-05-24	0.95391	0.93526	0.97722	0.86477	0
ABT_USD	2018-05-23	0.93491	1.04182	1.04717	0.86398	0
ABT_USD	2018-05-22	1.04222	1.23778	1.24182	1.03800	0
ABT_USD	2018-05-21	1.23789	1.27934	1.29878	1.18990	0
ABT_USD	2018-05-20	1.27932	1.25987	1.27947	1.17214	0
ABT_USD	2018-05-19	1.26133	1.02229	1.27135	0.88570	0
ABT_USD	2018-05-18	1.02229	1.03409	1.06503	1.01757	0
ABT_USD	2018-05-17	1.03544	1.01700	1.12705	0.99433	0
ABT_USD	2018-05-16	1.01612	1.07509	1.09647	0.92474	0
ABT_USD	2018-05-15	1.07510	1.08368	1.17167	1.06968	0
ABT_USD	2018-05-14	1.08377	1.16329	1.20324	0.98244	0
ABT_USD	2018-05-13	1.16325	1.08533	1.22330	1.06807	0
ABT_USD	2018-05-12	1.08402	1.15991	1.23180	0.93140	0
ABT_USD	2018-05-11	1.15714	1.37968	1.38379	1.15170	0
ABT_USD	2018-05-10	1.38082	1.42529	1.44456	0.00000	0
ABT_USD	2018-05-09	1.42507	1.39268	1.42830	1.31726	0
ABT_USD	2018-05-08	1.39362	1.40805	1.43652	0.00015	0
ABT_USD	2018-05-07	1.41065	1.49585	1.49855	1.30967	0
ABT_USD	2018-05-06	1.49522	1.63948	1.65708	1.46259	0
ABT_USD	2018-05-05	1.63820	1.50834	1.68741	1.44094	0
ABT_USD	2018-05-04	1.51128	1.44434	1.60383	1.41531	0
ABT_USD	2018-05-03	1.44617	1.27982	1.45296	0.00000	0
ABT_USD	2018-05-02	1.27875	1.19932	1.29358	1.19015	0
ABT_USD	2018-05-01	1.20167	1.21539	1.21572	1.16360	0
ABT_USD	2018-04-30	1.21371	1.23259	1.23795	1.19417	0
ABT_USD	2018-04-29	1.23271	1.19162	1.23347	1.18363	0
ABT_USD	2018-04-28	1.19196	1.04241	1.20344	1.03686	0
ABT_USD	2018-04-27	1.04353	1.08059	1.09573	1.04056	0
ABT_USD	2018-04-26	1.07869	1.02924	1.13186	1.00524	0
ABT_USD	2018-04-25	1.02779	1.18264	1.19540	0.97505	0
ABT_USD	2018-04-24	1.18596	1.23556	1.30022	1.17332	0
ABT_USD	2018-04-23	1.23490	1.28066	1.29417	1.22014	0
ABT_USD	2018-04-22	1.27976	1.09223	1.34275	1.07795	0
ABT_USD	2018-04-21	1.09155	1.02310	1.09350	1.01607	0
ABT_USD	2018-04-20	1.02211	0.96558	1.03349	0.95229	0
ABT_USD	2018-04-19	0.96557	0.91986	0.99185	0.91217	0
ABT_USD	2018-04-18	0.91832	0.83279	0.92767	0.83143	0
ABT_USD	2018-04-17	0.83193	0.83239	0.93869	0.81907	0
ABT_USD	2018-04-16	0.83132	0.93328	0.93952	0.77394	0
ABT_USD	2018-04-15	0.93351	0.90160	0.93351	0.57598	0
ABT_USD	2018-04-14	0.90124	0.87379	0.91079	0.86733	0
ABT_USD	2018-04-13	0.87261	0.83935	1.06172	0.82292	0
ABT_USD	2018-04-12	0.84066	0.67182	0.89244	0.66815	0
ABT_USD	2018-04-11	0.67224	0.54425	0.68946	0.54395	0
ABT_USD	2018-04-10	0.54432	0.54277	0.55731	0.53938	0
ABT_USD	2018-04-09	0.54285	0.54014	0.55955	0.52320	0
ABT_USD	2018-04-08	0.53942	0.53274	0.54694	0.53099	0
ABT_USD	2018-04-07	0.53252	0.50446	0.54535	0.49696	0
ABT_USD	2018-04-06	0.50390	0.53326	0.53788	0.49840	0
ABT_USD	2018-04-05	0.53340	0.53552	0.54427	0.49493	0
ABT_USD	2018-04-04	0.53555	0.58440	0.58544	0.52853	0
ABT_USD	2018-04-03	0.58501	0.57663	0.60642	0.57392	0
ABT_USD	2018-04-02	0.57642	0.56243	0.59218	0.55907	0
ABT_USD	2018-04-01	0.56201	0.57181	0.58046	0.53127	0
ABT_USD	2018-03-31	0.57166	0.56468	0.59623	0.56080	0
ABT_USD	2018-03-30	0.56549	0.58281	0.59878	0.54299	0
ABT_USD	2018-03-29	0.58178	0.64674	0.64825	0.56525	0
ABT_USD	2018-03-28	0.64567	0.63885	0.66630	0.55381	0
ABT_USD	2018-03-27	0.63831	0.67875	0.68554	0.61595	0
ABT_USD	2018-03-26	0.68157	0.71108	0.71524	0.62652	0
ABT_USD	2018-03-25	0.71084	0.72379	0.73069	0.70440	0
ABT_USD	2018-03-24	0.72139	0.74773	0.76287	0.72139	0
ABT_USD	2018-03-23	0.74706	0.72630	0.74706	0.69405	0
ABT_USD	2018-03-22	0.72808	0.63759	0.74957	0.63595	0
ABT_USD	2018-03-21	0.63765	0.71071	0.73089	0.42869	0
ABT_USD	2018-03-20	0.71048	0.69860	0.72624	0.66991	0
ABT_USD	2018-03-19	0.69952	0.71677	0.73784	0.66269	0
ABT_USD	2018-03-18	0.71655	0.65443	0.71954	0.59561	0
ABT_USD	2018-03-17	0.65618	0.69249	0.70129	0.64636	0
ABT_USD	2018-03-16	0.69594	0.69756	0.72081	0.66721	0
ABT_USD	2018-03-15	0.69670	0.74000	0.76023	0.67641	0
ABT_USD	2018-03-14	0.74227	0.82447	0.84367	0.71714	0
ABT_USD	2018-03-13	0.82402	0.82254	0.85410	0.79755	0
ABT_USD	2018-03-12	0.82149	0.85043	0.91191	0.79353	0
ABT_USD	2018-03-11	0.84882	0.85783	0.86718	0.74147	0
ABT_USD	2018-03-10	0.85649	0.85650	0.99610	0.82125	0
ABT_USD	2018-03-09	0.85686	0.82456	0.87494	0.73541	0
ABT_USD	2018-03-08	0.82433	0.90298	0.91481	0.80861	0
ABT_USD	2018-03-07	0.90169	1.02514	1.04076	0.88723	0
ABT_USD	2018-03-06	1.02619	1.15545	1.18408	0.97437	0
ABT_USD	2018-03-05	1.16594	1.22312	1.23390	1.16594	0
ABT_USD	2018-03-04	1.22267	1.21294	1.24191	1.04908	0
ABT_USD	2018-03-03	1.21252	1.35007	1.38129	1.19591	0
ABT_USD	2018-03-02	1.34955	1.35224	1.38814	1.25949	0
ABT_USD	2018-03-01	1.30872	1.13860	1.42420	1.12894	0
