ACED_USD	2019-04-09	0.000918	0.000931	0.000931	0.000905	0
ACED_USD	2019-04-08	0.000931	0.000918	0.000938	0.000901	0
ACED_USD	2019-04-07	0.000918	0.000889	0.000928	0.000888	0
ACED_USD	2019-04-06	0.000889	0.000890	0.000923	0.000869	0
ACED_USD	2019-04-05	0.000890	0.001086	0.001113	0.000876	0
ACED_USD	2019-04-04	0.001086	0.001070	0.001107	0.001055	0
ACED_USD	2019-04-03	0.001070	0.001060	0.001172	0.001043	0
ACED_USD	2019-04-02	0.001060	0.000945	0.001091	0.000888	0
ACED_USD	2019-04-01	0.000945	0.000917	0.000947	0.000880	0
ACED_USD	2019-03-31	0.000917	0.000916	0.000920	0.000877	0
ACED_USD	2019-03-30	0.000916	0.000898	0.000926	0.000873	0
ACED_USD	2019-03-29	0.000898	0.000900	0.000904	0.000842	0
ACED_USD	2019-03-28	0.000899	0.000903	0.000903	0.000857	0
ACED_USD	2019-03-27	0.000903	0.000918	0.000999	0.000896	0
ACED_USD	2019-03-26	0.000918	0.000893	0.000938	0.000832	0
ACED_USD	2019-03-25	0.000893	0.000909	0.000911	0.000886	0
ACED_USD	2019-03-24	0.000909	0.000894	0.000909	0.000868	0
ACED_USD	2019-03-23	0.000894	0.000870	0.000894	0.000848	0
ACED_USD	2019-03-22	0.000870	0.000870	0.000875	0.000849	0
ACED_USD	2019-03-21	0.000870	0.000784	0.000872	0.000748	0
ACED_USD	2019-03-20	0.000784	0.000780	0.000786	0.000774	0
ACED_USD	2019-03-19	0.000780	0.000774	0.000782	0.000771	0
ACED_USD	2019-03-18	0.000774	0.000773	0.000783	0.000767	0
ACED_USD	2019-03-17	0.000773	0.000798	0.000798	0.000768	0
ACED_USD	2019-03-16	0.000798	0.000781	0.000810	0.000781	0
ACED_USD	2019-03-15	0.000781	0.000770	0.000782	0.000752	0
ACED_USD	2019-03-14	0.000770	0.000770	0.000780	0.000758	0
ACED_USD	2019-03-13	0.000770	0.000771	0.000774	0.000765	0
ACED_USD	2019-03-12	0.000771	0.000751	0.000774	0.000713	0
ACED_USD	2019-03-11	0.000751	0.000760	0.000781	0.000730	0
ACED_USD	2019-03-10	0.000760	0.000743	0.000782	0.000735	0
ACED_USD	2019-03-09	0.000743	0.000749	0.000785	0.000732	0
ACED_USD	2019-03-08	0.000749	0.000753	0.000783	0.000735	0
ACED_USD	2019-03-07	0.000753	0.000751	0.000773	0.000734	0
ACED_USD	2019-03-06	0.000751	0.000751	0.000771	0.000729	0
ACED_USD	2019-03-05	0.000751	0.000760	0.000808	0.000743	0
ACED_USD	2019-03-04	0.000760	0.000777	0.000781	0.000753	0
ACED_USD	2019-03-03	0.000777	0.000783	0.000803	0.000772	0
ACED_USD	2019-03-02	0.000783	0.000783	0.000804	0.000763	0
ACED_USD	2019-03-01	0.000783	0.000779	0.000808	0.000765	0
ACED_USD	2019-02-28	0.000778	0.000780	0.000807	0.000742	0
ACED_USD	2019-02-27	0.000780	0.000760	0.000804	0.000742	0
ACED_USD	2019-02-26	0.000760	0.000824	0.000845	0.000760	0
ACED_USD	2019-02-25	0.000824	0.000805	0.000843	0.000792	0
ACED_USD	2019-02-24	0.000805	0.000864	0.000890	0.000773	0
ACED_USD	2019-02-23	0.000864	0.000833	0.000886	0.000787	0
ACED_USD	2019-02-22	0.000833	0.000822	0.000873	0.000818	0
ACED_USD	2019-02-21	0.000822	0.000853	0.000869	0.000819	0
ACED_USD	2019-02-20	0.000853	0.000818	0.000853	0.000789	0
ACED_USD	2019-02-19	0.000818	0.000796	0.000850	0.000771	0
ACED_USD	2019-02-18	0.000796	0.000803	0.000901	0.000794	0
ACED_USD	2019-02-17	0.000803	0.000790	0.000958	0.000790	0
ACED_USD	2019-02-16	0.000790	0.001154	0.001312	0.000780	0
ACED_USD	2019-02-15	0.001154	0.000841	0.001854	0.000549	0
ACED_USD	2019-02-14	0.000841	0.000605	0.000865	0.000602	0
ACED_USD	2019-02-13	0.000605	0.000610	0.000616	0.000602	0
ACED_USD	2019-02-12	0.000610	0.000883	0.000894	0.000608	0
ACED_USD	2019-02-11	0.000883	0.000899	0.000900	0.000882	0
ACED_USD	2019-02-10	0.000899	0.000892	0.000899	0.000880	0
ACED_USD	2019-02-09	0.000892	0.000894	0.000897	0.000887	0
ACED_USD	2019-02-08	0.000894	0.000876	0.000910	0.000823	0
ACED_USD	2019-02-07	0.000876	0.000880	0.000883	0.000673	0
ACED_USD	2019-02-06	0.000880	0.000896	0.000898	0.000873	0
ACED_USD	2019-02-05	0.000896	0.000890	0.000897	0.000886	0
ACED_USD	2019-02-04	0.000890	0.001033	0.001038	0.000886	0
ACED_USD	2019-02-03	0.001033	0.001121	0.001124	0.001024	0
ACED_USD	2019-02-02	0.001121	0.001114	0.001125	0.001103	0
ACED_USD	2019-02-01	0.001114	0.001121	0.001131	0.001106	0
ACED_USD	2019-01-31	0.001121	0.001112	0.001142	0.001111	0
ACED_USD	2019-01-30	0.001112	0.001096	0.001117	0.001087	0
ACED_USD	2019-01-29	0.001096	0.001120	0.001124	0.001086	0
ACED_USD	2019-01-28	0.001120	0.001151	0.001151	0.001106	0
ACED_USD	2019-01-27	0.001151	0.001181	0.001184	0.001134	0
ACED_USD	2019-01-26	0.001181	0.001161	0.001213	0.001160	0
ACED_USD	2019-01-25	0.001161	0.001004	0.001172	0.001004	0
ACED_USD	2019-01-24	0.001004	0.001014	0.001021	0.000996	0
ACED_USD	2019-01-23	0.001014	0.001019	0.001028	0.001006	0
ACED_USD	2019-01-22	0.001019	0.001003	0.001029	0.000876	0
ACED_USD	2019-01-21	0.001003	0.000932	0.001010	0.000910	0
ACED_USD	2019-01-20	0.000932	0.000998	0.001006	0.000910	0
ACED_USD	2019-01-19	0.000998	0.000956	0.001157	0.000889	0
ACED_USD	2019-01-18	0.000956	0.000521	0.001048	0.000512	0
ACED_USD	2019-01-17	0.000521	0.000532	0.000534	0.000507	0
ACED_USD	2019-01-16	0.000532	0.000567	0.000579	0.000531	0
ACED_USD	2019-01-15	0.000567	0.000581	0.000585	0.000563	0
ACED_USD	2019-01-14	0.000581	0.000539	0.000589	0.000537	0
ACED_USD	2019-01-13	0.000539	0.000592	0.000595	0.000536	0
ACED_USD	2019-01-12	0.000592	0.000594	0.000597	0.000587	0
ACED_USD	2019-01-11	0.000594	0.000613	0.000622	0.000587	0
ACED_USD	2019-01-10	0.000613	0.000653	0.000662	0.000590	0
ACED_USD	2019-01-09	0.000653	0.000656	0.000666	0.000646	0
ACED_USD	2019-01-08	0.000656	0.000658	0.000673	0.000639	0
ACED_USD	2019-01-07	0.000658	0.000605	0.000660	0.000591	0
ACED_USD	2019-01-06	0.000605	0.000567	0.001134	0.000564	0
ACED_USD	2019-01-05	0.000567	0.000673	0.000700	0.000552	0
ACED_USD	2019-01-04	0.000673	0.000706	0.000715	0.000640	0
ACED_USD	2019-01-03	0.000706	0.000790	0.000791	0.000703	0
ACED_USD	2019-01-02	0.000790	0.000772	0.000794	0.000747	0
ACED_USD	2019-01-01	0.000772	0.000747	0.000776	0.000739	0
ACED_USD	2018-12-31	0.000747	0.000775	0.000777	0.000737	0
ACED_USD	2018-12-30	0.000775	0.000757	0.000778	0.000750	0
ACED_USD	2018-12-29	0.000757	0.000787	0.000797	0.000754	0
ACED_USD	2018-12-28	0.000787	0.000724	0.000796	0.000721	0
ACED_USD	2018-12-27	0.000724	0.000747	0.000761	0.000719	0
ACED_USD	2018-12-26	0.000747	0.000820	0.000838	0.000739	0
ACED_USD	2018-12-25	0.000820	0.000829	0.000831	0.000766	0
ACED_USD	2018-12-24	0.000829	0.000794	0.000855	0.000794	0
ACED_USD	2018-12-23	0.000794	0.000805	0.000821	0.000787	0
ACED_USD	2018-12-22	0.000805	0.000775	0.000809	0.000764	0
ACED_USD	2018-12-21	0.000775	0.000822	0.000836	0.000762	0
ACED_USD	2018-12-20	0.000822	0.000743	0.000838	0.000738	0
ACED_USD	2018-12-19	0.000743	0.000737	0.000788	0.000734	0
ACED_USD	2018-12-18	0.000737	0.000653	0.000741	0.000639	0
ACED_USD	2018-12-17	0.000653	0.000594	0.000672	0.000591	0
ACED_USD	2018-12-16	0.000594	0.000592	0.000608	0.000590	0
ACED_USD	2018-12-15	0.000592	0.000591	0.000598	0.000579	0
ACED_USD	2018-12-14	0.000591	0.000603	0.000610	0.000581	0
ACED_USD	2018-12-13	0.000603	0.000637	0.000638	0.000599	0
ACED_USD	2018-12-12	0.000637	0.000616	0.000649	0.000615	0
ACED_USD	2018-12-11	0.000621	0.000634	0.000639	0.000611	0
ACED_USD	2018-12-10	0.000634	0.000656	0.000666	0.000626	0
ACED_USD	2018-12-09	0.000656	0.000631	0.000680	0.000624	0
ACED_USD	2018-12-08	0.000631	0.000623	0.000658	0.000597	0
ACED_USD	2018-12-07	0.000623	0.000690	0.000692	0.000568	0
ACED_USD	2018-12-06	0.000690	0.000810	0.000842	0.000686	0
ACED_USD	2018-12-05	0.000810	0.000836	0.000852	0.000806	0
ACED_USD	2018-12-04	0.000836	0.000859	0.000894	0.000825	0
ACED_USD	2018-12-03	0.000859	0.000915	0.000919	0.000842	0
ACED_USD	2018-12-02	0.000915	0.000912	0.000941	0.000887	0
ACED_USD	2018-12-01	0.000912	0.000888	0.000955	0.000875	0
ACED_USD	2018-11-30	0.000888	0.000949	0.000959	0.000873	0
ACED_USD	2018-11-29	0.000949	0.000947	0.000983	0.000920	0
ACED_USD	2018-11-28	0.000947	0.000796	0.000975	0.000796	0
ACED_USD	2018-11-27	0.000796	0.000791	0.000808	0.000761	0
ACED_USD	2018-11-26	0.000791	0.000862	0.000881	0.000762	0
ACED_USD	2018-11-25	0.000862	0.000825	0.000882	0.000769	0
ACED_USD	2018-11-24	0.000825	0.000929	0.000948	0.000805	0
ACED_USD	2018-11-23	0.000929	0.000966	0.000975	0.000857	0
ACED_USD	2018-11-22	0.000966	0.001028	0.001038	0.000966	0
ACED_USD	2018-11-21	0.001028	0.001010	0.001050	0.000975	0
ACED_USD	2018-11-20	0.001010	0.001086	0.001110	0.000950	0
ACED_USD	2018-11-19	0.001086	0.001273	0.001273	0.001076	0
ACED_USD	2018-11-18	0.001273	0.001238	0.001307	0.001209	0
ACED_USD	2018-11-17	0.001238	0.002377	0.002377	0.001203	0
ACED_USD	2018-11-16	0.002377	0.002444	0.002447	0.002222	0
ACED_USD	2018-11-15	0.002444	0.002413	0.002445	0.002285	0
ACED_USD	2018-11-14	0.002413	0.002650	0.002659	0.002339	0
ACED_USD	2018-11-13	0.002650	0.002643	0.002664	0.002625	0
ACED_USD	2018-11-12	0.002643	0.002649	0.002657	0.002632	0
ACED_USD	2018-11-11	0.002649	0.002637	0.002649	0.002609	0
ACED_USD	2018-11-10	0.002637	0.002536	0.002649	0.002534	0
ACED_USD	2018-11-09	0.002536	0.002689	0.002692	0.002525	0
ACED_USD	2018-11-08	0.002689	0.002596	0.002727	0.002558	0
ACED_USD	2018-11-07	0.002596	0.002639	0.002741	0.002588	0
ACED_USD	2018-11-06	0.002639	0.002620	0.002682	0.002552	0
ACED_USD	2018-11-05	0.002620	0.002594	0.002683	0.002545	0
ACED_USD	2018-11-04	0.002594	0.002587	0.002701	0.002517	0
ACED_USD	2018-11-03	0.002587	0.002539	0.002948	0.002511	0
ACED_USD	2018-11-02	0.002539	0.002912	0.002937	0.002535	0
ACED_USD	2018-11-01	0.002912	0.002898	0.002923	0.002891	0
ACED_USD	2018-10-31	0.002898	0.002880	0.002978	0.002844	0
ACED_USD	2018-10-30	0.002880	0.002918	0.002952	0.002875	0
ACED_USD	2018-10-29	0.002918	0.002985	0.003020	0.002908	0
ACED_USD	2018-10-28	0.002985	0.003023	0.003027	0.002970	0
ACED_USD	2018-10-27	0.003023	0.003037	0.003075	0.003014	0
ACED_USD	2018-10-26	0.003037	0.003003	0.003102	0.003003	0
ACED_USD	2018-10-25	0.003003	0.003048	0.003052	0.003003	0
ACED_USD	2018-10-24	0.003048	0.003046	0.003080	0.003043	0
ACED_USD	2018-10-23	0.003046	0.003054	0.003062	0.003038	0
ACED_USD	2018-10-22	0.003054	0.003063	0.003082	0.003045	0
ACED_USD	2018-10-21	0.003063	0.003062	0.003095	0.003061	0
ACED_USD	2018-10-20	0.003062	0.003035	0.003073	0.003010	0
ACED_USD	2018-10-19	0.003035	0.003042	0.003082	0.003032	0
ACED_USD	2018-10-18	0.003042	0.002458	0.003159	0.002454	0
ACED_USD	2018-10-17	0.002458	0.002467	0.002479	0.002405	0
ACED_USD	2018-10-16	0.002467	0.002461	0.002516	0.002438	0
ACED_USD	2018-10-15	0.002461	0.002312	0.002744	0.002299	0
ACED_USD	2018-10-14	0.002312	0.002309	0.002336	0.002306	0
ACED_USD	2018-10-13	0.002309	0.002361	0.002374	0.002309	0
ACED_USD	2018-10-12	0.002361	0.002346	0.002381	0.002334	0
ACED_USD	2018-10-11	0.002346	0.002619	0.003129	0.002306	0
ACED_USD	2018-10-10	0.002619	0.003132	0.003153	0.002611	0
ACED_USD	2018-10-09	0.003132	0.003136	0.003140	0.003106	0
ACED_USD	2018-10-08	0.003136	0.003102	0.003158	0.003095	0
ACED_USD	2018-10-07	0.003102	0.003098	0.003118	0.003072	0
ACED_USD	2018-10-06	0.003098	0.003156	0.003158	0.003094	0
ACED_USD	2018-10-05	0.003156	0.003093	0.003166	0.003093	0
ACED_USD	2018-10-04	0.003093	0.002991	0.003103	0.002990	0
ACED_USD	2018-10-03	0.002991	0.002975	0.003014	0.002958	0
ACED_USD	2018-10-02	0.002975	0.003003	0.003018	0.002964	0
ACED_USD	2018-10-01	0.003003	0.002482	0.003017	0.002474	0
ACED_USD	2018-09-30	0.002482	0.002477	0.002496	0.002449	0
ACED_USD	2018-09-29	0.002477	0.002488	0.002488	0.002425	0
ACED_USD	2018-09-28	0.002488	0.002508	0.002559	0.002455	0
ACED_USD	2018-09-27	0.002508	0.002423	0.002523	0.002410	0
ACED_USD	2018-09-26	0.002423	0.002445	0.002457	0.002396	0
ACED_USD	2018-09-25	0.002445	0.002469	0.002469	0.002382	0
ACED_USD	2018-09-24	0.002469	0.002517	0.002521	0.002458	0
ACED_USD	2018-09-23	0.002517	0.002522	0.002544	0.002474	0
ACED_USD	2018-09-22	0.002522	0.002540	0.002565	0.002487	0
ACED_USD	2018-09-21	0.002540	0.002438	0.003068	0.002436	0
ACED_USD	2018-09-20	0.002438	0.002397	0.002447	0.002384	0
ACED_USD	2018-09-19	0.002397	0.002379	0.002943	0.002348	0
ACED_USD	2018-09-18	0.002379	0.002346	0.002393	0.002336	0
ACED_USD	2018-09-17	0.002346	0.002437	0.002449	0.002330	0
ACED_USD	2018-09-16	0.002437	0.002445	0.002445	0.002393	0
ACED_USD	2018-09-15	0.002445	0.002400	0.002449	0.002395	0
ACED_USD	2018-09-14	0.002400	0.002428	0.002470	0.002358	0
ACED_USD	2018-09-13	0.002428	0.002408	0.002479	0.002407	0
ACED_USD	2018-09-12	0.002408	0.002390	0.002413	0.002357	0
ACED_USD	2018-09-11	0.002390	0.002397	0.002424	0.002291	0
ACED_USD	2018-09-10	0.002397	0.002371	0.002412	0.002345	0
ACED_USD	2018-09-09	0.002371	0.002350	0.002439	0.002339	0
ACED_USD	2018-09-08	0.002350	0.002402	0.002461	0.002333	0
ACED_USD	2018-09-07	0.002402	0.002475	0.002483	0.002394	0
ACED_USD	2018-09-06	0.002475	0.002547	0.002554	0.002398	0
ACED_USD	2018-09-05	0.002547	0.002796	0.002810	0.002546	0
ACED_USD	2018-09-04	0.002796	0.002763	0.002816	0.002754	0
ACED_USD	2018-09-03	0.002763	0.002843	0.002855	0.002676	0
ACED_USD	2018-09-02	0.002843	0.002807	0.002865	0.002784	0
ACED_USD	2018-09-01	0.002807	0.002740	0.002832	0.002738	0
ACED_USD	2018-08-31	0.002740	0.002728	0.002763	0.002689	0
ACED_USD	2018-08-30	0.002728	0.002748	0.002753	0.002655	0
ACED_USD	2018-08-29	0.002748	0.002761	0.002780	0.002702	0
ACED_USD	2018-08-28	0.002761	0.002692	0.002780	0.002680	0
ACED_USD	2018-08-27	0.002692	0.002616	0.002695	0.002597	0
ACED_USD	2018-08-26	0.002616	0.002628	0.002645	0.002567	0
ACED_USD	2018-08-25	0.002628	0.002611	0.002649	0.002601	0
ACED_USD	2018-08-24	0.002611	0.002546	0.002623	0.002520	0
ACED_USD	2018-08-23	0.002546	0.002447	0.002561	0.002445	0
ACED_USD	2018-08-22	0.002447	0.002462	0.002644	0.002407	0
ACED_USD	2018-08-21	0.002462	0.002346	0.002463	0.002344	0
ACED_USD	2018-08-20	0.002346	0.002432	0.002445	0.002336	0
ACED_USD	2018-08-19	0.002432	0.002397	0.002452	0.002366	0
ACED_USD	2018-08-18	0.002397	0.002471	0.002479	0.002364	0
ACED_USD	2018-08-17	0.002471	0.002367	0.002471	0.002360	0
ACED_USD	2018-08-16	0.002367	0.002351	0.002427	0.002335	0
ACED_USD	2018-08-15	0.002351	0.002320	0.002480	0.002318	0
ACED_USD	2018-08-14	0.002320	0.002344	0.002344	0.002207	0
ACED_USD	2018-08-13	0.002344	0.002968	0.003005	0.002310	0
ACED_USD	2018-08-12	0.002968	0.002956	0.002996	0.002572	0
ACED_USD	2018-08-11	0.002956	0.002918	0.003067	0.002644	0
ACED_USD	2018-08-10	0.002918	0.002938	0.003092	0.002684	0
ACED_USD	2018-08-09	0.002938	0.002919	0.003080	0.002766	0
ACED_USD	2018-08-08	0.002919	0.003023	0.003089	0.002769	0
ACED_USD	2018-08-07	0.003023	0.003226	0.003396	0.003023	0
ACED_USD	2018-08-06	0.003226	0.002848	0.003232	0.002807	0
ACED_USD	2018-08-05	0.002848	0.002837	0.002871	0.002791	0
ACED_USD	2018-08-04	0.002837	0.003226	0.003502	0.002834	0
ACED_USD	2018-08-03	0.003226	0.003542	0.003745	0.002768	0
ACED_USD	2018-08-02	0.003542	0.003539	0.003581	0.003470	0
ACED_USD	2018-08-01	0.003539	0.003601	0.003606	0.003462	0
ACED_USD	2018-07-31	0.003601	0.003800	0.003802	0.003567	0
ACED_USD	2018-07-30	0.003800	0.003823	0.003848	0.003658	0
ACED_USD	2018-07-29	0.003823	0.003834	0.003848	0.003777	0
ACED_USD	2018-07-28	0.003834	0.003752	0.003834	0.003752	0
ACED_USD	2018-07-27	0.003752	0.003834	0.003834	0.003711	0
ACED_USD	2018-07-26	0.003834	0.003966	0.004006	0.003772	0
ACED_USD	2018-07-25	0.003966	0.004122	0.004158	0.003852	0
ACED_USD	2018-07-24	0.004122	0.003857	0.004317	0.003846	0
ACED_USD	2018-07-23	0.003857	0.003738	0.004085	0.003723	0
ACED_USD	2018-07-22	0.003738	0.003776	0.003957	0.003687	0
ACED_USD	2018-07-21	0.003776	0.003739	0.003928	0.003628	0
ACED_USD	2018-07-20	0.003739	0.003924	0.003994	0.003728	0
ACED_USD	2018-07-19	0.003924	0.003794	0.003929	0.003752	0
ACED_USD	2018-07-18	0.003794	0.003733	0.003904	0.003614	0
ACED_USD	2018-07-17	0.003733	0.003503	0.003881	0.003291	0
ACED_USD	2018-07-16	0.003503	0.003300	0.003509	0.003293	0
ACED_USD	2018-07-15	0.003300	0.003188	0.003322	0.003179	0
ACED_USD	2018-07-14	0.003188	0.003234	0.003264	0.003168	0
ACED_USD	2018-07-13	0.003234	0.003271	0.003292	0.003195	0
ACED_USD	2018-07-12	0.003271	0.003699	0.003699	0.003168	0
ACED_USD	2018-07-11	0.003699	0.003654	0.003735	0.003641	0
ACED_USD	2018-07-10	0.003654	0.003963	0.003975	0.003640	0
ACED_USD	2018-07-09	0.003963	0.004025	0.004043	0.003919	0
ACED_USD	2018-07-08	0.004025	0.003685	0.004063	0.003671	0
ACED_USD	2018-07-07	0.003685	0.003532	0.003720	0.003484	0
ACED_USD	2018-07-06	0.003532	0.003434	0.003547	0.003423	0
ACED_USD	2018-07-05	0.003434	0.002702	0.003475	0.002676	0
ACED_USD	2018-07-04	0.002702	0.002567	0.002737	0.002535	0
ACED_USD	2018-07-03	0.002567	0.002879	0.002890	0.000035	0
ACED_USD	2018-07-02	0.002879	0.002730	0.002903	0.000000	0
ACED_USD	2018-07-01	0.002730	0.002525	0.002805	0.002498	0
ACED_USD	2018-06-30	0.002525	0.001830	0.002535	0.001830	0
ACED_USD	2018-06-29	0.001831	0.001872	0.001929	0.001746	0
ACED_USD	2018-06-28	0.001875	0.001963	0.001973	0.001866	0
ACED_USD	2018-06-27	0.001963	0.001941	0.001977	0.001916	0
ACED_USD	2018-06-26	0.001947	0.002156	0.002196	0.001937	0
ACED_USD	2018-06-25	0.002155	0.002305	0.002575	0.002121	0
ACED_USD	2018-06-24	0.002306	0.001756	0.003688	0.001682	0
ACED_USD	2018-06-23	0.001753	0.001813	0.001847	0.001724	0
ACED_USD	2018-06-22	0.001813	0.001981	0.002002	0.001781	0
ACED_USD	2018-06-21	0.001980	0.001994	0.002021	0.001974	0
ACED_USD	2018-06-20	0.001994	0.002020	0.002025	0.001946	0
ACED_USD	2018-06-19	0.002022	0.002013	0.002048	0.002001	0
ACED_USD	2018-06-18	0.002013	0.001997	0.002036	0.001925	0
ACED_USD	2018-06-17	0.001996	0.002011	0.002037	0.001992	0
ACED_USD	2018-06-16	0.002011	0.001979	0.002030	0.001962	0
ACED_USD	2018-06-15	0.001978	0.002059	0.002059	0.001972	0
ACED_USD	2018-06-14	0.002055	0.001951	0.002076	0.001944	0
ACED_USD	2018-06-13	0.001950	0.002029	0.002048	0.001900	0
ACED_USD	2018-06-12	0.002028	0.002130	0.002130	0.001997	0
ACED_USD	2018-06-11	0.002131	0.002095	0.002138	0.002058	0
ACED_USD	2018-06-10	0.002092	0.002325	0.002325	0.002059	0
ACED_USD	2018-06-09	0.002324	0.002361	0.002382	0.002316	0
ACED_USD	2018-06-08	0.002361	0.002383	0.002386	0.002339	0
ACED_USD	2018-06-07	0.002384	0.002373	0.002404	0.002370	0
ACED_USD	2018-06-06	0.002373	0.002555	0.002573	0.002324	0
ACED_USD	2018-06-05	0.002553	0.002509	0.002570	0.002470	0
ACED_USD	2018-06-04	0.002511	0.002588	0.002599	0.002498	0
ACED_USD	2018-06-03	0.002586	0.002595	0.002644	0.002566	0
ACED_USD	2018-06-02	0.002597	0.002559	0.002614	0.002534	0
ACED_USD	2018-06-01	0.002557	0.002508	0.002562	0.002463	0
ACED_USD	2018-05-31	0.002508	0.002543	0.002546	0.002471	0
ACED_USD	2018-05-30	0.002544	0.002576	0.002607	0.002512	0
ACED_USD	2018-05-29	0.002572	0.002486	0.002595	0.002457	0
ACED_USD	2018-05-28	0.002485	0.002570	0.002601	0.002474	0
ACED_USD	2018-05-27	0.002569	0.002565	0.002586	0.002528	0
ACED_USD	2018-05-26	0.002565	0.002610	0.002665	0.002551	0
ACED_USD	2018-05-25	0.002610	0.002652	0.002677	0.002566	0
ACED_USD	2018-05-24	0.002651	0.002664	0.002739	0.002579	0
ACED_USD	2018-05-23	0.002666	0.002872	0.002887	0.002644	0
ACED_USD	2018-05-22	0.002873	0.003064	0.003068	0.002862	0
ACED_USD	2018-05-21	0.003064	0.003154	0.003162	0.003053	0
ACED_USD	2018-05-20	0.003154	0.003049	0.003176	0.003023	0
ACED_USD	2018-05-19	0.003049	0.003090	0.003105	0.003013	0
ACED_USD	2018-05-18	0.003090	0.003021	0.003103	0.002973	0
ACED_USD	2018-05-17	0.003025	0.003172	0.003216	0.002998	0
ACED_USD	2018-05-16	0.003170	0.003302	0.003310	0.003124	0
ACED_USD	2018-05-15	0.003302	0.003467	0.003531	0.003286	0
ACED_USD	2018-05-14	0.003467	0.003517	0.003551	0.003328	0
ACED_USD	2018-05-13	0.003517	0.003178	0.003545	0.003123	0
ACED_USD	2018-05-12	0.003171	0.003273	0.003304	0.003127	0
ACED_USD	2018-05-11	0.003273	0.003608	0.003608	0.003255	0
ACED_USD	2018-05-10	0.003608	0.003727	0.004127	0.003402	0
ACED_USD	2018-05-09	0.003727	0.003720	0.003842	0.003443	0
ACED_USD	2018-05-08	0.003676	0.004071	0.004085	0.000000	0
ACED_USD	2018-05-07	0.004054	0.004105	0.004112	0.003935	0
ACED_USD	2018-05-06	0.004105	0.004390	0.004434	0.003993	0
ACED_USD	2018-05-05	0.004385	0.004271	0.004396	0.004262	0
ACED_USD	2018-05-04	0.004271	0.004199	0.004298	0.004064	0
ACED_USD	2018-05-03	0.004202	0.003971	0.004301	0.003919	0
ACED_USD	2018-05-02	0.003971	0.003717	0.004339	0.003603	0
ACED_USD	2018-05-01	0.003721	0.003879	0.003880	0.003641	0
ACED_USD	2018-04-30	0.003879	0.003947	0.003969	0.003829	0
ACED_USD	2018-04-29	0.003947	0.003923	0.004020	0.003766	0
ACED_USD	2018-04-28	0.003923	0.003974	0.004053	0.003709	0
ACED_USD	2018-04-27	0.003974	0.003579	0.004143	0.003517	0
ACED_USD	2018-04-26	0.003579	0.003461	0.003630	0.003379	0
ACED_USD	2018-04-25	0.003461	0.004005	0.004017	0.003426	0
ACED_USD	2018-04-24	0.004014	0.003665	0.004041	0.003661	0
ACED_USD	2018-04-23	0.003665	0.003608	0.003692	0.003597	0
ACED_USD	2018-04-22	0.003608	0.003655	0.003701	0.003589	0
ACED_USD	2018-04-21	0.003655	0.003637	0.003702	0.003534	0
ACED_USD	2018-04-20	0.003637	0.003393	0.003661	0.003372	0
ACED_USD	2018-04-19	0.003393	0.003022	0.003400	0.003001	0
ACED_USD	2018-04-18	0.003022	0.002762	0.003038	0.002756	0
ACED_USD	2018-04-17	0.002762	0.002779	0.002892	0.002749	0
ACED_USD	2018-04-16	0.002779	0.002674	0.002803	0.002588	0
ACED_USD	2018-04-15	0.002674	0.002962	0.003209	0.002627	0
ACED_USD	2018-04-14	0.002962	0.003073	0.003080	0.002794	0
ACED_USD	2018-04-13	0.003073	0.003086	0.003208	0.003026	0
ACED_USD	2018-04-12	0.003086	0.002603	0.003110	0.002536	0
ACED_USD	2018-04-11	0.002603	0.002497	0.002778	0.002495	0
ACED_USD	2018-04-10	0.002497	0.002603	0.002654	0.002428	0
ACED_USD	2018-04-09	0.002602	0.002630	0.002766	0.002546	0
ACED_USD	2018-04-08	0.002630	0.002721	0.002775	0.002417	0
ACED_USD	2018-04-07	0.002721	0.004167	0.004287	0.002202	0
ACED_USD	2018-04-06	0.004167	0.004226	0.004312	0.004100	0
ACED_USD	2018-04-05	0.004226	0.004581	0.004662	0.004165	0
ACED_USD	2018-04-04	0.004581	0.004665	0.004720	0.003895	0
ACED_USD	2018-04-03	0.004665	0.004655	0.005434	0.003935	0
ACED_USD	2018-04-02	0.004655	0.004495	0.004697	0.004471	0
ACED_USD	2018-04-01	0.004495	0.004501	0.004598	0.004247	0
ACED_USD	2018-03-31	0.004501	0.005096	0.005380	0.004451	0
ACED_USD	2018-03-30	0.005096	0.005284	0.005407	0.004901	0
ACED_USD	2018-03-29	0.005284	0.005916	0.005932	0.005136	0
ACED_USD	2018-03-28	0.005916	0.005799	0.006038	0.005759	0
ACED_USD	2018-03-27	0.005799	0.005647	0.005981	0.005154	0
ACED_USD	2018-03-26	0.005647	0.005827	0.006247	0.005160	0
ACED_USD	2018-03-25	0.005827	0.005997	0.006263	0.005187	0
ACED_USD	2018-03-24	0.005997	0.004807	0.006821	0.004651	0
ACED_USD	2018-03-23	0.004807	0.004664	0.004808	0.004426	0
ACED_USD	2018-03-22	0.004664	0.004806	0.004997	0.004414	0
ACED_USD	2018-03-21	0.004806	0.004581	0.004978	0.004478	0
ACED_USD	2018-03-20	0.004581	0.003827	0.004971	0.003718	0
ACED_USD	2018-03-19	0.003827	0.003119	0.004176	0.003086	0
ACED_USD	2018-03-18	0.003119	0.004289	0.004289	0.002783	0
ACED_USD	2018-03-17	0.004289	0.002570	0.004874	0.002511	0
ACED_USD	2018-03-16	0.002570	0.002930	0.004956	0.002559	0
ACED_USD	2018-03-15	0.002930	0.002660	0.002939	0.002272	0
ACED_USD	2018-03-14	0.002660	0.003152	0.003292	0.002575	0
ACED_USD	2018-03-13	0.003152	0.003101	0.003226	0.002940	0
ACED_USD	2018-03-12	0.003101	0.003614	0.003759	0.003081	0
ACED_USD	2018-03-11	0.003614	0.003283	0.003691	0.003161	0
ACED_USD	2018-03-10	0.003283	0.003227	0.003419	0.003185	0
ACED_USD	2018-03-09	0.003227	0.002929	0.003268	0.002589	0
ACED_USD	2018-03-08	0.002929	0.003508	0.003558	0.002447	0
ACED_USD	2018-03-07	0.003508	0.003914	0.003978	0.003349	0
ACED_USD	2018-03-06	0.003914	0.004538	0.004629	0.003214	0
ACED_USD	2018-03-05	0.004538	0.005293	0.005366	0.003040	0
ACED_USD	2018-03-04	0.005260	0.005546	0.006013	0.005235	0
ACED_USD	2018-03-03	0.005546	0.005236	0.006085	0.005236	0
ACED_USD	2018-03-02	0.005217	0.005354	0.005537	0.005119	0
