AMS_USD	2019-04-09	0.000552	0.000505	0.000555	0.000498	0
AMS_USD	2019-04-08	0.000505	0.000472	0.000507	0.000463	0
AMS_USD	2019-04-07	0.000472	0.000483	0.000484	0.000457	0
AMS_USD	2019-04-06	0.000483	0.000432	0.000501	0.000428	0
AMS_USD	2019-04-05	0.000432	0.000419	0.000435	0.000419	0
AMS_USD	2019-04-04	0.000419	0.000423	0.000433	0.000401	0
AMS_USD	2019-04-03	0.000423	0.000419	0.000453	0.000412	0
AMS_USD	2019-04-02	0.000419	0.000357	0.000432	0.000356	0
AMS_USD	2019-04-01	0.000357	0.000354	0.000359	0.000335	0
AMS_USD	2019-03-31	0.000354	0.000333	0.000355	0.000333	0
AMS_USD	2019-03-30	0.000333	0.000334	0.000337	0.000330	0
AMS_USD	2019-03-29	0.000334	0.000327	0.000335	0.000327	0
AMS_USD	2019-03-28	0.000327	0.000328	0.000328	0.000325	0
AMS_USD	2019-03-27	0.000328	0.000319	0.000329	0.000318	0
AMS_USD	2019-03-26	0.000319	0.000318	0.000320	0.000316	0
AMS_USD	2019-03-25	0.000318	0.000323	0.000324	0.000315	0
AMS_USD	2019-03-24	0.000323	0.000325	0.000325	0.000321	0
AMS_USD	2019-03-23	0.000325	0.000324	0.000326	0.000323	0
AMS_USD	2019-03-22	0.000324	0.000324	0.000346	0.000323	0
AMS_USD	2019-03-21	0.000324	0.000330	0.000332	0.000320	0
AMS_USD	2019-03-20	0.000330	0.000329	0.000331	0.000326	0
AMS_USD	2019-03-19	0.000329	0.000306	0.000329	0.000306	0
AMS_USD	2019-03-18	0.000306	0.000366	0.000371	0.000304	0
AMS_USD	2019-03-17	0.000366	0.000327	0.000386	0.000304	0
AMS_USD	2019-03-16	0.000327	0.000320	0.000347	0.000300	0
AMS_USD	2019-03-15	0.000320	0.000316	0.000340	0.000296	0
AMS_USD	2019-03-14	0.000316	0.000316	0.000336	0.000276	0
AMS_USD	2019-03-13	0.000316	0.000356	0.000356	0.000275	0
AMS_USD	2019-03-12	0.000356	0.000356	0.000358	0.000337	0
AMS_USD	2019-03-11	0.000356	0.000360	0.000361	0.000353	0
AMS_USD	2019-03-10	0.000360	0.000361	0.000362	0.000357	0
AMS_USD	2019-03-09	0.000361	0.000355	0.000364	0.000354	0
AMS_USD	2019-03-08	0.000355	0.000357	0.000362	0.000349	0
AMS_USD	2019-03-07	0.000357	0.000356	0.000359	0.000354	0
AMS_USD	2019-03-06	0.000356	0.000375	0.000376	0.000353	0
AMS_USD	2019-03-05	0.000375	0.000361	0.000377	0.000360	0
AMS_USD	2019-03-04	0.000361	0.000369	0.000371	0.000358	0
AMS_USD	2019-03-03	0.000369	0.000372	0.000373	0.000367	0
AMS_USD	2019-03-02	0.000372	0.000372	0.000373	0.000366	0
AMS_USD	2019-03-01	0.000372	0.000370	0.000375	0.000370	0
AMS_USD	2019-02-28	0.000370	0.000371	0.000379	0.000369	0
AMS_USD	2019-02-27	0.000371	0.000370	0.000374	0.000358	0
AMS_USD	2019-02-26	0.000370	0.000373	0.000374	0.000368	0
AMS_USD	2019-02-25	0.000373	0.000364	0.000377	0.000364	0
AMS_USD	2019-02-24	0.000364	0.000400	0.000407	0.000362	0
AMS_USD	2019-02-23	0.000400	0.000386	0.000404	0.000381	0
AMS_USD	2019-02-22	0.000386	0.000361	0.000407	0.000361	0
AMS_USD	2019-02-21	0.000361	0.000426	0.000433	0.000359	0
AMS_USD	2019-02-20	0.000426	0.000419	0.000427	0.000417	0
AMS_USD	2019-02-19	0.000419	0.000418	0.000429	0.000414	0
AMS_USD	2019-02-18	0.000418	0.000392	0.000421	0.000391	0
AMS_USD	2019-02-17	0.000392	0.000386	0.000397	0.000385	0
AMS_USD	2019-02-16	0.000386	0.000385	0.000391	0.000385	0
AMS_USD	2019-02-15	0.000385	0.000384	0.000390	0.000383	0
AMS_USD	2019-02-14	0.000384	0.000385	0.000387	0.000382	0
AMS_USD	2019-02-13	0.000385	0.000388	0.000392	0.000383	0
AMS_USD	2019-02-12	0.000388	0.000387	0.000391	0.000383	0
AMS_USD	2019-02-11	0.000387	0.000393	0.000393	0.000386	0
AMS_USD	2019-02-10	0.000393	0.000390	0.000394	0.000385	0
AMS_USD	2019-02-09	0.000390	0.000391	0.000393	0.000388	0
AMS_USD	2019-02-08	0.000391	0.000361	0.000398	0.000360	0
AMS_USD	2019-02-07	0.000361	0.000362	0.000364	0.000360	0
AMS_USD	2019-02-06	0.000362	0.000369	0.000370	0.000359	0
AMS_USD	2019-02-05	0.000369	0.000366	0.000369	0.000365	0
AMS_USD	2019-02-04	0.000366	0.000368	0.000370	0.000365	0
AMS_USD	2019-02-03	0.000368	0.000374	0.000375	0.000364	0
AMS_USD	2019-02-02	0.000374	0.000389	0.000391	0.000369	0
AMS_USD	2019-02-01	0.000389	0.000385	0.000391	0.000381	0
AMS_USD	2019-01-31	0.000385	0.000388	0.000392	0.000383	0
AMS_USD	2019-01-30	0.000388	0.000330	0.000389	0.000328	0
AMS_USD	2019-01-29	0.000330	0.000315	0.000332	0.000293	0
AMS_USD	2019-01-28	0.000315	0.000324	0.000324	0.000311	0
AMS_USD	2019-01-27	0.000324	0.000327	0.000328	0.000319	0
AMS_USD	2019-01-26	0.000327	0.000308	0.000336	0.000308	0
AMS_USD	2019-01-25	0.000308	0.000274	0.000309	0.000270	0
AMS_USD	2019-01-24	0.000274	0.000271	0.000275	0.000269	0
AMS_USD	2019-01-23	0.000271	0.000273	0.000275	0.000254	0
AMS_USD	2019-01-22	0.000273	0.000322	0.000331	0.000273	0
AMS_USD	2019-01-21	0.000322	0.000323	0.000325	0.000320	0
AMS_USD	2019-01-20	0.000323	0.000320	0.000323	0.000302	0
AMS_USD	2019-01-19	0.000321	0.000312	0.000341	0.000312	0
AMS_USD	2019-01-18	0.000312	0.000316	0.000331	0.000311	0
AMS_USD	2019-01-17	0.000316	0.000257	0.000316	0.000257	0
AMS_USD	2019-01-16	0.000257	0.000311	0.000311	0.000256	0
AMS_USD	2019-01-15	0.000311	0.000206	0.000319	0.000206	0
AMS_USD	2019-01-14	0.000206	0.000180	0.000209	0.000179	0
AMS_USD	2019-01-13	0.000180	0.000278	0.000279	0.000179	0
AMS_USD	2019-01-12	0.000278	0.000427	0.000429	0.000258	0
AMS_USD	2019-01-11	0.000427	0.000353	0.000433	0.000351	0
AMS_USD	2019-01-10	0.000353	0.000388	0.000393	0.000350	0
AMS_USD	2019-01-09	0.000388	0.000389	0.000395	0.000383	0
AMS_USD	2019-01-08	0.000389	0.000370	0.000415	0.000370	0
AMS_USD	2019-01-07	0.000370	0.000250	0.000374	0.000245	0
AMS_USD	2019-01-06	0.000250	0.000235	0.000430	0.000214	0
AMS_USD	2019-01-05	0.000235	0.000218	0.000239	0.000217	0
AMS_USD	2019-01-04	0.000217	0.000216	0.000219	0.000212	0
AMS_USD	2019-01-03	0.000216	0.000223	0.000223	0.000215	0
AMS_USD	2019-01-02	0.000223	0.000218	0.000224	0.000216	0
AMS_USD	2019-01-01	0.000218	0.000211	0.000219	0.000192	0
AMS_USD	2018-12-31	0.000211	0.000199	0.000217	0.000194	0
AMS_USD	2018-12-30	0.000199	0.000233	0.000259	0.000195	0
AMS_USD	2018-12-29	0.000233	0.000262	0.000265	0.000219	0
AMS_USD	2018-12-28	0.000262	0.000279	0.000281	0.000223	0
AMS_USD	2018-12-27	0.000279	0.000295	0.000297	0.000258	0
AMS_USD	2018-12-26	0.000295	0.000293	0.000299	0.000286	0
AMS_USD	2018-12-25	0.000293	0.000311	0.000311	0.000287	0
AMS_USD	2018-12-24	0.000311	0.000265	0.000349	0.000265	0
AMS_USD	2018-12-23	0.000265	0.000268	0.000274	0.000262	0
AMS_USD	2018-12-22	0.000268	0.000258	0.000270	0.000255	0
AMS_USD	2018-12-21	0.000258	0.000316	0.000322	0.000254	0
AMS_USD	2018-12-20	0.000316	0.000286	0.000339	0.000284	0
AMS_USD	2018-12-19	0.000286	0.000302	0.000335	0.000246	0
AMS_USD	2018-12-18	0.000302	0.000290	0.000304	0.000284	0
AMS_USD	2018-12-17	0.000290	0.000264	0.000296	0.000263	0
AMS_USD	2018-12-16	0.000264	0.000263	0.000270	0.000262	0
AMS_USD	2018-12-15	0.000263	0.000262	0.000266	0.000257	0
AMS_USD	2018-12-14	0.000262	0.000251	0.000266	0.000244	0
AMS_USD	2018-12-13	0.000251	0.000283	0.000283	0.000250	0
AMS_USD	2018-12-12	0.000283	0.000274	0.000288	0.000273	0
AMS_USD	2018-12-11	0.000276	0.000282	0.000284	0.000272	0
AMS_USD	2018-12-10	0.000282	0.000310	0.000314	0.000278	0
AMS_USD	2018-12-09	0.000310	0.000280	0.000330	0.000278	0
AMS_USD	2018-12-08	0.000280	0.000277	0.000293	0.000265	0
AMS_USD	2018-12-07	0.000277	0.000283	0.000288	0.000263	0
AMS_USD	2018-12-06	0.000283	0.000207	0.000324	0.000207	0
AMS_USD	2018-12-05	0.000207	0.000219	0.000220	0.000206	0
AMS_USD	2018-12-04	0.000219	0.000215	0.000227	0.000210	0
AMS_USD	2018-12-03	0.000215	0.000229	0.000230	0.000211	0
AMS_USD	2018-12-02	0.000229	0.000382	0.000391	0.000227	0
AMS_USD	2018-12-01	0.000382	0.000343	0.000390	0.000338	0
AMS_USD	2018-11-30	0.000343	0.000431	0.000449	0.000319	0
AMS_USD	2018-11-29	0.000431	0.000409	0.000433	0.000359	0
AMS_USD	2018-11-28	0.000409	0.000291	0.000421	0.000291	0
AMS_USD	2018-11-27	0.000291	0.000424	0.000434	0.000291	0
AMS_USD	2018-11-26	0.000424	0.000472	0.000482	0.000409	0
AMS_USD	2018-11-25	0.000472	0.000432	0.000483	0.000403	0
AMS_USD	2018-11-24	0.000432	0.000487	0.000497	0.000422	0
AMS_USD	2018-11-23	0.000487	0.000483	0.000493	0.000468	0
AMS_USD	2018-11-22	0.000483	0.000514	0.000519	0.000483	0
AMS_USD	2018-11-21	0.000514	0.000505	0.000525	0.000487	0
AMS_USD	2018-11-20	0.000505	0.000543	0.000555	0.000475	0
AMS_USD	2018-11-19	0.000543	0.000623	0.000623	0.000538	0
AMS_USD	2018-11-18	0.000623	0.000591	0.000623	0.000590	0
AMS_USD	2018-11-17	0.000591	0.000623	0.000623	0.000559	0
AMS_USD	2018-11-16	0.000623	0.000604	0.000623	0.000561	0
AMS_USD	2018-11-15	0.000604	0.000618	0.000623	0.000571	0
AMS_USD	2018-11-14	0.000618	0.000679	0.000681	0.000599	0
AMS_USD	2018-11-13	0.000679	0.000709	0.000710	0.000675	0
AMS_USD	2018-11-12	0.000709	0.000678	0.000710	0.000674	0
AMS_USD	2018-11-11	0.000678	0.000643	0.000678	0.000643	0
AMS_USD	2018-11-10	0.000643	0.000674	0.000709	0.000643	0
AMS_USD	2018-11-09	0.000674	0.000648	0.000676	0.000640	0
AMS_USD	2018-11-08	0.000648	0.000657	0.000658	0.000616	0
AMS_USD	2018-11-07	0.000658	0.000652	0.000661	0.000651	0
AMS_USD	2018-11-06	0.000652	0.000647	0.000652	0.000645	0
AMS_USD	2018-11-05	0.000647	0.000649	0.000650	0.000644	0
AMS_USD	2018-11-04	0.000649	0.000639	0.000651	0.000636	0
AMS_USD	2018-11-03	0.000639	0.000643	0.000675	0.000638	0
AMS_USD	2018-11-02	0.000643	0.000672	0.000678	0.000642	0
AMS_USD	2018-11-01	0.000672	0.000669	0.000674	0.000637	0
AMS_USD	2018-10-31	0.000669	0.000570	0.000672	0.000570	0
AMS_USD	2018-10-30	0.000570	0.000730	0.000733	0.000537	0
AMS_USD	2018-10-29	0.000730	0.000714	0.000748	0.000713	0
AMS_USD	2018-10-28	0.000714	0.000813	0.000814	0.000711	0
AMS_USD	2018-10-27	0.000813	0.000784	0.000819	0.000784	0
AMS_USD	2018-10-26	0.000784	0.000783	0.000823	0.000783	0
AMS_USD	2018-10-25	0.000783	0.000819	0.000820	0.000783	0
AMS_USD	2018-10-24	0.000819	0.000819	0.000828	0.000818	0
AMS_USD	2018-10-23	0.000819	0.000821	0.000823	0.000817	0
AMS_USD	2018-10-22	0.000821	0.000889	0.000894	0.000786	0
AMS_USD	2018-10-21	0.000889	0.000988	0.000998	0.000889	0
AMS_USD	2018-10-20	0.000988	0.000816	0.000988	0.000814	0
AMS_USD	2018-10-19	0.000816	0.001124	0.001127	0.000784	0
AMS_USD	2018-10-18	0.001124	0.001145	0.001152	0.001117	0
AMS_USD	2018-10-17	0.001145	0.001149	0.001155	0.001136	0
AMS_USD	2018-10-16	0.001149	0.001281	0.001281	0.000909	0
AMS_USD	2018-10-15	0.001281	0.001077	0.001285	0.001071	0
AMS_USD	2018-10-14	0.001077	0.001076	0.001088	0.001074	0
AMS_USD	2018-10-13	0.001076	0.001039	0.001076	0.001038	0
AMS_USD	2018-10-12	0.001039	0.001282	0.001287	0.000909	0
AMS_USD	2018-10-11	0.001282	0.001160	0.001297	0.001094	0
AMS_USD	2018-10-10	0.001160	0.001166	0.001166	0.001143	0
AMS_USD	2018-10-09	0.001166	0.001168	0.001169	0.001156	0
AMS_USD	2018-10-08	0.001168	0.001089	0.001207	0.001087	0
AMS_USD	2018-10-07	0.001089	0.000989	0.001152	0.000980	0
AMS_USD	2018-10-06	0.000989	0.000997	0.000997	0.000985	0
AMS_USD	2018-10-05	0.000997	0.001053	0.001060	0.000953	0
AMS_USD	2018-10-04	0.001053	0.001041	0.001061	0.001040	0
AMS_USD	2018-10-03	0.001041	0.001013	0.001045	0.000997	0
AMS_USD	2018-10-02	0.001013	0.001023	0.001028	0.001010	0
AMS_USD	2018-10-01	0.001023	0.001026	0.001032	0.001011	0
AMS_USD	2018-09-30	0.001026	0.001024	0.001032	0.001012	0
AMS_USD	2018-09-29	0.001024	0.001028	0.001028	0.000994	0
AMS_USD	2018-09-28	0.001028	0.001037	0.001058	0.000982	0
AMS_USD	2018-09-27	0.001037	0.001099	0.001109	0.000977	0
AMS_USD	2018-09-26	0.001099	0.001094	0.001114	0.001086	0
AMS_USD	2018-09-25	0.001094	0.001119	0.001119	0.001080	0
AMS_USD	2018-09-24	0.001119	0.001141	0.001143	0.001114	0
AMS_USD	2018-09-23	0.001141	0.001143	0.001153	0.001133	0
AMS_USD	2018-09-22	0.001143	0.001117	0.001144	0.001096	0
AMS_USD	2018-09-21	0.001117	0.001105	0.001153	0.001104	0
AMS_USD	2018-09-20	0.001105	0.001119	0.001123	0.001024	0
AMS_USD	2018-09-19	0.001119	0.001078	0.001129	0.001039	0
AMS_USD	2018-09-18	0.001078	0.001251	0.001257	0.000853	0
AMS_USD	2018-09-17	0.001251	0.001300	0.001306	0.001217	0
AMS_USD	2018-09-16	0.001300	0.001239	0.001301	0.001212	0
AMS_USD	2018-09-15	0.001239	0.001395	0.001412	0.001208	0
AMS_USD	2018-09-14	0.001395	0.001425	0.001449	0.001370	0
AMS_USD	2018-09-13	0.001425	0.001362	0.001435	0.001362	0
AMS_USD	2018-09-12	0.001362	0.001352	0.001393	0.001334	0
AMS_USD	2018-09-11	0.001352	0.001388	0.001437	0.001336	0
AMS_USD	2018-09-10	0.001388	0.001342	0.001396	0.001342	0
AMS_USD	2018-09-09	0.001342	0.001330	0.001380	0.001324	0
AMS_USD	2018-09-08	0.001330	0.001377	0.001392	0.001320	0
AMS_USD	2018-09-07	0.001377	0.001400	0.001405	0.001360	0
AMS_USD	2018-09-06	0.001400	0.001508	0.001512	0.001375	0
AMS_USD	2018-09-05	0.001508	0.001729	0.001738	0.001508	0
AMS_USD	2018-09-04	0.001729	0.001708	0.001741	0.001703	0
AMS_USD	2018-09-03	0.001708	0.001713	0.001724	0.001692	0
AMS_USD	2018-09-02	0.001713	0.001691	0.001727	0.001677	0
AMS_USD	2018-09-01	0.001691	0.001686	0.001733	0.001685	0
AMS_USD	2018-08-31	0.001686	0.001679	0.001700	0.001655	0
AMS_USD	2018-08-30	0.001679	0.001656	0.001679	0.001604	0
AMS_USD	2018-08-29	0.001656	0.001663	0.001675	0.001628	0
AMS_USD	2018-08-28	0.001663	0.001622	0.001675	0.001615	0
AMS_USD	2018-08-27	0.001622	0.001576	0.001624	0.001565	0
AMS_USD	2018-08-26	0.001576	0.001584	0.001594	0.001547	0
AMS_USD	2018-08-25	0.001584	0.001573	0.001596	0.001567	0
AMS_USD	2018-08-24	0.001573	0.001534	0.001580	0.001519	0
AMS_USD	2018-08-23	0.001534	0.001493	0.001543	0.001492	0
AMS_USD	2018-08-22	0.001493	0.001523	0.001614	0.001469	0
AMS_USD	2018-08-21	0.001523	0.001470	0.001527	0.001469	0
AMS_USD	2018-08-20	0.001470	0.001556	0.001565	0.001464	0
AMS_USD	2018-08-19	0.001556	0.001534	0.001569	0.001514	0
AMS_USD	2018-08-18	0.001534	0.001581	0.001586	0.001513	0
AMS_USD	2018-08-17	0.001581	0.001515	0.001581	0.001510	0
AMS_USD	2018-08-16	0.001515	0.002038	0.002057	0.001472	0
AMS_USD	2018-08-15	0.002038	0.002010	0.002149	0.002009	0
AMS_USD	2018-08-14	0.002010	0.002032	0.002032	0.001913	0
AMS_USD	2018-08-13	0.002032	0.002052	0.002124	0.002002	0
AMS_USD	2018-08-12	0.002052	0.002023	0.002096	0.002003	0
AMS_USD	2018-08-11	0.002023	0.001966	0.002099	0.001923	0
AMS_USD	2018-08-10	0.001966	0.002089	0.002104	0.001926	0
AMS_USD	2018-08-09	0.002089	0.002009	0.002119	0.001981	0
AMS_USD	2018-08-08	0.002009	0.002150	0.002150	0.001992	0
AMS_USD	2018-08-07	0.002150	0.002151	0.002240	0.002052	0
AMS_USD	2018-08-06	0.002151	0.002215	0.002313	0.002095	0
AMS_USD	2018-08-05	0.002215	0.002172	0.002244	0.002103	0
AMS_USD	2018-08-04	0.002172	0.002373	0.002396	0.002169	0
AMS_USD	2018-08-03	0.002373	0.002336	0.002469	0.002017	0
AMS_USD	2018-08-02	0.002336	0.002245	0.002443	0.002243	0
AMS_USD	2018-08-01	0.002245	0.002285	0.002288	0.002196	0
AMS_USD	2018-07-31	0.002285	0.002656	0.002657	0.002224	0
AMS_USD	2018-07-30	0.002656	0.002672	0.002821	0.002517	0
AMS_USD	2018-07-29	0.002672	0.002350	0.002999	0.002286	0
AMS_USD	2018-07-28	0.002350	0.002433	0.002433	0.002350	0
AMS_USD	2018-07-27	0.002433	0.002515	0.002515	0.002268	0
AMS_USD	2018-07-26	0.002515	0.002494	0.002557	0.002391	0
AMS_USD	2018-07-25	0.002494	0.002650	0.002735	0.002490	0
AMS_USD	2018-07-24	0.002650	0.002430	0.002669	0.002423	0
AMS_USD	2018-07-23	0.002430	0.002331	0.002523	0.002323	0
AMS_USD	2018-07-22	0.002331	0.002332	0.002383	0.002314	0
AMS_USD	2018-07-21	0.002332	0.002310	0.002355	0.002275	0
AMS_USD	2018-07-20	0.002310	0.002392	0.002419	0.002275	0
AMS_USD	2018-07-19	0.002392	0.002320	0.002418	0.002295	0
AMS_USD	2018-07-18	0.002320	0.002306	0.002388	0.002274	0
AMS_USD	2018-07-17	0.002306	0.002122	0.002351	0.002100	0
AMS_USD	2018-07-16	0.002122	0.001967	0.002126	0.001963	0
AMS_USD	2018-07-15	0.001967	0.001969	0.001980	0.001883	0
AMS_USD	2018-07-14	0.001969	0.001959	0.001985	0.001947	0
AMS_USD	2018-07-13	0.001959	0.001963	0.001994	0.001935	0
AMS_USD	2018-07-12	0.001963	0.002009	0.002009	0.001916	0
AMS_USD	2018-07-11	0.002009	0.001985	0.002014	0.001981	0
AMS_USD	2018-07-10	0.001985	0.002098	0.002104	0.001978	0
AMS_USD	2018-07-09	0.002098	0.002113	0.002141	0.002090	0
AMS_USD	2018-07-08	0.002113	0.002198	0.002290	0.002105	0
AMS_USD	2018-07-07	0.002198	0.002443	0.002450	0.002062	0
AMS_USD	2018-07-06	0.002443	0.002387	0.002464	0.002349	0
AMS_USD	2018-07-05	0.002387	0.002438	0.002478	0.002358	0
AMS_USD	2018-07-04	0.002438	0.002405	0.002479	0.002343	0
AMS_USD	2018-07-03	0.002405	0.002581	0.002601	0.000033	0
AMS_USD	2018-07-02	0.002581	0.002413	0.002582	0.000000	0
AMS_USD	2018-07-01	0.002413	0.002652	0.002669	0.002386	0
AMS_USD	2018-06-30	0.002652	0.002574	0.002704	0.002574	0
AMS_USD	2018-06-29	0.002576	0.002427	0.002603	0.002407	0
AMS_USD	2018-06-28	0.002431	0.002576	0.002657	0.002419	0
AMS_USD	2018-06-27	0.002576	0.002608	0.002629	0.002515	0
AMS_USD	2018-06-26	0.002617	0.003688	0.003863	0.002593	0
AMS_USD	2018-06-25	0.003685	0.002858	0.003844	0.002462	0
AMS_USD	2018-06-24	0.002859	0.002864	0.002901	0.002685	0
AMS_USD	2018-06-23	0.002861	0.002810	0.002906	0.002797	0
AMS_USD	2018-06-22	0.002810	0.003122	0.003130	0.002761	0
AMS_USD	2018-06-21	0.003122	0.003143	0.003155	0.003111	0
AMS_USD	2018-06-20	0.003144	0.003131	0.003167	0.003051	0
AMS_USD	2018-06-19	0.003134	0.003121	0.003175	0.003101	0
AMS_USD	2018-06-18	0.003120	0.002996	0.003156	0.002970	0
AMS_USD	2018-06-17	0.002994	0.003016	0.003055	0.002989	0
AMS_USD	2018-06-16	0.003016	0.002969	0.003046	0.002943	0
AMS_USD	2018-06-15	0.002968	0.003088	0.003088	0.002958	0
AMS_USD	2018-06-14	0.003083	0.002927	0.003115	0.002917	0
AMS_USD	2018-06-13	0.002926	0.003043	0.003072	0.002849	0
AMS_USD	2018-06-12	0.003042	0.003195	0.003195	0.002995	0
AMS_USD	2018-06-11	0.003196	0.003514	0.003547	0.003110	0
AMS_USD	2018-06-10	0.003510	0.003899	0.003899	0.003454	0
AMS_USD	2018-06-09	0.003898	0.004760	0.004772	0.003885	0
AMS_USD	2018-06-08	0.004759	0.005995	0.006088	0.004756	0
AMS_USD	2018-06-07	0.005997	0.006200	0.006282	0.005839	0
AMS_USD	2018-06-06	0.006199	0.006293	0.006306	0.005685	0
AMS_USD	2018-06-05	0.006288	0.005654	0.006368	0.005346	0
AMS_USD	2018-06-04	0.005658	0.005485	0.005687	0.005332	0
AMS_USD	2018-06-03	0.005480	0.005572	0.005593	0.005351	0
AMS_USD	2018-06-02	0.005576	0.003538	0.006227	0.003534	0
AMS_USD	2018-06-01	0.003535	0.003443	0.003572	0.003382	0
AMS_USD	2018-05-31	0.003444	0.003502	0.003534	0.003376	0
AMS_USD	2018-05-30	0.003503	0.003845	0.003928	0.003503	0
AMS_USD	2018-05-29	0.003840	0.004298	0.004362	0.003528	0
AMS_USD	2018-05-28	0.004295	0.004663	0.004718	0.004069	0
AMS_USD	2018-05-27	0.004661	0.004910	0.004950	0.004651	0
AMS_USD	2018-05-26	0.004909	0.004959	0.005096	0.004883	0
AMS_USD	2018-05-25	0.004960	0.005038	0.005085	0.004876	0
AMS_USD	2018-05-24	0.005036	0.004990	0.005131	0.004831	0
AMS_USD	2018-05-23	0.004994	0.005065	0.005886	0.004914	0
AMS_USD	2018-05-22	0.005067	0.005709	0.005715	0.005048	0
AMS_USD	2018-05-21	0.005709	0.005881	0.005965	0.005645	0
AMS_USD	2018-05-20	0.005881	0.006262	0.006697	0.005863	0
AMS_USD	2018-05-19	0.006262	0.006056	0.006315	0.005985	0
AMS_USD	2018-05-18	0.006056	0.005800	0.006315	0.005708	0
AMS_USD	2018-05-17	0.005808	0.004842	0.005989	0.004479	0
AMS_USD	2018-05-16	0.004838	0.004360	0.005068	0.004173	0
AMS_USD	2018-05-15	0.004360	0.003250	0.004449	0.003167	0
AMS_USD	2018-05-14	0.003250	0.002909	0.003264	0.002773	0
AMS_USD	2018-05-13	0.002909	0.002542	0.003007	0.002509	0
AMS_USD	2018-05-12	0.002537	0.002266	0.003093	0.002266	0
AMS_USD	2018-05-11	0.002266	0.002255	0.002628	0.002185	0
AMS_USD	2018-05-10	0.002255	0.002423	0.002534	0.002251	0
AMS_USD	2018-05-09	0.002423	0.002204	0.002483	0.002110	0
AMS_USD	2018-05-08	0.002206	0.003790	0.003803	0.000000	0
AMS_USD	2018-05-07	0.003866	0.004105	0.004112	0.003807	0
AMS_USD	2018-05-06	0.004105	0.004045	0.004111	0.003829	0
AMS_USD	2018-05-05	0.004089	0.003980	0.004144	0.003971	0
AMS_USD	2018-05-04	0.003980	0.004102	0.004219	0.003980	0
AMS_USD	2018-05-03	0.004104	0.003879	0.004187	0.003853	0
AMS_USD	2018-05-02	0.003879	0.003853	0.003935	0.003694	0
AMS_USD	2018-05-01	0.003857	0.003925	0.003926	0.003755	0
AMS_USD	2018-04-30	0.003925	0.004041	0.004158	0.003727	0
AMS_USD	2018-04-29	0.004041	0.004016	0.004111	0.003949	0
AMS_USD	2018-04-28	0.004016	0.003438	0.004050	0.003416	0
AMS_USD	2018-04-27	0.003438	0.004043	0.004081	0.003428	0
AMS_USD	2018-04-26	0.004044	0.003861	0.004286	0.003714	0
AMS_USD	2018-04-25	0.003861	0.003812	0.003988	0.003470	0
AMS_USD	2018-04-24	0.003821	0.004112	0.004372	0.003730	0
AMS_USD	2018-04-23	0.004112	0.004092	0.004188	0.004061	0
AMS_USD	2018-04-22	0.004092	0.004056	0.004185	0.004024	0
AMS_USD	2018-04-21	0.004056	0.004036	0.004108	0.003922	0
AMS_USD	2018-04-20	0.004036	0.004137	0.004281	0.003858	0
AMS_USD	2018-04-19	0.004137	0.003797	0.004148	0.003690	0
AMS_USD	2018-04-18	0.003797	0.003629	0.003940	0.003353	0
AMS_USD	2018-04-17	0.003629	0.003706	0.003756	0.003601	0
AMS_USD	2018-04-16	0.003706	0.003886	0.003908	0.003654	0
AMS_USD	2018-04-15	0.003886	0.003842	0.003916	0.003775	0
AMS_USD	2018-04-14	0.003842	0.003467	0.003881	0.003442	0
AMS_USD	2018-04-13	0.003467	0.003521	0.003660	0.003452	0
AMS_USD	2018-04-12	0.003521	0.003020	0.003588	0.002975	0
AMS_USD	2018-04-11	0.003022	0.002975	0.003033	0.002956	0
AMS_USD	2018-04-10	0.002975	0.002907	0.002997	0.002861	0
AMS_USD	2018-04-09	0.002906	0.003051	0.003125	0.002844	0
AMS_USD	2018-04-08	0.003051	0.002927	0.003091	0.002926	0
AMS_USD	2018-04-07	0.002927	0.002943	0.003164	0.002884	0
AMS_USD	2018-04-06	0.002943	0.003110	0.003183	0.002936	0
AMS_USD	2018-04-05	0.003110	0.003122	0.003243	0.002948	0
AMS_USD	2018-04-04	0.003122	0.003221	0.003306	0.003048	0
AMS_USD	2018-04-03	0.003221	0.003350	0.003562	0.003202	0
AMS_USD	2018-04-02	0.003350	0.003235	0.003380	0.003218	0
AMS_USD	2018-04-01	0.003235	0.003255	0.003412	0.002960	0
AMS_USD	2018-03-31	0.003255	0.003044	0.003309	0.003023	0
AMS_USD	2018-03-30	0.003044	0.003156	0.003230	0.002927	0
AMS_USD	2018-03-29	0.003156	0.003534	0.003543	0.003068	0
AMS_USD	2018-03-28	0.003534	0.003386	0.003559	0.003362	0
AMS_USD	2018-03-27	0.003386	0.003453	0.003578	0.003344	0
AMS_USD	2018-03-26	0.003453	0.003927	0.003992	0.003414	0
AMS_USD	2018-03-25	0.003927	0.003530	0.004174	0.003513	0
AMS_USD	2018-03-24	0.003530	0.003962	0.004068	0.003526	0
AMS_USD	2018-03-23	0.003962	0.003792	0.003962	0.003645	0
AMS_USD	2018-03-22	0.003792	0.004094	0.004202	0.003775	0
AMS_USD	2018-03-21	0.004094	0.004003	0.004170	0.003986	0
AMS_USD	2018-03-20	0.004003	0.004257	0.004467	0.003979	0
AMS_USD	2018-03-19	0.004257	0.004063	0.004306	0.004016	0
AMS_USD	2018-03-18	0.004063	0.003817	0.004091	0.003625	0
AMS_USD	2018-03-17	0.003817	0.004643	0.004643	0.003759	0
AMS_USD	2018-03-16	0.004643	0.004581	0.004852	0.004387	0
AMS_USD	2018-03-15	0.004581	0.004297	0.004642	0.003897	0
AMS_USD	2018-03-14	0.004297	0.004385	0.009340	0.003979	0
AMS_USD	2018-03-13	0.004385	0.005198	0.005542	0.004316	0
AMS_USD	2018-03-12	0.005198	0.005516	0.005688	0.005016	0
AMS_USD	2018-03-11	0.005516	0.004071	0.005632	0.003920	0
AMS_USD	2018-03-10	0.004071	0.003642	0.005026	0.003508	0
AMS_USD	2018-03-09	0.003642	0.006230	0.006804	0.003605	0
AMS_USD	2018-03-08	0.006230	0.011265	0.011447	0.006087	0
AMS_USD	2018-03-07	0.011265	0.011956	0.012151	0.010520	0
AMS_USD	2018-03-06	0.011956	0.012809	0.012809	0.011799	0
AMS_USD	2018-03-05	0.012809	0.012888	0.013832	0.012801	0
AMS_USD	2018-03-04	0.012874	0.014237	0.014263	0.012746	0
AMS_USD	2018-03-03	0.014237	0.014662	0.017419	0.014092	0
AMS_USD	2018-03-02	0.014662	0.016281	0.016667	0.013534	0
