ARY_USD	2019-04-09	0.02849	0.02889	0.02889	0.02809	0
ARY_USD	2019-04-08	0.02889	0.02848	0.02911	0.02796	0
ARY_USD	2019-04-07	0.02848	0.02759	0.02878	0.02756	0
ARY_USD	2019-04-06	0.02759	0.02761	0.02865	0.02698	0
ARY_USD	2019-04-05	0.02761	0.02680	0.02779	0.02679	0
ARY_USD	2019-04-04	0.02680	0.02703	0.02769	0.02625	0
ARY_USD	2019-04-03	0.02703	0.02678	0.02892	0.02634	0
ARY_USD	2019-04-02	0.02678	0.02280	0.02757	0.02275	0
ARY_USD	2019-04-01	0.02280	0.02263	0.02292	0.02241	0
ARY_USD	2019-03-31	0.02263	0.02262	0.02270	0.02255	0
ARY_USD	2019-03-30	0.02262	0.02269	0.02286	0.02240	0
ARY_USD	2019-03-29	0.02269	0.02222	0.02274	0.02218	0
ARY_USD	2019-03-28	0.02222	0.02228	0.02228	0.02209	0
ARY_USD	2019-03-27	0.02228	0.02167	0.02232	0.02161	0
ARY_USD	2019-03-26	0.02167	0.02156	0.02169	0.02145	0
ARY_USD	2019-03-25	0.02156	0.02195	0.02199	0.02139	0
ARY_USD	2019-03-24	0.02195	0.02206	0.02206	0.02179	0
ARY_USD	2019-03-23	0.02206	0.02198	0.02213	0.02192	0
ARY_USD	2019-03-22	0.02198	0.02196	0.02210	0.02191	0
ARY_USD	2019-03-21	0.02196	0.02241	0.02251	0.02175	0
ARY_USD	2019-03-20	0.02241	0.02230	0.02246	0.02212	0
ARY_USD	2019-03-19	0.02230	0.02212	0.02236	0.02203	0
ARY_USD	2019-03-18	0.02212	0.02209	0.02236	0.02193	0
ARY_USD	2019-03-17	0.02209	0.02221	0.02221	0.02194	0
ARY_USD	2019-03-16	0.02221	0.02174	0.02255	0.02174	0
ARY_USD	2019-03-15	0.02174	0.02145	0.02178	0.02144	0
ARY_USD	2019-03-14	0.02145	0.02144	0.02172	0.02111	0
ARY_USD	2019-03-13	0.02144	0.02147	0.02156	0.02131	0
ARY_USD	2019-03-12	0.02147	0.02146	0.02161	0.02116	0
ARY_USD	2019-03-11	0.02146	0.02172	0.02177	0.02129	0
ARY_USD	2019-03-10	0.02172	0.02180	0.02181	0.02153	0
ARY_USD	2019-03-09	0.02180	0.02140	0.02196	0.02136	0
ARY_USD	2019-03-08	0.02140	0.02153	0.02183	0.02105	0
ARY_USD	2019-03-07	0.02153	0.02146	0.02169	0.02137	0
ARY_USD	2019-03-06	0.02146	0.02145	0.02160	0.02124	0
ARY_USD	2019-03-05	0.02145	0.02063	0.02154	0.02056	0
ARY_USD	2019-03-04	0.02063	0.02109	0.02122	0.02046	0
ARY_USD	2019-03-03	0.02109	0.02125	0.02130	0.02096	0
ARY_USD	2019-03-02	0.02125	0.02127	0.02131	0.02094	0
ARY_USD	2019-03-01	0.02127	0.02115	0.02144	0.02114	0
ARY_USD	2019-02-28	0.02115	0.02118	0.02165	0.02109	0
ARY_USD	2019-02-27	0.02118	0.02117	0.02136	0.02049	0
ARY_USD	2019-02-26	0.02117	0.02131	0.02136	0.02104	0
ARY_USD	2019-02-25	0.02131	0.02081	0.02153	0.02080	0
ARY_USD	2019-02-24	0.02081	0.02287	0.02325	0.02070	0
ARY_USD	2019-02-23	0.02287	0.02207	0.02310	0.02180	0
ARY_USD	2019-02-22	0.02207	0.02177	0.02212	0.02167	0
ARY_USD	2019-02-21	0.02177	0.02205	0.02238	0.02159	0
ARY_USD	2019-02-20	0.02205	0.02167	0.02208	0.02155	0
ARY_USD	2019-02-19	0.02167	0.02161	0.02216	0.02141	0
ARY_USD	2019-02-18	0.02161	0.02028	0.02177	0.02022	0
ARY_USD	2019-02-17	0.02028	0.01996	0.02054	0.01992	0
ARY_USD	2019-02-16	0.01996	0.01990	0.02022	0.01990	0
ARY_USD	2019-02-15	0.01990	0.01986	0.02018	0.01979	0
ARY_USD	2019-02-14	0.01986	0.01992	0.01999	0.01978	0
ARY_USD	2019-02-13	0.01992	0.02006	0.02028	0.01982	0
ARY_USD	2019-02-12	0.02006	0.01999	0.02022	0.01979	0
ARY_USD	2019-02-11	0.01999	0.02035	0.02036	0.01996	0
ARY_USD	2019-02-10	0.02035	0.02019	0.02035	0.01992	0
ARY_USD	2019-02-09	0.02019	0.02022	0.02030	0.02006	0
ARY_USD	2019-02-08	0.02022	0.01866	0.02060	0.01861	0
ARY_USD	2019-02-07	0.01866	0.01874	0.01880	0.01863	0
ARY_USD	2019-02-06	0.01874	0.01907	0.01912	0.01859	0
ARY_USD	2019-02-05	0.01907	0.01895	0.01909	0.01887	0
ARY_USD	2019-02-04	0.01895	0.01901	0.01911	0.01887	0
ARY_USD	2019-02-03	0.01901	0.01933	0.01937	0.01885	0
ARY_USD	2019-02-02	0.01933	0.01921	0.01940	0.01901	0
ARY_USD	2019-02-01	0.01921	0.01902	0.01930	0.01882	0
ARY_USD	2019-01-31	0.01902	0.01917	0.01937	0.01891	0
ARY_USD	2019-01-30	0.01917	0.01889	0.01926	0.01875	0
ARY_USD	2019-01-29	0.01889	0.01901	0.01907	0.01859	0
ARY_USD	2019-01-28	0.01901	0.01953	0.01954	0.01877	0
ARY_USD	2019-01-27	0.01953	0.01973	0.01978	0.01924	0
ARY_USD	2019-01-26	0.01973	0.01971	0.02027	0.01968	0
ARY_USD	2019-01-25	0.01971	0.01983	0.01989	0.01952	0
ARY_USD	2019-01-24	0.01983	0.01966	0.01992	0.01949	0
ARY_USD	2019-01-23	0.01966	0.01976	0.01994	0.01951	0
ARY_USD	2019-01-22	0.01976	0.01944	0.01996	0.01902	0
ARY_USD	2019-01-21	0.01944	0.01947	0.01958	0.01929	0
ARY_USD	2019-01-20	0.01947	0.02044	0.02061	0.01926	0
ARY_USD	2019-01-19	0.02044	0.01996	0.02090	0.01995	0
ARY_USD	2019-01-18	0.01996	0.02020	0.02022	0.01984	0
ARY_USD	2019-01-17	0.02020	0.01994	0.02021	0.01966	0
ARY_USD	2019-01-16	0.01994	0.01985	0.02027	0.01978	0
ARY_USD	2019-01-15	0.01985	0.02036	0.02049	0.01973	0
ARY_USD	2019-01-14	0.02036	0.01950	0.02062	0.01944	0
ARY_USD	2019-01-13	0.01950	0.01986	0.02029	0.01940	0
ARY_USD	2019-01-12	0.01986	0.01987	0.02026	0.01971	0
ARY_USD	2019-01-11	0.01987	0.02062	0.02070	0.01954	0
ARY_USD	2019-01-10	0.02062	0.02213	0.02242	0.01972	0
ARY_USD	2019-01-09	0.02213	0.02167	0.02346	0.02058	0
ARY_USD	2019-01-08	0.02167	0.02273	0.02343	0.02167	0
ARY_USD	2019-01-07	0.02273	0.02253	0.02339	0.02135	0
ARY_USD	2019-01-06	0.02253	0.02177	0.04322	0.02086	0
ARY_USD	2019-01-05	0.02177	0.02030	0.02201	0.02025	0
ARY_USD	2019-01-04	0.02030	0.02005	0.02045	0.01976	0
ARY_USD	2019-01-03	0.02005	0.02080	0.02080	0.01985	0
ARY_USD	2019-01-02	0.02080	0.01937	0.02093	0.01927	0
ARY_USD	2019-01-01	0.01937	0.01875	0.01950	0.01831	0
ARY_USD	2018-12-31	0.01875	0.02050	0.02055	0.01870	0
ARY_USD	2018-12-30	0.02050	0.01996	0.02059	0.01977	0
ARY_USD	2018-12-29	0.01996	0.02057	0.02169	0.01992	0
ARY_USD	2018-12-28	0.02057	0.02083	0.02243	0.01983	0
ARY_USD	2018-12-27	0.02083	0.02187	0.02205	0.02012	0
ARY_USD	2018-12-26	0.02187	0.02166	0.02211	0.02077	0
ARY_USD	2018-12-25	0.02166	0.02321	0.02325	0.02111	0
ARY_USD	2018-12-24	0.02321	0.02229	0.02438	0.02192	0
ARY_USD	2018-12-23	0.02229	0.02354	0.02410	0.02210	0
ARY_USD	2018-12-22	0.02354	0.02306	0.02374	0.02259	0
ARY_USD	2018-12-21	0.02306	0.02440	0.02459	0.02267	0
ARY_USD	2018-12-20	0.02440	0.02185	0.02487	0.02169	0
ARY_USD	2018-12-19	0.02185	0.02147	0.02288	0.02137	0
ARY_USD	2018-12-18	0.02147	0.02068	0.02157	0.02016	0
ARY_USD	2018-12-17	0.02068	0.01906	0.02134	0.01888	0
ARY_USD	2018-12-16	0.01906	0.01911	0.01964	0.01892	0
ARY_USD	2018-12-15	0.01911	0.01921	0.01955	0.01863	0
ARY_USD	2018-12-14	0.01921	0.01979	0.01998	0.01860	0
ARY_USD	2018-12-13	0.01977	0.02055	0.02079	0.01961	0
ARY_USD	2018-12-12	0.02055	0.02026	0.02101	0.02004	0
ARY_USD	2018-12-11	0.02044	0.02096	0.02169	0.01983	0
ARY_USD	2018-12-10	0.02096	0.02186	0.02218	0.02066	0
ARY_USD	2018-12-09	0.02186	0.02065	0.02251	0.02022	0
ARY_USD	2018-12-08	0.02065	0.02044	0.02170	0.01946	0
ARY_USD	2018-12-07	0.02044	0.02225	0.02229	0.01952	0
ARY_USD	2018-12-06	0.02225	0.02177	0.02330	0.02154	0
ARY_USD	2018-12-05	0.02177	0.02332	0.02354	0.02175	0
ARY_USD	2018-12-04	0.02332	0.02279	0.02422	0.02225	0
ARY_USD	2018-12-03	0.02279	0.02433	0.02459	0.02241	0
ARY_USD	2018-12-02	0.02433	0.02495	0.02557	0.02400	0
ARY_USD	2018-12-01	0.02495	0.02393	0.02601	0.02358	0
ARY_USD	2018-11-30	0.02393	0.02572	0.02579	0.02350	0
ARY_USD	2018-11-29	0.02572	0.02515	0.02701	0.02457	0
ARY_USD	2018-11-28	0.02515	0.02288	0.02627	0.02193	0
ARY_USD	2018-11-27	0.02288	0.02407	0.02447	0.02131	0
ARY_USD	2018-11-26	0.02407	0.02352	0.02620	0.02058	0
ARY_USD	2018-11-25	0.02352	0.02158	0.02451	0.02014	0
ARY_USD	2018-11-24	0.02158	0.02430	0.02536	0.02105	0
ARY_USD	2018-11-23	0.02430	0.02510	0.02573	0.02359	0
ARY_USD	2018-11-22	0.02510	0.02553	0.02627	0.02456	0
ARY_USD	2018-11-21	0.02553	0.02480	0.02676	0.02410	0
ARY_USD	2018-11-20	0.02480	0.02536	0.03062	0.02317	0
ARY_USD	2018-11-19	0.02536	0.02900	0.02930	0.02529	0
ARY_USD	2018-11-18	0.02900	0.02827	0.02971	0.02826	0
ARY_USD	2018-11-17	0.02827	0.02853	0.02853	0.02774	0
ARY_USD	2018-11-16	0.02853	0.02847	0.02926	0.02736	0
ARY_USD	2018-11-15	0.02847	0.02934	0.03009	0.02698	0
ARY_USD	2018-11-14	0.02934	0.03252	0.03253	0.02830	0
ARY_USD	2018-11-13	0.03252	0.03246	0.03271	0.03224	0
ARY_USD	2018-11-12	0.03246	0.03240	0.03270	0.03228	0
ARY_USD	2018-11-11	0.03240	0.03228	0.03354	0.03179	0
ARY_USD	2018-11-10	0.03228	0.03159	0.03495	0.03156	0
ARY_USD	2018-11-09	0.03159	0.03165	0.03227	0.03063	0
ARY_USD	2018-11-08	0.03165	0.03957	0.03964	0.03085	0
ARY_USD	2018-11-07	0.03957	0.04026	0.04083	0.03933	0
ARY_USD	2018-11-06	0.04026	0.03892	0.04026	0.03773	0
ARY_USD	2018-11-05	0.03892	0.03901	0.03910	0.03853	0
ARY_USD	2018-11-04	0.03901	0.03861	0.03956	0.03831	0
ARY_USD	2018-11-03	0.03861	0.03869	0.03872	0.03809	0
ARY_USD	2018-11-02	0.03869	0.03830	0.03877	0.03519	0
ARY_USD	2018-11-01	0.03830	0.03808	0.03866	0.03799	0
ARY_USD	2018-10-31	0.03808	0.03770	0.03826	0.03748	0
ARY_USD	2018-10-30	0.03769	0.03724	0.03786	0.03696	0
ARY_USD	2018-10-29	0.03724	0.03819	0.03842	0.03707	0
ARY_USD	2018-10-28	0.03819	0.03767	0.03832	0.03734	0
ARY_USD	2018-10-27	0.03767	0.03700	0.03886	0.03699	0
ARY_USD	2018-10-26	0.03700	0.03688	0.03801	0.03602	0
ARY_USD	2018-10-25	0.03688	0.03693	0.03854	0.03550	0
ARY_USD	2018-10-24	0.03693	0.03586	0.03695	0.03557	0
ARY_USD	2018-10-23	0.03586	0.03648	0.03801	0.03463	0
ARY_USD	2018-10-22	0.03648	0.03597	0.03969	0.03494	0
ARY_USD	2018-10-21	0.03597	0.03691	0.03762	0.03454	0
ARY_USD	2018-10-20	0.03691	0.03544	0.04248	0.03373	0
ARY_USD	2018-10-19	0.03544	0.02950	0.04269	0.02883	0
ARY_USD	2018-10-18	0.02950	0.03974	0.04165	0.02894	0
ARY_USD	2018-10-17	0.03974	0.03588	0.04210	0.03187	0
ARY_USD	2018-10-16	0.03588	0.05154	0.05263	0.03527	0
ARY_USD	2018-10-15	0.05154	0.06697	0.07296	0.04745	0
ARY_USD	2018-10-14	0.06697	0.06703	0.06996	0.06291	0
ARY_USD	2018-10-13	0.06703	0.05998	0.06934	0.05212	0
ARY_USD	2018-10-12	0.05998	0.05880	0.06466	0.03356	0
ARY_USD	2018-10-11	0.05880	0.06080	0.06138	0.05618	0
ARY_USD	2018-10-10	0.06080	0.07129	0.07143	0.05847	0
ARY_USD	2018-10-09	0.07129	0.07634	0.07774	0.06971	0
ARY_USD	2018-10-08	0.07634	0.08172	0.08194	0.07553	0
ARY_USD	2018-10-07	0.08172	0.08055	0.08341	0.07065	0
ARY_USD	2018-10-06	0.08055	0.08725	0.08854	0.08005	0
ARY_USD	2018-10-05	0.08725	0.08774	0.08847	0.08520	0
ARY_USD	2018-10-04	0.08774	0.08669	0.08863	0.08361	0
ARY_USD	2018-10-03	0.08669	0.08951	0.08977	0.08638	0
ARY_USD	2018-10-02	0.08951	0.09449	0.09629	0.08610	0
ARY_USD	2018-10-01	0.09449	0.09832	0.10043	0.09359	0
ARY_USD	2018-09-30	0.09832	0.09398	0.10391	0.09323	0
ARY_USD	2018-09-29	0.09398	0.09618	0.09618	0.08852	0
ARY_USD	2018-09-28	0.09618	0.09696	0.09958	0.09422	0
ARY_USD	2018-09-27	0.09696	0.10191	0.10304	0.08820	0
ARY_USD	2018-09-26	0.10191	0.10177	0.10353	0.09019	0
ARY_USD	2018-09-25	0.10177	0.10520	0.10520	0.09993	0
ARY_USD	2018-09-24	0.10520	0.10986	0.11048	0.08821	0
ARY_USD	2018-09-23	0.10986	0.10890	0.11012	0.10712	0
ARY_USD	2018-09-22	0.10890	0.11201	0.11201	0.10430	0
ARY_USD	2018-09-21	0.11201	0.08717	0.11201	0.08717	0
ARY_USD	2018-09-20	0.08717	0.08332	0.08725	0.08310	0
ARY_USD	2018-09-19	0.08332	0.07408	0.08619	0.07367	0
ARY_USD	2018-09-18	0.07408	0.08763	0.08975	0.07340	0
ARY_USD	2018-09-17	0.08763	0.09264	0.09311	0.08717	0
ARY_USD	2018-09-16	0.09264	0.09258	0.09401	0.09031	0
ARY_USD	2018-09-15	0.09258	0.09381	0.09535	0.09234	0
ARY_USD	2018-09-14	0.09381	0.08441	0.09491	0.08425	0
ARY_USD	2018-09-13	0.08441	0.07968	0.08762	0.07965	0
ARY_USD	2018-09-12	0.07968	0.09080	0.09088	0.07230	0
ARY_USD	2018-09-11	0.09080	0.09273	0.09369	0.08479	0
ARY_USD	2018-09-10	0.09273	0.08913	0.09453	0.08830	0
ARY_USD	2018-09-09	0.08913	0.08959	0.09392	0.08876	0
ARY_USD	2018-09-08	0.08959	0.09260	0.09438	0.08765	0
ARY_USD	2018-09-07	0.09260	0.09432	0.09496	0.08970	0
ARY_USD	2018-09-06	0.09432	0.09412	0.10023	0.08072	0
ARY_USD	2018-09-05	0.09412	0.11064	0.11323	0.09407	0
ARY_USD	2018-09-04	0.11064	0.10810	0.11110	0.09347	0
ARY_USD	2018-09-03	0.10810	0.10761	0.11143	0.10473	0
ARY_USD	2018-09-02	0.10761	0.10724	0.11055	0.09457	0
ARY_USD	2018-09-01	0.10724	0.08386	0.10724	0.08341	0
ARY_USD	2018-08-31	0.08386	0.07624	0.08416	0.07542	0
ARY_USD	2018-08-30	0.07624	0.06973	0.07654	0.06869	0
ARY_USD	2018-08-29	0.06973	0.07776	0.08093	0.06180	0
ARY_USD	2018-08-28	0.07776	0.08021	0.08072	0.06673	0
ARY_USD	2018-08-27	0.08021	0.07433	0.08031	0.07379	0
ARY_USD	2018-08-26	0.07433	0.07480	0.07527	0.07295	0
ARY_USD	2018-08-25	0.07480	0.07692	0.07921	0.07389	0
ARY_USD	2018-08-24	0.07692	0.06328	0.08017	0.06328	0
ARY_USD	2018-08-23	0.06328	0.06190	0.06328	0.06059	0
ARY_USD	2018-08-22	0.06190	0.06764	0.07203	0.06078	0
ARY_USD	2018-08-21	0.06764	0.05905	0.07068	0.05900	0
ARY_USD	2018-08-20	0.05905	0.06492	0.06556	0.05881	0
ARY_USD	2018-08-19	0.06492	0.06352	0.06543	0.06101	0
ARY_USD	2018-08-18	0.06352	0.06704	0.06769	0.05968	0
ARY_USD	2018-08-17	0.06704	0.06753	0.07246	0.06409	0
ARY_USD	2018-08-16	0.06753	0.06261	0.06756	0.05998	0
ARY_USD	2018-08-15	0.06261	0.06093	0.06501	0.06093	0
ARY_USD	2018-08-14	0.06093	0.05949	0.06114	0.05598	0
ARY_USD	2018-08-13	0.05949	0.06024	0.06213	0.05871	0
ARY_USD	2018-08-12	0.06024	0.06056	0.06649	0.05997	0
ARY_USD	2018-08-11	0.06056	0.06755	0.06792	0.05771	0
ARY_USD	2018-08-10	0.06755	0.06666	0.07896	0.06138	0
ARY_USD	2018-08-09	0.06666	0.06052	0.06666	0.06047	0
ARY_USD	2018-08-08	0.06052	0.06493	0.06493	0.05925	0
ARY_USD	2018-08-07	0.06493	0.07240	0.07301	0.06478	0
ARY_USD	2018-08-06	0.07240	0.07402	0.07519	0.07017	0
ARY_USD	2018-08-05	0.07402	0.07311	0.07408	0.07091	0
ARY_USD	2018-08-04	0.07311	0.07972	0.08050	0.07285	0
ARY_USD	2018-08-03	0.07972	0.07844	0.08081	0.07462	0
ARY_USD	2018-08-02	0.07844	0.08588	0.08807	0.07812	0
ARY_USD	2018-08-01	0.08588	0.08663	0.08770	0.08305	0
ARY_USD	2018-07-31	0.08663	0.09385	0.09552	0.08514	0
ARY_USD	2018-07-30	0.09385	0.08748	0.09754	0.08342	0
ARY_USD	2018-07-29	0.08748	0.08584	0.09098	0.08491	0
ARY_USD	2018-07-28	0.08584	0.08885	0.08938	0.08035	0
ARY_USD	2018-07-27	0.08885	0.08003	0.08934	0.07998	0
ARY_USD	2018-07-26	0.08003	0.08877	0.08980	0.07850	0
ARY_USD	2018-07-25	0.08877	0.08186	0.08969	0.08064	0
ARY_USD	2018-07-24	0.08186	0.08381	0.09274	0.07784	0
ARY_USD	2018-07-23	0.08381	0.08456	0.08994	0.08069	0
ARY_USD	2018-07-22	0.08456	0.07492	0.08778	0.06991	0
ARY_USD	2018-07-21	0.07492	0.07692	0.07793	0.07359	0
ARY_USD	2018-07-20	0.07692	0.08886	0.08886	0.07160	0
ARY_USD	2018-07-19	0.08886	0.09410	0.09426	0.08772	0
ARY_USD	2018-07-18	0.09410	0.09864	0.10203	0.09079	0
ARY_USD	2018-07-17	0.09864	0.08660	0.10232	0.08561	0
ARY_USD	2018-07-16	0.08660	0.08432	0.08987	0.07832	0
ARY_USD	2018-07-15	0.08432	0.08950	0.09703	0.08273	0
ARY_USD	2018-07-14	0.08950	0.09548	0.09628	0.08672	0
ARY_USD	2018-07-13	0.09548	0.09035	0.09739	0.08206	0
ARY_USD	2018-07-12	0.09035	0.09710	0.09753	0.07970	0
ARY_USD	2018-07-11	0.09710	0.08390	0.10243	0.08375	0
ARY_USD	2018-07-10	0.08390	0.08921	0.08948	0.08368	0
ARY_USD	2018-07-09	0.08921	0.10005	0.10142	0.08889	0
ARY_USD	2018-07-08	0.10005	0.10146	0.10445	0.09421	0
ARY_USD	2018-07-07	0.10146	0.10351	0.10364	0.09890	0
ARY_USD	2018-07-06	0.10351	0.10638	0.11013	0.09484	0
ARY_USD	2018-07-05	0.10638	0.11549	0.11797	0.10560	0
ARY_USD	2018-07-04	0.11549	0.11557	0.12149	0.11280	0
ARY_USD	2018-07-03	0.11557	0.11180	0.11604	0.00148	0
ARY_USD	2018-07-02	0.11180	0.11051	0.11419	0.00000	0
ARY_USD	2018-07-01	0.11052	0.11191	0.11264	0.08413	0
ARY_USD	2018-06-30	0.11192	0.10694	0.13449	0.10694	0
ARY_USD	2018-06-29	0.10703	0.09514	0.10802	0.09158	0
ARY_USD	2018-06-28	0.09529	0.08320	0.09549	0.08062	0
ARY_USD	2018-06-27	0.08319	0.07995	0.13290	0.07276	0
ARY_USD	2018-06-26	0.08020	0.06738	0.10264	0.06652	0
ARY_USD	2018-06-25	0.06734	0.06466	0.06787	0.06270	0
ARY_USD	2018-06-24	0.06760	0.07112	0.07256	0.06513	0
ARY_USD	2018-06-23	0.07102	0.06656	0.07214	0.06527	0
ARY_USD	2018-06-22	0.06656	0.07714	0.07733	0.06539	0
ARY_USD	2018-06-21	0.07717	0.07831	0.08960	0.07646	0
ARY_USD	2018-06-20	0.07832	0.08325	0.08357	0.07338	0
ARY_USD	2018-06-19	0.08324	0.08124	0.08464	0.07975	0
ARY_USD	2018-06-18	0.08121	0.07931	0.08347	0.07804	0
ARY_USD	2018-06-17	0.07925	0.08514	0.08571	0.07788	0
ARY_USD	2018-06-16	0.08513	0.08221	0.08616	0.08191	0
ARY_USD	2018-06-15	0.08217	0.08664	0.08751	0.08189	0
ARY_USD	2018-06-14	0.08648	0.08124	0.09043	0.08121	0
ARY_USD	2018-06-13	0.08119	0.08618	0.08700	0.07972	0
ARY_USD	2018-06-12	0.08616	0.08876	0.09147	0.08536	0
ARY_USD	2018-06-11	0.08881	0.08751	0.09113	0.08430	0
ARY_USD	2018-06-10	0.08718	0.09969	0.09969	0.08595	0
ARY_USD	2018-06-09	0.09967	0.10368	0.10521	0.09531	0
ARY_USD	2018-06-08	0.10372	0.09715	0.10751	0.09671	0
ARY_USD	2018-06-07	0.09719	0.12679	0.12867	0.09671	0
ARY_USD	2018-06-06	0.12678	0.10588	0.13334	0.10360	0
ARY_USD	2018-06-05	0.10567	0.10612	0.10908	0.09605	0
ARY_USD	2018-06-04	0.10620	0.10848	0.10984	0.10322	0
ARY_USD	2018-06-03	0.10844	0.11162	0.11372	0.10634	0
ARY_USD	2018-06-02	0.11171	0.11206	0.11538	0.11100	0
ARY_USD	2018-06-01	0.11199	0.10694	0.11214	0.10383	0
ARY_USD	2018-05-31	0.10695	0.10822	0.12216	0.10454	0
ARY_USD	2018-05-30	0.10827	0.12642	0.12868	0.10756	0
ARY_USD	2018-05-29	0.12627	0.11754	0.13007	0.11157	0
ARY_USD	2018-05-28	0.11747	0.12094	0.12249	0.11103	0
ARY_USD	2018-05-27	0.12096	0.12639	0.12835	0.12050	0
ARY_USD	2018-05-26	0.12636	0.13832	0.13832	0.12538	0
ARY_USD	2018-05-25	0.13834	0.12607	0.14751	0.12210	0
ARY_USD	2018-05-24	0.12601	0.12714	0.13571	0.12252	0
ARY_USD	2018-05-23	0.12724	0.15998	0.16278	0.12724	0
ARY_USD	2018-05-22	0.15992	0.15280	0.16028	0.14005	0
ARY_USD	2018-05-21	0.15280	0.15444	0.15645	0.14410	0
ARY_USD	2018-05-20	0.15444	0.18375	0.18404	0.12464	0
ARY_USD	2018-05-19	0.18375	0.17508	0.18415	0.16927	0
ARY_USD	2018-05-18	0.17508	0.16743	0.18460	0.15756	0
ARY_USD	2018-05-17	0.16765	0.18174	0.19095	0.16662	0
ARY_USD	2018-05-16	0.18159	0.18888	0.19031	0.17673	0
ARY_USD	2018-05-15	0.18888	0.18832	0.20447	0.16517	0
ARY_USD	2018-05-14	0.18825	0.19673	0.19861	0.18205	0
ARY_USD	2018-05-13	0.19673	0.15700	0.19914	0.15546	0
ARY_USD	2018-05-12	0.15630	0.14901	0.16635	0.14311	0
ARY_USD	2018-05-11	0.14901	0.13929	0.15152	0.13810	0
ARY_USD	2018-05-10	0.13929	0.11820	0.14986	0.11735	0
ARY_USD	2018-05-09	0.11820	0.11600	0.12114	0.11297	0
ARY_USD	2018-05-08	0.11605	0.14361	0.14823	0.00002	0
ARY_USD	2018-05-07	0.15048	0.16179	0.16207	0.14544	0
ARY_USD	2018-05-06	0.16179	0.16499	0.16877	0.15505	0
ARY_USD	2018-05-05	0.16450	0.16503	0.17687	0.16241	0
ARY_USD	2018-05-04	0.16503	0.16714	0.17182	0.15954	0
ARY_USD	2018-05-03	0.16714	0.17076	0.17197	0.14329	0
ARY_USD	2018-05-02	0.17076	0.15299	0.17181	0.15212	0
ARY_USD	2018-05-01	0.15299	0.17189	0.17193	0.14315	0
ARY_USD	2018-04-30	0.17189	0.17820	0.17998	0.16928	0
ARY_USD	2018-04-29	0.17820	0.18091	0.18432	0.17261	0
ARY_USD	2018-04-28	0.18091	0.16841	0.18641	0.16733	0
ARY_USD	2018-04-27	0.16841	0.17764	0.18150	0.16775	0
ARY_USD	2018-04-26	0.17764	0.14183	0.17787	0.14016	0
ARY_USD	2018-04-25	0.14183	0.16382	0.16496	0.14125	0
ARY_USD	2018-04-24	0.16382	0.15408	0.16758	0.15391	0
ARY_USD	2018-04-23	0.15408	0.15193	0.16215	0.15137	0
ARY_USD	2018-04-22	0.15193	0.16478	0.16610	0.15123	0
ARY_USD	2018-04-21	0.16478	0.16846	0.16925	0.15123	0
ARY_USD	2018-04-20	0.16846	0.15751	0.16846	0.14427	0
ARY_USD	2018-04-19	0.15751	0.15721	0.16909	0.14733	0
ARY_USD	2018-04-18	0.15721	0.14983	0.15721	0.14477	0
ARY_USD	2018-04-17	0.14983	0.16837	0.16868	0.14864	0
ARY_USD	2018-04-16	0.16837	0.18126	0.18230	0.16652	0
ARY_USD	2018-04-15	0.18126	0.18232	0.18500	0.17632	0
ARY_USD	2018-04-14	0.18232	0.16345	0.18911	0.16238	0
ARY_USD	2018-04-13	0.16345	0.16002	0.17413	0.15376	0
ARY_USD	2018-04-12	0.16002	0.12995	0.16126	0.12606	0
ARY_USD	2018-04-11	0.12995	0.12914	0.13202	0.12823	0
ARY_USD	2018-04-10	0.12914	0.12965	0.13688	0.11959	0
ARY_USD	2018-04-09	0.12960	0.14948	0.15157	0.12408	0
ARY_USD	2018-04-08	0.14948	0.15766	0.16453	0.14763	0
ARY_USD	2018-04-07	0.15766	0.15411	0.16043	0.15378	0
ARY_USD	2018-04-06	0.15411	0.16401	0.16734	0.15221	0
ARY_USD	2018-04-05	0.16401	0.17167	0.17413	0.16205	0
ARY_USD	2018-04-04	0.17167	0.18800	0.18831	0.16767	0
ARY_USD	2018-04-03	0.18800	0.17427	0.18974	0.17334	0
ARY_USD	2018-04-02	0.17427	0.16729	0.17484	0.16642	0
ARY_USD	2018-04-01	0.16729	0.16880	0.17262	0.15711	0
ARY_USD	2018-03-31	0.16880	0.16762	0.17675	0.16626	0
ARY_USD	2018-03-30	0.16762	0.17206	0.18981	0.15930	0
ARY_USD	2018-03-29	0.17206	0.19273	0.19323	0.16683	0
ARY_USD	2018-03-28	0.19273	0.18884	0.19633	0.18756	0
ARY_USD	2018-03-27	0.18884	0.19715	0.19912	0.18447	0
ARY_USD	2018-03-26	0.19715	0.20167	0.20425	0.18187	0
ARY_USD	2018-03-25	0.20167	0.20185	0.20674	0.19871	0
ARY_USD	2018-03-24	0.20185	0.20480	0.21284	0.19864	0
ARY_USD	2018-03-23	0.20480	0.20066	0.20482	0.18517	0
ARY_USD	2018-03-22	0.20066	0.19989	0.21303	0.19669	0
ARY_USD	2018-03-21	0.19989	0.19754	0.21008	0.19650	0
ARY_USD	2018-03-20	0.19754	0.19208	0.19974	0.18337	0
ARY_USD	2018-03-19	0.19208	0.17260	0.19259	0.17024	0
ARY_USD	2018-03-18	0.17260	0.16154	0.17382	0.15260	0
ARY_USD	2018-03-17	0.16154	0.16546	0.16747	0.15710	0
ARY_USD	2018-03-16	0.16546	0.16389	0.17099	0.15693	0
ARY_USD	2018-03-15	0.16389	0.16251	0.16817	0.15199	0
ARY_USD	2018-03-14	0.16251	0.17936	0.18235	0.15692	0
ARY_USD	2018-03-13	0.17936	0.18445	0.19318	0.17596	0
ARY_USD	2018-03-12	0.18445	0.18635	0.19705	0.17262	0
ARY_USD	2018-03-11	0.18635	0.17350	0.19139	0.16544	0
ARY_USD	2018-03-10	0.17350	0.18219	0.19091	0.17307	0
ARY_USD	2018-03-09	0.18219	0.15683	0.21068	0.14067	0
ARY_USD	2018-03-08	0.15683	0.16630	0.17054	0.15118	0
ARY_USD	2018-03-07	0.16630	0.18159	0.18429	0.14460	0
ARY_USD	2018-03-06	0.18159	0.20402	0.20402	0.17520	0
ARY_USD	2018-03-05	0.20402	0.16922	0.20524	0.16754	0
ARY_USD	2018-03-04	0.16922	0.20680	0.20718	0.16780	0
ARY_USD	2018-03-03	0.20680	0.20852	0.22056	0.20063	0
ARY_USD	2018-03-02	0.20852	0.21252	0.21583	0.20185	0
