ATOM_USD	2019-01-27	0.002209	0.002209	0.002209	0.002209	0
ATOM_USD	2019-01-26	0.002209	0.002209	0.002209	0.002209	0
ATOM_USD	2019-01-25	0.002209	0.002209	0.002209	0.002209	0
ATOM_USD	2019-01-24	0.002209	0.002209	0.002209	0.002209	0
ATOM_USD	2019-01-23	0.002209	0.002209	0.002209	0.002209	0
ATOM_USD	2019-01-22	0.002209	0.002209	0.002209	0.002209	0
ATOM_USD	2019-01-21	0.002209	0.002209	0.002209	0.002209	0
ATOM_USD	2019-01-20	0.002209	0.002209	0.002209	0.002209	0
ATOM_USD	2019-01-19	0.002209	0.002209	0.002209	0.002209	0
ATOM_USD	2019-01-18	0.002209	0.002209	0.002209	0.002209	0
ATOM_USD	2019-01-17	0.002209	0.002209	0.002209	0.002209	0
ATOM_USD	2019-01-16	0.002209	0.002209	0.002209	0.002209	0
ATOM_USD	2019-01-15	0.002209	0.002209	0.002209	0.002209	0
ATOM_USD	2019-01-14	0.002209	0.002191	0.002214	0.002184	0
ATOM_USD	2019-01-13	0.002191	0.002258	0.002268	0.002179	0
ATOM_USD	2019-01-12	0.002258	0.002266	0.002278	0.002239	0
ATOM_USD	2019-01-11	0.002266	0.002265	0.002299	0.002237	0
ATOM_USD	2019-01-10	0.002265	0.002491	0.002523	0.002249	0
ATOM_USD	2019-01-09	0.002491	0.002501	0.002538	0.002462	0
ATOM_USD	2019-01-08	0.002501	0.002510	0.002567	0.002476	0
ATOM_USD	2019-01-07	0.002510	0.002545	0.002560	0.002488	0
ATOM_USD	2019-01-06	0.002545	0.002386	0.004772	0.002372	0
ATOM_USD	2019-01-05	0.002386	0.002414	0.002449	0.002382	0
ATOM_USD	2019-01-04	0.002414	0.002392	0.002431	0.002354	0
ATOM_USD	2019-01-03	0.002392	0.002471	0.002474	0.002381	0
ATOM_USD	2019-01-02	0.002471	0.002414	0.002484	0.002391	0
ATOM_USD	2019-01-01	0.002414	0.002337	0.002428	0.002311	0
ATOM_USD	2018-12-31	0.002337	0.002423	0.002430	0.002307	0
ATOM_USD	2018-12-30	0.002423	0.002368	0.002434	0.002346	0
ATOM_USD	2018-12-29	0.002368	0.002462	0.002494	0.002360	0
ATOM_USD	2018-12-28	0.002462	0.002265	0.002492	0.002255	0
ATOM_USD	2018-12-27	0.002265	0.002397	0.002417	0.002250	0
ATOM_USD	2018-12-26	0.002397	0.002382	0.002434	0.002325	0
ATOM_USD	2018-12-25	0.002382	0.002528	0.002533	0.002330	0
ATOM_USD	2018-12-24	0.002528	0.002483	0.002674	0.002483	0
ATOM_USD	2018-12-23	0.002483	0.002517	0.002568	0.002463	0
ATOM_USD	2018-12-22	0.002517	0.002423	0.002529	0.002391	0
ATOM_USD	2018-12-21	0.002423	0.002571	0.002616	0.002382	0
ATOM_USD	2018-12-20	0.002571	0.002324	0.002620	0.002307	0
ATOM_USD	2018-12-19	0.002324	0.002513	0.002589	0.002309	0
ATOM_USD	2018-12-18	0.002513	0.002411	0.002525	0.002361	0
ATOM_USD	2018-12-17	0.002411	0.002194	0.002463	0.002185	0
ATOM_USD	2018-12-16	0.002194	0.002186	0.002246	0.002179	0
ATOM_USD	2018-12-15	0.002186	0.002182	0.002207	0.002140	0
ATOM_USD	2018-12-14	0.002182	0.002229	0.002252	0.002146	0
ATOM_USD	2018-12-13	0.002229	0.002352	0.002356	0.002214	0
ATOM_USD	2018-12-12	0.002352	0.002276	0.002398	0.002271	0
ATOM_USD	2018-12-11	0.002296	0.002415	0.002431	0.002258	0
ATOM_USD	2018-12-10	0.002415	0.002497	0.002534	0.002381	0
ATOM_USD	2018-12-09	0.002497	0.002402	0.002587	0.002376	0
ATOM_USD	2018-12-08	0.002402	0.002369	0.002505	0.002272	0
ATOM_USD	2018-12-07	0.002369	0.002425	0.002466	0.002249	0
ATOM_USD	2018-12-06	0.002425	0.002580	0.002682	0.002408	0
ATOM_USD	2018-12-05	0.002580	0.002748	0.002758	0.002570	0
ATOM_USD	2018-12-04	0.002748	0.002693	0.002852	0.002629	0
ATOM_USD	2018-12-03	0.002693	0.002870	0.002883	0.002650	0
ATOM_USD	2018-12-02	0.002870	0.002991	0.003069	0.002848	0
ATOM_USD	2018-12-01	0.002991	0.002928	0.003062	0.002885	0
ATOM_USD	2018-11-30	0.002928	0.003126	0.003159	0.002876	0
ATOM_USD	2018-11-29	0.003126	0.003122	0.003239	0.003032	0
ATOM_USD	2018-11-28	0.003122	0.002816	0.003212	0.002816	0
ATOM_USD	2018-11-27	0.002816	0.002854	0.002882	0.002722	0
ATOM_USD	2018-11-26	0.002854	0.002955	0.003118	0.002737	0
ATOM_USD	2018-11-25	0.002955	0.002614	0.003024	0.002435	0
ATOM_USD	2018-11-24	0.002614	0.002985	0.003048	0.002588	0
ATOM_USD	2018-11-23	0.002985	0.002767	0.003025	0.002752	0
ATOM_USD	2018-11-22	0.002767	0.002919	0.002948	0.002767	0
ATOM_USD	2018-11-21	0.002919	0.002776	0.002983	0.002680	0
ATOM_USD	2018-11-20	0.002776	0.002987	0.003053	0.002612	0
ATOM_USD	2018-11-19	0.002987	0.003424	0.003443	0.002959	0
ATOM_USD	2018-11-18	0.003424	0.003517	0.003581	0.003354	0
ATOM_USD	2018-11-17	0.003517	0.003849	0.003849	0.003450	0
ATOM_USD	2018-11-16	0.003849	0.003508	0.003859	0.003429	0
ATOM_USD	2018-11-15	0.003508	0.003560	0.003592	0.003319	0
ATOM_USD	2018-11-14	0.003560	0.003976	0.003988	0.003480	0
ATOM_USD	2018-11-13	0.003976	0.003965	0.003996	0.003938	0
ATOM_USD	2018-11-12	0.003965	0.004393	0.004406	0.003948	0
ATOM_USD	2018-11-11	0.004393	0.004405	0.004418	0.004327	0
ATOM_USD	2018-11-10	0.004405	0.004494	0.004520	0.004402	0
ATOM_USD	2018-11-09	0.004494	0.004600	0.004617	0.004476	0
ATOM_USD	2018-11-08	0.004600	0.004732	0.005062	0.004600	0
ATOM_USD	2018-11-07	0.004732	0.004821	0.005362	0.004498	0
ATOM_USD	2018-11-06	0.004821	0.004756	0.004821	0.004734	0
ATOM_USD	2018-11-05	0.004756	0.004864	0.004902	0.004721	0
ATOM_USD	2018-11-04	0.004864	0.004823	0.004915	0.004802	0
ATOM_USD	2018-11-03	0.004823	0.004852	0.004910	0.004749	0
ATOM_USD	2018-11-02	0.004852	0.004928	0.004970	0.004773	0
ATOM_USD	2018-11-01	0.004928	0.004904	0.005058	0.004770	0
ATOM_USD	2018-10-31	0.004904	0.005159	0.005161	0.004900	0
ATOM_USD	2018-10-30	0.005159	0.005361	0.005369	0.004949	0
ATOM_USD	2018-10-29	0.005361	0.004965	0.005494	0.004965	0
ATOM_USD	2018-10-28	0.004965	0.005298	0.005306	0.004950	0
ATOM_USD	2018-10-27	0.005298	0.005454	0.005472	0.005283	0
ATOM_USD	2018-10-26	0.005454	0.005484	0.005533	0.005445	0
ATOM_USD	2018-10-25	0.005484	0.005145	0.005513	0.005109	0
ATOM_USD	2018-10-24	0.005145	0.005338	0.005846	0.005110	0
ATOM_USD	2018-10-23	0.005338	0.006042	0.006214	0.005307	0
ATOM_USD	2018-10-22	0.006042	0.005402	0.006042	0.005388	0
ATOM_USD	2018-10-21	0.005402	0.006026	0.006176	0.005402	0
ATOM_USD	2018-10-20	0.006026	0.005254	0.006031	0.005242	0
ATOM_USD	2018-10-19	0.005254	0.004795	0.005264	0.004448	0
ATOM_USD	2018-10-18	0.004795	0.004580	0.004876	0.004558	0
ATOM_USD	2018-10-17	0.004580	0.004629	0.004653	0.004543	0
ATOM_USD	2018-10-16	0.004629	0.004753	0.004876	0.004576	0
ATOM_USD	2018-10-15	0.004753	0.004528	0.005375	0.004480	0
ATOM_USD	2018-10-14	0.004528	0.004523	0.004573	0.004478	0
ATOM_USD	2018-10-13	0.004523	0.004502	0.004552	0.004344	0
ATOM_USD	2018-10-12	0.004502	0.004129	0.004769	0.004107	0
ATOM_USD	2018-10-11	0.004129	0.003746	0.004251	0.003533	0
ATOM_USD	2018-10-10	0.003746	0.004098	0.004573	0.003257	0
ATOM_USD	2018-10-09	0.004098	0.004037	0.004192	0.003760	0
ATOM_USD	2018-10-08	0.004037	0.005215	0.005375	0.003928	0
ATOM_USD	2018-10-07	0.005215	0.005867	0.005874	0.004571	0
ATOM_USD	2018-10-06	0.005867	0.005748	0.005929	0.005744	0
ATOM_USD	2018-10-05	0.005748	0.006119	0.006198	0.005731	0
ATOM_USD	2018-10-04	0.006119	0.006048	0.006182	0.006044	0
ATOM_USD	2018-10-03	0.006048	0.005459	0.006073	0.005370	0
ATOM_USD	2018-10-02	0.005459	0.005413	0.005523	0.005400	0
ATOM_USD	2018-10-01	0.005413	0.004799	0.006064	0.004783	0
ATOM_USD	2018-09-30	0.004799	0.005482	0.005558	0.004430	0
ATOM_USD	2018-09-29	0.005482	0.005607	0.005607	0.005367	0
ATOM_USD	2018-09-28	0.005607	0.005585	0.005767	0.005531	0
ATOM_USD	2018-09-27	0.005585	0.005267	0.005707	0.005243	0
ATOM_USD	2018-09-26	0.005267	0.005276	0.005759	0.004918	0
ATOM_USD	2018-09-25	0.005276	0.006289	0.006289	0.004053	0
ATOM_USD	2018-09-24	0.006289	0.006275	0.006335	0.006220	0
ATOM_USD	2018-09-23	0.006275	0.006186	0.006794	0.006087	0
ATOM_USD	2018-09-22	0.006186	0.006400	0.006464	0.006012	0
ATOM_USD	2018-09-21	0.006400	0.005915	0.006400	0.005911	0
ATOM_USD	2018-09-20	0.005915	0.005848	0.005925	0.005121	0
ATOM_USD	2018-09-19	0.005848	0.005962	0.006048	0.005716	0
ATOM_USD	2018-09-18	0.005962	0.005973	0.006154	0.005950	0
ATOM_USD	2018-09-17	0.005973	0.006466	0.006499	0.005902	0
ATOM_USD	2018-09-16	0.006466	0.006487	0.006487	0.006348	0
ATOM_USD	2018-09-15	0.006487	0.006487	0.006536	0.006455	0
ATOM_USD	2018-09-14	0.006487	0.006184	0.006541	0.006086	0
ATOM_USD	2018-09-13	0.006184	0.006051	0.006230	0.006049	0
ATOM_USD	2018-09-12	0.006051	0.006007	0.006086	0.005893	0
ATOM_USD	2018-09-11	0.006007	0.006024	0.006098	0.005902	0
ATOM_USD	2018-09-10	0.006024	0.005928	0.006030	0.005928	0
ATOM_USD	2018-09-09	0.005928	0.006030	0.006257	0.005903	0
ATOM_USD	2018-09-08	0.006030	0.006692	0.006826	0.005987	0
ATOM_USD	2018-09-07	0.006692	0.007296	0.007317	0.006461	0
ATOM_USD	2018-09-06	0.007296	0.007475	0.007493	0.006800	0
ATOM_USD	2018-09-05	0.007475	0.007285	0.009312	0.006710	0
ATOM_USD	2018-09-04	0.007285	0.007270	0.007410	0.007191	0
ATOM_USD	2018-09-03	0.007270	0.007691	0.007724	0.006948	0
ATOM_USD	2018-09-02	0.007691	0.007521	0.007708	0.007008	0
ATOM_USD	2018-09-01	0.007521	0.006500	0.008341	0.006399	0
ATOM_USD	2018-08-31	0.006500	0.006435	0.006539	0.006228	0
ATOM_USD	2018-08-30	0.006435	0.007152	0.007166	0.006333	0
ATOM_USD	2018-08-29	0.007152	0.007291	0.007320	0.007032	0
ATOM_USD	2018-08-28	0.007291	0.006316	0.007341	0.006288	0
ATOM_USD	2018-08-27	0.006316	0.006105	0.006324	0.005999	0
ATOM_USD	2018-08-26	0.006105	0.006200	0.006239	0.006036	0
ATOM_USD	2018-08-25	0.006200	0.006594	0.006690	0.006159	0
ATOM_USD	2018-08-24	0.006594	0.005972	0.006624	0.005913	0
ATOM_USD	2018-08-23	0.005972	0.005974	0.006205	0.005928	0
ATOM_USD	2018-08-22	0.005974	0.005896	0.006283	0.005697	0
ATOM_USD	2018-08-21	0.005896	0.005974	0.006194	0.005889	0
ATOM_USD	2018-08-20	0.005974	0.006680	0.006847	0.005919	0
ATOM_USD	2018-08-19	0.006680	0.005752	0.006751	0.005647	0
ATOM_USD	2018-08-18	0.005752	0.005897	0.005923	0.005613	0
ATOM_USD	2018-08-17	0.005897	0.005649	0.006174	0.005632	0
ATOM_USD	2018-08-16	0.005649	0.005674	0.005769	0.005298	0
ATOM_USD	2018-08-15	0.005674	0.006093	0.006349	0.005648	0
ATOM_USD	2018-08-14	0.006093	0.006346	0.006346	0.005556	0
ATOM_USD	2018-08-13	0.006346	0.008019	0.008317	0.006300	0
ATOM_USD	2018-08-12	0.008019	0.007282	0.008287	0.006625	0
ATOM_USD	2018-08-11	0.007282	0.008141	0.008178	0.006362	0
ATOM_USD	2018-08-10	0.008141	0.008814	0.008898	0.007925	0
ATOM_USD	2018-08-09	0.008814	0.008726	0.008939	0.008356	0
ATOM_USD	2018-08-08	0.008726	0.009036	0.009302	0.008208	0
ATOM_USD	2018-08-07	0.009036	0.010441	0.010739	0.009020	0
ATOM_USD	2018-08-06	0.010441	0.011287	0.011504	0.009351	0
ATOM_USD	2018-08-05	0.011287	0.011420	0.011456	0.011138	0
ATOM_USD	2018-08-04	0.011420	0.012088	0.012206	0.011296	0
ATOM_USD	2018-08-03	0.012088	0.012885	0.012885	0.012005	0
ATOM_USD	2018-08-02	0.012885	0.013241	0.013343	0.012796	0
ATOM_USD	2018-08-01	0.013241	0.013205	0.013263	0.012740	0
ATOM_USD	2018-07-31	0.013205	0.013932	0.013941	0.013077	0
ATOM_USD	2018-07-30	0.013932	0.013936	0.014028	0.013175	0
ATOM_USD	2018-07-29	0.013936	0.014059	0.014059	0.013769	0
ATOM_USD	2018-07-28	0.014059	0.014018	0.014100	0.013894	0
ATOM_USD	2018-07-27	0.014018	0.013977	0.014018	0.013647	0
ATOM_USD	2018-07-26	0.013977	0.014229	0.014372	0.013898	0
ATOM_USD	2018-07-25	0.014229	0.014933	0.015062	0.014059	0
ATOM_USD	2018-07-24	0.014933	0.013692	0.015284	0.013654	0
ATOM_USD	2018-07-23	0.013692	0.013360	0.014083	0.013310	0
ATOM_USD	2018-07-22	0.013360	0.013807	0.013963	0.013261	0
ATOM_USD	2018-07-21	0.013807	0.013418	0.013911	0.013215	0
ATOM_USD	2018-07-20	0.013418	0.013527	0.013634	0.012982	0
ATOM_USD	2018-07-19	0.013527	0.013149	0.013677	0.012723	0
ATOM_USD	2018-07-18	0.013149	0.013213	0.013616	0.012941	0
ATOM_USD	2018-07-17	0.013213	0.011755	0.013471	0.011699	0
ATOM_USD	2018-07-16	0.011755	0.011011	0.011775	0.010986	0
ATOM_USD	2018-07-15	0.011011	0.010719	0.011084	0.010690	0
ATOM_USD	2018-07-14	0.010719	0.010605	0.010858	0.010537	0
ATOM_USD	2018-07-13	0.010605	0.011092	0.011163	0.010476	0
ATOM_USD	2018-07-12	0.011092	0.011607	0.011607	0.010664	0
ATOM_USD	2018-07-11	0.011607	0.011436	0.011705	0.011113	0
ATOM_USD	2018-07-10	0.011436	0.012388	0.012425	0.011278	0
ATOM_USD	2018-07-09	0.012388	0.012678	0.012725	0.012343	0
ATOM_USD	2018-07-08	0.012678	0.012644	0.012780	0.012527	0
ATOM_USD	2018-07-07	0.012644	0.012609	0.012733	0.012101	0
ATOM_USD	2018-07-06	0.012609	0.012590	0.012640	0.012228	0
ATOM_USD	2018-07-05	0.012590	0.012686	0.012892	0.012437	0
ATOM_USD	2018-07-04	0.012686	0.012187	0.012924	0.012034	0
ATOM_USD	2018-07-03	0.012187	0.012375	0.012664	0.000166	0
ATOM_USD	2018-07-02	0.012375	0.012222	0.012836	0.000000	0
ATOM_USD	2018-07-01	0.012223	0.012495	0.012574	0.012071	0
ATOM_USD	2018-06-30	0.012495	0.011383	0.012549	0.011293	0
ATOM_USD	2018-06-29	0.011392	0.010763	0.011511	0.010672	0
ATOM_USD	2018-06-28	0.010780	0.011378	0.011806	0.010727	0
ATOM_USD	2018-06-27	0.011377	0.011495	0.011523	0.011199	0
ATOM_USD	2018-06-26	0.011532	0.011689	0.011857	0.011361	0
ATOM_USD	2018-06-25	0.011681	0.011401	0.011809	0.011301	0
ATOM_USD	2018-06-24	0.011405	0.011920	0.011958	0.010711	0
ATOM_USD	2018-06-23	0.011904	0.011813	0.012060	0.011681	0
ATOM_USD	2018-06-22	0.011813	0.013428	0.013461	0.011547	0
ATOM_USD	2018-06-21	0.013427	0.012844	0.013524	0.012825	0
ATOM_USD	2018-06-20	0.012845	0.012893	0.013322	0.012531	0
ATOM_USD	2018-06-19	0.012907	0.012383	0.013104	0.012325	0
ATOM_USD	2018-06-18	0.012378	0.012016	0.012656	0.011914	0
ATOM_USD	2018-06-17	0.012007	0.011969	0.012295	0.011823	0
ATOM_USD	2018-06-16	0.011966	0.011908	0.012236	0.011837	0
ATOM_USD	2018-06-15	0.011902	0.012586	0.012586	0.011862	0
ATOM_USD	2018-06-14	0.012562	0.011866	0.012793	0.011727	0
ATOM_USD	2018-06-13	0.011859	0.012564	0.012683	0.011573	0
ATOM_USD	2018-06-12	0.012561	0.013122	0.013427	0.012335	0
ATOM_USD	2018-06-11	0.013129	0.014867	0.014967	0.012801	0
ATOM_USD	2018-06-10	0.014850	0.016759	0.016759	0.013283	0
ATOM_USD	2018-06-09	0.016755	0.015459	0.017024	0.014429	0
ATOM_USD	2018-06-08	0.015459	0.015871	0.015893	0.015427	0
ATOM_USD	2018-06-07	0.015878	0.015729	0.016231	0.015563	0
ATOM_USD	2018-06-06	0.015728	0.016782	0.016896	0.015290	0
ATOM_USD	2018-06-05	0.016768	0.016888	0.016939	0.016285	0
ATOM_USD	2018-06-04	0.016900	0.017906	0.018201	0.016618	0
ATOM_USD	2018-06-03	0.017867	0.018546	0.018895	0.016772	0
ATOM_USD	2018-06-02	0.018560	0.018253	0.018655	0.018076	0
ATOM_USD	2018-06-01	0.018239	0.018677	0.019117	0.017958	0
ATOM_USD	2018-05-31	0.018679	0.018319	0.018879	0.018235	0
ATOM_USD	2018-05-30	0.018327	0.018626	0.018856	0.017717	0
ATOM_USD	2018-05-29	0.018604	0.017085	0.018727	0.016848	0
ATOM_USD	2018-05-28	0.017075	0.017623	0.017832	0.017002	0
ATOM_USD	2018-05-27	0.017615	0.017590	0.017730	0.017334	0
ATOM_USD	2018-05-26	0.017586	0.017896	0.018313	0.017493	0
ATOM_USD	2018-05-25	0.017899	0.018183	0.018183	0.017084	0
ATOM_USD	2018-05-24	0.018175	0.017483	0.018269	0.015800	0
ATOM_USD	2018-05-23	0.017496	0.018906	0.019003	0.015901	0
ATOM_USD	2018-05-22	0.018912	0.020107	0.020130	0.018736	0
ATOM_USD	2018-05-21	0.020107	0.020541	0.020593	0.019486	0
ATOM_USD	2018-05-20	0.020541	0.020147	0.021237	0.019979	0
ATOM_USD	2018-05-19	0.020147	0.019979	0.020518	0.019911	0
ATOM_USD	2018-05-18	0.019979	0.020300	0.020668	0.018922	0
ATOM_USD	2018-05-17	0.020326	0.021455	0.021752	0.019886	0
ATOM_USD	2018-05-16	0.021437	0.021038	0.021652	0.020138	0
ATOM_USD	2018-05-15	0.021038	0.021926	0.022416	0.020904	0
ATOM_USD	2018-05-14	0.021928	0.022013	0.023766	0.020555	0
ATOM_USD	2018-05-13	0.022013	0.021950	0.022244	0.020560	0
ATOM_USD	2018-05-12	0.021900	0.022575	0.022788	0.021205	0
ATOM_USD	2018-05-11	0.022575	0.027192	0.027192	0.022491	0
ATOM_USD	2018-05-10	0.027192	0.028094	0.028311	0.027145	0
ATOM_USD	2018-05-09	0.028094	0.023742	0.028300	0.023168	0
ATOM_USD	2018-05-08	0.023742	0.020356	0.024103	0.000002	0
ATOM_USD	2018-05-07	0.020366	0.021008	0.021079	0.019963	0
ATOM_USD	2018-05-06	0.021008	0.023478	0.023715	0.020396	0
ATOM_USD	2018-05-05	0.023451	0.022085	0.023741	0.021630	0
ATOM_USD	2018-05-04	0.022085	0.022949	0.023380	0.021760	0
ATOM_USD	2018-05-03	0.022949	0.022673	0.023746	0.021109	0
ATOM_USD	2018-05-02	0.022673	0.022212	0.026947	0.021511	0
ATOM_USD	2018-05-01	0.022232	0.023691	0.026723	0.021348	0
ATOM_USD	2018-04-30	0.023691	0.021100	0.023965	0.020651	0
ATOM_USD	2018-04-29	0.021100	0.019567	0.021318	0.019470	0
ATOM_USD	2018-04-28	0.019567	0.017010	0.020267	0.016712	0
ATOM_USD	2018-04-27	0.017010	0.017382	0.017991	0.016677	0
ATOM_USD	2018-04-26	0.017382	0.016286	0.017405	0.015879	0
ATOM_USD	2018-04-25	0.016286	0.017130	0.017364	0.016122	0
ATOM_USD	2018-04-24	0.017170	0.014795	0.017285	0.014779	0
ATOM_USD	2018-04-23	0.014795	0.015136	0.015489	0.014500	0
ATOM_USD	2018-04-22	0.015136	0.016135	0.016145	0.015055	0
ATOM_USD	2018-04-21	0.016135	0.016455	0.016885	0.015853	0
ATOM_USD	2018-04-20	0.016455	0.015308	0.016655	0.015229	0
ATOM_USD	2018-04-19	0.015308	0.014169	0.015402	0.013991	0
ATOM_USD	2018-04-18	0.014169	0.014321	0.014626	0.013859	0
ATOM_USD	2018-04-17	0.014321	0.014863	0.015065	0.013729	0
ATOM_USD	2018-04-16	0.014863	0.015837	0.015927	0.014578	0
ATOM_USD	2018-04-15	0.015837	0.014369	0.015850	0.014366	0
ATOM_USD	2018-04-14	0.014369	0.013749	0.014512	0.013650	0
ATOM_USD	2018-04-13	0.013749	0.014202	0.015093	0.013672	0
ATOM_USD	2018-04-12	0.014202	0.012877	0.014675	0.012306	0
ATOM_USD	2018-04-11	0.012877	0.012483	0.012930	0.012367	0
ATOM_USD	2018-04-10	0.012483	0.012339	0.012574	0.012108	0
ATOM_USD	2018-04-09	0.012335	0.012767	0.013074	0.012069	0
ATOM_USD	2018-04-08	0.012767	0.012432	0.012888	0.012066	0
ATOM_USD	2018-04-07	0.012432	0.013063	0.013950	0.011929	0
ATOM_USD	2018-04-06	0.013063	0.013050	0.013483	0.012502	0
ATOM_USD	2018-04-05	0.013050	0.011910	0.013617	0.011440	0
ATOM_USD	2018-04-04	0.011910	0.013551	0.013573	0.010670	0
ATOM_USD	2018-04-03	0.013551	0.012272	0.013965	0.012244	0
ATOM_USD	2018-04-02	0.012272	0.012394	0.013236	0.011887	0
ATOM_USD	2018-04-01	0.012394	0.012742	0.013076	0.011680	0
ATOM_USD	2018-03-31	0.012742	0.012655	0.013433	0.012567	0
ATOM_USD	2018-03-30	0.012655	0.013156	0.013463	0.012137	0
ATOM_USD	2018-03-29	0.013156	0.014770	0.014809	0.012686	0
ATOM_USD	2018-03-28	0.014770	0.014906	0.015236	0.014210	0
ATOM_USD	2018-03-27	0.014906	0.016006	0.016166	0.014689	0
ATOM_USD	2018-03-26	0.016006	0.016510	0.016603	0.015388	0
ATOM_USD	2018-03-25	0.016510	0.016970	0.017144	0.016408	0
ATOM_USD	2018-03-24	0.016970	0.017048	0.017952	0.016886	0
ATOM_USD	2018-03-23	0.017048	0.016780	0.017050	0.015926	0
ATOM_USD	2018-03-22	0.016780	0.016821	0.017172	0.016110	0
ATOM_USD	2018-03-21	0.016821	0.016947	0.017735	0.016600	0
ATOM_USD	2018-03-20	0.016947	0.016297	0.017192	0.015798	0
ATOM_USD	2018-03-19	0.016297	0.015635	0.016962	0.015469	0
ATOM_USD	2018-03-18	0.015635	0.015190	0.015745	0.013878	0
ATOM_USD	2018-03-17	0.015190	0.016418	0.016456	0.014958	0
ATOM_USD	2018-03-16	0.016418	0.016302	0.017057	0.015610	0
ATOM_USD	2018-03-15	0.016302	0.016083	0.017105	0.014976	0
ATOM_USD	2018-03-14	0.016083	0.017356	0.017770	0.015569	0
ATOM_USD	2018-03-13	0.017356	0.017465	0.018190	0.016985	0
ATOM_USD	2018-03-12	0.017465	0.018640	0.019141	0.016857	0
ATOM_USD	2018-03-11	0.018640	0.016942	0.018982	0.016143	0
ATOM_USD	2018-03-10	0.016942	0.019546	0.020708	0.016942	0
ATOM_USD	2018-03-09	0.019546	0.019807	0.020064	0.017453	0
ATOM_USD	2018-03-08	0.019807	0.021739	0.022042	0.019753	0
ATOM_USD	2018-03-07	0.021739	0.021928	0.022286	0.019436	0
ATOM_USD	2018-03-06	0.021928	0.023952	0.024329	0.021534	0
ATOM_USD	2018-03-05	0.023952	0.023820	0.024719	0.023137	0
ATOM_USD	2018-03-04	0.023820	0.024528	0.025526	0.023213	0
ATOM_USD	2018-03-03	0.024528	0.023316	0.026706	0.023316	0
ATOM_USD	2018-03-02	0.023316	0.023765	0.025758	0.021390	0
