AUC_USD	2019-04-09	0.18877	0.16662	0.18907	0.16395	0
AUC_USD	2019-04-08	0.16688	0.15298	0.17731	0.15058	0
AUC_USD	2019-04-07	0.15317	0.15238	0.17213	0.14924	0
AUC_USD	2019-04-06	0.15205	0.16817	0.18800	0.15048	0
AUC_USD	2019-04-05	0.16821	0.18097	0.19578	0.16676	0
AUC_USD	2019-04-04	0.18052	0.18178	0.18681	0.15523	0
AUC_USD	2019-04-03	0.18180	0.18487	0.19483	0.17746	0
AUC_USD	2019-04-02	0.18516	0.17803	0.26000	0.17756	0
AUC_USD	2019-04-01	0.17812	0.17002	0.35630	0.16475	0
AUC_USD	2019-03-31	0.17004	0.18859	0.18918	0.17004	0
AUC_USD	2019-03-30	0.18859	0.17853	0.20847	0.16816	0
AUC_USD	2019-03-29	0.17857	0.21056	0.21562	0.17280	0
AUC_USD	2019-03-28	0.21056	0.20252	0.21057	0.20084	0
AUC_USD	2019-03-27	0.20252	0.22045	0.22886	0.20066	0
AUC_USD	2019-03-26	0.22038	0.29090	0.30449	0.22020	0
AUC_USD	2019-03-25	0.29070	0.25869	0.29091	0.23721	0
AUC_USD	2019-03-24	0.25869	0.26614	0.32532	0.24651	0
AUC_USD	2019-03-23	0.26614	0.26496	0.26699	0.26440	0
AUC_USD	2019-03-22	0.26520	0.30330	0.30354	0.26429	0
AUC_USD	2019-03-21	0.30330	0.30853	0.31093	0.30043	0
AUC_USD	2019-03-20	0.30853	0.29839	0.34498	0.29571	0
AUC_USD	2019-03-19	0.29859	0.26656	0.30531	0.26656	0
AUC_USD	2019-03-18	0.26656	0.29909	0.30254	0.26416	0
AUC_USD	2019-03-17	0.29911	0.30319	0.30321	0.29911	0
AUC_USD	2019-03-16	0.30332	0.30710	0.31288	0.28740	0
AUC_USD	2019-03-15	0.30710	0.28609	0.31772	0.28609	0
AUC_USD	2019-03-14	0.28615	0.24664	0.28628	0.22065	0
AUC_USD	2019-03-13	0.24675	0.32516	0.32610	0.22933	0
AUC_USD	2019-03-12	0.32506	0.32652	0.32852	0.32208	0
AUC_USD	2019-03-11	0.32673	0.33787	0.33875	0.32357	0
AUC_USD	2019-03-10	0.33797	0.33353	0.33919	0.32811	0
AUC_USD	2019-03-09	0.33337	0.32904	0.33583	0.32848	0
AUC_USD	2019-03-08	0.32904	0.30590	0.33268	0.28922	0
AUC_USD	2019-03-07	0.30591	0.29824	0.30763	0.28723	0
AUC_USD	2019-03-06	0.29824	0.30815	0.30859	0.29632	0
AUC_USD	2019-03-05	0.30802	0.29637	0.30937	0.29530	0
AUC_USD	2019-03-04	0.29637	0.30302	0.30477	0.29386	0
AUC_USD	2019-03-03	0.30299	0.30522	0.30603	0.30108	0
AUC_USD	2019-03-02	0.30522	0.30535	0.30801	0.30079	0
AUC_USD	2019-03-01	0.30550	0.30366	0.30792	0.30364	0
AUC_USD	2019-02-28	0.30383	0.30436	0.31096	0.30298	0
AUC_USD	2019-02-27	0.30427	0.26119	0.32219	0.26011	0
AUC_USD	2019-02-26	0.26135	0.26274	0.26370	0.25967	0
AUC_USD	2019-02-25	0.26300	0.25680	0.26571	0.25674	0
AUC_USD	2019-02-24	0.25690	0.28233	0.28707	0.25559	0
AUC_USD	2019-02-23	0.28230	0.27188	0.28510	0.26902	0
AUC_USD	2019-02-22	0.27234	0.30289	0.30481	0.26741	0
AUC_USD	2019-02-21	0.30291	0.33450	0.34002	0.29931	0
AUC_USD	2019-02-20	0.33500	0.33141	0.33551	0.32982	0
AUC_USD	2019-02-19	0.33177	0.32818	0.33826	0.32535	0
AUC_USD	2019-02-18	0.32829	0.29341	0.33076	0.29258	0
AUC_USD	2019-02-17	0.29347	0.28882	0.29722	0.28824	0
AUC_USD	2019-02-16	0.28882	0.29643	0.29831	0.28855	0
AUC_USD	2019-02-15	0.29595	0.30104	0.30395	0.29388	0
AUC_USD	2019-02-14	0.30128	0.29530	0.30311	0.29468	0
AUC_USD	2019-02-13	0.29559	0.27417	0.29672	0.27366	0
AUC_USD	2019-02-12	0.27401	0.24563	0.28278	0.23569	0
AUC_USD	2019-02-11	0.24560	0.30541	0.30557	0.22850	0
AUC_USD	2019-02-10	0.30536	0.30628	0.30689	0.29890	0
AUC_USD	2019-02-09	0.30628	0.30535	0.31163	0.30288	0
AUC_USD	2019-02-08	0.30535	0.28195	0.31106	0.28108	0
AUC_USD	2019-02-07	0.28176	0.27526	0.28390	0.25750	0
AUC_USD	2019-02-06	0.27526	0.27902	0.28003	0.26903	0
AUC_USD	2019-02-05	0.27903	0.26843	0.27917	0.26734	0
AUC_USD	2019-02-04	0.26843	0.26724	0.26956	0.26230	0
AUC_USD	2019-02-03	0.26727	0.27473	0.28388	0.26548	0
AUC_USD	2019-02-02	0.27463	0.28192	0.28214	0.26655	0
AUC_USD	2019-02-01	0.28215	0.24964	0.28311	0.24746	0
AUC_USD	2019-01-31	0.24948	0.28061	0.28307	0.24839	0
AUC_USD	2019-01-30	0.28064	0.24852	0.28067	0.24363	0
AUC_USD	2019-01-29	0.24855	0.25418	0.25662	0.23965	0
AUC_USD	2019-01-28	0.25417	0.25205	0.25626	0.24302	0
AUC_USD	2019-01-27	0.25221	0.26163	0.27029	0.25198	0
AUC_USD	2019-01-26	0.26169	0.25299	0.26272	0.24295	0
AUC_USD	2019-01-25	0.25288	0.26150	0.26224	0.24171	0
AUC_USD	2019-01-24	0.26144	0.22998	0.26362	0.22801	0
AUC_USD	2019-01-23	0.22991	0.21985	0.23325	0.21904	0
AUC_USD	2019-01-22	0.21985	0.18897	0.22212	0.18489	0
AUC_USD	2019-01-21	0.18902	0.18822	0.18970	0.18751	0
AUC_USD	2019-01-20	0.18809	0.21166	0.21178	0.18704	0
AUC_USD	2019-01-19	0.21177	0.19592	0.21651	0.18767	0
AUC_USD	2019-01-18	0.19588	0.19814	0.19830	0.18940	0
AUC_USD	2019-01-17	0.19811	0.20757	0.20786	0.19547	0
AUC_USD	2019-01-16	0.20716	0.20616	0.21070	0.20558	0
AUC_USD	2019-01-15	0.20634	0.21159	0.21367	0.20511	0
AUC_USD	2019-01-14	0.21162	0.20287	0.21462	0.19956	0
AUC_USD	2019-01-13	0.20294	0.21070	0.21751	0.20185	0
AUC_USD	2019-01-12	0.21070	0.21143	0.21250	0.20889	0
AUC_USD	2019-01-11	0.21145	0.21082	0.21635	0.20854	0
AUC_USD	2019-01-10	0.21091	0.23765	0.24184	0.20917	0
AUC_USD	2019-01-09	0.23765	0.24001	0.24479	0.23625	0
AUC_USD	2019-01-08	0.23977	0.24966	0.26180	0.23791	0
AUC_USD	2019-01-07	0.24970	0.24760	0.25500	0.24213	0
AUC_USD	2019-01-06	0.24771	0.23362	0.46763	0.22810	0
AUC_USD	2019-01-05	0.23365	0.24997	0.30312	0.23009	0
AUC_USD	2019-01-04	0.25007	0.26327	0.29375	0.22733	0
AUC_USD	2019-01-03	0.26302	0.23598	0.26302	0.22500	0
AUC_USD	2019-01-02	0.23604	0.23046	0.23890	0.22363	0
AUC_USD	2019-01-01	0.22984	0.20998	0.23056	0.20894	0
AUC_USD	2018-12-31	0.20981	0.23074	0.23157	0.20257	0
AUC_USD	2018-12-30	0.23037	0.22383	0.23156	0.21909	0
AUC_USD	2018-12-29	0.22347	0.22245	0.23510	0.21969	0
AUC_USD	2018-12-28	0.22238	0.23671	0.24020	0.17947	0
AUC_USD	2018-12-27	0.23672	0.23558	0.24688	0.22939	0
AUC_USD	2018-12-26	0.23557	0.23163	0.23684	0.22579	0
AUC_USD	2018-12-25	0.23137	0.26232	0.26306	0.21998	0
AUC_USD	2018-12-24	0.26255	0.22633	0.27509	0.22633	0
AUC_USD	2018-12-23	0.22630	0.23878	0.24291	0.22291	0
AUC_USD	2018-12-22	0.23824	0.22967	0.23944	0.22642	0
AUC_USD	2018-12-21	0.22939	0.24293	0.24734	0.22563	0
AUC_USD	2018-12-20	0.24310	0.21118	0.24602	0.20992	0
AUC_USD	2018-12-19	0.21148	0.23273	0.24634	0.20944	0
AUC_USD	2018-12-18	0.23243	0.20939	0.23280	0.18855	0
AUC_USD	2018-12-17	0.20933	0.18944	0.21387	0.18315	0
AUC_USD	2018-12-16	0.18932	0.18512	0.19480	0.18281	0
AUC_USD	2018-12-15	0.18519	0.18435	0.18949	0.17352	0
AUC_USD	2018-12-14	0.18431	0.18833	0.19014	0.18120	0
AUC_USD	2018-12-13	0.18816	0.20295	0.20389	0.18628	0
AUC_USD	2018-12-12	0.20379	0.20670	0.21764	0.20161	0
AUC_USD	2018-12-11	0.20737	0.21457	0.21649	0.20582	0
AUC_USD	2018-12-10	0.21472	0.22679	0.22729	0.21101	0
AUC_USD	2018-12-09	0.22444	0.21508	0.23222	0.21328	0
AUC_USD	2018-12-08	0.21510	0.20225	0.22127	0.20151	0
AUC_USD	2018-12-07	0.20218	0.22235	0.22350	0.20039	0
AUC_USD	2018-12-06	0.22292	0.25221	0.27558	0.20324	0
AUC_USD	2018-12-05	0.25197	0.28878	0.28878	0.25195	0
AUC_USD	2018-12-04	0.28836	0.26391	0.28836	0.25748	0
AUC_USD	2018-12-03	0.26424	0.27656	0.27826	0.25871	0
AUC_USD	2018-12-02	0.27566	0.29153	0.30919	0.27479	0
AUC_USD	2018-12-01	0.29149	0.28177	0.30865	0.25531	0
AUC_USD	2018-11-30	0.28177	0.27769	0.33344	0.26143	0
AUC_USD	2018-11-29	0.27701	0.27607	0.27876	0.24722	0
AUC_USD	2018-11-28	0.27624	0.21902	0.28948	0.21902	0
AUC_USD	2018-11-27	0.21902	0.23270	0.23274	0.21608	0
AUC_USD	2018-11-26	0.23274	0.23027	0.24882	0.22668	0
AUC_USD	2018-11-25	0.23106	0.25901	0.27755	0.21280	0
AUC_USD	2018-11-24	0.25891	0.22585	0.30774	0.22192	0
AUC_USD	2018-11-23	0.22585	0.22497	0.22918	0.21741	0
AUC_USD	2018-11-22	0.22622	0.23729	0.24435	0.22622	0
AUC_USD	2018-11-21	0.23758	0.23407	0.24272	0.22533	0
AUC_USD	2018-11-20	0.23350	0.25233	0.25781	0.21972	0
AUC_USD	2018-11-19	0.25238	0.29446	0.29446	0.25000	0
AUC_USD	2018-11-18	0.29446	0.29461	0.30122	0.29246	0
AUC_USD	2018-11-17	0.29470	0.29949	0.30197	0.28940	0
AUC_USD	2018-11-16	0.29955	0.28424	0.30543	0.27547	0
AUC_USD	2018-11-15	0.28427	0.29052	0.29336	0.26563	0
AUC_USD	2018-11-14	0.28874	0.32508	0.33523	0.27999	0
AUC_USD	2018-11-13	0.32565	0.31990	0.32722	0.31790	0
AUC_USD	2018-11-12	0.31996	0.32660	0.33606	0.31854	0
AUC_USD	2018-11-11	0.32703	0.31412	0.32840	0.31171	0
AUC_USD	2018-11-10	0.31406	0.30570	0.31585	0.30107	0
AUC_USD	2018-11-09	0.30573	0.31782	0.31897	0.29836	0
AUC_USD	2018-11-08	0.31782	0.32543	0.32947	0.30664	0
AUC_USD	2018-11-07	0.32548	0.30745	0.34983	0.29244	0
AUC_USD	2018-11-06	0.30762	0.28588	0.32310	0.27071	0
AUC_USD	2018-11-05	0.28588	0.26408	0.30644	0.25790	0
AUC_USD	2018-11-04	0.26427	0.27410	0.27468	0.24433	0
AUC_USD	2018-11-03	0.27410	0.28992	0.31791	0.27398	0
AUC_USD	2018-11-02	0.29008	0.32952	0.34357	0.27652	0
AUC_USD	2018-11-01	0.32952	0.38194	0.41941	0.30849	0
AUC_USD	2018-10-31	0.38220	0.33666	0.43592	0.31841	0
AUC_USD	2018-10-30	0.33603	0.47440	0.47515	0.27591	0
AUC_USD	2018-10-29	0.47440	0.48783	0.52263	0.47267	0
AUC_USD	2018-10-28	0.48783	0.49889	0.49965	0.48609	0
AUC_USD	2018-10-27	0.49889	0.49581	0.49899	0.49299	0
AUC_USD	2018-10-26	0.49580	0.54917	0.55895	0.48883	0
AUC_USD	2018-10-25	0.54901	0.47222	0.55892	0.46200	0
AUC_USD	2018-10-24	0.47232	0.54018	0.59359	0.44164	0
AUC_USD	2018-10-23	0.54018	0.51770	0.78420	0.49261	0
AUC_USD	2018-10-22	0.51786	0.51479	0.70741	0.44808	0
AUC_USD	2018-10-21	0.51446	0.50076	0.51446	0.49344	0
AUC_USD	2018-10-20	0.50067	0.47909	0.50188	0.47725	0
AUC_USD	2018-10-19	0.47913	0.47728	0.48275	0.44998	0
AUC_USD	2018-10-18	0.47533	0.51122	0.51538	0.44479	0
AUC_USD	2018-10-17	0.51115	0.44709	0.52259	0.44598	0
AUC_USD	2018-10-16	0.44734	0.44625	0.45621	0.44218	0
AUC_USD	2018-10-15	0.44625	0.42911	0.50032	0.42335	0
AUC_USD	2018-10-14	0.42911	0.41492	0.48548	0.41374	0
AUC_USD	2018-10-13	0.41498	0.43241	0.49662	0.40443	0
AUC_USD	2018-10-12	0.43268	0.41610	0.43453	0.37978	0
AUC_USD	2018-10-11	0.41670	0.43856	0.47308	0.40966	0
AUC_USD	2018-10-10	0.43856	0.57422	0.57531	0.43538	0
AUC_USD	2018-10-09	0.57406	0.57624	0.68738	0.50865	0
AUC_USD	2018-10-08	0.57617	0.46421	0.77401	0.41073	0
AUC_USD	2018-10-07	0.46421	0.48724	0.49095	0.45803	0
AUC_USD	2018-10-06	0.48724	0.52590	0.52938	0.44060	0
AUC_USD	2018-10-05	0.52590	0.39786	0.76164	0.39780	0
AUC_USD	2018-10-04	0.39803	0.44491	0.45880	0.39796	0
AUC_USD	2018-10-03	0.44465	0.43519	0.45198	0.42558	0
AUC_USD	2018-10-02	0.43555	0.39568	0.44653	0.38492	0
AUC_USD	2018-10-01	0.39539	0.33250	0.42509	0.33147	0
AUC_USD	2018-09-30	0.33250	0.36035	0.36035	0.32030	0
AUC_USD	2018-09-29	0.36038	0.32183	0.40271	0.29816	0
AUC_USD	2018-09-28	0.32183	0.30382	0.33023	0.28217	0
AUC_USD	2018-09-27	0.30351	0.29491	0.30544	0.29326	0
AUC_USD	2018-09-26	0.29491	0.29575	0.29911	0.29230	0
AUC_USD	2018-09-25	0.29532	0.32145	0.32145	0.28920	0
AUC_USD	2018-09-24	0.32158	0.33577	0.35853	0.32091	0
AUC_USD	2018-09-23	0.33582	0.32731	0.33850	0.31173	0
AUC_USD	2018-09-22	0.32730	0.33597	0.36166	0.30611	0
AUC_USD	2018-09-21	0.33642	0.39617	0.43232	0.32946	0
AUC_USD	2018-09-20	0.39610	0.37437	0.39825	0.32775	0
AUC_USD	2018-09-19	0.37446	0.39928	0.41243	0.35644	0
AUC_USD	2018-09-18	0.39937	0.31593	0.49348	0.31512	0
AUC_USD	2018-09-17	0.31593	0.32681	0.32848	0.31372	0
AUC_USD	2018-09-16	0.32681	0.33933	0.34230	0.32261	0
AUC_USD	2018-09-15	0.33963	0.34296	0.35249	0.32764	0
AUC_USD	2018-09-14	0.34331	0.30914	0.34700	0.29452	0
AUC_USD	2018-09-13	0.30914	0.33518	0.34898	0.30154	0
AUC_USD	2018-09-12	0.33511	0.27138	0.35908	0.26658	0
AUC_USD	2018-09-11	0.27135	0.28008	0.28757	0.24262	0
AUC_USD	2018-09-10	0.28014	0.31180	0.31485	0.27796	0
AUC_USD	2018-09-09	0.31164	0.34553	0.34553	0.31072	0
AUC_USD	2018-09-08	0.34556	0.32718	0.36551	0.32718	0
AUC_USD	2018-09-07	0.32718	0.28752	0.32741	0.27189	0
AUC_USD	2018-09-06	0.28766	0.29387	0.29465	0.27570	0
AUC_USD	2018-09-05	0.29383	0.34311	0.34656	0.29373	0
AUC_USD	2018-09-04	0.34311	0.35144	0.35702	0.34285	0
AUC_USD	2018-09-03	0.35165	0.35161	0.35637	0.34801	0
AUC_USD	2018-09-02	0.35158	0.34515	0.35782	0.34129	0
AUC_USD	2018-09-01	0.34515	0.33608	0.35973	0.33579	0
AUC_USD	2018-08-31	0.33608	0.33020	0.35083	0.32544	0
AUC_USD	2018-08-30	0.33058	0.33511	0.33644	0.32059	0
AUC_USD	2018-08-29	0.33552	0.32674	0.33826	0.32163	0
AUC_USD	2018-08-28	0.32667	0.31865	0.33030	0.31537	0
AUC_USD	2018-08-27	0.31830	0.31123	0.33022	0.30552	0
AUC_USD	2018-08-26	0.31231	0.31769	0.39668	0.30189	0
AUC_USD	2018-08-25	0.31809	0.30540	0.32726	0.28276	0
AUC_USD	2018-08-24	0.30532	0.29489	0.30666	0.29132	0
AUC_USD	2018-08-23	0.29467	0.28394	0.29641	0.27538	0
AUC_USD	2018-08-22	0.28371	0.27249	0.29609	0.27077	0
AUC_USD	2018-08-21	0.27241	0.27963	0.29036	0.26126	0
AUC_USD	2018-08-20	0.27976	0.30229	0.30405	0.27864	0
AUC_USD	2018-08-19	0.30237	0.29620	0.30487	0.29197	0
AUC_USD	2018-08-18	0.29612	0.30241	0.30583	0.28978	0
AUC_USD	2018-08-17	0.30266	0.29416	0.30936	0.29212	0
AUC_USD	2018-08-16	0.29431	0.30967	0.31117	0.27305	0
AUC_USD	2018-08-15	0.30996	0.30995	0.32974	0.29990	0
AUC_USD	2018-08-14	0.30982	0.28413	0.31316	0.26765	0
AUC_USD	2018-08-13	0.28449	0.28402	0.29659	0.28118	0
AUC_USD	2018-08-12	0.28425	0.28776	0.30051	0.27631	0
AUC_USD	2018-08-11	0.28747	0.30234	0.30442	0.26812	0
AUC_USD	2018-08-10	0.30231	0.28886	0.32535	0.26863	0
AUC_USD	2018-08-09	0.28816	0.28314	0.29495	0.27884	0
AUC_USD	2018-08-08	0.28314	0.29867	0.29867	0.27567	0
AUC_USD	2018-08-07	0.29891	0.37890	0.39260	0.29733	0
AUC_USD	2018-08-06	0.39737	0.41883	0.42696	0.37963	0
AUC_USD	2018-08-05	0.41907	0.38952	0.42140	0.36666	0
AUC_USD	2018-08-04	0.38911	0.38443	0.42668	0.37089	0
AUC_USD	2018-08-03	0.38412	0.40428	0.42654	0.35385	0
AUC_USD	2018-08-02	0.40464	0.42631	0.49265	0.36655	0
AUC_USD	2018-08-01	0.42653	0.39782	0.45394	0.37008	0
AUC_USD	2018-07-31	0.39798	0.44144	0.51552	0.39029	0
AUC_USD	2018-07-30	0.44129	0.39712	0.56785	0.38705	0
AUC_USD	2018-07-29	0.39716	0.35102	0.40558	0.34434	0
AUC_USD	2018-07-28	0.35094	0.36875	0.36875	0.34756	0
AUC_USD	2018-07-27	0.36883	0.37889	0.37935	0.35923	0
AUC_USD	2018-07-26	0.37881	0.36539	0.37968	0.36242	0
AUC_USD	2018-07-25	0.36505	0.39658	0.40048	0.33547	0
AUC_USD	2018-07-24	0.39848	0.36657	0.40287	0.35948	0
AUC_USD	2018-07-23	0.36624	0.34037	0.39373	0.33895	0
AUC_USD	2018-07-22	0.33984	0.37228	0.37655	0.33984	0
AUC_USD	2018-07-21	0.37220	0.36563	0.37749	0.34069	0
AUC_USD	2018-07-20	0.36581	0.40829	0.42756	0.35259	0
AUC_USD	2018-07-19	0.40813	0.43160	0.44178	0.37306	0
AUC_USD	2018-07-18	0.43092	0.46365	0.48212	0.37448	0
AUC_USD	2018-07-17	0.46167	0.41047	0.46216	0.35298	0
AUC_USD	2018-07-16	0.41210	0.38559	0.43916	0.38479	0
AUC_USD	2018-07-15	0.38556	0.38707	0.40779	0.38203	0
AUC_USD	2018-07-14	0.38713	0.41174	0.41356	0.37377	0
AUC_USD	2018-07-13	0.41177	0.38278	0.41883	0.30228	0
AUC_USD	2018-07-12	0.38260	0.48044	0.48316	0.25849	0
AUC_USD	2018-07-11	0.48072	0.51587	0.52340	0.47337	0
AUC_USD	2018-07-10	0.51569	0.54751	0.54933	0.50871	0
AUC_USD	2018-07-09	0.54769	0.55162	0.55885	0.54573	0
AUC_USD	2018-07-08	0.55196	0.57488	0.58069	0.55093	0
AUC_USD	2018-07-07	0.57488	0.57419	0.58053	0.54697	0
AUC_USD	2018-07-06	0.57402	0.55167	0.58107	0.52706	0
AUC_USD	2018-07-05	0.55242	0.58532	0.59486	0.53949	0
AUC_USD	2018-07-04	0.58532	0.60363	0.60642	0.56497	0
AUC_USD	2018-07-03	0.60235	0.53091	0.61083	0.00698	0
AUC_USD	2018-07-02	0.53079	0.47758	0.54461	0.00001	0
AUC_USD	2018-07-01	0.47746	0.52707	0.53056	0.46352	0
AUC_USD	2018-06-30	0.52692	0.47455	0.52902	0.47422	0
AUC_USD	2018-06-29	0.47458	0.47514	0.50674	0.41134	0
AUC_USD	2018-06-28	0.47588	0.52453	0.55732	0.47339	0
AUC_USD	2018-06-27	0.52459	0.52333	0.54151	0.37228	0
AUC_USD	2018-06-26	0.52498	0.58422	0.59406	0.52170	0
AUC_USD	2018-06-25	0.58377	0.56104	0.59884	0.52504	0
AUC_USD	2018-06-24	0.56129	0.58763	0.58811	0.49685	0
AUC_USD	2018-06-23	0.58687	0.58733	0.60193	0.58347	0
AUC_USD	2018-06-22	0.58734	0.64147	0.64321	0.57659	0
AUC_USD	2018-06-21	0.64144	0.65308	0.67723	0.62889	0
AUC_USD	2018-06-20	0.65308	0.65864	0.66545	0.62493	0
AUC_USD	2018-06-19	0.65938	0.61100	0.68362	0.61091	0
AUC_USD	2018-06-18	0.61094	0.61544	0.65806	0.60065	0
AUC_USD	2018-06-17	0.61501	0.62581	0.64381	0.59610	0
AUC_USD	2018-06-16	0.62569	0.63610	0.64251	0.58771	0
AUC_USD	2018-06-15	0.63580	0.66169	0.70032	0.63365	0
AUC_USD	2018-06-14	0.66043	0.50713	0.66620	0.50466	0
AUC_USD	2018-06-13	0.50687	0.58415	0.65800	0.50631	0
AUC_USD	2018-06-12	0.55921	0.63338	0.69018	0.51596	0
AUC_USD	2018-06-11	0.63368	0.59306	0.69755	0.52432	0
AUC_USD	2018-06-10	0.59227	0.76916	0.78487	0.55056	0
AUC_USD	2018-06-09	0.76895	0.77960	0.79583	0.75822	0
AUC_USD	2018-06-08	0.77918	0.80754	0.80988	0.69820	0
AUC_USD	2018-06-07	0.80788	0.80428	0.81500	0.80335	0
AUC_USD	2018-06-06	0.80424	0.90325	0.90423	0.77572	0
AUC_USD	2018-06-05	0.90248	0.81537	1.02196	0.81537	0
AUC_USD	2018-06-04	0.81597	0.84488	0.87689	0.71044	0
AUC_USD	2018-06-03	0.84412	0.83172	0.85911	0.61724	0
AUC_USD	2018-06-02	0.83236	0.68220	0.86695	0.68220	0
AUC_USD	2018-06-01	0.68212	0.87768	0.89256	0.62069	0
AUC_USD	2018-05-31	0.87716	0.85463	0.91290	0.82930	0
AUC_USD	2018-05-30	0.85463	0.84600	0.88605	0.84336	0
AUC_USD	2018-05-29	0.84496	0.82440	0.88846	0.78464	0
AUC_USD	2018-05-28	0.82389	0.91294	0.92160	0.82037	0
AUC_USD	2018-05-27	0.91298	0.84417	0.95275	0.82583	0
AUC_USD	2018-05-26	0.84431	0.96887	0.98928	0.83979	0
AUC_USD	2018-05-25	0.96905	0.91439	1.00806	0.88701	0
AUC_USD	2018-05-24	0.91401	0.91196	1.03045	0.84089	0
AUC_USD	2018-05-23	0.91269	1.27359	1.29939	0.87895	0
AUC_USD	2018-05-22	1.27404	1.32516	1.38695	1.27404	0
AUC_USD	2018-05-21	1.32542	1.52807	1.54653	1.28111	0
AUC_USD	2018-05-20	1.52848	1.57726	1.64957	1.51068	0
AUC_USD	2018-05-19	1.57886	1.32981	1.57886	1.30745	0
AUC_USD	2018-05-18	1.32981	1.38966	1.80521	1.00672	0
