AURA_USD	2019-04-09	0.033530	0.033747	0.034035	0.032917	0
AURA_USD	2019-04-08	0.033808	0.033998	0.035935	0.033708	0
AURA_USD	2019-04-07	0.034106	0.032272	0.034324	0.032062	0
AURA_USD	2019-04-06	0.032238	0.032625	0.034362	0.031064	0
AURA_USD	2019-04-05	0.032678	0.030172	0.032975	0.030159	0
AURA_USD	2019-04-04	0.030159	0.030942	0.032376	0.029778	0
AURA_USD	2019-04-03	0.030829	0.032075	0.035216	0.029251	0
AURA_USD	2019-04-02	0.032085	0.028214	0.032620	0.028174	0
AURA_USD	2019-04-01	0.028283	0.027316	0.029237	0.026968	0
AURA_USD	2019-03-31	0.027318	0.028096	0.030016	0.026852	0
AURA_USD	2019-03-30	0.028096	0.027527	0.028988	0.026811	0
AURA_USD	2019-03-29	0.027527	0.026816	0.266400	0.025243	0
AURA_USD	2019-03-28	0.026816	0.028187	0.028187	0.026671	0
AURA_USD	2019-03-27	0.028191	0.026353	0.028299	0.026342	0
AURA_USD	2019-03-26	0.026353	0.025724	0.026768	0.025200	0
AURA_USD	2019-03-25	0.025724	0.028604	0.028771	0.025308	0
AURA_USD	2019-03-24	0.028604	0.027088	0.029470	0.027058	0
AURA_USD	2019-03-23	0.027088	0.027748	0.028181	0.026277	0
AURA_USD	2019-03-22	0.027756	0.025444	0.028089	0.025286	0
AURA_USD	2019-03-21	0.025446	0.028433	0.028571	0.021977	0
AURA_USD	2019-03-20	0.028425	0.027950	0.029424	0.027825	0
AURA_USD	2019-03-19	0.027974	0.029298	0.029616	0.027614	0
AURA_USD	2019-03-18	0.029298	0.028860	0.029507	0.028260	0
AURA_USD	2019-03-17	0.028860	0.028723	0.028966	0.027534	0
AURA_USD	2019-03-16	0.028723	0.027646	0.029676	0.027646	0
AURA_USD	2019-03-15	0.027644	0.026267	0.028145	0.026266	0
AURA_USD	2019-03-14	0.026287	0.026734	0.026928	0.025423	0
AURA_USD	2019-03-13	0.026734	0.027253	0.027255	0.024014	0
AURA_USD	2019-03-12	0.027253	0.026696	0.028940	0.026201	0
AURA_USD	2019-03-11	0.026684	0.026818	0.028228	0.026278	0
AURA_USD	2019-03-10	0.026818	0.027959	0.028822	0.026609	0
AURA_USD	2019-03-09	0.027957	0.029323	0.029980	0.027717	0
AURA_USD	2019-03-08	0.029039	0.028693	0.030930	0.028098	0
AURA_USD	2019-03-07	0.028695	0.028819	0.029160	0.027591	0
AURA_USD	2019-03-06	0.028813	0.028012	0.028938	0.027408	0
AURA_USD	2019-03-05	0.027985	0.026220	0.028488	0.025317	0
AURA_USD	2019-03-04	0.026221	0.027311	0.027335	0.025388	0
AURA_USD	2019-03-03	0.027283	0.027390	0.029674	0.025926	0
AURA_USD	2019-03-02	0.027392	0.028370	0.029168	0.025558	0
AURA_USD	2019-03-01	0.028389	0.027894	0.029284	0.027428	0
AURA_USD	2019-02-28	0.027886	0.027993	0.029000	0.026607	0
AURA_USD	2019-02-27	0.026886	0.029272	0.029575	0.025414	0
AURA_USD	2019-02-26	0.029328	0.027813	0.031146	0.027062	0
AURA_USD	2019-02-25	0.027819	0.026172	0.029501	0.026172	0
AURA_USD	2019-02-24	0.026135	0.034815	0.037387	0.026135	0
AURA_USD	2019-02-23	0.034857	0.034557	0.036040	0.032181	0
AURA_USD	2019-02-22	0.034613	0.029557	0.034732	0.029043	0
AURA_USD	2019-02-21	0.029564	0.029752	0.030485	0.027747	0
AURA_USD	2019-02-20	0.029867	0.029113	0.030992	0.026985	0
AURA_USD	2019-02-19	0.029113	0.025834	0.031460	0.025814	0
AURA_USD	2019-02-18	0.025861	0.025364	0.027949	0.025188	0
AURA_USD	2019-02-17	0.025364	0.023125	0.026459	0.023084	0
AURA_USD	2019-02-16	0.023125	0.022240	0.025290	0.021974	0
AURA_USD	2019-02-15	0.022235	0.022664	0.023526	0.021204	0
AURA_USD	2019-02-14	0.022675	0.021410	0.022930	0.021251	0
AURA_USD	2019-02-13	0.021434	0.021084	0.021947	0.020690	0
AURA_USD	2019-02-12	0.021021	0.021605	0.021712	0.020724	0
AURA_USD	2019-02-11	0.021605	0.022683	0.022683	0.021349	0
AURA_USD	2019-02-10	0.022721	0.021576	0.022830	0.021040	0
AURA_USD	2019-02-09	0.021600	0.021607	0.021839	0.021243	0
AURA_USD	2019-02-08	0.021637	0.018650	0.022759	0.018590	0
AURA_USD	2019-02-07	0.018641	0.019304	0.020215	0.018604	0
AURA_USD	2019-02-06	0.019304	0.020003	0.020745	0.019063	0
AURA_USD	2019-02-05	0.020004	0.020616	0.020616	0.019433	0
AURA_USD	2019-02-04	0.020620	0.021022	0.021409	0.020156	0
AURA_USD	2019-02-03	0.021005	0.021981	0.022238	0.020834	0
AURA_USD	2019-02-02	0.021918	0.020712	0.022018	0.020510	0
AURA_USD	2019-02-01	0.020711	0.020783	0.021238	0.020278	0
AURA_USD	2019-01-31	0.020742	0.020839	0.021477	0.019881	0
AURA_USD	2019-01-30	0.020854	0.021267	0.022485	0.020300	0
AURA_USD	2019-01-29	0.021307	0.021395	0.021998	0.020118	0
AURA_USD	2019-01-28	0.021379	0.020720	0.021914	0.019073	0
AURA_USD	2019-01-27	0.020723	0.021686	0.021748	0.020465	0
AURA_USD	2019-01-26	0.021692	0.021109	0.022122	0.021103	0
AURA_USD	2019-01-25	0.021108	0.022303	0.022569	0.020555	0
AURA_USD	2019-01-24	0.022304	0.021375	0.022373	0.020233	0
AURA_USD	2019-01-23	0.021375	0.023195	0.023250	0.020775	0
AURA_USD	2019-01-22	0.023195	0.024890	0.025054	0.022644	0
AURA_USD	2019-01-21	0.024912	0.025393	0.025705	0.024183	0
AURA_USD	2019-01-20	0.025354	0.027721	0.027721	0.024819	0
AURA_USD	2019-01-19	0.027721	0.026464	0.029310	0.026464	0
AURA_USD	2019-01-18	0.026457	0.028305	1.133049	0.026133	0
AURA_USD	2019-01-17	0.028337	0.028939	0.028939	0.027084	0
AURA_USD	2019-01-16	0.028804	0.026081	0.029567	0.025934	0
AURA_USD	2019-01-15	0.026120	0.027284	0.028118	0.025049	0
AURA_USD	2019-01-14	0.027285	0.023808	0.028236	0.023776	0
AURA_USD	2019-01-13	0.023787	0.023407	0.024753	0.022300	0
AURA_USD	2019-01-12	0.023409	0.023676	0.023885	0.022286	0
AURA_USD	2019-01-11	0.023676	0.022982	0.024935	0.022799	0
AURA_USD	2019-01-10	0.022975	0.027352	0.028779	0.019527	0
AURA_USD	2019-01-09	0.027343	0.028253	0.029388	0.027306	0
AURA_USD	2019-01-08	0.028261	0.031168	0.031712	0.027937	0
AURA_USD	2019-01-07	0.031162	0.031067	0.032909	0.029492	0
AURA_USD	2019-01-06	0.031061	0.030579	0.032531	0.030047	0
AURA_USD	2019-01-05	0.030571	0.031253	0.032859	0.030521	0
AURA_USD	2019-01-04	0.031255	0.029400	0.032377	0.029082	0
AURA_USD	2019-01-03	0.029389	0.031347	0.032596	0.029073	0
AURA_USD	2019-01-02	0.031358	0.029687	0.032823	0.029306	0
AURA_USD	2019-01-01	0.029422	0.027369	0.029711	0.025092	0
AURA_USD	2018-12-31	0.027406	0.030380	0.030430	0.026640	0
AURA_USD	2018-12-30	0.030340	0.029534	0.030862	0.027944	0
AURA_USD	2018-12-29	0.029691	0.031027	0.032292	0.028348	0
AURA_USD	2018-12-28	0.031044	0.024412	0.031214	0.024108	0
AURA_USD	2018-12-27	0.024347	0.028272	0.028547	0.023699	0
AURA_USD	2018-12-26	0.028260	0.028860	0.030609	0.025683	0
AURA_USD	2018-12-25	0.028858	0.029739	0.029926	0.026637	0
AURA_USD	2018-12-24	0.029762	0.028175	0.035107	0.028150	0
AURA_USD	2018-12-23	0.028179	0.024924	0.029981	0.024910	0
AURA_USD	2018-12-22	0.024883	0.023828	0.025248	0.021673	0
AURA_USD	2018-12-21	0.023828	0.023684	0.024728	0.022095	0
AURA_USD	2018-12-20	0.023784	0.021669	0.024914	0.021396	0
AURA_USD	2018-12-19	0.021652	0.023435	0.024463	0.021639	0
AURA_USD	2018-12-18	0.023370	0.023779	143,196.156250	0.020042	0
AURA_USD	2018-12-17	0.023782	0.015783	0.023893	0.015399	0
AURA_USD	2018-12-16	0.015775	0.015587	0.017212	0.015087	0
AURA_USD	2018-12-15	0.015588	0.014820	0.016037	0.014291	0
AURA_USD	2018-12-14	0.014818	0.016877	0.017325	0.014490	0
AURA_USD	2018-12-13	0.016838	0.016209	0.155646	0.015223	0
AURA_USD	2018-12-12	0.016208	0.014915	0.090952	0.014793	0
AURA_USD	2018-12-11	0.014909	0.015255	0.015487	0.014270	0
AURA_USD	2018-12-10	0.015233	0.015826	0.016123	0.014867	0
AURA_USD	2018-12-09	0.015853	0.015299	0.016856	0.014703	0
AURA_USD	2018-12-08	0.015310	0.015512	0.016300	0.014143	0
AURA_USD	2018-12-07	0.015516	0.014142	0.016172	0.012622	0
AURA_USD	2018-12-06	0.014210	0.016853	0.016989	0.014087	0
AURA_USD	2018-12-05	0.016818	0.018180	0.018205	0.016800	0
AURA_USD	2018-12-04	0.018184	0.017094	0.018583	0.016626	0
AURA_USD	2018-12-03	0.017094	0.019968	0.020014	0.015936	0
AURA_USD	2018-12-02	0.019929	0.020444	0.020845	0.019284	0
AURA_USD	2018-12-01	0.020444	0.018812	0.020857	0.018658	0
AURA_USD	2018-11-30	0.018812	0.019075	0.019635	0.018331	0
AURA_USD	2018-11-29	0.019075	0.019737	0.019869	0.018428	0
AURA_USD	2018-11-28	0.019639	0.017746	0.032625	0.017746	0
AURA_USD	2018-11-27	0.017981	0.017578	0.018271	0.016317	0
AURA_USD	2018-11-26	0.017578	0.018479	0.019733	0.016628	0
AURA_USD	2018-11-25	0.018539	0.019659	0.020872	0.016941	0
AURA_USD	2018-11-24	0.019659	0.021857	0.023824	0.019209	0
AURA_USD	2018-11-23	0.021857	0.020240	0.023118	0.019490	0
AURA_USD	2018-11-22	0.020437	0.021852	0.023304	0.020437	0
AURA_USD	2018-11-21	0.021919	0.024064	0.024753	0.021526	0
AURA_USD	2018-11-20	0.024049	0.027331	0.028049	0.022383	0
AURA_USD	2018-11-19	0.027331	0.033703	0.033710	0.027331	0
AURA_USD	2018-11-18	0.033703	0.030806	0.035190	0.030660	0
AURA_USD	2018-11-17	0.030806	0.033129	0.033181	0.030680	0
AURA_USD	2018-11-16	0.033129	0.035652	0.035753	0.032516	0
AURA_USD	2018-11-15	0.035652	0.036587	0.037819	0.033650	0
AURA_USD	2018-11-14	0.036331	0.041396	0.041495	0.034682	0
AURA_USD	2018-11-13	0.041451	0.041478	0.045539	0.040469	0
AURA_USD	2018-11-12	0.041478	0.044646	0.044887	0.041226	0
AURA_USD	2018-11-11	0.044721	0.044735	0.045270	0.043628	0
AURA_USD	2018-11-10	0.044735	0.044547	0.046122	0.042741	0
AURA_USD	2018-11-09	0.044547	0.044061	0.047143	0.040276	0
AURA_USD	2018-11-08	0.044061	0.050205	0.053931	0.043935	0
AURA_USD	2018-11-07	0.050205	0.051307	0.052486	0.047803	0
AURA_USD	2018-11-06	0.051307	0.048482	0.052494	0.048044	0
AURA_USD	2018-11-05	0.048482	0.048156	0.315533	0.046865	0
AURA_USD	2018-11-04	0.048156	0.046640	0.050125	0.044272	0
AURA_USD	2018-11-03	0.046640	0.047545	0.048647	0.045974	0
AURA_USD	2018-11-02	0.047545	0.049528	0.052330	0.046460	0
AURA_USD	2018-11-01	0.050461	0.060205	0.297742	0.039657	0
AURA_USD	2018-10-31	0.060205	0.060095	0.061592	0.056404	0
AURA_USD	2018-10-30	0.060095	0.061371	0.062533	0.059853	0
AURA_USD	2018-10-29	0.061371	0.062372	0.063194	0.057321	0
AURA_USD	2018-10-28	0.062372	0.063617	0.063819	0.061805	0
AURA_USD	2018-10-27	0.063617	0.062952	0.065423	0.062952	0
AURA_USD	2018-10-26	0.062952	0.063797	0.064684	0.062667	0
AURA_USD	2018-10-25	0.063797	0.063572	0.064531	0.063136	0
AURA_USD	2018-10-24	0.063572	0.067361	0.070024	0.062536	0
AURA_USD	2018-10-23	0.067361	0.070278	0.073708	0.067193	0
AURA_USD	2018-10-22	0.070278	0.065853	0.070462	0.065629	0
AURA_USD	2018-10-21	0.065806	0.066196	0.068515	0.065152	0
AURA_USD	2018-10-20	0.066190	0.063921	0.068491	0.063516	0
AURA_USD	2018-10-19	0.063909	0.063992	0.065824	0.062586	0
AURA_USD	2018-10-18	0.063992	0.069414	0.070843	0.063316	0
AURA_USD	2018-10-17	0.069369	0.069787	0.070274	0.064539	0
AURA_USD	2018-10-16	0.069788	0.068775	0.070491	0.068061	0
AURA_USD	2018-10-15	0.068775	0.062003	0.074991	0.059582	0
AURA_USD	2018-10-14	0.061959	0.065116	0.067425	0.060131	0
AURA_USD	2018-10-13	0.065126	0.062477	0.066351	0.062420	0
AURA_USD	2018-10-12	0.062534	0.058716	0.064164	0.058514	0
AURA_USD	2018-10-11	0.058624	0.068429	0.069502	0.058243	0
AURA_USD	2018-10-10	0.070163	0.067620	0.070231	0.065264	0
AURA_USD	2018-10-09	0.067620	0.071587	0.073018	0.066707	0
AURA_USD	2018-10-08	0.071587	0.069533	0.072498	0.068919	0
AURA_USD	2018-10-07	0.069533	0.069577	0.071667	0.067014	0
AURA_USD	2018-10-06	0.069577	0.073386	0.073870	0.069230	0
AURA_USD	2018-10-05	0.073386	0.070534	0.074439	0.070168	0
AURA_USD	2018-10-04	0.070534	0.072812	0.075675	0.069782	0
AURA_USD	2018-10-03	0.072775	0.072351	0.074944	0.069309	0
AURA_USD	2018-10-02	0.072444	0.076926	0.080416	0.072310	0
AURA_USD	2018-10-01	0.076909	0.074727	0.076986	0.073236	0
AURA_USD	2018-09-30	0.074727	0.077187	0.077985	0.073128	0
AURA_USD	2018-09-29	0.077187	0.079348	0.081436	0.068168	0
AURA_USD	2018-09-28	0.079348	0.082407	2.260950	0.076043	0
AURA_USD	2018-09-27	0.082348	0.077755	0.083569	0.075108	0
AURA_USD	2018-09-26	0.077895	0.078458	0.081051	0.074667	0
AURA_USD	2018-09-25	0.078008	0.077629	0.081696	0.072760	0
AURA_USD	2018-09-24	0.077629	0.083865	0.084273	0.076866	0
AURA_USD	2018-09-23	0.083845	0.084110	0.088512	0.080613	0
AURA_USD	2018-09-22	0.084080	0.086739	0.089221	0.080910	0
AURA_USD	2018-09-21	0.086844	0.079042	0.088266	0.076339	0
AURA_USD	2018-09-20	0.079042	0.072611	0.080093	0.072100	0
AURA_USD	2018-09-19	0.075151	0.081446	0.086569	0.072100	0
AURA_USD	2018-09-18	0.081446	0.068837	0.093062	0.067555	0
AURA_USD	2018-09-17	0.068829	0.072286	0.082295	0.066817	0
AURA_USD	2018-09-16	0.072286	0.065156	0.081659	0.063246	0
AURA_USD	2018-09-15	0.065429	0.063018	0.072657	0.063018	0
AURA_USD	2018-09-14	0.063671	0.060856	0.071490	0.059059	0
AURA_USD	2018-09-13	0.060856	0.048162	0.063356	0.048162	0
AURA_USD	2018-09-12	0.047984	0.045038	0.052598	0.040326	0
AURA_USD	2018-09-11	0.045154	0.049623	0.054207	0.043409	0
AURA_USD	2018-09-10	0.049623	0.053612	0.057529	0.049214	0
AURA_USD	2018-09-09	0.053500	0.060858	0.062497	0.052458	0
AURA_USD	2018-09-08	0.060858	0.058426	0.066230	0.055713	0
AURA_USD	2018-09-07	0.058426	0.061222	0.061939	0.052905	0
AURA_USD	2018-09-06	0.061230	0.052793	0.062442	0.047122	0
AURA_USD	2018-09-05	0.052793	0.060463	0.062461	0.050868	0
AURA_USD	2018-09-04	0.060463	0.060033	0.063890	0.059287	0
AURA_USD	2018-09-03	0.060092	0.064044	0.064503	0.059806	0
AURA_USD	2018-09-02	0.064044	0.064051	0.065184	0.061444	0
AURA_USD	2018-09-01	0.064051	0.058030	0.065453	0.058030	0
AURA_USD	2018-08-31	0.058030	0.058696	0.058717	0.053236	0
AURA_USD	2018-08-30	0.058725	0.063136	0.063684	0.054245	0
AURA_USD	2018-08-29	0.063340	0.062631	0.065150	0.061126	0
AURA_USD	2018-08-28	0.062631	0.060479	0.064318	0.059546	0
AURA_USD	2018-08-27	0.060281	0.057122	0.060281	0.055213	0
AURA_USD	2018-08-26	0.057122	0.058224	0.058298	0.055079	0
AURA_USD	2018-08-25	0.058224	0.059065	0.059372	0.056952	0
AURA_USD	2018-08-24	0.059065	0.057946	0.059428	0.055799	0
AURA_USD	2018-08-23	0.057928	0.054377	0.058877	0.053978	0
AURA_USD	2018-08-22	0.054289	0.061693	0.065522	0.052713	0
AURA_USD	2018-08-21	0.061683	0.057157	0.062185	0.055541	0
AURA_USD	2018-08-20	0.057129	0.069721	0.071815	0.057129	0
AURA_USD	2018-08-19	0.069740	0.070206	0.072082	0.067792	0
AURA_USD	2018-08-18	0.070131	0.077205	0.078060	0.065097	0
AURA_USD	2018-08-17	0.077138	0.069924	0.079226	0.067816	0
AURA_USD	2018-08-16	0.070022	0.071260	0.075586	0.067328	0
AURA_USD	2018-08-15	0.071202	0.068114	0.071326	0.064028	0
AURA_USD	2018-08-14	0.068031	0.068596	0.068596	0.058636	0
AURA_USD	2018-08-13	0.068142	0.071103	0.073383	0.066398	0
AURA_USD	2018-08-12	0.071100	0.071277	0.073106	0.069510	0
AURA_USD	2018-08-11	0.071359	0.078207	0.078332	0.067916	0
AURA_USD	2018-08-10	0.078229	0.084943	355.714996	0.076107	0
AURA_USD	2018-08-09	0.084892	0.080810	0.086292	0.079536	0
AURA_USD	2018-08-08	0.080766	0.087536	0.089827	0.079565	0
AURA_USD	2018-08-07	0.087585	0.095587	0.100538	0.085873	0
AURA_USD	2018-08-06	0.095603	0.105813	0.106579	0.093928	0
AURA_USD	2018-08-05	0.105783	0.106356	0.106933	0.097384	0
AURA_USD	2018-08-04	0.106267	0.102367	0.112470	0.098481	0
AURA_USD	2018-08-03	0.102367	0.107708	0.111321	0.096958	0
AURA_USD	2018-08-02	0.107708	0.113966	0.118142	0.107708	0
AURA_USD	2018-08-01	0.113893	0.121285	0.123045	0.107923	0
AURA_USD	2018-07-31	0.121225	0.130485	0.133070	0.118526	0
AURA_USD	2018-07-30	0.130488	0.144587	0.148136	0.128596	0
AURA_USD	2018-07-29	0.144668	0.161527	0.162334	0.139950	0
AURA_USD	2018-07-28	0.161527	0.164131	0.167927	0.151498	0
AURA_USD	2018-07-27	0.164131	0.158346	0.167759	0.156404	0
AURA_USD	2018-07-26	0.158346	0.154893	0.161762	0.147434	0
AURA_USD	2018-07-25	0.154778	0.157953	0.164591	0.147330	0
AURA_USD	2018-07-24	0.158491	0.141677	0.163908	0.141425	0
AURA_USD	2018-07-23	0.141623	0.140208	0.151038	0.131348	0
AURA_USD	2018-07-22	0.140389	0.153857	0.155944	0.127905	0
AURA_USD	2018-07-21	0.153857	0.136137	0.172468	0.134326	0
AURA_USD	2018-07-20	0.136137	0.152260	0.160492	0.134901	0
AURA_USD	2018-07-19	0.152260	0.130890	0.152393	0.128842	0
AURA_USD	2018-07-18	0.131471	0.136136	0.146189	0.126759	0
AURA_USD	2018-07-17	0.136136	0.136915	0.140963	0.127126	0
AURA_USD	2018-07-16	0.137101	0.136768	0.145110	0.128931	0
AURA_USD	2018-07-15	0.136768	0.130919	0.136990	0.130127	0
AURA_USD	2018-07-14	0.130919	0.132675	0.137457	0.129711	0
AURA_USD	2018-07-13	0.132630	0.129113	0.132630	0.127855	0
AURA_USD	2018-07-12	0.128873	0.134157	0.137097	0.125429	0
AURA_USD	2018-07-11	0.133989	0.141923	0.144609	0.127668	0
AURA_USD	2018-07-10	0.140788	0.164754	0.165503	0.121880	0
