AUTO_USD	2019-04-09	0.001904	0.001915	0.001915	0.001891	0
AUTO_USD	2019-04-08	0.001915	0.001902	0.001921	0.001887	0
AUTO_USD	2019-04-07	0.001902	0.001876	0.001911	0.001875	0
AUTO_USD	2019-04-06	0.001876	0.001876	0.001907	0.001857	0
AUTO_USD	2019-04-05	0.001876	0.001852	0.001882	0.001852	0
AUTO_USD	2019-04-04	0.001852	0.001859	0.001879	0.001836	0
AUTO_USD	2019-04-03	0.001859	0.001851	0.001915	0.001838	0
AUTO_USD	2019-04-02	0.001851	0.001732	0.001875	0.001731	0
AUTO_USD	2019-04-01	0.001732	0.001731	0.001736	0.001729	0
AUTO_USD	2019-03-31	0.001727	0.001727	0.001729	0.001725	0
AUTO_USD	2019-03-30	0.001727	0.001729	0.001734	0.001720	0
AUTO_USD	2019-03-29	0.001729	0.001715	0.001730	0.001714	0
AUTO_USD	2019-03-28	0.001715	0.001717	0.001717	0.001711	0
AUTO_USD	2019-03-27	0.001717	0.001699	0.001718	0.001697	0
AUTO_USD	2019-03-26	0.001699	0.001695	0.001699	0.001692	0
AUTO_USD	2019-03-25	0.001695	0.001707	0.001708	0.001690	0
AUTO_USD	2019-03-24	0.001707	0.001710	0.001710	0.001702	0
AUTO_USD	2019-03-23	0.001710	0.001708	0.001712	0.001706	0
AUTO_USD	2019-03-22	0.001708	0.001707	0.001711	0.001706	0
AUTO_USD	2019-03-21	0.001707	0.001721	0.001724	0.001701	0
AUTO_USD	2019-03-20	0.001721	0.001717	0.001722	0.001712	0
AUTO_USD	2019-03-19	0.001717	0.001712	0.001719	0.001709	0
AUTO_USD	2019-03-18	0.001712	0.001711	0.001719	0.001706	0
AUTO_USD	2019-03-17	0.001711	0.001715	0.001715	0.001707	0
AUTO_USD	2019-03-16	0.001715	0.001701	0.001725	0.001701	0
AUTO_USD	2019-03-15	0.001701	0.001692	0.001702	0.001692	0
AUTO_USD	2019-03-14	0.001692	0.001692	0.001700	0.001682	0
AUTO_USD	2019-03-13	0.001692	0.001693	0.001695	0.001688	0
AUTO_USD	2019-03-12	0.001693	0.001692	0.001697	0.001683	0
AUTO_USD	2019-03-11	0.001692	0.001700	0.001701	0.001687	0
AUTO_USD	2019-03-10	0.001700	0.001702	0.001703	0.001694	0
AUTO_USD	2019-03-09	0.001702	0.001690	0.001707	0.001689	0
AUTO_USD	2019-03-08	0.001690	0.001694	0.001703	0.001680	0
AUTO_USD	2019-03-07	0.001694	0.001692	0.001699	0.001690	0
AUTO_USD	2019-03-06	0.001692	0.001692	0.001696	0.001686	0
AUTO_USD	2019-03-05	0.001692	0.001668	0.001695	0.001665	0
AUTO_USD	2019-03-04	0.001668	0.001681	0.001685	0.001662	0
AUTO_USD	2019-03-03	0.001681	0.001686	0.001688	0.001677	0
AUTO_USD	2019-03-02	0.001686	0.001687	0.001688	0.001677	0
AUTO_USD	2019-03-01	0.001687	0.001683	0.001692	0.001683	0
AUTO_USD	2019-02-28	0.001683	0.001684	0.001698	0.001681	0
AUTO_USD	2019-02-27	0.001684	0.001683	0.001689	0.001663	0
AUTO_USD	2019-02-26	0.001683	0.001688	0.001689	0.001680	0
AUTO_USD	2019-02-25	0.001688	0.001673	0.001694	0.001672	0
AUTO_USD	2019-02-24	0.001673	0.001734	0.001746	0.001670	0
AUTO_USD	2019-02-23	0.001734	0.001711	0.001741	0.001702	0
AUTO_USD	2019-02-22	0.001711	0.001702	0.001712	0.001699	0
AUTO_USD	2019-02-21	0.001702	0.001710	0.001720	0.001696	0
AUTO_USD	2019-02-20	0.001710	0.001699	0.001711	0.001695	0
AUTO_USD	2019-02-19	0.001699	0.001697	0.001713	0.001691	0
AUTO_USD	2019-02-18	0.001697	0.001657	0.001701	0.001655	0
AUTO_USD	2019-02-17	0.001657	0.001647	0.001665	0.001646	0
AUTO_USD	2019-02-16	0.001647	0.001645	0.001655	0.001645	0
AUTO_USD	2019-02-15	0.001645	0.001644	0.001654	0.001642	0
AUTO_USD	2019-02-14	0.001644	0.001646	0.001648	0.001642	0
AUTO_USD	2019-02-13	0.001646	0.001650	0.001657	0.001643	0
AUTO_USD	2019-02-12	0.001650	0.001648	0.001655	0.001642	0
AUTO_USD	2019-02-11	0.001648	0.001659	0.001659	0.001647	0
AUTO_USD	2019-02-10	0.001659	0.001654	0.001659	0.001646	0
AUTO_USD	2019-02-09	0.001654	0.001655	0.001658	0.001650	0
AUTO_USD	2019-02-08	0.001655	0.001608	0.001666	0.001607	0
AUTO_USD	2019-02-07	0.001608	0.001611	0.001613	0.001608	0
AUTO_USD	2019-02-06	0.001611	0.001621	0.001622	0.001606	0
AUTO_USD	2019-02-05	0.001621	0.001617	0.001621	0.001615	0
AUTO_USD	2019-02-04	0.001617	0.001619	0.001622	0.001615	0
AUTO_USD	2019-02-03	0.001619	0.001628	0.001630	0.001614	0
AUTO_USD	2019-02-02	0.001628	0.001625	0.001630	0.001619	0
AUTO_USD	2019-02-01	0.001625	0.001619	0.001628	0.001613	0
AUTO_USD	2019-01-31	0.001619	0.001624	0.001630	0.001616	0
AUTO_USD	2019-01-30	0.001624	0.001615	0.001626	0.001611	0
AUTO_USD	2019-01-29	0.001615	0.001619	0.001621	0.001606	0
AUTO_USD	2019-01-28	0.001619	0.001635	0.001635	0.001612	0
AUTO_USD	2019-01-27	0.001635	0.001640	0.001642	0.001626	0
AUTO_USD	2019-01-26	0.001640	0.001640	0.001656	0.001639	0
AUTO_USD	2019-01-25	0.001640	0.001643	0.001645	0.001634	0
AUTO_USD	2019-01-24	0.001643	0.001638	0.001646	0.001633	0
AUTO_USD	2019-01-23	0.001638	0.001641	0.001647	0.001634	0
AUTO_USD	2019-01-22	0.001641	0.001632	0.001647	0.001619	0
AUTO_USD	2019-01-21	0.001632	0.001633	0.001636	0.001627	0
AUTO_USD	2019-01-20	0.001633	0.001662	0.001667	0.001627	0
AUTO_USD	2019-01-19	0.001662	0.001647	0.001675	0.001647	0
AUTO_USD	2019-01-18	0.001647	0.001655	0.001655	0.001644	0
AUTO_USD	2019-01-17	0.001655	0.001647	0.001655	0.001638	0
AUTO_USD	2019-01-16	0.001647	0.001644	0.001657	0.001642	0
AUTO_USD	2019-01-15	0.001644	0.001659	0.001663	0.001640	0
AUTO_USD	2019-01-14	0.001659	0.001634	0.001667	0.001632	0
AUTO_USD	2019-01-13	0.001634	0.001652	0.001654	0.001630	0
AUTO_USD	2019-01-12	0.001652	0.001654	0.001657	0.001206	0
AUTO_USD	2019-01-11	0.001654	0.001653	0.001662	0.001211	0
AUTO_USD	2019-01-10	0.001653	0.001714	0.001722	0.001649	0
AUTO_USD	2019-01-09	0.001714	0.001716	0.001726	0.001324	0
AUTO_USD	2019-01-08	0.001716	0.001719	0.001734	0.001333	0
AUTO_USD	2019-01-07	0.001719	0.001728	0.001732	0.001332	0
AUTO_USD	2019-01-06	0.001728	0.001686	0.002321	0.001682	0
AUTO_USD	2019-01-05	0.001686	0.001693	0.001702	0.001269	0
AUTO_USD	2019-01-04	0.001693	0.001687	0.001698	0.001283	0
AUTO_USD	2019-01-03	0.001687	0.001708	0.001709	0.001684	0
AUTO_USD	2019-01-02	0.001708	0.001693	0.001712	0.001687	0
AUTO_USD	2019-01-01	0.001693	0.001672	0.001697	0.001666	0
AUTO_USD	2018-12-31	0.001672	0.001696	0.001697	0.001261	0
AUTO_USD	2018-12-30	0.001696	0.001681	0.001698	0.001675	0
AUTO_USD	2018-12-29	0.001681	0.001706	0.001714	0.001289	0
AUTO_USD	2018-12-28	0.001706	0.001654	0.001714	0.001210	0
AUTO_USD	2018-12-27	0.001654	0.001689	0.001694	0.001649	0
AUTO_USD	2018-12-26	0.001689	0.001685	0.001698	0.001669	0
AUTO_USD	2018-12-25	0.001685	0.001724	0.001725	0.001671	0
AUTO_USD	2018-12-24	0.001724	0.001712	0.001762	0.001712	0
AUTO_USD	2018-12-23	0.001712	0.001720	0.001734	0.001706	0
AUTO_USD	2018-12-22	0.001720	0.001695	0.001724	0.001687	0
AUTO_USD	2018-12-21	0.001695	0.001735	0.001747	0.001685	0
AUTO_USD	2018-12-20	0.001735	0.001669	0.001748	0.001665	0
AUTO_USD	2018-12-19	0.001669	0.001664	0.001706	0.001661	0
AUTO_USD	2018-12-18	0.001664	0.001639	0.001667	0.001627	0
AUTO_USD	2018-12-17	0.001639	0.001586	0.001652	0.001584	0
AUTO_USD	2018-12-16	0.001586	0.001584	0.001599	0.001583	0
AUTO_USD	2018-12-15	0.001584	0.001583	0.001589	0.001573	0
AUTO_USD	2018-12-14	0.001583	0.001595	0.001600	0.001574	0
AUTO_USD	2018-12-13	0.001595	0.001625	0.001626	0.001131	0
AUTO_USD	2018-12-12	0.001625	0.001606	0.001636	0.001138	0
AUTO_USD	2018-12-11	0.001611	0.001623	0.001627	0.001602	0
AUTO_USD	2018-12-10	0.001623	0.001642	0.001651	0.001615	0
AUTO_USD	2018-12-09	0.001642	0.001620	0.001664	0.001179	0
AUTO_USD	2018-12-08	0.001620	0.001612	0.001644	0.001113	0
AUTO_USD	2018-12-07	0.001612	0.001625	0.001635	0.001583	0
AUTO_USD	2018-12-06	0.001625	0.001662	0.001686	0.001621	0
AUTO_USD	2018-12-05	0.001662	0.001697	0.001700	0.001660	0
AUTO_USD	2018-12-04	0.001697	0.001684	0.001722	0.001308	0
AUTO_USD	2018-12-03	0.001684	0.001726	0.001729	0.001279	0
AUTO_USD	2018-12-02	0.001726	0.001739	0.001757	0.001721	0
AUTO_USD	2018-12-01	0.001739	0.001706	0.001755	0.001697	0
AUTO_USD	2018-11-30	0.001706	0.001751	0.001758	0.001323	0
AUTO_USD	2018-11-29	0.001751	0.001750	0.001776	0.001730	0
AUTO_USD	2018-11-28	0.001750	0.001681	0.001770	0.001681	0
AUTO_USD	2018-11-27	0.001681	0.001677	0.001691	0.001653	0
AUTO_USD	2018-11-26	0.001677	0.001717	0.001732	0.001654	0
AUTO_USD	2018-11-25	0.001717	0.001689	0.001733	0.001645	0
AUTO_USD	2018-11-24	0.001689	0.001769	0.001784	0.001673	0
AUTO_USD	2018-11-23	0.001769	0.001764	0.001778	0.001741	0
AUTO_USD	2018-11-22	0.001764	0.001809	0.001816	0.001764	0
AUTO_USD	2018-11-21	0.001809	0.001796	0.001826	0.001770	0
AUTO_USD	2018-11-20	0.001796	0.001852	0.001870	0.001752	0
AUTO_USD	2018-11-19	0.001852	0.001970	0.001970	0.001845	0
AUTO_USD	2018-11-18	0.001970	0.001964	0.001978	0.001963	0
AUTO_USD	2018-11-17	0.001964	0.001970	0.001970	0.001956	0
AUTO_USD	2018-11-16	0.001970	0.001985	0.001985	0.001953	0
AUTO_USD	2018-11-15	0.001985	0.002006	0.002013	0.001934	0
AUTO_USD	2018-11-14	0.002006	0.002100	0.002104	0.001977	0
AUTO_USD	2018-11-13	0.002100	0.002098	0.002106	0.002091	0
AUTO_USD	2018-11-12	0.002098	0.002100	0.002103	0.002093	0
AUTO_USD	2018-11-11	0.002100	0.002095	0.002100	0.002081	0
AUTO_USD	2018-11-10	0.002095	0.002093	0.002100	0.002092	0
AUTO_USD	2018-11-09	0.002093	0.002103	0.002107	0.002081	0
AUTO_USD	2018-11-08	0.002103	0.002118	0.002120	0.002103	0
AUTO_USD	2018-11-07	0.002118	0.002109	0.002124	0.002108	0
AUTO_USD	2018-11-06	0.002109	0.002101	0.002109	0.002098	0
AUTO_USD	2018-11-05	0.002101	0.002104	0.002105	0.002096	0
AUTO_USD	2018-11-04	0.002104	0.002088	0.002108	0.002084	0
AUTO_USD	2018-11-03	0.002088	0.002094	0.002095	0.002079	0
AUTO_USD	2018-11-02	0.002094	0.002090	0.002099	0.002089	0
AUTO_USD	2018-11-01	0.002090	0.002100	0.002100	0.002083	0
AUTO_USD	2018-10-31	0.002100	0.002000	0.002100	0.002000	7020730
AUTO_USD	2018-10-30	0.002000	0.002200	0.002200	0.002000	7138369
AUTO_USD	2018-10-29	0.002200	0.002300	0.002600	0.002100	15055791
AUTO_USD	2018-10-28	0.002300	0.002200	0.002500	0.002100	7529019
AUTO_USD	2018-10-27	0.002200	0.002400	0.002400	0.002000	13352459
AUTO_USD	2018-10-26	0.002400	0.002500	0.002500	0.002200	12715854
AUTO_USD	2018-10-25	0.002500	0.002800	0.002800	0.002000	52461608
AUTO_USD	2018-10-24	0.002800	0.002700	0.002800	0.002700	4271049
AUTO_USD	2018-10-23	0.002700	0.002700	0.002800	0.002700	6237415
AUTO_USD	2018-10-22	0.002700	0.002700	0.002700	0.002700	0
AUTO_USD	2018-10-21	0.002700	0.002800	0.002800	0.002700	1328176
AUTO_USD	2018-10-20	0.002800	0.002600	0.002800	0.002600	1607920
AUTO_USD	2018-10-19	0.002600	0.002700	0.002700	0.002600	293
AUTO_USD	2018-10-18	0.002700	0.002700	0.002700	0.002600	421122
AUTO_USD	2018-10-17	0.002700	0.002900	0.002900	0.002600	1579714
AUTO_USD	2018-10-16	0.002900	0.002800	0.002900	0.002700	1851416
AUTO_USD	2018-10-15	0.002800	0.002600	0.003000	0.002600	3970943
AUTO_USD	2018-10-14	0.002600	0.002700	0.002700	0.002600	2806813
AUTO_USD	2018-10-13	0.002700	0.002600	0.002700	0.002500	136161
AUTO_USD	2018-10-12	0.002600	0.002600	0.002700	0.002500	3556103
AUTO_USD	2018-10-11	0.002600	0.002800	0.002800	0.002400	12483252
AUTO_USD	2018-10-10	0.002800	0.002600	0.002800	0.002600	2507163
AUTO_USD	2018-10-09	0.002600	0.002700	0.002800	0.002600	2121761
AUTO_USD	2018-10-08	0.002700	0.002700	0.002800	0.002600	2219031
AUTO_USD	2018-10-07	0.002700	0.002600	0.002700	0.002600	4936707
AUTO_USD	2018-10-06	0.002600	0.002700	0.002708	0.002500	7849832
AUTO_USD	2018-10-05	0.002700	0.002500	0.002700	0.002500	3847613
AUTO_USD	2018-10-04	0.002500	0.002500	0.002600	0.002500	151031
AUTO_USD	2018-10-03	0.002500	0.002600	0.002600	0.002500	920095
AUTO_USD	2018-10-02	0.002600	0.002700	0.002700	0.002500	1309211
AUTO_USD	2018-10-01	0.002700	0.002800	0.002800	0.002600	6164817
AUTO_USD	2018-09-30	0.002800	0.002600	0.002900	0.002600	1698695
AUTO_USD	2018-09-29	0.002600	0.002700	0.002900	0.002500	2310171
AUTO_USD	2018-09-28	0.002700	0.002600	0.003000	0.002600	6474674
AUTO_USD	2018-09-27	0.002600	0.002500	0.002800	0.002500	1194749
AUTO_USD	2018-09-26	0.002500	0.002700	0.002800	0.002500	300999
AUTO_USD	2018-09-25	0.002700	0.002900	0.002900	0.002400	4731700
AUTO_USD	2018-09-24	0.002900	0.002800	0.003000	0.002700	4020670
AUTO_USD	2018-09-23	0.002800	0.002700	0.003100	0.002700	6008672
AUTO_USD	2018-09-22	0.002700	0.003000	0.003200	0.002700	4057852
AUTO_USD	2018-09-21	0.003000	0.002600	0.003100	0.002600	5665548
AUTO_USD	2018-09-20	0.002600	0.002700	0.002900	0.002500	4428777
AUTO_USD	2018-09-19	0.002700	0.002700	0.002800	0.002400	1432882
AUTO_USD	2018-09-18	0.002700	0.002600	0.003300	0.002400	4177378
AUTO_USD	2018-09-17	0.002600	0.003200	0.003200	0.002600	5210910
AUTO_USD	2018-09-16	0.003200	0.003300	0.003300	0.003000	5453248
AUTO_USD	2018-09-15	0.003300	0.003400	0.003600	0.003100	10067096
AUTO_USD	2018-09-14	0.003400	0.003700	0.003800	0.003300	5136164
AUTO_USD	2018-09-13	0.003700	0.003600	0.003800	0.003400	7966962
AUTO_USD	2018-09-12	0.003600	0.003600	0.003700	0.003400	713167
AUTO_USD	2018-09-11	0.003600	0.003700	0.004000	0.003600	2424441
AUTO_USD	2018-09-10	0.003700	0.003900	0.003900	0.003700	1254023
AUTO_USD	2018-09-09	0.003900	0.003800	0.003900	0.003600	2402072
AUTO_USD	2018-09-08	0.003800	0.004100	0.004300	0.003800	5455251
AUTO_USD	2018-09-07	0.004100	0.004100	0.004600	0.004100	762771
AUTO_USD	2018-09-06	0.004100	0.004400	0.004500	0.003996	10152880
AUTO_USD	2018-09-05	0.004400	0.005500	0.005800	0.004400	35283240
AUTO_USD	2018-09-04	0.005500	0.005900	0.006300	0.005500	5287457
AUTO_USD	2018-09-03	0.005900	0.005800	0.007500	0.005800	82380432
AUTO_USD	2018-09-02	0.005800	0.005400	0.005900	0.005300	2075511
AUTO_USD	2018-09-01	0.005400	0.005100	0.005500	0.005100	1635178
AUTO_USD	2018-08-31	0.005100	0.005000	0.005300	0.004700	4704022
AUTO_USD	2018-08-30	0.005000	0.005300	0.005300	0.004700	5441747
AUTO_USD	2018-08-29	0.005300	0.004884	0.005600	0.004841	13600984
AUTO_USD	2018-08-28	0.004884	0.004660	0.004953	0.004461	0
AUTO_USD	2018-08-27	0.004660	0.004193	0.004901	0.004193	0
