AXPR_USD	2019-04-09	0.011784	0.012237	0.012314	0.011625	0
AXPR_USD	2019-04-08	0.012237	0.010753	0.012364	0.010410	0
AXPR_USD	2019-04-07	0.010753	0.010135	0.011098	0.010075	0
AXPR_USD	2019-04-06	0.010135	0.010067	0.010557	0.009702	0
AXPR_USD	2019-04-05	0.010067	0.009475	0.010364	0.009475	0
AXPR_USD	2019-04-04	0.009475	0.009484	0.010155	0.009088	0
AXPR_USD	2019-04-03	0.009484	0.009986	0.010555	0.009046	0
AXPR_USD	2019-04-02	0.009986	0.009804	0.011574	0.009572	0
AXPR_USD	2019-04-01	0.009804	0.009314	0.010163	0.009155	0
AXPR_USD	2019-03-31	0.009314	0.007518	0.009543	0.007351	0
AXPR_USD	2019-03-30	0.007518	0.007689	0.007854	0.007049	0
AXPR_USD	2019-03-29	0.007689	0.007694	0.007794	0.007430	0
AXPR_USD	2019-03-28	0.007694	0.007672	0.007811	0.007527	0
AXPR_USD	2019-03-27	0.007672	0.007005	0.007981	0.006984	0
AXPR_USD	2019-03-26	0.007005	0.006868	0.007005	0.006817	0
AXPR_USD	2019-03-25	0.006868	0.007295	0.007306	0.006816	0
AXPR_USD	2019-03-24	0.007295	0.007273	0.007393	0.007169	0
AXPR_USD	2019-03-23	0.007273	0.007187	0.007517	0.007128	0
AXPR_USD	2019-03-22	0.007187	0.007159	0.007369	0.006934	0
AXPR_USD	2019-03-21	0.007159	0.007615	0.007836	0.006976	0
AXPR_USD	2019-03-20	0.007615	0.007661	0.007739	0.007362	0
AXPR_USD	2019-03-19	0.007661	0.008147	0.008384	0.007062	0
AXPR_USD	2019-03-18	0.008147	0.008219	0.008626	0.008020	0
AXPR_USD	2019-03-17	0.008219	0.008282	0.008384	0.007905	0
AXPR_USD	2019-03-16	0.008282	0.008246	0.008943	0.007885	0
AXPR_USD	2019-03-15	0.008246	0.007663	0.008542	0.007661	0
AXPR_USD	2019-03-14	0.007663	0.007363	0.008196	0.006551	0
AXPR_USD	2019-03-13	0.007363	0.007038	0.007788	0.006828	0
AXPR_USD	2019-03-12	0.007038	0.006619	0.007296	0.006510	0
AXPR_USD	2019-03-11	0.006619	0.006639	0.006784	0.006063	0
AXPR_USD	2019-03-10	0.006639	0.006445	0.007013	0.006300	0
AXPR_USD	2019-03-09	0.006445	0.006955	0.006983	0.006169	0
AXPR_USD	2019-03-08	0.006955	0.006165	0.007158	0.006071	0
AXPR_USD	2019-03-07	0.006165	0.005888	0.006278	0.005825	0
AXPR_USD	2019-03-06	0.005888	0.006182	0.006284	0.005389	0
AXPR_USD	2019-03-05	0.006182	0.005719	0.006182	0.005100	0
AXPR_USD	2019-03-04	0.005719	0.005769	0.006380	0.005594	0
AXPR_USD	2019-03-03	0.005769	0.006046	0.006128	0.005601	0
AXPR_USD	2019-03-02	0.006046	0.006110	0.006490	0.005965	0
AXPR_USD	2019-03-01	0.006110	0.005629	0.006194	0.005555	0
AXPR_USD	2019-02-28	0.005629	0.006144	0.006144	0.005508	0
AXPR_USD	2019-02-27	0.006144	0.005614	0.006144	0.005467	0
AXPR_USD	2019-02-26	0.005614	0.005552	0.006116	0.005362	0
AXPR_USD	2019-02-25	0.005552	0.005462	0.005697	0.005357	0
AXPR_USD	2019-02-24	0.005462	0.006002	0.006183	0.005298	0
AXPR_USD	2019-02-23	0.006002	0.005996	0.006042	0.005571	0
AXPR_USD	2019-02-22	0.005996	0.005734	0.006063	0.005618	0
AXPR_USD	2019-02-21	0.005734	0.005401	0.006313	0.005185	0
AXPR_USD	2019-02-20	0.005401	0.005029	0.005718	0.005000	0
AXPR_USD	2019-02-19	0.005029	0.005212	0.005299	0.004837	0
AXPR_USD	2019-02-18	0.005212	0.004726	0.005219	0.004711	0
AXPR_USD	2019-02-17	0.004726	0.005092	0.005106	0.004646	0
AXPR_USD	2019-02-16	0.005092	0.005057	0.005207	0.004877	0
AXPR_USD	2019-02-15	0.005057	0.004992	0.005519	0.004986	0
AXPR_USD	2019-02-14	0.004992	0.004788	0.005018	0.004644	0
AXPR_USD	2019-02-13	0.004788	0.004839	0.005181	0.004758	0
AXPR_USD	2019-02-12	0.004839	0.005043	0.005200	0.004649	0
AXPR_USD	2019-02-11	0.005043	0.005002	0.005249	0.004895	0
AXPR_USD	2019-02-10	0.005002	0.004890	0.005165	0.004813	0
AXPR_USD	2019-02-09	0.004890	0.004823	0.005002	0.004754	0
AXPR_USD	2019-02-08	0.004823	0.004415	0.004838	0.004304	0
AXPR_USD	2019-02-07	0.004415	0.004505	0.004536	0.004192	0
AXPR_USD	2019-02-06	0.004505	0.004812	0.005002	0.004234	0
AXPR_USD	2019-02-05	0.004812	0.004712	0.005065	0.004581	0
AXPR_USD	2019-02-04	0.004712	0.004972	0.005296	0.004577	0
AXPR_USD	2019-02-03	0.004972	0.005125	0.005241	0.004761	0
AXPR_USD	2019-02-02	0.005125	0.005183	0.005376	0.004748	0
AXPR_USD	2019-02-01	0.005183	0.005167	0.005623	0.004463	0
AXPR_USD	2019-01-31	0.005167	0.005242	0.005448	0.005024	0
AXPR_USD	2019-01-30	0.005242	0.005513	0.005747	0.005242	0
AXPR_USD	2019-01-29	0.005513	0.005654	0.005973	0.005282	0
AXPR_USD	2019-01-28	0.005654	0.005845	0.005918	0.005448	0
AXPR_USD	2019-01-27	0.005845	0.006012	0.006202	0.005688	0
AXPR_USD	2019-01-26	0.006012	0.006115	0.006281	0.005965	0
AXPR_USD	2019-01-25	0.006115	0.006373	0.006592	0.005841	0
AXPR_USD	2019-01-24	0.006373	0.005357	0.006630	0.005318	0
AXPR_USD	2019-01-23	0.005357	0.005277	0.006325	0.005185	0
AXPR_USD	2019-01-22	0.005277	0.005443	0.005464	0.005130	0
AXPR_USD	2019-01-21	0.005443	0.005379	0.005543	0.005359	0
AXPR_USD	2019-01-20	0.005379	0.006043	0.006107	0.005243	0
AXPR_USD	2019-01-19	0.006043	0.005679	0.006473	0.005615	0
AXPR_USD	2019-01-18	0.005679	0.005413	0.005765	0.005256	0
AXPR_USD	2019-01-17	0.005413	0.005526	0.005628	0.005179	0
AXPR_USD	2019-01-16	0.005526	0.004881	0.005628	0.004790	0
AXPR_USD	2019-01-15	0.004881	0.004986	0.005167	0.004771	0
AXPR_USD	2019-01-14	0.004986	0.004633	0.005145	0.004598	0
AXPR_USD	2019-01-13	0.004633	0.004702	0.004949	0.004529	0
AXPR_USD	2019-01-12	0.004702	0.004625	0.004744	0.004588	0
AXPR_USD	2019-01-11	0.004625	0.004066	0.004731	0.004033	0
AXPR_USD	2019-01-10	0.004066	0.005451	0.005576	0.003360	0
AXPR_USD	2019-01-09	0.005451	0.004899	0.005834	0.004866	0
AXPR_USD	2019-01-08	0.004899	0.004916	0.005201	0.004778	0
AXPR_USD	2019-01-07	0.004916	0.004797	0.005129	0.004661	0
AXPR_USD	2019-01-06	0.004797	0.004714	0.009036	0.004410	0
AXPR_USD	2019-01-05	0.004714	0.005520	0.005640	0.004426	0
AXPR_USD	2019-01-04	0.005520	0.005509	0.005606	0.005268	0
AXPR_USD	2019-01-03	0.005509	0.004880	0.006126	0.004815	0
AXPR_USD	2019-01-02	0.004880	0.005106	0.005248	0.004877	0
AXPR_USD	2019-01-01	0.005106	0.005018	0.005170	0.004827	0
AXPR_USD	2018-12-31	0.005018	0.005582	0.005616	0.004959	0
AXPR_USD	2018-12-30	0.005582	0.005475	0.005625	0.005153	0
AXPR_USD	2018-12-29	0.005475	0.005692	0.005834	0.005181	0
AXPR_USD	2018-12-28	0.005692	0.005441	0.005923	0.005407	0
AXPR_USD	2018-12-27	0.005441	0.006307	0.006379	0.005434	0
AXPR_USD	2018-12-26	0.006307	0.005956	0.006406	0.005926	0
AXPR_USD	2018-12-25	0.005956	0.006632	0.006722	0.005647	0
AXPR_USD	2018-12-24	0.006632	0.007429	0.007979	0.006141	0
AXPR_USD	2018-12-23	0.007429	0.007983	0.008230	0.007369	0
AXPR_USD	2018-12-22	0.007983	0.007328	0.008017	0.007256	0
AXPR_USD	2018-12-21	0.007328	0.007923	0.008010	0.007166	0
AXPR_USD	2018-12-20	0.007923	0.007258	0.008226	0.007205	0
AXPR_USD	2018-12-19	0.007258	0.007162	0.007614	0.007144	0
AXPR_USD	2018-12-18	0.007162	0.007124	0.007190	0.006703	0
AXPR_USD	2018-12-17	0.007124	0.005808	0.007408	0.005782	0
AXPR_USD	2018-12-16	0.005808	0.005752	0.006050	0.005735	0
AXPR_USD	2018-12-15	0.005752	0.005627	0.005979	0.005583	0
AXPR_USD	2018-12-14	0.005627	0.005501	0.005947	0.005452	0
AXPR_USD	2018-12-13	0.005496	0.005854	0.006217	0.005421	0
AXPR_USD	2018-12-12	0.005854	0.006194	0.006251	0.005542	0
AXPR_USD	2018-12-11	0.006248	0.006221	0.006289	0.005985	0
AXPR_USD	2018-12-10	0.006221	0.006343	0.006440	0.005974	0
AXPR_USD	2018-12-09	0.006343	0.006030	0.006478	0.005967	0
AXPR_USD	2018-12-08	0.006030	0.006450	0.006656	0.005755	0
AXPR_USD	2018-12-07	0.006450	0.006673	0.006775	0.005876	0
AXPR_USD	2018-12-06	0.006673	0.007270	0.007387	0.006418	0
AXPR_USD	2018-12-05	0.007270	0.008143	0.008174	0.007216	0
AXPR_USD	2018-12-04	0.008143	0.008293	0.008577	0.008057	0
AXPR_USD	2018-12-03	0.008293	0.008839	0.008873	0.008084	0
AXPR_USD	2018-12-02	0.008839	0.009250	0.009468	0.008750	0
AXPR_USD	2018-12-01	0.009250	0.009268	0.009427	0.008620	0
AXPR_USD	2018-11-30	0.009268	0.009896	0.010017	0.008997	0
AXPR_USD	2018-11-29	0.009896	0.010033	0.010389	0.009514	0
AXPR_USD	2018-11-28	0.010033	0.008915	0.010324	0.008915	0
AXPR_USD	2018-11-27	0.008915	0.008254	0.008959	0.008171	0
AXPR_USD	2018-11-26	0.008254	0.009215	0.009438	0.007839	0
AXPR_USD	2018-11-25	0.009215	0.008922	0.010226	0.008130	0
AXPR_USD	2018-11-24	0.008922	0.010371	0.010783	0.008690	0
AXPR_USD	2018-11-23	0.010371	0.009728	0.010660	0.009161	0
AXPR_USD	2018-11-22	0.009728	0.010534	0.010589	0.009696	0
AXPR_USD	2018-11-21	0.010534	0.009384	0.010580	0.009236	0
AXPR_USD	2018-11-20	0.009384	0.011357	0.011833	0.008978	0
AXPR_USD	2018-11-19	0.011357	0.013696	0.013851	0.011159	0
AXPR_USD	2018-11-18	0.013696	0.013110	0.013810	0.012752	0
AXPR_USD	2018-11-17	0.013110	0.014010	0.014010	0.012721	0
AXPR_USD	2018-11-16	0.014010	0.014695	0.015445	0.013387	0
AXPR_USD	2018-11-15	0.014695	0.013564	0.014886	0.012765	0
AXPR_USD	2018-11-14	0.013564	0.016323	0.016472	0.013078	0
AXPR_USD	2018-11-13	0.016323	0.015440	0.018537	0.015133	0
AXPR_USD	2018-11-12	0.015440	0.015278	0.015763	0.015099	0
AXPR_USD	2018-11-11	0.015278	0.016817	0.017601	0.014358	0
AXPR_USD	2018-11-10	0.016817	0.016789	0.016930	0.016374	0
AXPR_USD	2018-11-09	0.016789	0.015842	0.017429	0.015842	0
AXPR_USD	2018-11-08	0.015842	0.015840	0.016539	0.015286	0
AXPR_USD	2018-11-07	0.015840	0.015669	0.016061	0.015662	0
AXPR_USD	2018-11-06	0.015669	0.015917	0.015929	0.015348	0
AXPR_USD	2018-11-05	0.015917	0.015597	0.015917	0.015397	0
AXPR_USD	2018-11-04	0.015597	0.015459	0.016075	0.015387	0
AXPR_USD	2018-11-03	0.015459	0.015585	0.015598	0.015154	0
AXPR_USD	2018-11-02	0.015585	0.016191	0.016545	0.015504	0
AXPR_USD	2018-11-01	0.016191	0.016590	0.016880	0.015717	0
AXPR_USD	2018-10-31	0.016590	0.016395	0.016613	0.016095	0
AXPR_USD	2018-10-30	0.016395	0.015955	0.016754	0.015696	0
AXPR_USD	2018-10-29	0.015955	0.016647	0.016908	0.015733	0
AXPR_USD	2018-10-28	0.016647	0.016965	0.017184	0.016549	0
AXPR_USD	2018-10-27	0.016965	0.016721	0.017192	0.016193	0
AXPR_USD	2018-10-26	0.016721	0.018115	0.018130	0.016688	0
AXPR_USD	2018-10-25	0.018115	0.017663	0.018415	0.016468	0
AXPR_USD	2018-10-24	0.017663	0.017489	0.018334	0.016937	0
AXPR_USD	2018-10-23	0.017489	0.016451	0.017561	0.015844	0
AXPR_USD	2018-10-22	0.016451	0.017063	0.017212	0.016391	0
AXPR_USD	2018-10-21	0.017063	0.016431	0.017879	0.016318	0
AXPR_USD	2018-10-20	0.016431	0.015828	0.016560	0.015396	0
AXPR_USD	2018-10-19	0.015828	0.016665	0.016765	0.014729	0
AXPR_USD	2018-10-18	0.016665	0.015827	0.018754	0.015414	0
AXPR_USD	2018-10-17	0.015827	0.016489	0.017065	0.015553	0
AXPR_USD	2018-10-16	0.016489	0.016720	0.017333	0.016123	0
AXPR_USD	2018-10-15	0.016720	0.014851	0.017403	0.014257	0
AXPR_USD	2018-10-14	0.014851	0.014361	0.015463	0.014297	0
AXPR_USD	2018-10-13	0.014361	0.014389	0.014619	0.013813	0
AXPR_USD	2018-10-12	0.014389	0.013981	0.014901	0.013523	0
AXPR_USD	2018-10-11	0.013981	0.015780	0.015917	0.013322	0
AXPR_USD	2018-10-10	0.015780	0.015358	0.016288	0.014208	0
AXPR_USD	2018-10-09	0.015358	0.017184	0.017965	0.013877	0
AXPR_USD	2018-10-08	0.017184	0.015413	0.018298	0.015362	0
AXPR_USD	2018-10-07	0.015413	0.015985	0.019401	0.015106	0
AXPR_USD	2018-10-06	0.015985	0.016346	0.016780	0.015676	0
AXPR_USD	2018-10-05	0.016346	0.016154	0.020373	0.012870	0
AXPR_USD	2018-10-04	0.016154	0.017136	0.019587	0.015778	0
AXPR_USD	2018-10-03	0.017136	0.017065	0.019590	0.015781	0
AXPR_USD	2018-10-02	0.017065	0.018548	0.019118	0.016546	0
AXPR_USD	2018-10-01	0.018548	0.018500	0.020904	0.017248	0
AXPR_USD	2018-09-30	0.018500	0.017965	0.026927	0.017174	0
AXPR_USD	2018-09-29	0.017965	0.018479	0.019518	0.017884	0
AXPR_USD	2018-09-28	0.018479	0.018829	0.019910	0.017627	0
AXPR_USD	2018-09-27	0.018829	0.016964	0.018879	0.016403	0
AXPR_USD	2018-09-26	0.016964	0.016183	0.017294	0.015749	0
AXPR_USD	2018-09-25	0.016183	0.017154	0.017254	0.015529	0
AXPR_USD	2018-09-24	0.017154	0.017080	0.018977	0.016053	0
AXPR_USD	2018-09-23	0.017080	0.015163	0.017080	0.014309	0
AXPR_USD	2018-09-22	0.015163	0.015678	0.016183	0.014257	0
AXPR_USD	2018-09-21	0.015678	0.015666	0.016305	0.015012	0
AXPR_USD	2018-09-20	0.015666	0.014541	0.015693	0.014034	0
AXPR_USD	2018-09-19	0.014541	0.013986	0.015327	0.013896	0
AXPR_USD	2018-09-18	0.013986	0.014292	0.015841	0.013515	0
AXPR_USD	2018-09-17	0.014292	0.014719	0.015666	0.014159	0
AXPR_USD	2018-09-16	0.014719	0.013953	0.015338	0.013899	0
AXPR_USD	2018-09-15	0.013953	0.012066	0.014138	0.011934	0
AXPR_USD	2018-09-14	0.012066	0.012724	0.013513	0.011807	0
AXPR_USD	2018-09-13	0.012724	0.012483	0.013140	0.011816	0
AXPR_USD	2018-09-12	0.012483	0.012580	0.012850	0.011696	0
AXPR_USD	2018-09-11	0.012580	0.014067	0.015197	0.012190	0
AXPR_USD	2018-09-10	0.014067	0.014632	0.014913	0.013752	0
AXPR_USD	2018-09-09	0.014632	0.015463	0.016351	0.014240	0
AXPR_USD	2018-09-08	0.015463	0.017387	0.017581	0.015367	0
AXPR_USD	2018-09-07	0.017387	0.017132	0.018774	0.017021	0
AXPR_USD	2018-09-06	0.017132	0.015989	0.019160	0.015234	0
AXPR_USD	2018-09-05	0.015989	0.019722	0.020583	0.015913	0
AXPR_USD	2018-09-04	0.019722	0.019883	0.020368	0.019270	0
AXPR_USD	2018-09-03	0.019883	0.021798	0.022152	0.019103	0
AXPR_USD	2018-09-02	0.021798	0.021664	0.022370	0.021383	0
AXPR_USD	2018-09-01	0.021664	0.021080	0.022340	0.020640	0
AXPR_USD	2018-08-31	0.021080	0.021332	0.021762	0.020259	0
AXPR_USD	2018-08-30	0.021332	0.021316	0.021672	0.019437	0
AXPR_USD	2018-08-29	0.021316	0.020881	0.022983	0.020377	0
AXPR_USD	2018-08-28	0.020881	0.018983	0.021967	0.018794	0
AXPR_USD	2018-08-27	0.018983	0.017878	0.019503	0.017225	0
AXPR_USD	2018-08-26	0.017878	0.018667	0.019022	0.017529	0
AXPR_USD	2018-08-25	0.018667	0.016970	0.019023	0.016915	0
AXPR_USD	2018-08-24	0.016970	0.016285	0.018385	0.015163	0
AXPR_USD	2018-08-23	0.016285	0.015760	0.016957	0.015749	0
AXPR_USD	2018-08-22	0.015760	0.016890	0.017149	0.015507	0
AXPR_USD	2018-08-12	0.254102	0.254102	0.254102	0.254102	0
AXPR_USD	2018-08-08	0.254102	0.023210	0.254102	0.022428	0
AXPR_USD	2018-08-07	0.023210	0.026919	0.029005	0.022435	0
AXPR_USD	2018-08-06	0.026919	0.024473	0.028218	0.023793	0
AXPR_USD	2018-08-05	0.024473	0.022839	0.024575	0.021469	0
AXPR_USD	2018-08-04	0.022839	0.021767	0.028720	0.020414	0
AXPR_USD	2018-08-03	0.021767	0.018800	0.030340	0.016855	0
AXPR_USD	2018-08-02	0.018800	0.018796	0.019394	0.018579	0
AXPR_USD	2018-08-01	0.018796	0.019440	0.019465	0.018389	0
AXPR_USD	2018-07-31	0.019440	0.019734	0.019787	0.018456	0
AXPR_USD	2018-07-30	0.019734	0.020514	0.021381	0.018876	0
AXPR_USD	2018-07-29	0.020514	0.019336	0.020986	0.019187	0
AXPR_USD	2018-07-28	0.019336	0.019831	0.020037	0.019006	0
AXPR_USD	2018-07-27	0.019831	0.019089	0.020903	0.017811	0
AXPR_USD	2018-07-26	0.019089	0.018809	0.020738	0.018727	0
AXPR_USD	2018-07-25	0.018809	0.019097	0.022065	0.018559	0
AXPR_USD	2018-07-24	0.019097	0.018435	0.021560	0.017876	0
AXPR_USD	2018-07-23	0.018435	0.020687	0.023633	0.015374	0
AXPR_USD	2018-07-22	0.020687	0.020433	0.021333	0.020219	0
AXPR_USD	2018-07-21	0.020433	0.018624	0.021513	0.018341	0
AXPR_USD	2018-07-20	0.018624	0.019768	0.021623	0.018408	0
AXPR_USD	2018-07-19	0.019768	0.021030	0.022038	0.018796	0
AXPR_USD	2018-07-18	0.021030	0.023314	0.024292	0.020019	0
AXPR_USD	2018-07-17	0.023314	0.021253	0.023828	0.020015	0
AXPR_USD	2018-07-16	0.021253	0.020119	0.021314	0.019399	0
AXPR_USD	2018-07-15	0.020119	0.018500	0.020384	0.018403	0
AXPR_USD	2018-07-14	0.018500	0.018256	0.018835	0.018102	0
AXPR_USD	2018-07-13	0.018256	0.017510	0.019381	0.017481	0
AXPR_USD	2018-07-12	0.017510	0.019388	0.019503	0.017201	0
AXPR_USD	2018-07-11	0.019388	0.018997	0.020005	0.018082	0
AXPR_USD	2018-07-10	0.018997	0.022611	0.022812	0.018952	0
AXPR_USD	2018-07-09	0.022611	0.022841	0.024459	0.021991	0
AXPR_USD	2018-07-08	0.022841	0.023227	0.024886	0.022086	0
AXPR_USD	2018-07-07	0.023227	0.023897	0.023961	0.020405	0
AXPR_USD	2018-07-06	0.023897	0.024657	0.025800	0.023123	0
AXPR_USD	2018-07-05	0.024657	0.025767	0.026575	0.023670	0
AXPR_USD	2018-07-04	0.025767	0.025512	0.026151	0.024497	0
AXPR_USD	2018-07-03	0.025512	0.025477	0.026192	0.000338	0
AXPR_USD	2018-07-02	0.025477	0.023523	0.026925	0.000000	0
AXPR_USD	2018-07-01	0.023525	0.024288	0.025297	0.023464	0
AXPR_USD	2018-06-30	0.024224	0.022455	0.026730	0.022270	0
AXPR_USD	2018-06-29	0.023032	0.021555	0.023222	0.020591	0
AXPR_USD	2018-06-28	0.021589	0.022692	0.022782	0.021185	0
AXPR_USD	2018-06-27	0.022662	0.021777	0.022832	0.020741	0
AXPR_USD	2018-06-26	0.022303	0.024128	0.024752	0.021484	0
AXPR_USD	2018-06-25	0.024112	0.024369	0.026271	0.023598	0
AXPR_USD	2018-06-24	0.024377	0.024948	0.025960	0.022817	0
AXPR_USD	2018-06-23	0.024915	0.024623	0.025861	0.023769	0
AXPR_USD	2018-06-22	0.024623	0.027460	0.027656	0.023629	0
AXPR_USD	2018-06-21	0.027458	0.027986	0.029777	0.027262	0
AXPR_USD	2018-06-20	0.027954	0.027906	0.029413	0.026546	0
AXPR_USD	2018-06-19	0.027904	0.029420	0.029549	0.026986	0
AXPR_USD	2018-06-18	0.029453	0.028639	0.030217	0.027432	0
AXPR_USD	2018-06-17	0.028648	0.029192	0.029828	0.027588	0
AXPR_USD	2018-06-16	0.029121	0.028700	0.030219	0.027613	0
AXPR_USD	2018-06-15	0.028687	0.029257	0.030736	0.027286	0
AXPR_USD	2018-06-14	0.029168	0.024928	0.029507	0.024858	0
AXPR_USD	2018-06-13	0.024914	0.025685	0.025813	0.023548	0
AXPR_USD	2018-06-12	0.025679	0.030161	0.030174	0.024342	0
AXPR_USD	2018-06-11	0.030175	0.028349	0.030278	0.025495	0
AXPR_USD	2018-06-10	0.028687	0.034081	0.035388	0.027159	0
AXPR_USD	2018-06-09	0.034109	0.033431	0.038175	0.033048	0
AXPR_USD	2018-06-08	0.033545	0.035816	0.036251	0.030508	0
AXPR_USD	2018-06-07	0.036177	0.038385	0.040638	0.034733	0
AXPR_USD	2018-06-06	0.038115	0.037836	0.039072	0.035503	0
AXPR_USD	2018-06-05	0.037803	0.036996	0.038742	0.035835	0
AXPR_USD	2018-06-04	0.037360	0.040211	0.040710	0.035428	0
AXPR_USD	2018-06-03	0.039555	0.040482	0.041281	0.038709	0
AXPR_USD	2018-06-02	0.040940	0.039404	0.042204	0.038620	0
AXPR_USD	2018-06-01	0.039373	0.040985	0.041820	0.037987	0
AXPR_USD	2018-05-31	0.040802	0.038592	0.042802	0.038592	0
AXPR_USD	2018-05-30	0.038609	0.038073	0.041215	0.036700	0
AXPR_USD	2018-05-29	0.038214	0.035521	0.041050	0.034665	0
AXPR_USD	2018-05-28	0.035499	0.039818	0.041980	0.035297	0
AXPR_USD	2018-05-27	0.040331	0.039174	0.042363	0.035267	0
AXPR_USD	2018-05-26	0.039165	0.041421	0.042394	0.037517	0
AXPR_USD	2018-05-25	0.041093	0.042009	0.044799	0.039367	0
AXPR_USD	2018-05-24	0.041954	0.043032	0.048544	0.035753	0
AXPR_USD	2018-05-23	0.043064	0.045350	0.046589	0.035221	0
AXPR_USD	2018-05-22	0.045406	0.053101	0.053214	0.045406	0
AXPR_USD	2018-05-21	0.053101	0.054846	0.055442	0.052162	0
AXPR_USD	2018-05-20	0.054846	0.053148	0.055328	0.052328	0
AXPR_USD	2018-05-19	0.053148	0.053883	0.056042	0.052326	0
AXPR_USD	2018-05-18	0.053883	0.054899	0.055038	0.051927	0
AXPR_USD	2018-05-17	0.054970	0.061820	0.062822	0.053458	0
AXPR_USD	2018-05-16	0.063143	0.062902	0.064899	0.058056	0
AXPR_USD	2018-05-15	0.062903	0.061574	0.065288	0.058160	0
AXPR_USD	2018-05-14	0.061579	0.058397	0.065717	0.053966	0
AXPR_USD	2018-05-13	0.058397	0.056315	0.060057	0.054258	0
AXPR_USD	2018-05-12	0.055976	0.054424	0.057814	0.050787	0
AXPR_USD	2018-05-11	0.054424	0.060110	0.060735	0.051775	0
AXPR_USD	2018-05-10	0.060110	0.065274	0.067901	0.059830	0
AXPR_USD	2018-05-09	0.065274	0.055336	0.067732	0.053116	0
AXPR_USD	2018-05-08	0.055372	0.057043	0.058345	0.000006	0
AXPR_USD	2018-05-07	0.056147	0.064184	0.064344	0.053879	0
AXPR_USD	2018-05-06	0.064233	0.061655	0.065812	0.058348	0
AXPR_USD	2018-05-05	0.061582	0.061305	0.067698	0.060068	0
AXPR_USD	2018-05-04	0.061305	0.065918	0.067978	0.057503	0
AXPR_USD	2018-05-03	0.065957	0.064370	0.068666	0.061829	0
AXPR_USD	2018-05-02	0.064370	0.066138	0.067057	0.060944	0
AXPR_USD	2018-05-01	0.066198	0.070749	0.070749	0.062936	0
AXPR_USD	2018-04-30	0.070749	0.074671	0.077657	0.069588	0
AXPR_USD	2018-04-29	0.074671	0.074624	0.076952	0.069043	0
AXPR_USD	2018-04-28	0.074624	0.076212	0.081391	0.073831	0
AXPR_USD	2018-04-27	0.076212	0.077663	0.081928	0.073760	0
AXPR_USD	2018-04-26	0.079901	0.072113	0.079998	0.069160	0
AXPR_USD	2018-04-25	0.072113	0.086084	0.086285	0.063422	0
AXPR_USD	2018-04-24	0.086284	0.074066	0.088685	0.073117	0
AXPR_USD	2018-04-23	0.074066	0.072466	0.079030	0.068691	0
AXPR_USD	2018-04-22	0.072466	0.068506	0.078444	0.064007	0
AXPR_USD	2018-04-21	0.068506	0.077353	0.078887	0.062259	0
AXPR_USD	2018-04-20	0.077353	0.069384	0.079836	0.059133	0
AXPR_USD	2018-04-19	0.069552	0.068191	0.075972	0.061742	0
AXPR_USD	2018-04-18	0.068191	0.056967	0.068661	0.056423	0
AXPR_USD	2018-04-17	0.056940	0.048216	0.059414	0.046938	0
AXPR_USD	2018-04-16	0.048216	0.042203	0.048219	0.040682	0
AXPR_USD	2018-04-15	0.042203	0.036183	0.044977	0.036174	0
AXPR_USD	2018-04-14	0.036183	0.034116	0.036840	0.033612	0
AXPR_USD	2018-04-13	0.034116	0.033982	0.036512	0.031846	0
AXPR_USD	2018-04-12	0.033985	0.027247	0.034556	0.025538	0
AXPR_USD	2018-04-11	0.027265	0.025855	0.027607	0.024955	0
AXPR_USD	2018-04-10	0.025821	0.025896	0.027033	0.022543	0
AXPR_USD	2018-04-09	0.025887	0.027076	0.028841	0.025018	0
AXPR_USD	2018-04-08	0.027076	0.027068	0.027787	0.025983	0
AXPR_USD	2018-04-07	0.027068	0.025895	0.027784	0.025135	0
AXPR_USD	2018-04-06	0.025895	0.026540	0.026966	0.024604	0
AXPR_USD	2018-04-05	0.026540	0.028028	0.028721	0.025743	0
AXPR_USD	2018-04-04	0.028030	0.031100	0.031299	0.026239	0
AXPR_USD	2018-04-03	0.031100	0.029586	0.032677	0.029053	0
AXPR_USD	2018-04-02	0.029586	0.027206	0.032289	0.026536	0
AXPR_USD	2018-04-01	0.027206	0.027424	0.028482	0.025898	0
AXPR_USD	2018-03-31	0.027424	0.027054	0.029427	0.026063	0
AXPR_USD	2018-03-30	0.027054	0.026773	0.029207	0.025031	0
AXPR_USD	2018-03-29	0.026773	0.031605	0.032198	0.025877	0
AXPR_USD	2018-03-28	0.031724	0.031097	0.033822	0.029943	0
AXPR_USD	2018-03-27	0.031063	0.031646	0.033023	0.028493	0
AXPR_USD	2018-03-26	0.031726	0.035554	0.037581	0.028671	0
AXPR_USD	2018-03-25	0.035554	0.031388	0.037468	0.029928	0
AXPR_USD	2018-03-24	0.031388	0.031425	0.033153	0.030175	0
AXPR_USD	2018-03-23	0.031425	0.030640	0.033580	0.028881	0
AXPR_USD	2018-03-22	0.030640	0.033597	0.034125	0.028706	0
AXPR_USD	2018-03-21	0.033597	0.036162	0.040147	0.028452	0
AXPR_USD	2018-03-20	0.036162	0.034228	0.036684	0.032305	0
AXPR_USD	2018-03-19	0.034319	0.031681	0.035926	0.030717	0
AXPR_USD	2018-03-18	0.031681	0.032071	0.034526	0.025556	0
AXPR_USD	2018-03-17	0.032071	0.037106	0.037719	0.031515	0
AXPR_USD	2018-03-16	0.037106	0.036071	0.038435	0.033473	0
AXPR_USD	2018-03-15	0.036071	0.037854	0.038550	0.032049	0
AXPR_USD	2018-03-14	0.037879	0.045264	0.046424	0.033649	0
AXPR_USD	2018-03-13	0.045264	0.047332	0.049532	0.045034	0
AXPR_USD	2018-03-12	0.047332	0.047123	0.050697	0.044045	0
AXPR_USD	2018-03-11	0.047123	0.047019	0.050663	0.045045	0
AXPR_USD	2018-03-10	0.047019	0.053015	0.055229	0.045546	0
AXPR_USD	2018-03-09	0.053015	0.041659	0.054072	0.035484	0
AXPR_USD	2018-03-08	0.041659	0.044565	0.046901	0.037304	0
AXPR_USD	2018-03-07	0.044565	0.051469	0.051995	0.038041	0
AXPR_USD	2018-03-06	0.051469	0.057381	0.057381	0.047952	0
AXPR_USD	2018-03-05	0.057381	0.057307	0.060993	0.054176	0
AXPR_USD	2018-03-04	0.057307	0.054831	0.059324	0.052396	0
AXPR_USD	2018-03-03	0.054831	0.057105	0.059068	0.053006	0
AXPR_USD	2018-03-02	0.057105	0.058621	0.060669	0.053539	0
