BAY_USD	2019-04-09	0.010628	0.010970	0.011036	0.010552	0
BAY_USD	2019-04-08	0.010987	0.011421	0.011625	0.010686	0
BAY_USD	2019-04-07	0.011435	0.011277	0.011598	0.010908	0
BAY_USD	2019-04-06	0.011253	0.011869	0.011893	0.010896	0
BAY_USD	2019-04-05	0.011821	0.010486	0.012059	0.010486	0
BAY_USD	2019-04-04	0.010462	0.011450	0.012515	0.010216	0
BAY_USD	2019-04-03	0.011451	0.011079	0.012169	0.010018	0
BAY_USD	2019-04-02	0.011096	0.009422	0.012447	0.008968	0
BAY_USD	2019-04-01	0.009426	0.008356	0.009877	0.008045	0
BAY_USD	2019-03-31	0.008356	0.008622	0.008647	0.008016	0
BAY_USD	2019-03-30	0.008580	0.008128	0.009514	0.008001	0
BAY_USD	2019-03-29	0.008128	0.007837	0.008255	0.007557	0
BAY_USD	2019-03-28	0.007837	0.007405	0.008442	0.007173	0
BAY_USD	2019-03-27	0.007405	0.007287	0.007486	0.007093	0
BAY_USD	2019-03-26	0.007285	0.007170	0.007579	0.006994	0
BAY_USD	2019-03-25	0.007166	0.007174	0.008153	0.007063	0
BAY_USD	2019-03-24	0.007174	0.007171	0.007251	0.006927	0
BAY_USD	2019-03-23	0.007171	0.007221	0.007325	0.006949	0
BAY_USD	2019-03-22	0.007227	0.007240	0.007388	0.006849	0
BAY_USD	2019-03-21	0.007240	0.007326	0.007446	0.007057	0
BAY_USD	2019-03-20	0.007326	0.007367	0.007732	0.007168	0
BAY_USD	2019-03-19	0.007373	0.007210	0.007808	0.006984	0
BAY_USD	2019-03-18	0.007210	0.007385	0.007766	0.007090	0
BAY_USD	2019-03-17	0.007385	0.007645	0.007651	0.007189	0
BAY_USD	2019-03-16	0.007648	0.007486	0.007822	0.007400	0
BAY_USD	2019-03-15	0.007486	0.006831	0.007490	0.006759	0
BAY_USD	2019-03-14	0.006833	0.006847	0.007069	0.006725	0
BAY_USD	2019-03-13	0.006850	0.007060	0.007099	0.006794	0
BAY_USD	2019-03-12	0.007058	0.006891	0.007065	0.006498	0
BAY_USD	2019-03-11	0.007172	0.006617	0.007187	0.006466	0
BAY_USD	2019-03-10	0.006619	0.006649	0.006731	0.006524	0
BAY_USD	2019-03-09	0.006645	0.006265	0.006667	0.006235	0
BAY_USD	2019-03-08	0.006265	0.006522	0.006881	0.006208	0
BAY_USD	2019-03-07	0.006522	0.006658	0.007475	0.006226	0
BAY_USD	2019-03-06	0.006658	0.006500	0.006783	0.006268	0
BAY_USD	2019-03-05	0.006498	0.006023	0.006533	0.005932	0
BAY_USD	2019-03-04	0.006023	0.006157	0.006193	0.005934	0
BAY_USD	2019-03-03	0.006157	0.006261	0.006330	0.006118	0
BAY_USD	2019-03-02	0.006261	0.006147	0.006396	0.006094	0
BAY_USD	2019-03-01	0.006150	0.006327	0.006452	0.006023	0
BAY_USD	2019-02-28	0.006330	0.006575	0.006769	0.006179	0
BAY_USD	2019-02-27	0.006573	0.006702	0.006734	0.006357	0
BAY_USD	2019-02-26	0.006705	0.006605	0.007073	0.006475	0
BAY_USD	2019-02-25	0.006611	0.006513	0.006735	0.006434	0
BAY_USD	2019-02-24	0.006497	0.007140	0.007259	0.006439	0
BAY_USD	2019-02-23	0.007140	0.007000	0.007413	0.006781	0
BAY_USD	2019-02-22	0.007012	0.006836	0.007034	0.006726	0
BAY_USD	2019-02-21	0.006837	0.006933	0.007027	0.006713	0
BAY_USD	2019-02-20	0.006944	0.006798	0.006947	0.006740	0
BAY_USD	2019-02-19	0.006805	0.006762	0.006897	0.006691	0
BAY_USD	2019-02-18	0.006764	0.006424	0.006936	0.006406	0
BAY_USD	2019-02-17	0.006425	0.006323	0.006564	0.006175	0
BAY_USD	2019-02-16	0.006323	0.006478	0.006512	0.006317	0
BAY_USD	2019-02-15	0.006467	0.006487	0.006605	0.006318	0
BAY_USD	2019-02-14	0.006492	0.006361	0.006563	0.006322	0
BAY_USD	2019-02-13	0.006366	0.006448	0.006463	0.006234	0
BAY_USD	2019-02-12	0.006446	0.006240	0.006535	0.006117	0
BAY_USD	2019-02-11	0.006239	0.006540	0.006543	0.006184	0
BAY_USD	2019-02-10	0.006539	0.006786	0.006799	0.006209	0
BAY_USD	2019-02-09	0.006786	0.006685	0.006817	0.006598	0
BAY_USD	2019-02-08	0.006685	0.006172	0.006829	0.006050	0
BAY_USD	2019-02-07	0.006168	0.006127	0.006197	0.005780	0
BAY_USD	2019-02-06	0.006127	0.006657	0.006672	0.006048	0
BAY_USD	2019-02-05	0.006673	0.006510	0.006742	0.006256	0
BAY_USD	2019-02-04	0.006510	0.006741	0.006785	0.006397	0
BAY_USD	2019-02-03	0.006741	0.007004	0.007009	0.006653	0
BAY_USD	2019-02-02	0.006994	0.006875	0.007184	0.006847	0
BAY_USD	2019-02-01	0.006881	0.006712	0.007008	0.006514	0
BAY_USD	2019-01-31	0.006708	0.007253	0.007322	0.006679	0
BAY_USD	2019-01-30	0.007253	0.006678	0.007257	0.006647	0
BAY_USD	2019-01-29	0.006678	0.006792	0.006867	0.006391	0
BAY_USD	2019-01-28	0.006792	0.007297	0.007311	0.006486	0
BAY_USD	2019-01-27	0.007284	0.006899	0.007561	0.006815	0
BAY_USD	2019-01-26	0.006902	0.006822	0.007072	0.006653	0
BAY_USD	2019-01-25	0.006859	0.007470	0.007473	0.006529	0
BAY_USD	2019-01-24	0.007469	0.007441	0.007665	0.007357	0
BAY_USD	2019-01-23	0.007439	0.007533	0.007864	0.007232	0
BAY_USD	2019-01-22	0.007533	0.007391	0.007719	0.007214	0
BAY_USD	2019-01-21	0.007395	0.007339	0.007599	0.007155	0
BAY_USD	2019-01-20	0.007333	0.007846	0.007934	0.007265	0
BAY_USD	2019-01-19	0.007812	0.007388	0.007965	0.007344	0
BAY_USD	2019-01-18	0.007388	0.007088	0.007866	0.007014	0
BAY_USD	2019-01-17	0.007087	0.006824	0.007108	0.006719	0
BAY_USD	2019-01-16	0.006811	0.006740	0.006937	0.006358	0
BAY_USD	2019-01-15	0.006746	0.007498	0.007722	0.005699	0
BAY_USD	2019-01-14	0.007498	0.007417	0.007649	0.007127	0
BAY_USD	2019-01-13	0.007417	0.007608	0.007748	0.007263	0
BAY_USD	2019-01-12	0.007608	0.007599	0.007623	0.007366	0
BAY_USD	2019-01-11	0.007597	0.007760	0.007856	0.007480	0
BAY_USD	2019-01-10	0.007760	0.008473	0.008706	0.007577	0
BAY_USD	2019-01-09	0.008473	0.008303	0.008819	0.008190	0
BAY_USD	2019-01-08	0.008301	0.008475	0.008591	0.008118	0
BAY_USD	2019-01-07	0.008495	0.008695	0.008903	0.008404	0
BAY_USD	2019-01-06	0.008698	0.008194	0.016429	0.008127	0
BAY_USD	2019-01-05	0.008195	0.008444	0.008572	0.008135	0
BAY_USD	2019-01-04	0.008448	0.008454	0.008561	0.008158	0
BAY_USD	2019-01-03	0.008449	0.008807	0.008848	0.008353	0
BAY_USD	2019-01-02	0.008809	0.008611	0.009079	0.008448	0
BAY_USD	2019-01-01	0.008609	0.008011	0.008659	0.007982	0
BAY_USD	2018-12-31	0.008006	0.008771	0.008798	0.007984	0
BAY_USD	2018-12-30	0.008760	0.008532	0.008869	0.008441	0
BAY_USD	2018-12-29	0.008522	0.009002	0.009166	0.008490	0
BAY_USD	2018-12-28	0.008982	0.008597	0.009394	0.007982	0
BAY_USD	2018-12-27	0.008598	0.009255	0.009365	0.008519	0
BAY_USD	2018-12-26	0.009255	0.008894	0.009304	0.008850	0
BAY_USD	2018-12-25	0.008885	0.009462	0.009487	0.008653	0
BAY_USD	2018-12-24	0.009471	0.009446	0.010347	0.009428	0
BAY_USD	2018-12-23	0.009445	0.009697	0.009975	0.009250	0
BAY_USD	2018-12-22	0.009675	0.009285	0.009744	0.009035	0
BAY_USD	2018-12-21	0.009274	0.010234	0.010326	0.009099	0
BAY_USD	2018-12-20	0.010241	0.009321	0.010503	0.008924	0
BAY_USD	2018-12-19	0.009335	0.008834	0.011209	0.008690	0
BAY_USD	2018-12-18	0.008825	0.008268	0.008874	0.007814	0
BAY_USD	2018-12-17	0.008284	0.007228	0.008544	0.007131	0
BAY_USD	2018-12-16	0.007227	0.007244	0.007510	0.007202	0
BAY_USD	2018-12-15	0.007248	0.007286	0.007513	0.007143	0
BAY_USD	2018-12-14	0.007284	0.007564	0.007686	0.007122	0
BAY_USD	2018-12-13	0.007557	0.007672	0.008833	0.007473	0
BAY_USD	2018-12-12	0.007693	0.007677	0.008213	0.007348	0
BAY_USD	2018-12-11	0.007702	0.008053	0.008272	0.007515	0
BAY_USD	2018-12-10	0.008054	0.008777	0.009025	0.008025	0
BAY_USD	2018-12-09	0.008786	0.008431	0.009084	0.008218	0
BAY_USD	2018-12-08	0.008432	0.008044	0.008831	0.007922	0
BAY_USD	2018-12-07	0.008041	0.008279	0.008351	0.007597	0
BAY_USD	2018-12-06	0.008301	0.009313	0.009492	0.008227	0
BAY_USD	2018-12-05	0.009304	0.009470	0.009677	0.008984	0
BAY_USD	2018-12-04	0.009457	0.009317	0.010042	0.009086	0
BAY_USD	2018-12-03	0.009328	0.009640	0.009694	0.008816	0
BAY_USD	2018-12-02	0.009609	0.009589	0.010131	0.009499	0
BAY_USD	2018-12-01	0.009589	0.009126	0.009914	0.008944	0
BAY_USD	2018-11-30	0.009126	0.010462	0.010465	0.008880	0
BAY_USD	2018-11-29	0.010435	0.009990	0.010590	0.009474	0
BAY_USD	2018-11-28	0.009990	0.008565	0.010257	0.008468	0
BAY_USD	2018-11-27	0.008449	0.008273	0.008634	0.007872	0
BAY_USD	2018-11-26	0.008273	0.009385	0.009629	0.007824	0
BAY_USD	2018-11-25	0.009421	0.008706	0.009620	0.008003	0
BAY_USD	2018-11-24	0.008687	0.010416	0.010706	0.008182	0
BAY_USD	2018-11-23	0.010416	0.010308	0.010617	0.009531	0
BAY_USD	2018-11-22	0.010387	0.010334	0.010844	0.009918	0
BAY_USD	2018-11-21	0.010347	0.009591	0.010573	0.009236	0
BAY_USD	2018-11-20	0.009567	0.010641	0.011062	0.009137	0
BAY_USD	2018-11-19	0.010641	0.014545	0.014545	0.010641	0
BAY_USD	2018-11-18	0.014545	0.014207	0.014676	0.014087	0
BAY_USD	2018-11-17	0.014207	0.014519	0.014750	0.013972	0
BAY_USD	2018-11-16	0.014519	0.014638	0.015126	0.014248	0
BAY_USD	2018-11-15	0.014609	0.014984	0.015400	0.013927	0
BAY_USD	2018-11-14	0.014888	0.016987	0.017328	0.014403	0
BAY_USD	2018-11-13	0.017002	0.016988	0.017206	0.016487	0
BAY_USD	2018-11-12	0.016988	0.017833	0.018007	0.016914	0
BAY_USD	2018-11-11	0.017894	0.017525	0.017926	0.017515	0
BAY_USD	2018-11-10	0.017525	0.018009	0.018009	0.017324	0
BAY_USD	2018-11-09	0.018009	0.018434	0.018451	0.017669	0
BAY_USD	2018-11-08	0.018434	0.018502	0.018647	0.018265	0
BAY_USD	2018-11-07	0.018502	0.018438	0.019107	0.018326	0
BAY_USD	2018-11-06	0.018438	0.018634	0.018773	0.018067	0
BAY_USD	2018-11-05	0.018634	0.018256	0.018770	0.018213	0
BAY_USD	2018-11-04	0.018256	0.019004	0.019220	0.017629	0
BAY_USD	2018-11-03	0.019004	0.019120	0.019232	0.018956	0
BAY_USD	2018-11-02	0.019120	0.019167	0.019797	0.018843	0
BAY_USD	2018-11-01	0.019167	0.019201	0.019569	0.018902	0
BAY_USD	2018-10-31	0.019201	0.019750	0.020036	0.018414	0
BAY_USD	2018-10-30	0.019750	0.019444	0.020001	0.019371	0
BAY_USD	2018-10-29	0.019444	0.021612	0.022294	0.019057	0
BAY_USD	2018-10-28	0.021255	0.020963	0.021688	0.020675	0
BAY_USD	2018-10-27	0.020963	0.020999	0.021303	0.020774	0
BAY_USD	2018-10-26	0.020999	0.021086	0.021639	0.020522	0
BAY_USD	2018-10-25	0.021086	0.020481	0.021526	0.019593	0
BAY_USD	2018-10-24	0.020514	0.018897	0.020870	0.018864	0
BAY_USD	2018-10-23	0.018897	0.019111	0.019233	0.018380	0
BAY_USD	2018-10-22	0.019111	0.019542	0.019595	0.018819	0
BAY_USD	2018-10-21	0.019534	0.019497	0.019940	0.019179	0
BAY_USD	2018-10-20	0.019493	0.018049	0.020014	0.018004	0
BAY_USD	2018-10-19	0.018048	0.018616	0.018714	0.017895	0
BAY_USD	2018-10-18	0.018616	0.019029	0.019126	0.018554	0
BAY_USD	2018-10-17	0.019026	0.018675	0.019528	0.018422	0
BAY_USD	2018-10-16	0.018686	0.019788	0.021693	0.018295	0
BAY_USD	2018-10-15	0.019113	0.018372	0.020635	0.017230	0
BAY_USD	2018-10-14	0.018366	0.016923	0.019937	0.016810	0
BAY_USD	2018-10-13	0.016923	0.017055	0.017209	0.016593	0
BAY_USD	2018-10-12	0.017065	0.016724	0.017843	0.016644	0
BAY_USD	2018-10-11	0.016733	0.018896	0.018896	0.016506	0
BAY_USD	2018-10-10	0.018896	0.018290	0.019026	0.017515	0
BAY_USD	2018-10-09	0.018290	0.018518	0.018895	0.017590	0
BAY_USD	2018-10-08	0.018518	0.017592	0.018925	0.017315	0
BAY_USD	2018-10-07	0.017592	0.017304	0.017679	0.017220	0
BAY_USD	2018-10-06	0.017304	0.017841	0.017850	0.017150	0
BAY_USD	2018-10-05	0.017841	0.017602	0.017878	0.017149	0
BAY_USD	2018-10-04	0.017602	0.017308	0.017718	0.016966	0
BAY_USD	2018-10-03	0.017298	0.017694	0.017763	0.016640	0
BAY_USD	2018-10-02	0.017719	0.017498	0.018485	0.017457	0
BAY_USD	2018-10-01	0.017492	0.017573	0.018034	0.017054	0
BAY_USD	2018-09-30	0.017573	0.017403	0.018412	0.017137	0
BAY_USD	2018-09-29	0.017403	0.016986	0.017580	0.016412	0
BAY_USD	2018-09-28	0.017019	0.017610	0.017718	0.016374	0
BAY_USD	2018-09-27	0.017625	0.017158	0.018093	0.016715	0
BAY_USD	2018-09-26	0.017158	0.017075	0.017467	0.016679	0
BAY_USD	2018-09-25	0.017052	0.017747	0.017839	0.016688	0
BAY_USD	2018-09-24	0.017845	0.018520	0.018587	0.017469	0
BAY_USD	2018-09-23	0.018623	0.018455	0.018824	0.017819	0
BAY_USD	2018-09-22	0.018458	0.019139	0.019222	0.018204	0
BAY_USD	2018-09-21	0.019166	0.018396	0.019166	0.017717	0
BAY_USD	2018-09-20	0.018396	0.018222	0.018927	0.018076	0
BAY_USD	2018-09-19	0.018216	0.018933	0.018933	0.017272	0
BAY_USD	2018-09-18	0.018933	0.018452	0.019244	0.018125	0
BAY_USD	2018-09-17	0.018452	0.019138	0.019732	0.018196	0
BAY_USD	2018-09-16	0.019138	0.018926	0.019312	0.018694	0
BAY_USD	2018-09-15	0.018941	0.019538	0.020042	0.018928	0
BAY_USD	2018-09-14	0.019559	0.019265	0.019642	0.018673	0
BAY_USD	2018-09-13	0.019297	0.018978	0.019503	0.018656	0
BAY_USD	2018-09-12	0.018978	0.018341	0.019163	0.017488	0
BAY_USD	2018-09-11	0.018335	0.019713	0.019713	0.017924	0
BAY_USD	2018-09-10	0.019555	0.017829	0.019555	0.017525	0
BAY_USD	2018-09-09	0.017814	0.017658	0.018569	0.017021	0
BAY_USD	2018-09-08	0.017658	0.018956	0.019393	0.017168	0
BAY_USD	2018-09-07	0.018956	0.018473	0.019403	0.017778	0
BAY_USD	2018-09-06	0.018467	0.018704	0.019330	0.017428	0
BAY_USD	2018-09-05	0.018738	0.021966	0.022094	0.018727	0
BAY_USD	2018-09-04	0.022040	0.022342	0.022674	0.021884	0
BAY_USD	2018-09-03	0.022355	0.022381	0.022746	0.021985	0
BAY_USD	2018-09-02	0.022381	0.023032	0.023091	0.021827	0
BAY_USD	2018-09-01	0.023032	0.021888	0.023934	0.021399	0
BAY_USD	2018-08-31	0.021642	0.019875	0.022183	0.019719	0
BAY_USD	2018-08-30	0.019898	0.021078	0.021279	0.019047	0
BAY_USD	2018-08-29	0.021104	0.021417	0.021463	0.020468	0
BAY_USD	2018-08-28	0.021412	0.020490	0.021469	0.020287	0
BAY_USD	2018-08-27	0.020468	0.020130	0.020576	0.019553	0
BAY_USD	2018-08-26	0.020159	0.020199	0.020653	0.019518	0
BAY_USD	2018-08-25	0.020217	0.021126	0.021209	0.019910	0
BAY_USD	2018-08-24	0.021120	0.019041	0.021800	0.018982	0
BAY_USD	2018-08-23	0.019027	0.017939	0.020916	0.017481	0
BAY_USD	2018-08-22	0.017921	0.018665	0.019844	0.017491	0
BAY_USD	2018-08-21	0.018660	0.017881	0.018894	0.017875	0
BAY_USD	2018-08-20	0.017889	0.019061	0.019368	0.017787	0
BAY_USD	2018-08-19	0.019066	0.017608	0.019891	0.017139	0
BAY_USD	2018-08-18	0.017607	0.019223	0.019906	0.017251	0
BAY_USD	2018-08-17	0.019239	0.016552	0.019906	0.016465	0
BAY_USD	2018-08-16	0.016568	0.018070	0.018124	0.015644	0
BAY_USD	2018-08-15	0.018089	0.016678	0.019450	0.016678	0
BAY_USD	2018-08-14	0.016640	0.019544	0.019544	0.015902	0
BAY_USD	2018-08-13	0.019569	0.021328	0.021962	0.019447	0
BAY_USD	2018-08-12	0.021310	0.020837	0.021414	0.020296	0
BAY_USD	2018-08-11	0.020818	0.021328	0.021791	0.019699	0
BAY_USD	2018-08-10	0.021319	0.023103	0.023991	0.020761	0
BAY_USD	2018-08-09	0.023047	0.021220	0.023506	0.021023	0
BAY_USD	2018-08-08	0.021219	0.023633	0.023751	0.020238	0
BAY_USD	2018-08-07	0.023580	0.026978	0.027164	0.023140	0
BAY_USD	2018-08-06	0.026954	0.028271	0.029212	0.026620	0
BAY_USD	2018-08-05	0.028306	0.027211	0.029245	0.026489	0
BAY_USD	2018-08-04	0.027218	0.030163	0.030852	0.026315	0
BAY_USD	2018-08-03	0.030147	0.031200	0.031328	0.029353	0
BAY_USD	2018-08-02	0.031234	0.034192	0.035346	0.031004	0
BAY_USD	2018-08-01	0.034206	0.034613	0.036178	0.032803	0
BAY_USD	2018-07-31	0.034620	0.038224	0.038820	0.033353	0
BAY_USD	2018-07-30	0.038323	0.039630	0.039630	0.036143	0
BAY_USD	2018-07-29	0.039630	0.039580	0.040816	0.037898	0
BAY_USD	2018-07-28	0.039580	0.040940	0.041270	0.039044	0
BAY_USD	2018-07-27	0.040940	0.037312	0.043826	0.036570	0
BAY_USD	2018-07-26	0.037312	0.035647	0.039291	0.035632	0
BAY_USD	2018-07-25	0.035655	0.035040	0.036086	0.033316	0
BAY_USD	2018-07-24	0.035166	0.034966	0.038904	0.033285	0
BAY_USD	2018-07-23	0.034942	0.030916	0.039869	0.030748	0
BAY_USD	2018-07-22	0.030938	0.029873	0.031539	0.029670	0
BAY_USD	2018-07-21	0.029873	0.029553	0.030204	0.028569	0
BAY_USD	2018-07-20	0.029549	0.031688	0.031871	0.029119	0
BAY_USD	2018-07-19	0.031650	0.032502	0.032583	0.031136	0
BAY_USD	2018-07-18	0.032448	0.032760	0.033974	0.031255	0
BAY_USD	2018-07-17	0.032867	0.030439	0.032867	0.029026	0
BAY_USD	2018-07-16	0.030549	0.026404	0.032003	0.026144	0
BAY_USD	2018-07-15	0.026402	0.025625	0.026607	0.025494	0
BAY_USD	2018-07-14	0.025625	0.025843	0.026480	0.025048	0
BAY_USD	2018-07-13	0.025844	0.026156	0.026423	0.025137	0
BAY_USD	2018-07-12	0.026141	0.025176	0.028557	0.024190	0
BAY_USD	2018-07-11	0.025192	0.025371	0.025874	0.025112	0
BAY_USD	2018-07-10	0.025361	0.027597	0.027802	0.025236	0
BAY_USD	2018-07-09	0.027606	0.029264	0.029349	0.027465	0
BAY_USD	2018-07-08	0.029280	0.028737	0.029654	0.027619	0
BAY_USD	2018-07-07	0.028737	0.027234	0.032996	0.026970	0
BAY_USD	2018-07-06	0.027231	0.026648	0.028472	0.025883	0
BAY_USD	2018-07-05	0.026684	0.028864	0.029800	0.026422	0
BAY_USD	2018-07-04	0.028798	0.026704	0.030822	0.025062	0
BAY_USD	2018-07-03	0.027235	0.024490	0.028109	0.000318	0
BAY_USD	2018-07-02	0.024385	0.023555	0.025130	0.000000	0
BAY_USD	2018-07-01	0.023557	0.022754	0.023632	0.021665	0
BAY_USD	2018-06-30	0.022754	0.021618	0.023195	0.020876	0
BAY_USD	2018-06-29	0.021635	0.021730	0.022252	0.018946	0
BAY_USD	2018-06-28	0.021765	0.024134	0.024289	0.021658	0
BAY_USD	2018-06-27	0.024134	0.024598	0.024698	0.023596	0
BAY_USD	2018-06-26	0.024676	0.025065	0.025757	0.024124	0
BAY_USD	2018-06-25	0.025049	0.024769	0.026093	0.024396	0
BAY_USD	2018-06-24	0.024777	0.026057	0.026141	0.023615	0
BAY_USD	2018-06-23	0.026023	0.025378	0.027242	0.024920	0
BAY_USD	2018-06-22	0.025379	0.028131	0.028510	0.025009	0
BAY_USD	2018-06-21	0.028129	0.027919	0.029832	0.027550	0
BAY_USD	2018-06-20	0.027954	0.028243	0.028399	0.026888	0
BAY_USD	2018-06-19	0.028275	0.027944	0.028622	0.027213	0
BAY_USD	2018-06-18	0.027877	0.026706	0.028178	0.025872	0
BAY_USD	2018-06-17	0.026685	0.026727	0.027232	0.026491	0
BAY_USD	2018-06-16	0.026722	0.026114	0.027591	0.025744	0
BAY_USD	2018-06-15	0.026102	0.028161	0.028402	0.026042	0
BAY_USD	2018-06-14	0.028141	0.025306	0.028381	0.024931	0
BAY_USD	2018-06-13	0.025291	0.027092	0.027907	0.024101	0
BAY_USD	2018-06-12	0.027085	0.029165	0.029664	0.026833	0
BAY_USD	2018-06-11	0.029144	0.028822	0.029795	0.027672	0
BAY_USD	2018-06-10	0.028789	0.035506	0.035506	0.028375	0
BAY_USD	2018-06-09	0.035496	0.036172	0.036634	0.035377	0
BAY_USD	2018-06-08	0.036134	0.037775	0.037867	0.036026	0
BAY_USD	2018-06-07	0.037791	0.036548	0.038443	0.036327	0
BAY_USD	2018-06-06	0.036546	0.037340	0.038035	0.035433	0
BAY_USD	2018-06-05	0.037270	0.037969	0.038703	0.036693	0
BAY_USD	2018-06-04	0.037997	0.040672	0.040900	0.037832	0
BAY_USD	2018-06-03	0.040636	0.040298	0.041021	0.039662	0
BAY_USD	2018-06-02	0.040329	0.040044	0.041304	0.039582	0
BAY_USD	2018-06-01	0.040012	0.039750	0.041366	0.038753	0
BAY_USD	2018-05-31	0.040016	0.039494	0.040468	0.038085	0
BAY_USD	2018-05-30	0.039494	0.041246	0.041553	0.038840	0
BAY_USD	2018-05-29	0.041197	0.036657	0.042855	0.036252	0
BAY_USD	2018-05-28	0.037167	0.042203	0.042612	0.036409	0
BAY_USD	2018-05-27	0.042203	0.042472	0.043364	0.041423	0
BAY_USD	2018-05-26	0.042463	0.042353	0.048291	0.041170	0
BAY_USD	2018-05-25	0.042361	0.043146	0.043396	0.041234	0
BAY_USD	2018-05-24	0.043127	0.041869	0.044520	0.039327	0
BAY_USD	2018-05-23	0.041901	0.046906	0.047956	0.040552	0
BAY_USD	2018-05-22	0.046882	0.052130	0.052167	0.046147	0
BAY_USD	2018-05-21	0.052093	0.054034	0.055300	0.051827	0
BAY_USD	2018-05-20	0.054036	0.050991	0.054748	0.049980	0
BAY_USD	2018-05-19	0.050346	0.050134	0.051474	0.049082	0
BAY_USD	2018-05-18	0.050134	0.049219	0.050778	0.047825	0
BAY_USD	2018-05-17	0.049284	0.052261	0.053774	0.048652	0
BAY_USD	2018-05-16	0.052382	0.053293	0.054163	0.049174	0
BAY_USD	2018-05-15	0.053294	0.055291	0.056666	0.052632	0
BAY_USD	2018-05-14	0.055252	0.056141	0.057440	0.051370	0
BAY_USD	2018-05-13	0.056617	0.053738	0.058617	0.053133	0
BAY_USD	2018-05-12	0.053671	0.054176	0.058442	0.051618	0
BAY_USD	2018-05-11	0.054089	0.059876	0.060745	0.053296	0
BAY_USD	2018-05-10	0.059794	0.064492	0.065183	0.059196	0
BAY_USD	2018-05-09	0.064482	0.064681	0.066373	0.061448	0
BAY_USD	2018-05-08	0.064704	0.062529	0.069183	0.000007	0
BAY_USD	2018-05-07	0.062600	0.066618	0.067234	0.059741	0
BAY_USD	2018-05-06	0.066599	0.072429	0.072703	0.064012	0
BAY_USD	2018-05-05	0.072217	0.071366	0.073292	0.070225	0
BAY_USD	2018-05-04	0.071505	0.070871	0.072361	0.068245	0
BAY_USD	2018-05-03	0.071087	0.070439	0.073830	0.067779	0
BAY_USD	2018-05-02	0.070096	0.069355	0.071134	0.066778	0
BAY_USD	2018-05-01	0.069374	0.070953	0.071553	0.065024	0
BAY_USD	2018-04-30	0.070320	0.076402	0.076579	0.069239	0
BAY_USD	2018-04-29	0.076449	0.078227	0.079123	0.071145	0
BAY_USD	2018-04-28	0.078220	0.071715	0.078641	0.070908	0
BAY_USD	2018-04-27	0.071792	0.074671	0.076866	0.070950	0
BAY_USD	2018-04-26	0.074768	0.066681	0.078406	0.064415	0
BAY_USD	2018-04-25	0.066877	0.078884	0.081172	0.066605	0
BAY_USD	2018-04-24	0.079039	0.076180	0.086066	0.073556	0
BAY_USD	2018-04-23	0.076211	0.070198	0.081857	0.069204	0
BAY_USD	2018-04-22	0.070178	0.068460	0.073454	0.065455	0
BAY_USD	2018-04-21	0.068291	0.069040	0.070744	0.062544	0
BAY_USD	2018-04-20	0.069219	0.070950	0.072101	0.066189	0
BAY_USD	2018-04-19	0.071085	0.067266	0.071494	0.064959	0
BAY_USD	2018-04-18	0.067227	0.060232	0.068094	0.058963	0
BAY_USD	2018-04-17	0.060352	0.058568	0.061136	0.057921	0
BAY_USD	2018-04-16	0.058653	0.061951	0.062489	0.057204	0
BAY_USD	2018-04-15	0.061900	0.057103	0.062176	0.057043	0
BAY_USD	2018-04-14	0.057025	0.056584	0.060954	0.054490	0
BAY_USD	2018-04-13	0.056571	0.056515	0.061673	0.053923	0
BAY_USD	2018-04-12	0.056610	0.043368	0.062553	0.042570	0
BAY_USD	2018-04-11	0.043512	0.039700	0.046230	0.039188	0
BAY_USD	2018-04-10	0.039706	0.038318	0.040612	0.036989	0
BAY_USD	2018-04-09	0.038256	0.038070	0.042004	0.036203	0
BAY_USD	2018-04-08	0.038019	0.036359	0.041586	0.035968	0
BAY_USD	2018-04-07	0.036362	0.033424	0.038764	0.033164	0
BAY_USD	2018-04-06	0.033371	0.034476	0.034980	0.032932	0
BAY_USD	2018-04-05	0.034483	0.035857	0.036067	0.033641	0
BAY_USD	2018-04-04	0.035860	0.038980	0.040708	0.035158	0
BAY_USD	2018-04-03	0.039017	0.037309	0.039380	0.035139	0
BAY_USD	2018-04-02	0.037379	0.035405	0.037556	0.034267	0
BAY_USD	2018-04-01	0.035379	0.036496	0.038791	0.032529	0
BAY_USD	2018-03-31	0.036472	0.036972	0.039595	0.035444	0
BAY_USD	2018-03-30	0.036972	0.037095	0.038178	0.033859	0
BAY_USD	2018-03-29	0.037029	0.043010	0.043193	0.035227	0
BAY_USD	2018-03-28	0.043277	0.042422	0.043965	0.039840	0
BAY_USD	2018-03-27	0.042468	0.048028	0.054195	0.042079	0
BAY_USD	2018-03-26	0.048261	0.044580	0.062722	0.044543	0
BAY_USD	2018-03-25	0.044821	0.042413	0.046343	0.040518	0
BAY_USD	2018-03-24	0.042426	0.042550	0.044663	0.040207	0
BAY_USD	2018-03-23	0.042537	0.044435	0.045067	0.040007	0
BAY_USD	2018-03-22	0.044443	0.045657	0.046957	0.042098	0
BAY_USD	2018-03-21	0.045661	0.047102	0.049135	0.045082	0
BAY_USD	2018-03-20	0.046814	0.045216	0.047724	0.042060	0
BAY_USD	2018-03-19	0.045279	0.043839	0.045279	0.040768	0
BAY_USD	2018-03-18	0.043911	0.045587	0.045587	0.037619	0
BAY_USD	2018-03-17	0.045576	0.047401	0.052346	0.043461	0
BAY_USD	2018-03-16	0.047325	0.047997	0.048554	0.044143	0
BAY_USD	2018-03-15	0.047875	0.049587	0.050346	0.043622	0
BAY_USD	2018-03-14	0.049733	0.056850	0.058059	0.048293	0
BAY_USD	2018-03-13	0.056819	0.056159	0.058258	0.053919	0
BAY_USD	2018-03-12	0.056087	0.058541	0.062530	0.054269	0
BAY_USD	2018-03-11	0.058429	0.053730	0.060156	0.051612	0
BAY_USD	2018-03-10	0.053653	0.057558	0.061574	0.053360	0
BAY_USD	2018-03-09	0.058270	0.061006	0.066420	0.051506	0
BAY_USD	2018-03-08	0.060989	0.063396	0.066834	0.059234	0
BAY_USD	2018-03-07	0.063340	0.071896	0.072635	0.056137	0
BAY_USD	2018-03-06	0.071628	0.078609	0.080895	0.069754	0
BAY_USD	2018-03-05	0.078576	0.083736	0.083765	0.077244	0
BAY_USD	2018-03-04	0.083832	0.085621	0.085749	0.076376	0
BAY_USD	2018-03-03	0.085592	0.089902	0.089902	0.081186	0
BAY_USD	2018-03-02	0.090067	0.076390	0.092409	0.073420	0
BAY_USD	2018-03-01	0.076486	0.071620	0.091738	0.065175	0
BAY_USD	2018-02-28	0.071524	0.066515	0.080330	0.066515	0
BAY_USD	2018-02-27	0.066741	0.062674	0.068556	0.061581	0
BAY_USD	2018-02-26	0.062519	0.061165	0.064132	0.058561	0
BAY_USD	2018-02-25	0.060953	0.059298	0.061914	0.056811	0
BAY_USD	2018-02-24	0.059293	0.063147	0.066740	0.057707	0
BAY_USD	2018-02-23	0.063249	0.060805	0.066928	0.057353	0
