BBT_USD	2019-04-09	0.005026	0.005055	0.005055	0.004940	0
BBT_USD	2019-04-08	0.005055	0.004931	0.005068	0.004867	0
BBT_USD	2019-04-07	0.004931	0.004801	0.004982	0.004771	0
BBT_USD	2019-04-06	0.004801	0.004601	0.005081	0.004574	0
BBT_USD	2019-04-05	0.004601	0.004540	0.004655	0.004482	0
BBT_USD	2019-04-04	0.004540	0.004879	0.004997	0.004498	0
BBT_USD	2019-04-03	0.004879	0.004784	0.005220	0.004753	0
BBT_USD	2019-04-02	0.004784	0.003842	0.004899	0.003834	0
BBT_USD	2019-04-01	0.003843	0.003709	0.003868	0.003674	0
BBT_USD	2019-03-31	0.003709	0.003707	0.003794	0.003534	0
BBT_USD	2019-03-30	0.003707	0.003385	0.004794	0.003321	0
BBT_USD	2019-03-29	0.003385	0.003458	0.003479	0.003374	0
BBT_USD	2019-03-28	0.003458	0.003651	0.003673	0.003434	0
BBT_USD	2019-03-27	0.003651	0.003573	0.003671	0.003562	0
BBT_USD	2019-03-26	0.003573	0.003573	0.003582	0.003525	0
BBT_USD	2019-03-25	0.003573	0.003617	0.003645	0.003546	0
BBT_USD	2019-03-24	0.003617	0.003596	0.003632	0.003574	0
BBT_USD	2019-03-23	0.003596	0.003624	0.003648	0.003552	0
BBT_USD	2019-03-22	0.003624	0.003620	0.003642	0.003611	0
BBT_USD	2019-03-21	0.003620	0.003632	0.003711	0.003579	0
BBT_USD	2019-03-20	0.003632	0.003245	0.003675	0.003161	0
BBT_USD	2019-03-19	0.003245	0.003177	0.003253	0.003177	0
BBT_USD	2019-03-18	0.003177	0.003296	0.003336	0.003089	0
BBT_USD	2019-03-17	0.003296	0.003292	0.003320	0.003266	0
BBT_USD	2019-03-16	0.003292	0.003203	0.003364	0.003203	0
BBT_USD	2019-03-15	0.003203	0.002883	0.003222	0.002883	0
BBT_USD	2019-03-14	0.002883	0.002882	0.002920	0.002838	0
BBT_USD	2019-03-13	0.002882	0.002886	0.002898	0.002865	0
BBT_USD	2019-03-12	0.002886	0.002885	0.002966	0.002844	0
BBT_USD	2019-03-11	0.002885	0.002900	0.002927	0.002862	0
BBT_USD	2019-03-10	0.002900	0.002911	0.002913	0.002874	0
BBT_USD	2019-03-09	0.002911	0.003015	0.003082	0.002867	0
BBT_USD	2019-03-08	0.003015	0.003033	0.003075	0.002965	0
BBT_USD	2019-03-07	0.003033	0.003023	0.003055	0.003011	0
BBT_USD	2019-03-06	0.003023	0.003022	0.003043	0.002992	0
BBT_USD	2019-03-05	0.003022	0.002926	0.003022	0.002859	0
BBT_USD	2019-03-04	0.002926	0.002972	0.002992	0.002901	0
BBT_USD	2019-03-03	0.002972	0.002974	0.002982	0.002927	0
BBT_USD	2019-03-02	0.002974	0.002918	0.002975	0.002901	0
BBT_USD	2019-03-01	0.002918	0.003175	0.003488	0.002916	0
BBT_USD	2019-02-28	0.003175	0.003218	0.003379	0.002913	0
BBT_USD	2019-02-27	0.003218	0.003372	0.003442	0.003187	0
BBT_USD	2019-02-26	0.003372	0.003531	0.003541	0.003362	0
BBT_USD	2019-02-25	0.003531	0.003450	0.003568	0.003447	0
BBT_USD	2019-02-24	0.003450	0.003833	0.003876	0.003446	0
BBT_USD	2019-02-23	0.003833	0.003699	0.003872	0.003308	0
BBT_USD	2019-02-22	0.003699	0.003408	0.003707	0.003236	0
BBT_USD	2019-02-21	0.003408	0.003553	0.003666	0.003249	0
BBT_USD	2019-02-20	0.003553	0.003293	0.003681	0.003216	0
BBT_USD	2019-02-19	0.003293	0.003342	0.003428	0.003251	0
BBT_USD	2019-02-18	0.003342	0.003399	0.003522	0.003318	0
BBT_USD	2019-02-17	0.003399	0.003290	0.003412	0.003264	0
BBT_USD	2019-02-16	0.003290	0.003334	0.003428	0.003269	0
BBT_USD	2019-02-15	0.003334	0.003255	0.003374	0.003251	0
BBT_USD	2019-02-14	0.003255	0.003394	0.003423	0.003253	0
BBT_USD	2019-02-13	0.003394	0.003288	0.003405	0.003240	0
BBT_USD	2019-02-12	0.003288	0.003331	0.003389	0.003270	0
BBT_USD	2019-02-11	0.003331	0.003316	0.003370	0.003268	0
BBT_USD	2019-02-10	0.003316	0.003347	0.003347	0.003266	0
BBT_USD	2019-02-09	0.003347	0.003333	0.003364	0.002881	0
BBT_USD	2019-02-08	0.003333	0.003247	0.003376	0.003017	0
BBT_USD	2019-02-07	0.003247	0.003262	0.003330	0.003211	0
BBT_USD	2019-02-06	0.003262	0.003161	0.003297	0.003100	0
BBT_USD	2019-02-05	0.003161	0.003473	0.003473	0.002400	0
BBT_USD	2019-02-04	0.003473	0.003502	0.003525	0.003458	0
BBT_USD	2019-02-03	0.003502	0.003470	0.003547	0.003441	0
BBT_USD	2019-02-02	0.003470	0.003573	0.003573	0.003285	0
BBT_USD	2019-02-01	0.003573	0.003520	0.003674	0.003510	0
BBT_USD	2019-01-31	0.003520	0.003918	0.003936	0.002160	0
BBT_USD	2019-01-30	0.003918	0.005060	0.005060	0.003277	0
BBT_USD	2019-01-29	0.005060	0.006320	0.006426	0.005048	0
BBT_USD	2019-01-28	0.006320	0.007158	0.007196	0.006032	0
BBT_USD	2019-01-27	0.007158	0.007157	0.007229	0.007016	0
BBT_USD	2019-01-26	0.007157	0.007022	0.007203	0.007014	0
BBT_USD	2019-01-25	0.007022	0.006957	0.007027	0.006885	0
BBT_USD	2019-01-24	0.006957	0.006823	0.006987	0.006803	0
BBT_USD	2019-01-23	0.006823	0.006678	0.006885	0.006677	0
BBT_USD	2019-01-22	0.006678	0.006195	0.006875	0.006182	0
BBT_USD	2019-01-21	0.006195	0.005056	0.006480	0.005037	0
BBT_USD	2019-01-20	0.005056	0.007379	0.007440	0.005006	0
BBT_USD	2019-01-19	0.007379	0.007223	0.007564	0.007219	0
BBT_USD	2019-01-18	0.007223	0.007311	0.007317	0.007162	0
BBT_USD	2019-01-17	0.007311	0.007178	0.007315	0.007059	0
BBT_USD	2019-01-16	0.007178	0.007002	0.007318	0.006976	0
BBT_USD	2019-01-15	0.007002	0.007573	0.007624	0.006995	0
BBT_USD	2019-01-14	0.007573	0.007704	0.007747	0.007203	0
BBT_USD	2019-01-13	0.007704	0.009885	0.013458	0.007662	0
BBT_USD	2019-01-12	0.009885	0.008396	0.016227	0.006693	0
BBT_USD	2019-01-11	0.008396	0.007054	0.017539	0.007030	0
BBT_USD	2019-01-10	0.007054	0.006350	0.007283	0.006194	0
BBT_USD	2019-01-09	0.006350	0.006415	0.006511	0.006241	0
BBT_USD	2019-01-08	0.006415	0.005225	0.007069	0.005155	0
BBT_USD	2019-01-07	0.005225	0.005298	0.005330	0.005180	0
BBT_USD	2019-01-06	0.005298	0.004968	0.009935	0.004938	0
BBT_USD	2019-01-05	0.004968	0.005026	0.005087	0.004761	0
BBT_USD	2019-01-04	0.005026	0.005038	0.005065	0.004921	0
BBT_USD	2019-01-03	0.005038	0.005184	0.005190	0.005016	0
BBT_USD	2019-01-02	0.005184	0.005423	0.005447	0.004998	0
BBT_USD	2019-01-01	0.005423	0.005497	0.005570	0.005233	0
BBT_USD	2018-12-31	0.005497	0.005145	0.005499	0.004864	0
BBT_USD	2018-12-30	0.005145	0.005009	0.005166	0.004961	0
BBT_USD	2018-12-29	0.005009	0.005187	0.005273	0.004990	0
BBT_USD	2018-12-28	0.005187	0.004698	0.005228	0.004698	0
BBT_USD	2018-12-27	0.004698	0.004893	0.004933	0.004665	0
BBT_USD	2018-12-26	0.004893	0.004823	0.004928	0.004740	0
BBT_USD	2018-12-25	0.004823	0.005430	0.005439	0.004718	0
BBT_USD	2018-12-24	0.005430	0.005313	0.005721	0.005313	0
BBT_USD	2018-12-23	0.005313	0.005302	0.005494	0.005269	0
BBT_USD	2018-12-22	0.005302	0.005084	0.005328	0.005001	0
BBT_USD	2018-12-21	0.005084	0.007123	0.007247	0.005058	0
BBT_USD	2018-12-20	0.007123	0.006382	0.007260	0.006335	0
BBT_USD	2018-12-19	0.006382	0.007634	0.007866	0.006340	0
BBT_USD	2018-12-18	0.007634	0.007631	0.007705	0.007206	0
BBT_USD	2018-12-17	0.007631	0.008398	0.009739	0.007490	0
BBT_USD	2018-12-16	0.008398	0.005637	0.008458	0.005524	0
BBT_USD	2018-12-15	0.005637	0.004282	0.006167	0.004270	0
BBT_USD	2018-12-14	0.004282	0.008328	0.009194	0.003756	0
BBT_USD	2018-12-13	0.008328	0.005571	0.008328	0.004767	0
BBT_USD	2018-12-12	0.005571	0.019061	0.019206	0.004332	0
BBT_USD	2018-12-11	0.021488	0.027370	0.027598	0.021474	0
BBT_USD	2018-12-10	0.027370	0.025720	0.027568	0.024764	0
BBT_USD	2018-12-09	0.025720	0.024507	0.026572	0.024284	0
BBT_USD	2018-12-08	0.024507	0.024055	0.025561	0.023151	0
BBT_USD	2018-12-07	0.024055	0.024515	0.025036	0.022834	0
BBT_USD	2018-12-06	0.024515	0.025953	0.027069	0.024347	0
BBT_USD	2018-12-05	0.025953	0.027277	0.027381	0.025808	0
BBT_USD	2018-12-04	0.027277	0.025505	0.029685	0.024896	0
BBT_USD	2018-12-03	0.025505	0.027204	0.027326	0.025115	0
BBT_USD	2018-12-02	0.027204	0.027749	0.028470	0.026992	0
BBT_USD	2018-12-01	0.027749	0.026430	0.028375	0.026025	0
BBT_USD	2018-11-30	0.026430	0.028221	0.028519	0.025959	0
BBT_USD	2018-11-29	0.028221	0.028184	0.029245	0.027374	0
BBT_USD	2018-11-28	0.028184	0.025424	0.029000	0.025424	0
BBT_USD	2018-11-27	0.025424	0.025358	0.025805	0.024415	0
BBT_USD	2018-11-26	0.025358	0.027030	0.027627	0.024456	0
BBT_USD	2018-11-25	0.027030	0.025903	0.027657	0.024117	0
BBT_USD	2018-11-24	0.025903	0.029190	0.029800	0.025270	0
BBT_USD	2018-11-23	0.029190	0.029822	0.030384	0.028639	0
BBT_USD	2018-11-22	0.029822	0.031811	0.032097	0.029822	0
BBT_USD	2018-11-21	0.031811	0.031318	0.032547	0.030234	0
BBT_USD	2018-11-20	0.031318	0.034269	0.035021	0.029471	0
BBT_USD	2018-11-19	0.034269	0.039248	0.039248	0.033944	0
BBT_USD	2018-11-18	0.039248	0.038936	0.039460	0.037295	0
BBT_USD	2018-11-17	0.038936	0.039170	0.039170	0.038569	0
BBT_USD	2018-11-16	0.039170	0.039772	0.039809	0.038440	0
BBT_USD	2018-11-15	0.039772	0.040722	0.041030	0.037601	0
BBT_USD	2018-11-14	0.040722	0.045671	0.045882	0.039477	0
BBT_USD	2018-11-13	0.045671	0.045290	0.045904	0.044404	0
BBT_USD	2018-11-12	0.045290	0.045316	0.045486	0.045092	0
BBT_USD	2018-11-11	0.045316	0.043988	0.045316	0.043988	0
BBT_USD	2018-11-10	0.043988	0.045679	0.045728	0.043988	0
BBT_USD	2018-11-09	0.045679	0.046199	0.046298	0.045490	0
BBT_USD	2018-11-08	0.046199	0.046666	0.046753	0.046051	0
BBT_USD	2018-11-07	0.046666	0.046128	0.046826	0.046106	0
BBT_USD	2018-11-06	0.046128	0.045679	0.046128	0.045521	0
BBT_USD	2018-11-05	0.045679	0.045980	0.046051	0.045461	0
BBT_USD	2018-11-04	0.045980	0.045034	0.046087	0.044839	0
BBT_USD	2018-11-03	0.045034	0.045181	0.045219	0.044578	0
BBT_USD	2018-11-02	0.045181	0.046590	0.046991	0.045117	0
BBT_USD	2018-11-01	0.046590	0.046298	0.046761	0.046190	0
BBT_USD	2018-10-31	0.046298	0.046684	0.046851	0.045442	0
BBT_USD	2018-10-30	0.046684	0.047358	0.047659	0.046559	0
BBT_USD	2018-10-29	0.047358	0.048222	0.048400	0.047122	0
BBT_USD	2018-10-28	0.048222	0.048134	0.048337	0.047905	0
BBT_USD	2018-10-27	0.048134	0.047778	0.048144	0.047543	0
BBT_USD	2018-10-26	0.047778	0.052942	0.053387	0.047294	0
BBT_USD	2018-10-25	0.052942	0.053284	0.053365	0.052910	0
BBT_USD	2018-10-24	0.053284	0.055184	0.055796	0.050104	0
BBT_USD	2018-10-23	0.055184	0.055296	0.055439	0.055004	0
BBT_USD	2018-10-22	0.055296	0.055504	0.055838	0.055144	0
BBT_USD	2018-10-21	0.055504	0.055483	0.056069	0.055467	0
BBT_USD	2018-10-20	0.055483	0.054926	0.055676	0.054793	0
BBT_USD	2018-10-19	0.054926	0.053964	0.055022	0.053627	0
BBT_USD	2018-10-18	0.053964	0.054822	0.055241	0.053592	0
BBT_USD	2018-10-17	0.054822	0.054908	0.056850	0.054285	0
BBT_USD	2018-10-16	0.054908	0.055048	0.056273	0.054403	0
BBT_USD	2018-10-15	0.055048	0.053326	0.062583	0.053046	0
BBT_USD	2018-10-14	0.053326	0.053269	0.053880	0.053202	0
BBT_USD	2018-10-13	0.053269	0.053022	0.053311	0.052950	0
BBT_USD	2018-10-12	0.053022	0.052639	0.053438	0.052367	0
BBT_USD	2018-10-11	0.052639	0.055827	0.055827	0.052426	0
BBT_USD	2018-10-10	0.055827	0.055970	0.055970	0.054945	0
BBT_USD	2018-10-09	0.055970	0.055722	0.056014	0.055314	0
BBT_USD	2018-10-08	0.055722	0.055052	0.056132	0.053688	0
BBT_USD	2018-10-07	0.055052	0.054712	0.055325	0.054177	0
BBT_USD	2018-10-06	0.054712	0.054919	0.054947	0.054447	0
BBT_USD	2018-10-05	0.054919	0.054351	0.055085	0.054054	0
BBT_USD	2018-10-04	0.054351	0.053716	0.054788	0.053685	0
BBT_USD	2018-10-03	0.053716	0.054202	0.054258	0.053120	0
BBT_USD	2018-10-02	0.054202	0.053896	0.055765	0.053773	0
BBT_USD	2018-10-01	0.053896	0.061159	0.061534	0.049853	0
BBT_USD	2018-09-30	0.061159	0.061093	0.061572	0.060386	0
BBT_USD	2018-09-29	0.061093	0.056133	0.061318	0.052266	0
BBT_USD	2018-09-28	0.056133	0.056254	0.057399	0.055275	0
BBT_USD	2018-09-27	0.056254	0.053250	0.056576	0.051979	0
BBT_USD	2018-09-26	0.053250	0.073581	0.078207	0.052273	0
BBT_USD	2018-09-25	0.073581	0.060187	0.078885	0.057466	0
BBT_USD	2018-09-24	0.060187	0.056608	0.091718	0.051497	0
BBT_USD	2018-09-23	0.056608	0.056987	0.275371	0.035856	0
BBT_USD	2018-09-22	0.056987	0.057294	0.057871	0.048865	0
BBT_USD	2018-09-21	0.057294	0.054896	0.058093	0.054859	0
BBT_USD	2018-09-20	0.054896	0.051102	0.055168	0.051009	0
BBT_USD	2018-09-19	0.051102	0.050235	0.051716	0.048881	0
BBT_USD	2018-09-18	0.050235	0.048318	0.050548	0.048127	0
BBT_USD	2018-09-17	0.048318	0.050201	0.050458	0.047995	0
BBT_USD	2018-09-16	0.050201	0.050367	0.050367	0.049287	0
BBT_USD	2018-09-15	0.050367	0.050114	0.050745	0.050009	0
BBT_USD	2018-09-14	0.050114	0.049991	0.050844	0.049233	0
BBT_USD	2018-09-13	0.049991	0.048951	0.050361	0.048930	0
BBT_USD	2018-09-12	0.048951	0.048590	0.049053	0.047919	0
BBT_USD	2018-09-11	0.048590	0.048414	0.049293	0.047740	0
BBT_USD	2018-09-10	0.048414	0.047921	0.048738	0.047921	0
BBT_USD	2018-09-09	0.047921	0.046109	0.049099	0.045893	0
BBT_USD	2018-09-08	0.046109	0.053954	0.056066	0.045774	0
BBT_USD	2018-09-07	0.053954	0.054229	0.054626	0.052657	0
BBT_USD	2018-09-06	0.054229	0.050045	0.054448	0.046661	0
BBT_USD	2018-09-05	0.050045	0.064538	0.064648	0.050016	0
BBT_USD	2018-09-04	0.064538	0.062740	0.067507	0.061818	0
BBT_USD	2018-09-03	0.062740	0.064738	0.067846	0.026912	0
BBT_USD	2018-09-02	0.064738	0.067620	0.068182	0.039591	0
BBT_USD	2018-09-01	0.067620	0.066648	0.067812	0.063651	0
BBT_USD	2018-08-31	0.066648	0.066060	0.067156	0.064479	0
BBT_USD	2018-08-30	0.066060	0.061481	0.066060	0.061357	0
BBT_USD	2018-08-29	0.061481	0.055707	0.061668	0.047423	0
BBT_USD	2018-08-28	0.055707	0.069445	0.080837	0.041377	0
BBT_USD	2018-08-27	0.069445	0.067487	0.069525	0.066994	0
BBT_USD	2018-08-26	0.067487	0.067796	0.068217	0.066140	0
BBT_USD	2018-08-25	0.067796	0.067277	0.068327	0.067101	0
BBT_USD	2018-08-24	0.067277	0.066805	0.067587	0.063790	0
BBT_USD	2018-08-23	0.066805	0.085187	0.086443	0.059494	0
BBT_USD	2018-08-22	0.085187	0.086852	0.092046	0.083821	0
BBT_USD	2018-08-21	0.086852	0.074591	0.087124	0.058405	0
BBT_USD	2018-08-20	0.074591	0.044942	0.079274	0.044450	0
BBT_USD	2018-08-19	0.044942	0.050167	0.050171	0.043549	0
BBT_USD	2018-08-18	0.050167	0.049152	0.050755	0.048002	0
BBT_USD	2018-08-17	0.049152	0.046769	0.049152	0.046010	0
BBT_USD	2018-08-16	0.046769	0.056714	0.057220	0.036245	0
BBT_USD	2018-08-15	0.056714	0.053972	0.061079	0.053938	0
BBT_USD	2018-08-14	0.053972	0.054517	0.054517	0.051328	0
BBT_USD	2018-08-13	0.054517	0.055089	0.057030	0.053716	0
BBT_USD	2018-08-12	0.055089	0.054300	0.056276	0.053873	0
BBT_USD	2018-08-11	0.054300	0.053574	0.056344	0.052408	0
BBT_USD	2018-08-10	0.053574	0.056932	0.057321	0.052477	0
BBT_USD	2018-08-09	0.056932	0.059452	0.062016	0.056108	0
BBT_USD	2018-08-08	0.059452	0.063619	0.063619	0.058078	0
BBT_USD	2018-08-07	0.063619	0.064175	0.067522	0.063275	0
BBT_USD	2018-08-06	0.064175	0.065157	0.066204	0.063372	0
BBT_USD	2018-08-05	0.065157	0.065015	0.065792	0.063946	0
BBT_USD	2018-08-04	0.065015	0.068823	0.069493	0.064310	0
BBT_USD	2018-08-03	0.068823	0.069965	0.069965	0.067629	0
BBT_USD	2018-08-02	0.069965	0.070657	0.071495	0.069279	0
BBT_USD	2018-08-01	0.070657	0.071874	0.071965	0.069125	0
BBT_USD	2018-07-31	0.071874	0.075788	0.075835	0.071178	0
BBT_USD	2018-07-30	0.075788	0.076300	0.076803	0.072954	0
BBT_USD	2018-07-29	0.076300	0.076562	0.076800	0.075382	0
BBT_USD	2018-07-28	0.076562	0.076603	0.076603	0.076562	0
BBT_USD	2018-07-27	0.076603	0.076562	0.076603	0.076562	0
BBT_USD	2018-07-26	0.076562	0.075971	0.077150	0.075947	0
BBT_USD	2018-07-25	0.075971	0.078114	0.078789	0.075017	0
BBT_USD	2018-07-24	0.078114	0.071659	0.078668	0.071465	0
BBT_USD	2018-07-23	0.071659	0.068796	0.072320	0.068542	0
BBT_USD	2018-07-22	0.068796	0.073774	0.080063	0.068436	0
BBT_USD	2018-07-21	0.073774	0.073543	0.074613	0.072427	0
BBT_USD	2018-07-20	0.073543	0.074997	0.077040	0.073018	0
BBT_USD	2018-07-19	0.074997	0.056830	0.075826	0.056207	0
BBT_USD	2018-07-18	0.056830	0.054570	0.059047	0.050680	0
BBT_USD	2018-07-17	0.054570	0.064568	0.064763	0.041511	0
BBT_USD	2018-07-16	0.064568	0.060833	0.064680	0.060692	0
BBT_USD	2018-07-15	0.060833	0.060532	0.061231	0.059726	0
BBT_USD	2018-07-14	0.060532	0.061081	0.061861	0.059711	0
BBT_USD	2018-07-13	0.061081	0.061223	0.062150	0.060339	0
BBT_USD	2018-07-12	0.061223	0.073791	0.073791	0.059748	0
BBT_USD	2018-07-11	0.073791	0.072775	0.073896	0.072650	0
BBT_USD	2018-07-10	0.072775	0.076857	0.077088	0.072535	0
BBT_USD	2018-07-09	0.076857	0.076404	0.078355	0.075552	0
BBT_USD	2018-07-08	0.076404	0.078064	0.078399	0.075640	0
BBT_USD	2018-07-07	0.078064	0.076147	0.078808	0.075182	0
BBT_USD	2018-07-06	0.076147	0.075311	0.076478	0.074305	0
BBT_USD	2018-07-05	0.075311	0.075751	0.076987	0.074361	0
BBT_USD	2018-07-04	0.075751	0.074587	0.077110	0.073710	0
BBT_USD	2018-07-03	0.074587	0.076399	0.077001	0.001005	0
BBT_USD	2018-07-02	0.076399	0.073236	0.077055	0.000001	0
BBT_USD	2018-07-01	0.073243	0.073661	0.074126	0.072330	0
BBT_USD	2018-06-30	0.073663	0.070839	0.075002	0.070839	0
BBT_USD	2018-06-29	0.070835	0.065864	0.071262	0.065307	0
BBT_USD	2018-06-28	0.065970	0.067592	0.068629	0.065645	0
BBT_USD	2018-06-27	0.067586	0.066697	0.068095	0.065967	0
BBT_USD	2018-06-26	0.066908	0.076102	0.076317	0.066550	0
BBT_USD	2018-06-25	0.076052	0.092437	0.094404	0.068815	0
BBT_USD	2018-06-24	0.092467	0.091752	0.094767	0.086363	0
BBT_USD	2018-06-23	0.091633	0.076951	0.093516	0.076609	0
BBT_USD	2018-06-22	0.076954	0.093860	0.093865	0.075603	0
BBT_USD	2018-06-21	0.093888	0.105017	0.105522	0.091174	0
BBT_USD	2018-06-20	0.105022	0.104521	0.105882	0.102051	0
BBT_USD	2018-06-19	0.104673	0.104598	0.105898	0.103850	0
BBT_USD	2018-06-18	0.104562	0.100447	0.105761	0.099590	0
BBT_USD	2018-06-17	0.100366	0.101166	0.102491	0.100196	0
BBT_USD	2018-06-16	0.101147	0.099701	0.102140	0.098717	0
BBT_USD	2018-06-15	0.099654	0.103414	0.103748	0.099317	0
BBT_USD	2018-06-14	0.103216	0.099745	0.104654	0.098908	0
BBT_USD	2018-06-13	0.099687	0.082257	0.103626	0.080083	0
BBT_USD	2018-06-12	0.082237	0.100204	0.100204	0.081537	0
BBT_USD	2018-06-11	0.100252	0.101164	0.111944	0.099551	0
BBT_USD	2018-06-10	0.101047	0.083834	0.101170	0.074251	0
BBT_USD	2018-06-09	0.083811	0.090355	0.090589	0.079505	0
BBT_USD	2018-06-08	0.090354	0.091230	0.091358	0.089509	0
BBT_USD	2018-06-07	0.091268	0.091235	0.092490	0.077658	0
BBT_USD	2018-06-06	0.091230	0.091004	0.091730	0.089343	0
BBT_USD	2018-06-05	0.090926	0.089494	0.091598	0.088032	0
BBT_USD	2018-06-04	0.089560	0.092313	0.092697	0.088874	0
BBT_USD	2018-06-03	0.092231	0.091657	0.093719	0.090974	0
BBT_USD	2018-06-02	0.091695	0.090663	0.092540	0.089786	0
BBT_USD	2018-06-01	0.090591	0.102444	0.102824	0.089538	0
BBT_USD	2018-05-31	0.102453	0.101733	0.104803	0.101265	0
BBT_USD	2018-05-30	0.101777	0.103058	0.104331	0.100472	0
BBT_USD	2018-05-29	0.102936	0.098179	0.103824	0.097411	0
BBT_USD	2018-05-28	0.098119	0.101550	0.102759	0.097700	0
BBT_USD	2018-05-27	0.101507	0.092420	0.102242	0.091073	0
BBT_USD	2018-05-26	0.092402	0.094102	0.096058	0.091909	0
BBT_USD	2018-05-25	0.094119	0.095572	0.096470	0.092494	0
BBT_USD	2018-05-24	0.095532	0.105310	0.110291	0.091531	0
BBT_USD	2018-05-23	0.105390	0.117862	0.120665	0.104602	0
BBT_USD	2018-05-22	0.117904	0.134829	0.134982	0.114671	0
BBT_USD	2018-05-21	0.134829	0.136711	0.137061	0.134269	0
BBT_USD	2018-05-20	0.136711	0.144364	0.145168	0.132101	0
BBT_USD	2018-05-19	0.144364	0.125108	0.144364	0.119154	0
BBT_USD	2018-05-18	0.125108	0.109112	0.125565	0.107381	0
BBT_USD	2018-05-17	0.109255	0.114665	0.116252	0.108258	0
BBT_USD	2018-05-16	0.114566	0.116449	0.116755	0.111468	0
BBT_USD	2018-05-15	0.116451	0.114872	0.117726	0.112173	0
BBT_USD	2018-05-14	0.114882	0.113841	0.117728	0.092356	0
BBT_USD	2018-05-13	0.113841	0.101698	0.114589	0.094839	0
BBT_USD	2018-05-12	0.101467	0.107212	0.109693	0.099494	0
BBT_USD	2018-05-11	0.107212	0.116207	0.116207	0.106612	0
BBT_USD	2018-05-10	0.116207	0.127006	0.127741	0.116006	0
BBT_USD	2018-05-09	0.127006	0.125230	0.128857	0.119944	0
BBT_USD	2018-05-08	0.125310	0.135751	0.136210	0.000011	0
BBT_USD	2018-05-07	0.136762	0.140249	0.140493	0.133533	0
BBT_USD	2018-05-06	0.140249	0.143336	0.144779	0.137326	0
BBT_USD	2018-05-05	0.143167	0.136103	0.143549	0.135800	0
BBT_USD	2018-05-04	0.136103	0.137109	0.137657	0.134156	0
BBT_USD	2018-05-03	0.137109	0.130818	0.146186	0.124117	0
BBT_USD	2018-05-02	0.130818	0.128377	0.131164	0.115956	0
BBT_USD	2018-05-01	0.128494	0.131107	0.131107	0.117786	0
BBT_USD	2018-04-30	0.131107	0.136889	0.137876	0.130473	0
BBT_USD	2018-04-29	0.136889	0.145979	0.149426	0.134605	0
BBT_USD	2018-04-28	0.145979	0.139387	0.147406	0.138497	0
BBT_USD	2018-04-27	0.139387	0.141197	0.145331	0.138747	0
BBT_USD	2018-04-26	0.141197	0.135174	0.141381	0.131661	0
BBT_USD	2018-04-25	0.135174	0.135881	0.139594	0.120696	0
BBT_USD	2018-04-24	0.136197	0.128241	0.149328	0.123615	0
BBT_USD	2018-04-23	0.128241	0.137276	0.137943	0.117988	0
BBT_USD	2018-04-22	0.137276	0.126894	0.143224	0.115902	0
BBT_USD	2018-04-21	0.126894	0.166815	0.166815	0.126005	0
BBT_USD	2018-04-20	0.166815	0.122714	0.228892	0.122442	0
BBT_USD	2018-04-19	0.122714	0.107432	0.134183	0.100429	0
BBT_USD	2018-04-18	0.107432	0.103637	0.110848	0.101874	0
BBT_USD	2018-04-17	0.103637	0.139209	0.140995	0.103225	0
BBT_USD	2018-04-16	0.139209	0.138267	0.147120	0.130491	0
BBT_USD	2018-04-15	0.138267	0.123159	0.145952	0.122487	0
BBT_USD	2018-04-14	0.123159	0.128427	0.132091	0.119340	0
BBT_USD	2018-04-13	0.128427	0.135058	0.138392	0.127053	0
BBT_USD	2018-04-12	0.135058	0.133495	0.137639	0.117211	0
BBT_USD	2018-04-11	0.133495	0.119973	0.134035	0.119003	0
BBT_USD	2018-04-10	0.119973	0.115281	0.120849	0.113432	0
BBT_USD	2018-04-09	0.115242	0.119599	0.122477	0.112750	0
BBT_USD	2018-04-08	0.119599	0.116330	0.120851	0.110981	0
BBT_USD	2018-04-07	0.116330	0.086547	0.121889	0.086364	0
BBT_USD	2018-04-06	0.086547	0.118399	0.122850	0.085129	0
BBT_USD	2018-04-05	0.118399	0.135663	0.142803	0.080603	0
BBT_USD	2018-04-04	0.135663	0.158719	0.174307	0.130470	0
BBT_USD	2018-04-03	0.158719	0.092143	0.158749	0.091787	0
BBT_USD	2018-04-02	0.092143	0.093776	0.101082	0.090038	0
BBT_USD	2018-04-01	0.093776	0.107860	0.110916	0.092337	0
BBT_USD	2018-03-31	0.107860	0.103085	0.114249	0.103085	0
BBT_USD	2018-03-30	0.103085	0.106028	0.106740	0.046795	0
BBT_USD	2018-03-29	0.106028	0.123283	0.123469	0.103130	0
BBT_USD	2018-03-28	0.123283	0.131003	0.136378	0.119395	0
BBT_USD	2018-03-27	0.131003	0.136293	0.137822	0.130206	0
BBT_USD	2018-03-26	0.136293	0.165991	0.166921	0.131662	0
BBT_USD	2018-03-25	0.165991	0.190626	0.192575	0.164713	0
BBT_USD	2018-03-24	0.190626	0.186415	0.201411	0.181191	0
BBT_USD	2018-03-23	0.186415	0.184667	0.186476	0.173298	0
BBT_USD	2018-03-22	0.184667	0.180981	0.191315	0.172461	0
BBT_USD	2018-03-21	0.180981	0.190286	0.201272	0.178898	0
BBT_USD	2018-03-20	0.190286	0.184469	0.192723	0.178307	0
BBT_USD	2018-03-19	0.184469	0.176010	0.186543	0.173968	0
BBT_USD	2018-03-18	0.176010	0.164647	0.176924	0.146504	0
BBT_USD	2018-03-17	0.164647	0.168035	0.226103	0.138651	0
BBT_USD	2018-03-16	0.168035	0.167148	0.174040	0.160054	0
BBT_USD	2018-03-15	0.167148	0.167008	0.169678	0.156555	0
BBT_USD	2018-03-14	0.167008	0.186444	0.190844	0.161635	0
BBT_USD	2018-03-13	0.186444	0.208710	0.215396	0.182160	0
BBT_USD	2018-03-12	0.208710	0.233000	0.237613	0.202377	0
BBT_USD	2018-03-11	0.233000	0.210139	0.248739	0.202310	0
BBT_USD	2018-03-10	0.210139	0.262216	0.270137	0.206729	0
BBT_USD	2018-03-09	0.262216	0.298308	0.302185	0.239913	0
BBT_USD	2018-03-08	0.298308	0.368182	0.373472	0.290069	0
BBT_USD	2018-03-07	0.368182	0.394060	0.399575	0.351590	0
BBT_USD	2018-03-06	0.394060	0.459334	0.459334	0.391377	0
BBT_USD	2018-03-05	0.459334	0.464269	0.468365	0.456720	0
BBT_USD	2018-03-04	0.464269	0.462664	0.465663	0.443158	0
BBT_USD	2018-03-03	0.462664	0.446423	0.466183	0.446423	0
BBT_USD	2018-03-02	0.446423	0.443455	0.453300	0.437799	0
