BCH_USD	2019-04-09	298.64	307.26	307.26	289.78	1414096
BCH_USD	2019-04-08	307.27	319.11	328.68	291.96	1573806
BCH_USD	2019-04-07	319.10	305.60	326.59	298.87	1471561
BCH_USD	2019-04-06	305.63	291.93	330.95	283.71	1613163
BCH_USD	2019-04-05	291.95	285.44	299.96	280.81	1362642
BCH_USD	2019-04-04	285.46	300.80	319.12	273.19	2511369
BCH_USD	2019-04-03	300.81	241.25	345.59	240.79	35514060
BCH_USD	2019-04-02	241.25	167.47	246.03	167.16	8178777
BCH_USD	2019-04-01	167.47	168.84	169.79	166.83	1126507
BCH_USD	2019-03-31	168.84	167.11	169.03	165.07	1149771
BCH_USD	2019-03-30	167.11	170.41	171.64	164.84	1737880
BCH_USD	2019-03-29	170.41	168.07	174.76	167.78	1488286
BCH_USD	2019-03-28	168.06	170.86	171.35	165.82	1479053
BCH_USD	2019-03-27	170.86	159.30	173.17	158.62	2783731
BCH_USD	2019-03-26	159.30	160.02	160.60	153.55	1813858
BCH_USD	2019-03-25	160.02	164.39	165.21	156.24	1602452
BCH_USD	2019-03-24	164.39	166.23	166.23	161.43	1376069
BCH_USD	2019-03-23	166.24	156.59	169.50	155.52	3029200
BCH_USD	2019-03-22	156.58	152.96	159.12	151.33	1186659
BCH_USD	2019-03-21	152.96	158.87	159.60	147.34	2094120
BCH_USD	2019-03-20	158.87	160.02	160.02	154.30	1855807
BCH_USD	2019-03-19	160.03	161.30	161.62	155.45	2712065
BCH_USD	2019-03-18	161.30	154.25	166.16	153.86	5237829
BCH_USD	2019-03-17	154.25	155.73	157.40	147.01	3845472
BCH_USD	2019-03-16	155.73	143.38	160.80	143.37	5656014
BCH_USD	2019-03-15	143.38	132.18	146.17	132.13	2446951
BCH_USD	2019-03-14	132.18	127.98	134.83	127.61	1601764
BCH_USD	2019-03-13	127.98	128.43	129.08	126.53	608874
BCH_USD	2019-03-12	128.43	128.65	129.45	125.83	847500
BCH_USD	2019-03-11	128.67	131.11	131.68	126.69	869462
BCH_USD	2019-03-10	131.11	133.28	133.73	130.30	699435
BCH_USD	2019-03-09	133.28	127.74	136.19	127.46	1370428
BCH_USD	2019-03-08	127.73	130.54	132.07	126.12	886664
BCH_USD	2019-03-07	130.54	131.15	133.21	130.11	924247
BCH_USD	2019-03-06	131.15	132.03	133.05	128.97	1221566
BCH_USD	2019-03-05	132.03	123.26	133.18	122.74	1054492
BCH_USD	2019-03-04	123.26	129.53	130.47	120.79	950379
BCH_USD	2019-03-03	129.53	130.31	131.58	128.91	391283
BCH_USD	2019-03-02	130.31	131.31	131.82	128.19	623764
BCH_USD	2019-03-01	131.31	130.31	133.03	129.99	563413
BCH_USD	2019-02-28	130.31	131.16	132.99	128.90	931039
BCH_USD	2019-02-27	131.15	132.49	133.56	126.22	1003975
BCH_USD	2019-02-26	132.44	133.50	137.39	131.16	990551
BCH_USD	2019-02-25	133.50	127.02	138.07	127.00	668256
BCH_USD	2019-02-24	126.98	154.19	157.25	126.96	914930
BCH_USD	2019-02-23	154.17	143.23	154.17	140.13	548849
BCH_USD	2019-02-22	143.23	141.62	144.86	140.20	415059
BCH_USD	2019-02-21	141.61	146.68	147.23	139.19	484068
BCH_USD	2019-02-20	146.69	141.60	147.87	138.33	556207
BCH_USD	2019-02-19	141.60	143.49	150.85	141.03	734931
BCH_USD	2019-02-18	143.48	124.09	148.17	124.05	1074966
BCH_USD	2019-02-17	124.09	121.48	124.86	120.64	353491
BCH_USD	2019-02-16	121.48	121.02	122.63	120.93	267377
BCH_USD	2019-02-15	121.02	120.80	123.59	120.23	280316
BCH_USD	2019-02-14	120.80	121.88	123.81	120.10	336855
BCH_USD	2019-02-13	121.91	122.23	126.60	120.58	342005
BCH_USD	2019-02-12	122.23	122.01	123.10	118.31	387658
BCH_USD	2019-02-11	122.02	126.78	126.86	120.50	427991
BCH_USD	2019-02-10	126.78	127.83	128.53	121.28	481925
BCH_USD	2019-02-09	127.83	129.36	130.00	125.49	334401
BCH_USD	2019-02-08	129.36	115.20	131.71	114.16	665710
BCH_USD	2019-02-07	115.18	114.65	117.23	113.81	285839
BCH_USD	2019-02-06	114.65	117.07	122.53	111.36	533958
BCH_USD	2019-02-05	117.07	118.70	119.77	116.76	250092
BCH_USD	2019-02-04	118.74	118.49	120.49	117.48	285066
BCH_USD	2019-02-03	118.48	121.08	121.55	116.68	342717
BCH_USD	2019-02-02	121.07	115.37	121.97	114.93	441232
BCH_USD	2019-02-01	115.37	113.59	118.34	110.80	388830
BCH_USD	2019-01-31	113.59	116.97	120.57	112.73	399597
BCH_USD	2019-01-30	116.97	109.53	120.27	107.76	476462
BCH_USD	2019-01-29	109.52	111.13	112.18	105.83	388285
BCH_USD	2019-01-28	111.14	121.22	121.37	105.15	638412
BCH_USD	2019-01-27	121.21	125.39	126.04	118.53	322159
BCH_USD	2019-01-26	125.39	126.66	128.10	125.25	227055
BCH_USD	2019-01-25	126.66	128.19	128.20	125.10	256084
BCH_USD	2019-01-24	128.20	131.24	131.24	125.90	342115
BCH_USD	2019-01-23	131.24	127.21	134.84	126.36	496635
BCH_USD	2019-01-22	127.21	121.21	130.99	116.29	422901
BCH_USD	2019-01-21	121.21	121.69	122.94	120.32	260898
BCH_USD	2019-01-20	121.69	128.14	128.96	120.07	321141
BCH_USD	2019-01-19	128.16	126.16	130.20	125.52	262953
BCH_USD	2019-01-18	126.16	129.14	129.14	124.51	230840
BCH_USD	2019-01-17	129.14	126.98	130.20	124.45	293597
BCH_USD	2019-01-16	126.98	125.75	129.56	125.41	268088
BCH_USD	2019-01-15	125.75	131.41	132.21	124.06	346187
BCH_USD	2019-01-14	131.41	123.81	135.05	121.86	438050
BCH_USD	2019-01-13	123.94	131.98	133.49	120.98	423693
BCH_USD	2019-01-12	131.98	128.71	135.97	128.20	476976
BCH_USD	2019-01-11	128.80	131.89	132.20	125.87	549213
BCH_USD	2019-01-10	131.89	157.51	162.30	128.92	841971
BCH_USD	2019-01-09	157.51	158.73	159.40	155.84	283564
BCH_USD	2019-01-08	158.73	158.99	161.26	155.82	356350
BCH_USD	2019-01-07	158.87	163.21	165.00	158.07	334653
BCH_USD	2019-01-06	163.25	157.38	165.28	155.80	420335
BCH_USD	2019-01-05	157.38	158.39	164.34	154.58	455602
BCH_USD	2019-01-04	158.38	158.99	162.40	151.79	424024
BCH_USD	2019-01-03	158.99	169.19	173.77	156.31	491638
BCH_USD	2019-01-02	169.19	162.26	171.89	159.38	577138
BCH_USD	2019-01-01	162.26	148.64	165.10	147.37	572991
BCH_USD	2018-12-31	148.68	160.83	160.83	145.56	435567
BCH_USD	2018-12-30	160.83	160.25	162.28	155.62	557591
BCH_USD	2018-12-29	160.00	171.23	173.65	159.76	681969
BCH_USD	2018-12-28	171.21	146.87	175.27	139.84	996039
BCH_USD	2018-12-27	146.84	173.55	175.47	144.08	785635
BCH_USD	2018-12-26	173.57	169.68	185.14	161.93	1064449
BCH_USD	2018-12-25	169.64	179.59	181.17	150.28	1180064
BCH_USD	2018-12-24	179.71	195.64	211.60	175.96	1087203
BCH_USD	2018-12-23	195.62	194.97	209.24	186.97	956919
BCH_USD	2018-12-22	194.96	192.34	204.88	180.93	1204184
BCH_USD	2018-12-21	192.34	191.13	228.02	171.66	2522308
BCH_USD	2018-12-20	191.15	125.96	202.37	122.22	2627170
BCH_USD	2018-12-19	125.96	104.42	144.98	102.13	1670174
BCH_USD	2018-12-18	104.42	89.40	105.62	86.45	647565
BCH_USD	2018-12-17	89.40	80.85	92.54	80.46	401614
BCH_USD	2018-12-16	80.85	78.39	84.26	78.36	283491
BCH_USD	2018-12-15	78.35	81.05	83.29	75.61	222956
BCH_USD	2018-12-14	81.05	92.69	94.03	77.58	342252
BCH_USD	2018-12-13	92.52	100.83	101.26	92.31	210632
BCH_USD	2018-12-12	100.83	99.43	103.41	99.12	187125
BCH_USD	2018-12-11	100.09	106.75	106.92	96.69	240082
BCH_USD	2018-12-10	106.76	109.00	110.86	104.04	221917
BCH_USD	2018-12-09	109.00	102.58	112.56	101.44	434309
BCH_USD	2018-12-08	102.58	105.93	112.73	97.56	347185
BCH_USD	2018-12-07	105.90	108.49	119.10	97.44	692459
BCH_USD	2018-12-06	108.49	135.40	137.92	108.37	379815
BCH_USD	2018-12-05	135.38	153.29	153.81	135.13	237118
BCH_USD	2018-12-04	153.33	164.33	165.48	152.25	182234
BCH_USD	2018-12-03	164.34	176.20	177.08	162.37	167008
BCH_USD	2018-12-02	176.15	177.28	185.17	174.90	190346
BCH_USD	2018-12-01	177.28	177.56	182.49	171.71	170761
BCH_USD	2018-11-30	177.66	183.62	191.98	170.76	200654
BCH_USD	2018-11-29	183.64	192.78	194.05	178.47	193681
BCH_USD	2018-11-28	192.66	185.19	274.94	185.19	243243
BCH_USD	2018-11-27	185.20	299.07	316.82	176.26	98644
BCH_USD	2018-11-26	299.06	326.49	345.66	290.20	313975
BCH_USD	2018-11-25	326.45	368.73	375.19	311.45	253647
BCH_USD	2018-11-24	368.73	373.04	393.27	368.73	192733
BCH_USD	2018-11-23	373.04	397.79	397.80	324.40	196540
BCH_USD	2018-11-22	394.34	395.28	398.95	331.60	174287
BCH_USD	2018-11-21	395.33	357.65	395.37	319.88	181113
BCH_USD	2018-11-20	355.99	317.22	383.36	317.17	239621
BCH_USD	2018-11-19	317.22	363.42	363.74	247.94	116469
BCH_USD	2018-11-18	362.92	289.84	367.79	287.59	105207
BCH_USD	2018-11-17	289.83	304.96	304.96	270.36	75577
BCH_USD	2018-11-16	304.96	387.77	404.87	303.20	90292
BCH_USD	2018-11-15	387.77	449.30	458.27	385.69	980129
BCH_USD	2018-11-14	448.85	518.48	533.18	422.94	1117118
BCH_USD	2018-11-13	518.00	519.68	551.22	508.59	726557
BCH_USD	2018-11-12	519.68	535.94	541.92	504.39	729648
BCH_USD	2018-11-11	535.93	558.48	558.48	518.49	486225
BCH_USD	2018-11-10	558.48	546.24	567.53	535.44	435334
BCH_USD	2018-11-09	546.23	578.05	602.52	531.16	646037
BCH_USD	2018-11-08	578.05	620.61	624.32	575.43	559542
BCH_USD	2018-11-07	620.61	632.86	644.44	610.52	620911
BCH_USD	2018-11-06	632.93	563.28	634.87	555.77	647612
BCH_USD	2018-11-05	563.28	570.58	582.72	541.60	641043
BCH_USD	2018-11-04	570.51	480.88	591.52	480.71	1002580
BCH_USD	2018-11-03	480.73	465.44	487.15	459.05	306372
BCH_USD	2018-11-02	465.44	427.42	475.50	426.63	349730
BCH_USD	2018-11-01	427.42	427.13	429.00	424.37	140711
BCH_USD	2018-10-31	427.13	423.66	432.07	410.25	186998
BCH_USD	2018-10-30	423.64	418.27	425.08	417.48	139757
BCH_USD	2018-10-29	418.26	442.29	442.65	414.56	198833
BCH_USD	2018-10-28	442.28	439.76	443.00	438.74	120865
BCH_USD	2018-10-27	439.76	443.55	443.99	438.53	130944
BCH_USD	2018-10-26	443.55	445.15	449.76	441.27	159348
BCH_USD	2018-10-25	445.16	447.57	449.92	443.71	123213
BCH_USD	2018-10-24	447.63	448.22	455.66	446.89	135624
BCH_USD	2018-10-23	448.34	455.79	457.42	443.71	151316
BCH_USD	2018-10-22	455.79	455.24	459.97	449.21	161119
BCH_USD	2018-10-21	455.24	455.04	464.93	454.16	187842
BCH_USD	2018-10-20	455.08	446.24	458.03	442.14	160181
BCH_USD	2018-10-19	446.24	445.60	451.18	439.04	196266
BCH_USD	2018-10-18	445.42	459.57	468.37	438.58	237849
BCH_USD	2018-10-17	459.57	468.16	470.09	456.45	191468
BCH_USD	2018-10-16	467.95	468.56	480.23	461.04	175098
BCH_USD	2018-10-15	468.27	443.19	514.79	436.67	538338
BCH_USD	2018-10-14	443.19	453.41	465.23	440.69	166255
BCH_USD	2018-10-13	453.41	444.77	458.75	443.99	129577
BCH_USD	2018-10-12	444.74	432.78	460.87	431.73	162241
BCH_USD	2018-10-11	432.88	516.06	516.06	429.21	346619
BCH_USD	2018-10-10	515.95	520.37	526.02	510.79	158556
BCH_USD	2018-10-09	520.37	531.57	536.36	517.02	152250
BCH_USD	2018-10-08	531.57	520.94	534.90	519.98	169709
BCH_USD	2018-10-07	520.94	510.60	524.33	508.24	163803
BCH_USD	2018-10-06	510.60	521.46	522.51	504.20	153985
BCH_USD	2018-10-05	521.44	514.74	527.52	512.78	156049
BCH_USD	2018-10-04	514.86	516.72	535.19	509.01	199331
BCH_USD	2018-10-03	516.72	532.28	536.34	510.82	311498
BCH_USD	2018-10-02	532.27	533.62	556.60	525.75	269214
BCH_USD	2018-10-01	533.66	531.26	545.74	520.99	212464
BCH_USD	2018-09-30	531.26	538.45	552.31	517.78	251319
BCH_USD	2018-09-29	538.44	539.78	558.07	514.53	333869
BCH_USD	2018-09-28	540.07	566.32	577.11	531.64	381131
BCH_USD	2018-09-27	566.30	513.82	588.63	513.82	675291
BCH_USD	2018-09-26	513.81	446.26	549.27	438.26	552451
BCH_USD	2018-09-25	446.30	462.63	465.59	424.74	256844
BCH_USD	2018-09-24	462.63	489.93	497.31	457.06	243610
BCH_USD	2018-09-23	490.18	484.92	513.39	480.66	223828
BCH_USD	2018-09-22	484.95	502.50	511.58	470.58	215098
BCH_USD	2018-09-21	502.46	456.21	510.26	453.84	383604
BCH_USD	2018-09-20	456.22	429.58	465.87	424.02	232984
BCH_USD	2018-09-19	429.57	433.55	444.95	409.14	233681
BCH_USD	2018-09-18	433.55	418.13	449.15	412.41	214415
BCH_USD	2018-09-17	417.37	450.25	462.11	409.32	246470
BCH_USD	2018-09-16	450.24	449.02	451.33	426.92	156784
BCH_USD	2018-09-15	449.54	447.66	462.20	444.14	162629
BCH_USD	2018-09-14	447.77	463.58	478.70	440.80	194909
BCH_USD	2018-09-13	463.61	432.46	475.34	431.53	237971
BCH_USD	2018-09-12	432.46	439.71	444.21	411.04	212999
BCH_USD	2018-09-11	439.98	466.46	482.46	427.06	223753
BCH_USD	2018-09-10	466.46	479.26	493.84	460.23	157878
BCH_USD	2018-09-09	479.23	473.96	494.34	468.26	161774
BCH_USD	2018-09-08	473.96	497.42	511.71	463.82	186852
BCH_USD	2018-09-07	497.27	519.67	528.53	491.65	177390
BCH_USD	2018-09-06	519.67	526.23	528.32	488.52	269404
BCH_USD	2018-09-05	526.53	626.35	635.79	523.72	283418
BCH_USD	2018-09-04	626.35	628.36	649.22	622.96	186611
BCH_USD	2018-09-03	628.36	650.90	657.78	623.37	178736
BCH_USD	2018-09-02	650.47	618.47	661.13	604.53	270165
BCH_USD	2018-09-01	618.23	542.39	634.20	542.20	239186
BCH_USD	2018-08-31	542.40	538.34	549.64	534.80	111127
BCH_USD	2018-08-30	538.34	555.06	557.37	526.28	126135
BCH_USD	2018-08-29	555.06	565.40	569.16	545.45	124507
BCH_USD	2018-08-28	565.41	548.93	573.56	541.61	132804
BCH_USD	2018-08-27	548.93	523.92	553.70	520.08	119997
BCH_USD	2018-08-26	523.92	536.19	536.33	515.26	86172
BCH_USD	2018-08-25	536.19	533.07	547.98	528.63	122131
BCH_USD	2018-08-24	533.07	530.47	538.20	520.70	179519
BCH_USD	2018-08-23	530.46	518.95	533.65	513.55	138834
BCH_USD	2018-08-22	518.94	536.68	574.40	509.56	191800
BCH_USD	2018-08-21	536.68	513.28	543.15	510.89	142407
BCH_USD	2018-08-20	513.27	570.61	579.64	509.89	229050
BCH_USD	2018-08-19	570.60	554.15	582.46	543.51	217569
BCH_USD	2018-08-18	554.16	604.10	610.81	535.86	253435
BCH_USD	2018-08-17	604.06	516.31	604.06	516.25	263557
BCH_USD	2018-08-16	516.31	511.57	537.30	504.28	250858
BCH_USD	2018-08-15	511.26	510.12	539.49	503.52	252712
BCH_USD	2018-08-14	510.12	531.25	531.29	474.37	262468
BCH_USD	2018-08-13	531.27	570.74	591.67	523.46	242489
BCH_USD	2018-08-12	570.75	562.57	583.63	558.83	197441
BCH_USD	2018-08-11	562.57	570.55	582.34	539.08	217923
BCH_USD	2018-08-10	570.49	608.51	611.57	560.24	231181
BCH_USD	2018-08-09	608.51	588.83	620.43	577.47	210547
BCH_USD	2018-08-08	587.86	657.22	657.95	565.92	311349
BCH_USD	2018-08-07	657.31	691.57	712.51	648.94	201010
BCH_USD	2018-08-06	691.57	709.19	719.74	682.29	163609
BCH_USD	2018-08-05	709.14	695.76	715.64	689.99	150322
BCH_USD	2018-08-04	695.76	724.76	738.43	690.45	155425
BCH_USD	2018-08-03	724.76	730.88	731.59	701.85	179411
BCH_USD	2018-08-02	730.88	768.53	772.82	723.98	190282
BCH_USD	2018-08-01	768.66	775.64	778.11	736.22	264789
BCH_USD	2018-07-31	775.48	814.88	815.74	759.79	216019
BCH_USD	2018-07-30	815.32	830.35	831.93	785.07	230749
BCH_USD	2018-07-29	830.37	824.60	840.27	813.44	177753
BCH_USD	2018-07-28	824.64	820.64	828.41	801.44	158798
BCH_USD	2018-07-27	820.64	804.41	830.56	781.94	180553
BCH_USD	2018-07-26	804.44	832.10	862.01	791.54	186545
BCH_USD	2018-07-25	831.71	868.37	878.44	820.35	202873
BCH_USD	2018-07-24	868.37	785.49	878.65	775.51	314808
BCH_USD	2018-07-23	785.46	788.44	833.53	783.48	196767
BCH_USD	2018-07-22	788.61	789.38	823.00	781.73	145607
BCH_USD	2018-07-21	789.34	766.87	801.20	744.24	150252
BCH_USD	2018-07-20	766.87	825.69	825.99	763.59	184596
BCH_USD	2018-07-19	825.68	826.85	845.99	807.47	195363
BCH_USD	2018-07-18	826.57	854.70	888.84	807.73	211740
BCH_USD	2018-07-17	854.70	803.59	875.27	783.05	291851
BCH_USD	2018-07-16	803.59	724.06	810.34	718.88	271846
BCH_USD	2018-07-15	724.11	697.56	733.68	697.40	164091
BCH_USD	2018-07-14	697.60	695.56	710.58	690.16	101016
BCH_USD	2018-07-13	695.49	685.36	713.73	685.36	121717
BCH_USD	2018-07-12	685.35	706.67	708.64	663.52	238595
BCH_USD	2018-07-11	706.67	687.65	709.94	685.74	200661
BCH_USD	2018-07-10	687.46	731.00	741.53	686.35	135143
BCH_USD	2018-07-09	730.70	750.29	762.38	729.26	101066
BCH_USD	2018-07-08	750.29	773.51	785.02	742.98	99745
BCH_USD	2018-07-07	773.52	734.89	775.50	711.60	88647
BCH_USD	2018-07-06	734.89	742.86	744.53	700.64	116023
BCH_USD	2018-07-05	742.86	764.15	786.14	717.33	168028
BCH_USD	2018-07-04	764.29	755.95	810.81	740.94	144102
BCH_USD	2018-07-03	755.78	781.37	831.35	752.34	180520
BCH_USD	2018-07-02	781.27	738.68	797.34	727.62	143858
BCH_USD	2018-07-01	738.68	749.05	756.07	717.56	92632
BCH_USD	2018-06-30	748.95	716.71	785.34	716.48	160355
BCH_USD	2018-06-29	717.29	660.06	737.77	652.98	153550
BCH_USD	2018-06-28	660.34	714.54	723.50	650.84	117902
BCH_USD	2018-06-27	714.54	697.97	722.83	691.24	116650
BCH_USD	2018-06-26	697.97	754.78	761.04	695.85	104003
BCH_USD	2018-06-25	754.78	747.40	781.42	736.25	142828
BCH_USD	2018-06-24	747.39	763.82	771.92	667.97	246859
BCH_USD	2018-06-23	763.82	753.85	778.70	735.60	110212
BCH_USD	2018-06-22	753.91	872.47	902.81	727.71	265957
BCH_USD	2018-06-21	872.95	888.91	905.16	860.05	92388
BCH_USD	2018-06-20	888.91	907.58	908.08	856.99	126097
BCH_USD	2018-06-19	907.56	883.60	928.84	869.93	114991
BCH_USD	2018-06-18	883.55	847.62	893.09	824.98	115869
BCH_USD	2018-06-17	847.51	851.17	863.93	844.86	77228
BCH_USD	2018-06-16	851.15	844.35	861.24	831.36	78599
BCH_USD	2018-06-15	844.35	895.58	898.48	838.75	114288
BCH_USD	2018-06-14	895.59	838.99	906.43	824.75	185903
BCH_USD	2018-06-13	838.93	870.57	888.34	802.86	215225
BCH_USD	2018-06-12	870.57	954.29	961.18	852.57	204829
BCH_USD	2018-06-11	954.26	936.42	975.81	898.23	233450
BCH_USD	2018-06-10	936.29	1,087.74	1,087.79	897.83	298566
BCH_USD	2018-06-09	1,087.72	1,115.58	1,138.74	1,082.61	121056
BCH_USD	2018-06-08	1,115.59	1,144.43	1,150.39	1,086.87	145338
BCH_USD	2018-06-07	1,144.42	1,129.84	1,169.02	1,129.35	165777
BCH_USD	2018-06-06	1,129.84	1,151.02	1,158.39	1,098.48	200751
BCH_USD	2018-06-05	1,151.06	1,098.62	1,159.58	1,049.44	229036
BCH_USD	2018-06-04	1,098.62	1,169.35	1,210.89	1,076.19	277686
BCH_USD	2018-06-03	1,169.39	1,084.42	1,194.35	1,072.53	238733
BCH_USD	2018-06-02	1,084.42	1,003.28	1,099.67	994.59	188424
BCH_USD	2018-06-01	1,003.29	996.97	1,012.15	978.26	155117
BCH_USD	2018-05-31	996.98	984.40	1,033.23	973.01	199574
BCH_USD	2018-05-30	984.36	987.41	1,028.80	951.54	190065
BCH_USD	2018-05-29	986.62	883.60	1,006.49	871.02	236480
BCH_USD	2018-05-28	883.31	997.62	1,007.94	873.65	175429
BCH_USD	2018-05-27	997.62	1,008.55	1,010.35	978.95	132612
BCH_USD	2018-05-26	1,008.50	1,014.07	1,045.55	996.67	116610
BCH_USD	2018-05-25	1,014.07	1,073.92	1,073.92	988.22	164156
BCH_USD	2018-05-24	1,073.29	995.00	1,081.00	947.01	214400
BCH_USD	2018-05-23	995.49	1,136.52	1,153.21	969.99	265565
BCH_USD	2018-05-22	1,136.52	1,229.44	1,230.97	1,123.80	120831
BCH_USD	2018-05-21	1,229.38	1,288.64	1,297.37	1,220.29	95330
BCH_USD	2018-05-20	1,288.70	1,177.51	1,305.47	1,166.02	148522
BCH_USD	2018-05-19	1,177.51	1,203.34	1,212.40	1,150.99	107906
BCH_USD	2018-05-18	1,203.42	1,198.58	1,219.78	1,132.32	204817
BCH_USD	2018-05-17	1,199.29	1,279.81	1,342.17	1,171.66	182320
BCH_USD	2018-05-16	1,280.00	1,337.45	1,356.18	1,221.53	193305
BCH_USD	2018-05-15	1,336.79	1,412.56	1,451.97	1,311.86	184902
BCH_USD	2018-05-14	1,412.51	1,478.73	1,495.23	1,328.78	245477
BCH_USD	2018-05-13	1,479.23	1,461.14	1,498.02	1,403.10	172313
BCH_USD	2018-05-12	1,456.08	1,366.36	1,502.30	1,267.21	291848
BCH_USD	2018-05-11	1,363.57	1,520.27	1,556.81	1,316.54	329770
BCH_USD	2018-05-10	1,520.10	1,628.12	1,666.57	1,510.72	172397
BCH_USD	2018-05-09	1,628.09	1,600.32	1,675.18	1,465.63	196878
BCH_USD	2018-05-08	1,601.36	1,649.83	1,655.30	1,555.34	170062
BCH_USD	2018-05-07	1,653.55	1,758.30	1,778.80	1,567.45	220009
BCH_USD	2018-05-06	1,760.31	1,761.37	1,843.84	1,641.50	275814
BCH_USD	2018-05-05	1,756.71	1,515.91	1,756.71	1,511.78	258645
BCH_USD	2018-05-04	1,516.23	1,509.97	1,540.50	1,462.55	146811
BCH_USD	2018-05-03	1,510.03	1,458.87	1,540.71	1,449.44	209927
BCH_USD	2018-05-02	1,458.87	1,353.95	1,488.91	1,325.14	191379
BCH_USD	2018-05-01	1,354.78	1,348.33	1,360.19	1,247.45	138563
BCH_USD	2018-04-30	1,347.29	1,440.93	1,446.25	1,333.43	107946
BCH_USD	2018-04-29	1,440.76	1,391.44	1,484.29	1,372.03	167729
BCH_USD	2018-04-28	1,391.48	1,333.69	1,416.04	1,323.15	131641
BCH_USD	2018-04-27	1,333.68	1,421.93	1,424.02	1,329.85	184679
BCH_USD	2018-04-26	1,422.75	1,289.95	1,424.21	1,244.41	268399
BCH_USD	2018-04-25	1,290.32	1,406.36	1,435.56	1,228.75	504594
BCH_USD	2018-04-24	1,406.39	1,439.40	1,568.08	1,393.68	434685
BCH_USD	2018-04-23	1,438.83	1,194.88	1,454.37	1,191.96	397124
BCH_USD	2018-04-22	1,195.00	1,155.07	1,258.18	1,111.72	239783
BCH_USD	2018-04-21	1,155.17	1,125.91	1,187.07	1,016.69	283146
BCH_USD	2018-04-20	1,125.55	966.67	1,148.47	942.43	264257
BCH_USD	2018-04-19	966.84	895.72	983.08	879.05	197164
BCH_USD	2018-04-18	895.52	759.01	901.53	758.13	197922
BCH_USD	2018-04-17	758.74	769.22	788.11	753.86	97368
BCH_USD	2018-04-16	769.22	780.48	799.41	743.43	110724
BCH_USD	2018-04-15	780.49	737.36	787.25	737.24	90732
BCH_USD	2018-04-14	737.38	740.60	760.63	718.87	87492
BCH_USD	2018-04-13	740.39	737.12	786.03	722.28	143278
BCH_USD	2018-04-12	737.20	669.52	740.08	658.15	173416
BCH_USD	2018-04-11	669.21	651.10	670.12	648.95	85056
BCH_USD	2018-04-10	651.09	638.18	658.99	627.13	70765
BCH_USD	2018-04-09	638.43	655.84	683.19	627.55	88079
BCH_USD	2018-04-08	655.86	642.17	664.38	641.63	48341
BCH_USD	2018-04-07	642.01	610.95	656.10	610.51	54521
BCH_USD	2018-04-06	611.25	642.74	647.57	603.82	74500
BCH_USD	2018-04-05	642.72	650.64	657.98	620.03	80359
BCH_USD	2018-04-04	650.24	709.39	709.90	638.08	102041
BCH_USD	2018-04-03	709.40	663.71	723.76	659.64	95959
BCH_USD	2018-04-02	663.58	644.91	686.94	639.64	90020
BCH_USD	2018-04-01	644.91	685.09	699.56	626.86	124687
BCH_USD	2018-03-31	685.23	697.35	736.86	682.24	109442
BCH_USD	2018-03-30	697.43	711.35	772.92	675.37	186471
BCH_USD	2018-03-29	711.53	861.37	869.36	697.93	201242
BCH_USD	2018-03-28	861.35	876.15	898.04	850.83	84558
BCH_USD	2018-03-27	876.65	912.94	927.96	873.37	79454
BCH_USD	2018-03-26	913.11	972.75	977.44	884.37	87795
BCH_USD	2018-03-25	972.82	974.37	991.15	966.31	56964
BCH_USD	2018-03-24	974.40	1,028.88	1,035.32	973.05	69549
BCH_USD	2018-03-23	1,028.86	1,014.88	1,028.86	963.13	81469
BCH_USD	2018-03-22	1,014.88	1,030.31	1,064.03	986.94	83256
BCH_USD	2018-03-21	1,030.31	1,062.67	1,084.49	1,009.01	92991
BCH_USD	2018-03-20	1,062.53	994.27	1,072.74	951.50	126817
BCH_USD	2018-03-19	994.06	933.78	999.51	910.16	113424
BCH_USD	2018-03-18	933.78	947.83	947.83	847.49	127480
BCH_USD	2018-03-17	947.85	973.38	1,029.66	928.53	103636
BCH_USD	2018-03-16	973.86	940.77	1,060.71	898.78	130732
BCH_USD	2018-03-15	940.94	947.83	955.06	874.46	87525
BCH_USD	2018-03-14	947.83	1,053.72	1,070.61	917.00	101077
BCH_USD	2018-03-13	1,053.71	1,050.25	1,099.32	996.06	108306
BCH_USD	2018-03-12	1,050.42	1,139.35	1,150.32	1,013.22	86585
BCH_USD	2018-03-11	1,139.03	1,003.70	1,154.85	971.28	101816
BCH_USD	2018-03-10	1,003.87	1,064.57	1,086.79	992.08	69214
BCH_USD	2018-03-09	1,064.57	1,033.80	1,074.87	928.28	120924
BCH_USD	2018-03-08	1,034.00	1,094.02	1,114.68	1,001.15	91131
BCH_USD	2018-03-07	1,091.50	1,203.50	1,218.46	1,038.64	96912
BCH_USD	2018-03-06	1,203.52	1,264.10	1,264.10	1,174.28	62181
BCH_USD	2018-03-05	1,265.00	1,284.24	1,288.20	1,265.00	45908
BCH_USD	2018-03-04	1,284.58	1,268.34	1,287.91	1,224.13	49206
BCH_USD	2018-03-03	1,268.36	1,272.60	1,295.14	1,256.82	49393
BCH_USD	2018-03-02	1,272.28	1,284.55	1,301.94	1,252.85	58132
BCH_USD	2018-03-01	1,284.16	1,200.38	1,300.70	1,190.28	76900
BCH_USD	2018-02-28	1,200.36	1,234.15	1,273.97	1,199.16	58357
BCH_USD	2018-02-27	1,234.56	1,244.34	1,293.64	1,220.88	60577
BCH_USD	2018-02-26	1,244.24	1,173.18	1,268.40	1,143.24	69759
BCH_USD	2018-02-25	1,173.04	1,182.36	1,202.93	1,137.93	49449
BCH_USD	2018-02-24	1,182.46	1,256.19	1,299.42	1,137.28	69420
BCH_USD	2018-02-23	1,256.87	1,208.34	1,312.58	1,149.52	89723
BCH_USD	2018-02-22	1,208.39	1,287.11	1,341.28	1,177.48	88669
BCH_USD	2018-02-21	1,287.39	1,395.00	1,407.37	1,268.80	114482
BCH_USD	2018-02-20	1,394.40	1,520.33	1,553.06	1,386.43	92025
BCH_USD	2018-02-19	1,520.29	1,453.38	1,543.12	1,452.40	59327
BCH_USD	2018-02-18	1,452.78	1,541.07	1,631.95	1,396.20	118956
BCH_USD	2018-02-17	1,540.88	1,530.02	1,552.86	1,502.32	71104
BCH_USD	2018-02-16	1,530.26	1,358.61	1,545.17	1,355.32	144712
BCH_USD	2018-02-15	1,358.54	1,352.98	1,391.15	1,307.23	93689
BCH_USD	2018-02-14	1,354.32	1,224.95	1,376.18	1,224.55	98230
BCH_USD	2018-02-13	1,224.71	1,282.56	1,285.96	1,204.43	59050
BCH_USD	2018-02-12	1,282.60	1,213.13	1,294.69	1,212.33	54481
BCH_USD	2018-02-11	1,213.09	1,241.76	1,298.52	1,190.50	85318
BCH_USD	2018-02-10	1,241.77	1,300.57	1,381.73	1,199.80	104959
BCH_USD	2018-02-09	1,300.63	1,269.98	1,338.34	1,184.49	120763
BCH_USD	2018-02-08	1,268.44	954.99	1,338.04	952.32	235427
BCH_USD	2018-02-07	954.67	965.94	1,033.36	896.52	126676
BCH_USD	2018-02-06	966.26	884.13	976.07	762.32	230288
BCH_USD	2018-02-05	884.05	1,160.97	1,177.41	829.95	152801
BCH_USD	2018-02-04	1,160.02	1,275.67	1,293.59	1,099.85	78789
BCH_USD	2018-02-03	1,275.42	1,195.05	1,318.13	1,073.40	74151
BCH_USD	2018-02-02	1,194.58	1,273.83	1,277.56	979.03	168455
BCH_USD	2018-02-01	1,276.07	1,492.10	1,505.21	1,214.97	114747
BCH_USD	2018-01-31	1,492.09	1,472.17	1,522.96	1,405.53	72829
BCH_USD	2018-01-30	1,472.19	1,657.30	1,658.37	1,461.00	75664
BCH_USD	2018-01-29	1,657.53	1,749.08	1,761.81	1,638.64	47321
BCH_USD	2018-01-28	1,749.09	1,636.39	1,762.65	1,636.39	81251
BCH_USD	2018-01-27	1,636.39	1,600.09	1,667.18	1,566.08	47949
BCH_USD	2018-01-26	1,600.09	1,639.46	1,678.58	1,494.03	75094
BCH_USD	2018-01-25	1,627.30	1,651.70	1,700.00	1,600.10	51704
BCH_USD	2018-01-24	1,654.00	1,611.10	1,680.00	1,552.60	71764
BCH_USD	2018-01-23	1,613.70	1,604.70	1,693.90	1,480.10	109152
BCH_USD	2018-01-22	1,604.70	1,769.50	1,806.60	1,504.40	124144
BCH_USD	2018-01-21	1,769.00	2,013.70	2,019.70	1,700.00	123768
BCH_USD	2018-01-20	2,010.10	1,748.60	2,109.90	1,742.10	141700
BCH_USD	2018-01-19	1,749.00	1,685.10	1,847.60	1,668.90	91088
BCH_USD	2018-01-18	1,685.80	1,739.70	1,873.50	1,656.00	140952
BCH_USD	2018-01-17	1,739.70	1,712.90	1,852.00	1,345.60	299700
BCH_USD	2018-01-16	1,724.20	2,383.70	2,400.10	1,512.10	459312
BCH_USD	2018-01-15	2,383.70	2,518.60	2,554.00	2,333.20	109224
BCH_USD	2018-01-14	2,520.20	2,660.50	2,726.90	2,413.00	99776
BCH_USD	2018-01-13	2,660.50	2,586.40	2,879.60	2,549.90	156364
BCH_USD	2018-01-12	2,586.40	2,433.50	2,624.20	2,362.00	128340
BCH_USD	2018-01-11	2,433.10	2,851.00	2,958.50	2,328.80	310456
BCH_USD	2018-01-10	2,851.00	2,370.30	2,934.40	2,270.00	350548
BCH_USD	2018-01-09	2,370.80	2,400.00	2,486.60	2,309.90	117892
BCH_USD	2018-01-08	2,400.00	2,526.20	2,575.10	2,193.80	176296
BCH_USD	2018-01-07	2,526.40	2,529.40	2,758.90	2,480.00	166788
BCH_USD	2018-01-06	2,529.40	2,382.20	2,648.50	2,315.10	151972
BCH_USD	2018-01-05	2,382.20	2,349.70	2,530.90	2,289.50	168960
BCH_USD	2018-01-04	2,349.70	2,557.70	2,563.50	2,294.80	156652
BCH_USD	2018-01-03	2,557.70	2,552.30	2,775.00	2,501.00	111496
BCH_USD	2018-01-02	2,552.30	2,306.10	2,745.50	2,291.90	153984
BCH_USD	2018-01-01	2,306.10	2,359.30	2,412.60	2,241.30	58836
BCH_USD	2017-12-31	2,359.30	2,178.30	2,484.20	2,130.10	109484
BCH_USD	2017-12-30	2,178.30	2,612.50	2,626.00	2,050.00	181932
BCH_USD	2017-12-29	2,612.50	2,477.80	2,888.00	2,282.00	211224
BCH_USD	2017-12-28	2,477.80	2,706.20	2,727.80	2,250.10	152476
BCH_USD	2017-12-27	2,706.20	2,915.00	2,919.90	2,562.00	112048
BCH_USD	2017-12-26	2,915.00	2,709.40	2,924.00	2,684.00	130656
BCH_USD	2017-12-25	2,709.40	2,772.20	2,863.60	2,553.30	143872
BCH_USD	2017-12-24	2,772.20	2,898.00	2,911.40	2,326.80	391728
BCH_USD	2017-12-23	2,898.00	2,432.90	3,186.00	2,370.50	335856
BCH_USD	2017-12-22	2,432.90	3,067.50	3,165.70	1,567.00	830704
BCH_USD	2017-12-21	3,067.50	3,708.90	3,708.90	2,823.20	509320
BCH_USD	2017-12-20	3,708.90	2,669.50	4,104.30	2,663.00	1334844
BCH_USD	2017-12-19	2,669.50	2,149.10	2,849.00	2,065.60	792696
BCH_USD	2017-12-18	2,149.10	1,829.20	2,318.70	1,747.60	584804
BCH_USD	2017-12-17	1,829.20	1,774.80	1,910.00	1,766.70	152472
BCH_USD	2017-12-16	1,774.80	1,799.60	1,868.00	1,730.10	166240
BCH_USD	2017-12-15	1,799.60	1,936.70	1,944.90	1,623.30	304256
BCH_USD	2017-12-14	1,936.70	1,581.10	2,100.00	1,565.00	672812
BCH_USD	2017-12-13	1,581.10	1,581.80	1,695.30	1,447.60	332712
BCH_USD	2017-12-12	1,581.80	1,408.40	1,626.00	1,250.00	257096
BCH_USD	2017-12-11	1,408.40	1,288.30	1,435.50	1,255.20	162828
BCH_USD	2017-12-10	1,288.30	1,364.80	1,369.10	1,180.20	192440
BCH_USD	2017-12-09	1,364.80	1,385.00	1,475.60	1,300.10	197348
BCH_USD	2017-12-08	1,385.00	1,231.00	1,564.90	1,125.20	477044
BCH_USD	2017-12-07	1,229.00	1,345.50	1,375.00	1,206.00	322804
BCH_USD	2017-12-06	1,345.50	1,415.00	1,460.00	1,321.90	217468
BCH_USD	2017-12-05	1,415.00	1,540.00	1,583.20	1,395.30	180904
BCH_USD	2017-12-04	1,540.00	1,503.20	1,545.00	1,430.00	152868
BCH_USD	2017-12-03	1,503.20	1,388.90	1,625.00	1,377.00	219928
BCH_USD	2017-12-02	1,388.90	1,431.40	1,468.10	1,365.40	94272
BCH_USD	2017-12-01	1,431.40	1,312.70	1,461.60	1,240.80	219184
BCH_USD	2017-11-30	1,312.70	1,332.40	1,415.70	1,152.20	246288
BCH_USD	2017-11-29	1,332.40	1,480.00	1,632.50	1,101.00	283388
BCH_USD	2017-11-28	1,480.00	1,585.20	1,598.60	1,460.90	212180
BCH_USD	2017-11-27	1,585.20	1,547.90	1,725.60	1,541.00	223716
BCH_USD	2017-11-26	1,547.90	1,549.40	1,549.40	1,547.90	24
BCH_USD	2017-11-25	1,549.40	1,619.00	1,637.00	1,515.00	228696
BCH_USD	2017-11-24	1,619.00	1,663.40	1,777.00	1,530.00	326416
BCH_USD	2017-11-23	1,663.40	1,299.40	1,671.00	1,290.70	365544
BCH_USD	2017-11-22	1,299.40	1,171.30	1,349.50	1,160.00	202624
BCH_USD	2017-11-21	1,171.30	1,248.80	1,249.40	1,140.10	150544
BCH_USD	2017-11-20	1,248.80	1,174.60	1,256.00	1,164.40	140088
BCH_USD	2017-11-19	1,174.60	1,248.00	1,263.90	1,125.20	177452
BCH_USD	2017-11-18	1,248.00	1,179.20	1,373.00	1,176.70	299832
BCH_USD	2017-11-17	1,172.00	907.41	1,203.30	855.71	395020
BCH_USD	2017-11-16	907.41	1,186.30	1,195.70	871.00	401704
BCH_USD	2017-11-15	1,186.30	1,252.30	1,320.00	1,160.40	249156
BCH_USD	2017-11-14	1,252.30	1,352.10	1,379.00	1,176.60	290476
BCH_USD	2017-11-13	1,352.10	1,372.20	1,540.00	1,011.00	495264
BCH_USD	2017-11-12	1,372.20	1,322.10	2,799.00	1,180.00	642304
BCH_USD	2017-11-11	1,322.10	993.89	1,414.90	890.00	621920
BCH_USD	2017-11-10	993.89	650.00	1,030.10	648.10	1838780
BCH_USD	2017-11-09	650.00	618.89	677.00	611.42	427936
BCH_USD	2017-11-08	618.89	603.58	644.93	521.21	643656
BCH_USD	2017-11-07	603.58	587.86	617.65	583.63	216512
BCH_USD	2017-11-06	587.86	626.20	658.56	586.02	479760
BCH_USD	2017-11-05	626.20	614.00	637.80	570.00	424056
BCH_USD	2017-11-04	614.00	626.37	645.00	563.11	666704
BCH_USD	2017-11-03	626.37	573.00	688.33	558.10	1001436
BCH_USD	2017-11-02	573.00	532.00	594.50	490.00	924776
BCH_USD	2017-11-01	532.00	435.21	548.60	434.17	702304
BCH_USD	2017-10-31	435.21	444.11	459.26	425.50	226376
BCH_USD	2017-10-30	444.11	452.21	484.00	415.00	532968
BCH_USD	2017-10-29	452.21	416.99	522.95	400.01	1290488
BCH_USD	2017-10-28	416.99	364.20	421.15	363.79	497580
BCH_USD	2017-10-27	364.20	335.98	373.50	335.47	351320
BCH_USD	2017-10-26	335.98	328.93	351.00	324.39	191124
BCH_USD	2017-10-25	328.93	322.32	331.81	314.03	77940
BCH_USD	2017-10-24	322.32	312.47	339.00	303.02	197236
BCH_USD	2017-10-23	312.47	325.13	330.35	297.11	167420
BCH_USD	2017-10-22	325.13	322.47	358.90	317.59	244676
BCH_USD	2017-10-21	322.47	325.00	334.00	312.00	62572
BCH_USD	2017-10-20	325.00	329.53	334.00	320.00	108176
BCH_USD	2017-10-19	329.53	338.60	339.99	323.51	132036
BCH_USD	2017-10-18	338.60	368.53	374.98	303.44	332820
BCH_USD	2017-10-17	368.53	314.24	397.70	307.50	681272
BCH_USD	2017-10-16	314.24	314.66	318.30	309.11	59996
BCH_USD	2017-10-15	314.66	322.10	323.81	306.17	68188
BCH_USD	2017-10-14	322.10	320.57	328.30	314.46	149080
BCH_USD	2017-10-13	320.57	310.00	324.99	286.11	291380
BCH_USD	2017-10-12	310.00	313.52	331.49	305.26	240948
BCH_USD	2017-10-11	313.52	317.29	320.82	304.13	165112
BCH_USD	2017-10-10	317.29	312.30	350.00	300.54	294336
BCH_USD	2017-10-09	312.30	343.67	343.99	280.10	326152
BCH_USD	2017-10-08	343.67	360.00	365.00	334.04	155380
BCH_USD	2017-10-07	360.00	363.62	372.00	354.63	78376
BCH_USD	2017-10-06	363.62	354.49	374.98	352.42	125644
BCH_USD	2017-10-05	354.49	355.85	368.30	343.53	285932
BCH_USD	2017-10-04	355.85	401.01	404.04	350.69	323820
BCH_USD	2017-10-03	401.01	420.00	421.49	393.02	88700
BCH_USD	2017-10-02	420.00	417.80	432.45	409.98	174476
BCH_USD	2017-10-01	417.80	437.43	441.10	416.50	144268
BCH_USD	2017-09-30	437.43	441.67	455.89	433.40	139512
BCH_USD	2017-09-29	441.67	458.00	459.96	430.33	103608
BCH_USD	2017-09-28	458.00	463.00	484.90	439.18	167892
BCH_USD	2017-09-27	463.00	450.00	470.00	435.96	169928
BCH_USD	2017-09-26	450.00	451.30	466.21	448.99	71712
BCH_USD	2017-09-25	451.30	421.00	458.35	420.20	125272
BCH_USD	2017-09-24	421.00	429.92	435.99	415.00	81824
BCH_USD	2017-09-23	429.92	409.50	436.42	403.01	69096
BCH_USD	2017-09-22	409.50	415.80	435.39	392.25	142252
BCH_USD	2017-09-21	415.80	477.90	484.90	412.00	140492
BCH_USD	2017-09-20	477.90	531.49	531.49	472.70	211696
BCH_USD	2017-09-19	531.49	487.65	549.00	454.22	195668
BCH_USD	2017-09-18	487.65	438.34	494.70	438.34	148204
BCH_USD	2017-09-17	438.34	443.29	451.00	407.06	72784
BCH_USD	2017-09-16	443.29	429.77	470.77	409.71	181600
BCH_USD	2017-09-15	429.77	386.77	455.28	300.01	539900
BCH_USD	2017-09-14	386.77	505.96	517.42	385.50	234952
BCH_USD	2017-09-13	505.96	538.98	538.98	470.50	148492
BCH_USD	2017-09-12	538.98	555.00	578.43	528.80	63248
BCH_USD	2017-09-11	555.00	557.80	589.00	550.00	56976
BCH_USD	2017-09-10	557.80	586.99	587.24	523.30	98512
BCH_USD	2017-09-09	586.99	604.00	610.47	565.53	77300
BCH_USD	2017-09-08	604.00	665.94	698.25	571.31	218664
BCH_USD	2017-09-07	665.94	644.51	719.00	599.35	225708
BCH_USD	2017-09-06	644.51	545.00	657.70	532.08	211904
BCH_USD	2017-09-05	545.00	518.98	559.98	470.10	154412
BCH_USD	2017-09-04	518.98	610.71	612.43	497.14	176364
BCH_USD	2017-09-03	610.71	572.00	623.31	555.24	100024
BCH_USD	2017-09-02	572.00	628.01	646.53	561.60	139452
BCH_USD	2017-09-01	628.01	593.32	656.99	586.00	147256
BCH_USD	2017-08-31	593.32	579.61	609.93	567.00	102616
BCH_USD	2017-08-30	579.61	544.12	618.00	528.97	203256
BCH_USD	2017-08-29	544.12	590.70	597.51	523.06	187756
BCH_USD	2017-08-28	590.70	615.00	628.28	574.25	68924
BCH_USD	2017-08-27	615.00	622.00	653.04	581.23	148568
BCH_USD	2017-08-26	622.00	632.20	638.99	611.10	72564
BCH_USD	2017-08-25	632.20	618.80	664.00	614.39	115764
BCH_USD	2017-08-24	618.80	674.00	704.37	601.00	175608
BCH_USD	2017-08-23	674.00	686.12	711.77	651.00	141908
BCH_USD	2017-08-22	686.12	606.04	736.00	565.89	465908
BCH_USD	2017-08-21	606.04	716.40	749.90	558.16	531560
BCH_USD	2017-08-20	716.40	746.58	851.79	677.00	569660
BCH_USD	2017-08-19	746.58	686.28	972.00	602.02	1149716
BCH_USD	2017-08-18	686.28	444.00	774.98	437.10	1528904
BCH_USD	2017-08-17	444.00	299.99	451.62	291.10	417332
BCH_USD	2017-08-16	299.99	297.01	311.00	282.00	87788
BCH_USD	2017-08-15	297.01	299.30	307.35	290.00	88224
BCH_USD	2017-08-14	299.30	296.26	331.00	290.45	147900
BCH_USD	2017-08-13	296.26	315.09	318.99	292.14	128368
BCH_USD	2017-08-12	315.09	325.54	345.25	308.00	116076
BCH_USD	2017-08-11	325.54	273.11	351.47	270.01	331836
BCH_USD	2017-08-10	273.11	301.00	312.00	265.00	254200
BCH_USD	2017-08-09	301.00	342.23	348.00	287.00	285676
BCH_USD	2017-08-08	342.23	320.00	387.20	307.50	588836
BCH_USD	2017-08-07	320.00	217.75	370.00	215.00	934696
BCH_USD	2017-08-06	217.75	210.00	222.99	190.10	292112
BCH_USD	2017-08-05	210.00	220.61	277.45	194.66	330684
BCH_USD	2017-08-04	220.61	327.40	354.00	220.50	355744
BCH_USD	2017-08-03	327.40	399.00	435.00	302.10	187932
