BEAM_USD	2019-04-09	0.753029	0.792506	0.794737	0.743182	903557
BEAM_USD	2019-04-08	0.792506	0.824964	0.852066	0.770001	980339
BEAM_USD	2019-04-07	0.824964	0.842918	0.860130	0.794780	721677
BEAM_USD	2019-04-06	0.842918	0.876340	0.886192	0.834839	836343
BEAM_USD	2019-04-05	0.876340	0.888049	0.900000	0.851614	841850
BEAM_USD	2019-04-04	0.894354	0.888589	0.950116	0.850777	824486
BEAM_USD	2019-04-03	0.888589	0.931920	0.990000	0.885000	821947
BEAM_USD	2019-04-02	0.931920	0.843809	0.950000	0.785243	827279
BEAM_USD	2019-04-01	0.843809	0.875700	0.899777	0.820000	875546
BEAM_USD	2019-03-31	0.875700	0.827038	0.899777	0.820915	1037305
BEAM_USD	2019-03-30	0.827038	0.806544	0.853833	0.796763	1045289
BEAM_USD	2019-03-29	0.806544	0.776707	0.813000	0.773470	995702
BEAM_USD	2019-03-28	0.776707	0.795474	0.812777	0.760229	786349
BEAM_USD	2019-03-27	0.798442	0.776058	0.829115	0.773330	892504
BEAM_USD	2019-03-26	0.776058	0.860032	0.871408	0.760199	707342
