BGR_USD	2019-01-27	0.000123	0.000123	0.000123	0.000123	0
BGR_USD	2019-01-26	0.000123	0.000123	0.000123	0.000123	0
BGR_USD	2019-01-25	0.000123	0.000123	0.000123	0.000123	0
BGR_USD	2019-01-24	0.000123	0.000123	0.000123	0.000123	0
BGR_USD	2019-01-23	0.000123	0.000123	0.000123	0.000123	0
BGR_USD	2019-01-22	0.000123	0.000123	0.000123	0.000123	0
BGR_USD	2019-01-21	0.000123	0.000123	0.000123	0.000123	0
BGR_USD	2019-01-20	0.000123	0.000123	0.000123	0.000123	0
BGR_USD	2019-01-19	0.000123	0.000123	0.000123	0.000123	0
BGR_USD	2019-01-18	0.000123	0.000123	0.000123	0.000123	0
BGR_USD	2019-01-17	0.000123	0.000123	0.000123	0.000123	0
BGR_USD	2019-01-16	0.000123	0.000123	0.000123	0.000123	0
BGR_USD	2019-01-15	0.000123	0.000123	0.000123	0.000123	0
BGR_USD	2019-01-14	0.000123	0.000124	0.000124	0.000123	0
BGR_USD	2019-01-13	0.000124	0.000125	0.000126	0.000121	0
BGR_USD	2019-01-12	0.000125	0.000125	0.000127	0.000124	0
BGR_USD	2019-01-11	0.000125	0.000125	0.000127	0.000122	0
BGR_USD	2019-01-10	0.000125	0.000133	0.000134	0.000122	0
BGR_USD	2019-01-09	0.000133	0.000134	0.000135	0.000133	0
BGR_USD	2019-01-08	0.000134	0.000134	0.000135	0.000133	0
BGR_USD	2019-01-07	0.000134	0.000136	0.000137	0.000133	0
BGR_USD	2019-01-06	0.000136	0.000135	0.000140	0.000134	0
BGR_USD	2019-01-05	0.000135	0.000135	0.000137	0.000133	0
BGR_USD	2019-01-04	0.000135	0.000138	0.000138	0.000131	0
BGR_USD	2019-01-03	0.000138	0.000141	0.000141	0.000137	0
BGR_USD	2019-01-02	0.000141	0.000141	0.000142	0.000140	0
BGR_USD	2019-01-01	0.000141	0.000140	0.000142	0.000139	0
BGR_USD	2018-12-31	0.000139	0.000140	0.000142	0.000138	0
BGR_USD	2018-12-30	0.000140	0.000139	0.000142	0.000139	0
BGR_USD	2018-12-29	0.000139	0.000143	0.000144	0.000139	0
BGR_USD	2018-12-28	0.000143	0.000140	0.000144	0.000136	0
BGR_USD	2018-12-27	0.000140	0.000144	0.000145	0.000140	0
BGR_USD	2018-12-26	0.000144	0.000145	0.000148	0.000143	0
BGR_USD	2018-12-25	0.000145	0.000152	0.000152	0.000141	0
BGR_USD	2018-12-24	0.000152	0.000152	0.000158	0.000151	0
BGR_USD	2018-12-23	0.000152	0.000149	0.000154	0.000149	0
BGR_USD	2018-12-22	0.000149	0.000150	0.000151	0.000143	0
BGR_USD	2018-12-21	0.000150	0.000162	0.000165	0.000148	0
BGR_USD	2018-12-20	0.000162	0.000162	0.000166	0.000154	0
BGR_USD	2018-12-19	0.000162	0.000156	0.000172	0.000155	0
BGR_USD	2018-12-18	0.000156	0.000156	0.000164	0.000149	0
BGR_USD	2018-12-17	0.000156	0.000129	0.000179	0.000129	0
BGR_USD	2018-12-16	0.000129	0.000126	0.000132	0.000126	0
BGR_USD	2018-12-15	0.000126	0.000127	0.000127	0.000126	0
BGR_USD	2018-12-14	0.000127	0.000125	0.000127	0.000124	0
BGR_USD	2018-12-13	0.000125	0.000128	0.000128	0.000124	0
BGR_USD	2018-12-12	0.000128	0.000128	0.000130	0.000127	0
BGR_USD	2018-12-11	0.000129	0.000129	0.000129	0.000127	0
BGR_USD	2018-12-10	0.000129	0.000129	0.000130	0.000127	0
BGR_USD	2018-12-09	0.000129	0.000130	0.000132	0.000128	0
BGR_USD	2018-12-08	0.000130	0.000131	0.000132	0.000125	0
BGR_USD	2018-12-07	0.000131	0.000128	0.000134	0.000124	0
BGR_USD	2018-12-06	0.000128	0.000135	0.000137	0.000128	0
BGR_USD	2018-12-05	0.000135	0.000135	0.000139	0.000134	0
BGR_USD	2018-12-04	0.000135	0.000134	0.000137	0.000131	0
BGR_USD	2018-12-03	0.000134	0.000135	0.000135	0.000130	0
BGR_USD	2018-12-02	0.000135	0.000135	0.000137	0.000133	0
BGR_USD	2018-12-01	0.000135	0.000132	0.000136	0.000131	0
BGR_USD	2018-11-30	0.000132	0.000147	0.000148	0.000129	0
BGR_USD	2018-11-29	0.000147	0.000146	0.000149	0.000141	0
BGR_USD	2018-11-28	0.000146	0.000135	0.000150	0.000135	0
BGR_USD	2018-11-27	0.000135	0.000142	0.000142	0.000111	0
BGR_USD	2018-11-26	0.000142	0.000151	0.000153	0.000137	0
BGR_USD	2018-11-25	0.000151	0.000151	0.000153	0.000126	0
BGR_USD	2018-11-24	0.000151	0.000159	0.000163	0.000151	0
BGR_USD	2018-11-23	0.000159	0.000170	0.000172	0.000159	0
BGR_USD	2018-11-22	0.000170	0.000178	0.000179	0.000168	0
BGR_USD	2018-11-21	0.000178	0.000167	0.000186	0.000158	0
BGR_USD	2018-11-20	0.000167	0.000208	0.000211	0.000159	0
BGR_USD	2018-11-19	0.000209	0.000225	0.000233	0.000208	0
BGR_USD	2018-11-18	0.000225	0.000223	0.000228	0.000218	0
BGR_USD	2018-11-17	0.000223	0.000152	0.000236	0.000150	0
BGR_USD	2018-11-16	0.000152	0.000198	0.000198	0.000150	0
BGR_USD	2018-11-15	0.000198	0.000193	0.000203	0.000174	0
BGR_USD	2018-11-14	0.000193	0.000220	0.000247	0.000174	0
BGR_USD	2018-11-13	0.000220	0.000113	0.000226	0.000112	0
BGR_USD	2018-11-12	0.000113	0.000116	0.000117	0.000111	0
BGR_USD	2018-11-11	0.000116	0.000121	0.000122	0.000108	0
BGR_USD	2018-11-10	0.000121	0.000107	0.000123	0.000105	0
BGR_USD	2018-11-09	0.000107	0.000106	0.000118	0.000097	0
BGR_USD	2018-11-08	0.000106	0.000110	0.000112	0.000106	0
BGR_USD	2018-11-07	0.000110	0.000111	0.000112	0.000109	0
BGR_USD	2018-11-06	0.000111	0.000109	0.000114	0.000109	0
BGR_USD	2018-11-05	0.000109	0.000107	0.000111	0.000106	0
BGR_USD	2018-11-04	0.000107	0.000108	0.000108	0.000106	0
BGR_USD	2018-11-03	0.000108	0.000129	0.000129	0.000108	0
BGR_USD	2018-11-02	0.000129	0.000144	0.000145	0.000108	0
BGR_USD	2018-11-01	0.000144	0.000133	0.000147	0.000132	0
BGR_USD	2018-10-31	0.000133	0.000136	0.000137	0.000127	0
BGR_USD	2018-10-30	0.000136	0.000135	0.000138	0.000135	0
BGR_USD	2018-10-29	0.000135	0.000140	0.000141	0.000134	0
BGR_USD	2018-10-28	0.000139	0.000146	0.000146	0.000139	0
BGR_USD	2018-10-27	0.000146	0.000142	0.000151	0.000141	0
BGR_USD	2018-10-26	0.000142	0.000131	0.000142	0.000126	0
BGR_USD	2018-10-25	0.000131	0.000138	0.000138	0.000129	0
BGR_USD	2018-10-24	0.000138	0.000139	0.000145	0.000114	0
BGR_USD	2018-10-23	0.000139	0.000137	0.000147	0.000107	0
BGR_USD	2018-10-22	0.000137	0.000113	0.000137	0.000061	0
BGR_USD	2018-10-21	0.000113	0.000114	0.000115	0.000113	0
BGR_USD	2018-10-20	0.000114	0.000096	0.000115	0.000096	0
BGR_USD	2018-10-19	0.000096	0.000094	0.000099	0.000092	0
BGR_USD	2018-10-18	0.000094	0.000100	0.000164	0.000092	0
BGR_USD	2018-10-17	0.000100	0.000108	0.000186	0.000097	0
BGR_USD	2018-10-16	0.000108	0.000102	0.000111	0.000093	0
BGR_USD	2018-10-15	0.000102	0.000100	0.000119	0.000100	0
BGR_USD	2018-10-14	0.000100	0.000100	0.000114	0.000100	0
BGR_USD	2018-10-13	0.000100	0.000101	0.000114	0.000099	0
BGR_USD	2018-10-12	0.000101	0.000108	0.000133	0.000095	0
BGR_USD	2018-10-11	0.000108	0.000211	0.000211	0.000107	0
BGR_USD	2018-10-10	0.000211	0.000210	0.000211	0.000208	0
BGR_USD	2018-10-09	0.000210	0.000209	0.000211	0.000208	0
BGR_USD	2018-10-08	0.000209	0.000209	0.000211	0.000207	0
BGR_USD	2018-10-07	0.000209	0.000207	0.000209	0.000207	0
BGR_USD	2018-10-06	0.000207	0.000211	0.000212	0.000203	0
BGR_USD	2018-10-05	0.000211	0.000210	0.000213	0.000208	0
BGR_USD	2018-10-04	0.000210	0.000213	0.000215	0.000208	0
BGR_USD	2018-10-03	0.000213	0.000216	0.000217	0.000210	0
BGR_USD	2018-10-02	0.000216	0.000221	0.000222	0.000216	0
BGR_USD	2018-10-01	0.000221	0.000237	0.000243	0.000219	0
BGR_USD	2018-09-30	0.000237	0.000242	0.000242	0.000234	0
BGR_USD	2018-09-29	0.000242	0.000247	0.000248	0.000241	0
BGR_USD	2018-09-28	0.000247	0.000248	0.000252	0.000244	0
BGR_USD	2018-09-27	0.000248	0.000242	0.000252	0.000242	0
BGR_USD	2018-09-26	0.000242	0.000241	0.000244	0.000240	0
BGR_USD	2018-09-25	0.000241	0.000239	0.000246	0.000214	0
BGR_USD	2018-09-24	0.000239	0.000252	0.000260	0.000239	0
BGR_USD	2018-09-23	0.000252	0.000210	0.000284	0.000209	0
BGR_USD	2018-09-22	0.000210	0.000207	0.000214	0.000206	0
BGR_USD	2018-09-21	0.000207	0.000176	0.000212	0.000172	0
BGR_USD	2018-09-20	0.000176	0.000182	0.000191	0.000173	0
BGR_USD	2018-09-19	0.000182	0.000186	0.000188	0.000166	0
BGR_USD	2018-09-18	0.000186	0.000196	0.000199	0.000178	0
BGR_USD	2018-09-17	0.000196	0.000206	0.000207	0.000193	0
BGR_USD	2018-09-16	0.000206	0.000195	0.000206	0.000193	0
BGR_USD	2018-09-15	0.000195	0.000194	0.000198	0.000193	0
BGR_USD	2018-09-14	0.000194	0.000206	0.000210	0.000188	0
BGR_USD	2018-09-13	0.000206	0.000203	0.000209	0.000201	0
BGR_USD	2018-09-12	0.000203	0.000330	0.000338	0.000201	0
BGR_USD	2018-09-11	0.000330	0.000369	0.000370	0.000317	0
BGR_USD	2018-09-10	0.000369	0.000329	0.000371	0.000329	0
BGR_USD	2018-09-09	0.000329	0.000320	0.000335	0.000320	0
BGR_USD	2018-09-08	0.000320	0.000354	0.000395	0.000308	0
BGR_USD	2018-09-07	0.000354	0.000322	0.000361	0.000320	0
BGR_USD	2018-09-06	0.000322	0.000263	0.000322	0.000247	0
BGR_USD	2018-09-05	0.000263	0.000302	0.000304	0.000256	0
BGR_USD	2018-09-04	0.000302	0.000285	0.000307	0.000268	0
BGR_USD	2018-09-03	0.000285	0.000270	0.000301	0.000268	0
BGR_USD	2018-09-02	0.000270	0.000412	0.000433	0.000241	0
BGR_USD	2018-09-01	0.000412	0.000342	0.000463	0.000291	0
BGR_USD	2018-08-31	0.000342	0.000306	0.000362	0.000250	0
BGR_USD	2018-08-30	0.000306	0.000246	0.000325	0.000167	0
BGR_USD	2018-08-29	0.000246	0.000187	0.000248	0.000180	0
BGR_USD	2018-08-28	0.000187	0.000175	0.000189	0.000173	0
BGR_USD	2018-08-27	0.000175	0.000183	0.000183	0.000169	0
BGR_USD	2018-08-26	0.000183	0.000177	0.000190	0.000172	0
BGR_USD	2018-08-25	0.000177	0.000182	0.000205	0.000148	0
BGR_USD	2018-08-24	0.000182	0.000182	0.000196	0.000175	0
BGR_USD	2018-08-23	0.000182	0.000182	0.000186	0.000179	0
BGR_USD	2018-08-22	0.000183	0.000260	0.000304	0.000179	0
BGR_USD	2018-08-21	0.000260	0.000253	0.000261	0.000253	0
BGR_USD	2018-08-20	0.000253	0.000267	0.000268	0.000253	0
BGR_USD	2018-08-19	0.000267	0.000292	0.000310	0.000259	0
BGR_USD	2018-08-18	0.000292	0.000323	0.000328	0.000278	0
BGR_USD	2018-08-17	0.000323	0.000294	0.000323	0.000294	0
BGR_USD	2018-08-16	0.000294	0.000302	0.000305	0.000291	0
BGR_USD	2018-08-15	0.000302	0.000298	0.000319	0.000298	0
BGR_USD	2018-08-14	0.000298	0.000310	0.000310	0.000277	0
BGR_USD	2018-08-13	0.000310	0.000323	0.000332	0.000304	0
BGR_USD	2018-08-12	0.000323	0.000324	0.000331	0.000315	0
BGR_USD	2018-08-11	0.000324	0.000348	0.000348	0.000319	0
BGR_USD	2018-08-10	0.000348	0.000373	0.000376	0.000332	0
BGR_USD	2018-08-09	0.000373	0.000349	0.000378	0.000341	0
BGR_USD	2018-08-08	0.000349	0.000397	0.000397	0.000345	0
BGR_USD	2018-08-07	0.000397	0.000442	0.000445	0.000395	0
BGR_USD	2018-08-06	0.000442	0.000478	0.000485	0.000437	0
BGR_USD	2018-08-05	0.000478	0.000481	0.000489	0.000429	0
BGR_USD	2018-08-04	0.000481	0.000498	0.000508	0.000478	0
BGR_USD	2018-08-03	0.000498	0.000511	0.000511	0.000458	0
BGR_USD	2018-08-02	0.000511	0.000528	0.000532	0.000505	0
BGR_USD	2018-08-01	0.000528	0.000513	0.000537	0.000499	0
BGR_USD	2018-07-31	0.000513	0.000569	0.000570	0.000509	0
BGR_USD	2018-07-30	0.000569	0.000538	0.000581	0.000531	0
BGR_USD	2018-07-29	0.000538	0.000573	0.000573	0.000534	0
BGR_USD	2018-07-28	0.000573	0.000585	0.000585	0.000573	0
BGR_USD	2018-07-27	0.000585	0.000589	0.000590	0.000585	0
BGR_USD	2018-07-26	0.000589	0.000597	0.000691	0.000589	0
BGR_USD	2018-07-25	0.000597	0.000699	0.000711	0.000577	0
BGR_USD	2018-07-24	0.000699	0.000506	0.000707	0.000502	0
BGR_USD	2018-07-23	0.000506	0.000516	0.000541	0.000503	0
BGR_USD	2018-07-22	0.000516	0.000541	0.000543	0.000506	0
BGR_USD	2018-07-21	0.000541	0.000653	0.000656	0.000539	0
BGR_USD	2018-07-20	0.000653	0.000662	0.000665	0.000476	0
BGR_USD	2018-07-19	0.000662	0.000759	0.000759	0.000643	0
BGR_USD	2018-07-18	0.000759	0.000764	0.001022	0.000751	0
BGR_USD	2018-07-17	0.000764	0.000653	0.000779	0.000639	0
BGR_USD	2018-07-16	0.000653	0.000564	0.000653	0.000507	0
BGR_USD	2018-07-15	0.000564	0.000413	0.000601	0.000411	0
BGR_USD	2018-07-14	0.000413	0.000411	0.000415	0.000405	0
BGR_USD	2018-07-13	0.000411	0.000406	0.000422	0.000405	0
BGR_USD	2018-07-12	0.000406	0.000441	0.000441	0.000399	0
BGR_USD	2018-07-11	0.000441	0.000516	0.000521	0.000437	0
BGR_USD	2018-07-10	0.000516	0.000487	0.000521	0.000452	0
BGR_USD	2018-07-09	0.000487	0.000473	0.000493	0.000472	0
BGR_USD	2018-07-08	0.000473	0.000475	0.000481	0.000469	0
BGR_USD	2018-07-07	0.000475	0.000479	0.000483	0.000463	0
BGR_USD	2018-07-06	0.000479	0.000531	0.000533	0.000472	0
BGR_USD	2018-07-05	0.000531	0.000547	0.000551	0.000524	0
BGR_USD	2018-07-04	0.000547	0.000548	0.000562	0.000538	0
BGR_USD	2018-07-03	0.000548	0.000494	0.000565	0.000473	0
BGR_USD	2018-07-02	0.000494	0.000472	0.000502	0.000461	0
BGR_USD	2018-07-01	0.000472	0.000485	0.000494	0.000470	0
BGR_USD	2018-06-30	0.000486	0.000458	0.000495	0.000455	0
BGR_USD	2018-06-29	0.000458	0.000497	0.000525	0.000438	0
BGR_USD	2018-06-28	0.000498	0.000540	0.000545	0.000495	0
BGR_USD	2018-06-27	0.000541	0.000549	0.000554	0.000531	0
BGR_USD	2018-06-26	0.000550	0.000547	0.000564	0.000536	0
BGR_USD	2018-06-25	0.000547	0.000546	0.000561	0.000534	0
BGR_USD	2018-06-24	0.000545	0.000579	0.000579	0.000499	0
BGR_USD	2018-06-23	0.000578	0.000584	0.000598	0.000574	0
BGR_USD	2018-06-22	0.000585	0.000679	0.000681	0.000583	0
BGR_USD	2018-06-21	0.000679	0.000657	0.000707	0.000654	0
BGR_USD	2018-06-20	0.000657	0.000669	0.000670	0.000650	0
BGR_USD	2018-06-19	0.000670	0.000671	0.000679	0.000649	0
BGR_USD	2018-06-18	0.000669	0.000628	0.000691	0.000620	0
BGR_USD	2018-06-17	0.000628	0.000638	0.000640	0.000623	0
BGR_USD	2018-06-16	0.000638	0.000634	0.000663	0.000632	0
BGR_USD	2018-06-15	0.000636	0.000668	0.000669	0.000636	0
BGR_USD	2018-06-14	0.000668	0.000624	0.000681	0.000619	0
BGR_USD	2018-06-13	0.000625	0.000682	0.000687	0.000599	0
BGR_USD	2018-06-12	0.000683	0.000710	0.000722	0.000675	0
BGR_USD	2018-06-11	0.000711	0.000698	0.000714	0.000691	0
BGR_USD	2018-06-10	0.000697	0.000770	0.000770	0.000683	0
BGR_USD	2018-06-09	0.000771	0.000825	0.000851	0.000771	0
BGR_USD	2018-06-08	0.000825	0.000847	0.000847	0.000817	0
BGR_USD	2018-06-07	0.000847	0.000842	0.000884	0.000840	0
BGR_USD	2018-06-06	0.000841	0.000770	0.000853	0.000766	0
BGR_USD	2018-06-05	0.000770	0.000777	0.000785	0.000760	0
BGR_USD	2018-06-04	0.000777	0.000807	0.000815	0.000765	0
BGR_USD	2018-06-03	0.000807	0.000774	0.000822	0.000765	0
BGR_USD	2018-06-02	0.000775	0.000773	0.000792	0.000749	0
BGR_USD	2018-06-01	0.000772	0.000768	0.000788	0.000759	0
BGR_USD	2018-05-31	0.000767	0.000787	0.000787	0.000763	0
BGR_USD	2018-05-30	0.000787	0.000759	0.000787	0.000750	0
BGR_USD	2018-05-29	0.000759	0.000682	0.000769	0.000671	0
BGR_USD	2018-05-28	0.000682	0.000724	0.000750	0.000679	0
BGR_USD	2018-05-27	0.000721	0.000738	0.000744	0.000718	0
BGR_USD	2018-05-26	0.000737	0.000755	0.000769	0.000737	0
BGR_USD	2018-05-25	0.000755	0.000791	0.000800	0.000723	0
BGR_USD	2018-05-24	0.000791	0.000763	0.000794	0.000726	0
BGR_USD	2018-05-23	0.000763	0.000797	0.000817	0.000742	0
BGR_USD	2018-05-22	0.000797	0.000871	0.000878	0.000797	0
BGR_USD	2018-05-21	0.000871	0.000907	0.000911	0.000871	0
BGR_USD	2018-05-20	0.000907	0.000890	0.000914	0.000880	0
BGR_USD	2018-05-19	0.000890	0.000884	0.000923	0.000877	0
BGR_USD	2018-05-18	0.000884	0.000879	0.000896	0.000853	0
BGR_USD	2018-05-17	0.000881	0.000917	0.000920	0.000880	0
BGR_USD	2018-05-16	0.000912	0.000928	0.000933	0.000885	0
BGR_USD	2018-05-15	0.000929	0.000933	0.000980	0.000855	0
BGR_USD	2018-05-14	0.000932	0.000855	0.000960	0.000811	0
BGR_USD	2018-05-13	0.000855	0.000909	0.000963	0.000848	0
BGR_USD	2018-05-12	0.000905	0.000889	0.000935	0.000850	0
BGR_USD	2018-05-11	0.000889	0.000989	0.000989	0.000816	0
BGR_USD	2018-05-10	0.000989	0.001039	0.001079	0.000988	0
BGR_USD	2018-05-09	0.001039	0.001090	0.001096	0.000870	0
BGR_USD	2018-05-08	0.001090	0.001033	0.001131	0.000996	0
BGR_USD	2018-05-07	0.001040	0.001033	0.001047	0.000972	0
BGR_USD	2018-05-06	0.001035	0.001040	0.001079	0.001007	0
BGR_USD	2018-05-05	0.001041	0.000992	0.001041	0.000961	0
BGR_USD	2018-05-04	0.000992	0.000948	0.001011	0.000885	0
BGR_USD	2018-05-03	0.000951	0.000913	0.000972	0.000899	0
BGR_USD	2018-05-02	0.000912	0.000858	0.000915	0.000848	0
BGR_USD	2018-05-01	0.000858	0.000887	0.000889	0.000839	0
BGR_USD	2018-04-30	0.000887	0.000918	0.000930	0.000873	0
BGR_USD	2018-04-29	0.000918	0.000924	0.000943	0.000885	0
BGR_USD	2018-04-28	0.000924	0.000918	0.000948	0.000913	0
BGR_USD	2018-04-27	0.000918	0.000938	0.000977	0.000914	0
BGR_USD	2018-04-26	0.000939	0.000865	0.000939	0.000842	0
BGR_USD	2018-04-25	0.000865	0.000987	0.000990	0.000837	0
BGR_USD	2018-04-24	0.000989	0.000962	0.000998	0.000956	0
BGR_USD	2018-04-23	0.000962	0.000884	0.000978	0.000883	0
BGR_USD	2018-04-22	0.000884	0.000877	0.000944	0.000850	0
BGR_USD	2018-04-21	0.000877	0.000948	0.001117	0.000844	0
BGR_USD	2018-04-20	0.000948	0.000963	0.000985	0.000651	0
BGR_USD	2018-04-19	0.000963	0.000901	0.000976	0.000873	0
BGR_USD	2018-04-18	0.000901	0.000969	0.001039	0.000842	0
BGR_USD	2018-04-17	0.000968	0.001224	0.001318	0.000934	0
BGR_USD	2018-04-16	0.001225	0.001164	0.001243	0.001122	0
BGR_USD	2018-04-15	0.001164	0.001029	0.001173	0.001029	0
BGR_USD	2018-04-14	0.001029	0.000752	0.001265	0.000732	0
BGR_USD	2018-04-13	0.000752	0.000582	0.001151	0.000572	0
BGR_USD	2018-04-12	0.000582	0.000517	0.000585	0.000483	0
BGR_USD	2018-04-11	0.000520	0.000501	0.000549	0.000488	0
BGR_USD	2018-04-10	0.000501	0.000833	0.000854	0.000456	0
BGR_USD	2018-04-09	0.000833	0.000858	0.000889	0.000826	0
BGR_USD	2018-04-08	0.000858	0.000850	0.000870	0.000844	0
BGR_USD	2018-04-07	0.000850	0.001094	0.001732	0.000849	0
BGR_USD	2018-04-06	0.001094	0.001462	0.002794	0.000729	0
BGR_USD	2018-04-05	0.001465	0.000458	0.009894	0.000445	0
BGR_USD	2018-04-04	0.000458	0.000504	0.000513	0.000454	0
BGR_USD	2018-04-03	0.000504	0.000464	0.000507	0.000463	0
BGR_USD	2018-04-02	0.000464	0.000455	0.000476	0.000453	0
BGR_USD	2018-04-01	0.000455	0.000464	0.000470	0.000442	0
BGR_USD	2018-03-31	0.000464	0.000463	0.000482	0.000461	0
BGR_USD	2018-03-30	0.000463	0.000469	0.000489	0.000454	0
BGR_USD	2018-03-29	0.000470	0.000519	0.000522	0.000469	0
BGR_USD	2018-03-28	0.000519	0.000519	0.000534	0.000510	0
BGR_USD	2018-03-27	0.000519	0.000541	0.000543	0.000510	0
BGR_USD	2018-03-26	0.000541	0.000574	0.000576	0.000516	0
BGR_USD	2018-03-25	0.000574	0.000577	0.000582	0.000562	0
BGR_USD	2018-03-24	0.000577	0.000591	0.000607	0.000577	0
BGR_USD	2018-03-23	0.000591	0.000593	0.000595	0.000559	0
BGR_USD	2018-03-22	0.000592	0.000604	0.000621	0.000572	0
BGR_USD	2018-03-21	0.000604	0.000608	0.000635	0.000599	0
BGR_USD	2018-03-20	0.000608	0.000576	0.000628	0.000566	0
BGR_USD	2018-03-19	0.000576	0.000529	0.000589	0.000525	0
BGR_USD	2018-03-18	0.000529	0.000551	0.000551	0.000474	0
BGR_USD	2018-03-17	0.000551	0.000585	0.000592	0.000545	0
BGR_USD	2018-03-16	0.000585	0.000590	0.000610	0.000572	0
BGR_USD	2018-03-15	0.000590	0.000605	0.000612	0.000556	0
BGR_USD	2018-03-14	0.000605	0.000658	0.000667	0.000601	0
BGR_USD	2018-03-13	0.000657	0.000666	0.000680	0.000642	0
BGR_USD	2018-03-12	0.000666	0.000687	0.000699	0.000638	0
BGR_USD	2018-03-11	0.000687	0.000662	0.000708	0.000645	0
BGR_USD	2018-03-10	0.000662	0.000695	0.000695	0.000662	0
BGR_USD	2018-03-09	0.000651	0.000667	0.000667	0.000645	0
BGR_USD	2018-03-08	0.000672	0.000672	0.000672	0.000672	0
