BIS_USD	2019-04-09	0.30434	0.30769	0.30769	0.29913	0
BIS_USD	2019-04-08	0.30769	0.30335	0.31003	0.29782	0
BIS_USD	2019-04-07	0.30335	0.29379	0.30652	0.29352	0
BIS_USD	2019-04-06	0.29379	0.29402	0.30514	0.28732	0
BIS_USD	2019-04-05	0.29402	0.28538	0.29597	0.28528	0
BIS_USD	2019-04-04	0.28538	0.28792	0.29488	0.27955	0
BIS_USD	2019-04-03	0.28792	0.28519	0.30801	0.28050	0
BIS_USD	2019-04-02	0.28519	0.24282	0.29359	0.24229	0
BIS_USD	2019-04-01	0.24282	0.24101	0.24407	0.23871	0
BIS_USD	2019-03-31	0.24101	0.24086	0.24180	0.24019	0
BIS_USD	2019-03-30	0.24086	0.24167	0.24346	0.23860	0
BIS_USD	2019-03-29	0.24167	0.23667	0.24215	0.23626	0
BIS_USD	2019-03-28	0.23667	0.23725	0.23733	0.23523	0
BIS_USD	2019-03-27	0.23725	0.23084	0.23766	0.23014	0
BIS_USD	2019-03-26	0.23084	0.22958	0.23102	0.22849	0
BIS_USD	2019-03-25	0.22958	0.23372	0.23420	0.22785	0
BIS_USD	2019-03-24	0.23372	0.23497	0.23497	0.23208	0
BIS_USD	2019-03-23	0.23497	0.23414	0.23573	0.23340	0
BIS_USD	2019-03-22	0.23414	0.23391	0.23532	0.23334	0
BIS_USD	2019-03-21	0.23391	0.23867	0.23976	0.23166	0
BIS_USD	2019-03-20	0.23867	0.23755	0.23919	0.23553	0
BIS_USD	2019-03-19	0.23755	0.23558	0.23814	0.23459	0
BIS_USD	2019-03-18	0.23558	0.23531	0.23818	0.23351	0
BIS_USD	2019-03-17	0.23531	0.23651	0.23651	0.23371	0
BIS_USD	2019-03-16	0.23651	0.23150	0.24015	0.23150	0
BIS_USD	2019-03-15	0.23150	0.22842	0.23195	0.22836	0
BIS_USD	2019-03-14	0.22842	0.22831	0.23132	0.22484	0
BIS_USD	2019-03-13	0.22831	0.22866	0.22961	0.22700	0
BIS_USD	2019-03-12	0.22866	0.22853	0.23013	0.22531	0
BIS_USD	2019-03-11	0.22853	0.23128	0.23185	0.22675	0
BIS_USD	2019-03-10	0.23128	0.23221	0.23232	0.22928	0
BIS_USD	2019-03-09	0.23221	0.22788	0.23392	0.22750	0
BIS_USD	2019-03-08	0.22788	0.22928	0.23246	0.22415	0
BIS_USD	2019-03-07	0.22928	0.22851	0.23095	0.22759	0
BIS_USD	2019-03-06	0.22851	0.22843	0.23000	0.22617	0
BIS_USD	2019-03-05	0.22843	0.21976	0.22940	0.21896	0
BIS_USD	2019-03-04	0.21976	0.22464	0.22596	0.21787	0
BIS_USD	2019-03-03	0.22464	0.22629	0.22689	0.22323	0
BIS_USD	2019-03-02	0.22629	0.22652	0.22691	0.22301	0
BIS_USD	2019-03-01	0.22652	0.22527	0.22831	0.22514	0
BIS_USD	2019-02-28	0.22527	0.22559	0.23057	0.22464	0
BIS_USD	2019-02-27	0.22559	0.22544	0.22750	0.21818	0
BIS_USD	2019-02-26	0.22544	0.22690	0.22751	0.22403	0
BIS_USD	2019-02-25	0.22690	0.22165	0.22927	0.22151	0
BIS_USD	2019-02-24	0.22165	0.24359	0.24765	0.22049	0
BIS_USD	2019-02-23	0.24359	0.23507	0.24606	0.23218	0
BIS_USD	2019-02-22	0.23507	0.23190	0.23560	0.23083	0
BIS_USD	2019-02-21	0.23190	0.23482	0.23834	0.22993	0
BIS_USD	2019-02-20	0.23482	0.23083	0.23518	0.22947	0
BIS_USD	2019-02-19	0.23083	0.23011	0.23602	0.22804	0
BIS_USD	2019-02-18	0.23011	0.21603	0.23184	0.21538	0
BIS_USD	2019-02-17	0.21603	0.21261	0.21879	0.21218	0
BIS_USD	2019-02-16	0.21261	0.21190	0.21531	0.21189	0
BIS_USD	2019-02-15	0.21190	0.21151	0.21491	0.21078	0
BIS_USD	2019-02-14	0.21151	0.21218	0.21288	0.21066	0
BIS_USD	2019-02-13	0.21218	0.21363	0.21602	0.21111	0
BIS_USD	2019-02-12	0.21363	0.21288	0.21534	0.21081	0
BIS_USD	2019-02-11	0.21288	0.21669	0.21684	0.21261	0
BIS_USD	2019-02-10	0.21669	0.21503	0.21674	0.21211	0
BIS_USD	2019-02-09	0.21503	0.21536	0.21619	0.21362	0
BIS_USD	2019-02-08	0.21536	0.19871	0.21939	0.19823	0
BIS_USD	2019-02-07	0.19871	0.19963	0.20022	0.19842	0
BIS_USD	2019-02-06	0.19963	0.20310	0.20362	0.19797	0
BIS_USD	2019-02-05	0.20310	0.20185	0.20333	0.20101	0
BIS_USD	2019-02-04	0.20185	0.20251	0.20353	0.20098	0
BIS_USD	2019-02-03	0.20251	0.20582	0.20627	0.20074	0
BIS_USD	2019-02-02	0.20582	0.20459	0.20657	0.20245	0
BIS_USD	2019-02-01	0.20459	0.20256	0.20556	0.20045	0
BIS_USD	2019-01-31	0.20256	0.20412	0.20630	0.20138	0
BIS_USD	2019-01-30	0.20412	0.20113	0.20508	0.19964	0
BIS_USD	2019-01-29	0.20113	0.20247	0.20312	0.19795	0
BIS_USD	2019-01-28	0.20247	0.20802	0.20806	0.19989	0
BIS_USD	2019-01-27	0.20802	0.21009	0.21064	0.20493	0
BIS_USD	2019-01-26	0.21009	0.20986	0.21582	0.20964	0
BIS_USD	2019-01-25	0.20986	0.21120	0.21185	0.20792	0
BIS_USD	2019-01-24	0.21120	0.20940	0.21212	0.20760	0
BIS_USD	2019-01-23	0.20934	0.21045	0.21234	0.20773	0
BIS_USD	2019-01-22	0.21045	0.20709	0.21260	0.20252	0
BIS_USD	2019-01-21	0.20709	0.20738	0.20853	0.20547	0
BIS_USD	2019-01-20	0.20738	0.21772	0.21953	0.20517	0
BIS_USD	2019-01-19	0.21772	0.21257	0.22260	0.21246	0
BIS_USD	2019-01-18	0.21257	0.21515	0.21535	0.21130	0
BIS_USD	2019-01-17	0.21515	0.21232	0.21527	0.20934	0
BIS_USD	2019-01-16	0.21232	0.21144	0.21591	0.21066	0
BIS_USD	2019-01-15	0.21144	0.21681	0.21826	0.21013	0
BIS_USD	2019-01-14	0.21681	0.21125	0.21959	0.20788	0
BIS_USD	2019-01-13	0.21125	0.23097	0.23100	0.19965	0
BIS_USD	2019-01-12	0.23097	0.23352	0.23383	0.22880	0
BIS_USD	2019-01-11	0.23352	0.23226	0.23853	0.23023	0
BIS_USD	2019-01-10	0.23226	0.26329	0.27171	0.22738	0
BIS_USD	2019-01-09	0.26329	0.26994	0.27395	0.25967	0
BIS_USD	2019-01-08	0.26994	0.27775	0.28200	0.26982	0
BIS_USD	2019-01-07	0.27775	0.28175	0.29280	0.27458	0
BIS_USD	2019-01-06	0.28175	0.26374	0.53115	0.26248	0
BIS_USD	2019-01-05	0.26374	0.27625	0.27962	0.26301	0
BIS_USD	2019-01-04	0.27625	0.27617	0.28122	0.27036	0
BIS_USD	2019-01-03	0.27617	0.28727	0.29412	0.27029	0
BIS_USD	2019-01-02	0.28727	0.27687	0.28901	0.27302	0
BIS_USD	2019-01-01	0.27687	0.26034	0.27847	0.25988	0
BIS_USD	2018-12-31	0.26034	0.27373	0.27613	0.25761	0
BIS_USD	2018-12-30	0.27373	0.28734	0.29691	0.27049	0
BIS_USD	2018-12-29	0.28734	0.30035	0.30275	0.28626	0
BIS_USD	2018-12-28	0.30035	0.26840	0.30311	0.26710	0
BIS_USD	2018-12-27	0.26840	0.28039	0.28319	0.26635	0
BIS_USD	2018-12-26	0.28039	0.27790	0.28552	0.26803	0
BIS_USD	2018-12-25	0.27790	0.29080	0.29127	0.27138	0
BIS_USD	2018-12-24	0.29080	0.29394	0.31498	0.28796	0
BIS_USD	2018-12-23	0.29394	0.29297	0.30198	0.28994	0
BIS_USD	2018-12-22	0.29297	0.27513	0.29585	0.27225	0
BIS_USD	2018-12-21	0.27513	0.28908	0.29376	0.26779	0
BIS_USD	2018-12-20	0.28908	0.26059	0.30223	0.25864	0
BIS_USD	2018-12-19	0.26059	0.26862	0.28242	0.25919	0
BIS_USD	2018-12-18	0.26862	0.25660	0.26996	0.24942	0
BIS_USD	2018-12-17	0.25660	0.23204	0.25997	0.22737	0
BIS_USD	2018-12-16	0.23204	0.23376	0.23613	0.22762	0
BIS_USD	2018-12-15	0.23376	0.22290	0.23702	0.22192	0
BIS_USD	2018-12-14	0.22290	0.23867	0.24197	0.22245	0
BIS_USD	2018-12-13	0.23867	0.25480	0.25569	0.22474	0
BIS_USD	2018-12-12	0.25480	0.24623	0.25982	0.24124	0
BIS_USD	2018-12-11	0.24524	0.25546	0.26174	0.24114	0
BIS_USD	2018-12-10	0.25546	0.25591	0.26072	0.24755	0
BIS_USD	2018-12-09	0.25591	0.23685	0.26162	0.23600	0
BIS_USD	2018-12-08	0.23685	0.24173	0.24883	0.22216	0
BIS_USD	2018-12-07	0.24173	0.25232	0.25249	0.22837	0
BIS_USD	2018-12-06	0.25232	0.27403	0.28209	0.24989	0
BIS_USD	2018-12-05	0.27403	0.28904	0.28992	0.26999	0
BIS_USD	2018-12-04	0.28904	0.25093	0.29124	0.24815	0
BIS_USD	2018-12-03	0.25093	0.30097	0.30239	0.24917	0
BIS_USD	2018-12-02	0.30097	0.31534	0.32780	0.29673	0
BIS_USD	2018-12-01	0.31534	0.32082	0.33648	0.30603	0
BIS_USD	2018-11-30	0.32082	0.33986	0.34321	0.30754	0
BIS_USD	2018-11-29	0.33986	0.34337	0.35520	0.33037	0
BIS_USD	2018-11-28	0.34337	0.30611	0.35245	0.30611	0
BIS_USD	2018-11-27	0.30611	0.31072	0.31236	0.29237	0
BIS_USD	2018-11-26	0.31072	0.32599	0.36077	0.29944	0
BIS_USD	2018-11-25	0.32599	0.31335	0.35616	0.28163	0
BIS_USD	2018-11-24	0.31335	0.34816	0.36778	0.30434	0
BIS_USD	2018-11-23	0.34816	0.34643	0.35780	0.33537	0
BIS_USD	2018-11-22	0.34643	0.36914	0.37064	0.34643	0
BIS_USD	2018-11-21	0.36914	0.34968	0.40528	0.33532	0
BIS_USD	2018-11-20	0.34968	0.38901	0.40983	0.32554	0
BIS_USD	2018-11-19	0.38901	0.48920	0.48974	0.38636	0
BIS_USD	2018-11-18	0.48920	0.49062	0.49939	0.48549	0
BIS_USD	2018-11-17	0.49062	0.52065	0.52154	0.48457	0
BIS_USD	2018-11-16	0.52065	0.52244	0.53055	0.50548	0
BIS_USD	2018-11-15	0.52244	0.54663	0.55481	0.48971	0
BIS_USD	2018-11-14	0.54663	0.62421	0.65240	0.50369	0
BIS_USD	2018-11-13	0.62421	0.61349	0.65353	0.60844	0
BIS_USD	2018-11-12	0.61349	0.62638	0.67096	0.61276	0
BIS_USD	2018-11-11	0.62638	0.65639	0.66059	0.62630	0
BIS_USD	2018-11-10	0.65639	0.66156	0.67021	0.64761	0
BIS_USD	2018-11-09	0.66156	0.66529	0.67614	0.64695	0
BIS_USD	2018-11-08	0.66529	0.66676	0.68159	0.64125	0
BIS_USD	2018-11-07	0.66676	0.66804	0.68251	0.66676	0
BIS_USD	2018-11-06	0.66804	0.66497	0.67464	0.65991	0
BIS_USD	2018-11-05	0.66497	0.67342	0.67447	0.66168	0
BIS_USD	2018-11-04	0.67342	0.67095	0.68245	0.66804	0
BIS_USD	2018-11-03	0.67095	0.69498	0.69759	0.67045	0
BIS_USD	2018-11-02	0.69498	0.70832	0.71072	0.67676	0
BIS_USD	2018-11-01	0.70832	0.66460	0.72986	0.65915	0
BIS_USD	2018-10-31	0.66460	0.70523	0.71062	0.65542	0
BIS_USD	2018-10-30	0.70523	0.67585	0.70627	0.65821	0
BIS_USD	2018-10-29	0.67585	0.82078	0.82093	0.66327	0
BIS_USD	2018-10-28	0.82078	0.86585	0.86829	0.81215	0
BIS_USD	2018-10-27	0.86585	0.80360	0.88175	0.80096	0
BIS_USD	2018-10-26	0.80360	0.81065	0.88569	0.70739	0
BIS_USD	2018-10-25	0.81065	0.88716	0.97277	0.81065	0
BIS_USD	2018-10-24	0.88716	0.74343	0.91053	0.70355	0
BIS_USD	2018-10-23	0.74343	0.58619	0.75538	0.56848	0
BIS_USD	2018-10-22	0.58619	0.58037	0.58619	0.56112	0
BIS_USD	2018-10-21	0.58037	0.60235	0.60525	0.58037	0
BIS_USD	2018-10-20	0.60235	0.60295	0.61663	0.58861	0
BIS_USD	2018-10-19	0.60295	0.63269	0.63646	0.60264	0
BIS_USD	2018-10-18	0.63269	0.63329	0.63397	0.61024	0
BIS_USD	2018-10-17	0.63329	0.61082	0.65135	0.60616	0
BIS_USD	2018-10-16	0.61082	0.66078	0.66628	0.57988	0
BIS_USD	2018-10-15	0.66078	0.55862	0.66753	0.54994	0
BIS_USD	2018-10-14	0.55862	0.56422	0.56943	0.55818	0
BIS_USD	2018-10-13	0.56422	0.56249	0.57271	0.56084	0
BIS_USD	2018-10-12	0.56249	0.55060	0.60286	0.54853	0
BIS_USD	2018-10-11	0.55060	0.61035	0.62443	0.53651	0
BIS_USD	2018-10-10	0.61035	0.55730	0.64702	0.53244	0
BIS_USD	2018-10-09	0.55730	0.53142	0.56018	0.53093	0
BIS_USD	2018-10-08	0.53142	0.54794	0.55406	0.51447	0
BIS_USD	2018-10-07	0.54794	0.58908	0.63126	0.50348	0
BIS_USD	2018-10-06	0.58908	0.49430	0.64929	0.48604	0
BIS_USD	2018-10-05	0.49430	0.45702	0.50450	0.45702	0
BIS_USD	2018-10-04	0.45702	0.45083	0.48021	0.45069	0
BIS_USD	2018-10-03	0.45083	0.45493	0.47677	0.43873	0
BIS_USD	2018-10-02	0.45493	0.46041	0.47038	0.44598	0
BIS_USD	2018-10-01	0.46041	0.42454	0.46456	0.40806	0
BIS_USD	2018-09-30	0.42454	0.41372	0.43778	0.40479	0
BIS_USD	2018-09-29	0.41372	0.42922	0.42922	0.39352	0
BIS_USD	2018-09-28	0.42922	0.43067	0.45202	0.40224	0
BIS_USD	2018-09-27	0.43067	0.41882	0.43791	0.38936	0
BIS_USD	2018-09-26	0.41882	0.40188	0.42173	0.38942	0
BIS_USD	2018-09-25	0.40188	0.40054	0.40205	0.38605	0
BIS_USD	2018-09-24	0.40054	0.41273	0.41294	0.39834	0
BIS_USD	2018-09-23	0.41273	0.40268	0.41290	0.39812	0
BIS_USD	2018-09-22	0.40268	0.40749	0.41310	0.39832	0
BIS_USD	2018-09-21	0.40749	0.39146	0.41975	0.38897	0
BIS_USD	2018-09-20	0.39146	0.37328	0.40673	0.37055	0
BIS_USD	2018-09-19	0.37328	0.37492	0.38041	0.35964	0
BIS_USD	2018-09-18	0.37492	0.38395	0.38395	0.36719	0
BIS_USD	2018-09-17	0.38395	0.42458	0.42945	0.38282	0
BIS_USD	2018-09-16	0.42458	0.43763	0.44400	0.41175	0
BIS_USD	2018-09-15	0.43763	0.44061	0.45421	0.42897	0
BIS_USD	2018-09-14	0.44061	0.42039	0.45494	0.41824	0
BIS_USD	2018-09-13	0.42039	0.41261	0.45691	0.41244	0
BIS_USD	2018-09-12	0.41261	0.39356	0.44979	0.38704	0
BIS_USD	2018-09-11	0.39356	0.41832	0.47285	0.37880	0
BIS_USD	2018-09-10	0.41832	0.42411	0.43722	0.41025	0
BIS_USD	2018-09-09	0.42411	0.45624	0.45673	0.41761	0
BIS_USD	2018-09-08	0.45624	0.44771	0.48913	0.44370	0
BIS_USD	2018-09-07	0.44771	0.48467	0.49264	0.43246	0
BIS_USD	2018-09-06	0.48467	0.53296	0.56981	0.46055	0
BIS_USD	2018-09-05	0.53296	0.61278	0.62269	0.49727	0
BIS_USD	2018-09-04	0.61278	0.62267	0.62267	0.60177	0
BIS_USD	2018-09-03	0.62267	0.65704	0.66010	0.62220	0
BIS_USD	2018-09-02	0.65704	0.69567	0.69621	0.64425	0
BIS_USD	2018-09-01	0.69567	0.61996	0.69727	0.61531	0
BIS_USD	2018-08-31	0.61996	0.63294	0.63294	0.61339	0
BIS_USD	2018-08-30	0.63294	0.64828	0.65334	0.61598	0
BIS_USD	2018-08-29	0.64828	0.67780	0.69220	0.63679	0
BIS_USD	2018-08-28	0.67780	0.63529	0.69246	0.61990	0
BIS_USD	2018-08-27	0.63529	0.62446	0.64674	0.61460	0
BIS_USD	2018-08-26	0.62446	0.61997	0.63123	0.60493	0
BIS_USD	2018-08-25	0.61997	0.61814	0.64764	0.60573	0
BIS_USD	2018-08-24	0.61814	0.56444	0.63153	0.54746	0
BIS_USD	2018-08-23	0.56444	0.53374	0.58266	0.53150	0
BIS_USD	2018-08-22	0.53374	0.54077	0.62785	0.53176	0
BIS_USD	2018-08-21	0.54077	0.55911	0.56199	0.52693	0
BIS_USD	2018-08-20	0.55911	0.57828	0.59416	0.55359	0
BIS_USD	2018-08-19	0.57828	0.59006	0.60545	0.57752	0
BIS_USD	2018-08-18	0.59006	0.66843	0.69553	0.58178	0
BIS_USD	2018-08-17	0.66843	0.56985	0.68460	0.56682	0
BIS_USD	2018-08-16	0.56985	0.63849	0.66527	0.55595	0
BIS_USD	2018-08-15	0.63849	0.57860	0.67765	0.55493	0
BIS_USD	2018-08-14	0.57860	0.63501	0.66165	0.49313	0
BIS_USD	2018-08-13	0.63501	0.66382	0.71559	0.62571	0
BIS_USD	2018-08-12	0.66382	0.72010	0.72579	0.66136	0
BIS_USD	2018-08-11	0.72010	0.74103	0.75007	0.64138	0
BIS_USD	2018-08-10	0.74103	0.83884	0.85184	0.72729	0
BIS_USD	2018-08-09	0.83884	0.75900	0.85929	0.66621	0
BIS_USD	2018-08-08	0.75900	0.85039	0.86105	0.70206	0
BIS_USD	2018-08-07	0.85039	0.87809	0.94763	0.84318	0
BIS_USD	2018-08-06	0.87809	0.93856	0.94976	0.86793	0
BIS_USD	2018-08-05	0.93856	0.98094	1.00813	0.92995	0
BIS_USD	2018-08-04	0.98094	0.96838	0.99916	0.94606	0
BIS_USD	2018-08-03	0.96838	1.06311	1.06311	0.92305	0
BIS_USD	2018-08-02	1.06311	1.06575	1.10156	0.97204	0
BIS_USD	2018-08-01	1.06575	1.12652	1.14100	0.96658	0
BIS_USD	2018-07-31	1.12652	1.22981	1.23057	1.11561	0
BIS_USD	2018-07-30	1.22981	1.25640	1.29597	1.17403	0
BIS_USD	2018-07-29	1.25640	1.28988	1.28988	1.22786	0
BIS_USD	2018-07-28	1.28988	1.23917	1.31050	1.23146	0
BIS_USD	2018-07-27	1.23917	1.19522	1.27413	1.14212	0
BIS_USD	2018-07-26	1.19522	1.07901	1.21984	1.01653	0
BIS_USD	2018-07-25	1.07901	0.99782	1.16545	0.95329	0
BIS_USD	2018-07-24	0.99782	0.90796	1.01230	0.90537	0
BIS_USD	2018-07-23	0.90796	0.89036	0.93760	0.85274	0
BIS_USD	2018-07-22	0.89036	0.89647	0.90944	0.86332	0
BIS_USD	2018-07-21	0.89647	0.94364	0.94478	0.89532	0
BIS_USD	2018-07-20	0.94364	0.99133	1.00489	0.93678	0
BIS_USD	2018-07-19	0.99133	0.99627	1.04850	0.95109	0
BIS_USD	2018-07-18	0.99627	1.03047	1.04033	0.94649	0
BIS_USD	2018-07-17	1.03047	0.96303	1.03282	0.93562	0
BIS_USD	2018-07-16	0.96303	0.94625	0.97708	0.92991	0
BIS_USD	2018-07-15	0.94625	0.95710	0.98877	0.92932	0
BIS_USD	2018-07-14	0.95710	0.97412	0.98220	0.93504	0
BIS_USD	2018-07-13	0.97412	0.97991	1.00010	0.95085	0
BIS_USD	2018-07-12	0.97991	1.01094	1.02821	0.95625	0
BIS_USD	2018-07-11	1.01094	1.02389	1.05405	0.97559	0
BIS_USD	2018-07-10	1.02389	1.08526	1.09603	1.01322	0
BIS_USD	2018-07-09	1.08526	1.07579	1.14418	1.07100	0
BIS_USD	2018-07-08	1.07579	1.09111	1.10833	1.07150	0
BIS_USD	2018-07-07	1.09111	1.07031	1.10205	1.05068	0
BIS_USD	2018-07-06	1.07031	1.09768	1.09879	1.05677	0
BIS_USD	2018-07-05	1.09768	1.12349	1.14509	1.08573	0
BIS_USD	2018-07-04	1.12349	1.06531	1.20325	1.05306	0
BIS_USD	2018-07-03	1.06531	1.03554	1.10208	0.01368	0
BIS_USD	2018-07-02	1.03554	0.98458	1.04884	0.00001	0
BIS_USD	2018-07-01	0.98467	0.99422	1.02343	0.97026	0
BIS_USD	2018-06-30	0.99424	0.97524	1.02982	0.96779	0
BIS_USD	2018-06-29	0.97605	0.96880	0.99197	0.92760	0
BIS_USD	2018-06-28	0.97036	1.03105	1.03709	0.96053	0
BIS_USD	2018-06-27	1.03097	1.03637	1.04668	1.00345	0
BIS_USD	2018-06-26	1.03938	1.06114	1.08230	1.02962	0
BIS_USD	2018-06-25	1.06385	1.03026	1.13510	1.02206	0
BIS_USD	2018-06-24	1.03060	1.09453	1.09624	0.97736	0
BIS_USD	2018-06-23	1.09311	1.06906	1.13359	1.00666	0
BIS_USD	2018-06-22	1.06908	1.20379	1.22359	1.02278	0
BIS_USD	2018-06-21	1.20332	1.21068	1.32617	1.18046	0
BIS_USD	2018-06-20	1.19881	1.26789	1.26789	1.16562	0
BIS_USD	2018-06-19	1.27070	1.36081	1.37608	1.25181	0
BIS_USD	2018-06-18	1.36035	1.37843	1.43960	1.31290	0
BIS_USD	2018-06-17	1.37744	1.46244	1.47398	1.36210	0
BIS_USD	2018-06-16	1.46217	1.36328	1.52526	1.36109	0
BIS_USD	2018-06-15	1.36264	1.49143	1.54640	1.35642	0
BIS_USD	2018-06-14	1.48858	1.42595	1.59072	1.39950	0
BIS_USD	2018-06-13	1.42315	1.52137	1.72479	1.41441	0
BIS_USD	2018-06-12	1.52113	1.49513	1.64875	1.46158	0
BIS_USD	2018-06-11	1.49619	1.41267	1.55929	1.40119	0
BIS_USD	2018-06-10	1.41104	1.56337	1.70703	1.37728	0
BIS_USD	2018-06-09	1.56295	1.54106	1.68102	1.54106	0
BIS_USD	2018-06-08	1.54104	1.50433	1.68826	1.46825	0
BIS_USD	2018-06-07	1.50388	1.44258	1.50443	1.41597	0
BIS_USD	2018-06-06	1.44250	1.42662	1.45490	1.39771	0
BIS_USD	2018-06-05	1.42540	1.42284	1.46293	1.38592	0
BIS_USD	2018-06-04	1.42389	1.41769	1.49352	1.40794	0
BIS_USD	2018-06-03	1.41935	1.41605	1.44044	1.37845	0
BIS_USD	2018-06-02	1.40536	1.36996	1.40618	1.35155	0
BIS_USD	2018-06-01	1.36887	1.37455	1.41449	1.33055	0
BIS_USD	2018-05-31	1.37468	1.31117	1.43388	1.29539	0
BIS_USD	2018-05-30	1.31174	1.34356	1.38121	1.27599	0
BIS_USD	2018-05-29	1.34197	1.28496	1.39499	1.25642	0
BIS_USD	2018-05-28	1.28417	1.32713	1.36399	1.25265	0
BIS_USD	2018-05-27	1.32657	1.41595	1.41656	1.27676	0
BIS_USD	2018-05-26	1.41563	1.32459	1.47285	1.24594	0
BIS_USD	2018-05-25	1.32483	1.26232	1.34039	1.25542	0
BIS_USD	2018-05-24	1.26179	1.23922	1.29512	1.18198	0
BIS_USD	2018-05-23	1.24016	1.32927	1.42056	1.21337	0
BIS_USD	2018-05-22	1.32974	1.50159	1.54418	1.32663	0
BIS_USD	2018-05-21	1.50159	1.42327	1.57813	1.41290	0
BIS_USD	2018-05-20	1.42327	1.25824	1.43247	1.25356	0
BIS_USD	2018-05-19	1.25824	1.25636	1.29503	1.24771	0
BIS_USD	2018-05-18	1.25636	1.24426	1.29020	1.22613	0
BIS_USD	2018-05-17	1.24645	1.32463	1.34384	1.24089	0
BIS_USD	2018-05-16	1.32349	1.36188	1.36430	1.26360	0
BIS_USD	2018-05-15	1.36189	1.41062	1.42727	1.35487	0
BIS_USD	2018-05-14	1.41087	1.46926	1.50183	1.38314	0
BIS_USD	2018-05-13	1.46926	1.44712	1.49509	1.41356	0
BIS_USD	2018-05-12	1.44494	1.39779	1.50055	1.37700	0
BIS_USD	2018-05-11	1.39779	1.60556	1.60556	1.38248	0
BIS_USD	2018-05-10	1.60556	1.68593	1.77552	1.60279	0
BIS_USD	2018-05-09	1.68593	1.49578	1.80036	1.47557	0
BIS_USD	2018-05-08	1.49633	1.68222	1.72852	0.00016	0
BIS_USD	2018-05-07	1.53790	1.52574	1.56198	1.44028	0
BIS_USD	2018-05-06	1.52574	1.71763	1.74356	1.47171	0
BIS_USD	2018-05-05	1.71475	1.71915	1.74792	1.63424	0
BIS_USD	2018-05-04	1.71915	1.91987	1.91987	1.63759	0
BIS_USD	2018-05-03	1.91987	1.71214	1.97456	1.66368	0
BIS_USD	2018-05-02	1.71214	1.59479	1.75616	1.59479	0
BIS_USD	2018-05-01	1.59479	1.64094	1.64622	1.55453	0
BIS_USD	2018-04-30	1.64094	1.78294	1.79500	1.53607	0
BIS_USD	2018-04-29	1.78294	1.86808	1.92248	1.62956	0
BIS_USD	2018-04-28	1.86808	1.74730	1.88306	1.70970	0
BIS_USD	2018-04-27	1.74730	2.00400	2.00400	1.74232	0
BIS_USD	2018-04-26	2.00400	1.70023	2.00661	1.64460	0
BIS_USD	2018-04-25	1.70023	1.94345	1.96127	1.63734	0
BIS_USD	2018-04-24	1.94345	1.88334	1.97770	1.85809	0
BIS_USD	2018-04-23	1.88334	1.73702	1.95890	1.71667	0
BIS_USD	2018-04-22	1.73702	1.66536	1.82591	1.61858	0
BIS_USD	2018-04-21	1.66536	1.66877	1.73390	1.59687	0
BIS_USD	2018-04-20	1.66877	1.54559	1.75867	1.52658	0
BIS_USD	2018-04-19	1.54559	1.49967	1.56061	1.43718	0
BIS_USD	2018-04-18	1.49967	1.51136	1.53979	1.43067	0
BIS_USD	2018-04-17	1.51136	1.51003	1.54944	1.46475	0
BIS_USD	2018-04-16	1.51003	1.72940	1.74519	1.47319	0
BIS_USD	2018-04-15	1.72940	1.63232	1.75010	1.63065	0
BIS_USD	2018-04-14	1.63232	1.63481	1.76790	1.62286	0
BIS_USD	2018-04-13	1.63481	1.61919	1.76956	1.57289	0
BIS_USD	2018-04-12	1.61919	1.38629	1.77340	1.29723	0
BIS_USD	2018-04-11	1.38629	1.32165	1.50557	1.24947	0
BIS_USD	2018-04-10	1.32165	1.24736	1.37838	1.22960	0
BIS_USD	2018-04-09	1.24736	1.43217	1.45676	1.22309	0
BIS_USD	2018-04-08	1.43217	1.14705	1.80091	1.14387	0
BIS_USD	2018-04-07	1.14705	0.99140	1.43516	0.98620	0
BIS_USD	2018-04-06	0.99140	1.05048	1.11251	0.97711	0
BIS_USD	2018-04-05	1.05048	1.13125	1.21414	0.92942	0
BIS_USD	2018-04-04	1.13125	1.28826	1.29040	1.09249	0
BIS_USD	2018-04-03	1.28826	1.42584	1.44526	1.26823	0
BIS_USD	2018-04-02	1.42584	1.46687	1.48021	1.30417	0
BIS_USD	2018-04-01	1.46687	1.43549	1.61961	1.21940	0
BIS_USD	2018-03-31	1.43549	1.23770	1.46331	1.22223	0
BIS_USD	2018-03-30	1.23770	1.09993	1.33028	1.00230	0
BIS_USD	2018-03-29	1.09993	1.12098	1.27372	1.04588	0
BIS_USD	2018-03-28	1.12098	1.11769	1.21705	1.08722	0
BIS_USD	2018-03-27	1.11769	1.25760	1.27215	1.09993	0
BIS_USD	2018-03-26	1.25760	1.28579	1.45852	1.22445	0
BIS_USD	2018-03-25	1.28579	1.27994	1.31498	1.23048	0
BIS_USD	2018-03-24	1.27994	1.24099	1.32138	1.20029	0
BIS_USD	2018-03-23	1.24099	1.21130	1.24110	1.14751	0
BIS_USD	2018-03-22	1.21130	1.22205	1.25915	1.17810	0
BIS_USD	2018-03-21	1.22205	1.22325	1.28233	1.20799	0
BIS_USD	2018-03-20	1.22325	1.17746	1.26834	1.12979	0
BIS_USD	2018-03-19	1.17746	1.06509	1.24731	1.05371	0
BIS_USD	2018-03-18	1.06509	1.11282	1.22232	0.96868	0
BIS_USD	2018-03-17	1.11282	1.11360	1.29398	1.04315	0
BIS_USD	2018-03-16	1.11360	1.06368	1.19811	0.97520	0
BIS_USD	2018-03-15	1.06368	1.12879	1.19177	1.04887	0
BIS_USD	2018-03-14	1.12879	1.30967	1.35954	1.11089	0
BIS_USD	2018-03-13	1.30967	1.25782	1.34572	1.23180	0
BIS_USD	2018-03-12	1.25782	1.45858	1.48427	1.22694	0
BIS_USD	2018-03-11	1.45858	1.37983	1.53481	1.30271	0
BIS_USD	2018-03-10	1.37983	1.33501	1.69430	1.33452	0
BIS_USD	2018-03-09	1.33501	1.47010	1.49253	1.28559	0
BIS_USD	2018-03-08	1.47010	1.71265	1.77462	1.46091	0
BIS_USD	2018-03-07	1.71265	1.66835	1.92276	1.54104	0
BIS_USD	2018-03-06	1.66835	1.89138	1.89138	1.48570	0
BIS_USD	2018-03-05	1.89138	2.04310	2.04514	1.86364	0
BIS_USD	2018-03-04	2.04310	1.97198	2.04790	1.75508	0
BIS_USD	2018-03-03	1.97198	1.96086	2.11591	1.95563	0
BIS_USD	2018-03-02	1.96086	2.00060	2.13786	1.91447	0
