BITUSD_USD	2019-04-09	0.04179	0.04441	0.04562	0.04042	0
BITUSD_USD	2019-04-08	0.04448	0.03921	0.04498	0.03886	0
BITUSD_USD	2019-04-07	0.03932	0.03755	0.03997	0.03728	0
BITUSD_USD	2019-04-06	0.03749	0.03772	0.03917	0.03637	0
BITUSD_USD	2019-04-05	0.03773	0.03497	0.03939	0.03497	0
BITUSD_USD	2019-04-04	0.03489	0.03555	0.03692	0.03435	0
BITUSD_USD	2019-04-03	0.03555	0.03801	0.04026	0.03497	0
BITUSD_USD	2019-04-02	0.03807	0.03278	0.03929	0.03275	0
BITUSD_USD	2019-04-01	0.03279	0.03367	0.03450	0.03265	0
BITUSD_USD	2019-03-31	0.03367	0.03322	0.03397	0.03287	0
BITUSD_USD	2019-03-30	0.03322	0.03439	0.03469	0.03281	0
BITUSD_USD	2019-03-29	0.03441	0.03260	0.03488	0.03253	0
BITUSD_USD	2019-03-28	0.03260	0.03227	0.03265	0.03159	0
BITUSD_USD	2019-03-27	0.03227	0.03043	0.03233	0.03028	0
BITUSD_USD	2019-03-26	0.03042	0.03003	0.03222	0.02964	0
BITUSD_USD	2019-03-25	0.03001	0.03272	0.03274	0.02950	0
BITUSD_USD	2019-03-24	0.03272	0.03015	0.03305	0.02994	0
BITUSD_USD	2019-03-23	0.03015	0.02886	0.03053	0.02886	0
BITUSD_USD	2019-03-22	0.02889	0.02839	0.02909	0.02800	0
BITUSD_USD	2019-03-21	0.02839	0.02887	0.02962	0.02783	0
BITUSD_USD	2019-03-20	0.02893	0.02963	0.03062	0.02873	0
BITUSD_USD	2019-03-19	0.02970	0.02966	0.03078	0.02861	0
BITUSD_USD	2019-03-18	0.02970	0.02844	0.03214	0.02842	0
BITUSD_USD	2019-03-17	0.02850	0.02874	0.02939	0.02678	0
BITUSD_USD	2019-03-16	0.02875	0.02890	0.02934	0.02853	0
BITUSD_USD	2019-03-15	0.02910	0.02780	0.02928	0.02780	0
BITUSD_USD	2019-03-14	0.02781	0.02668	0.02859	0.02657	0
BITUSD_USD	2019-03-13	0.02669	0.02569	0.02669	0.02529	0
BITUSD_USD	2019-03-12	0.02568	0.02496	0.02817	0.02354	0
BITUSD_USD	2019-03-11	0.02505	0.02525	0.02594	0.02387	0
BITUSD_USD	2019-03-10	0.02528	0.02525	0.02583	0.02495	0
BITUSD_USD	2019-03-09	0.02526	0.02475	0.02558	0.02471	0
BITUSD_USD	2019-03-08	0.02475	0.02496	0.02537	0.02455	0
BITUSD_USD	2019-03-07	0.02496	0.02527	0.02569	0.02470	0
BITUSD_USD	2019-03-06	0.02527	0.02478	0.02538	0.02420	0
BITUSD_USD	2019-03-05	0.02477	0.02350	0.02531	0.02342	0
BITUSD_USD	2019-03-04	0.02350	0.02426	0.02438	0.02315	0
BITUSD_USD	2019-03-03	0.02426	0.02473	0.02510	0.02395	0
BITUSD_USD	2019-03-02	0.02473	0.02470	0.02503	0.02445	0
BITUSD_USD	2019-03-01	0.02472	0.02486	0.02529	0.02469	0
BITUSD_USD	2019-02-28	0.02487	0.02532	0.02578	0.02456	0
BITUSD_USD	2019-02-27	0.02532	0.02651	0.02669	0.02441	0
BITUSD_USD	2019-02-26	0.02653	0.02642	0.02669	0.02608	0
BITUSD_USD	2019-02-25	0.02645	0.02540	0.02668	0.02534	0
BITUSD_USD	2019-02-24	0.02541	0.02822	0.02858	0.02513	0
BITUSD_USD	2019-02-23	0.02822	0.02790	0.02893	0.02736	0
BITUSD_USD	2019-02-22	0.02795	0.02698	0.02821	0.02688	0
BITUSD_USD	2019-02-21	0.02699	0.02743	0.02798	0.02584	0
BITUSD_USD	2019-02-20	0.02747	0.02639	0.02754	0.02626	0
BITUSD_USD	2019-02-19	0.02644	0.02506	0.02798	0.02471	0
BITUSD_USD	2019-02-18	0.02503	0.02437	0.02564	0.02430	0
BITUSD_USD	2019-02-17	0.02438	0.02403	0.02480	0.02374	0
BITUSD_USD	2019-02-16	0.02404	0.02219	0.02428	0.02214	0
BITUSD_USD	2019-02-15	0.02215	0.02182	0.02272	0.02170	0
BITUSD_USD	2019-02-14	0.02180	0.02185	0.02217	0.02162	0
BITUSD_USD	2019-02-13	0.02187	0.02243	0.02298	0.02177	0
BITUSD_USD	2019-02-12	0.02242	0.02310	0.02419	0.02197	0
BITUSD_USD	2019-02-11	0.02314	0.02280	0.02325	0.02146	0
BITUSD_USD	2019-02-10	0.02280	0.02391	0.02391	0.02249	0
BITUSD_USD	2019-02-09	0.02391	0.02253	0.02496	0.02239	0
BITUSD_USD	2019-02-08	0.02257	0.02022	0.02286	0.02004	0
BITUSD_USD	2019-02-07	0.02020	0.02064	0.02107	0.02017	0
BITUSD_USD	2019-02-06	0.02061	0.02182	0.02187	0.02059	0
BITUSD_USD	2019-02-05	0.02181	0.02180	0.02207	0.02153	0
BITUSD_USD	2019-02-04	0.02180	0.02264	0.02290	0.02162	0
BITUSD_USD	2019-02-03	0.02274	0.02404	0.02416	0.02217	0
BITUSD_USD	2019-02-02	0.02397	0.02370	0.02466	0.02282	0
BITUSD_USD	2019-02-01	0.02372	0.02347	0.02417	0.02317	0
BITUSD_USD	2019-01-31	0.02343	0.02374	0.02406	0.02326	0
BITUSD_USD	2019-01-30	0.02374	0.02318	0.02391	0.02296	0
BITUSD_USD	2019-01-29	0.02318	0.02433	0.02441	0.02317	0
BITUSD_USD	2019-01-28	0.02433	0.02606	0.02655	0.02407	0
BITUSD_USD	2019-01-27	0.02608	0.02591	0.02655	0.02493	0
BITUSD_USD	2019-01-26	0.02588	0.02693	0.02704	0.02582	0
BITUSD_USD	2019-01-25	0.02693	0.02707	0.02879	0.02632	0
BITUSD_USD	2019-01-24	0.02714	0.03045	0.03423	0.02591	0
BITUSD_USD	2019-01-23	0.03003	0.02798	0.03028	0.02613	0
BITUSD_USD	2019-01-22	0.02753	0.02402	0.02878	0.02298	0
BITUSD_USD	2019-01-21	0.02403	0.02275	0.02545	0.02269	0
BITUSD_USD	2019-01-20	0.02274	0.02130	0.02444	0.02063	0
BITUSD_USD	2019-01-19	0.02131	0.02112	0.02242	0.02111	0
BITUSD_USD	2019-01-18	0.02112	0.02106	0.02128	0.02070	0
BITUSD_USD	2019-01-17	0.02106	0.02095	0.02126	0.02044	0
BITUSD_USD	2019-01-16	0.02091	0.02069	0.02116	0.02047	0
BITUSD_USD	2019-01-15	0.02071	0.02139	0.02154	0.02060	0
BITUSD_USD	2019-01-14	0.02139	0.02065	0.02178	0.02058	0
BITUSD_USD	2019-01-13	0.02065	0.02186	0.02186	0.02054	0
BITUSD_USD	2019-01-12	0.02183	0.02166	0.02186	0.02136	0
BITUSD_USD	2019-01-11	0.02168	0.02098	0.02291	0.02090	0
BITUSD_USD	2019-01-10	0.02096	0.02509	0.02518	0.02074	0
BITUSD_USD	2019-01-09	0.02452	0.02405	0.02452	0.02286	0
BITUSD_USD	2019-01-08	0.02404	0.02398	0.02434	0.02323	0
BITUSD_USD	2019-01-07	0.02398	0.02425	0.02478	0.02372	0
BITUSD_USD	2019-01-06	0.02426	0.02314	0.04569	0.02277	0
BITUSD_USD	2019-01-05	0.02314	0.02331	0.02406	0.02295	0
BITUSD_USD	2019-01-04	0.02333	0.02299	0.02353	0.02277	0
BITUSD_USD	2019-01-03	0.02298	0.02450	0.02454	0.02283	0
BITUSD_USD	2019-01-02	0.02448	0.02397	0.02471	0.02347	0
BITUSD_USD	2019-01-01	0.02391	0.02317	0.02404	0.02289	0
BITUSD_USD	2018-12-31	0.02319	0.02381	0.02385	0.02286	0
BITUSD_USD	2018-12-30	0.02376	0.02359	0.02398	0.02298	0
BITUSD_USD	2018-12-29	0.02357	0.02470	0.02492	0.02357	0
BITUSD_USD	2018-12-28	0.02470	0.02262	0.02530	0.02158	0
BITUSD_USD	2018-12-27	0.02260	0.02234	0.02607	0.02190	0
BITUSD_USD	2018-12-26	0.02228	0.02260	0.02304	0.02161	0
BITUSD_USD	2018-12-25	0.02257	0.02397	0.02404	0.02208	0
BITUSD_USD	2018-12-24	0.02402	0.02355	0.02554	0.02355	0
BITUSD_USD	2018-12-23	0.02355	0.02353	0.02454	0.02327	0
BITUSD_USD	2018-12-22	0.02352	0.02276	0.02380	0.02251	0
BITUSD_USD	2018-12-21	0.02274	0.02468	0.02483	0.02234	0
BITUSD_USD	2018-12-20	0.02468	0.02182	0.02554	0.02175	0
BITUSD_USD	2018-12-19	0.02189	0.02090	0.02388	0.02069	0
BITUSD_USD	2018-12-18	0.02088	0.02034	0.02091	0.01958	0
BITUSD_USD	2018-12-17	0.02034	0.01828	0.02077	0.01792	0
BITUSD_USD	2018-12-16	0.01822	0.01869	0.01910	0.01822	0
BITUSD_USD	2018-12-15	0.01870	0.01858	0.01948	0.01788	0
BITUSD_USD	2018-12-14	0.01857	0.01977	0.01983	0.01817	0
BITUSD_USD	2018-12-13	0.01976	0.02328	0.02332	0.01904	0
BITUSD_USD	2018-12-12	0.02329	0.02267	0.02381	0.02215	0
BITUSD_USD	2018-12-11	0.02275	0.02180	0.02374	0.02156	0
BITUSD_USD	2018-12-10	0.02201	0.02191	0.02240	0.02080	0
BITUSD_USD	2018-12-09	0.02193	0.02077	0.02289	0.02020	0
BITUSD_USD	2018-12-08	0.02060	0.02017	0.02145	0.01955	0
BITUSD_USD	2018-12-07	0.02016	0.02027	0.02073	0.01882	0
BITUSD_USD	2018-12-06	0.02036	0.02264	0.02310	0.02025	0
BITUSD_USD	2018-12-05	0.02266	0.02466	0.02534	0.02224	0
BITUSD_USD	2018-12-04	0.02469	0.02152	0.02469	0.02046	0
BITUSD_USD	2018-12-03	0.02154	0.02379	0.02381	0.02093	0
BITUSD_USD	2018-12-02	0.02371	0.02374	0.02623	0.02324	0
BITUSD_USD	2018-12-01	0.02374	0.02199	0.02545	0.02153	0
BITUSD_USD	2018-11-30	0.02199	0.02391	0.02416	0.02164	0
BITUSD_USD	2018-11-29	0.02384	0.02433	0.02518	0.02315	0
BITUSD_USD	2018-11-28	0.02442	0.02136	0.02493	0.02091	0
BITUSD_USD	2018-11-27	0.02136	0.02077	0.02163	0.01918	0
BITUSD_USD	2018-11-26	0.02077	0.02169	0.02260	0.01984	0
BITUSD_USD	2018-11-25	0.02178	0.02109	0.02224	0.01961	0
BITUSD_USD	2018-11-24	0.02109	0.02497	0.02555	0.02050	0
BITUSD_USD	2018-11-23	0.02497	0.02579	0.02611	0.02432	0
BITUSD_USD	2018-11-22	0.02594	0.02834	0.02856	0.02548	0
BITUSD_USD	2018-11-21	0.02838	0.02613	0.02977	0.02514	0
BITUSD_USD	2018-11-20	0.02609	0.02691	0.02854	0.02348	0
BITUSD_USD	2018-11-19	0.02691	0.03738	0.03738	0.02612	0
BITUSD_USD	2018-11-18	0.03721	0.03593	0.03735	0.03586	0
BITUSD_USD	2018-11-17	0.03593	0.03617	0.03631	0.03542	0
BITUSD_USD	2018-11-16	0.03617	0.03828	0.03831	0.03550	0
BITUSD_USD	2018-11-15	0.03833	0.03864	0.03872	0.03480	0
BITUSD_USD	2018-11-14	0.03840	0.04340	0.04608	0.03702	0
BITUSD_USD	2018-11-13	0.04344	0.04632	0.04678	0.04273	0
BITUSD_USD	2018-11-12	0.04626	0.04744	0.04791	0.04584	0
BITUSD_USD	2018-11-11	0.04751	0.04859	0.04864	0.04683	0
BITUSD_USD	2018-11-10	0.04855	0.04969	0.05048	0.04823	0
BITUSD_USD	2018-11-09	0.04969	0.04886	0.04989	0.04657	0
BITUSD_USD	2018-11-08	0.04889	0.04999	0.05050	0.04708	0
BITUSD_USD	2018-11-07	0.04992	0.04587	0.05183	0.04585	0
BITUSD_USD	2018-11-06	0.04587	0.04578	0.04643	0.04323	0
BITUSD_USD	2018-11-05	0.04584	0.04517	0.04584	0.04450	0
BITUSD_USD	2018-11-04	0.04546	0.04577	0.04628	0.04440	0
BITUSD_USD	2018-11-03	0.04577	0.04576	0.04644	0.04545	0
BITUSD_USD	2018-11-02	0.04576	0.04637	0.04700	0.04551	0
BITUSD_USD	2018-11-01	0.04637	0.04643	0.04751	0.04593	0
BITUSD_USD	2018-10-31	0.04643	0.04649	0.05092	0.04529	0
BITUSD_USD	2018-10-30	0.04656	0.04520	0.04832	0.04492	0
BITUSD_USD	2018-10-29	0.04520	0.05143	0.05160	0.04471	0
BITUSD_USD	2018-10-28	0.05143	0.05236	0.05311	0.05078	0
BITUSD_USD	2018-10-27	0.05226	0.05405	0.05489	0.05054	0
BITUSD_USD	2018-10-26	0.05408	0.05611	0.05781	0.05130	0
BITUSD_USD	2018-10-25	0.05196	0.04968	0.05527	0.04945	0
BITUSD_USD	2018-10-24	0.04971	0.04628	0.05078	0.04620	0
BITUSD_USD	2018-10-23	0.04628	0.04643	0.04688	0.04502	0
BITUSD_USD	2018-10-22	0.04640	0.04815	0.04889	0.04487	0
BITUSD_USD	2018-10-21	0.04813	0.04736	0.04969	0.04643	0
BITUSD_USD	2018-10-20	0.04742	0.04161	0.04939	0.04152	0
BITUSD_USD	2018-10-19	0.04161	0.04246	0.04257	0.04156	0
BITUSD_USD	2018-10-18	0.04246	0.04335	0.04399	0.04203	0
BITUSD_USD	2018-10-17	0.04334	0.04343	0.04544	0.04264	0
BITUSD_USD	2018-10-16	0.04349	0.04322	0.04414	0.04254	0
BITUSD_USD	2018-10-15	0.04322	0.04184	0.04984	0.04161	0
BITUSD_USD	2018-10-14	0.04183	0.04147	0.04227	0.04087	0
BITUSD_USD	2018-10-13	0.04147	0.04078	0.04509	0.04072	0
BITUSD_USD	2018-10-12	0.04084	0.04101	0.04160	0.03991	0
BITUSD_USD	2018-10-11	0.04104	0.04678	0.04681	0.04043	0
BITUSD_USD	2018-10-10	0.04681	0.04757	0.04758	0.04418	0
BITUSD_USD	2018-10-09	0.04757	0.04912	0.05165	0.04700	0
BITUSD_USD	2018-10-08	0.04955	0.04898	0.05024	0.04861	0
BITUSD_USD	2018-10-07	0.04898	0.05010	0.05054	0.04863	0
BITUSD_USD	2018-10-06	0.05010	0.04970	0.05166	0.04898	0
BITUSD_USD	2018-10-05	0.04970	0.04833	0.04985	0.04823	0
BITUSD_USD	2018-10-04	0.04833	0.04896	0.05048	0.04809	0
BITUSD_USD	2018-10-03	0.04887	0.05031	0.05081	0.04761	0
BITUSD_USD	2018-10-02	0.05038	0.04922	0.05300	0.04849	0
BITUSD_USD	2018-10-01	0.04921	0.04954	0.05035	0.04772	0
BITUSD_USD	2018-09-30	0.04954	0.04947	0.05091	0.04878	0
BITUSD_USD	2018-09-29	0.04947	0.04917	0.05022	0.04745	0
BITUSD_USD	2018-09-28	0.04917	0.05142	0.05240	0.04903	0
BITUSD_USD	2018-09-27	0.05137	0.04953	0.05244	0.04904	0
BITUSD_USD	2018-09-26	0.04953	0.05126	0.05201	0.04923	0
BITUSD_USD	2018-09-25	0.05119	0.05380	0.05383	0.05067	0
BITUSD_USD	2018-09-24	0.05380	0.05559	0.05703	0.05352	0
BITUSD_USD	2018-09-23	0.05560	0.05476	0.05725	0.05414	0
BITUSD_USD	2018-09-22	0.05480	0.05711	0.05763	0.05295	0
BITUSD_USD	2018-09-21	0.05719	0.05503	0.05744	0.05479	0
BITUSD_USD	2018-09-20	0.05503	0.05566	0.05605	0.05371	0
BITUSD_USD	2018-09-19	0.05564	0.05410	0.05564	0.05175	0
BITUSD_USD	2018-09-18	0.05414	0.05266	0.05583	0.05241	0
BITUSD_USD	2018-09-17	0.05270	0.05592	0.05718	0.05228	0
BITUSD_USD	2018-09-16	0.05592	0.05600	0.05699	0.05454	0
BITUSD_USD	2018-09-15	0.05604	0.05547	0.05616	0.05435	0
BITUSD_USD	2018-09-14	0.05560	0.05511	0.05688	0.05389	0
BITUSD_USD	2018-09-13	0.05514	0.05329	0.05632	0.05327	0
BITUSD_USD	2018-09-12	0.05329	0.05307	0.05344	0.05209	0
BITUSD_USD	2018-09-11	0.05306	0.05428	0.05476	0.05259	0
BITUSD_USD	2018-09-10	0.05425	0.05249	0.05449	0.05249	0
BITUSD_USD	2018-09-09	0.05244	0.05291	0.05432	0.05203	0
BITUSD_USD	2018-09-08	0.05294	0.05543	0.05771	0.05246	0
BITUSD_USD	2018-09-07	0.05543	0.05744	0.06271	0.05536	0
BITUSD_USD	2018-09-06	0.05742	0.05631	0.05761	0.05245	0
BITUSD_USD	2018-09-05	0.05618	0.07219	0.07219	0.05613	0
BITUSD_USD	2018-09-04	0.07212	0.06445	0.07344	0.06351	0
BITUSD_USD	2018-09-03	0.06448	0.06102	0.07008	0.05849	0
BITUSD_USD	2018-09-02	0.06109	0.06161	0.06286	0.05816	0
BITUSD_USD	2018-09-01	0.06161	0.05414	0.06585	0.05367	0
BITUSD_USD	2018-08-31	0.05414	0.05390	0.05454	0.05280	0
BITUSD_USD	2018-08-30	0.05396	0.05581	0.05598	0.05210	0
BITUSD_USD	2018-08-29	0.05588	0.05646	0.05837	0.05530	0
BITUSD_USD	2018-08-28	0.05634	0.05369	0.05678	0.05234	0
BITUSD_USD	2018-08-27	0.05367	0.05001	0.05379	0.04976	0
BITUSD_USD	2018-08-26	0.05008	0.05201	0.05266	0.04896	0
BITUSD_USD	2018-08-25	0.05219	0.05246	0.05328	0.05006	0
BITUSD_USD	2018-08-24	0.05245	0.05030	0.05280	0.04846	0
BITUSD_USD	2018-08-23	0.04990	0.04952	0.05149	0.04732	0
BITUSD_USD	2018-08-22	0.04947	0.05233	0.05525	0.04908	0
BITUSD_USD	2018-08-21	0.05232	0.05202	0.05323	0.05053	0
BITUSD_USD	2018-08-20	0.05164	0.05414	0.05597	0.05160	0
BITUSD_USD	2018-08-19	0.05415	0.05407	0.05514	0.05126	0
BITUSD_USD	2018-08-18	0.05413	0.06132	0.06354	0.05020	0
BITUSD_USD	2018-08-17	0.06137	0.05199	0.06214	0.05140	0
BITUSD_USD	2018-08-16	0.05204	0.05703	0.05750	0.04746	0
BITUSD_USD	2018-08-15	0.05709	0.05666	0.06390	0.05666	0
BITUSD_USD	2018-08-14	0.05651	0.05785	0.05785	0.04890	0
BITUSD_USD	2018-08-13	0.05792	0.06099	0.06447	0.05747	0
BITUSD_USD	2018-08-12	0.06102	0.06148	0.06335	0.06008	0
BITUSD_USD	2018-08-11	0.06143	0.06463	0.06634	0.05879	0
BITUSD_USD	2018-08-10	0.06457	0.07353	0.07440	0.06368	0
BITUSD_USD	2018-08-09	0.07195	0.06655	0.07218	0.06439	0
BITUSD_USD	2018-08-08	0.06655	0.07583	0.07593	0.06449	0
BITUSD_USD	2018-08-07	0.07588	0.08284	0.08343	0.07571	0
BITUSD_USD	2018-08-06	0.08277	0.08330	0.08683	0.07934	0
BITUSD_USD	2018-08-05	0.08355	0.08198	0.08454	0.07872	0
BITUSD_USD	2018-08-04	0.08190	0.08923	0.09080	0.07907	0
BITUSD_USD	2018-08-03	0.08918	0.08946	0.09764	0.08708	0
BITUSD_USD	2018-08-02	0.09027	0.10356	0.10545	0.08826	0
BITUSD_USD	2018-08-01	0.10361	0.11511	0.11511	0.10157	0
BITUSD_USD	2018-07-31	0.11319	0.12796	0.12807	0.11164	0
BITUSD_USD	2018-07-30	0.12788	0.13324	0.13697	0.12640	0
BITUSD_USD	2018-07-29	0.13324	0.13350	0.13635	0.13115	0
BITUSD_USD	2018-07-28	0.13354	0.13568	0.14207	0.13218	0
BITUSD_USD	2018-07-27	0.13564	0.13333	0.13898	0.13004	0
BITUSD_USD	2018-07-26	0.13333	0.13379	0.14593	0.13333	0
BITUSD_USD	2018-07-25	0.13367	0.13103	0.13881	0.13042	0
BITUSD_USD	2018-07-24	0.13162	0.12339	0.13369	0.12183	0
BITUSD_USD	2018-07-23	0.12450	0.12389	0.13357	0.12298	0
BITUSD_USD	2018-07-22	0.12394	0.12464	0.13279	0.11801	0
BITUSD_USD	2018-07-21	0.12464	0.11913	0.12767	0.11550	0
BITUSD_USD	2018-07-20	0.11897	0.13639	0.14726	0.11597	0
BITUSD_USD	2018-07-19	0.13639	0.14008	0.14236	0.13526	0
BITUSD_USD	2018-07-18	0.13985	0.13170	0.15378	0.13018	0
BITUSD_USD	2018-07-17	0.13194	0.11602	0.13414	0.11447	0
BITUSD_USD	2018-07-16	0.11546	0.10336	0.11688	0.10250	0
BITUSD_USD	2018-07-15	0.10336	0.10244	0.10659	0.10204	0
BITUSD_USD	2018-07-14	0.10247	0.09955	0.10557	0.09807	0
BITUSD_USD	2018-07-13	0.09952	0.10045	0.10152	0.09650	0
BITUSD_USD	2018-07-12	0.10039	0.10657	0.10700	0.09797	0
BITUSD_USD	2018-07-11	0.10660	0.10006	0.11054	0.10006	0
BITUSD_USD	2018-07-10	0.10009	0.10969	0.10979	0.09827	0
BITUSD_USD	2018-07-09	0.10966	0.11199	0.11246	0.10461	0
BITUSD_USD	2018-07-08	0.11206	0.11779	0.12091	0.11003	0
BITUSD_USD	2018-07-07	0.11799	0.11217	0.11907	0.11009	0
BITUSD_USD	2018-07-06	0.11196	0.10205	0.11196	0.09977	0
BITUSD_USD	2018-07-05	0.10285	0.10979	0.11335	0.10169	0
BITUSD_USD	2018-07-04	0.10976	0.11121	0.11470	0.10680	0
BITUSD_USD	2018-07-03	0.11105	0.11212	0.11890	0.00148	0
BITUSD_USD	2018-07-02	0.11210	0.10203	0.11897	0.00000	0
BITUSD_USD	2018-07-01	0.10204	0.09984	0.10566	0.09692	0
BITUSD_USD	2018-06-30	0.09980	0.09393	0.10903	0.09288	0
BITUSD_USD	2018-06-29	0.09477	0.09020	0.09741	0.08570	0
BITUSD_USD	2018-06-28	0.09031	0.10282	0.10396	0.08975	0
BITUSD_USD	2018-06-27	0.10279	0.09703	0.10631	0.09426	0
BITUSD_USD	2018-06-26	0.09734	0.10370	0.10382	0.09672	0
BITUSD_USD	2018-06-25	0.10372	0.10381	0.10530	0.09916	0
BITUSD_USD	2018-06-24	0.10384	0.10541	0.10624	0.09678	0
BITUSD_USD	2018-06-23	0.10544	0.10139	0.11161	0.10001	0
BITUSD_USD	2018-06-22	0.10145	0.11591	0.11684	0.10008	0
BITUSD_USD	2018-06-21	0.11591	0.11563	0.11710	0.11316	0
BITUSD_USD	2018-06-20	0.11567	0.11667	0.11958	0.11130	0
BITUSD_USD	2018-06-19	0.11681	0.11952	0.11997	0.11478	0
BITUSD_USD	2018-06-18	0.11936	0.11433	0.12340	0.11272	0
BITUSD_USD	2018-06-17	0.11424	0.11745	0.11820	0.11370	0
BITUSD_USD	2018-06-16	0.11743	0.11752	0.12126	0.11347	0
BITUSD_USD	2018-06-15	0.11746	0.12613	0.12635	0.11706	0
BITUSD_USD	2018-06-14	0.12589	0.11419	0.12885	0.11391	0
BITUSD_USD	2018-06-13	0.11438	0.12296	0.12446	0.11009	0
BITUSD_USD	2018-06-12	0.12273	0.13469	0.14087	0.12101	0
BITUSD_USD	2018-06-11	0.13472	0.13840	0.14233	0.12760	0
BITUSD_USD	2018-06-10	0.13706	0.17258	0.17258	0.13487	0
BITUSD_USD	2018-06-09	0.17253	0.17336	0.17704	0.17195	0
BITUSD_USD	2018-06-08	0.17347	0.18327	0.18327	0.17324	0
BITUSD_USD	2018-06-07	0.18334	0.18052	0.18814	0.17851	0
BITUSD_USD	2018-06-06	0.18051	0.18304	0.18909	0.17856	0
BITUSD_USD	2018-06-05	0.18288	0.18232	0.18425	0.16975	0
BITUSD_USD	2018-06-04	0.18245	0.19339	0.19404	0.18056	0
BITUSD_USD	2018-06-03	0.19322	0.18961	0.20079	0.18715	0
BITUSD_USD	2018-06-02	0.18965	0.18088	0.19268	0.17926	0
BITUSD_USD	2018-06-01	0.18073	0.18973	0.19755	0.17816	0
BITUSD_USD	2018-05-31	0.18975	0.17947	0.19011	0.17630	0
BITUSD_USD	2018-05-30	0.17951	0.18350	0.18806	0.17615	0
BITUSD_USD	2018-05-29	0.18320	0.17174	0.18493	0.16272	0
BITUSD_USD	2018-05-28	0.17160	0.17700	0.18289	0.17020	0
BITUSD_USD	2018-05-27	0.17700	0.17623	0.18304	0.17366	0
BITUSD_USD	2018-05-26	0.17619	0.18671	0.18689	0.17548	0
BITUSD_USD	2018-05-25	0.18675	0.18592	0.19199	0.17821	0
BITUSD_USD	2018-05-24	0.18584	0.18166	0.19408	0.17638	0
BITUSD_USD	2018-05-23	0.18179	0.20302	0.20638	0.17856	0
BITUSD_USD	2018-05-22	0.20281	0.21838	0.22644	0.20273	0
BITUSD_USD	2018-05-21	0.21841	0.21980	0.22352	0.21488	0
BITUSD_USD	2018-05-20	0.21981	0.21841	0.22384	0.21079	0
BITUSD_USD	2018-05-19	0.21865	0.21693	0.22118	0.21068	0
BITUSD_USD	2018-05-18	0.21693	0.21573	0.22069	0.20808	0
BITUSD_USD	2018-05-17	0.21605	0.22970	0.23551	0.21378	0
BITUSD_USD	2018-05-16	0.22951	0.24606	0.24606	0.22238	0
BITUSD_USD	2018-05-15	0.24547	0.24751	0.26779	0.24123	0
BITUSD_USD	2018-05-14	0.24753	0.24923	0.26023	0.22648	0
BITUSD_USD	2018-05-13	0.24930	0.22815	0.25671	0.22813	0
BITUSD_USD	2018-05-12	0.22787	0.22840	0.23999	0.22220	0
BITUSD_USD	2018-05-11	0.22777	0.26636	0.26636	0.22600	0
BITUSD_USD	2018-05-10	0.26659	0.28840	0.30206	0.26255	0
BITUSD_USD	2018-05-09	0.28835	0.28851	0.29570	0.27997	0
BITUSD_USD	2018-05-08	0.28881	0.29235	0.30250	0.00003	0
BITUSD_USD	2018-05-07	0.29276	0.31676	0.31717	0.28885	0
BITUSD_USD	2018-05-06	0.31667	0.32881	0.33250	0.29884	0
BITUSD_USD	2018-05-05	0.32651	0.33553	0.34088	0.32004	0
BITUSD_USD	2018-05-04	0.33529	0.32987	0.34604	0.32222	0
BITUSD_USD	2018-05-03	0.33073	0.32841	0.34194	0.32254	0
BITUSD_USD	2018-05-02	0.32832	0.33013	0.33589	0.32166	0
BITUSD_USD	2018-05-01	0.33026	0.33181	0.33683	0.31164	0
BITUSD_USD	2018-04-30	0.33150	0.33788	0.35132	0.31292	0
BITUSD_USD	2018-04-29	0.33750	0.32234	0.34350	0.31100	0
BITUSD_USD	2018-04-28	0.32231	0.30265	0.32645	0.30104	0
BITUSD_USD	2018-04-27	0.30266	0.30314	0.32386	0.29590	0
BITUSD_USD	2018-04-26	0.30305	0.26872	0.30398	0.26168	0
BITUSD_USD	2018-04-25	0.26871	0.33982	0.33982	0.26871	0
BITUSD_USD	2018-04-24	0.33965	0.30360	0.34146	0.30283	0
BITUSD_USD	2018-04-23	0.30633	0.30334	0.31442	0.29550	0
BITUSD_USD	2018-04-22	0.30287	0.29368	0.31266	0.28825	0
BITUSD_USD	2018-04-21	0.29319	0.30290	0.30290	0.27561	0
BITUSD_USD	2018-04-20	0.30260	0.30763	0.31248	0.28726	0
BITUSD_USD	2018-04-19	0.30800	0.29828	0.31404	0.28635	0
BITUSD_USD	2018-04-18	0.29804	0.24795	0.29804	0.24447	0
BITUSD_USD	2018-04-17	0.24783	0.25054	0.26041	0.24345	0
BITUSD_USD	2018-04-16	0.25093	0.25951	0.27578	0.24334	0
BITUSD_USD	2018-04-15	0.25971	0.25482	0.26755	0.24269	0
BITUSD_USD	2018-04-14	0.25484	0.23989	0.26916	0.23735	0
BITUSD_USD	2018-04-13	0.23994	0.22170	0.25943	0.21692	0
BITUSD_USD	2018-04-12	0.22151	0.20566	0.23101	0.19743	0
BITUSD_USD	2018-04-11	0.20572	0.19850	0.20613	0.19244	0
BITUSD_USD	2018-04-10	0.19825	0.18073	0.20509	0.17683	0
BITUSD_USD	2018-04-09	0.18041	0.19000	0.20351	0.17683	0
BITUSD_USD	2018-04-08	0.18990	0.17683	0.19443	0.17626	0
BITUSD_USD	2018-04-07	0.17691	0.16758	0.18362	0.16517	0
BITUSD_USD	2018-04-06	0.16764	0.17854	0.18023	0.16483	0
BITUSD_USD	2018-04-05	0.17858	0.18020	0.18184	0.16950	0
BITUSD_USD	2018-04-04	0.18021	0.19512	0.19612	0.16962	0
BITUSD_USD	2018-04-03	0.19536	0.16750	0.20541	0.16550	0
BITUSD_USD	2018-04-02	0.16711	0.16077	0.17605	0.15893	0
BITUSD_USD	2018-04-01	0.16108	0.16264	0.17597	0.14839	0
BITUSD_USD	2018-03-31	0.16264	0.15812	0.17397	0.15812	0
BITUSD_USD	2018-03-30	0.15821	0.17090	0.17992	0.15209	0
BITUSD_USD	2018-03-29	0.17060	0.21545	0.21592	0.15890	0
BITUSD_USD	2018-03-28	0.21540	0.20985	0.22515	0.20572	0
BITUSD_USD	2018-03-27	0.20967	0.22931	0.23275	0.20967	0
BITUSD_USD	2018-03-26	0.22867	0.24510	0.25765	0.21075	0
BITUSD_USD	2018-03-25	0.24500	0.22430	0.26177	0.21479	0
BITUSD_USD	2018-03-24	0.22393	0.23512	0.25195	0.22393	0
BITUSD_USD	2018-03-23	0.23491	0.24457	0.24523	0.21638	0
BITUSD_USD	2018-03-22	0.24516	0.25943	0.25964	0.23164	0
BITUSD_USD	2018-03-21	0.25946	0.25848	0.29346	0.25145	0
BITUSD_USD	2018-03-20	0.25770	0.23871	0.27715	0.22704	0
BITUSD_USD	2018-03-19	0.24063	0.23467	0.24940	0.21773	0
BITUSD_USD	2018-03-18	0.23461	0.23563	0.23604	0.17906	0
BITUSD_USD	2018-03-17	0.23583	0.25656	0.28082	0.23165	0
BITUSD_USD	2018-03-16	0.26006	0.24882	0.27469	0.23739	0
BITUSD_USD	2018-03-15	0.24856	0.25002	0.26619	0.22102	0
BITUSD_USD	2018-03-14	0.25029	0.28393	0.32384	0.24574	0
BITUSD_USD	2018-03-13	0.28369	0.28992	0.30733	0.26384	0
BITUSD_USD	2018-03-12	0.28905	0.31561	0.32279	0.27623	0
BITUSD_USD	2018-03-11	0.31507	0.30016	0.32031	0.28004	0
BITUSD_USD	2018-03-10	0.29997	0.32493	0.35109	0.29881	0
BITUSD_USD	2018-03-09	0.32505	0.35869	0.36323	0.29885	0
BITUSD_USD	2018-03-08	0.35864	0.40847	0.44570	0.35864	0
BITUSD_USD	2018-03-07	0.40815	0.48225	0.49580	0.38504	0
BITUSD_USD	2018-03-06	0.48595	0.49214	0.53050	0.44947	0
BITUSD_USD	2018-03-05	0.49655	0.53275	0.53275	0.45711	0
BITUSD_USD	2018-03-04	0.53786	0.47340	0.53786	0.42230	0
BITUSD_USD	2018-03-03	0.47324	0.50557	0.52678	0.46830	0
BITUSD_USD	2018-03-02	0.50551	0.47090	0.51864	0.44766	0
BITUSD_USD	2018-03-01	0.47120	0.37718	0.51000	0.37408	0
BITUSD_USD	2018-02-28	0.37747	0.38203	0.41010	0.35357	0
BITUSD_USD	2018-02-27	0.38184	0.36427	0.39031	0.35405	0
BITUSD_USD	2018-02-26	0.36373	0.34433	0.37373	0.33513	0
