BKX_USD	2019-04-09	0.018227	0.018506	0.018528	0.017911	0
BKX_USD	2019-04-08	0.018540	0.018015	0.019084	0.017873	0
BKX_USD	2019-04-07	0.018072	0.017083	0.039491	0.016958	0
BKX_USD	2019-04-06	0.017065	0.017107	0.017797	0.016606	0
BKX_USD	2019-04-05	0.017135	0.016229	0.017379	0.016130	0
BKX_USD	2019-04-04	0.016222	0.016479	0.016900	0.015856	0
BKX_USD	2019-04-03	0.016418	0.016917	0.018351	0.015578	0
BKX_USD	2019-04-02	0.016922	0.014635	0.017198	0.014615	0
BKX_USD	2019-04-01	0.014671	0.014385	0.014796	0.014186	0
BKX_USD	2019-03-31	0.014386	0.014473	0.014475	0.014277	0
BKX_USD	2019-03-30	0.014473	0.014628	0.014859	0.014284	0
BKX_USD	2019-03-29	0.014628	0.014034	0.014639	0.014008	0
BKX_USD	2019-03-28	0.014034	0.014169	0.014169	0.013957	0
BKX_USD	2019-03-27	0.014171	0.082591	0.086025	0.013965	0
BKX_USD	2019-03-26	0.082591	0.082438	0.083085	0.081767	0
BKX_USD	2019-03-25	0.082438	0.084067	0.084506	0.081249	0
BKX_USD	2019-03-24	0.084067	0.084958	0.084994	0.083463	0
BKX_USD	2019-03-23	0.084958	0.022090	0.085007	0.022052	0
BKX_USD	2019-03-22	0.022097	0.021919	0.022305	0.021833	0
BKX_USD	2019-03-21	0.021921	0.022746	0.022831	0.021748	0
BKX_USD	2019-03-20	0.022740	0.022665	0.022839	0.022270	0
BKX_USD	2019-03-19	0.022684	0.022494	0.022766	0.022374	0
BKX_USD	2019-03-18	0.022494	0.022674	0.023154	0.022249	0
BKX_USD	2019-03-17	0.022674	0.023007	0.023007	0.022462	0
BKX_USD	2019-03-16	0.023007	0.022284	0.023542	0.022284	0
BKX_USD	2019-03-15	0.022282	0.021553	0.022561	0.021551	0
BKX_USD	2019-03-14	0.021569	0.021524	0.021995	0.021186	0
BKX_USD	2019-03-13	0.021524	0.021802	0.021804	0.021358	0
BKX_USD	2019-03-12	0.021802	0.021666	0.022041	0.021025	0
BKX_USD	2019-03-11	0.021657	0.022111	0.022201	0.021441	0
BKX_USD	2019-03-10	0.022111	0.022412	0.022444	0.021902	0
BKX_USD	2019-03-09	0.022410	0.021791	0.022662	0.021686	0
BKX_USD	2019-03-08	0.021790	0.022406	0.022857	0.021325	0
BKX_USD	2019-03-07	0.022407	0.022493	0.022924	0.022174	0
BKX_USD	2019-03-06	0.022488	0.022421	0.022966	0.021912	0
BKX_USD	2019-03-05	0.022399	0.020542	0.022548	0.020450	0
BKX_USD	2019-03-04	0.020542	0.021324	0.021418	0.020144	0
BKX_USD	2019-03-03	0.021302	0.021695	0.022032	0.020902	0
BKX_USD	2019-03-02	0.021697	0.022158	0.022289	0.021306	0
BKX_USD	2019-03-01	0.022174	0.022107	0.022614	0.022054	0
BKX_USD	2019-02-28	0.022110	0.022054	0.022806	0.021838	0
BKX_USD	2019-02-27	0.022054	0.022301	0.022987	0.020742	0
BKX_USD	2019-02-26	0.022343	0.022579	0.022671	0.021999	0
BKX_USD	2019-02-25	0.022583	0.021639	0.023147	0.021639	0
BKX_USD	2019-02-24	0.021609	0.025816	0.027106	0.021609	0
BKX_USD	2019-02-23	0.025847	0.024200	0.026142	0.023833	0
BKX_USD	2019-02-22	0.024239	0.023727	0.024337	0.023395	0
BKX_USD	2019-02-21	0.023733	0.024265	0.024566	0.023287	0
BKX_USD	2019-02-20	0.024358	0.023457	0.024393	0.023007	0
BKX_USD	2019-02-19	0.023457	0.023817	0.024543	0.023349	0
BKX_USD	2019-02-18	0.023842	0.021790	0.024270	0.021639	0
BKX_USD	2019-02-17	0.021790	0.019948	0.022122	0.019918	0
BKX_USD	2019-02-16	0.019948	0.019803	0.020318	0.019796	0
BKX_USD	2019-02-15	0.019798	0.019601	0.020234	0.019550	0
BKX_USD	2019-02-14	0.019611	0.019793	0.020200	0.019558	0
BKX_USD	2019-02-13	0.019816	0.019960	0.020688	0.019615	0
BKX_USD	2019-02-12	0.019900	0.019628	0.020170	0.019182	0
BKX_USD	2019-02-11	0.019628	0.020364	0.020364	0.019465	0
BKX_USD	2019-02-10	0.020398	0.019363	0.020496	0.018880	0
BKX_USD	2019-02-09	0.019384	0.019389	0.019740	0.019137	0
BKX_USD	2019-02-08	0.019416	0.016920	0.019936	0.016816	0
BKX_USD	2019-02-07	0.016912	0.016968	0.017216	0.016830	0
BKX_USD	2019-02-06	0.016968	0.017390	0.017430	0.016481	0
BKX_USD	2019-02-05	0.017390	0.017354	0.017462	0.017199	0
BKX_USD	2019-02-04	0.017358	0.010032	0.017534	0.009973	0
BKX_USD	2019-02-03	0.010023	0.010410	0.010478	0.009900	0
BKX_USD	2019-02-02	0.010381	0.010068	0.010428	0.009969	0
BKX_USD	2019-02-01	0.010068	0.012254	0.012363	0.009949	0
BKX_USD	2019-01-31	0.012230	0.017136	0.017435	0.012125	0
BKX_USD	2019-01-30	0.017148	0.016482	0.017303	0.016328	0
BKX_USD	2019-01-29	0.016513	0.016673	0.016772	0.016173	0
BKX_USD	2019-01-28	0.016660	0.017582	0.017722	0.016018	0
BKX_USD	2019-01-27	0.017585	0.018185	0.018291	0.017480	0
BKX_USD	2019-01-26	0.018190	0.018178	0.018595	0.018144	0
BKX_USD	2019-01-25	0.018176	0.018454	0.018508	0.018030	0
BKX_USD	2019-01-24	0.018455	0.018407	0.018591	0.017963	0
BKX_USD	2019-01-23	0.018407	0.018629	0.018774	0.018153	0
BKX_USD	2019-01-22	0.018629	0.017611	0.018846	0.017506	0
BKX_USD	2019-01-21	0.017626	0.017882	0.018019	0.017264	0
BKX_USD	2019-01-20	0.017855	0.018901	0.018978	0.017668	0
BKX_USD	2019-01-19	0.018901	0.018279	0.019534	0.018279	0
BKX_USD	2019-01-18	0.018274	0.018766	0.018829	0.018070	0
BKX_USD	2019-01-17	0.018787	0.018710	0.018953	0.018010	0
BKX_USD	2019-01-16	0.018623	0.018377	0.019480	0.018257	0
BKX_USD	2019-01-15	0.018405	0.019717	0.019991	0.017977	0
BKX_USD	2019-01-14	0.019718	0.017699	0.020157	0.017675	0
BKX_USD	2019-01-13	0.017683	0.019100	0.019156	0.017430	0
BKX_USD	2019-01-12	0.019102	0.019320	0.019490	0.018946	0
BKX_USD	2019-01-11	0.019320	0.019429	0.019768	0.018804	0
BKX_USD	2019-01-10	0.019423	0.036786	0.037185	0.018913	0
BKX_USD	2019-01-09	0.036774	0.023651	0.037637	0.023426	0
BKX_USD	2019-01-08	0.023651	0.023947	0.024320	0.023334	0
BKX_USD	2019-01-07	0.023942	0.030561	0.030891	0.023711	0
BKX_USD	2019-01-06	0.030555	0.030093	0.031327	0.029181	0
BKX_USD	2019-01-05	0.030085	0.030141	0.031657	0.029982	0
BKX_USD	2019-01-04	0.030143	0.030490	0.032411	0.028668	0
BKX_USD	2019-01-03	0.030479	0.024565	0.030804	0.023095	0
BKX_USD	2019-01-02	0.024573	0.022487	0.025129	0.022195	0
BKX_USD	2019-01-01	0.022286	0.020962	0.022706	0.020790	0
BKX_USD	2018-12-31	0.020962	0.022385	0.046604	0.020817	0
BKX_USD	2018-12-30	0.022355	0.021705	0.022526	0.020944	0
BKX_USD	2018-12-29	0.021821	0.030068	0.030832	0.021188	0
BKX_USD	2018-12-28	0.030085	0.025034	0.030281	0.024723	0
BKX_USD	2018-12-27	0.024968	0.028420	0.028697	0.024608	0
BKX_USD	2018-12-26	0.028408	0.028075	0.029823	0.026937	0
BKX_USD	2018-12-25	0.028073	0.030103	0.030292	0.026733	0
BKX_USD	2018-12-24	0.030126	0.028810	0.034468	0.028731	0
BKX_USD	2018-12-23	0.028815	0.027186	0.030692	0.027172	0
BKX_USD	2018-12-22	0.027142	0.025117	0.027188	0.024551	0
BKX_USD	2018-12-21	0.025117	0.026671	0.027658	0.024553	0
BKX_USD	2018-12-20	0.026784	0.032779	0.036450	0.025218	0
BKX_USD	2018-12-19	0.032754	0.033330	0.035474	0.032554	0
BKX_USD	2018-12-18	0.033237	0.031130	0.033666	0.030240	0
BKX_USD	2018-12-17	0.031133	0.019539	0.032104	0.019474	0
BKX_USD	2018-12-16	0.019530	0.019343	0.020267	0.019305	0
BKX_USD	2018-12-15	0.019345	0.019221	0.019549	0.018787	0
BKX_USD	2018-12-14	0.019218	0.019830	0.019948	0.018875	0
BKX_USD	2018-12-13	0.019785	0.020712	0.020963	0.019455	0
BKX_USD	2018-12-12	0.020712	0.020060	0.021189	0.019894	0
BKX_USD	2018-12-11	0.020166	0.027071	0.027608	0.019766	0
BKX_USD	2018-12-10	0.027032	0.021689	0.027177	0.020468	0
BKX_USD	2018-12-09	0.021727	0.033393	0.038189	0.021525	0
BKX_USD	2018-12-08	0.033417	0.034132	0.035864	0.030870	0
BKX_USD	2018-12-07	0.034141	0.033108	0.035582	0.029891	0
BKX_USD	2018-12-06	0.033268	0.036956	0.037899	0.032980	0
BKX_USD	2018-12-05	0.036880	0.048003	0.048207	0.036841	0
BKX_USD	2018-12-04	0.048012	0.047332	0.049932	0.046144	0
BKX_USD	2018-12-03	0.047332	0.026398	0.051718	0.025586	0
BKX_USD	2018-12-02	0.026346	0.026970	0.027498	0.026287	0
BKX_USD	2018-12-01	0.026970	0.024500	0.027335	0.024075	0
BKX_USD	2018-11-30	0.024500	0.025529	0.025988	0.024153	0
BKX_USD	2018-11-29	0.025529	0.026723	0.026901	0.024827	0
BKX_USD	2018-11-28	0.026723	0.024075	0.027515	0.024075	0
BKX_USD	2018-11-27	0.024075	0.023819	0.024640	0.022193	0
BKX_USD	2018-11-26	0.023819	0.032080	0.032734	0.023065	0
BKX_USD	2018-11-25	0.032183	0.031154	0.032672	0.028015	0
BKX_USD	2018-11-24	0.031154	0.033828	0.035028	0.030246	0
BKX_USD	2018-11-23	0.033828	0.032821	0.034685	0.031213	0
BKX_USD	2018-11-22	0.033141	0.049804	0.050481	0.033141	0
BKX_USD	2018-11-21	0.049955	0.042076	0.050103	0.034735	0
BKX_USD	2018-11-20	0.042051	0.047286	0.048170	0.040059	0
BKX_USD	2018-11-19	0.047286	0.059052	0.059052	0.046396	0
BKX_USD	2018-11-18	0.059052	0.058045	0.060025	0.058045	0
BKX_USD	2018-11-17	0.058045	0.058441	0.058603	0.057498	0
BKX_USD	2018-11-16	0.058441	0.060768	0.060939	0.057359	0
BKX_USD	2018-11-15	0.060768	0.072437	0.073250	0.058505	0
BKX_USD	2018-11-14	0.071930	0.094372	0.095001	0.068823	0
BKX_USD	2018-11-13	0.094498	0.085708	0.095946	0.084632	0
BKX_USD	2018-11-12	0.085708	0.076661	0.085829	0.076049	0
BKX_USD	2018-11-11	0.076791	0.076733	0.076906	0.075243	0
BKX_USD	2018-11-10	0.076733	0.097067	0.099142	0.076625	0
BKX_USD	2018-11-09	0.097067	0.072067	0.097513	0.071581	0
BKX_USD	2018-11-08	0.072067	0.074193	0.074705	0.072067	0
BKX_USD	2018-11-07	0.074193	0.073871	0.076229	0.073614	0
BKX_USD	2018-11-06	0.073871	0.070533	0.073891	0.069964	0
BKX_USD	2018-11-05	0.070533	0.070931	0.071131	0.069539	0
BKX_USD	2018-11-04	0.070931	0.066927	0.073028	0.066573	0
BKX_USD	2018-11-03	0.066927	0.067636	0.067720	0.066663	0
BKX_USD	2018-11-02	0.067636	0.066803	0.068064	0.066803	0
BKX_USD	2018-11-01	0.066803	0.066456	0.066954	0.066258	0
BKX_USD	2018-10-31	0.066456	0.087572	0.087572	0.064706	0
BKX_USD	2018-10-30	0.087572	0.087288	0.087949	0.086871	0
BKX_USD	2018-10-29	0.087288	0.090857	0.090998	0.086783	0
BKX_USD	2018-10-28	0.090857	0.090537	0.091043	0.090364	0
BKX_USD	2018-10-27	0.090537	0.078938	0.091180	0.067711	0
BKX_USD	2018-10-26	0.078938	0.057302	0.079516	0.057240	0
BKX_USD	2018-10-25	0.057302	0.057719	0.071923	0.057302	0
BKX_USD	2018-10-24	0.057719	0.057885	0.058450	0.057708	0
BKX_USD	2018-10-23	0.057885	0.055175	0.058164	0.055047	0
BKX_USD	2018-10-22	0.055175	0.055475	0.055866	0.054959	0
BKX_USD	2018-10-21	0.055435	0.072858	0.073936	0.055427	0
BKX_USD	2018-10-20	0.072851	0.071713	0.073390	0.071258	0
BKX_USD	2018-10-19	0.071699	0.069859	0.072431	0.069246	0
BKX_USD	2018-10-18	0.069859	0.072182	0.072775	0.069120	0
BKX_USD	2018-10-17	0.072182	0.075212	0.075761	0.071302	0
BKX_USD	2018-10-16	0.075236	0.074813	0.076355	0.073939	0
BKX_USD	2018-10-15	0.074813	0.068817	0.083101	0.067999	0
BKX_USD	2018-10-14	0.068769	0.070352	0.071045	0.068328	0
BKX_USD	2018-10-13	0.070363	0.068884	0.070824	0.068821	0
BKX_USD	2018-10-12	0.068947	0.066835	0.070345	0.066604	0
BKX_USD	2018-10-11	0.066730	0.079261	0.079261	0.066458	0
BKX_USD	2018-10-10	0.079261	0.079893	0.079932	0.078331	0
BKX_USD	2018-10-09	0.079893	0.062293	0.080184	0.061463	0
BKX_USD	2018-10-08	0.062293	0.061216	0.062878	0.060713	0
BKX_USD	2018-10-07	0.061216	0.060970	0.061566	0.060007	0
BKX_USD	2018-10-06	0.060970	0.061871	0.061969	0.060451	0
BKX_USD	2018-10-05	0.061871	0.060153	0.062603	0.059506	0
BKX_USD	2018-10-04	0.060153	0.082310	0.084511	0.058617	0
BKX_USD	2018-10-03	0.082269	0.072254	0.082668	0.069235	0
BKX_USD	2018-10-02	0.072347	0.068529	0.073067	0.066968	0
BKX_USD	2018-10-01	0.068515	0.062864	0.068645	0.060963	0
BKX_USD	2018-09-30	0.062864	0.062686	0.064501	0.061128	0
BKX_USD	2018-09-29	0.062686	0.059966	0.064080	0.057797	0
BKX_USD	2018-09-28	0.059966	0.087334	0.088944	0.059075	0
BKX_USD	2018-09-27	0.087271	0.056127	0.088559	0.056105	0
BKX_USD	2018-09-26	0.056228	0.065926	0.081689	0.055967	0
BKX_USD	2018-09-25	0.065548	0.068356	0.068356	0.061060	0
BKX_USD	2018-09-24	0.068356	0.073414	0.073771	0.067684	0
BKX_USD	2018-09-23	0.073396	0.072301	0.074836	0.071197	0
BKX_USD	2018-09-22	0.072275	0.074344	0.076471	0.069997	0
BKX_USD	2018-09-21	0.074434	0.058765	0.074596	0.057629	0
BKX_USD	2018-09-20	0.058765	0.054608	0.059547	0.053841	0
BKX_USD	2018-09-19	0.054561	0.054298	0.055518	0.051225	0
BKX_USD	2018-09-18	0.054298	0.051136	0.055700	0.050497	0
BKX_USD	2018-09-17	0.051136	0.065320	0.066492	0.050104	0
BKX_USD	2018-09-16	0.065320	0.073209	0.073404	0.064768	0
BKX_USD	2018-09-15	0.073516	0.068633	0.075080	0.068633	0
BKX_USD	2018-09-14	0.069345	0.073708	0.078192	0.069345	0
BKX_USD	2018-09-13	0.073708	0.065094	0.075178	0.065094	0
BKX_USD	2018-09-12	0.065094	0.065709	0.065751	0.059684	0
BKX_USD	2018-09-11	0.065877	0.057505	0.068076	0.055347	0
BKX_USD	2018-09-10	0.057505	0.069415	0.071740	0.054617	0
BKX_USD	2018-09-09	0.069270	0.057237	0.071837	0.054037	0
BKX_USD	2018-09-08	0.057237	0.066776	0.068157	0.056159	0
BKX_USD	2018-09-07	0.066776	0.062421	0.068388	0.058084	0
BKX_USD	2018-09-06	0.062429	0.074100	0.075330	0.060899	0
BKX_USD	2018-09-05	0.074100	0.075383	0.081857	0.066502	0
BKX_USD	2018-09-04	0.075383	0.076352	0.077362	0.074693	0
BKX_USD	2018-09-03	0.076428	0.092673	0.093337	0.075948	0
BKX_USD	2018-09-02	0.092673	0.095818	0.096848	0.091186	0
BKX_USD	2018-09-01	0.095818	0.091330	0.097908	0.091330	0
BKX_USD	2018-08-31	0.091330	0.074299	0.092302	0.072351	0
BKX_USD	2018-08-30	0.074336	0.075515	0.076106	0.071252	0
BKX_USD	2018-08-29	0.075607	0.077919	0.078243	0.074953	0
BKX_USD	2018-08-28	0.077919	0.102332	0.102552	0.075626	0
BKX_USD	2018-08-27	0.101997	0.097515	0.101997	0.096651	0
BKX_USD	2018-08-26	0.097515	0.098564	0.098688	0.095779	0
BKX_USD	2018-08-25	0.098564	0.079536	0.099797	0.078692	0
BKX_USD	2018-08-24	0.079536	0.078029	0.080025	0.076505	0
BKX_USD	2018-08-23	0.078005	0.076445	0.079177	0.075871	0
BKX_USD	2018-08-22	0.076321	0.076491	0.088094	0.073592	0
BKX_USD	2018-08-21	0.076479	0.086844	0.088635	0.073855	0
BKX_USD	2018-08-20	0.086801	0.096121	0.097538	0.086567	0
BKX_USD	2018-08-19	0.096147	0.094533	0.098421	0.092765	0
BKX_USD	2018-08-18	0.094432	0.101959	0.113096	0.090854	0
BKX_USD	2018-08-17	0.101870	0.092014	0.102166	0.091632	0
BKX_USD	2018-08-16	0.092143	0.117049	0.124386	0.090344	0
BKX_USD	2018-08-15	0.116954	0.106165	0.124220	0.092360	0
BKX_USD	2018-08-14	0.106035	0.108811	0.108811	0.089386	0
BKX_USD	2018-08-13	0.108811	0.122872	0.124164	0.107616	0
BKX_USD	2018-08-12	0.122872	0.132465	0.136356	0.098941	0
BKX_USD	2018-08-11	0.132617	0.138336	0.138557	0.100217	0
BKX_USD	2018-08-10	0.138402	0.151948	0.152837	0.136476	0
BKX_USD	2018-08-09	0.151856	0.128337	0.154648	0.085941	0
BKX_USD	2018-08-08	0.128267	0.158167	0.159273	0.126359	0
BKX_USD	2018-08-07	0.158255	0.169719	0.171973	0.154515	0
BKX_USD	2018-08-06	0.169725	0.161671	0.170645	0.097547	0
BKX_USD	2018-08-05	0.161744	0.173213	0.174227	0.144213	0
BKX_USD	2018-08-04	0.173068	0.179170	0.179728	0.171392	0
BKX_USD	2018-08-03	0.179170	0.177687	0.179569	0.153719	0
BKX_USD	2018-08-02	0.177659	0.182128	0.184253	0.164427	0
BKX_USD	2018-08-01	0.182011	0.188190	0.189218	0.157769	0
BKX_USD	2018-07-31	0.188096	0.191755	0.196720	0.181843	0
BKX_USD	2018-07-30	0.191759	0.190305	0.196184	0.181676	0
BKX_USD	2018-07-29	0.190411	0.209159	0.209173	0.176630	0
BKX_USD	2018-07-28	0.209159	0.182577	0.210456	0.182549	0
BKX_USD	2018-07-27	0.182577	0.182092	0.182587	0.165837	0
BKX_USD	2018-07-26	0.182092	0.178401	0.182587	0.166836	0
BKX_USD	2018-07-25	0.178269	0.192267	0.236533	0.168729	0
