BMH_USD	2019-04-09	0.002637	0.002713	0.002713	0.002637	0
BMH_USD	2019-04-08	0.002713	0.002911	0.003391	0.002566	0
BMH_USD	2019-04-07	0.002911	0.002896	0.002993	0.002876	0
BMH_USD	2019-04-06	0.002896	0.002974	0.003034	0.002847	0
BMH_USD	2019-04-05	0.002974	0.002566	0.003030	0.002565	0
BMH_USD	2019-04-04	0.002566	0.001892	0.002592	0.001873	0
BMH_USD	2019-04-03	0.001892	0.001923	0.002024	0.001738	0
BMH_USD	2019-04-02	0.001923	0.001701	0.002056	0.001697	0
BMH_USD	2019-04-01	0.001701	0.001605	0.001703	0.001589	0
BMH_USD	2019-03-31	0.001605	0.001624	0.001631	0.001602	0
BMH_USD	2019-03-30	0.001624	0.001630	0.001642	0.001609	0
BMH_USD	2019-03-29	0.001630	0.001596	0.001668	0.001373	0
BMH_USD	2019-03-28	0.001596	0.001641	0.001642	0.001591	0
BMH_USD	2019-03-27	0.001641	0.001497	0.001644	0.001494	0
BMH_USD	2019-03-26	0.001497	0.001846	0.001853	0.001372	0
BMH_USD	2019-03-25	0.001846	0.001879	0.001902	0.001832	0
BMH_USD	2019-03-24	0.001879	0.002519	0.002519	0.001777	0
BMH_USD	2019-03-23	0.002519	0.002632	0.002641	0.002510	0
BMH_USD	2019-03-22	0.002632	0.002710	0.002714	0.002626	0
BMH_USD	2019-03-21	0.002710	0.002765	0.002778	0.002417	0
BMH_USD	2019-03-20	0.002765	0.002608	0.002898	0.002479	0
BMH_USD	2019-03-19	0.002608	0.002709	0.002958	0.002537	0
BMH_USD	2019-03-18	0.002709	0.002665	1,000,000,000.000000	0.002536	0
BMH_USD	2019-03-17	0.002665	0.002638	0.002799	0.002401	0
BMH_USD	2019-03-16	0.002638	0.002662	0.002680	0.002300	0
BMH_USD	2019-03-15	0.002662	0.002330	0.002693	0.002272	0
BMH_USD	2019-03-14	0.002330	0.002467	0.002644	0.002200	0
BMH_USD	2019-03-13	0.002467	0.001799	0.003026	0.001780	0
BMH_USD	2019-03-12	0.001799	0.001403	0.001979	0.001383	0
BMH_USD	2019-03-11	0.001403	0.001340	0.001440	0.001274	0
BMH_USD	2019-03-10	0.001340	0.001365	0.001366	0.001334	0
BMH_USD	2019-03-09	0.001365	0.001340	0.001380	0.001338	0
BMH_USD	2019-03-08	0.001340	0.001368	0.001375	0.001318	0
BMH_USD	2019-03-07	0.001368	0.001343	0.001402	0.001323	0
BMH_USD	2019-03-06	0.001343	0.001304	0.001346	0.001291	0
BMH_USD	2019-03-05	0.001304	0.001406	0.001425	0.001277	0
BMH_USD	2019-03-04	0.001406	0.001554	0.001563	0.001399	0
BMH_USD	2019-03-03	0.001554	0.001565	0.001569	0.001544	0
BMH_USD	2019-03-02	0.001565	0.001626	0.001627	0.001562	0
BMH_USD	2019-03-01	0.001626	0.001597	0.001638	0.001596	0
BMH_USD	2019-02-28	0.001597	0.001677	0.001684	0.001459	0
BMH_USD	2019-02-27	0.001677	0.001481	0.001825	0.001450	0
BMH_USD	2019-02-26	0.001481	0.001275	0.001623	0.001273	0
BMH_USD	2019-02-25	0.001275	0.001456	0.001477	0.001257	0
BMH_USD	2019-02-24	0.001456	0.001748	0.001777	0.001455	0
BMH_USD	2019-02-23	0.001748	0.001646	0.001766	0.001626	0
BMH_USD	2019-02-22	0.001646	0.001664	0.001674	0.001529	0
BMH_USD	2019-02-21	0.001664	0.001705	0.001731	0.001650	0
BMH_USD	2019-02-20	0.001705	0.001617	0.001767	0.001607	0
BMH_USD	2019-02-19	0.001617	0.001611	0.001653	0.001597	0
BMH_USD	2019-02-18	0.001611	0.001494	0.001624	0.001407	0
BMH_USD	2019-02-17	0.001494	0.001471	0.001513	0.001468	0
BMH_USD	2019-02-16	0.001471	0.001502	0.001514	0.001459	0
BMH_USD	2019-02-15	0.001502	0.001554	0.001567	0.001432	0
BMH_USD	2019-02-14	0.001554	0.001523	0.001564	0.001517	0
BMH_USD	2019-02-13	0.001523	0.001496	0.001639	0.001492	0
BMH_USD	2019-02-12	0.001496	0.001399	0.001674	0.001349	0
BMH_USD	2019-02-11	0.001399	0.001667	0.001682	0.001399	0
BMH_USD	2019-02-10	0.001667	0.001413	0.001668	0.001394	0
BMH_USD	2019-02-09	0.001413	0.001415	0.001421	0.001404	0
BMH_USD	2019-02-08	0.001415	0.001289	0.001423	0.001285	0
BMH_USD	2019-02-07	0.001289	0.001225	0.001295	0.001221	0
BMH_USD	2019-02-06	0.001225	0.001264	0.001268	0.001198	0
BMH_USD	2019-02-05	0.001264	0.001222	0.001283	0.001220	0
BMH_USD	2019-02-04	0.001222	0.001331	0.001333	0.001157	0
BMH_USD	2019-02-03	0.001331	0.001352	0.001369	0.001319	0
BMH_USD	2019-02-02	0.001352	0.001468	0.001468	0.001190	0
BMH_USD	2019-02-01	0.001468	0.001261	0.001475	0.001248	0
BMH_USD	2019-01-31	0.001261	0.001271	0.001370	0.001254	0
BMH_USD	2019-01-30	0.001271	0.001252	0.001277	0.001243	0
BMH_USD	2019-01-29	0.001252	0.001243	0.001259	0.001215	0
BMH_USD	2019-01-28	0.001243	0.001331	0.001331	0.001227	0
BMH_USD	2019-01-27	0.001331	0.001344	0.001416	0.001311	0
BMH_USD	2019-01-26	0.001344	0.001379	0.001435	0.001289	0
BMH_USD	2019-01-25	0.001379	0.001297	0.001689	0.001297	0
BMH_USD	2019-01-24	0.001297	0.001249	0.001302	0.001239	0
BMH_USD	2019-01-23	0.001249	0.001255	0.001267	0.001239	0
BMH_USD	2019-01-22	0.001255	0.001235	0.001268	0.001208	0
BMH_USD	2019-01-21	0.001235	0.001668	0.001672	0.001226	0
BMH_USD	2019-01-20	0.001668	0.001977	0.002074	0.001556	0
BMH_USD	2019-01-19	0.001977	0.001470	0.002142	0.001470	0
BMH_USD	2019-01-18	0.001470	0.001488	0.001558	0.001446	0
BMH_USD	2019-01-17	0.001488	0.001377	0.001489	0.001330	0
BMH_USD	2019-01-16	0.001377	0.001280	0.001380	0.001275	0
BMH_USD	2019-01-15	0.001280	0.001293	0.001316	0.001272	0
BMH_USD	2019-01-14	0.001293	0.001257	0.001310	0.001158	0
BMH_USD	2019-01-13	0.001257	0.001333	0.001334	0.001250	0
BMH_USD	2019-01-12	0.001333	0.001467	0.001597	0.001186	0
BMH_USD	2019-01-11	0.001467	0.001578	0.001595	0.001379	0
BMH_USD	2019-01-10	0.001578	0.001980	0.002006	0.001576	0
BMH_USD	2019-01-09	0.001980	0.002173	0.002205	0.001977	0
BMH_USD	2019-01-08	0.002173	0.001728	0.002209	0.001705	0
BMH_USD	2019-01-07	0.001728	0.001648	0.001785	0.001634	0
BMH_USD	2019-01-06	0.001648	0.001526	0.002895	0.001439	0
BMH_USD	2019-01-05	0.001526	0.001523	0.001641	0.001521	0
BMH_USD	2019-01-04	0.001523	0.001470	0.001535	0.001439	0
BMH_USD	2019-01-03	0.001470	0.001397	0.001494	0.001391	0
BMH_USD	2019-01-02	0.001397	0.001385	0.001478	0.001357	0
BMH_USD	2019-01-01	0.001385	0.001398	0.001400	0.001326	0
BMH_USD	2018-12-31	0.001398	0.001450	0.001750	0.001394	0
BMH_USD	2018-12-30	0.001450	0.001631	0.001739	0.001433	0
BMH_USD	2018-12-29	0.001631	0.001796	0.001947	0.001625	0
BMH_USD	2018-12-28	0.001796	0.001597	0.001827	0.001491	0
BMH_USD	2018-12-27	0.001597	0.001749	0.001763	0.001586	0
BMH_USD	2018-12-26	0.001749	0.001718	0.001758	0.001696	0
BMH_USD	2018-12-25	0.001718	0.001927	0.001931	0.001631	0
BMH_USD	2018-12-24	0.001927	0.001791	0.002102	0.001791	0
BMH_USD	2018-12-23	0.001791	0.001692	0.001865	0.001681	0
BMH_USD	2018-12-22	0.001692	0.001688	0.001700	0.001605	0
BMH_USD	2018-12-21	0.001688	0.001897	0.002018	0.001640	0
BMH_USD	2018-12-20	0.001897	0.001676	0.001912	0.001664	0
BMH_USD	2018-12-19	0.001676	0.001455	0.001935	0.001448	0
BMH_USD	2018-12-18	0.001455	0.001305	0.001641	0.001278	0
BMH_USD	2018-12-17	0.001305	0.001204	0.001408	0.001199	0
BMH_USD	2018-12-16	0.001204	0.001085	0.001257	0.001043	0
BMH_USD	2018-12-15	0.001085	0.001066	0.001109	0.001046	0
BMH_USD	2018-12-14	0.001066	0.001123	0.001199	0.000995	0
BMH_USD	2018-12-13	0.001123	0.000955	0.001136	0.000929	0
BMH_USD	2018-12-12	0.000955	0.000941	0.001100	0.000938	0
BMH_USD	2018-12-11	0.000949	0.000987	0.001049	0.000934	0
BMH_USD	2018-12-10	0.000987	0.001021	0.001096	0.000936	0
BMH_USD	2018-12-09	0.001021	0.000929	0.001064	0.000828	0
BMH_USD	2018-12-08	0.000929	0.000986	0.001012	0.000801	0
BMH_USD	2018-12-07	0.000986	0.000956	0.000993	0.000878	0
BMH_USD	2018-12-06	0.000956	0.001431	0.001453	0.000458	0
BMH_USD	2018-12-05	0.001431	0.001593	0.001705	0.001431	0
BMH_USD	2018-12-04	0.001593	0.001639	0.001736	0.001453	0
BMH_USD	2018-12-03	0.001639	0.001601	0.001657	0.001330	0
BMH_USD	2018-12-02	0.001601	0.001909	0.002043	0.001585	0
BMH_USD	2018-12-01	0.001909	0.001615	0.001945	0.001514	0
BMH_USD	2018-11-30	0.001615	0.001703	0.001742	0.001571	0
BMH_USD	2018-11-29	0.001703	0.001378	0.001997	0.001338	0
BMH_USD	2018-11-28	0.001378	0.001418	0.001441	0.001084	0
BMH_USD	2018-11-27	0.001418	0.000964	0.001439	0.000826	0
BMH_USD	2018-11-26	0.000964	0.001211	0.001319	0.000929	0
BMH_USD	2018-11-25	0.001211	0.001336	0.001349	0.001090	0
BMH_USD	2018-11-24	0.001336	0.001769	0.001806	0.001304	0
BMH_USD	2018-11-23	0.001769	0.001757	0.002093	0.001608	0
BMH_USD	2018-11-22	0.001757	0.002055	0.002075	0.001757	0
BMH_USD	2018-11-21	0.002055	0.001858	0.002060	0.001674	0
BMH_USD	2018-11-20	0.001858	0.002074	0.002119	0.001715	0
BMH_USD	2018-11-19	0.002074	0.002688	0.002688	0.002074	0
BMH_USD	2018-11-18	0.002688	0.002279	0.002688	0.002277	0
BMH_USD	2018-11-17	0.002279	0.002774	0.002774	0.002103	0
BMH_USD	2018-11-16	0.002774	0.002789	0.002792	0.002704	0
BMH_USD	2018-11-15	0.002789	0.002854	0.003094	0.002694	0
BMH_USD	2018-11-14	0.002854	0.003265	0.003516	0.002775	0
BMH_USD	2018-11-13	0.003265	0.003320	0.003466	0.001129	0
BMH_USD	2018-11-12	0.003320	0.003391	0.003402	0.003254	0
BMH_USD	2018-11-11	0.003391	0.003569	0.003641	0.003370	0
BMH_USD	2018-11-10	0.003569	0.003692	0.003797	0.003418	0
BMH_USD	2018-11-09	0.003692	0.003758	0.003771	0.003470	0
BMH_USD	2018-11-08	0.003758	0.003878	0.003885	0.003740	0
BMH_USD	2018-11-07	0.003878	0.003779	0.004009	0.003777	0
BMH_USD	2018-11-06	0.003779	0.003688	0.003779	0.003337	0
BMH_USD	2018-11-05	0.003688	0.003761	0.003877	0.003644	0
BMH_USD	2018-11-04	0.003761	0.003641	0.003803	0.003625	0
BMH_USD	2018-11-03	0.003641	0.003696	0.003699	0.003578	0
BMH_USD	2018-11-02	0.003696	0.003680	0.004056	0.003588	0
BMH_USD	2018-11-01	0.003680	0.003757	0.003772	0.003678	0
BMH_USD	2018-10-31	0.003757	0.003956	0.003959	0.003756	0
BMH_USD	2018-10-30	0.003956	0.003394	0.004451	0.003394	0
BMH_USD	2018-10-29	0.003394	0.003602	0.003641	0.003302	0
BMH_USD	2018-10-28	0.003602	0.003608	0.003786	0.003551	0
BMH_USD	2018-10-27	0.003608	0.003527	0.003608	0.003458	0
BMH_USD	2018-10-26	0.003527	0.003264	0.003690	0.003204	0
BMH_USD	2018-10-25	0.003264	0.003146	0.003280	0.002753	0
BMH_USD	2018-10-24	0.003146	0.002915	0.003372	0.002789	0
BMH_USD	2018-10-23	0.002915	0.003415	0.003483	0.002620	0
BMH_USD	2018-10-22	0.003415	0.003821	0.003844	0.002634	0
BMH_USD	2018-10-21	0.003821	0.003754	0.004008	0.003753	0
BMH_USD	2018-10-20	0.003754	0.003818	0.003954	0.003746	0
BMH_USD	2018-10-19	0.003818	0.003935	0.003945	0.003736	0
BMH_USD	2018-10-18	0.003935	0.003738	0.004074	0.003732	0
BMH_USD	2018-10-17	0.003738	0.003953	0.004022	0.003721	0
BMH_USD	2018-10-16	0.003953	0.003910	0.003997	0.003878	0
BMH_USD	2018-10-15	0.003910	0.004307	0.005112	0.003819	0
BMH_USD	2018-10-14	0.004307	0.004365	0.004471	0.004272	0
BMH_USD	2018-10-13	0.004365	0.003747	0.004583	0.003660	0
BMH_USD	2018-10-12	0.003747	0.002940	0.004538	0.002925	0
BMH_USD	2018-10-11	0.002940	0.002950	0.002973	0.002782	0
BMH_USD	2018-10-10	0.002950	0.003132	0.003132	0.002949	0
BMH_USD	2018-10-09	0.003132	0.003003	0.003299	0.002994	0
BMH_USD	2018-10-08	0.003003	0.002970	0.003269	0.002905	0
BMH_USD	2018-10-07	0.002970	0.003296	0.003308	0.002695	0
BMH_USD	2018-10-06	0.003296	0.003189	0.003511	0.003178	0
BMH_USD	2018-10-05	0.003189	0.003718	0.004042	0.003158	0
BMH_USD	2018-10-04	0.003718	0.003967	0.004109	0.003437	0
BMH_USD	2018-10-03	0.003967	0.003367	0.004253	0.003367	0
BMH_USD	2018-10-02	0.003367	0.003465	0.003491	0.003140	0
BMH_USD	2018-10-01	0.003465	0.003475	0.003763	0.003181	0
BMH_USD	2018-09-30	0.003475	0.003335	0.003491	0.003279	0
BMH_USD	2018-09-29	0.003335	0.003351	0.003351	0.003129	0
BMH_USD	2018-09-28	0.003351	0.003478	0.003549	0.003305	0
BMH_USD	2018-09-27	0.003478	0.003587	0.003659	0.003352	0
BMH_USD	2018-09-26	0.003587	0.004697	0.004704	0.003345	0
BMH_USD	2018-09-25	0.004697	0.004972	0.004972	0.004194	0
BMH_USD	2018-09-24	0.004972	0.005100	0.005575	0.004883	0
BMH_USD	2018-09-23	0.005100	0.005211	0.005699	0.004979	0
BMH_USD	2018-09-22	0.005211	0.004267	0.005320	0.004237	0
BMH_USD	2018-09-21	0.004267	0.003640	0.004277	0.003595	0
BMH_USD	2018-09-20	0.003640	0.003292	0.003889	0.003258	0
BMH_USD	2018-09-19	0.003292	0.003140	0.003323	0.003088	0
BMH_USD	2018-09-18	0.003140	0.003190	0.003192	0.003094	0
BMH_USD	2018-09-17	0.003190	0.003184	0.003244	0.003110	0
BMH_USD	2018-09-16	0.003184	0.002380	0.003692	0.002329	0
BMH_USD	2018-09-15	0.002380	0.002076	0.002392	0.002072	0
BMH_USD	2018-09-14	0.002076	0.002040	0.002091	0.001966	0
BMH_USD	2018-09-13	0.002040	0.002376	0.002462	0.001976	0
BMH_USD	2018-09-12	0.002376	0.002390	0.002426	0.002349	0
BMH_USD	2018-09-11	0.002390	0.002397	0.002426	0.002348	0
BMH_USD	2018-09-10	0.002397	0.002121	0.002551	0.002121	0
BMH_USD	2018-09-09	0.002121	0.002443	0.002567	0.001883	0
BMH_USD	2018-09-08	0.002443	0.002946	0.003228	0.002076	0
BMH_USD	2018-09-07	0.002946	0.003127	0.003136	0.002937	0
BMH_USD	2018-09-06	0.003127	0.003989	0.003999	0.003085	0
BMH_USD	2018-09-05	0.003989	0.003974	0.004122	0.003356	0
BMH_USD	2018-09-04	0.003974	0.004871	0.004915	0.003969	0
BMH_USD	2018-09-03	0.004871	0.005030	0.005181	0.004222	0
BMH_USD	2018-09-02	0.005030	0.005110	0.005198	0.004892	0
BMH_USD	2018-09-01	0.005110	0.004813	0.005124	0.003122	0
BMH_USD	2018-08-31	0.004813	0.005001	0.005030	0.004636	0
BMH_USD	2018-08-30	0.005001	0.005250	0.005260	0.004915	0
BMH_USD	2018-08-29	0.005250	0.005946	0.005987	0.005068	0
BMH_USD	2018-08-28	0.005946	0.006282	0.006423	0.005577	0
BMH_USD	2018-08-27	0.006282	0.006742	0.006769	0.006138	0
BMH_USD	2018-08-26	0.006742	0.006402	0.006752	0.006381	0
BMH_USD	2018-08-25	0.006402	0.006125	0.006982	0.006124	0
BMH_USD	2018-08-24	0.006125	0.004895	0.006451	0.004865	0
BMH_USD	2018-08-23	0.004895	0.004830	0.004924	0.004733	0
BMH_USD	2018-08-22	0.004830	0.004859	0.005230	0.004752	0
BMH_USD	2018-08-21	0.004859	0.004816	0.005124	0.004800	0
BMH_USD	2018-08-20	0.004816	0.005058	0.005078	0.004797	0
BMH_USD	2018-08-19	0.005058	0.005145	0.005145	0.004259	0
BMH_USD	2018-08-18	0.005145	0.005238	0.005288	0.005088	0
BMH_USD	2018-08-17	0.005238	0.005807	0.006004	0.005127	0
BMH_USD	2018-08-16	0.005807	0.005863	0.005922	0.005710	0
BMH_USD	2018-08-15	0.005863	0.004732	0.006407	0.004729	0
BMH_USD	2018-08-14	0.004732	0.005252	0.005252	0.004220	0
BMH_USD	2018-08-13	0.005252	0.005367	0.005491	0.005174	0
BMH_USD	2018-08-12	0.005367	0.005134	0.005482	0.005094	0
BMH_USD	2018-08-11	0.005134	0.005345	0.006057	0.004480	0
BMH_USD	2018-08-10	0.005345	0.005027	0.005730	0.004945	0
BMH_USD	2018-08-09	0.005027	0.006435	0.006777	0.005024	0
BMH_USD	2018-08-08	0.006435	0.006617	0.006617	0.006072	0
BMH_USD	2018-08-07	0.006617	0.006938	0.007182	0.006603	0
BMH_USD	2018-08-06	0.006938	0.007630	0.007751	0.006851	0
BMH_USD	2018-08-05	0.007630	0.007286	0.007655	0.006020	0
BMH_USD	2018-08-04	0.007286	0.008121	0.008200	0.007242	0
BMH_USD	2018-08-03	0.008121	0.008326	0.008326	0.007976	0
BMH_USD	2018-08-02	0.008326	0.008409	0.008509	0.008133	0
BMH_USD	2018-08-01	0.008409	0.008326	0.008423	0.007083	0
BMH_USD	2018-07-31	0.008326	0.009152	0.009157	0.007947	0
BMH_USD	2018-07-30	0.009152	0.009250	0.010934	0.009056	0
BMH_USD	2018-07-29	0.009250	0.010431	0.010850	0.009214	0
BMH_USD	2018-07-28	0.010431	0.010843	0.011544	0.010390	0
BMH_USD	2018-07-27	0.010843	0.010019	0.010843	0.009524	0
BMH_USD	2018-07-26	0.010019	0.009854	0.011901	0.009810	0
BMH_USD	2018-07-25	0.009854	0.010979	0.011339	0.009837	0
BMH_USD	2018-07-24	0.010979	0.011532	0.012446	0.010760	0
BMH_USD	2018-07-23	0.011532	0.011139	0.011787	0.011098	0
BMH_USD	2018-07-22	0.011139	0.011586	0.011931	0.011094	0
BMH_USD	2018-07-21	0.011586	0.011915	0.012096	0.011425	0
BMH_USD	2018-07-20	0.011915	0.013303	0.013303	0.011830	0
BMH_USD	2018-07-19	0.013303	0.013149	0.013450	0.013005	0
BMH_USD	2018-07-18	0.013149	0.013286	0.013606	0.013007	0
BMH_USD	2018-07-17	0.013286	0.010744	0.013583	0.010348	0
BMH_USD	2018-07-16	0.010744	0.009361	0.011248	0.009308	0
BMH_USD	2018-07-15	0.009361	0.009906	0.009911	0.009082	0
BMH_USD	2018-07-14	0.009906	0.009454	0.010092	0.009454	0
BMH_USD	2018-07-13	0.009454	0.011029	0.011668	0.007754	0
BMH_USD	2018-07-12	0.011029	0.011352	0.011352	0.010764	0
BMH_USD	2018-07-11	0.011352	0.011436	0.011606	0.010778	0
BMH_USD	2018-07-10	0.011436	0.013287	0.013327	0.011398	0
BMH_USD	2018-07-09	0.013287	0.013483	0.014351	0.012745	0
BMH_USD	2018-07-08	0.013483	0.013557	0.013926	0.013430	0
BMH_USD	2018-07-07	0.013557	0.014292	0.014477	0.013080	0
BMH_USD	2018-07-06	0.014292	0.013179	0.015349	0.013073	0
BMH_USD	2018-07-05	0.013179	0.013674	0.013897	0.013018	0
BMH_USD	2018-07-04	0.013674	0.012935	0.013728	0.011883	0
BMH_USD	2018-07-03	0.012935	0.014922	0.014926	0.000179	0
BMH_USD	2018-07-02	0.014922	0.014952	0.017063	0.000000	0
BMH_USD	2018-07-01	0.014953	0.010706	0.015778	0.010468	0
BMH_USD	2018-06-30	0.010706	0.011041	0.011599	0.010617	0
BMH_USD	2018-06-29	0.011051	0.010558	0.011166	0.009541	0
BMH_USD	2018-06-28	0.010575	0.011132	0.011189	0.010289	0
BMH_USD	2018-06-27	0.011131	0.011040	0.011951	0.010630	0
BMH_USD	2018-06-26	0.011075	0.011970	0.013160	0.010435	0
BMH_USD	2018-06-25	0.011962	0.011063	0.012694	0.011024	0
BMH_USD	2018-06-24	0.011066	0.013459	0.013503	0.010376	0
BMH_USD	2018-06-23	0.013442	0.013263	0.013654	0.013204	0
BMH_USD	2018-06-22	0.013263	0.015475	0.015514	0.013031	0
BMH_USD	2018-06-21	0.015475	0.015886	0.015947	0.015332	0
BMH_USD	2018-06-20	0.015887	0.015619	0.016007	0.015188	0
BMH_USD	2018-06-19	0.015637	0.015906	0.016743	0.015022	0
BMH_USD	2018-06-18	0.015901	0.014948	0.015901	0.014802	0
BMH_USD	2018-06-17	0.014936	0.015991	0.016500	0.014878	0
BMH_USD	2018-06-16	0.015988	0.015899	0.016227	0.015509	0
BMH_USD	2018-06-15	0.015891	0.015907	0.016854	0.015524	0
BMH_USD	2018-06-14	0.015877	0.014667	0.016008	0.014472	0
BMH_USD	2018-06-13	0.014659	0.014037	0.016044	0.013363	0
BMH_USD	2018-06-12	0.014033	0.016180	0.016180	0.012780	0
BMH_USD	2018-06-11	0.016187	0.016083	0.016556	0.015140	0
BMH_USD	2018-06-10	0.016065	0.018184	0.018184	0.014810	0
BMH_USD	2018-06-09	0.018179	0.021589	0.021748	0.018118	0
BMH_USD	2018-06-08	0.021589	0.022097	0.022548	0.021425	0
BMH_USD	2018-06-07	0.022106	0.022579	0.022880	0.021701	0
BMH_USD	2018-06-06	0.022578	0.021893	0.022603	0.021055	0
BMH_USD	2018-06-05	0.021874	0.024639	0.024934	0.020870	0
BMH_USD	2018-06-04	0.024657	0.022402	0.026765	0.020492	0
BMH_USD	2018-06-03	0.022382	0.021637	0.023480	0.021546	0
BMH_USD	2018-06-02	0.021654	0.022280	0.023068	0.021592	0
BMH_USD	2018-06-01	0.022262	0.018827	0.022341	0.018571	0
BMH_USD	2018-05-31	0.018829	0.016439	0.019396	0.016374	0
BMH_USD	2018-05-30	0.016447	0.020082	0.020330	0.015906	0
BMH_USD	2018-05-29	0.020058	0.019607	0.020781	0.019454	0
BMH_USD	2018-05-28	0.019595	0.020853	0.020929	0.019040	0
BMH_USD	2018-05-27	0.020845	0.020851	0.021586	0.020033	0
BMH_USD	2018-05-26	0.020847	0.020170	0.021665	0.019153	0
BMH_USD	2018-05-25	0.020174	0.019584	0.020646	0.018367	0
BMH_USD	2018-05-24	0.019576	0.022473	0.022901	0.018650	0
BMH_USD	2018-05-23	0.022490	0.026404	0.026545	0.021544	0
BMH_USD	2018-05-22	0.026414	0.019771	0.028415	0.019376	0
BMH_USD	2018-05-21	0.019771	0.022885	0.024534	0.019695	0
BMH_USD	2018-05-20	0.022885	0.024555	0.025194	0.022375	0
BMH_USD	2018-05-19	0.024555	0.024923	0.025679	0.023308	0
BMH_USD	2018-05-18	0.024923	0.025294	0.026551	0.024260	0
BMH_USD	2018-05-17	0.025327	0.027424	0.027571	0.025304	0
BMH_USD	2018-05-16	0.027401	0.025313	0.028688	0.022131	0
BMH_USD	2018-05-15	0.025398	0.031199	0.032214	0.025302	0
BMH_USD	2018-05-14	0.031201	0.029611	0.033446	0.027358	0
BMH_USD	2018-05-13	0.029611	0.029196	0.029848	0.027441	0
BMH_USD	2018-05-12	0.029087	0.028870	0.031379	0.028690	0
BMH_USD	2018-05-11	0.028870	0.030709	0.030709	0.027429	0
BMH_USD	2018-05-10	0.030709	0.033871	0.034786	0.028896	0
BMH_USD	2018-05-09	0.033871	0.033661	0.034456	0.031293	0
BMH_USD	2018-05-08	0.033683	0.031680	0.035011	0.000003	0
BMH_USD	2018-05-07	0.026212	0.021878	0.026269	0.021435	0
BMH_USD	2018-05-06	0.021878	0.025451	0.025459	0.019244	0
BMH_USD	2018-05-05	0.025421	0.025143	0.027031	0.025025	0
BMH_USD	2018-05-04	0.025143	0.024805	0.029869	0.023816	0
BMH_USD	2018-05-03	0.024819	0.022396	0.025543	0.020439	0
BMH_USD	2018-05-02	0.022396	0.020354	0.022479	0.020076	0
BMH_USD	2018-05-01	0.020372	0.026462	0.026469	0.019752	0
BMH_USD	2018-04-30	0.026462	0.025188	0.027871	0.025051	0
BMH_USD	2018-04-29	0.025188	0.023116	0.025282	0.022816	0
BMH_USD	2018-04-28	0.023116	0.022993	0.025080	0.022263	0
BMH_USD	2018-04-27	0.022993	0.024726	0.026642	0.022883	0
BMH_USD	2018-04-26	0.024728	0.020635	0.025439	0.020102	0
BMH_USD	2018-04-25	0.020635	0.022679	0.023589	0.019345	0
BMH_USD	2018-04-24	0.022732	0.020472	0.022884	0.020450	0
BMH_USD	2018-04-23	0.020472	0.020591	0.021704	0.020107	0
BMH_USD	2018-04-22	0.020591	0.021528	0.021798	0.020481	0
BMH_USD	2018-04-21	0.021528	0.021866	0.022749	0.020471	0
BMH_USD	2018-04-20	0.021866	0.021307	0.022013	0.020234	0
BMH_USD	2018-04-19	0.021307	0.019396	0.021346	0.018997	0
BMH_USD	2018-04-18	0.019396	0.018305	0.019721	0.018271	0
BMH_USD	2018-04-17	0.018305	0.017643	0.021548	0.016852	0
BMH_USD	2018-04-16	0.017643	0.019681	0.022068	0.016278	0
BMH_USD	2018-04-15	0.019681	0.016731	0.020640	0.016647	0
BMH_USD	2018-04-14	0.016731	0.015758	0.019427	0.015684	0
BMH_USD	2018-04-13	0.015758	0.014914	0.017990	0.014766	0
BMH_USD	2018-04-12	0.014914	0.013398	0.016305	0.012134	0
BMH_USD	2018-04-11	0.013511	0.013543	0.015096	0.013315	0
BMH_USD	2018-04-10	0.013543	0.013996	0.017309	0.013285	0
BMH_USD	2018-04-09	0.013991	0.017607	0.021753	0.013753	0
BMH_USD	2018-04-08	0.017607	0.017563	0.021591	0.015772	0
BMH_USD	2018-04-07	0.017563	0.014320	0.018182	0.013877	0
BMH_USD	2018-04-06	0.014320	0.015958	0.016841	0.014143	0
BMH_USD	2018-04-05	0.015958	0.015881	0.016464	0.015356	0
BMH_USD	2018-04-04	0.015881	0.018586	0.019098	0.015051	0
BMH_USD	2018-04-03	0.018586	0.017773	0.021805	0.015607	0
BMH_USD	2018-04-02	0.017773	0.019477	0.019496	0.015254	0
BMH_USD	2018-04-01	0.019477	0.021953	0.023023	0.018662	0
BMH_USD	2018-03-31	0.021953	0.021547	0.024700	0.021059	0
BMH_USD	2018-03-30	0.021547	0.020071	0.023323	0.018743	0
BMH_USD	2018-03-29	0.020071	0.021957	0.022014	0.019509	0
BMH_USD	2018-03-28	0.021957	0.018876	0.022115	0.018717	0
BMH_USD	2018-03-27	0.018876	0.019824	0.021370	0.017967	0
BMH_USD	2018-03-26	0.019824	0.019973	0.020119	0.016741	0
BMH_USD	2018-03-25	0.019973	0.018714	0.023103	0.018287	0
BMH_USD	2018-03-24	0.018714	0.022300	0.024339	0.018693	0
BMH_USD	2018-03-23	0.022300	0.022097	0.023930	0.020872	0
BMH_USD	2018-03-22	0.022097	0.018245	0.029648	0.017401	0
BMH_USD	2018-03-21	0.018245	0.019304	0.019506	0.017990	0
BMH_USD	2018-03-20	0.019304	0.018834	0.019801	0.017854	0
BMH_USD	2018-03-19	0.018834	0.019329	0.019894	0.017807	0
BMH_USD	2018-03-18	0.019329	0.020187	0.020187	0.017378	0
BMH_USD	2018-03-17	0.020187	0.020481	0.021560	0.019077	0
BMH_USD	2018-03-16	0.020481	0.018696	0.022054	0.017823	0
BMH_USD	2018-03-15	0.018696	0.020871	0.024803	0.016956	0
BMH_USD	2018-03-14	0.020871	0.024299	0.026514	0.019579	0
BMH_USD	2018-03-13	0.024299	0.026174	0.027536	0.023178	0
BMH_USD	2018-03-12	0.026174	0.027199	0.028341	0.022360	0
BMH_USD	2018-03-11	0.027199	0.026705	0.029477	0.023470	0
BMH_USD	2018-03-10	0.026705	0.020791	0.026967	0.018643	0
BMH_USD	2018-03-09	0.020791	0.019202	0.021837	0.017244	0
BMH_USD	2018-03-08	0.019202	0.020306	0.020551	0.018678	0
BMH_USD	2018-03-07	0.020306	0.021338	0.022454	0.019545	0
BMH_USD	2018-03-06	0.021338	0.021999	0.024736	0.019752	0
BMH_USD	2018-03-05	0.021999	0.025777	0.027397	0.021635	0
BMH_USD	2018-03-04	0.025777	0.027730	0.027781	0.022276	0
BMH_USD	2018-03-03	0.027730	0.025356	0.029488	0.023148	0
BMH_USD	2018-03-02	0.025356	0.036986	0.037280	0.025219	0
