BTCA_USD	2019-04-09	0.0000077	0.0000080	0.0000080	0.0000076	0
BTCA_USD	2019-04-08	0.0000080	0.0000097	0.0000099	0.0000078	0
BTCA_USD	2019-04-07	0.0000097	0.0000115	0.0000116	0.0000096	0
BTCA_USD	2019-04-06	0.0000115	0.0000124	0.0000124	0.0000105	0
BTCA_USD	2019-04-05	0.0000124	0.0000127	0.0000133	0.0000122	0
BTCA_USD	2019-04-04	0.0000127	0.0000115	0.0000128	0.0000108	0
BTCA_USD	2019-04-03	0.0000115	0.0000128	0.0000143	0.0000100	0
BTCA_USD	2019-04-02	0.0000128	0.0000103	0.0000130	0.0000102	0
BTCA_USD	2019-04-01	0.0000103	0.0000111	0.0000113	0.0000099	0
BTCA_USD	2019-03-31	0.0000112	0.0000124	0.0000126	0.0000111	0
BTCA_USD	2019-03-30	0.0000124	0.0000122	0.0000126	0.0000120	0
BTCA_USD	2019-03-29	0.0000122	0.0000108	0.0000123	0.0000106	0
BTCA_USD	2019-03-28	0.0000108	0.0000116	0.0000118	0.0000108	0
BTCA_USD	2019-03-27	0.0000116	0.0000102	0.0000117	0.0000097	0
BTCA_USD	2019-03-26	0.0000102	0.0000106	0.0000108	0.0000101	0
BTCA_USD	2019-03-25	0.0000106	0.0000146	0.0000148	0.0000105	0
BTCA_USD	2019-03-24	0.0000146	0.0000151	0.0000194	0.0000145	0
BTCA_USD	2019-03-23	0.0000151	0.0000151	0.0000156	0.0000150	0
BTCA_USD	2019-03-22	0.0000151	0.0000199	0.0000199	0.0000151	0
BTCA_USD	2019-03-21	0.0000199	0.0000235	0.0000236	0.0000164	0
BTCA_USD	2019-03-20	0.0000235	0.0000199	0.0000236	0.0000196	0
BTCA_USD	2019-03-19	0.0000199	0.0000192	0.0000199	0.0000189	0
BTCA_USD	2019-03-18	0.0000192	0.0000199	0.0000205	0.0000190	0
BTCA_USD	2019-03-17	0.0000199	0.0000177	0.0000203	0.0000173	0
BTCA_USD	2019-03-16	0.0000177	0.0000163	0.0000180	0.0000163	0
BTCA_USD	2019-03-15	0.0000163	0.0000153	0.0000164	0.0000153	0
BTCA_USD	2019-03-14	0.0000153	0.0000157	0.0000161	0.0000151	0
BTCA_USD	2019-03-13	0.0000157	0.0000138	0.0000161	0.0000137	0
BTCA_USD	2019-03-12	0.0000138	0.0000186	0.0000186	0.0000134	0
BTCA_USD	2019-03-11	0.0000186	0.0000222	0.0000228	0.0000186	0
BTCA_USD	2019-03-10	0.0000222	0.0000198	0.0000225	0.0000184	0
BTCA_USD	2019-03-09	0.0000198	0.0000202	0.0000215	0.0000189	0
BTCA_USD	2019-03-08	0.0000202	0.0000189	0.0000215	0.0000185	0
BTCA_USD	2019-03-07	0.0000189	0.0000210	0.0000220	0.0000188	0
BTCA_USD	2019-03-06	0.0000209	0.0000220	0.0000228	0.0000206	0
BTCA_USD	2019-03-05	0.0000220	0.0000196	0.0000226	0.0000195	0
BTCA_USD	2019-03-04	0.0000196	0.0000204	0.0000206	0.0000192	0
BTCA_USD	2019-03-03	0.0000204	0.0000222	0.0000223	0.0000202	0
BTCA_USD	2019-03-02	0.0000222	0.0000213	0.0000228	0.0000211	0
BTCA_USD	2019-03-01	0.0000213	0.0000182	0.0000220	0.0000179	0
BTCA_USD	2019-02-28	0.0000182	0.0000191	0.0000193	0.0000179	0
BTCA_USD	2019-02-27	0.0000191	0.0000185	0.0000195	0.0000181	0
BTCA_USD	2019-02-26	0.0000185	0.0000202	0.0000206	0.0000183	0
BTCA_USD	2019-02-25	0.0000202	0.0000183	0.0000208	0.0000182	0
BTCA_USD	2019-02-24	0.0000183	0.0000192	0.0000210	0.0000172	0
BTCA_USD	2019-02-23	0.0000192	0.0000186	0.0000194	0.0000158	0
BTCA_USD	2019-02-22	0.0000186	0.0000211	0.0000212	0.0000185	0
BTCA_USD	2019-02-21	0.0000210	0.0000225	0.0000225	0.0000209	0
BTCA_USD	2019-02-20	0.0000225	0.0000192	0.0000225	0.0000190	0
BTCA_USD	2019-02-19	0.0000193	0.0000166	0.0000195	0.0000163	0
BTCA_USD	2019-02-18	0.0000166	0.0000122	0.0000167	0.0000121	0
BTCA_USD	2019-02-17	0.0000122	0.0000121	0.0000122	0.0000114	0
BTCA_USD	2019-02-16	0.0000121	0.0000107	0.0000122	0.0000107	0
BTCA_USD	2019-02-15	0.0000107	0.0000094	0.0000110	0.0000094	0
BTCA_USD	2019-02-14	0.0000094	0.0000128	0.0000130	0.0000094	0
BTCA_USD	2019-02-13	0.0000128	0.0000135	0.0000136	0.0000125	0
BTCA_USD	2019-02-12	0.0000135	0.0000121	0.0000136	0.0000118	0
BTCA_USD	2019-02-11	0.0000121	0.0000130	0.0000130	0.0000097	0
BTCA_USD	2019-02-10	0.0000130	0.0000146	0.0000153	0.0000127	0
BTCA_USD	2019-02-09	0.0000146	0.0000151	0.0000163	0.0000142	0
BTCA_USD	2019-02-08	0.0000152	0.0000133	0.0000166	0.0000125	0
BTCA_USD	2019-02-07	0.0000133	0.0000196	0.0000198	0.0000132	0
BTCA_USD	2019-02-06	0.0000197	0.0000131	0.0000197	0.0000124	0
BTCA_USD	2019-02-05	0.0000131	0.0000114	0.0000131	0.0000108	0
BTCA_USD	2019-02-04	0.0000114	0.0000113	0.0000116	0.0000111	0
BTCA_USD	2019-02-03	0.0000113	0.0000125	0.0000126	0.0000112	0
BTCA_USD	2019-02-02	0.0000125	0.0000120	0.0000126	0.0000120	0
BTCA_USD	2019-02-01	0.0000120	0.0000116	0.0000123	0.0000113	0
BTCA_USD	2019-01-31	0.0000115	0.0000128	0.0000130	0.0000115	0
BTCA_USD	2019-01-30	0.0000128	0.0000124	0.0000130	0.0000123	0
BTCA_USD	2019-01-29	0.0000124	0.0000121	0.0000125	0.0000117	0
BTCA_USD	2019-01-28	0.0000121	0.0000131	0.0000132	0.0000117	0
BTCA_USD	2019-01-27	0.0000131	0.0000157	0.0000158	0.0000127	0
BTCA_USD	2019-01-26	0.0000157	0.0000149	0.0000161	0.0000148	0
BTCA_USD	2019-01-25	0.0000149	0.0000180	0.0000183	0.0000149	0
BTCA_USD	2019-01-24	0.0000180	0.0000153	0.0000181	0.0000151	0
BTCA_USD	2019-01-23	0.0000153	0.0000151	0.0000158	0.0000151	0
BTCA_USD	2019-01-22	0.0000151	0.0000116	0.0000152	0.0000116	0
BTCA_USD	2019-01-21	0.0000116	0.0000143	0.0000143	0.0000115	0
BTCA_USD	2019-01-20	0.0000142	0.0000139	0.0000151	0.0000138	0
BTCA_USD	2019-01-19	0.0000139	0.0000176	0.0000178	0.0000139	0
BTCA_USD	2019-01-18	0.0000176	0.0000218	0.0000219	0.0000175	0
BTCA_USD	2019-01-17	0.0000218	0.0000184	0.0000219	0.0000179	0
BTCA_USD	2019-01-16	0.0000184	0.0000177	0.0000184	0.0000167	0
BTCA_USD	2019-01-15	0.0000177	0.0000215	0.0000217	0.0000176	0
BTCA_USD	2019-01-14	0.0000215	0.0000208	0.0000231	0.0000207	0
BTCA_USD	2019-01-13	0.0000208	0.0000223	0.0000228	0.0000205	0
BTCA_USD	2019-01-12	0.0000223	0.0000205	0.0000223	0.0000204	0
BTCA_USD	2019-01-11	0.0000205	0.0000215	0.0000217	0.0000201	0
BTCA_USD	2019-01-10	0.0000215	0.0000262	0.0000267	0.0000214	0
BTCA_USD	2019-01-09	0.0000262	0.0000239	0.0000266	0.0000224	0
BTCA_USD	2019-01-08	0.0000239	0.0000243	0.0000274	0.0000237	0
BTCA_USD	2019-01-07	0.0000243	0.0000276	0.0000280	0.0000242	0
BTCA_USD	2019-01-06	0.0000276	0.0000284	0.0000328	0.0000273	0
BTCA_USD	2019-01-05	0.0000284	0.0000266	0.0000297	0.0000266	0
BTCA_USD	2019-01-04	0.0000266	0.0000264	0.0000272	0.0000259	0
BTCA_USD	2019-01-03	0.0000264	0.0000279	0.0000280	0.0000259	0
BTCA_USD	2019-01-02	0.0000278	0.0000277	0.0000284	0.0000270	0
BTCA_USD	2019-01-01	0.0000276	0.0000265	0.0000277	0.0000260	0
BTCA_USD	2018-12-31	0.0000265	0.0000281	0.0000281	0.0000262	0
BTCA_USD	2018-12-30	0.0000281	0.0000156	0.0000282	0.0000146	0
BTCA_USD	2018-12-29	0.0000155	0.0000142	0.0000169	0.0000140	0
BTCA_USD	2018-12-28	0.0000142	0.0000220	0.0000225	0.0000124	0
BTCA_USD	2018-12-27	0.0000220	0.0000261	0.0000265	0.0000219	0
BTCA_USD	2018-12-26	0.0000261	0.0000289	0.0000300	0.0000253	0
BTCA_USD	2018-12-25	0.0000289	0.0000322	0.0000322	0.0000279	0
BTCA_USD	2018-12-24	0.0000321	0.0000283	0.0000357	0.0000283	0
BTCA_USD	2018-12-23	0.0000283	0.0000272	0.0000290	0.0000270	0
BTCA_USD	2018-12-22	0.0000271	0.0000267	0.0000271	0.0000256	0
BTCA_USD	2018-12-21	0.0000267	0.0000286	0.0000292	0.0000264	0
BTCA_USD	2018-12-20	0.0000287	0.0000260	0.0000294	0.0000255	0
BTCA_USD	2018-12-19	0.0000260	0.0000261	0.0000283	0.0000256	0
BTCA_USD	2018-12-18	0.0000260	0.0000238	0.0000261	0.0000233	0
BTCA_USD	2018-12-17	0.0000238	0.0000195	0.0000250	0.0000195	0
BTCA_USD	2018-12-16	0.0000195	0.0000214	0.0000239	0.0000193	0
BTCA_USD	2018-12-15	0.0000214	0.0000188	0.0000219	0.0000186	0
BTCA_USD	2018-12-14	0.0000188	0.0000160	0.0000188	0.0000156	0
BTCA_USD	2018-12-13	0.0000160	0.0000189	0.0000190	0.0000152	0
BTCA_USD	2018-12-12	0.0000189	0.0000177	0.0000198	0.0000174	0
BTCA_USD	2018-12-11	0.0000178	0.0000194	0.0000197	0.0000177	0
BTCA_USD	2018-12-10	0.0000194	0.0000206	0.0000209	0.0000193	0
BTCA_USD	2018-12-09	0.0000206	0.0000213	0.0000228	0.0000205	0
BTCA_USD	2018-12-08	0.0000213	0.0000217	0.0000232	0.0000203	0
BTCA_USD	2018-12-07	0.0000218	0.0000237	0.0000238	0.0000196	0
BTCA_USD	2018-12-06	0.0000238	0.0000264	0.0000276	0.0000234	0
BTCA_USD	2018-12-05	0.0000264	0.0000275	0.0000279	0.0000264	0
BTCA_USD	2018-12-04	0.0000275	0.0000253	0.0000283	0.0000246	0
BTCA_USD	2018-12-03	0.0000253	0.0000262	0.0000264	0.0000244	0
BTCA_USD	2018-12-02	0.0000261	0.0000253	0.0000268	0.0000246	0
BTCA_USD	2018-12-01	0.0000253	0.0000237	0.0000260	0.0000233	0
BTCA_USD	2018-11-30	0.0000238	0.0000264	0.0000268	0.0000231	0
BTCA_USD	2018-11-29	0.0000263	0.0000287	0.0000289	0.0000240	0
BTCA_USD	2018-11-28	0.0000287	0.0000313	0.0000338	0.0000279	0
BTCA_USD	2018-11-27	0.0000313	0.0000279	0.0000317	0.0000268	0
BTCA_USD	2018-11-26	0.0000279	0.0000296	0.0000309	0.0000265	0
BTCA_USD	2018-11-25	0.0000297	0.0000283	0.0000311	0.0000263	0
BTCA_USD	2018-11-24	0.0000283	0.0000308	0.0000320	0.0000276	0
BTCA_USD	2018-11-23	0.0000308	0.0000307	0.0000324	0.0000298	0
BTCA_USD	2018-11-22	0.0000306	0.0000323	0.0000338	0.0000306	0
BTCA_USD	2018-11-21	0.0000322	0.0000312	0.0000329	0.0000300	0
BTCA_USD	2018-11-20	0.0000313	0.0000324	0.0000358	0.0000289	0
BTCA_USD	2018-11-19	0.0000324	0.0000341	0.0000366	0.0000315	0
BTCA_USD	2018-11-18	0.0000341	0.0000309	0.0000347	0.0000309	0
BTCA_USD	2018-11-17	0.0000309	0.0000303	0.0000336	0.0000300	0
BTCA_USD	2018-11-16	0.0000302	0.0000318	0.0000320	0.0000273	0
BTCA_USD	2018-11-15	0.0000319	0.0000397	0.0000401	0.0000300	0
BTCA_USD	2018-11-14	0.0000398	0.0000386	0.0000431	0.0000363	0
BTCA_USD	2018-11-13	0.0000386	0.0000478	0.0000479	0.0000382	0
BTCA_USD	2018-11-12	0.0000478	0.0000439	0.0000485	0.0000435	0
BTCA_USD	2018-11-11	0.0000437	0.0000402	0.0000441	0.0000400	0
BTCA_USD	2018-11-10	0.0000402	0.0000393	0.0000407	0.0000391	0
BTCA_USD	2018-11-09	0.0000393	0.0000419	0.0000422	0.0000362	0
BTCA_USD	2018-11-08	0.0000419	0.0000482	0.0000487	0.0000418	0
BTCA_USD	2018-11-07	0.0000482	0.0000534	0.0000540	0.0000479	0
BTCA_USD	2018-11-06	0.0000533	0.0000494	0.0000535	0.0000487	0
BTCA_USD	2018-11-05	0.0000494	0.0000517	0.0000525	0.0000490	0
BTCA_USD	2018-11-04	0.0000517	0.0000501	0.0000537	0.0000499	0
BTCA_USD	2018-11-03	0.0000501	0.0000534	0.0000538	0.0000498	0
BTCA_USD	2018-11-02	0.0000534	0.0000514	0.0000536	0.0000514	0
BTCA_USD	2018-11-01	0.0000514	0.0000511	0.0000519	0.0000504	0
BTCA_USD	2018-10-31	0.0000510	0.0000514	0.0000518	0.0000491	0
BTCA_USD	2018-10-30	0.0000514	0.0000516	0.0000523	0.0000508	0
BTCA_USD	2018-10-29	0.0000518	0.0000544	0.0000544	0.0000499	0
BTCA_USD	2018-10-28	0.0000544	0.0000528	0.0000545	0.0000527	0
BTCA_USD	2018-10-27	0.0000529	0.0000531	0.0000533	0.0000526	0
BTCA_USD	2018-10-26	0.0000531	0.0000535	0.0000539	0.0000527	0
BTCA_USD	2018-10-25	0.0000535	0.0000573	0.0000573	0.0000535	0
BTCA_USD	2018-10-24	0.0000573	0.0000568	0.0000582	0.0000567	0
BTCA_USD	2018-10-23	0.0000568	0.0000525	0.0000569	0.0000522	0
BTCA_USD	2018-10-22	0.0000525	0.0000545	0.0000548	0.0000507	0
BTCA_USD	2018-10-21	0.0000546	0.0000568	0.0000568	0.0000544	0
BTCA_USD	2018-10-20	0.0000568	0.0000588	0.0000593	0.0000567	0
BTCA_USD	2018-10-19	0.0000588	0.0000613	0.0000627	0.0000588	0
BTCA_USD	2018-10-18	0.0000613	0.0000600	0.0000613	0.0000581	0
BTCA_USD	2018-10-17	0.0000599	0.0000597	0.0000600	0.0000588	0
BTCA_USD	2018-10-16	0.0000598	0.0000626	0.0000634	0.0000593	0
BTCA_USD	2018-10-15	0.0000627	0.0000585	0.0000647	0.0000582	0
BTCA_USD	2018-10-14	0.0000586	0.0000610	0.0000611	0.0000583	0
BTCA_USD	2018-10-13	0.0000610	0.0000626	0.0000635	0.0000606	0
BTCA_USD	2018-10-12	0.0000626	0.0000614	0.0000639	0.0000611	0
BTCA_USD	2018-10-11	0.0000614	0.0000704	0.0000704	0.0000608	0
BTCA_USD	2018-10-10	0.0000704	0.0000713	0.0000713	0.0000694	0
BTCA_USD	2018-10-09	0.0000713	0.0000735	0.0000736	0.0000704	0
BTCA_USD	2018-10-08	0.0000735	0.0000764	0.0000767	0.0000728	0
BTCA_USD	2018-10-07	0.0000764	0.0000759	0.0000768	0.0000726	0
BTCA_USD	2018-10-06	0.0000759	0.0000772	0.0000781	0.0000747	0
BTCA_USD	2018-10-05	0.0000772	0.0000757	0.0000784	0.0000720	0
BTCA_USD	2018-10-04	0.0000757	0.0000738	0.0000768	0.0000737	0
BTCA_USD	2018-10-03	0.0000738	0.0000749	0.0000753	0.0000697	0
BTCA_USD	2018-10-02	0.0000749	0.0000725	0.0000768	0.0000716	0
BTCA_USD	2018-10-01	0.0000725	0.0000751	0.0000760	0.0000718	0
BTCA_USD	2018-09-30	0.0000751	0.0000735	0.0000758	0.0000717	0
BTCA_USD	2018-09-29	0.0000734	0.0000756	0.0000756	0.0000697	0
BTCA_USD	2018-09-28	0.0000756	0.0000810	0.0000825	0.0000740	0
BTCA_USD	2018-09-27	0.0000808	0.0000755	0.0000839	0.0000737	0
BTCA_USD	2018-09-26	0.0000755	0.0000829	0.0000834	0.0000755	0
BTCA_USD	2018-09-25	0.0000829	0.0000797	0.0000831	0.0000747	0
BTCA_USD	2018-09-24	0.0000797	0.0000823	0.0000823	0.0000763	0
BTCA_USD	2018-09-23	0.0000823	0.0000863	0.0000876	0.0000811	0
BTCA_USD	2018-09-22	0.0000862	0.0000821	0.0000866	0.0000804	0
BTCA_USD	2018-09-21	0.0000821	0.0000656	0.0000823	0.0000656	0
BTCA_USD	2018-09-20	0.0000656	0.0000567	0.0000665	0.0000567	0
BTCA_USD	2018-09-19	0.0000567	0.0000518	0.0000573	0.0000517	0
BTCA_USD	2018-09-18	0.0000519	0.0000456	0.0000521	0.0000443	0
BTCA_USD	2018-09-17	0.0000456	0.0000472	0.0000488	0.0000450	0
BTCA_USD	2018-09-16	0.0000472	0.0000515	0.0000516	0.0000469	0
BTCA_USD	2018-09-15	0.0000519	0.0000532	0.0000546	0.0000510	0
BTCA_USD	2018-09-14	0.0000532	0.0000521	0.0000556	0.0000504	0
BTCA_USD	2018-09-13	0.0000521	0.0000512	0.0000545	0.0000510	0
BTCA_USD	2018-09-12	0.0000510	0.0000519	0.0000520	0.0000462	0
BTCA_USD	2018-09-11	0.0000520	0.0000567	0.0000572	0.0000501	0
BTCA_USD	2018-09-10	0.0000567	0.0000611	0.0000628	0.0000555	0
BTCA_USD	2018-09-09	0.0000610	0.0000596	0.0000632	0.0000585	0
BTCA_USD	2018-09-08	0.0000596	0.0000628	0.0000644	0.0000582	0
BTCA_USD	2018-09-07	0.0000628	0.0000644	0.0000655	0.0000621	0
BTCA_USD	2018-09-06	0.0000644	0.0000619	0.0000646	0.0000582	0
BTCA_USD	2018-09-05	0.0000621	0.0000779	0.0000786	0.0000618	0
BTCA_USD	2018-09-04	0.0000779	0.0000781	0.0000804	0.0000770	0
BTCA_USD	2018-09-03	0.0000781	0.0000805	0.0000808	0.0000774	0
BTCA_USD	2018-09-02	0.0000805	0.0000721	0.0000814	0.0000696	0
BTCA_USD	2018-09-01	0.0000721	0.0000770	0.0000804	0.0000690	0
BTCA_USD	2018-08-31	0.0000770	0.0000699	0.0000778	0.0000686	0
BTCA_USD	2018-08-30	0.0000699	0.0000757	0.0000759	0.0000693	0
BTCA_USD	2018-08-29	0.0000757	0.0000793	0.0000796	0.0000742	0
BTCA_USD	2018-08-28	0.0000793	0.0000790	0.0000801	0.0000768	0
BTCA_USD	2018-08-27	0.0000789	0.0000688	0.0000793	0.0000683	0
BTCA_USD	2018-08-26	0.0000688	0.0000670	0.0000688	0.0000647	0
BTCA_USD	2018-08-25	0.0000670	0.0000649	0.0000680	0.0000644	0
BTCA_USD	2018-08-24	0.0000649	0.0000642	0.0000653	0.0000627	0
BTCA_USD	2018-08-23	0.0000642	0.0000608	0.0000648	0.0000605	0
BTCA_USD	2018-08-22	0.0000607	0.0000660	0.0000692	0.0000594	0
BTCA_USD	2018-08-21	0.0000660	0.0000605	0.0000664	0.0000604	0
BTCA_USD	2018-08-20	0.0000605	0.0000677	0.0000685	0.0000596	0
BTCA_USD	2018-08-19	0.0000677	0.0000674	0.0000693	0.0000664	0
BTCA_USD	2018-08-18	0.0000674	0.0000773	0.0000782	0.0000660	0
BTCA_USD	2018-08-17	0.0000772	0.0000720	0.0000775	0.0000717	0
BTCA_USD	2018-08-16	0.0000721	0.0000734	0.0000755	0.0000712	0
BTCA_USD	2018-08-15	0.0000735	0.0000729	0.0000795	0.0000726	0
BTCA_USD	2018-08-14	0.0000728	0.0000793	0.0000793	0.0000691	0
BTCA_USD	2018-08-13	0.0000793	0.0000862	0.0000876	0.0000783	0
BTCA_USD	2018-08-12	0.0000862	0.0000848	0.0000926	0.0000840	0
BTCA_USD	2018-08-11	0.0000848	0.0000807	0.0000880	0.0000762	0
BTCA_USD	2018-08-10	0.0000806	0.0000758	0.0000814	0.0000752	0
BTCA_USD	2018-08-09	0.0000757	0.0000777	0.0000789	0.0000729	0
BTCA_USD	2018-08-08	0.0000777	0.0000812	0.0000817	0.0000764	0
BTCA_USD	2018-08-07	0.0000812	0.0000880	0.0000895	0.0000801	0
BTCA_USD	2018-08-06	0.0000880	0.0000888	0.0000914	0.0000867	0
BTCA_USD	2018-08-05	0.0000888	0.0000858	0.0000935	0.0000852	0
BTCA_USD	2018-08-04	0.0000858	0.0000815	0.0000863	0.0000771	0
BTCA_USD	2018-08-03	0.0000815	0.0000659	0.0000816	0.0000644	0
BTCA_USD	2018-08-02	0.0000659	0.0000676	0.0000682	0.0000635	0
BTCA_USD	2018-08-01	0.0000675	0.0000795	0.0000795	0.0000661	0
BTCA_USD	2018-07-31	0.0000793	0.0000876	0.0000878	0.0000780	0
BTCA_USD	2018-07-30	0.0000875	0.0000806	0.0000878	0.0000777	0
BTCA_USD	2018-07-29	0.0000806	0.0000965	0.0000965	0.0000802	0
BTCA_USD	2018-07-28	0.0000965	0.0000808	0.0000999	0.0000808	0
BTCA_USD	2018-07-27	0.0000808	0.0001056	0.0001056	0.0000760	0
BTCA_USD	2018-07-26	0.0001056	0.0000954	0.0001073	0.0000954	0
BTCA_USD	2018-07-25	0.0000954	0.0000890	0.0000967	0.0000874	0
BTCA_USD	2018-07-24	0.0000894	0.0000693	0.0000895	0.0000689	0
BTCA_USD	2018-07-23	0.0000693	0.0000629	0.0000711	0.0000628	0
BTCA_USD	2018-07-22	0.0000629	0.0000626	0.0000652	0.0000611	0
BTCA_USD	2018-07-21	0.0000627	0.0000556	0.0000635	0.0000543	0
BTCA_USD	2018-07-20	0.0000556	0.0000556	0.0000623	0.0000548	0
BTCA_USD	2018-07-19	0.0000556	0.0000461	0.0000565	0.0000455	0
BTCA_USD	2018-07-18	0.0000462	0.0000449	0.0000482	0.0000417	0
BTCA_USD	2018-07-17	0.0000449	0.0000442	0.0000462	0.0000415	0
BTCA_USD	2018-07-16	0.0000443	0.0000424	0.0000445	0.0000411	0
BTCA_USD	2018-07-15	0.0000424	0.0000423	0.0000440	0.0000418	0
BTCA_USD	2018-07-14	0.0000424	0.0000433	0.0000437	0.0000412	0
BTCA_USD	2018-07-13	0.0000433	0.0000461	0.0000469	0.0000432	0
BTCA_USD	2018-07-12	0.0000460	0.0000454	0.0000460	0.0000428	0
BTCA_USD	2018-07-11	0.0000454	0.0000414	0.0000469	0.0000412	0
BTCA_USD	2018-07-10	0.0000414	0.0000474	0.0000474	0.0000400	0
BTCA_USD	2018-07-09	0.0000472	0.0000575	0.0000579	0.0000464	0
BTCA_USD	2018-07-08	0.0000576	0.0000601	0.0000607	0.0000574	0
BTCA_USD	2018-07-07	0.0000603	0.0000606	0.0000606	0.0000564	0
BTCA_USD	2018-07-06	0.0000606	0.0000808	0.0000814	0.0000606	0
BTCA_USD	2018-07-05	0.0000808	0.0000743	0.0000825	0.0000727	0
BTCA_USD	2018-07-04	0.0000743	0.0000741	0.0000765	0.0000727	0
BTCA_USD	2018-07-03	0.0000738	0.0000743	0.0000783	0.0000733	0
BTCA_USD	2018-07-02	0.0000743	0.0000678	0.0000755	0.0000677	0
BTCA_USD	2018-07-01	0.0000679	0.0000676	0.0000682	0.0000653	0
BTCA_USD	2018-06-30	0.0000676	0.0000600	0.0000676	0.0000600	0
BTCA_USD	2018-06-29	0.0000598	0.0000551	0.0000598	0.0000543	0
BTCA_USD	2018-06-28	0.0000553	0.0000577	0.0000586	0.0000553	0
BTCA_USD	2018-06-27	0.0000577	0.0000398	0.0000585	0.0000390	0
BTCA_USD	2018-06-26	0.0000403	0.0000560	0.0000637	0.0000403	0
BTCA_USD	2018-06-25	0.0000563	0.0000621	0.0000621	0.0000517	0
BTCA_USD	2018-06-24	0.0000624	0.0000640	0.0000641	0.0000574	0
BTCA_USD	2018-06-23	0.0000645	0.0000693	0.0000707	0.0000583	0
BTCA_USD	2018-06-22	0.0000695	0.0000841	0.0000841	0.0000679	0
BTCA_USD	2018-06-21	0.0000840	0.0000948	0.0000948	0.0000840	0
BTCA_USD	2018-06-20	0.0000945	0.0000986	0.0000986	0.0000934	0
BTCA_USD	2018-06-19	0.0000986	0.0001096	0.0001096	0.0000974	0
BTCA_USD	2018-06-18	0.0001095	0.0001117	0.0001119	0.0001052	0
BTCA_USD	2018-06-17	0.0001115	0.0001049	0.0001168	0.0001033	0
BTCA_USD	2018-06-16	0.0001054	0.0001176	0.0001215	0.0001044	0
BTCA_USD	2018-06-15	0.0001175	0.0001375	0.0001375	0.0001172	0
BTCA_USD	2018-06-14	0.0001371	0.0001299	0.0001400	0.0001278	0
BTCA_USD	2018-06-13	0.0001298	0.0001598	0.0001607	0.0001263	0
BTCA_USD	2018-06-12	0.0001601	0.0001761	0.0001872	0.0001560	0
BTCA_USD	2018-06-11	0.0001756	0.0001695	0.0001786	0.0001672	0
BTCA_USD	2018-06-10	0.0001708	0.0002109	0.0002109	0.0001649	0
BTCA_USD	2018-06-09	0.0002114	0.0002593	0.0002595	0.0002111	0
BTCA_USD	2018-06-08	0.0002594	0.0003214	0.0003225	0.0002585	0
BTCA_USD	2018-06-07	0.0003206	0.0003381	0.0003421	0.0003170	0
BTCA_USD	2018-06-06	0.0003376	0.0003959	0.0003970	0.0003314	0
BTCA_USD	2018-06-05	0.0003946	0.0003022	0.0003965	0.0003022	0
BTCA_USD	2018-06-04	0.0003018	0.0002584	0.0003018	0.0002452	0
BTCA_USD	2018-06-03	0.0002569	0.0002344	0.0002586	0.0002323	0
BTCA_USD	2018-06-02	0.0002335	0.0002423	0.0002581	0.0002279	0
BTCA_USD	2018-06-01	0.0002419	0.0002141	0.0002423	0.0002141	0
BTCA_USD	2018-05-31	0.0002140	0.0001711	0.0002140	0.0001711	0
BTCA_USD	2018-05-30	0.0001793	0.0001793	0.0001793	0.0001793	0
BTCA_USD	2018-05-29	0.0001513	0.0001207	0.0001513	0.0001207	0
BTCA_USD	2018-05-28	0.0000954	0.0000954	0.0000954	0.0000954	0
BTCA_USD	2018-05-27	0.0000911	0.0000911	0.0000911	0.0000911	0
BTCA_USD	2018-05-26	0.0000905	0.0000905	0.0000905	0.0000905	0
BTCA_USD	2018-05-25	0.0000818	0.0000818	0.0000818	0.0000818	0
