BTCR_USD	2019-04-09	0.001070	0.001091	0.001091	0.001060	0
BTCR_USD	2019-04-08	0.001091	0.001075	0.001099	0.001056	0
BTCR_USD	2019-04-07	0.001075	0.001041	0.001087	0.001040	0
BTCR_USD	2019-04-06	0.001041	0.001042	0.001082	0.001019	0
BTCR_USD	2019-04-05	0.001042	0.001110	0.001149	0.001026	0
BTCR_USD	2019-04-04	0.001110	0.001120	0.001147	0.001088	0
BTCR_USD	2019-04-03	0.001120	0.001110	0.001198	0.001091	0
BTCR_USD	2019-04-02	0.001110	0.000966	0.001142	0.000964	0
BTCR_USD	2019-04-01	0.000966	0.000963	0.000971	0.000963	0
BTCR_USD	2019-03-31	0.000959	0.000958	0.000962	0.000955	0
BTCR_USD	2019-03-30	0.000958	0.000961	0.000968	0.000936	0
BTCR_USD	2019-03-29	0.000961	0.000941	0.000963	0.000940	0
BTCR_USD	2019-03-28	0.000941	0.000944	0.000944	0.000936	0
BTCR_USD	2019-03-27	0.000944	0.000918	0.000945	0.000915	0
BTCR_USD	2019-03-26	0.000918	0.000913	0.000919	0.000909	0
BTCR_USD	2019-03-25	0.000913	0.000930	0.000931	0.000906	0
BTCR_USD	2019-03-24	0.000930	0.000935	0.000935	0.000923	0
BTCR_USD	2019-03-23	0.000935	0.000931	0.000938	0.000928	0
BTCR_USD	2019-03-22	0.000931	0.000930	0.000936	0.000929	0
BTCR_USD	2019-03-21	0.000930	0.000949	0.000954	0.000921	0
BTCR_USD	2019-03-20	0.000949	0.000945	0.000951	0.000917	0
BTCR_USD	2019-03-19	0.000945	0.000937	0.000947	0.000919	0
BTCR_USD	2019-03-18	0.000937	0.000936	0.000947	0.000929	0
BTCR_USD	2019-03-17	0.000936	0.000941	0.000941	0.000929	0
BTCR_USD	2019-03-16	0.000941	0.000921	0.000955	0.000921	0
BTCR_USD	2019-03-15	0.000921	0.000908	0.000923	0.000908	0
BTCR_USD	2019-03-14	0.000908	0.000908	0.000920	0.000894	0
BTCR_USD	2019-03-13	0.000908	0.000890	0.000910	0.000883	0
BTCR_USD	2019-03-12	0.000890	0.000889	0.000915	0.000852	0
BTCR_USD	2019-03-11	0.000889	0.000900	0.000902	0.000882	0
BTCR_USD	2019-03-10	0.000900	0.000903	0.000904	0.000892	0
BTCR_USD	2019-03-09	0.000903	0.000887	0.000910	0.000885	0
BTCR_USD	2019-03-08	0.000887	0.000892	0.000904	0.000872	0
BTCR_USD	2019-03-07	0.000892	0.000889	0.000899	0.000885	0
BTCR_USD	2019-03-06	0.000889	0.000928	0.000935	0.000886	0
BTCR_USD	2019-03-05	0.000928	0.000836	0.000932	0.000833	0
BTCR_USD	2019-03-04	0.000836	0.000855	0.000860	0.000829	0
BTCR_USD	2019-03-03	0.000855	0.000861	0.000863	0.000849	0
BTCR_USD	2019-03-02	0.000861	0.000862	0.000863	0.000848	0
BTCR_USD	2019-03-01	0.000862	0.000857	0.000869	0.000856	0
BTCR_USD	2019-02-28	0.000857	0.000878	0.000885	0.000855	0
BTCR_USD	2019-02-27	0.000878	0.000877	0.000885	0.000849	0
BTCR_USD	2019-02-26	0.000877	0.000883	0.000885	0.000872	0
BTCR_USD	2019-02-25	0.000883	0.000862	0.000892	0.000862	0
BTCR_USD	2019-02-24	0.000862	0.000948	0.000964	0.000858	0
BTCR_USD	2019-02-23	0.000948	0.000915	0.000957	0.000903	0
BTCR_USD	2019-02-22	0.000915	0.000902	0.000917	0.000898	0
BTCR_USD	2019-02-21	0.000902	0.000914	0.000927	0.000895	0
BTCR_USD	2019-02-20	0.000914	0.000938	0.000956	0.000902	0
BTCR_USD	2019-02-19	0.000938	0.000935	0.000959	0.000927	0
BTCR_USD	2019-02-18	0.000935	0.000859	0.000942	0.000857	0
BTCR_USD	2019-02-17	0.000859	0.000846	0.000870	0.000830	0
BTCR_USD	2019-02-16	0.000846	0.000843	0.000856	0.000843	0
BTCR_USD	2019-02-15	0.000843	0.000896	0.000917	0.000820	0
BTCR_USD	2019-02-14	0.000896	0.000899	0.000902	0.000892	0
BTCR_USD	2019-02-13	0.000899	0.000924	0.000934	0.000895	0
BTCR_USD	2019-02-12	0.000924	0.000920	0.000929	0.000903	0
BTCR_USD	2019-02-11	0.000920	0.000937	0.000937	0.000919	0
BTCR_USD	2019-02-10	0.000937	0.000930	0.000937	0.000917	0
BTCR_USD	2019-02-09	0.000930	0.000931	0.000935	0.000923	0
BTCR_USD	2019-02-08	0.000931	0.000859	0.000948	0.000857	0
BTCR_USD	2019-02-07	0.000859	0.000863	0.000866	0.000858	0
BTCR_USD	2019-02-06	0.000863	0.000878	0.000880	0.000856	0
BTCR_USD	2019-02-05	0.000878	0.000873	0.000879	0.000869	0
BTCR_USD	2019-02-04	0.000873	0.000875	0.000880	0.000869	0
BTCR_USD	2019-02-03	0.000875	0.000890	0.000892	0.000868	0
BTCR_USD	2019-02-02	0.000890	0.000884	0.000893	0.000875	0
BTCR_USD	2019-02-01	0.000884	0.000876	0.000889	0.000867	0
BTCR_USD	2019-01-31	0.000876	0.000882	0.000892	0.000871	0
BTCR_USD	2019-01-30	0.000882	0.000869	0.000887	0.000863	0
BTCR_USD	2019-01-29	0.000869	0.000875	0.000878	0.000856	0
BTCR_USD	2019-01-28	0.000875	0.000899	0.000899	0.000864	0
BTCR_USD	2019-01-27	0.000899	0.000908	0.000911	0.000886	0
BTCR_USD	2019-01-26	0.000908	0.000907	0.000933	0.000906	0
BTCR_USD	2019-01-25	0.000907	0.000913	0.000916	0.000899	0
BTCR_USD	2019-01-24	0.000913	0.000905	0.000917	0.000883	0
BTCR_USD	2019-01-23	0.000905	0.000910	0.000918	0.000898	0
BTCR_USD	2019-01-22	0.000910	0.000895	0.000919	0.000875	0
BTCR_USD	2019-01-21	0.000895	0.000897	0.000901	0.000888	0
BTCR_USD	2019-01-20	0.000897	0.000941	0.000949	0.000887	0
BTCR_USD	2019-01-19	0.000941	0.000919	0.000962	0.000918	0
BTCR_USD	2019-01-18	0.000919	0.000930	0.000931	0.000913	0
BTCR_USD	2019-01-17	0.000930	0.000918	0.000931	0.000905	0
BTCR_USD	2019-01-16	0.000918	0.000914	0.000933	0.000901	0
BTCR_USD	2019-01-15	0.000914	0.000937	0.000944	0.000908	0
BTCR_USD	2019-01-14	0.000937	0.000898	0.000949	0.000895	0
BTCR_USD	2019-01-13	0.000898	0.000926	0.000930	0.000893	0
BTCR_USD	2019-01-12	0.000926	0.000929	0.000933	0.000918	0
BTCR_USD	2019-01-11	0.000929	0.000928	0.000942	0.000917	0
BTCR_USD	2019-01-10	0.000928	0.001021	0.001034	0.000922	0
BTCR_USD	2019-01-09	0.001021	0.001025	0.001040	0.001009	0
BTCR_USD	2019-01-08	0.001025	0.001028	0.001052	0.001015	0
BTCR_USD	2019-01-07	0.001028	0.001043	0.001049	0.001020	0
BTCR_USD	2019-01-06	0.001043	0.000978	0.001956	0.000972	0
BTCR_USD	2019-01-05	0.000978	0.000989	0.001004	0.000976	0
BTCR_USD	2019-01-04	0.000989	0.000980	0.000996	0.000965	0
BTCR_USD	2019-01-03	0.000980	0.001013	0.001014	0.000976	0
BTCR_USD	2019-01-02	0.001013	0.000990	0.001018	0.000980	0
BTCR_USD	2019-01-01	0.000990	0.000958	0.000995	0.000947	0
BTCR_USD	2018-12-31	0.000958	0.000993	0.000996	0.000945	0
BTCR_USD	2018-12-30	0.000993	0.000971	0.000997	0.000961	0
BTCR_USD	2018-12-29	0.000971	0.001009	0.001022	0.000967	0
BTCR_USD	2018-12-28	0.001009	0.000910	0.001021	0.000908	0
BTCR_USD	2018-12-27	0.000910	0.000963	0.000971	0.000904	0
BTCR_USD	2018-12-26	0.000963	0.000957	0.000978	0.000934	0
BTCR_USD	2018-12-25	0.000957	0.001016	0.001017	0.000936	0
BTCR_USD	2018-12-24	0.001016	0.000997	0.001074	0.000997	0
BTCR_USD	2018-12-23	0.000997	0.001011	0.001031	0.000989	0
BTCR_USD	2018-12-22	0.001011	0.000973	0.001016	0.000960	0
BTCR_USD	2018-12-21	0.000973	0.001033	0.001051	0.000957	0
BTCR_USD	2018-12-20	0.001033	0.000933	0.001052	0.000927	0
BTCR_USD	2018-12-19	0.000933	0.000926	0.000990	0.000922	0
BTCR_USD	2018-12-18	0.000926	0.000888	0.000930	0.000870	0
BTCR_USD	2018-12-17	0.000888	0.000808	0.000907	0.000805	0
BTCR_USD	2018-12-16	0.000808	0.000805	0.000828	0.000803	0
BTCR_USD	2018-12-15	0.000805	0.000804	0.000813	0.000788	0
BTCR_USD	2018-12-14	0.000804	0.000754	0.000828	0.000744	0
BTCR_USD	2018-12-13	0.000754	0.000796	0.000805	0.000749	0
BTCR_USD	2018-12-12	0.000796	0.000770	0.000811	0.000769	0
BTCR_USD	2018-12-11	0.000777	0.000793	0.000799	0.000764	0
BTCR_USD	2018-12-10	0.000793	0.000857	0.000869	0.000788	0
BTCR_USD	2018-12-09	0.000857	0.000859	0.000888	0.000807	0
BTCR_USD	2018-12-08	0.000859	0.000830	0.000896	0.000812	0
BTCR_USD	2018-12-07	0.000830	0.000832	0.000864	0.000788	0
BTCR_USD	2018-12-06	0.000832	0.000885	0.000920	0.000826	0
BTCR_USD	2018-12-05	0.000885	0.000936	0.000939	0.000882	0
BTCR_USD	2018-12-04	0.000936	0.000917	0.000971	0.000895	0
BTCR_USD	2018-12-03	0.000917	0.000978	0.000982	0.000902	0
BTCR_USD	2018-12-02	0.000978	0.000997	0.001026	0.000970	0
BTCR_USD	2018-12-01	0.000997	0.000949	0.001020	0.000935	0
BTCR_USD	2018-11-30	0.000949	0.001013	0.001024	0.000932	0
BTCR_USD	2018-11-29	0.001013	0.001012	0.001050	0.000983	0
BTCR_USD	2018-11-28	0.001012	0.000893	0.001041	0.000893	0
BTCR_USD	2018-11-27	0.000893	0.000887	0.000907	0.000854	0
BTCR_USD	2018-11-26	0.000887	0.000944	0.000965	0.000855	0
BTCR_USD	2018-11-25	0.000944	0.000904	0.000966	0.000842	0
BTCR_USD	2018-11-24	0.000904	0.001017	0.001038	0.000882	0
BTCR_USD	2018-11-23	0.001017	0.000966	0.001060	0.000935	0
BTCR_USD	2018-11-22	0.000966	0.001028	0.001038	0.000966	0
BTCR_USD	2018-11-21	0.001028	0.001010	0.001050	0.000975	0
BTCR_USD	2018-11-20	0.001010	0.001086	0.001110	0.000950	0
BTCR_USD	2018-11-19	0.001086	0.001245	0.001245	0.001076	0
BTCR_USD	2018-11-18	0.001245	0.001238	0.001256	0.001237	0
BTCR_USD	2018-11-17	0.001238	0.001245	0.001245	0.001226	0
BTCR_USD	2018-11-16	0.001245	0.001323	0.001324	0.001222	0
BTCR_USD	2018-11-15	0.001323	0.001206	0.001342	0.001116	0
BTCR_USD	2018-11-14	0.001206	0.001325	0.001329	0.001169	0
BTCR_USD	2018-11-13	0.001325	0.001322	0.001332	0.001313	0
BTCR_USD	2018-11-12	0.001322	0.001324	0.001328	0.001316	0
BTCR_USD	2018-11-11	0.001324	0.001318	0.001324	0.001305	0
BTCR_USD	2018-11-10	0.001318	0.001316	0.001325	0.001315	0
BTCR_USD	2018-11-09	0.001316	0.001328	0.001333	0.001311	0
BTCR_USD	2018-11-08	0.001328	0.001347	0.001350	0.001328	0
BTCR_USD	2018-11-07	0.001347	0.001336	0.001354	0.001335	0
BTCR_USD	2018-11-06	0.001336	0.001326	0.001336	0.001322	0
BTCR_USD	2018-11-05	0.001326	0.001329	0.001332	0.001320	0
BTCR_USD	2018-11-04	0.001329	0.001310	0.001334	0.001304	0
BTCR_USD	2018-11-03	0.001310	0.001318	0.001319	0.001298	0
BTCR_USD	2018-11-02	0.001318	0.001312	0.001323	0.001310	0
BTCR_USD	2018-11-01	0.001312	0.001306	0.001317	0.001302	0
BTCR_USD	2018-10-31	0.001306	0.001298	0.001312	0.001281	0
BTCR_USD	2018-10-30	0.001298	0.001301	0.001308	0.001294	0
BTCR_USD	2018-10-29	0.001301	0.001330	0.001333	0.001296	0
BTCR_USD	2018-10-28	0.001330	0.001333	0.001335	0.001324	0
BTCR_USD	2018-10-27	0.001333	0.001339	0.001344	0.001329	0
BTCR_USD	2018-10-26	0.001339	0.001338	0.001350	0.001335	0
BTCR_USD	2018-10-25	0.001338	0.001344	0.001346	0.001334	0
BTCR_USD	2018-10-24	0.001344	0.001343	0.001358	0.001341	0
BTCR_USD	2018-10-23	0.001343	0.001346	0.001350	0.001339	0
BTCR_USD	2018-10-22	0.001346	0.001351	0.001359	0.001343	0
BTCR_USD	2018-10-21	0.001351	0.001350	0.001364	0.001350	0
BTCR_USD	2018-10-20	0.001350	0.001338	0.001355	0.001335	0
BTCR_USD	2018-10-19	0.001338	0.001356	0.001359	0.001337	0
BTCR_USD	2018-10-18	0.001356	0.001381	0.001389	0.001346	0
BTCR_USD	2018-10-17	0.001381	0.001385	0.001392	0.001370	0
BTCR_USD	2018-10-16	0.001385	0.001214	0.001392	0.001206	0
BTCR_USD	2018-10-15	0.001214	0.001140	0.001353	0.001108	0
BTCR_USD	2018-10-14	0.001140	0.001139	0.001152	0.001137	0
BTCR_USD	2018-10-13	0.001139	0.001133	0.001140	0.001043	0
BTCR_USD	2018-10-12	0.001133	0.001126	0.001142	0.001120	0
BTCR_USD	2018-10-11	0.001126	0.001193	0.001193	0.001092	0
BTCR_USD	2018-10-10	0.001193	0.001199	0.001199	0.001153	0
BTCR_USD	2018-10-09	0.001199	0.001268	0.001269	0.001190	0
BTCR_USD	2018-10-08	0.001268	0.001254	0.001276	0.001233	0
BTCR_USD	2018-10-07	0.001254	0.001055	0.001260	0.001046	0
BTCR_USD	2018-10-06	0.001055	0.001096	0.001350	0.000955	0
BTCR_USD	2018-10-05	0.001096	0.001086	0.001100	0.001080	0
BTCR_USD	2018-10-04	0.001086	0.001073	0.001094	0.001072	0
BTCR_USD	2018-10-03	0.001073	0.001079	0.001081	0.001061	0
BTCR_USD	2018-10-02	0.001079	0.001089	0.001094	0.001075	0
BTCR_USD	2018-10-01	0.001089	0.001092	0.001099	0.001076	0
BTCR_USD	2018-09-30	0.001092	0.001090	0.001098	0.001078	0
BTCR_USD	2018-09-29	0.001090	0.001095	0.001095	0.001067	0
BTCR_USD	2018-09-28	0.001095	0.001104	0.001126	0.001080	0
BTCR_USD	2018-09-27	0.001104	0.001066	0.001110	0.001063	0
BTCR_USD	2018-09-26	0.001066	0.001062	0.001081	0.001054	0
BTCR_USD	2018-09-25	0.001062	0.001087	0.001087	0.001048	0
BTCR_USD	2018-09-24	0.001087	0.001107	0.001109	0.001082	0
BTCR_USD	2018-09-23	0.001107	0.001109	0.001119	0.001100	0
BTCR_USD	2018-09-22	0.001109	0.001117	0.001129	0.001096	0
BTCR_USD	2018-09-21	0.001117	0.001073	0.001119	0.001072	0
BTCR_USD	2018-09-20	0.001073	0.001055	0.001077	0.001049	0
BTCR_USD	2018-09-19	0.001055	0.001047	0.001067	0.001009	0
BTCR_USD	2018-09-18	0.001047	0.001032	0.001053	0.001028	0
BTCR_USD	2018-09-17	0.001032	0.001072	0.001078	0.001025	0
BTCR_USD	2018-09-16	0.001072	0.001076	0.001076	0.001053	0
BTCR_USD	2018-09-15	0.001076	0.001070	0.001084	0.001068	0
BTCR_USD	2018-09-14	0.001070	0.001068	0.001087	0.001052	0
BTCR_USD	2018-09-13	0.001068	0.001046	0.001076	0.001045	0
BTCR_USD	2018-09-12	0.001046	0.001132	0.001141	0.001044	0
BTCR_USD	2018-09-11	0.001132	0.001104	0.001149	0.001102	0
BTCR_USD	2018-09-10	0.001104	0.001092	0.001111	0.001092	0
BTCR_USD	2018-09-09	0.001092	0.001144	0.001187	0.001091	0
BTCR_USD	2018-09-08	0.001144	0.001185	0.001198	0.001136	0
BTCR_USD	2018-09-07	0.001185	0.001205	0.001209	0.001170	0
BTCR_USD	2018-09-06	0.001205	0.001240	0.001243	0.001168	0
BTCR_USD	2018-09-05	0.001240	0.001325	0.001368	0.001240	0
BTCR_USD	2018-09-04	0.001325	0.001381	0.001394	0.001321	0
BTCR_USD	2018-09-03	0.001381	0.001422	0.001428	0.001368	0
BTCR_USD	2018-09-02	0.001422	0.001403	0.001425	0.001364	0
BTCR_USD	2018-09-01	0.001404	0.001370	0.001407	0.001336	0
BTCR_USD	2018-08-31	0.001370	0.001294	0.001375	0.001276	0
BTCR_USD	2018-08-30	0.001294	0.001233	0.001294	0.001191	0
BTCR_USD	2018-08-29	0.001233	0.001239	0.001247	0.001212	0
BTCR_USD	2018-08-28	0.001239	0.001312	0.001353	0.001208	0
BTCR_USD	2018-08-27	0.001312	0.001308	0.001319	0.001265	0
BTCR_USD	2018-08-26	0.001308	0.001280	0.001317	0.001250	0
BTCR_USD	2018-08-25	0.001280	0.001272	0.001324	0.001272	0
BTCR_USD	2018-08-24	0.001272	0.001273	0.001308	0.001233	0
BTCR_USD	2018-08-23	0.001273	0.001207	0.001287	0.001207	0
BTCR_USD	2018-08-22	0.001207	0.001296	0.001351	0.001204	0
BTCR_USD	2018-08-21	0.001296	0.001188	0.001300	0.001188	0
BTCR_USD	2018-08-20	0.001188	0.001265	0.001304	0.001188	0
BTCR_USD	2018-08-19	0.001265	0.001246	0.001308	0.001230	0
BTCR_USD	2018-08-18	0.001246	0.001318	0.001322	0.001244	0
BTCR_USD	2018-08-17	0.001318	0.001231	0.001318	0.001227	0
BTCR_USD	2018-08-16	0.001231	0.001254	0.001294	0.001221	0
BTCR_USD	2018-08-15	0.001254	0.001237	0.001294	0.001234	0
BTCR_USD	2018-08-14	0.001237	0.001250	0.001250	0.001177	0
BTCR_USD	2018-08-13	0.001250	0.001263	0.001307	0.001232	0
BTCR_USD	2018-08-12	0.001263	0.001214	0.001280	0.001204	0
BTCR_USD	2018-08-11	0.001214	0.001229	0.001292	0.001185	0
BTCR_USD	2018-08-10	0.001229	0.001273	0.001282	0.001173	0
BTCR_USD	2018-08-09	0.001273	0.001256	0.001346	0.001145	0
BTCR_USD	2018-08-08	0.001256	0.001444	0.001444	0.001214	0
BTCR_USD	2018-08-07	0.001444	0.001457	0.001533	0.001437	0
BTCR_USD	2018-08-06	0.001457	0.001477	0.001501	0.001439	0
BTCR_USD	2018-08-05	0.001477	0.001471	0.001489	0.001434	0
BTCR_USD	2018-08-04	0.001471	0.001557	0.001573	0.001289	0
BTCR_USD	2018-08-03	0.001557	0.001582	0.001582	0.001530	0
BTCR_USD	2018-08-02	0.001582	0.001598	0.001617	0.001567	0
BTCR_USD	2018-08-01	0.001598	0.001626	0.001629	0.001563	0
BTCR_USD	2018-07-31	0.001626	0.001716	0.001717	0.001611	0
BTCR_USD	2018-07-30	0.001716	0.001727	0.001738	0.001612	0
BTCR_USD	2018-07-29	0.001727	0.001717	0.001738	0.001679	0
BTCR_USD	2018-07-27	0.001732	0.001732	0.001732	0.001732	0
BTCR_USD	2018-07-26	0.001732	0.001636	0.001732	0.001635	0
BTCR_USD	2018-07-25	0.001636	0.001809	0.001824	0.001633	0
BTCR_USD	2018-07-24	0.001809	0.001658	0.001822	0.001625	0
BTCR_USD	2018-07-23	0.001658	0.001628	0.001712	0.001609	0
BTCR_USD	2018-07-22	0.001628	0.001629	0.001664	0.001616	0
BTCR_USD	2018-07-21	0.001629	0.001613	0.001638	0.001567	0
BTCR_USD	2018-07-20	0.001613	0.001644	0.001690	0.001526	0
BTCR_USD	2018-07-19	0.001644	0.001584	0.001650	0.001580	0
BTCR_USD	2018-07-18	0.001584	0.001574	0.001668	0.001503	0
BTCR_USD	2018-07-17	0.001574	0.001482	0.001605	0.001449	0
BTCR_USD	2018-07-16	0.001482	0.001428	0.001570	0.001425	0
BTCR_USD	2018-07-15	0.001428	0.001406	0.001437	0.001403	0
BTCR_USD	2018-07-14	0.001406	0.001431	0.001444	0.001339	0
BTCR_USD	2018-07-13	0.001431	0.001340	0.001435	0.001278	0
BTCR_USD	2018-07-12	0.001340	0.001563	0.001611	0.001295	0
BTCR_USD	2018-07-11	0.001563	0.002300	0.002583	0.001492	0
BTCR_USD	2018-07-10	0.002300	0.001432	0.002837	0.001361	0
BTCR_USD	2018-07-09	0.001432	0.001711	0.001717	0.001427	0
BTCR_USD	2018-07-08	0.001711	0.001724	0.001732	0.001704	0
BTCR_USD	2018-07-07	0.001724	0.001485	0.001741	0.001445	0
BTCR_USD	2018-07-06	0.001485	0.001439	0.001489	0.001420	0
BTCR_USD	2018-07-05	0.001439	0.001549	0.001549	0.001421	0
BTCR_USD	2018-07-04	0.001549	0.001527	0.001574	0.001466	0
BTCR_USD	2018-07-03	0.001527	0.001555	0.001634	0.000020	0
BTCR_USD	2018-07-02	0.001555	0.001429	0.001568	0.000000	0
BTCR_USD	2018-07-01	0.001429	0.001438	0.001447	0.001386	0
BTCR_USD	2018-06-30	0.001438	0.001148	0.001444	0.001148	0
BTCR_USD	2018-06-29	0.001149	0.001082	0.001161	0.000999	0
BTCR_USD	2018-06-28	0.001084	0.001288	0.001295	0.001054	0
BTCR_USD	2018-06-27	0.001288	0.001183	0.001294	0.001126	0
BTCR_USD	2018-06-26	0.001187	0.001219	0.001223	0.001169	0
BTCR_USD	2018-06-25	0.001218	0.001198	0.001231	0.001186	0
BTCR_USD	2018-06-24	0.001199	0.001140	0.001217	0.001073	0
BTCR_USD	2018-06-23	0.001138	0.001329	0.001406	0.001138	0
BTCR_USD	2018-06-22	0.001329	0.001477	0.001481	0.001276	0
BTCR_USD	2018-06-21	0.001477	0.001521	0.001647	0.001309	0
BTCR_USD	2018-06-20	0.001521	0.001616	0.001984	0.001047	0
BTCR_USD	2018-06-19	0.001618	0.001443	0.001619	0.001339	0
BTCR_USD	2018-06-18	0.001442	0.001417	0.001460	0.001375	0
BTCR_USD	2018-06-17	0.001416	0.001849	0.001867	0.001198	0
BTCR_USD	2018-06-16	0.001848	0.001245	0.001855	0.001244	0
BTCR_USD	2018-06-15	0.001244	0.001162	0.001295	0.001085	0
BTCR_USD	2018-06-14	0.001160	0.001007	0.001172	0.001004	0
BTCR_USD	2018-06-13	0.001007	0.001014	0.001038	0.000980	0
BTCR_USD	2018-06-12	0.001014	0.001134	0.001134	0.000948	0
BTCR_USD	2018-06-11	0.001134	0.001115	0.001138	0.001095	0
BTCR_USD	2018-06-10	0.001114	0.001275	0.001275	0.001096	0
BTCR_USD	2018-06-09	0.001274	0.001257	0.001332	0.001175	0
BTCR_USD	2018-06-08	0.001257	0.001268	0.001270	0.001245	0
BTCR_USD	2018-06-07	0.001269	0.001263	0.001280	0.001262	0
BTCR_USD	2018-06-06	0.001263	0.001297	0.001299	0.001213	0
BTCR_USD	2018-06-05	0.001296	0.001348	0.001452	0.001212	0
BTCR_USD	2018-06-04	0.001349	0.001390	0.001396	0.001342	0
BTCR_USD	2018-06-03	0.001389	0.001374	0.001400	0.001330	0
BTCR_USD	2018-06-02	0.001375	0.001393	0.001423	0.001371	0
BTCR_USD	2018-06-01	0.001391	0.001273	0.001403	0.001271	0
BTCR_USD	2018-05-31	0.001273	0.001327	0.001368	0.001261	0
BTCR_USD	2018-05-30	0.001328	0.001381	0.001398	0.001282	0
BTCR_USD	2018-05-29	0.001379	0.001243	0.001387	0.001234	0
BTCR_USD	2018-05-28	0.001242	0.001285	0.001300	0.001237	0
BTCR_USD	2018-05-27	0.001284	0.001283	0.001293	0.001232	0
BTCR_USD	2018-05-26	0.001282	0.001305	0.001333	0.001276	0
BTCR_USD	2018-05-25	0.001305	0.001326	0.001338	0.001283	0
BTCR_USD	2018-05-24	0.001325	0.001388	0.001428	0.001308	0
BTCR_USD	2018-05-23	0.001389	0.001476	0.001484	0.001378	0
BTCR_USD	2018-05-22	0.001476	0.001553	0.001555	0.001471	0
BTCR_USD	2018-05-21	0.001553	0.001577	0.001610	0.001520	0
BTCR_USD	2018-05-20	0.001577	0.001648	0.001674	0.001453	0
BTCR_USD	2018-05-19	0.001647	0.001648	0.001678	0.001629	0
BTCR_USD	2018-05-18	0.001648	0.001571	0.001655	0.001546	0
BTCR_USD	2018-05-17	0.001573	0.001544	0.001598	0.001425	0
BTCR_USD	2018-05-16	0.001543	0.001524	0.001579	0.001442	0
BTCR_USD	2018-05-15	0.001524	0.001733	0.001758	0.001489	0
BTCR_USD	2018-05-14	0.001733	0.001737	0.001776	0.001656	0
BTCR_USD	2018-05-13	0.001735	0.001737	0.001751	0.001666	0
BTCR_USD	2018-05-12	0.001733	0.001678	0.001750	0.001641	0
BTCR_USD	2018-05-11	0.001678	0.001804	0.001804	0.001669	0
BTCR_USD	2018-05-10	0.001804	0.001910	0.001921	0.001801	0
BTCR_USD	2018-05-09	0.001910	0.001837	0.001919	0.001796	0
BTCR_USD	2018-05-08	0.001837	0.001872	0.001878	0.000000	0
BTCR_USD	2018-05-07	0.001886	0.001932	0.001935	0.001840	0
BTCR_USD	2018-05-06	0.001932	0.001973	0.002131	0.001859	0
BTCR_USD	2018-05-05	0.001971	0.001602	0.002042	0.001598	0
BTCR_USD	2018-05-04	0.001602	0.001611	0.001665	0.001578	0
BTCR_USD	2018-05-03	0.001611	0.001524	0.001623	0.001513	0
BTCR_USD	2018-05-02	0.001524	0.001541	0.001561	0.001398	0
BTCR_USD	2018-05-01	0.001541	0.001570	0.001571	0.001502	0
BTCR_USD	2018-04-30	0.001570	0.001598	0.001607	0.001550	0
BTCR_USD	2018-04-29	0.001598	0.001728	0.001769	0.001518	0
BTCR_USD	2018-04-28	0.001728	0.001473	0.001734	0.001464	0
BTCR_USD	2018-04-27	0.001473	0.001766	0.001767	0.001469	0
BTCR_USD	2018-04-26	0.001766	0.001731	0.001789	0.001690	0
BTCR_USD	2018-04-25	0.001731	0.001785	0.001805	0.001625	0
BTCR_USD	2018-04-24	0.001790	0.001967	0.002158	0.001766	0
BTCR_USD	2018-04-23	0.001967	0.001980	0.002015	0.001823	0
BTCR_USD	2018-04-22	0.001980	0.002006	0.002199	0.001969	0
BTCR_USD	2018-04-21	0.002006	0.002173	0.002212	0.001968	0
BTCR_USD	2018-04-20	0.002173	0.001986	0.002188	0.001974	0
BTCR_USD	2018-04-19	0.001986	0.001960	0.001990	0.001937	0
BTCR_USD	2018-04-18	0.001960	0.001815	0.001974	0.001660	0
BTCR_USD	2018-04-17	0.001815	0.002095	0.002566	0.001812	0
BTCR_USD	2018-04-16	0.002095	0.002173	0.002185	0.002054	0
BTCR_USD	2018-04-15	0.002173	0.002121	0.002206	0.002099	0
BTCR_USD	2018-04-14	0.002121	0.002088	0.002183	0.002073	0
BTCR_USD	2018-04-13	0.002088	0.002334	0.002366	0.002070	0
BTCR_USD	2018-04-12	0.002334	0.002117	0.002419	0.002045	0
BTCR_USD	2018-04-11	0.002117	0.002052	0.002126	0.001979	0
BTCR_USD	2018-04-10	0.002052	0.002028	0.002095	0.001952	0
BTCR_USD	2018-04-09	0.002028	0.002139	0.002191	0.002007	0
BTCR_USD	2018-04-08	0.002139	0.001963	0.002152	0.001862	0
BTCR_USD	2018-04-07	0.001963	0.001918	0.002106	0.001849	0
BTCR_USD	2018-04-06	0.001918	0.002096	0.002118	0.001745	0
BTCR_USD	2018-04-05	0.002096	0.002307	0.002383	0.001625	0
BTCR_USD	2018-04-04	0.002307	0.002481	0.002485	0.002259	0
BTCR_USD	2018-04-03	0.002481	0.002539	0.002585	0.002199	0
BTCR_USD	2018-04-02	0.002539	0.002418	0.002597	0.002405	0
BTCR_USD	2018-04-01	0.002418	0.002389	0.002470	0.002193	0
BTCR_USD	2018-03-31	0.002389	0.002326	0.002455	0.002310	0
BTCR_USD	2018-03-30	0.002326	0.002482	0.002504	0.002270	0
BTCR_USD	2018-03-29	0.002482	0.002740	0.002747	0.002413	0
BTCR_USD	2018-03-28	0.002740	0.002685	0.002796	0.002662	0
BTCR_USD	2018-03-27	0.002685	0.002803	0.002831	0.002671	0
BTCR_USD	2018-03-26	0.002803	0.003251	0.003270	0.002708	0
BTCR_USD	2018-03-25	0.003251	0.003445	0.003480	0.003224	0
BTCR_USD	2018-03-24	0.003445	0.003650	0.003694	0.003269	0
BTCR_USD	2018-03-23	0.003650	0.003356	0.003650	0.003150	0
BTCR_USD	2018-03-22	0.003356	0.003426	0.003521	0.003196	0
BTCR_USD	2018-03-21	0.003426	0.003247	0.003672	0.003235	0
BTCR_USD	2018-03-20	0.003247	0.003182	0.003248	0.002912	0
BTCR_USD	2018-03-19	0.003182	0.002873	0.003447	0.002873	0
BTCR_USD	2018-03-18	0.002873	0.004250	0.004251	0.002620	0
BTCR_USD	2018-03-17	0.004250	0.004146	0.004335	0.004048	0
BTCR_USD	2018-03-16	0.004146	0.005407	0.005460	0.003811	0
BTCR_USD	2018-03-15	0.005407	0.005647	0.005693	0.005119	0
BTCR_USD	2018-03-14	0.005647	0.006075	0.007063	0.005467	0
BTCR_USD	2018-03-13	0.006075	0.007296	0.008569	0.005652	0
BTCR_USD	2018-03-12	0.007296	0.003376	0.013300	0.003376	0
BTCR_USD	2018-03-11	0.003376	0.003108	0.003448	0.002987	0
BTCR_USD	2018-03-10	0.003108	0.003181	0.003390	0.003093	0
BTCR_USD	2018-03-09	0.003181	0.003208	0.003250	0.002881	0
BTCR_USD	2018-03-08	0.003208	0.003656	0.003782	0.003188	0
BTCR_USD	2018-03-07	0.003656	0.004235	0.004723	0.003633	0
BTCR_USD	2018-03-06	0.004235	0.004595	0.004595	0.004074	0
BTCR_USD	2018-03-05	0.004595	0.004718	0.004783	0.004519	0
BTCR_USD	2018-03-04	0.004654	0.004517	0.004660	0.004512	0
BTCR_USD	2018-03-03	0.004516	0.004079	0.004974	0.004079	0
BTCR_USD	2018-03-02	0.004060	0.004589	0.004679	0.004026	0
