BTR_USD	2019-04-09	0.000367	0.000399	0.000399	0.000362	0
BTR_USD	2019-04-08	0.000399	0.000393	0.000402	0.000386	0
BTR_USD	2019-04-07	0.000393	0.000381	0.000398	0.000381	0
BTR_USD	2019-04-06	0.000381	0.000381	0.000396	0.000373	0
BTR_USD	2019-04-05	0.000381	0.000370	0.000384	0.000370	0
BTR_USD	2019-04-04	0.000370	0.000373	0.000382	0.000363	0
BTR_USD	2019-04-03	0.000373	0.000370	0.000399	0.000364	0
BTR_USD	2019-04-02	0.000370	0.000315	0.000381	0.000314	0
BTR_USD	2019-04-01	0.000315	0.000313	0.000317	0.000310	0
BTR_USD	2019-03-31	0.000313	0.000312	0.000314	0.000312	0
BTR_USD	2019-03-30	0.000312	0.000293	0.000312	0.000289	0
BTR_USD	2019-03-29	0.000293	0.000307	0.000308	0.000286	0
BTR_USD	2019-03-28	0.000307	0.000308	0.000308	0.000305	0
BTR_USD	2019-03-27	0.000308	0.000299	0.000308	0.000286	0
BTR_USD	2019-03-26	0.000299	0.000298	0.000300	0.000296	0
BTR_USD	2019-03-25	0.000298	0.000303	0.000304	0.000283	0
BTR_USD	2019-03-24	0.000303	0.000305	0.000305	0.000301	0
BTR_USD	2019-03-23	0.000305	0.000304	0.000306	0.000303	0
BTR_USD	2019-03-22	0.000304	0.000303	0.000305	0.000303	0
BTR_USD	2019-03-21	0.000303	0.000289	0.000311	0.000288	0
BTR_USD	2019-03-20	0.000289	0.000267	0.000309	0.000265	0
BTR_USD	2019-03-19	0.000267	0.000265	0.000287	0.000264	0
BTR_USD	2019-03-18	0.000265	0.000305	0.000328	0.000264	0
BTR_USD	2019-03-17	0.000305	0.000286	0.000365	0.000284	0
BTR_USD	2019-03-16	0.000286	0.000300	0.000347	0.000286	0
BTR_USD	2019-03-15	0.000300	0.000296	0.000301	0.000296	0
BTR_USD	2019-03-14	0.000296	0.000296	0.000300	0.000292	0
BTR_USD	2019-03-13	0.000296	0.000257	0.000297	0.000255	0
BTR_USD	2019-03-12	0.000257	0.000277	0.000297	0.000256	0
BTR_USD	2019-03-11	0.000277	0.000280	0.000281	0.000274	0
BTR_USD	2019-03-10	0.000280	0.000281	0.000281	0.000278	0
BTR_USD	2019-03-09	0.000281	0.000276	0.000283	0.000275	0
BTR_USD	2019-03-08	0.000276	0.000278	0.000281	0.000271	0
BTR_USD	2019-03-07	0.000278	0.000277	0.000280	0.000275	0
BTR_USD	2019-03-06	0.000277	0.000257	0.000294	0.000254	0
BTR_USD	2019-03-05	0.000257	0.000247	0.000258	0.000246	0
BTR_USD	2019-03-04	0.000247	0.000253	0.000254	0.000245	0
BTR_USD	2019-03-03	0.000253	0.000254	0.000255	0.000251	0
BTR_USD	2019-03-02	0.000254	0.000255	0.000255	0.000251	0
BTR_USD	2019-03-01	0.000255	0.000253	0.000257	0.000253	0
BTR_USD	2019-02-28	0.000253	0.000254	0.000259	0.000253	0
BTR_USD	2019-02-27	0.000254	0.000253	0.000256	0.000245	0
BTR_USD	2019-02-26	0.000253	0.000255	0.000256	0.000252	0
BTR_USD	2019-02-25	0.000255	0.000249	0.000258	0.000249	0
BTR_USD	2019-02-24	0.000249	0.000274	0.000278	0.000248	0
BTR_USD	2019-02-23	0.000274	0.000264	0.000277	0.000261	0
BTR_USD	2019-02-22	0.000263	0.000261	0.000265	0.000259	0
BTR_USD	2019-02-21	0.000261	0.000264	0.000268	0.000258	0
BTR_USD	2019-02-20	0.000264	0.000259	0.000264	0.000258	0
BTR_USD	2019-02-19	0.000259	0.000259	0.000265	0.000256	0
BTR_USD	2019-02-18	0.000259	0.000243	0.000261	0.000242	0
BTR_USD	2019-02-17	0.000243	0.000239	0.000246	0.000238	0
BTR_USD	2019-02-16	0.000239	0.000238	0.000242	0.000238	0
BTR_USD	2019-02-15	0.000238	0.000238	0.000242	0.000237	0
BTR_USD	2019-02-14	0.000238	0.000238	0.000239	0.000237	0
BTR_USD	2019-02-13	0.000238	0.000240	0.000243	0.000237	0
BTR_USD	2019-02-12	0.000240	0.000239	0.000242	0.000237	0
BTR_USD	2019-02-11	0.000239	0.000244	0.000244	0.000239	0
BTR_USD	2019-02-10	0.000244	0.000242	0.000244	0.000238	0
BTR_USD	2019-02-09	0.000242	0.000242	0.000243	0.000240	0
BTR_USD	2019-02-08	0.000242	0.000223	0.000247	0.000223	0
BTR_USD	2019-02-07	0.000223	0.000224	0.000225	0.000223	0
BTR_USD	2019-02-06	0.000224	0.000228	0.000229	0.000223	0
BTR_USD	2019-02-05	0.000228	0.000227	0.000229	0.000226	0
BTR_USD	2019-02-04	0.000227	0.000228	0.000229	0.000226	0
BTR_USD	2019-02-03	0.000228	0.000231	0.000232	0.000226	0
BTR_USD	2019-02-02	0.000231	0.000230	0.000232	0.000228	0
BTR_USD	2019-02-01	0.000230	0.000228	0.000231	0.000225	0
BTR_USD	2019-01-31	0.000228	0.000229	0.000232	0.000226	0
BTR_USD	2019-01-30	0.000229	0.000226	0.000231	0.000224	0
BTR_USD	2019-01-29	0.000226	0.000228	0.000228	0.000223	0
BTR_USD	2019-01-28	0.000228	0.000234	0.000234	0.000225	0
BTR_USD	2019-01-27	0.000234	0.000236	0.000237	0.000230	0
BTR_USD	2019-01-26	0.000236	0.000236	0.000243	0.000236	0
BTR_USD	2019-01-25	0.000236	0.000237	0.000254	0.000234	0
BTR_USD	2019-01-24	0.000237	0.000235	0.000238	0.000233	0
BTR_USD	2019-01-23	0.000235	0.000237	0.000239	0.000233	0
BTR_USD	2019-01-22	0.000237	0.000233	0.000257	0.000233	0
BTR_USD	2019-01-21	0.000233	0.000233	0.000234	0.000231	0
BTR_USD	2019-01-20	0.000233	0.000245	0.000247	0.000231	0
BTR_USD	2019-01-19	0.000245	0.000239	0.000247	0.000239	0
BTR_USD	2019-01-18	0.000240	0.000260	0.000261	0.000238	0
BTR_USD	2019-01-17	0.000260	0.000257	0.000261	0.000239	0
BTR_USD	2019-01-16	0.000257	0.000256	0.000261	0.000238	0
BTR_USD	2019-01-15	0.000256	0.000262	0.000264	0.000254	0
BTR_USD	2019-01-14	0.000262	0.000251	0.000266	0.000251	0
BTR_USD	2019-01-13	0.000251	0.000259	0.000260	0.000250	0
BTR_USD	2019-01-12	0.000259	0.000260	0.000261	0.000257	0
BTR_USD	2019-01-11	0.000260	0.000260	0.000264	0.000257	0
BTR_USD	2019-01-10	0.000260	0.000286	0.000290	0.000258	0
BTR_USD	2019-01-09	0.000286	0.000287	0.000291	0.000283	0
BTR_USD	2019-01-08	0.000287	0.000288	0.000295	0.000284	0
BTR_USD	2019-01-07	0.000288	0.000313	0.000315	0.000286	0
BTR_USD	2019-01-06	0.000313	0.000293	0.000587	0.000292	0
BTR_USD	2019-01-05	0.000293	0.000297	0.000301	0.000293	0
BTR_USD	2019-01-04	0.000297	0.000294	0.000299	0.000289	0
BTR_USD	2019-01-03	0.000294	0.000304	0.000304	0.000293	0
BTR_USD	2019-01-02	0.000304	0.000297	0.000305	0.000294	0
BTR_USD	2019-01-01	0.000297	0.000287	0.000299	0.000284	0
BTR_USD	2018-12-31	0.000287	0.000298	0.000299	0.000276	0
BTR_USD	2018-12-30	0.000298	0.000291	0.000299	0.000288	0
BTR_USD	2018-12-29	0.000291	0.000303	0.000307	0.000282	0
BTR_USD	2018-12-28	0.000303	0.000279	0.000306	0.000277	0
BTR_USD	2018-12-27	0.000279	0.000295	0.000297	0.000277	0
BTR_USD	2018-12-26	0.000295	0.000293	0.000299	0.000272	0
BTR_USD	2018-12-25	0.000293	0.000311	0.000311	0.000287	0
BTR_USD	2018-12-24	0.000311	0.000305	0.000328	0.000305	0
BTR_USD	2018-12-23	0.000305	0.000309	0.000316	0.000290	0
BTR_USD	2018-12-22	0.000309	0.000298	0.000311	0.000278	0
BTR_USD	2018-12-21	0.000298	0.000316	0.000322	0.000293	0
BTR_USD	2018-12-20	0.000316	0.000286	0.000322	0.000269	0
BTR_USD	2018-12-19	0.000286	0.000283	0.000303	0.000282	0
BTR_USD	2018-12-18	0.000283	0.000272	0.000285	0.000266	0
BTR_USD	2018-12-17	0.000272	0.000281	0.000283	0.000248	0
BTR_USD	2018-12-16	0.000280	0.000279	0.000287	0.000268	0
BTR_USD	2018-12-15	0.000279	0.000246	0.000282	0.000245	0
BTR_USD	2018-12-14	0.000246	0.000285	0.000288	0.000242	0
BTR_USD	2018-12-13	0.000285	0.000301	0.000301	0.000283	0
BTR_USD	2018-12-12	0.000301	0.000291	0.000306	0.000290	0
BTR_USD	2018-12-11	0.000293	0.000300	0.000302	0.000289	0
BTR_USD	2018-12-10	0.000300	0.000310	0.000314	0.000286	0
BTR_USD	2018-12-09	0.000310	0.000298	0.000321	0.000295	0
BTR_USD	2018-12-08	0.000298	0.000294	0.000311	0.000282	0
BTR_USD	2018-12-07	0.000294	0.000301	0.000306	0.000279	0
BTR_USD	2018-12-06	0.000301	0.000320	0.000333	0.000299	0
BTR_USD	2018-12-05	0.000320	0.000338	0.000340	0.000319	0
BTR_USD	2018-12-04	0.000338	0.000332	0.000351	0.000324	0
BTR_USD	2018-12-03	0.000332	0.000354	0.000355	0.000326	0
BTR_USD	2018-12-02	0.000354	0.000361	0.000370	0.000335	0
BTR_USD	2018-12-01	0.000361	0.000343	0.000369	0.000338	0
BTR_USD	2018-11-30	0.000343	0.000345	0.000370	0.000337	0
BTR_USD	2018-11-29	0.000345	0.000323	0.000352	0.000314	0
BTR_USD	2018-11-28	0.000323	0.000311	0.000332	0.000297	0
BTR_USD	2018-11-27	0.000311	0.000289	0.000315	0.000264	0
BTR_USD	2018-11-26	0.000289	0.000308	0.000315	0.000263	0
BTR_USD	2018-11-25	0.000308	0.000295	0.000315	0.000263	0
BTR_USD	2018-11-24	0.000295	0.000332	0.000339	0.000238	0
BTR_USD	2018-11-23	0.000332	0.000329	0.000336	0.000319	0
BTR_USD	2018-11-22	0.000329	0.000350	0.000354	0.000329	0
BTR_USD	2018-11-21	0.000350	0.000344	0.000358	0.000332	0
BTR_USD	2018-11-20	0.000344	0.000370	0.000378	0.000324	0
BTR_USD	2018-11-19	0.000370	0.000424	0.000424	0.000367	0
BTR_USD	2018-11-18	0.000424	0.000422	0.000428	0.000422	0
BTR_USD	2018-11-17	0.000422	0.000425	0.000425	0.000418	0
BTR_USD	2018-11-16	0.000425	0.000431	0.000432	0.000417	0
BTR_USD	2018-11-15	0.000431	0.000441	0.000445	0.000408	0
BTR_USD	2018-11-14	0.000441	0.000485	0.000486	0.000428	0
BTR_USD	2018-11-13	0.000485	0.000484	0.000487	0.000480	0
BTR_USD	2018-11-12	0.000484	0.000484	0.000486	0.000481	0
BTR_USD	2018-11-11	0.000484	0.000482	0.000484	0.000477	0
BTR_USD	2018-11-10	0.000482	0.000482	0.000485	0.000481	0
BTR_USD	2018-11-09	0.000482	0.000486	0.000488	0.000480	0
BTR_USD	2018-11-08	0.000486	0.000559	0.000560	0.000424	0
BTR_USD	2018-11-07	0.000559	0.000554	0.000562	0.000554	0
BTR_USD	2018-11-06	0.000554	0.000550	0.000554	0.000548	0
BTR_USD	2018-11-05	0.000550	0.000551	0.000552	0.000547	0
BTR_USD	2018-11-04	0.000551	0.000543	0.000553	0.000541	0
BTR_USD	2018-11-03	0.000543	0.000546	0.000547	0.000538	0
BTR_USD	2018-11-02	0.000546	0.000544	0.000549	0.000543	0
BTR_USD	2018-11-01	0.000544	0.000573	0.000575	0.000541	0
BTR_USD	2018-10-31	0.000573	0.000570	0.000605	0.000563	0
BTR_USD	2018-10-30	0.000570	0.000571	0.000574	0.000568	0
BTR_USD	2018-10-29	0.000571	0.000584	0.000585	0.000569	0
BTR_USD	2018-10-28	0.000584	0.000585	0.000586	0.000581	0
BTR_USD	2018-10-27	0.000585	0.000588	0.000590	0.000583	0
BTR_USD	2018-10-26	0.000588	0.000620	0.000621	0.000586	0
BTR_USD	2018-10-25	0.000620	0.000623	0.000624	0.000587	0
BTR_USD	2018-10-24	0.000623	0.000655	0.000662	0.000622	0
BTR_USD	2018-10-23	0.000655	0.000657	0.000658	0.000653	0
BTR_USD	2018-10-22	0.000657	0.000659	0.000663	0.000655	0
BTR_USD	2018-10-21	0.000659	0.000659	0.000665	0.000658	0
BTR_USD	2018-10-20	0.000659	0.000849	0.000849	0.000656	0
BTR_USD	2018-10-19	0.000849	0.000827	0.000859	0.000821	0
BTR_USD	2018-10-18	0.000827	0.000808	0.000840	0.000804	0
BTR_USD	2018-10-17	0.000808	0.000811	0.000815	0.000802	0
BTR_USD	2018-10-16	0.000811	0.000876	0.000930	0.000806	0
BTR_USD	2018-10-15	0.000876	0.000633	0.000899	0.000630	0
BTR_USD	2018-10-14	0.000633	0.000633	0.000671	0.000632	0
BTR_USD	2018-10-13	0.000633	0.000630	0.000633	0.000629	0
BTR_USD	2018-10-12	0.000630	0.000626	0.000635	0.000622	0
BTR_USD	2018-10-11	0.000626	0.000663	0.000663	0.000623	0
BTR_USD	2018-10-10	0.000663	0.000666	0.000666	0.000653	0
BTR_USD	2018-10-09	0.000666	0.000667	0.000668	0.000661	0
BTR_USD	2018-10-08	0.000667	0.000660	0.000672	0.000659	0
BTR_USD	2018-10-07	0.000660	0.000659	0.000663	0.000654	0
BTR_USD	2018-10-06	0.000659	0.000664	0.000665	0.000656	0
BTR_USD	2018-10-05	0.000664	0.000658	0.000666	0.000655	0
BTR_USD	2018-10-04	0.000658	0.000683	0.000696	0.000656	0
BTR_USD	2018-10-03	0.000683	0.000654	0.000686	0.000643	0
BTR_USD	2018-10-02	0.000654	0.000660	0.000663	0.000651	0
BTR_USD	2018-10-01	0.000660	0.000662	0.000666	0.000652	0
BTR_USD	2018-09-30	0.000662	0.000660	0.000666	0.000653	0
BTR_USD	2018-09-29	0.000660	0.000663	0.000663	0.000647	0
BTR_USD	2018-09-28	0.000664	0.000702	0.000717	0.000655	0
BTR_USD	2018-09-27	0.000702	0.000679	0.000876	0.000669	0
BTR_USD	2018-09-26	0.000679	0.000579	0.000687	0.000575	0
BTR_USD	2018-09-25	0.000579	0.000593	0.000593	0.000541	0
BTR_USD	2018-09-24	0.000593	0.000604	0.000605	0.000590	0
BTR_USD	2018-09-23	0.000604	0.000605	0.000610	0.000600	0
BTR_USD	2018-09-22	0.000605	0.000610	0.000616	0.000598	0
BTR_USD	2018-09-21	0.000610	0.000748	0.000755	0.000588	0
BTR_USD	2018-09-20	0.000748	0.000735	0.000750	0.000731	0
BTR_USD	2018-09-19	0.000735	0.000729	0.000744	0.000703	0
BTR_USD	2018-09-18	0.000729	0.000719	0.000734	0.000716	0
BTR_USD	2018-09-17	0.000719	0.000747	0.000751	0.000714	0
BTR_USD	2018-09-16	0.000747	0.000815	0.000815	0.000739	0
BTR_USD	2018-09-15	0.000815	0.000811	0.000821	0.000809	0
BTR_USD	2018-09-14	0.000811	0.000842	0.000888	0.000807	0
BTR_USD	2018-09-13	0.000842	0.000855	0.000881	0.000836	0
BTR_USD	2018-09-12	0.000855	0.000818	0.000857	0.000806	0
BTR_USD	2018-09-11	0.000818	0.000852	0.000862	0.000803	0
BTR_USD	2018-09-10	0.000852	0.000749	0.000852	0.000749	0
BTR_USD	2018-09-09	0.000749	0.000742	0.000770	0.000739	0
BTR_USD	2018-09-08	0.000742	0.000768	0.000777	0.000737	0
BTR_USD	2018-09-07	0.000768	0.000749	0.000774	0.000727	0
BTR_USD	2018-09-06	0.000749	0.000771	0.000773	0.000726	0
BTR_USD	2018-09-05	0.000771	0.000883	0.000886	0.000771	0
BTR_USD	2018-09-04	0.000883	0.000836	0.000889	0.000833	0
BTR_USD	2018-09-03	0.000836	0.000838	0.000844	0.000828	0
BTR_USD	2018-09-02	0.000838	0.000828	0.000862	0.000821	0
BTR_USD	2018-09-01	0.000828	0.000808	0.000866	0.000807	0
BTR_USD	2018-08-31	0.000808	0.000769	0.000815	0.000765	0
BTR_USD	2018-08-30	0.000769	0.000775	0.000777	0.000749	0
BTR_USD	2018-08-29	0.000775	0.000779	0.000784	0.000762	0
BTR_USD	2018-08-28	0.000779	0.000759	0.000784	0.000756	0
BTR_USD	2018-08-27	0.000759	0.000738	0.000760	0.000733	0
BTR_USD	2018-08-26	0.000738	0.000741	0.000746	0.000724	0
BTR_USD	2018-08-25	0.000741	0.000736	0.000747	0.000734	0
BTR_USD	2018-08-24	0.000736	0.000718	0.000740	0.000711	0
BTR_USD	2018-08-23	0.000718	0.000699	0.000722	0.000699	0
BTR_USD	2018-08-22	0.000699	0.000713	0.000755	0.000688	0
BTR_USD	2018-08-21	0.000713	0.000657	0.000715	0.000656	0
BTR_USD	2018-08-20	0.000657	0.000681	0.000715	0.000657	0
BTR_USD	2018-08-19	0.000681	0.000671	0.000687	0.000662	0
BTR_USD	2018-08-18	0.000671	0.000692	0.000694	0.000662	0
BTR_USD	2018-08-17	0.000692	0.000663	0.000692	0.000661	0
BTR_USD	2018-08-16	0.000663	0.000690	0.000696	0.000655	0
BTR_USD	2018-08-15	0.000690	0.000773	0.000809	0.000687	0
BTR_USD	2018-08-14	0.000773	0.000781	0.000781	0.000736	0
BTR_USD	2018-08-13	0.000781	0.000789	0.000817	0.000770	0
BTR_USD	2018-08-12	0.000789	0.000778	0.000806	0.000772	0
BTR_USD	2018-08-11	0.000778	0.000768	0.000807	0.000751	0
BTR_USD	2018-08-10	0.000768	0.000816	0.000822	0.000752	0
BTR_USD	2018-08-09	0.000816	0.000785	0.000828	0.000774	0
BTR_USD	2018-08-08	0.000785	0.000840	0.000840	0.000767	0
BTR_USD	2018-08-07	0.000840	0.000833	0.000891	0.000829	0
BTR_USD	2018-08-06	0.000833	0.000844	0.000857	0.000822	0
BTR_USD	2018-08-05	0.000844	0.000841	0.000851	0.000827	0
BTR_USD	2018-08-04	0.000841	0.000890	0.000899	0.000832	0
BTR_USD	2018-08-03	0.000890	0.000904	0.000904	0.000874	0
BTR_USD	2018-08-02	0.000904	0.000913	0.000924	0.000895	0
BTR_USD	2018-08-01	0.000913	0.000929	0.000931	0.000893	0
BTR_USD	2018-07-31	0.000929	0.000940	0.000963	0.000914	0
BTR_USD	2018-07-30	0.000940	0.000946	0.000952	0.000905	0
BTR_USD	2018-07-29	0.000946	0.000940	0.000952	0.000934	0
BTR_USD	2018-07-27	0.000948	0.000948	0.000948	0.000948	0
BTR_USD	2018-07-26	0.000948	0.000940	0.000955	0.000940	0
BTR_USD	2018-07-25	0.000940	0.000967	0.000976	0.000929	0
BTR_USD	2018-07-24	0.000967	0.000887	0.000974	0.000885	0
BTR_USD	2018-07-23	0.000887	0.000962	0.001011	0.000881	0
BTR_USD	2018-07-22	0.000962	0.000962	0.000983	0.000955	0
BTR_USD	2018-07-21	0.000962	0.000953	0.000968	0.000939	0
BTR_USD	2018-07-20	0.000953	0.000972	0.000999	0.000946	0
BTR_USD	2018-07-19	0.000972	0.000958	0.000982	0.000947	0
BTR_USD	2018-07-18	0.000958	0.000952	0.001009	0.000943	0
BTR_USD	2018-07-17	0.000952	0.000876	0.000970	0.000867	0
BTR_USD	2018-07-16	0.000876	0.000825	0.000877	0.000823	0
BTR_USD	2018-07-15	0.000825	0.000813	0.000830	0.000810	0
BTR_USD	2018-07-14	0.000813	0.000809	0.000819	0.000803	0
BTR_USD	2018-07-13	0.000809	0.000810	0.000823	0.000799	0
BTR_USD	2018-07-12	0.000810	0.000829	0.000829	0.000791	0
BTR_USD	2018-07-11	0.000829	0.000851	0.000863	0.000819	0
BTR_USD	2018-07-10	0.000851	0.000866	0.000874	0.000840	0
BTR_USD	2018-07-09	0.000866	0.000872	0.000883	0.000863	0
BTR_USD	2018-07-08	0.000872	0.000913	0.000917	0.000842	0
BTR_USD	2018-07-07	0.000913	0.000858	0.000922	0.000847	0
BTR_USD	2018-07-06	0.000858	0.000850	0.000862	0.000839	0
BTR_USD	2018-07-05	0.000850	0.000857	0.000871	0.000840	0
BTR_USD	2018-07-04	0.000857	0.000845	0.000873	0.000834	0
BTR_USD	2018-07-03	0.000845	0.001125	0.001134	0.000015	0
BTR_USD	2018-07-02	0.001125	0.001143	0.001222	0.000000	0
BTR_USD	2018-07-01	0.001143	0.001182	0.001190	0.001073	0
BTR_USD	2018-06-30	0.001182	0.001148	0.001206	0.001148	0
BTR_USD	2018-06-29	0.001149	0.001082	0.001161	0.001073	0
BTR_USD	2018-06-28	0.001084	0.001135	0.001140	0.001079	0
BTR_USD	2018-06-27	0.001135	0.001122	0.001143	0.001108	0
BTR_USD	2018-06-26	0.001126	0.001156	0.001161	0.001120	0
BTR_USD	2018-06-25	0.001156	0.001137	0.001168	0.001125	0
BTR_USD	2018-06-24	0.001137	0.001140	0.001154	0.001068	0
BTR_USD	2018-06-23	0.001138	0.001118	0.001156	0.001113	0
BTR_USD	2018-06-22	0.001118	0.001242	0.001245	0.001098	0
BTR_USD	2018-06-21	0.001242	0.001251	0.001255	0.001238	0
BTR_USD	2018-06-20	0.001251	0.001246	0.001260	0.001214	0
BTR_USD	2018-06-19	0.001247	0.001242	0.001263	0.001234	0
BTR_USD	2018-06-18	0.001241	0.001192	0.001255	0.001182	0
BTR_USD	2018-06-17	0.001191	0.001200	0.001215	0.001189	0
BTR_USD	2018-06-16	0.001200	0.001213	0.001230	0.001171	0
BTR_USD	2018-06-15	0.001213	0.001262	0.001262	0.001208	0
BTR_USD	2018-06-14	0.001260	0.001196	0.001273	0.001192	0
BTR_USD	2018-06-13	0.001195	0.001243	0.001255	0.001164	0
BTR_USD	2018-06-12	0.001243	0.001305	0.001305	0.001224	0
BTR_USD	2018-06-11	0.001306	0.001284	0.001310	0.001261	0
BTR_USD	2018-06-10	0.001282	0.001387	0.001387	0.001229	0
BTR_USD	2018-06-09	0.001387	0.001409	0.001422	0.001382	0
BTR_USD	2018-06-08	0.001409	0.001422	0.001424	0.001396	0
BTR_USD	2018-06-07	0.001422	0.001416	0.001435	0.001414	0
BTR_USD	2018-06-06	0.001416	0.001411	0.001424	0.001387	0
BTR_USD	2018-06-05	0.001410	0.001385	0.001419	0.001364	0
BTR_USD	2018-06-04	0.001386	0.001429	0.001435	0.001380	0
BTR_USD	2018-06-03	0.001428	0.001412	0.001477	0.001406	0
BTR_USD	2018-06-02	0.001413	0.001393	0.001423	0.001379	0
BTR_USD	2018-06-01	0.001391	0.001647	0.001672	0.001367	0
BTR_USD	2018-05-31	0.001647	0.001622	0.001672	0.001614	0
BTR_USD	2018-05-30	0.001623	0.001642	0.001663	0.001602	0
BTR_USD	2018-05-29	0.001640	0.001563	0.001655	0.001551	0
BTR_USD	2018-05-28	0.001562	0.001615	0.001635	0.001557	0
BTR_USD	2018-05-27	0.001615	0.001576	0.001652	0.001553	0
BTR_USD	2018-05-26	0.001575	0.001640	0.001675	0.001567	0
BTR_USD	2018-05-25	0.001641	0.001667	0.001682	0.001613	0
BTR_USD	2018-05-24	0.001666	0.001651	0.001698	0.001598	0
BTR_USD	2018-05-23	0.001652	0.001755	0.001764	0.001638	0
BTR_USD	2018-05-22	0.001756	0.001847	0.001849	0.001749	0
BTR_USD	2018-05-21	0.001847	0.001875	0.001880	0.001840	0
BTR_USD	2018-05-20	0.001875	0.001813	0.001888	0.001798	0
BTR_USD	2018-05-19	0.001813	0.001771	0.001846	0.001751	0
BTR_USD	2018-05-18	0.001771	0.001732	0.001779	0.001704	0
BTR_USD	2018-05-17	0.001734	0.001837	0.001904	0.001719	0
BTR_USD	2018-05-16	0.001835	0.001905	0.001910	0.001811	0
BTR_USD	2018-05-15	0.001905	0.001950	0.001986	0.001896	0
BTR_USD	2018-05-14	0.001950	0.001954	0.001998	0.001862	0
BTR_USD	2018-05-13	0.001954	0.001907	0.001969	0.001874	0
BTR_USD	2018-05-12	0.001903	0.001846	0.001920	0.001805	0
BTR_USD	2018-05-11	0.001846	0.001984	0.001984	0.001836	0
BTR_USD	2018-05-10	0.001984	0.002050	0.002066	0.001981	0
BTR_USD	2018-05-09	0.002050	0.002021	0.002062	0.001976	0
BTR_USD	2018-05-08	0.002022	0.002059	0.002066	0.000000	0
BTR_USD	2018-05-07	0.002074	0.002125	0.002129	0.002024	0
BTR_USD	2018-05-06	0.002125	0.002170	0.002192	0.002079	0
BTR_USD	2018-05-05	0.002168	0.002136	0.002221	0.002131	0
BTR_USD	2018-05-04	0.002136	0.002148	0.002198	0.002104	0
BTR_USD	2018-05-03	0.002150	0.002032	0.002164	0.002018	0
BTR_USD	2018-05-02	0.002032	0.001995	0.002039	0.001976	0
BTR_USD	2018-05-01	0.001996	0.002032	0.002033	0.001944	0
BTR_USD	2018-04-30	0.002032	0.002068	0.002079	0.002005	0
BTR_USD	2018-04-29	0.002068	0.002055	0.002103	0.002021	0
BTR_USD	2018-04-28	0.002055	0.001964	0.002075	0.001952	0
BTR_USD	2018-04-27	0.001964	0.002045	0.002064	0.001959	0
BTR_USD	2018-04-26	0.002045	0.001908	0.002048	0.001863	0
BTR_USD	2018-04-25	0.001908	0.002123	0.002146	0.001889	0
BTR_USD	2018-04-24	0.002128	0.001967	0.002142	0.001965	0
BTR_USD	2018-04-23	0.001967	0.001936	0.001981	0.001930	0
BTR_USD	2018-04-22	0.001936	0.001961	0.001986	0.001926	0
BTR_USD	2018-04-21	0.001961	0.001952	0.001986	0.001896	0
BTR_USD	2018-04-20	0.001952	0.001820	0.001965	0.001779	0
BTR_USD	2018-04-19	0.001820	0.001837	0.001861	0.001797	0
BTR_USD	2018-04-18	0.001837	0.001775	0.001850	0.001772	0
BTR_USD	2018-04-17	0.001775	0.001813	0.001837	0.001761	0
BTR_USD	2018-04-16	0.001813	0.001880	0.001891	0.001778	0
BTR_USD	2018-04-15	0.001880	0.001801	0.001895	0.001801	0
BTR_USD	2018-04-14	0.001801	0.001773	0.001841	0.001760	0
BTR_USD	2018-04-13	0.001773	0.001741	0.001837	0.001707	0
BTR_USD	2018-04-12	0.001741	0.001527	0.001774	0.001487	0
BTR_USD	2018-04-11	0.001528	0.001505	0.001534	0.001495	0
BTR_USD	2018-04-10	0.001505	0.001487	0.001516	0.001464	0
BTR_USD	2018-04-09	0.001487	0.001543	0.001580	0.001455	0
BTR_USD	2018-04-08	0.001543	0.001515	0.001564	0.001514	0
BTR_USD	2018-04-07	0.001515	0.001488	0.001625	0.001485	0
BTR_USD	2018-04-06	0.001488	0.001555	0.001571	0.001464	0
BTR_USD	2018-04-05	0.001555	0.001629	0.001658	0.001446	0
BTR_USD	2018-04-04	0.001629	0.001777	0.001780	0.001607	0
BTR_USD	2018-04-03	0.001777	0.001657	0.001802	0.001650	0
BTR_USD	2018-04-02	0.001657	0.001703	0.001704	0.001592	0
BTR_USD	2018-04-01	0.001703	0.001731	0.001757	0.001609	0
BTR_USD	2018-03-31	0.001731	0.001710	0.001805	0.001698	0
BTR_USD	2018-03-30	0.001710	0.001702	0.001742	0.001610	0
BTR_USD	2018-03-29	0.001702	0.001946	0.001951	0.001654	0
BTR_USD	2018-03-28	0.001946	0.001868	0.001986	0.001855	0
BTR_USD	2018-03-27	0.001868	0.002031	0.002052	0.001858	0
BTR_USD	2018-03-26	0.002031	0.002069	0.002123	0.001926	0
BTR_USD	2018-03-25	0.002069	0.002042	0.002201	0.002010	0
BTR_USD	2018-03-24	0.002042	0.002003	0.002162	0.001984	0
BTR_USD	2018-03-23	0.002003	0.002005	0.002086	0.001903	0
BTR_USD	2018-03-22	0.002005	0.001958	0.002028	0.001823	0
BTR_USD	2018-03-21	0.001958	0.001957	0.002017	0.001927	0
BTR_USD	2018-03-20	0.001957	0.001935	0.002000	0.001871	0
BTR_USD	2018-03-19	0.001935	0.001847	0.001957	0.001825	0
BTR_USD	2018-03-18	0.001847	0.001692	0.001860	0.001575	0
BTR_USD	2018-03-17	0.001692	0.001783	0.001793	0.001666	0
BTR_USD	2018-03-16	0.001783	0.001775	0.001847	0.001699	0
BTR_USD	2018-03-15	0.001775	0.001760	0.001807	0.001651	0
BTR_USD	2018-03-14	0.001760	0.001873	0.002004	0.001704	0
BTR_USD	2018-03-13	0.001873	0.001824	0.001905	0.001791	0
BTR_USD	2018-03-12	0.001824	0.001902	0.001973	0.001717	0
BTR_USD	2018-03-11	0.001902	0.001707	0.001943	0.001686	0
BTR_USD	2018-03-10	0.001707	0.001890	0.001947	0.001699	0
BTR_USD	2018-03-09	0.001890	0.001906	0.001931	0.001712	0
BTR_USD	2018-03-08	0.001906	0.001927	0.002004	0.001764	0
BTR_USD	2018-03-07	0.001927	0.002091	0.002125	0.001840	0
BTR_USD	2018-03-06	0.002091	0.002183	0.002183	0.002056	0
BTR_USD	2018-03-05	0.002183	0.002186	0.002222	0.002181	0
BTR_USD	2018-03-04	0.002166	0.002115	0.002166	0.002115	0
BTR_USD	2018-03-03	0.002099	0.002095	0.002159	0.002092	0
BTR_USD	2018-03-02	0.002147	0.001967	0.002152	0.001967	0
