BTW_USD	2019-04-09	0.005726	0.005711	0.005726	0.005706	9998471
BTW_USD	2019-04-08	0.005711	0.004042	0.005797	0.004036	11413481
BTW_USD	2019-04-07	0.004038	0.004042	0.005797	0.004036	10686143
BTW_USD	2019-04-06	0.004042	0.004454	0.004470	0.004037	11017301
BTW_USD	2019-04-05	0.004454	0.004046	0.005797	0.004036	11743891
BTW_USD	2019-04-04	0.004046	0.004049	0.005797	0.004036	12099675
BTW_USD	2019-04-03	0.004049	0.004052	0.005845	0.004036	12644368
BTW_USD	2019-04-02	0.004052	0.003537	0.005950	0.003535	13138897
BTW_USD	2019-04-01	0.003549	0.003551	0.006075	0.003535	13213896
BTW_USD	2019-03-31	0.003551	0.003933	0.003948	0.003535	13478986
BTW_USD	2019-03-30	0.003933	0.003434	0.006100	0.003336	14727742
BTW_USD	2019-03-29	0.003434	0.004955	0.006070	0.003332	13473526
BTW_USD	2019-03-28	0.004955	0.004956	0.004964	0.004940	10435023
BTW_USD	2019-03-27	0.004952	0.003830	0.006070	0.003727	11982589
BTW_USD	2019-03-26	0.003834	0.004039	0.004053	0.003723	12371990
BTW_USD	2019-03-25	0.004039	0.003486	0.006100	0.003413	13886015
BTW_USD	2019-03-24	0.003486	0.003807	0.006100	0.003400	12891240
BTW_USD	2019-03-23	0.003803	0.003824	0.006100	0.003771	12355487
BTW_USD	2019-03-22	0.003820	0.004661	0.004663	0.003801	11266805
BTW_USD	2019-03-21	0.004661	0.004652	0.004663	0.004642	10555318
BTW_USD	2019-03-20	0.004651	0.004659	0.004663	0.004642	10491944
BTW_USD	2019-03-19	0.004659	0.004797	0.004843	0.004556	10080078
BTW_USD	2019-03-18	0.004797	0.004797	0.004814	0.004793	10500490
BTW_USD	2019-03-17	0.004802	0.004797	0.004814	0.004792	10756841
BTW_USD	2019-03-16	0.004802	0.004799	0.004814	0.004793	10865449
BTW_USD	2019-03-15	0.004799	0.004674	0.004843	0.004660	10206882
BTW_USD	2019-03-14	0.004672	0.004630	0.004683	0.004623	10837705
BTW_USD	2019-03-13	0.004658	0.004262	0.006099	0.004101	11033851
BTW_USD	2019-03-12	0.004258	0.005063	0.005075	0.004254	10722257
BTW_USD	2019-03-11	0.005063	0.005476	0.006100	0.004885	9177301
BTW_USD	2019-03-10	0.005476	0.005461	0.005476	0.005455	9778829
BTW_USD	2019-03-09	0.005471	0.005456	0.005476	0.005455	10079654
BTW_USD	2019-03-08	0.005456	0.005091	0.006100	0.004949	9539230
BTW_USD	2019-03-07	0.005091	0.004556	0.006100	0.004544	9614968
BTW_USD	2019-03-06	0.004556	0.004925	0.004934	0.004549	10096807
BTW_USD	2019-03-05	0.004905	0.004956	0.004986	0.004846	9841450
BTW_USD	2019-03-04	0.004961	0.004941	0.005043	0.004913	9762647
BTW_USD	2019-03-03	0.004941	0.004545	0.004941	0.004543	11007342
BTW_USD	2019-03-02	0.004545	0.004543	0.004562	0.004542	10551775
BTW_USD	2019-03-01	0.004543	0.004562	0.004562	0.004543	11147788
BTW_USD	2019-02-28	0.004562	0.005758	0.006499	0.002487	10424900
BTW_USD	2019-02-27	0.005753	0.005762	0.005776	0.005751	9838425
BTW_USD	2019-02-26	0.005762	0.005430	0.006499	0.005169	8979149
BTW_USD	2019-02-25	0.005400	0.005785	0.006419	0.005394	7859024
BTW_USD	2019-02-24	0.005785	0.005880	0.006500	0.005756	8110405
BTW_USD	2019-02-23	0.002000	0.006481	0.006500	0.002000	7605252
BTW_USD	2019-02-22	0.006481	0.006410	0.006500	0.005685	14576001
BTW_USD	2019-02-21	0.006419	0.006422	0.006432	0.006403	15956048
BTW_USD	2019-02-20	0.006422	0.006410	0.006432	0.003085	11858530
BTW_USD	2019-02-19	0.006419	0.004954	0.006500	0.004953	9355676
BTW_USD	2019-02-18	0.004956	0.003087	0.004960	0.003087	3373674
BTW_USD	2019-02-17	0.003087	0.004954	0.004965	0.003085	11214033
BTW_USD	2019-02-16	0.004952	0.004010	0.005915	0.004010	2566347
BTW_USD	2019-02-15	0.004010	0.004010	0.004010	0.003992	12307993
BTW_USD	2019-02-14	0.004010	0.003554	0.004010	0.003548	10962733
BTW_USD	2019-02-13	0.003554	0.003765	0.003765	0.003548	13125995
BTW_USD	2019-02-12	0.003745	0.004506	0.005910	0.002995	8857203
BTW_USD	2019-02-11	0.004530	0.005011	0.005025	0.004342	10117966
BTW_USD	2019-02-10	0.005011	0.005376	0.005950	0.004580	9601040
BTW_USD	2019-02-09	0.005376	0.003959	0.006500	0.003933	10641695
BTW_USD	2019-02-08	0.003959	0.003798	0.004002	0.003784	12196625
BTW_USD	2019-02-07	0.003798	0.003923	0.003925	0.003784	11939744
BTW_USD	2019-02-06	0.003925	0.004053	0.004081	0.003905	12101309
BTW_USD	2019-02-05	0.004053	0.004014	0.006800	0.004014	12628311
BTW_USD	2019-02-04	0.004014	0.003994	0.004050	0.003980	12547704
BTW_USD	2019-02-03	0.003994	0.003997	0.003998	0.003907	12557002
BTW_USD	2019-02-02	0.003997	0.003987	0.003997	0.003979	11933584
BTW_USD	2019-02-01	0.003997	0.003993	0.003999	0.003978	12773928
BTW_USD	2019-01-31	0.003993	0.003743	0.003999	0.003741	12623262
BTW_USD	2019-01-30	0.003745	0.003756	0.003758	0.003737	5130781
BTW_USD	2019-01-29	0.003756	0.003751	0.003760	0.003192	10220007
BTW_USD	2019-01-28	0.003045	0.003176	0.003782	0.002220	5629632
BTW_USD	2019-01-27	0.003176	0.003287	0.003294	0.003146	13725136
BTW_USD	2019-01-26	0.003287	0.003280	0.003312	0.003241	12557856
BTW_USD	2019-01-25	0.003299	0.003368	0.003999	0.003218	14119301
BTW_USD	2019-01-24	0.003368	0.003491	0.003498	0.003342	12814590
BTW_USD	2019-01-23	0.003492	0.003493	0.003498	0.003483	12754073
BTW_USD	2019-01-22	0.003493	0.003492	0.003500	0.003483	12470807
BTW_USD	2019-01-21	0.003492	0.003995	0.004001	0.003483	12622817
BTW_USD	2019-01-20	0.003995	0.003996	0.004351	0.003981	12533359
BTW_USD	2019-01-19	0.003996	0.003990	0.004000	0.003981	12120806
BTW_USD	2019-01-18	0.003990	0.003532	0.004340	0.003470	13147593
BTW_USD	2019-01-17	0.003530	0.003406	0.003530	0.003400	14734643
BTW_USD	2019-01-16	0.003406	0.004312	0.004320	0.002000	7322108
