BTWTY_USD	2019-01-27	0.000887	0.000887	0.000887	0.000887	0
BTWTY_USD	2019-01-26	0.000887	0.000887	0.000887	0.000887	0
BTWTY_USD	2019-01-25	0.000887	0.000887	0.000887	0.000887	0
BTWTY_USD	2019-01-24	0.000887	0.000887	0.000887	0.000887	0
BTWTY_USD	2019-01-23	0.000887	0.000887	0.000887	0.000887	0
BTWTY_USD	2019-01-22	0.000887	0.000887	0.000887	0.000887	0
BTWTY_USD	2019-01-21	0.000887	0.000887	0.000887	0.000887	0
BTWTY_USD	2019-01-20	0.000887	0.000887	0.000887	0.000887	0
BTWTY_USD	2019-01-19	0.000887	0.000887	0.000887	0.000887	0
BTWTY_USD	2019-01-18	0.000887	0.000887	0.000887	0.000887	0
BTWTY_USD	2019-01-17	0.000887	0.000887	0.000887	0.000887	0
BTWTY_USD	2019-01-16	0.000887	0.000887	0.000887	0.000887	0
BTWTY_USD	2019-01-15	0.000887	0.000887	0.000887	0.000887	0
BTWTY_USD	2019-01-14	0.000887	0.000880	0.000889	0.000877	0
BTWTY_USD	2019-01-13	0.000880	0.000907	0.000911	0.000875	0
BTWTY_USD	2019-01-12	0.000907	0.000910	0.000915	0.000899	0
BTWTY_USD	2019-01-11	0.000910	0.000910	0.000923	0.000898	0
BTWTY_USD	2019-01-10	0.000910	0.001000	0.001013	0.000903	0
BTWTY_USD	2019-01-09	0.001000	0.001004	0.001019	0.000989	0
BTWTY_USD	2019-01-08	0.001004	0.001008	0.001031	0.000994	0
BTWTY_USD	2019-01-07	0.001008	0.001022	0.001028	0.000999	0
BTWTY_USD	2019-01-06	0.001022	0.000958	0.001917	0.000953	0
BTWTY_USD	2019-01-05	0.000958	0.000969	0.000984	0.000957	0
BTWTY_USD	2019-01-04	0.000969	0.000961	0.000977	0.000946	0
BTWTY_USD	2019-01-03	0.000961	0.000992	0.000993	0.000956	0
BTWTY_USD	2019-01-02	0.000992	0.000970	0.000998	0.000960	0
BTWTY_USD	2019-01-01	0.000970	0.000938	0.000975	0.000928	0
BTWTY_USD	2018-12-31	0.000938	0.000973	0.000976	0.000927	0
BTWTY_USD	2018-12-30	0.000973	0.000951	0.000977	0.000942	0
BTWTY_USD	2018-12-29	0.000951	0.000989	0.001002	0.000948	0
BTWTY_USD	2018-12-28	0.000989	0.000910	0.001001	0.000906	0
BTWTY_USD	2018-12-27	0.000910	0.000963	0.000971	0.000904	0
BTWTY_USD	2018-12-26	0.000963	0.000957	0.000978	0.000934	0
BTWTY_USD	2018-12-25	0.000957	0.001016	0.001017	0.000936	0
BTWTY_USD	2018-12-24	0.001016	0.000997	0.001074	0.000997	0
BTWTY_USD	2018-12-23	0.000997	0.001011	0.001031	0.000989	0
BTWTY_USD	2018-12-22	0.001011	0.000973	0.001016	0.000960	0
BTWTY_USD	2018-12-21	0.000973	0.001033	0.001051	0.000957	0
BTWTY_USD	2018-12-20	0.001033	0.000933	0.001052	0.000927	0
BTWTY_USD	2018-12-19	0.000933	0.000926	0.000990	0.000922	0
BTWTY_USD	2018-12-18	0.000926	0.000888	0.000930	0.000870	0
BTWTY_USD	2018-12-17	0.000888	0.000808	0.000907	0.000805	0
BTWTY_USD	2018-12-16	0.000808	0.000805	0.000828	0.000803	0
BTWTY_USD	2018-12-15	0.000805	0.000804	0.000813	0.000788	0
BTWTY_USD	2018-12-14	0.000804	0.000821	0.000830	0.000790	0
BTWTY_USD	2018-12-13	0.000821	0.000867	0.000868	0.000816	0
BTWTY_USD	2018-12-12	0.000867	0.000838	0.000883	0.000837	0
BTWTY_USD	2018-12-11	0.000846	0.000864	0.000870	0.000832	0
BTWTY_USD	2018-12-10	0.000864	0.000893	0.000906	0.000852	0
BTWTY_USD	2018-12-09	0.000893	0.000859	0.000925	0.000850	0
BTWTY_USD	2018-12-08	0.000859	0.000847	0.000896	0.000813	0
BTWTY_USD	2018-12-07	0.000847	0.000867	0.000882	0.000804	0
BTWTY_USD	2018-12-06	0.000867	0.000923	0.000959	0.000861	0
BTWTY_USD	2018-12-05	0.000923	0.000976	0.000979	0.000919	0
BTWTY_USD	2018-12-04	0.000976	0.000956	0.001013	0.000933	0
BTWTY_USD	2018-12-03	0.000956	0.001019	0.001024	0.000941	0
BTWTY_USD	2018-12-02	0.001019	0.001040	0.001067	0.001011	0
BTWTY_USD	2018-12-01	0.001040	0.000989	0.001063	0.000975	0
BTWTY_USD	2018-11-30	0.000989	0.001056	0.001068	0.000972	0
BTWTY_USD	2018-11-29	0.001056	0.001055	0.001095	0.001025	0
BTWTY_USD	2018-11-28	0.001055	0.000952	0.001086	0.000952	0
BTWTY_USD	2018-11-27	0.000952	0.001003	0.001008	0.000928	0
BTWTY_USD	2018-11-26	0.001003	0.001088	0.001134	0.000873	0
BTWTY_USD	2018-11-25	0.001088	0.000963	0.001113	0.000921	0
BTWTY_USD	2018-11-24	0.000963	0.001128	0.001151	0.000939	0
BTWTY_USD	2018-11-23	0.001128	0.001208	0.001216	0.001062	0
BTWTY_USD	2018-11-22	0.001208	0.001238	0.001286	0.001165	0
BTWTY_USD	2018-11-21	0.001238	0.001285	0.001288	0.001132	0
BTWTY_USD	2018-11-20	0.001285	0.001383	0.001400	0.001144	0
BTWTY_USD	2018-11-19	0.001383	0.001556	0.001597	0.001369	0
BTWTY_USD	2018-11-18	0.001556	0.001716	0.001734	0.001523	0
BTWTY_USD	2018-11-17	0.001716	0.001726	0.001726	0.001700	0
BTWTY_USD	2018-11-16	0.001726	0.001783	0.001784	0.001694	0
BTWTY_USD	2018-11-15	0.001783	0.001854	0.001868	0.001597	0
BTWTY_USD	2018-11-14	0.001854	0.002101	0.002140	0.001626	0
BTWTY_USD	2018-11-13	0.002101	0.002224	0.002230	0.002101	0
BTWTY_USD	2018-11-12	0.002224	0.002487	0.002495	0.001966	0
BTWTY_USD	2018-11-11	0.002487	0.002444	0.002487	0.002418	0
BTWTY_USD	2018-11-10	0.002444	0.002375	0.002455	0.002373	0
BTWTY_USD	2018-11-09	0.002375	0.002592	0.002601	0.002366	0
BTWTY_USD	2018-11-08	0.002592	0.002662	0.002690	0.002591	0
BTWTY_USD	2018-11-07	0.002662	0.002508	0.002708	0.002507	0
BTWTY_USD	2018-11-06	0.002508	0.002297	0.002508	0.002289	0
BTWTY_USD	2018-11-05	0.002297	0.002302	0.002306	0.002286	0
BTWTY_USD	2018-11-04	0.002302	0.002268	0.002311	0.002258	0
BTWTY_USD	2018-11-03	0.002268	0.002282	0.002283	0.002248	0
BTWTY_USD	2018-11-02	0.002282	0.002272	0.002291	0.002269	0
BTWTY_USD	2018-11-01	0.002272	0.002261	0.002280	0.002256	0
BTWTY_USD	2018-10-31	0.002261	0.001962	0.002271	0.001960	0
BTWTY_USD	2018-10-30	0.001962	0.001998	0.002198	0.001957	0
BTWTY_USD	2018-10-29	0.001998	0.001785	0.002070	0.001746	0
BTWTY_USD	2018-10-28	0.001785	0.001755	0.001788	0.001749	0
BTWTY_USD	2018-10-27	0.001755	0.001731	0.001817	0.001718	0
BTWTY_USD	2018-10-26	0.001731	0.001730	0.001746	0.001726	0
BTWTY_USD	2018-10-25	0.001730	0.001737	0.001739	0.001725	0
BTWTY_USD	2018-10-24	0.001737	0.001736	0.001755	0.001734	0
BTWTY_USD	2018-10-23	0.001735	0.001740	0.001745	0.001731	0
BTWTY_USD	2018-10-22	0.001740	0.001581	0.001744	0.001572	0
BTWTY_USD	2018-10-21	0.001581	0.001581	0.001597	0.001580	0
BTWTY_USD	2018-10-20	0.001581	0.001534	0.001586	0.001530	0
BTWTY_USD	2018-10-19	0.001534	0.001257	0.001544	0.001250	0
BTWTY_USD	2018-10-18	0.001257	0.001347	0.001356	0.001252	0
BTWTY_USD	2018-10-17	0.001347	0.001352	0.001352	0.001303	0
BTWTY_USD	2018-10-16	0.001352	0.001247	0.001365	0.001123	0
BTWTY_USD	2018-10-15	0.001247	0.001298	0.001466	0.001197	0
BTWTY_USD	2018-10-14	0.001298	0.001329	0.001407	0.001240	0
BTWTY_USD	2018-10-13	0.001329	0.001385	0.001388	0.001041	0
BTWTY_USD	2018-10-12	0.001385	0.001189	0.001427	0.001182	0
BTWTY_USD	2018-10-11	0.001189	0.000961	0.001233	0.000883	0
BTWTY_USD	2018-10-10	0.000961	0.000966	0.001022	0.000925	0
BTWTY_USD	2018-10-09	0.000966	0.001068	0.001069	0.000933	0
BTWTY_USD	2018-10-08	0.001068	0.001056	0.001075	0.001054	0
BTWTY_USD	2018-10-07	0.001056	0.001055	0.001061	0.001046	0
BTWTY_USD	2018-10-06	0.001055	0.001063	0.001064	0.001050	0
BTWTY_USD	2018-10-05	0.001063	0.001053	0.001066	0.001048	0
BTWTY_USD	2018-10-04	0.001053	0.001041	0.001061	0.001040	0
BTWTY_USD	2018-10-03	0.001041	0.001079	0.001080	0.001031	0
BTWTY_USD	2018-10-02	0.001079	0.001089	0.001092	0.001045	0
BTWTY_USD	2018-10-01	0.001089	0.001258	0.001265	0.001024	0
BTWTY_USD	2018-09-30	0.001258	0.001288	0.001296	0.001246	0
BTWTY_USD	2018-09-29	0.001288	0.001294	0.001294	0.001251	0
BTWTY_USD	2018-09-28	0.001294	0.001304	0.001331	0.001244	0
BTWTY_USD	2018-09-27	0.001304	0.001228	0.001312	0.001224	0
BTWTY_USD	2018-09-26	0.001228	0.001351	0.001353	0.001222	0
BTWTY_USD	2018-09-25	0.001351	0.001317	0.001354	0.001302	0
BTWTY_USD	2018-09-24	0.001317	0.001376	0.001430	0.001311	0
BTWTY_USD	2018-09-23	0.001376	0.001412	0.001424	0.001335	0
BTWTY_USD	2018-09-22	0.001412	0.001388	0.001511	0.001315	0
BTWTY_USD	2018-09-21	0.001388	0.001430	0.001462	0.001307	0
BTWTY_USD	2018-09-20	0.001430	0.001470	0.001482	0.001399	0
BTWTY_USD	2018-09-19	0.001470	0.001491	0.001495	0.001406	0
BTWTY_USD	2018-09-18	0.001491	0.001501	0.001506	0.001466	0
BTWTY_USD	2018-09-17	0.001501	0.001560	0.001600	0.001491	0
BTWTY_USD	2018-09-16	0.001560	0.001369	0.001593	0.001360	0
BTWTY_USD	2018-09-15	0.001369	0.001460	0.001472	0.001339	0
BTWTY_USD	2018-09-14	0.001460	0.001522	0.001570	0.001459	0
BTWTY_USD	2018-09-13	0.001522	0.001426	0.001532	0.001425	0
BTWTY_USD	2018-09-12	0.001426	0.001447	0.001473	0.001403	0
BTWTY_USD	2018-09-11	0.001447	0.001419	0.001643	0.001417	0
BTWTY_USD	2018-09-10	0.001419	0.001404	0.001428	0.001404	0
BTWTY_USD	2018-09-09	0.001404	0.001392	0.001444	0.001385	0
BTWTY_USD	2018-09-08	0.001392	0.001441	0.001457	0.001382	0
BTWTY_USD	2018-09-07	0.001441	0.001466	0.001470	0.001423	0
BTWTY_USD	2018-09-06	0.001466	0.001508	0.001512	0.001420	0
BTWTY_USD	2018-09-05	0.001508	0.001729	0.001735	0.001508	0
BTWTY_USD	2018-09-04	0.001729	0.001636	0.001741	0.001633	0
BTWTY_USD	2018-09-03	0.001636	0.001677	0.001713	0.001625	0
BTWTY_USD	2018-09-02	0.001677	0.001835	0.001859	0.001642	0
BTWTY_USD	2018-09-01	0.001835	0.001581	0.001838	0.001481	0
BTWTY_USD	2018-08-31	0.001581	0.001574	0.001594	0.001551	0
BTWTY_USD	2018-08-30	0.001574	0.001585	0.001588	0.001531	0
BTWTY_USD	2018-08-29	0.001585	0.001593	0.001604	0.001559	0
BTWTY_USD	2018-08-28	0.001593	0.001553	0.001604	0.001546	0
BTWTY_USD	2018-08-27	0.001553	0.001576	0.001577	0.001498	0
BTWTY_USD	2018-08-26	0.001576	0.001415	0.001630	0.001387	0
BTWTY_USD	2018-08-25	0.001415	0.001406	0.002022	0.001301	0
BTWTY_USD	2018-08-24	0.001406	0.001338	0.001412	0.001328	0
BTWTY_USD	2018-08-23	0.001338	0.001271	0.001346	0.001130	0
BTWTY_USD	2018-08-22	0.001271	0.001328	0.001408	0.001255	0
BTWTY_USD	2018-08-21	0.001328	0.001063	0.001583	0.001063	0
BTWTY_USD	2018-08-20	0.001063	0.001265	0.001272	0.001059	0
BTWTY_USD	2018-08-19	0.001265	0.001246	0.001275	0.001230	0
BTWTY_USD	2018-08-18	0.001246	0.001285	0.001289	0.001229	0
BTWTY_USD	2018-08-17	0.001285	0.001168	0.001285	0.001164	0
BTWTY_USD	2018-08-16	0.001168	0.001191	0.001200	0.001096	0
BTWTY_USD	2018-08-15	0.001191	0.001237	0.001323	0.001186	0
BTWTY_USD	2018-08-14	0.001237	0.001375	0.001375	0.001173	0
BTWTY_USD	2018-08-13	0.001375	0.001452	0.001503	0.001374	0
BTWTY_USD	2018-08-12	0.001452	0.001431	0.001488	0.001420	0
BTWTY_USD	2018-08-11	0.001431	0.001536	0.001672	0.001431	0
BTWTY_USD	2018-08-10	0.001536	0.001632	0.001643	0.001504	0
BTWTY_USD	2018-08-09	0.001632	0.001569	0.001655	0.001547	0
BTWTY_USD	2018-08-08	0.001569	0.001679	0.001679	0.001533	0
BTWTY_USD	2018-08-07	0.001679	0.001908	0.001944	0.001642	0
BTWTY_USD	2018-08-06	0.001908	0.002004	0.002036	0.001884	0
BTWTY_USD	2018-08-05	0.002004	0.001751	0.002017	0.001723	0
BTWTY_USD	2018-08-04	0.001751	0.001632	0.001908	0.001589	0
BTWTY_USD	2018-08-03	0.001632	0.001771	0.001780	0.001513	0
BTWTY_USD	2018-08-02	0.001771	0.001788	0.001810	0.001753	0
BTWTY_USD	2018-08-01	0.001788	0.001859	0.001861	0.001734	0
BTWTY_USD	2018-07-31	0.001859	0.002288	0.002289	0.001841	0
BTWTY_USD	2018-07-30	0.002288	0.002302	0.002317	0.002202	0
BTWTY_USD	2018-07-29	0.002302	0.002556	0.002556	0.001976	0
BTWTY_USD	2018-07-28	0.002556	0.002680	0.002721	0.002556	0
BTWTY_USD	2018-07-27	0.002886	0.002886	0.002886	0.002886	0
BTWTY_USD	2018-07-26	0.002886	0.002780	0.002886	0.002780	0
BTWTY_USD	2018-07-25	0.002780	0.002945	0.002989	0.002707	0
BTWTY_USD	2018-07-24	0.002945	0.002777	0.003008	0.002769	0
BTWTY_USD	2018-07-23	0.002777	0.002776	0.002871	0.002631	0
BTWTY_USD	2018-07-22	0.002776	0.002517	0.002836	0.002384	0
BTWTY_USD	2018-07-21	0.002517	0.002493	0.002532	0.002455	0
BTWTY_USD	2018-07-20	0.002493	0.002877	0.002877	0.002232	0
BTWTY_USD	2018-07-19	0.002877	0.002873	0.002888	0.002670	0
BTWTY_USD	2018-07-18	0.002873	0.002708	0.002888	0.002708	0
BTWTY_USD	2018-07-17	0.002708	0.002627	0.002761	0.002384	0
BTWTY_USD	2018-07-16	0.002627	0.002190	0.002632	0.002185	0
BTWTY_USD	2018-07-15	0.002190	0.002188	0.002316	0.002182	0
BTWTY_USD	2018-07-14	0.002188	0.002146	0.002289	0.002052	0
BTWTY_USD	2018-07-13	0.002146	0.002212	0.002280	0.002025	0
BTWTY_USD	2018-07-12	0.002212	0.002264	0.002264	0.001973	0
BTWTY_USD	2018-07-11	0.002264	0.002205	0.002264	0.001975	0
BTWTY_USD	2018-07-10	0.002205	0.003130	0.003140	0.002200	0
BTWTY_USD	2018-07-09	0.003130	0.003220	0.003234	0.003119	0
BTWTY_USD	2018-07-08	0.003220	0.003178	0.003342	0.003156	0
BTWTY_USD	2018-07-07	0.003178	0.003103	0.003208	0.003061	0
BTWTY_USD	2018-07-06	0.003103	0.003074	0.003116	0.003033	0
BTWTY_USD	2018-07-05	0.003074	0.003097	0.003148	0.003036	0
BTWTY_USD	2018-07-04	0.003097	0.003120	0.003223	0.003086	0
BTWTY_USD	2018-07-03	0.003120	0.003176	0.003201	0.000042	0
BTWTY_USD	2018-07-02	0.003176	0.003048	0.003226	0.000000	0
BTWTY_USD	2018-07-01	0.003048	0.003036	0.003142	0.003012	0
BTWTY_USD	2018-06-30	0.003036	0.002822	0.003049	0.002822	0
BTWTY_USD	2018-06-29	0.002825	0.002310	0.002854	0.002310	0
BTWTY_USD	2018-06-28	0.002314	0.002484	0.002545	0.002297	0
BTWTY_USD	2018-06-27	0.002484	0.002517	0.002533	0.002336	0
BTWTY_USD	2018-06-26	0.002525	0.002344	0.002597	0.002329	0
BTWTY_USD	2018-06-25	0.002342	0.002151	0.002351	0.001999	0
BTWTY_USD	2018-06-24	0.002152	0.002125	0.002193	0.002001	0
BTWTY_USD	2018-06-23	0.002122	0.002175	0.002238	0.002073	0
BTWTY_USD	2018-06-22	0.002175	0.003122	0.003122	0.002054	0
BTWTY_USD	2018-06-21	0.003122	0.003177	0.003189	0.003078	0
BTWTY_USD	2018-06-20	0.003177	0.003265	0.003368	0.003132	0
BTWTY_USD	2018-06-19	0.003269	0.002886	0.003370	0.002755	0
BTWTY_USD	2018-06-18	0.002885	0.002932	0.003046	0.002771	0
BTWTY_USD	2018-06-17	0.002929	0.002887	0.003165	0.002867	0
BTWTY_USD	2018-06-16	0.002886	0.003065	0.003317	0.002754	0
BTWTY_USD	2018-06-15	0.003063	0.003288	0.003288	0.002999	0
BTWTY_USD	2018-06-14	0.003281	0.003022	0.003322	0.003021	0
BTWTY_USD	2018-06-13	0.003051	0.002847	0.003210	0.002838	0
BTWTY_USD	2018-06-12	0.002846	0.002782	0.003118	0.002701	0
BTWTY_USD	2018-06-11	0.002784	0.002838	0.002865	0.002709	0
BTWTY_USD	2018-06-10	0.002835	0.003149	0.003149	0.002789	0
BTWTY_USD	2018-06-09	0.003149	0.003236	0.003266	0.003138	0
BTWTY_USD	2018-06-08	0.003236	0.003343	0.003348	0.003234	0
BTWTY_USD	2018-06-07	0.003345	0.003329	0.003374	0.003326	0
BTWTY_USD	2018-06-06	0.003329	0.003433	0.003439	0.003262	0
BTWTY_USD	2018-06-05	0.003430	0.003295	0.003452	0.003224	0
BTWTY_USD	2018-06-04	0.003298	0.003476	0.003491	0.003281	0
BTWTY_USD	2018-06-03	0.003473	0.003435	0.003499	0.003418	0
BTWTY_USD	2018-06-02	0.003437	0.003425	0.003460	0.003361	0
BTWTY_USD	2018-06-01	0.003422	0.003406	0.003496	0.003367	0
BTWTY_USD	2018-05-31	0.003406	0.003281	0.003434	0.003265	0
BTWTY_USD	2018-05-30	0.003282	0.003434	0.003476	0.003260	0
BTWTY_USD	2018-05-29	0.003430	0.003126	0.003434	0.003101	0
BTWTY_USD	2018-05-28	0.003124	0.003488	0.003505	0.003124	0
BTWTY_USD	2018-05-27	0.003486	0.003628	0.003628	0.003436	0
BTWTY_USD	2018-05-26	0.003627	0.003691	0.003845	0.003608	0
BTWTY_USD	2018-05-25	0.003692	0.003637	0.003757	0.003519	0
BTWTY_USD	2018-05-24	0.003635	0.003414	0.003646	0.003305	0
BTWTY_USD	2018-05-23	0.003417	0.003630	0.003670	0.003395	0
BTWTY_USD	2018-05-22	0.003631	0.003946	0.003988	0.003617	0
BTWTY_USD	2018-05-21	0.003946	0.004091	0.004102	0.003890	0
BTWTY_USD	2018-05-20	0.004091	0.004120	0.004206	0.003991	0
BTWTY_USD	2018-05-19	0.004120	0.004037	0.004238	0.003808	0
BTWTY_USD	2018-05-18	0.004037	0.004310	0.004314	0.003986	0
BTWTY_USD	2018-05-17	0.004315	0.004508	0.004532	0.004246	0
BTWTY_USD	2018-05-16	0.004504	0.004699	0.004711	0.004429	0
BTWTY_USD	2018-05-15	0.004699	0.004637	0.004899	0.004618	0
BTWTY_USD	2018-05-14	0.004637	0.004602	0.004750	0.004278	0
BTWTY_USD	2018-05-13	0.004602	0.004492	0.004683	0.004414	0
BTWTY_USD	2018-05-12	0.004481	0.004616	0.004659	0.004382	0
BTWTY_USD	2018-05-11	0.004616	0.004915	0.004916	0.004553	0
BTWTY_USD	2018-05-10	0.004915	0.005218	0.005419	0.004907	0
BTWTY_USD	2018-05-09	0.005218	0.005143	0.005449	0.005056	0
BTWTY_USD	2018-05-08	0.005143	0.005522	0.005528	0.000001	0
BTWTY_USD	2018-05-07	0.005280	0.005892	0.006028	0.005098	0
BTWTY_USD	2018-05-06	0.005892	0.006064	0.006128	0.005576	0
BTWTY_USD	2018-05-05	0.006060	0.006019	0.006241	0.005760	0
BTWTY_USD	2018-05-04	0.006019	0.006152	0.006152	0.005943	0
BTWTY_USD	2018-05-03	0.006156	0.005772	0.006387	0.005495	0
BTWTY_USD	2018-05-02	0.005772	0.005712	0.008039	0.005649	0
BTWTY_USD	2018-05-01	0.005712	0.005080	0.006022	0.004841	0
BTWTY_USD	2018-04-30	0.005080	0.004887	0.005463	0.004762	0
BTWTY_USD	2018-04-29	0.004887	0.004903	0.005173	0.004791	0
BTWTY_USD	2018-04-28	0.004903	0.004867	0.005273	0.004649	0
BTWTY_USD	2018-04-27	0.004867	0.005252	0.005675	0.004848	0
BTWTY_USD	2018-04-26	0.005252	0.005103	0.005315	0.004964	0
BTWTY_USD	2018-04-25	0.005103	0.005646	0.005757	0.004689	0
BTWTY_USD	2018-04-24	0.005562	0.004202	0.011287	0.004197	0
BTWTY_USD	2018-04-23	0.004202	0.004268	0.004268	0.004033	0
BTWTY_USD	2018-04-22	0.004268	0.004145	0.004567	0.004089	0
BTWTY_USD	2018-04-21	0.004145	0.004480	0.004480	0.004048	0
BTWTY_USD	2018-04-20	0.004480	0.004137	0.004554	0.004113	0
BTWTY_USD	2018-04-19	0.004137	0.004369	0.004388	0.003864	0
BTWTY_USD	2018-04-18	0.004369	0.004142	0.004586	0.004135	0
BTWTY_USD	2018-04-17	0.004142	0.003625	0.004476	0.003605	0
BTWTY_USD	2018-04-16	0.003625	0.004805	0.005505	0.003571	0
BTWTY_USD	2018-04-15	0.004805	0.003963	0.004833	0.003761	0
BTWTY_USD	2018-04-14	0.003963	0.003585	0.004002	0.003559	0
BTWTY_USD	2018-04-13	0.003585	0.003600	0.003742	0.003530	0
BTWTY_USD	2018-04-12	0.003600	0.003367	0.003749	0.003170	0
BTWTY_USD	2018-04-11	0.003367	0.003112	0.003381	0.003092	0
BTWTY_USD	2018-04-10	0.003112	0.002941	0.003284	0.002910	0
BTWTY_USD	2018-04-09	0.002940	0.003121	0.003197	0.002877	0
BTWTY_USD	2018-04-08	0.003121	0.003031	0.003163	0.002992	0
BTWTY_USD	2018-04-07	0.003031	0.002877	0.003108	0.002701	0
BTWTY_USD	2018-04-06	0.002877	0.002671	0.002881	0.002603	0
BTWTY_USD	2018-04-05	0.002671	0.002952	0.002970	0.002639	0
BTWTY_USD	2018-04-04	0.002952	0.003258	0.003263	0.002913	0
BTWTY_USD	2018-04-03	0.003258	0.003456	0.003528	0.002995	0
BTWTY_USD	2018-04-02	0.003456	0.003337	0.003530	0.003320	0
BTWTY_USD	2018-04-01	0.003337	0.003393	0.003445	0.003153	0
BTWTY_USD	2018-03-31	0.003393	0.002873	0.003458	0.002873	0
BTWTY_USD	2018-03-30	0.002873	0.003546	0.003629	0.002763	0
BTWTY_USD	2018-03-29	0.003546	0.003931	0.003949	0.003447	0
BTWTY_USD	2018-03-28	0.003931	0.003736	0.003982	0.003410	0
BTWTY_USD	2018-03-27	0.003736	0.005200	0.005252	0.002519	0
BTWTY_USD	2018-03-26	0.005200	0.005405	0.005468	0.005035	0
BTWTY_USD	2018-03-25	0.005405	0.005487	0.005543	0.005317	0
BTWTY_USD	2018-03-24	0.005487	0.005519	0.005785	0.004854	0
BTWTY_USD	2018-03-23	0.005519	0.005404	0.005520	0.005129	0
BTWTY_USD	2018-03-22	0.005404	0.005562	0.005679	0.005284	0
BTWTY_USD	2018-03-21	0.005562	0.005471	0.005729	0.005451	0
BTWTY_USD	2018-03-20	0.005471	0.005676	0.005776	0.005363	0
BTWTY_USD	2018-03-19	0.005676	0.005458	0.005698	0.005323	0
BTWTY_USD	2018-03-18	0.005458	0.005155	0.005496	0.004783	0
BTWTY_USD	2018-03-17	0.005155	0.005017	0.005754	0.004808	0
BTWTY_USD	2018-03-16	0.005017	0.005902	0.005960	0.004765	0
BTWTY_USD	2018-03-15	0.005902	0.005770	0.006230	0.005453	0
BTWTY_USD	2018-03-14	0.005770	0.006440	0.006617	0.005546	0
BTWTY_USD	2018-03-13	0.006440	0.006521	0.006782	0.006000	0
BTWTY_USD	2018-03-12	0.006521	0.006800	0.007172	0.006338	0
BTWTY_USD	2018-03-11	0.006800	0.006129	0.006942	0.005863	0
BTWTY_USD	2018-03-10	0.006129	0.006270	0.006288	0.005750	0
BTWTY_USD	2018-03-09	0.006270	0.006323	0.006405	0.005667	0
BTWTY_USD	2018-03-08	0.006323	0.007016	0.007116	0.006196	0
BTWTY_USD	2018-03-07	0.007016	0.007935	0.008065	0.006935	0
BTWTY_USD	2018-03-06	0.007935	0.009248	0.009671	0.007591	0
BTWTY_USD	2018-03-05	0.009248	0.006962	0.011368	0.006508	0
BTWTY_USD	2018-03-04	0.006953	0.008519	0.011909	0.006313	0
BTWTY_USD	2018-03-03	0.008465	0.007937	0.008814	0.007663	0
BTWTY_USD	2018-03-02	0.007945	0.009451	0.009676	0.007934	0
