BUBO_USD	2019-01-27	0.020000	0.020000	0.020000	0.020000	0
BUBO_USD	2019-01-26	0.020000	0.020000	0.020000	0.020000	0
BUBO_USD	2019-01-25	0.020000	0.020000	0.020000	0.020000	0
BUBO_USD	2019-01-24	0.020000	0.020000	0.020000	0.020000	0
BUBO_USD	2019-01-23	0.020000	0.020000	0.020000	0.020000	0
BUBO_USD	2019-01-22	0.020000	0.020000	0.020000	0.020000	0
BUBO_USD	2019-01-21	0.020000	0.020000	0.020000	0.020000	0
BUBO_USD	2019-01-20	0.020000	0.020000	0.020000	0.020000	0
BUBO_USD	2019-01-19	0.020000	0.020000	0.020000	0.020000	0
BUBO_USD	2019-01-18	0.020000	0.020000	0.020000	0.020000	0
BUBO_USD	2019-01-17	0.020000	0.020000	0.020000	0.020000	0
BUBO_USD	2019-01-16	0.020000	0.020000	0.020000	0.020000	0
BUBO_USD	2019-01-15	0.020000	0.020000	0.020000	0.020000	0
BUBO_USD	2019-01-14	0.020000	0.020000	0.020000	0.020000	0
BUBO_USD	2019-01-13	0.020000	0.020000	0.020000	0.020000	0
BUBO_USD	2019-01-12	0.020000	0.020000	0.020000	0.020000	0
BUBO_USD	2019-01-11	0.020000	0.020000	0.020000	0.020000	0
BUBO_USD	2019-01-10	0.020000	0.020000	0.020000	0.020000	0
BUBO_USD	2019-01-09	0.020000	0.020000	0.020000	0.020000	0
BUBO_USD	2019-01-08	0.020000	0.020000	0.020000	0.020000	0
BUBO_USD	2019-01-07	0.020000	0.020000	0.020000	0.020000	0
BUBO_USD	2019-01-06	0.020000	0.020000	0.020000	0.020000	0
BUBO_USD	2019-01-05	0.020000	0.020000	0.020000	0.020000	0
BUBO_USD	2019-01-04	0.020000	0.020000	0.020000	0.020000	0
BUBO_USD	2019-01-03	0.020000	0.020000	0.020000	0.020000	0
BUBO_USD	2019-01-02	0.020000	0.020000	0.020000	0.020000	0
BUBO_USD	2019-01-01	0.020000	0.020000	0.020000	0.020000	0
BUBO_USD	2018-12-31	0.020000	0.020000	0.020000	0.020000	0
BUBO_USD	2018-12-30	0.020000	0.020000	0.020000	0.020000	0
BUBO_USD	2018-12-29	0.020000	0.020000	0.020000	0.020000	0
BUBO_USD	2018-12-28	0.020000	0.020000	0.020000	0.020000	0
BUBO_USD	2018-12-27	0.020000	0.020000	0.020000	0.020000	0
BUBO_USD	2018-12-26	0.020000	0.020000	0.020000	0.020000	0
BUBO_USD	2018-12-25	0.020000	0.020000	0.020000	0.020000	0
BUBO_USD	2018-12-24	0.020000	0.020000	0.020000	0.020000	0
BUBO_USD	2018-12-23	0.020000	0.020000	0.020000	0.020000	0
BUBO_USD	2018-12-22	0.020000	0.020000	0.020000	0.020000	0
BUBO_USD	2018-12-20	0.020000	0.020000	0.020000	0.020000	0
BUBO_USD	2018-12-19	0.020000	0.020000	0.020000	0.020000	0
BUBO_USD	2018-12-18	0.020000	0.020000	0.020000	0.020000	0
BUBO_USD	2018-12-17	0.020000	0.020000	0.020000	0.020000	0
BUBO_USD	2018-12-16	0.020000	0.020000	0.020000	0.020000	0
BUBO_USD	2018-12-15	0.020000	0.020000	0.020000	0.020000	0
BUBO_USD	2018-12-14	0.020000	0.020000	0.020000	0.020000	0
BUBO_USD	2018-12-13	0.020000	0.020000	0.020000	0.020000	0
BUBO_USD	2018-12-12	0.020000	0.020000	0.020000	0.020000	0
BUBO_USD	2018-12-11	0.020000	0.020000	0.020000	0.020000	0
BUBO_USD	2018-12-10	0.020000	0.020000	0.020000	0.020000	0
BUBO_USD	2018-12-09	0.020000	0.020000	0.020000	0.020000	0
BUBO_USD	2018-12-08	0.020000	0.020000	0.020000	0.020000	0
BUBO_USD	2018-12-07	0.020000	0.020000	0.020000	0.020000	0
BUBO_USD	2018-12-05	0.020000	0.020000	0.020000	0.020000	0
BUBO_USD	2018-12-03	0.020000	0.020000	0.020000	0.020000	0
BUBO_USD	2018-12-02	0.020000	0.020000	0.020000	0.020000	0
BUBO_USD	2018-11-30	0.020000	0.020000	0.020000	0.020000	0
BUBO_USD	2018-11-29	0.020000	0.020000	0.020000	0.020000	0
BUBO_USD	2018-11-28	0.020000	0.020000	0.020000	0.020000	0
BUBO_USD	2018-11-27	0.020000	0.020000	0.020000	0.020000	0
BUBO_USD	2018-11-26	0.020000	0.020000	0.020000	0.020000	0
BUBO_USD	2018-11-25	0.020000	0.020000	0.020000	0.020000	0
BUBO_USD	2018-11-23	0.020000	0.020000	0.020000	0.020000	0
BUBO_USD	2018-11-22	0.020000	0.020000	0.020000	0.020000	0
BUBO_USD	2018-11-21	0.020000	0.020000	0.020000	0.020000	0
BUBO_USD	2018-11-20	0.020000	0.020000	0.020000	0.020000	0
BUBO_USD	2018-11-19	0.020000	0.020000	0.020000	0.020000	0
BUBO_USD	2018-11-18	0.020000	0.020000	0.020000	0.020000	0
BUBO_USD	2018-11-16	0.020000	0.020000	0.020000	0.020000	0
BUBO_USD	2018-11-15	0.020000	0.020000	0.020000	0.020000	0
BUBO_USD	2018-11-14	0.020000	0.020000	0.020000	0.020000	0
BUBO_USD	2018-11-13	0.020000	0.020000	0.020000	0.020000	0
BUBO_USD	2018-11-12	0.020000	0.020000	0.020000	0.020000	0
BUBO_USD	2018-11-09	0.020000	0.020000	0.020000	0.020000	0
BUBO_USD	2018-11-03	0.020000	0.020000	0.020000	0.020000	0
BUBO_USD	2018-11-02	0.020000	0.010000	0.020000	0.010000	458
BUBO_USD	2018-11-01	0.010000	0.020000	0.020000	0.010000	33522
BUBO_USD	2018-10-31	0.020000	0.010000	0.020000	0.010000	43816
BUBO_USD	2018-10-30	0.010000	0.010000	0.010000	0.010000	0
BUBO_USD	2018-10-29	0.010000	0.020000	0.020000	0.010000	51743
BUBO_USD	2018-10-28	0.020000	0.010000	0.020000	0.010000	1074
BUBO_USD	2018-10-27	0.010000	0.010000	0.010000	0.010000	0
BUBO_USD	2018-10-26	0.010000	0.010000	0.020000	0.010000	3999
BUBO_USD	2018-10-25	0.010000	0.010000	0.020000	0.010000	15144
BUBO_USD	2018-10-24	0.010000	0.010000	0.020000	0.010000	31161
BUBO_USD	2018-10-23	0.010000	0.010000	0.010000	0.010000	0
BUBO_USD	2018-10-22	0.010000	0.010000	0.020000	0.010000	26190
BUBO_USD	2018-10-21	0.010000	0.020000	0.020000	0.010000	25982
BUBO_USD	2018-10-20	0.020000	0.010000	0.020000	0.010000	22214
BUBO_USD	2018-10-19	0.010000	0.010000	0.020000	0.010000	2196
BUBO_USD	2018-10-18	0.010000	0.010000	0.020000	0.010000	83368
BUBO_USD	2018-10-17	0.010000	0.010000	0.010000	0.010000	0
BUBO_USD	2018-10-16	0.010000	0.010000	0.010000	0.010000	0
BUBO_USD	2018-10-15	0.010000	0.010000	0.020000	0.010000	34867
BUBO_USD	2018-10-14	0.010000	0.020000	0.020000	0.010000	20732
BUBO_USD	2018-10-13	0.020000	0.020000	0.020000	0.020000	0
BUBO_USD	2018-10-12	0.020000	0.020000	0.020000	0.010000	39579
BUBO_USD	2018-10-11	0.020000	0.020000	0.020000	0.010000	39141
BUBO_USD	2018-10-10	0.020000	0.010000	0.020000	0.010000	1128
BUBO_USD	2018-10-09	0.010000	0.020000	0.020000	0.010000	154
BUBO_USD	2018-10-08	0.020000	0.020000	0.020000	0.010000	421
BUBO_USD	2018-10-07	0.020000	0.010000	0.020000	0.010000	10662
BUBO_USD	2018-10-06	0.010000	0.010000	0.020000	0.010000	10792
BUBO_USD	2018-10-05	0.010000	0.020000	0.020000	0.010000	3002
BUBO_USD	2018-10-04	0.020000	0.020000	0.020000	0.010000	677
BUBO_USD	2018-10-03	0.020000	0.020000	0.020000	0.010000	438
BUBO_USD	2018-10-02	0.020000	0.020000	0.020000	0.010000	24742
BUBO_USD	2018-10-01	0.020000	0.020000	0.020000	0.010000	44792
BUBO_USD	2018-09-30	0.020000	0.020000	0.020000	0.010000	5007
BUBO_USD	2018-09-29	0.020000	0.020000	0.020000	0.010000	0
BUBO_USD	2018-09-28	0.020000	0.010000	0.020000	0.010000	33908
BUBO_USD	2018-09-27	0.010000	0.020000	0.020000	0.010000	65651
BUBO_USD	2018-09-26	0.020000	0.020000	0.020000	0.010000	16
BUBO_USD	2018-09-25	0.020000	0.020000	0.020000	0.010000	118
BUBO_USD	2018-09-24	0.020000	0.020000	0.020000	0.010000	315
BUBO_USD	2018-09-23	0.020000	0.020000	0.020000	0.010000	40
BUBO_USD	2018-09-22	0.020000	0.020000	0.020000	0.010000	239
BUBO_USD	2018-09-21	0.020000	0.020000	0.020000	0.010000	15
BUBO_USD	2018-09-20	0.020000	0.010000	0.020000	0.010000	8333
BUBO_USD	2018-09-19	0.020000	0.020000	0.020000	0.020000	0
BUBO_USD	2018-09-18	0.020000	0.020000	0.020000	0.010000	8642
BUBO_USD	2018-09-17	0.020000	0.010000	0.020000	0.010000	8492
BUBO_USD	2018-09-16	0.020000	0.020000	0.020000	0.020000	0
BUBO_USD	2018-09-15	0.020000	0.020000	0.020000	0.010000	363
BUBO_USD	2018-09-14	0.020000	0.020000	0.020000	0.010000	354
BUBO_USD	2018-09-13	0.020000	0.020000	0.020000	0.010000	3
BUBO_USD	2018-09-12	0.020000	0.010000	0.020000	0.010000	408
BUBO_USD	2018-09-11	0.020000	0.020000	0.020000	0.020000	0
BUBO_USD	2018-09-10	0.020000	0.020000	0.020000	0.020000	0
BUBO_USD	2018-09-09	0.020000	0.020000	0.020000	0.010000	200
BUBO_USD	2018-09-08	0.020000	0.020000	0.020000	0.010000	12
BUBO_USD	2018-09-05	0.020000	0.020000	0.020000	0.020000	0
BUBO_USD	2018-09-04	0.020000	0.020000	0.020000	0.020000	0
BUBO_USD	2018-09-03	0.020000	0.020000	0.020000	0.010000	26451
BUBO_USD	2018-09-02	0.020000	0.020000	0.020000	0.010000	2318
BUBO_USD	2018-09-01	0.020000	0.020000	0.020000	0.010000	251
BUBO_USD	2018-08-31	0.020000	0.010000	0.020000	0.010000	292
BUBO_USD	2018-08-30	0.020000	0.020000	0.020000	0.020000	0
BUBO_USD	2018-08-29	0.020000	0.020000	0.020000	0.010000	12636
BUBO_USD	2018-08-28	0.020000	0.020000	0.030000	0.020000	25766
BUBO_USD	2018-08-27	0.020000	0.010000	0.020000	0.010000	906
BUBO_USD	2018-08-26	0.010000	0.020000	0.020000	0.010000	402
BUBO_USD	2018-08-25	0.020000	0.020000	0.020000	0.010000	41079
BUBO_USD	2018-08-24	0.020000	0.020000	0.020000	0.020000	0
BUBO_USD	2018-08-23	0.020000	0.020000	0.020000	0.020000	0
BUBO_USD	2018-08-22	0.020000	0.020000	0.020000	0.020000	0
BUBO_USD	2018-08-21	0.020000	0.020000	0.020000	0.010000	196
BUBO_USD	2018-08-20	0.020000	0.020000	0.020000	0.010000	113
BUBO_USD	2018-08-19	0.020000	0.020000	0.020000	0.020000	0
BUBO_USD	2018-08-18	0.020000	0.020000	0.020000	0.010000	2948
BUBO_USD	2018-08-17	0.020000	0.020000	0.030000	0.010000	30214
BUBO_USD	2018-08-16	0.020000	0.020000	0.020000	0.010000	1911
BUBO_USD	2018-08-15	0.020000	0.020000	0.020000	0.010000	1408
BUBO_USD	2018-08-14	0.020000	0.030000	0.030000	0.010000	156406
BUBO_USD	2018-08-13	0.030000	0.020000	0.030000	0.020000	3194
BUBO_USD	2018-08-12	0.030000	0.030000	0.030000	0.030000	0
BUBO_USD	2018-08-11	0.030000	0.030000	0.030000	0.020000	772
BUBO_USD	2018-08-10	0.030000	0.020000	0.030000	0.020000	51
BUBO_USD	2018-08-09	0.020000	0.030000	0.030000	0.020000	885
BUBO_USD	2018-08-08	0.030000	0.030000	0.030000	0.020000	9658
BUBO_USD	2018-08-07	0.030000	0.030000	0.030000	0.020000	3377
BUBO_USD	2018-08-06	0.030000	0.030000	0.030000	0.020000	2753
BUBO_USD	2018-08-05	0.030000	0.030000	0.030000	0.020000	5359
BUBO_USD	2018-08-04	0.030000	0.030000	0.030000	0.030000	0
BUBO_USD	2018-08-03	0.030000	0.030000	0.030000	0.020000	134
BUBO_USD	2018-08-02	0.030000	0.020000	0.030000	0.020000	102
BUBO_USD	2018-08-01	0.030000	0.030000	0.030000	0.030000	0
BUBO_USD	2018-07-31	0.030000	0.030000	0.030000	0.020000	17426
BUBO_USD	2018-07-30	0.030000	0.030000	0.030000	0.020000	5683
BUBO_USD	2018-07-29	0.030000	0.030000	0.030000	0.020000	0
BUBO_USD	2018-07-28	0.030000	0.030000	0.030000	0.020000	980
BUBO_USD	2018-07-27	0.030000	0.030000	0.030000	0.020000	818
BUBO_USD	2018-07-26	0.030000	0.040000	0.040000	0.020000	31388
BUBO_USD	2018-07-25	0.040000	0.030000	0.040000	0.020000	40955
BUBO_USD	2018-07-24	0.030000	0.030000	0.030000	0.020000	11640
BUBO_USD	2018-07-23	0.030000	0.030000	0.030000	0.020000	577
BUBO_USD	2018-07-22	0.030000	0.030000	0.030000	0.020000	32
BUBO_USD	2018-07-21	0.030000	0.030000	0.030000	0.020000	1070
BUBO_USD	2018-07-20	0.030000	0.030000	0.030000	0.020000	10909
BUBO_USD	2018-07-19	0.030000	0.030000	0.030000	0.020000	2832
BUBO_USD	2018-07-18	0.030000	0.020000	0.030000	0.020000	132738
BUBO_USD	2018-07-17	0.020000	0.030000	0.030000	0.020000	133066
BUBO_USD	2018-07-16	0.030000	0.030000	0.030000	0.020000	2069
BUBO_USD	2018-07-15	0.030000	0.030000	0.030000	0.020000	9
BUBO_USD	2018-07-14	0.030000	0.030000	0.030000	0.020000	6630
BUBO_USD	2018-07-13	0.030000	0.030000	0.030000	0.020000	29888
BUBO_USD	2018-07-12	0.030000	0.030000	0.030000	0.020000	3081
BUBO_USD	2018-07-11	0.030000	0.020000	0.030000	0.020000	48951
BUBO_USD	2018-07-10	0.020000	0.030000	0.030000	0.020000	42382
BUBO_USD	2018-07-09	0.030000	0.030000	0.030000	0.020000	5562
BUBO_USD	2018-07-08	0.030000	0.030000	0.030000	0.020000	4516
BUBO_USD	2018-07-07	0.030000	0.030000	0.030000	0.030000	0
BUBO_USD	2018-07-06	0.030000	0.040000	0.040000	0.020000	12142
BUBO_USD	2018-07-05	0.040000	0.030000	0.040000	0.020000	23099
BUBO_USD	2018-07-04	0.030000	0.040000	0.040000	0.020000	1182
BUBO_USD	2018-07-03	0.040000	0.030000	0.040000	0.020000	87
BUBO_USD	2018-07-02	0.030000	0.030000	0.040000	0.020000	2626
BUBO_USD	2018-07-01	0.040000	0.030000	0.040000	0.020000	104
BUBO_USD	2018-06-30	0.030000	0.030000	0.040000	0.020000	7262
BUBO_USD	2018-06-29	0.030000	0.040000	0.040000	0.020000	5800
BUBO_USD	2018-06-28	0.040000	0.030000	0.040000	0.030000	5822
BUBO_USD	2018-06-27	0.040000	0.040000	0.040000	0.030000	3
BUBO_USD	2018-06-26	0.040000	0.040000	0.040000	0.030000	1261
BUBO_USD	2018-06-25	0.040000	0.030000	0.040000	0.020000	49194
BUBO_USD	2018-06-24	0.040000	0.040000	0.040000	0.030000	27592
BUBO_USD	2018-06-23	0.040000	0.030000	0.040000	0.030000	40002
BUBO_USD	2018-06-22	0.030000	0.040000	0.040000	0.030000	5619
BUBO_USD	2018-06-21	0.040000	0.030000	0.040000	0.030000	1447
BUBO_USD	2018-06-20	0.030000	0.040000	0.040000	0.030000	10549
BUBO_USD	2018-06-19	0.030000	0.020000	0.050000	0.020000	189303
BUBO_USD	2018-06-18	0.020000	0.020000	0.030000	0.020000	35066
BUBO_USD	2018-06-17	0.030000	0.020000	0.030000	0.020000	3470
BUBO_USD	2018-06-16	0.030000	0.030000	0.030000	0.020000	211
BUBO_USD	2018-06-15	0.030000	0.030000	0.030000	0.020000	7217
BUBO_USD	2018-06-14	0.030000	0.030000	0.030000	0.020000	4817
BUBO_USD	2018-06-13	0.030000	0.030000	0.040000	0.020000	115361
BUBO_USD	2018-06-12	0.040000	0.030000	0.040000	0.030000	40248
BUBO_USD	2018-06-11	0.040000	0.030000	0.040000	0.030000	1355
BUBO_USD	2018-06-10	0.040000	0.040000	0.040000	0.030000	10940
BUBO_USD	2018-06-09	0.040000	0.040000	0.040000	0.030000	23197
BUBO_USD	2018-06-08	0.030000	0.040000	0.040000	0.030000	34096
BUBO_USD	2018-06-07	0.030000	0.040000	0.040000	0.030000	4167
BUBO_USD	2018-06-06	0.040000	0.040000	0.040000	0.030000	60219
BUBO_USD	2018-06-05	0.040000	0.040000	0.040000	0.030000	37221
BUBO_USD	2018-06-04	0.030000	0.040000	0.040000	0.030000	6790
BUBO_USD	2018-06-03	0.040000	0.040000	0.040000	0.030000	19042
BUBO_USD	2018-06-02	0.030000	0.040000	0.040000	0.030000	22901
BUBO_USD	2018-06-01	0.040000	0.040000	0.040000	0.030000	36337
BUBO_USD	2018-05-31	0.030000	0.040000	0.040000	0.030000	12275
BUBO_USD	2018-05-30	0.040000	0.040000	0.040000	0.030000	2969
BUBO_USD	2018-05-29	0.040000	0.030000	0.040000	0.020000	14496
BUBO_USD	2018-05-28	0.030000	0.040000	0.040000	0.030000	4509
BUBO_USD	2018-05-27	0.040000	0.040000	0.040000	0.030000	4383
BUBO_USD	2018-05-26	0.040000	0.040000	0.040000	0.030000	3905
BUBO_USD	2018-05-25	0.040000	0.030000	0.040000	0.030000	1402
BUBO_USD	2018-05-24	0.030000	0.030000	0.040000	0.020000	3907
BUBO_USD	2018-05-23	0.030000	0.030000	0.040000	0.030000	27642
BUBO_USD	2018-05-22	0.040000	0.040000	0.040000	0.030000	17816
BUBO_USD	2018-05-21	0.040000	0.030000	0.040000	0.020000	29620
BUBO_USD	2018-05-20	0.030000	0.040000	0.040000	0.020000	70214
BUBO_USD	2018-05-19	0.030000	0.040000	0.040000	0.020000	14504
BUBO_USD	2018-05-18	0.040000	0.040000	0.040000	0.030000	6080
BUBO_USD	2018-05-17	0.040000	0.030000	0.040000	0.030000	11048
BUBO_USD	2018-05-16	0.030000	0.030000	0.040000	0.030000	2288
BUBO_USD	2018-05-15	0.040000	0.040000	0.040000	0.030000	14101
BUBO_USD	2018-05-14	0.040000	0.040000	0.040000	0.030000	147482
BUBO_USD	2018-05-13	0.030000	0.040000	0.040000	0.030000	11564
BUBO_USD	2018-05-12	0.030000	0.040000	0.040000	0.020000	127811
BUBO_USD	2018-05-11	0.030000	0.040000	0.040000	0.030000	4370
BUBO_USD	2018-05-10	0.030000	0.040000	0.040000	0.030000	171211
BUBO_USD	2018-05-09	0.030000	0.040000	0.050000	0.030000	178347
BUBO_USD	2018-05-08	0.040000	0.040000	0.060000	0.030000	241569
BUBO_USD	2018-05-07	0.050000	0.060000	0.060000	0.040000	126939
BUBO_USD	2018-05-06	0.050000	0.060000	0.060000	0.040000	100905
BUBO_USD	2018-05-05	0.050000	0.060000	0.060000	0.050000	100938
BUBO_USD	2018-05-04	0.060000	0.050000	0.060000	0.050000	19354
BUBO_USD	2018-05-03	0.060000	0.050000	0.070000	0.050000	165900
BUBO_USD	2018-05-02	0.060000	0.050000	0.060000	0.040000	17236
BUBO_USD	2018-05-01	0.050000	0.060000	0.060000	0.040000	3773
BUBO_USD	2018-04-30	0.060000	0.050000	0.060000	0.040000	5936
BUBO_USD	2018-04-29	0.050000	0.060000	0.060000	0.040000	21893
BUBO_USD	2018-04-28	0.060000	0.050000	0.060000	0.050000	45289
BUBO_USD	2018-04-27	0.050000	0.060000	0.070000	0.050000	14649
BUBO_USD	2018-04-26	0.060000	0.070000	0.070000	0.050000	59800
BUBO_USD	2018-04-25	0.070000	0.060000	0.070000	0.060000	19262
BUBO_USD	2018-04-24	0.060000	0.070000	0.070000	0.060000	70357
BUBO_USD	2018-04-23	0.060000	0.070000	0.070000	0.060000	29676
BUBO_USD	2018-04-22	0.070000	0.060000	0.070000	0.050000	45355
BUBO_USD	2018-04-21	0.060000	0.060000	0.070000	0.050000	41758
BUBO_USD	2018-04-20	0.060000	0.070000	0.080000	0.060000	39333
BUBO_USD	2018-04-19	0.070000	0.070000	0.080000	0.060000	41918
BUBO_USD	2018-04-18	0.070000	0.050000	0.090000	0.050000	254130
BUBO_USD	2018-04-17	0.050000	0.060000	0.060000	0.050000	8237
BUBO_USD	2018-04-16	0.060000	0.050000	0.060000	0.050000	18887
BUBO_USD	2018-04-15	0.050000	0.050000	0.060000	0.050000	20606
BUBO_USD	2018-04-14	0.050000	0.050000	0.060000	0.040000	25769
BUBO_USD	2018-04-13	0.050000	0.060000	0.060000	0.050000	130576
BUBO_USD	2018-04-12	0.060000	0.040000	0.060000	0.030000	75379
BUBO_USD	2018-04-11	0.040000	0.040000	0.050000	0.030000	235347
BUBO_USD	2018-04-10	0.040000	0.030000	0.040000	0.020000	40831
BUBO_USD	2018-04-09	0.030000	0.040000	0.040000	0.030000	79372
BUBO_USD	2018-04-08	0.040000	0.040000	0.040000	0.030000	91549
BUBO_USD	2018-04-07	0.040000	0.040000	0.040000	0.030000	2162
BUBO_USD	2018-04-06	0.040000	0.040000	0.040000	0.030000	2236
BUBO_USD	2018-04-05	0.040000	0.030000	0.040000	0.020000	20235
BUBO_USD	2018-04-04	0.030000	0.040000	0.040000	0.020000	18080
BUBO_USD	2018-04-03	0.040000	0.030000	0.040000	0.020000	69954
BUBO_USD	2018-04-02	0.030000	0.040000	0.050000	0.030000	90961
BUBO_USD	2018-04-01	0.040000	0.050000	0.050000	0.030000	12352
BUBO_USD	2018-03-31	0.050000	0.040000	0.050000	0.030000	30797
BUBO_USD	2018-03-30	0.040000	0.040000	0.050000	0.030000	31974
BUBO_USD	2018-03-29	0.040000	0.050000	0.050000	0.040000	7815
BUBO_USD	2018-03-28	0.050000	0.050000	0.050000	0.030000	78606
BUBO_USD	2018-03-27	0.050000	0.050000	0.050000	0.040000	133907
BUBO_USD	2018-03-26	0.050000	0.060000	0.060000	0.040000	47217
BUBO_USD	2018-03-25	0.060000	0.050000	0.060000	0.050000	18043
BUBO_USD	2018-03-24	0.050000	0.040000	0.060000	0.040000	39435
BUBO_USD	2018-03-23	0.040000	0.040000	0.060000	0.040000	43456
BUBO_USD	2018-03-22	0.040000	0.060000	0.060000	0.040000	42074
BUBO_USD	2018-03-21	0.060000	0.060000	0.060000	0.050000	24965
BUBO_USD	2018-03-20	0.060000	0.060000	0.060000	0.050000	10250
BUBO_USD	2018-03-19	0.060000	0.040000	0.060000	0.040000	39558
BUBO_USD	2018-03-18	0.040000	0.060000	0.060000	0.040000	54610
BUBO_USD	2018-03-17	0.060000	0.070000	0.070000	0.050000	24651
BUBO_USD	2018-03-16	0.070000	0.060000	0.070000	0.050000	14183
BUBO_USD	2018-03-15	0.060000	0.060000	0.070000	0.050000	36242
BUBO_USD	2018-03-14	0.060000	0.070000	0.070000	0.050000	58652
BUBO_USD	2018-03-13	0.070000	0.070000	0.070000	0.050000	95626
BUBO_USD	2018-03-12	0.070000	0.070000	0.080000	0.060000	13145
BUBO_USD	2018-03-11	0.070000	0.070000	0.080000	0.070000	26230
BUBO_USD	2018-03-10	0.070000	0.070000	0.090000	0.070000	12483
BUBO_USD	2018-03-09	0.080000	0.080000	0.090000	0.070000	15891
BUBO_USD	2018-03-08	0.080000	0.070000	0.080000	0.070000	24396
BUBO_USD	2018-03-07	0.070000	0.080000	0.090000	0.070000	30033
BUBO_USD	2018-03-06	0.080000	0.090000	0.090000	0.080000	14166
BUBO_USD	2018-03-05	0.090000	0.090000	0.100000	0.080000	11327
BUBO_USD	2018-03-04	0.090000	0.090000	0.100000	0.080000	18856
BUBO_USD	2018-03-03	0.090000	0.090000	0.100000	0.090000	8978
BUBO_USD	2018-03-02	0.090000	0.090000	0.110000	0.080000	42661
BUBO_USD	2018-03-01	0.090000	0.100000	0.100000	0.090000	16733
BUBO_USD	2018-02-28	0.100000	0.080000	0.110000	0.080000	74246
BUBO_USD	2018-02-27	0.080000	0.090000	0.100000	0.080000	35886
BUBO_USD	2018-02-26	0.090000	0.080000	0.100000	0.080000	15072
