C2C_USD	2019-04-09	0.002824	0.002873	0.002873	0.002793	0
C2C_USD	2019-04-08	0.002873	0.002833	0.002895	0.002781	0
C2C_USD	2019-04-07	0.002833	0.002743	0.002862	0.002741	0
C2C_USD	2019-04-06	0.002743	0.002745	0.002849	0.002683	0
C2C_USD	2019-04-05	0.002745	0.002665	0.002764	0.002664	0
C2C_USD	2019-04-04	0.002665	0.002689	0.002754	0.002610	0
C2C_USD	2019-04-03	0.002689	0.002663	0.002876	0.002619	0
C2C_USD	2019-04-02	0.002663	0.002267	0.002741	0.002262	0
C2C_USD	2019-04-01	0.002267	0.002250	0.002279	0.002229	0
C2C_USD	2019-03-31	0.002250	0.002249	0.002258	0.002243	0
C2C_USD	2019-03-30	0.002249	0.002257	0.002273	0.002228	0
C2C_USD	2019-03-29	0.002257	0.002210	0.002261	0.002206	0
C2C_USD	2019-03-28	0.002210	0.002215	0.002216	0.002197	0
C2C_USD	2019-03-27	0.002215	0.002155	0.002219	0.002149	0
C2C_USD	2019-03-26	0.002155	0.002144	0.002157	0.002134	0
C2C_USD	2019-03-25	0.002144	0.002182	0.002187	0.002128	0
C2C_USD	2019-03-24	0.002182	0.002194	0.002194	0.002167	0
C2C_USD	2019-03-23	0.002194	0.002186	0.002201	0.002179	0
C2C_USD	2019-03-22	0.002186	0.002184	0.002197	0.002179	0
C2C_USD	2019-03-21	0.002184	0.002229	0.002239	0.002163	0
C2C_USD	2019-03-20	0.002229	0.002218	0.002234	0.002199	0
C2C_USD	2019-03-19	0.002218	0.002200	0.002224	0.002191	0
C2C_USD	2019-03-18	0.002200	0.002197	0.002224	0.002180	0
C2C_USD	2019-03-17	0.002197	0.002208	0.002208	0.002182	0
C2C_USD	2019-03-16	0.002208	0.002162	0.002242	0.002162	0
C2C_USD	2019-03-15	0.002162	0.002133	0.002166	0.002132	0
C2C_USD	2019-03-14	0.002133	0.002132	0.002160	0.002099	0
C2C_USD	2019-03-13	0.002132	0.002135	0.002144	0.002120	0
C2C_USD	2019-03-12	0.002135	0.002134	0.002149	0.002104	0
C2C_USD	2019-03-11	0.002134	0.002160	0.002165	0.002117	0
C2C_USD	2019-03-10	0.002160	0.002168	0.002169	0.002141	0
C2C_USD	2019-03-09	0.002168	0.002128	0.002184	0.002124	0
C2C_USD	2019-03-08	0.002128	0.002141	0.002171	0.002093	0
C2C_USD	2019-03-07	0.002141	0.002134	0.002157	0.002125	0
C2C_USD	2019-03-06	0.002134	0.002133	0.002148	0.002112	0
C2C_USD	2019-03-05	0.002133	0.002052	0.002142	0.002045	0
C2C_USD	2019-03-04	0.002052	0.002098	0.002110	0.002034	0
C2C_USD	2019-03-03	0.002098	0.002113	0.002119	0.002084	0
C2C_USD	2019-03-02	0.002113	0.002115	0.002119	0.002082	0
C2C_USD	2019-03-01	0.002115	0.002104	0.002132	0.002102	0
C2C_USD	2019-02-28	0.002104	0.002106	0.002153	0.002098	0
C2C_USD	2019-02-27	0.002106	0.002105	0.002124	0.002037	0
C2C_USD	2019-02-26	0.002105	0.002119	0.002124	0.002092	0
C2C_USD	2019-02-25	0.002119	0.002070	0.002141	0.002068	0
C2C_USD	2019-02-24	0.002070	0.002275	0.002312	0.002059	0
C2C_USD	2019-02-23	0.002275	0.002195	0.002298	0.002168	0
C2C_USD	2019-02-22	0.002196	0.002165	0.002200	0.002155	0
C2C_USD	2019-02-21	0.002165	0.002193	0.002226	0.002147	0
C2C_USD	2019-02-20	0.002193	0.002155	0.002196	0.002143	0
C2C_USD	2019-02-19	0.002155	0.002149	0.002204	0.002129	0
C2C_USD	2019-02-18	0.002149	0.002017	0.002165	0.002011	0
C2C_USD	2019-02-17	0.002017	0.001985	0.002043	0.001981	0
C2C_USD	2019-02-16	0.001985	0.001979	0.002011	0.001979	0
C2C_USD	2019-02-15	0.001979	0.001975	0.002007	0.001968	0
C2C_USD	2019-02-14	0.001975	0.001981	0.001988	0.001967	0
C2C_USD	2019-02-13	0.001981	0.001995	0.002017	0.001971	0
C2C_USD	2019-02-12	0.001995	0.001988	0.002011	0.001968	0
C2C_USD	2019-02-11	0.001988	0.002023	0.002025	0.001985	0
C2C_USD	2019-02-10	0.002023	0.002008	0.002024	0.001981	0
C2C_USD	2019-02-09	0.002008	0.002011	0.002019	0.001995	0
C2C_USD	2019-02-08	0.002011	0.001855	0.002049	0.001851	0
C2C_USD	2019-02-07	0.001855	0.001864	0.001870	0.001853	0
C2C_USD	2019-02-06	0.001864	0.001897	0.001901	0.001849	0
C2C_USD	2019-02-05	0.001897	0.001885	0.001899	0.001877	0
C2C_USD	2019-02-04	0.001885	0.001891	0.001901	0.001877	0
C2C_USD	2019-02-03	0.001891	0.001922	0.001926	0.001874	0
C2C_USD	2019-02-02	0.001922	0.001910	0.001929	0.001890	0
C2C_USD	2019-02-01	0.001910	0.001891	0.001919	0.001872	0
C2C_USD	2019-01-31	0.001891	0.001905	0.001926	0.001880	0
C2C_USD	2019-01-30	0.001906	0.001878	0.001915	0.001864	0
C2C_USD	2019-01-29	0.001878	0.001891	0.001897	0.001848	0
C2C_USD	2019-01-28	0.001891	0.001942	0.001943	0.001866	0
C2C_USD	2019-01-27	0.001942	0.001962	0.001967	0.001914	0
C2C_USD	2019-01-26	0.001962	0.001960	0.002015	0.001958	0
C2C_USD	2019-01-25	0.001960	0.001972	0.001978	0.001941	0
C2C_USD	2019-01-24	0.001972	0.001955	0.001981	0.001939	0
C2C_USD	2019-01-23	0.001955	0.001965	0.001983	0.001940	0
C2C_USD	2019-01-22	0.001965	0.001934	0.001985	0.001891	0
C2C_USD	2019-01-21	0.001934	0.001936	0.001947	0.001919	0
C2C_USD	2019-01-20	0.001936	0.002033	0.002050	0.001916	0
C2C_USD	2019-01-19	0.002033	0.001985	0.002079	0.001984	0
C2C_USD	2019-01-18	0.001986	0.002009	0.002011	0.001973	0
C2C_USD	2019-01-17	0.002009	0.001983	0.002010	0.001955	0
C2C_USD	2019-01-16	0.001983	0.001974	0.002016	0.001967	0
C2C_USD	2019-01-15	0.001974	0.002024	0.002038	0.001962	0
C2C_USD	2019-01-14	0.002024	0.001940	0.002051	0.001933	0
C2C_USD	2019-01-13	0.001940	0.001999	0.002008	0.001929	0
C2C_USD	2019-01-12	0.001999	0.002006	0.002016	0.001982	0
C2C_USD	2019-01-11	0.002006	0.002005	0.002035	0.001980	0
C2C_USD	2019-01-10	0.002005	0.002205	0.002233	0.001991	0
C2C_USD	2019-01-09	0.002205	0.002214	0.002247	0.002179	0
C2C_USD	2019-01-08	0.002214	0.002222	0.002272	0.002192	0
C2C_USD	2019-01-07	0.002222	0.002253	0.002266	0.002203	0
C2C_USD	2019-01-06	0.002253	0.002230	0.004459	0.002216	0
C2C_USD	2019-01-05	0.002230	0.002256	0.002288	0.002226	0
C2C_USD	2019-01-04	0.002256	0.002235	0.002272	0.002200	0
C2C_USD	2019-01-03	0.002235	0.002309	0.002311	0.002225	0
C2C_USD	2019-01-02	0.002309	0.002256	0.002321	0.002234	0
C2C_USD	2019-01-01	0.002256	0.002183	0.002269	0.002160	0
C2C_USD	2018-12-31	0.002183	0.002265	0.002270	0.002156	0
C2C_USD	2018-12-30	0.002265	0.002213	0.002274	0.002192	0
C2C_USD	2018-12-29	0.002213	0.002301	0.002330	0.002205	0
C2C_USD	2018-12-28	0.002301	0.002117	0.002328	0.002107	0
C2C_USD	2018-12-27	0.002117	0.002240	0.002258	0.002102	0
C2C_USD	2018-12-26	0.002240	0.002246	0.002294	0.002192	0
C2C_USD	2018-12-25	0.002246	0.002383	0.002387	0.002197	0
C2C_USD	2018-12-24	0.002383	0.002341	0.002521	0.002341	0
C2C_USD	2018-12-23	0.002341	0.002372	0.002421	0.002322	0
C2C_USD	2018-12-22	0.002372	0.002284	0.002384	0.002254	0
C2C_USD	2018-12-21	0.002284	0.002423	0.002466	0.002246	0
C2C_USD	2018-12-20	0.002423	0.001753	0.002470	0.001740	0
C2C_USD	2018-12-19	0.001753	0.001739	0.001858	0.001730	0
C2C_USD	2018-12-18	0.001739	0.001668	0.001747	0.001633	0
C2C_USD	2018-12-17	0.001668	0.001518	0.001704	0.001511	0
C2C_USD	2018-12-16	0.001518	0.001512	0.001554	0.001508	0
C2C_USD	2018-12-15	0.001512	0.001509	0.001527	0.001480	0
C2C_USD	2018-12-14	0.001509	0.001542	0.001558	0.001484	0
C2C_USD	2018-12-13	0.001542	0.001627	0.001630	0.001531	0
C2C_USD	2018-12-12	0.001627	0.001574	0.001658	0.001571	0
C2C_USD	2018-12-11	0.001588	0.001621	0.001633	0.001562	0
C2C_USD	2018-12-10	0.001621	0.001677	0.001702	0.001599	0
C2C_USD	2018-12-09	0.001677	0.001613	0.001737	0.001596	0
C2C_USD	2018-12-08	0.001613	0.001591	0.001682	0.001526	0
C2C_USD	2018-12-07	0.001591	0.001628	0.001656	0.001510	0
C2C_USD	2018-12-06	0.001628	0.001733	0.001801	0.001617	0
C2C_USD	2018-12-05	0.001733	0.001832	0.001839	0.001726	0
C2C_USD	2018-12-04	0.001832	0.001795	0.001902	0.001752	0
C2C_USD	2018-12-03	0.001795	0.001913	0.001922	0.001766	0
C2C_USD	2018-12-02	0.001913	0.001952	0.002002	0.001899	0
C2C_USD	2018-12-01	0.001952	0.001858	0.001996	0.001830	0
C2C_USD	2018-11-30	0.001858	0.001983	0.002004	0.001824	0
C2C_USD	2018-11-29	0.001983	0.001981	0.002055	0.001924	0
C2C_USD	2018-11-28	0.001981	0.001787	0.002038	0.001787	0
C2C_USD	2018-11-27	0.001787	0.001774	0.001814	0.001708	0
C2C_USD	2018-11-26	0.001774	0.001888	0.001930	0.001710	0
C2C_USD	2018-11-25	0.001888	0.001808	0.001932	0.001685	0
C2C_USD	2018-11-24	0.001808	0.002034	0.002077	0.001764	0
C2C_USD	2018-11-23	0.002034	0.002020	0.002061	0.001956	0
C2C_USD	2018-11-22	0.002020	0.002149	0.002170	0.002020	0
C2C_USD	2018-11-21	0.002149	0.002111	0.002195	0.002038	0
C2C_USD	2018-11-20	0.002111	0.002271	0.002321	0.001986	0
C2C_USD	2018-11-19	0.002271	0.002603	0.002603	0.002250	0
C2C_USD	2018-11-18	0.002603	0.002588	0.002627	0.002586	0
C2C_USD	2018-11-17	0.002588	0.002604	0.002604	0.002564	0
C2C_USD	2018-11-16	0.002604	0.002646	0.002648	0.002555	0
C2C_USD	2018-11-15	0.002646	0.002707	0.002727	0.002503	0
C2C_USD	2018-11-14	0.002707	0.002974	0.002983	0.002624	0
C2C_USD	2018-11-13	0.002974	0.002966	0.002989	0.002946	0
C2C_USD	2018-11-12	0.002966	0.002972	0.002981	0.002953	0
C2C_USD	2018-11-11	0.002972	0.002958	0.002972	0.002927	0
C2C_USD	2018-11-10	0.002958	0.002953	0.002972	0.002951	0
C2C_USD	2018-11-09	0.002953	0.002981	0.002991	0.002941	0
C2C_USD	2018-11-08	0.002981	0.003023	0.003029	0.002979	0
C2C_USD	2018-11-07	0.003023	0.002997	0.003039	0.002996	0
C2C_USD	2018-11-06	0.002997	0.002976	0.002997	0.002966	0
C2C_USD	2018-11-05	0.002976	0.002983	0.002988	0.002962	0
C2C_USD	2018-11-04	0.002983	0.002938	0.002994	0.002926	0
C2C_USD	2018-11-03	0.002938	0.002956	0.002959	0.002913	0
C2C_USD	2018-11-02	0.002956	0.002944	0.002969	0.002940	0
C2C_USD	2018-11-01	0.002944	0.002929	0.002955	0.002923	0
C2C_USD	2018-10-31	0.002929	0.002912	0.002943	0.002875	0
C2C_USD	2018-10-30	0.002912	0.002918	0.002935	0.002904	0
C2C_USD	2018-10-29	0.002918	0.002985	0.002991	0.002908	0
C2C_USD	2018-10-28	0.002985	0.002990	0.002995	0.002970	0
C2C_USD	2018-10-27	0.002990	0.003004	0.003015	0.002982	0
C2C_USD	2018-10-26	0.003004	0.003003	0.003030	0.002997	0
C2C_USD	2018-10-25	0.003003	0.003015	0.003019	0.002994	0
C2C_USD	2018-10-24	0.003015	0.003013	0.003046	0.003010	0
C2C_USD	2018-10-23	0.003013	0.003021	0.003029	0.003005	0
C2C_USD	2018-10-22	0.003021	0.003030	0.003049	0.003013	0
C2C_USD	2018-10-21	0.003030	0.003029	0.003061	0.003028	0
C2C_USD	2018-10-20	0.003029	0.003002	0.003040	0.002995	0
C2C_USD	2018-10-19	0.003002	0.003042	0.003050	0.002999	0
C2C_USD	2018-10-18	0.003042	0.003098	0.003118	0.003021	0
C2C_USD	2018-10-17	0.003098	0.003109	0.003124	0.003073	0
C2C_USD	2018-10-16	0.003109	0.003101	0.003170	0.003073	0
C2C_USD	2018-10-15	0.003101	0.002913	0.003458	0.002898	0
C2C_USD	2018-10-14	0.002913	0.002910	0.002944	0.002907	0
C2C_USD	2018-10-13	0.002910	0.002897	0.002912	0.002893	0
C2C_USD	2018-10-12	0.002897	0.002877	0.002920	0.002863	0
C2C_USD	2018-10-11	0.002877	0.003050	0.003050	0.002866	0
C2C_USD	2018-10-10	0.003050	0.003065	0.003065	0.003004	0
C2C_USD	2018-10-09	0.003065	0.003070	0.003073	0.003040	0
C2C_USD	2018-10-08	0.003070	0.003036	0.003090	0.003030	0
C2C_USD	2018-10-07	0.003036	0.003032	0.003052	0.003006	0
C2C_USD	2018-10-06	0.003032	0.003057	0.003058	0.003019	0
C2C_USD	2018-10-05	0.003057	0.003027	0.003066	0.003012	0
C2C_USD	2018-10-04	0.003027	0.002991	0.003051	0.002990	0
C2C_USD	2018-10-03	0.002991	0.003008	0.003014	0.002958	0
C2C_USD	2018-10-02	0.003008	0.003036	0.003051	0.002996	0
C2C_USD	2018-10-01	0.003036	0.003045	0.003063	0.003000	0
C2C_USD	2018-09-30	0.003045	0.003038	0.003062	0.003005	0
C2C_USD	2018-09-29	0.003038	0.003052	0.003052	0.002974	0
C2C_USD	2018-09-28	0.003052	0.003077	0.003140	0.003011	0
C2C_USD	2018-09-27	0.003077	0.002973	0.003095	0.002963	0
C2C_USD	2018-09-26	0.002973	0.002960	0.003014	0.002937	0
C2C_USD	2018-09-25	0.002960	0.003029	0.003029	0.002922	0
C2C_USD	2018-09-24	0.003029	0.003087	0.003092	0.003015	0
C2C_USD	2018-09-23	0.003087	0.003093	0.003120	0.003066	0
C2C_USD	2018-09-22	0.003093	0.003115	0.003147	0.003056	0
C2C_USD	2018-09-21	0.003115	0.002990	0.003119	0.002988	0
C2C_USD	2018-09-20	0.002990	0.002940	0.003001	0.002924	0
C2C_USD	2018-09-19	0.002940	0.002918	0.002976	0.002812	0
C2C_USD	2018-09-18	0.002918	0.002877	0.002936	0.002866	0
C2C_USD	2018-09-17	0.002877	0.002989	0.003005	0.002858	0
C2C_USD	2018-09-16	0.002989	0.002999	0.002999	0.002935	0
C2C_USD	2018-09-15	0.002999	0.002984	0.003022	0.002978	0
C2C_USD	2018-09-14	0.002984	0.002979	0.003030	0.002932	0
C2C_USD	2018-09-13	0.002979	0.002915	0.003001	0.002914	0
C2C_USD	2018-09-12	0.002915	0.002893	0.002921	0.002853	0
C2C_USD	2018-09-11	0.002893	0.002902	0.002937	0.002843	0
C2C_USD	2018-09-10	0.002902	0.002870	0.002919	0.002870	0
C2C_USD	2018-09-09	0.002870	0.002845	0.002952	0.002832	0
C2C_USD	2018-09-08	0.002845	0.002946	0.002979	0.002824	0
C2C_USD	2018-09-07	0.002946	0.002996	0.003005	0.002910	0
C2C_USD	2018-09-06	0.002996	0.003084	0.003091	0.002903	0
C2C_USD	2018-09-05	0.003084	0.003385	0.003402	0.003082	0
C2C_USD	2018-09-04	0.003385	0.003344	0.003409	0.003333	0
C2C_USD	2018-09-03	0.003344	0.003499	0.003514	0.003336	0
C2C_USD	2018-09-02	0.003499	0.003455	0.003527	0.003426	0
C2C_USD	2018-09-01	0.003455	0.003373	0.003485	0.003370	0
C2C_USD	2018-08-31	0.003373	0.003357	0.003400	0.003310	0
C2C_USD	2018-08-30	0.003357	0.003382	0.003389	0.003267	0
C2C_USD	2018-08-29	0.003382	0.003398	0.003421	0.003326	0
C2C_USD	2018-08-28	0.003398	0.003313	0.003421	0.003299	0
C2C_USD	2018-08-27	0.003313	0.003220	0.003317	0.003197	0
C2C_USD	2018-08-26	0.003220	0.003235	0.003255	0.003159	0
C2C_USD	2018-08-25	0.003235	0.003213	0.003260	0.003202	0
C2C_USD	2018-08-24	0.003213	0.003133	0.003228	0.003102	0
C2C_USD	2018-08-23	0.003133	0.003050	0.003152	0.003048	0
C2C_USD	2018-08-22	0.003050	0.003110	0.003296	0.003001	0
C2C_USD	2018-08-21	0.003110	0.003002	0.003120	0.003000	0
C2C_USD	2018-08-20	0.003002	0.003113	0.003130	0.002990	0
C2C_USD	2018-08-19	0.003113	0.003068	0.003139	0.003028	0
C2C_USD	2018-08-18	0.003068	0.003163	0.003173	0.003026	0
C2C_USD	2018-08-17	0.003163	0.003030	0.003163	0.003021	0
C2C_USD	2018-08-16	0.003030	0.003104	0.003178	0.002992	0
C2C_USD	2018-08-15	0.003104	0.003990	0.004573	0.002118	0
C2C_USD	2018-08-14	0.003990	0.005252	0.005273	0.002733	0
C2C_USD	2018-08-13	0.005252	0.005525	0.005700	0.005130	0
C2C_USD	2018-08-12	0.005525	0.004325	0.005712	0.004230	0
C2C_USD	2018-08-11	0.004325	0.007158	0.007950	0.003607	0
C2C_USD	2018-08-10	0.007158	0.010022	0.010090	0.005720	0
C2C_USD	2018-08-09	0.010022	0.009386	0.010140	0.007481	0
C2C_USD	2018-08-08	0.009386	0.010816	0.012677	0.008161	0
C2C_USD	2018-08-07	0.010816	0.011656	0.011976	0.009112	0
C2C_USD	2018-08-06	0.011656	0.012342	0.012829	0.011510	0
C2C_USD	2018-08-05	0.012342	0.012751	0.012974	0.012138	0
C2C_USD	2018-08-04	0.012751	0.013535	0.013854	0.012613	0
C2C_USD	2018-08-03	0.013535	0.013450	0.013573	0.013001	0
C2C_USD	2018-08-02	0.013450	0.014192	0.014430	0.013420	0
C2C_USD	2018-08-01	0.014192	0.014483	0.014502	0.013423	0
C2C_USD	2018-07-31	0.014483	0.015239	0.015249	0.014085	0
C2C_USD	2018-07-30	0.015239	0.015581	0.015642	0.014669	0
C2C_USD	2018-07-29	0.015581	0.016698	0.016780	0.015522	0
C2C_USD	2018-07-28	0.016698	0.017027	0.017605	0.016285	0
C2C_USD	2018-07-27	0.017027	0.015378	0.017027	0.015090	0
C2C_USD	2018-07-26	0.015378	0.015497	0.015737	0.014719	0
C2C_USD	2018-07-25	0.015497	0.015354	0.015692	0.014939	0
C2C_USD	2018-07-24	0.015354	0.013962	0.017210	0.013924	0
C2C_USD	2018-07-23	0.013962	0.014914	0.015541	0.013924	0
C2C_USD	2018-07-22	0.014914	0.013992	0.015166	0.013861	0
C2C_USD	2018-07-21	0.013992	0.013272	0.014082	0.013117	0
C2C_USD	2018-07-20	0.013272	0.014237	0.014551	0.013099	0
C2C_USD	2018-07-19	0.014237	0.014548	0.015391	0.012673	0
C2C_USD	2018-07-18	0.014548	0.016214	0.016562	0.013946	0
C2C_USD	2018-07-17	0.016214	0.016033	0.017127	0.014867	0
C2C_USD	2018-07-16	0.016033	0.015042	0.016562	0.014033	0
C2C_USD	2018-07-15	0.015042	0.014313	0.015068	0.012588	0
C2C_USD	2018-07-14	0.014313	0.012627	0.015458	0.012523	0
C2C_USD	2018-07-13	0.012627	0.011403	0.013625	0.011363	0
C2C_USD	2018-07-12	0.011403	0.011735	0.011735	0.011129	0
C2C_USD	2018-07-11	0.011735	0.012602	0.013032	0.011513	0
C2C_USD	2018-07-10	0.012602	0.013420	0.013756	0.012560	0
C2C_USD	2018-07-09	0.013420	0.013785	0.014475	0.013372	0
C2C_USD	2018-07-08	0.013785	0.013016	0.013848	0.012936	0
C2C_USD	2018-07-07	0.013016	0.013368	0.013385	0.012558	0
C2C_USD	2018-07-06	0.013368	0.012917	0.013607	0.012898	0
C2C_USD	2018-07-05	0.012917	0.013575	0.013663	0.012811	0
C2C_USD	2018-07-04	0.013575	0.013357	0.013899	0.013157	0
C2C_USD	2018-07-03	0.013357	0.013400	0.013760	0.000175	0
C2C_USD	2018-07-02	0.013400	0.012952	0.013936	0.000000	0
C2C_USD	2018-07-01	0.012953	0.013774	0.013860	0.012851	0
C2C_USD	2018-06-30	0.013774	0.013088	0.014075	0.013088	0
C2C_USD	2018-06-29	0.013099	0.013015	0.013236	0.012251	0
C2C_USD	2018-06-28	0.013036	0.013555	0.013624	0.012471	0
C2C_USD	2018-06-27	0.013554	0.013467	0.013656	0.013086	0
C2C_USD	2018-06-26	0.013509	0.013626	0.013963	0.013179	0
C2C_USD	2018-06-25	0.013617	0.012999	0.013679	0.012750	0
C2C_USD	2018-06-24	0.013003	0.012905	0.015753	0.012122	0
C2C_USD	2018-06-23	0.012888	0.012689	0.013092	0.012603	0
C2C_USD	2018-06-22	0.012689	0.014401	0.014437	0.012467	0
C2C_USD	2018-06-21	0.014400	0.014804	0.015151	0.013995	0
C2C_USD	2018-06-20	0.014805	0.015182	0.015199	0.014285	0
C2C_USD	2018-06-19	0.015199	0.015604	0.015629	0.014588	0
C2C_USD	2018-06-18	0.015565	0.013949	0.015643	0.013771	0
C2C_USD	2018-06-17	0.013938	0.014077	0.014445	0.013730	0
C2C_USD	2018-06-16	0.014074	0.013728	0.014213	0.013578	0
C2C_USD	2018-06-15	0.013721	0.014645	0.015074	0.013411	0
C2C_USD	2018-06-14	0.014617	0.013818	0.014627	0.013643	0
C2C_USD	2018-06-13	0.013810	0.013939	0.014274	0.013236	0
C2C_USD	2018-06-12	0.013935	0.015218	0.015218	0.013687	0
C2C_USD	2018-06-11	0.015225	0.015475	0.015552	0.014940	0
C2C_USD	2018-06-10	0.015457	0.017247	0.017247	0.015240	0
C2C_USD	2018-06-09	0.017242	0.017591	0.017752	0.017184	0
C2C_USD	2018-06-08	0.017591	0.018292	0.018318	0.017502	0
C2C_USD	2018-06-07	0.018300	0.018178	0.018454	0.018159	0
C2C_USD	2018-06-06	0.018177	0.018193	0.018317	0.017839	0
C2C_USD	2018-06-05	0.018178	0.018086	0.018335	0.017637	0
C2C_USD	2018-06-04	0.018099	0.019660	0.019703	0.017762	0
C2C_USD	2018-06-03	0.019642	0.019500	0.020050	0.018962	0
C2C_USD	2018-06-02	0.019515	0.020060	0.020073	0.018659	0
C2C_USD	2018-06-01	0.020044	0.019763	0.020266	0.019477	0
C2C_USD	2018-05-31	0.019764	0.018356	0.019924	0.018235	0
C2C_USD	2018-05-30	0.018364	0.017917	0.019428	0.017700	0
C2C_USD	2018-05-29	0.017895	0.016659	0.018087	0.016458	0
C2C_USD	2018-05-28	0.016649	0.017476	0.018383	0.016021	0
C2C_USD	2018-05-27	0.017468	0.016637	0.018409	0.016431	0
C2C_USD	2018-05-26	0.016633	0.017523	0.017523	0.016545	0
C2C_USD	2018-05-25	0.017526	0.017879	0.018173	0.016953	0
C2C_USD	2018-05-24	0.017872	0.018383	0.018905	0.017018	0
C2C_USD	2018-05-23	0.018397	0.019704	0.020184	0.018207	0
C2C_USD	2018-05-22	0.019710	0.020569	0.023032	0.019556	0
C2C_USD	2018-05-21	0.020569	0.020583	0.023755	0.020394	0
C2C_USD	2018-05-20	0.020583	0.020147	0.020685	0.019955	0
C2C_USD	2018-05-19	0.020147	0.021627	0.021690	0.019909	0
C2C_USD	2018-05-18	0.021627	0.017682	0.022444	0.017369	0
C2C_USD	2018-05-17	0.017705	0.018199	0.018434	0.017539	0
C2C_USD	2018-05-16	0.018184	0.017948	0.018419	0.016811	0
C2C_USD	2018-05-15	0.017948	0.019933	0.020517	0.017939	0
C2C_USD	2018-05-14	0.019848	0.018192	0.022111	0.016715	0
C2C_USD	2018-05-13	0.018192	0.016907	0.023766	0.016686	0
C2C_USD	2018-05-12	0.016869	0.016701	0.017027	0.015921	0
C2C_USD	2018-05-11	0.016701	0.019030	0.019030	0.016693	0
C2C_USD	2018-05-10	0.019030	0.019195	0.020401	0.018605	0
C2C_USD	2018-05-09	0.019195	0.019831	0.020100	0.016536	0
C2C_USD	2018-05-08	0.019838	0.021104	0.021309	0.000002	0
C2C_USD	2018-05-07	0.020884	0.021443	0.022462	0.020509	0
C2C_USD	2018-05-06	0.021443	0.021111	0.022234	0.020374	0
C2C_USD	2018-05-05	0.021086	0.022279	0.022985	0.020929	0
C2C_USD	2018-05-04	0.022279	0.025195	0.025195	0.019420	0
C2C_USD	2018-05-03	0.025195	0.023088	0.025339	0.022515	0
C2C_USD	2018-05-02	0.023088	0.022711	0.023803	0.021790	0
C2C_USD	2018-05-01	0.022711	0.023275	0.024126	0.021295	0
C2C_USD	2018-04-30	0.023275	0.024859	0.024929	0.023063	0
C2C_USD	2018-04-29	0.024859	0.024563	0.025143	0.023577	0
C2C_USD	2018-04-28	0.024563	0.023707	0.025009	0.023556	0
C2C_USD	2018-04-27	0.023707	0.025237	0.025375	0.023640	0
C2C_USD	2018-04-26	0.025237	0.024097	0.025270	0.023367	0
C2C_USD	2018-04-25	0.024097	0.026057	0.026339	0.023322	0
C2C_USD	2018-04-24	0.026057	0.023690	0.026293	0.023665	0
C2C_USD	2018-04-23	0.023690	0.024199	0.024665	0.023544	0
C2C_USD	2018-04-22	0.024199	0.024737	0.024867	0.023956	0
C2C_USD	2018-04-21	0.024737	0.026080	0.026080	0.024091	0
C2C_USD	2018-04-20	0.026080	0.023293	0.026299	0.021475	0
C2C_USD	2018-04-19	0.023293	0.019641	0.023479	0.019504	0
C2C_USD	2018-04-18	0.019641	0.018897	0.019767	0.018466	0
C2C_USD	2018-04-17	0.018897	0.019375	0.019678	0.018785	0
C2C_USD	2018-04-16	0.019375	0.019263	0.021966	0.017850	0
C2C_USD	2018-04-15	0.019263	0.018892	0.019665	0.018644	0
C2C_USD	2018-04-14	0.018892	0.018476	0.019215	0.018318	0
C2C_USD	2018-04-13	0.018476	0.018198	0.019053	0.017804	0
C2C_USD	2018-04-12	0.018198	0.015585	0.019190	0.015156	0
C2C_USD	2018-04-11	0.015585	0.016211	0.016644	0.015057	0
C2C_USD	2018-04-10	0.016211	0.016531	0.016567	0.015270	0
C2C_USD	2018-04-09	0.016531	0.016309	0.016639	0.015177	0
C2C_USD	2018-04-08	0.016309	0.016461	0.016772	0.015870	0
C2C_USD	2018-04-07	0.016461	0.015808	0.017659	0.015773	0
C2C_USD	2018-04-06	0.015808	0.015315	0.016257	0.014741	0
C2C_USD	2018-04-05	0.015315	0.015338	0.016816	0.014801	0
C2C_USD	2018-04-04	0.015338	0.019067	0.020108	0.015338	0
C2C_USD	2018-04-03	0.019067	0.015798	0.020004	0.015725	0
C2C_USD	2018-04-02	0.015798	0.015187	0.016082	0.014756	0
C2C_USD	2018-04-01	0.015187	0.014993	0.015220	0.013205	0
C2C_USD	2018-03-31	0.014993	0.015220	0.016141	0.014346	0
C2C_USD	2018-03-30	0.015220	0.015922	0.016222	0.014571	0
C2C_USD	2018-03-29	0.015922	0.018899	0.018928	0.015407	0
C2C_USD	2018-03-28	0.018899	0.017903	0.019815	0.017024	0
C2C_USD	2018-03-27	0.017903	0.019053	0.019243	0.017847	0
C2C_USD	2018-03-26	0.019053	0.018875	0.019335	0.017054	0
C2C_USD	2018-03-25	0.018875	0.017991	0.020060	0.017954	0
C2C_USD	2018-03-24	0.017991	0.020297	0.020484	0.017971	0
C2C_USD	2018-03-23	0.020297	0.021574	0.021574	0.016692	0
C2C_USD	2018-03-22	0.021574	0.022027	0.022579	0.020440	0
C2C_USD	2018-03-21	0.022027	0.021128	0.022456	0.020279	0
C2C_USD	2018-03-20	0.021128	0.019393	0.021665	0.018645	0
C2C_USD	2018-03-19	0.019393	0.019082	0.020529	0.018050	0
C2C_USD	2018-03-18	0.019082	0.018298	0.019216	0.016844	0
C2C_USD	2018-03-17	0.018298	0.021227	0.021277	0.017980	0
C2C_USD	2018-03-16	0.021227	0.021585	0.022070	0.020513	0
C2C_USD	2018-03-15	0.021585	0.022221	0.022844	0.020966	0
C2C_USD	2018-03-14	0.022221	0.025715	0.026235	0.021512	0
C2C_USD	2018-03-13	0.025715	0.023803	0.025769	0.022606	0
C2C_USD	2018-03-12	0.023803	0.026486	0.027595	0.022975	0
C2C_USD	2018-03-11	0.026486	0.023378	0.027041	0.022320	0
C2C_USD	2018-03-10	0.023378	0.023511	0.025158	0.023044	0
C2C_USD	2018-03-09	0.023511	0.026316	0.026818	0.021937	0
C2C_USD	2018-03-08	0.026316	0.030237	0.031061	0.025295	0
C2C_USD	2018-03-07	0.030237	0.032811	0.033246	0.028918	0
C2C_USD	2018-03-06	0.032811	0.035325	0.035325	0.032381	0
C2C_USD	2018-03-05	0.035325	0.035213	0.035965	0.034943	0
C2C_USD	2018-03-04	0.035213	0.036192	0.036258	0.034093	0
C2C_USD	2018-03-03	0.036229	0.036821	0.037983	0.035726	0
C2C_USD	2018-03-02	0.036760	0.035730	0.037629	0.035078	0
