CAS_USD	2019-04-09	0.007286	0.007452	0.007452	0.007157	8242620
CAS_USD	2019-04-08	0.007452	0.007269	0.007561	0.006334	7010370
CAS_USD	2019-04-07	0.007269	0.007097	0.007683	0.007019	4069760
CAS_USD	2019-04-06	0.007097	0.006419	0.007680	0.006393	4435150
CAS_USD	2019-04-05	0.006419	0.006531	0.007767	0.006299	2593920
CAS_USD	2019-04-04	0.006531	0.005810	0.006800	0.005691	2188060
CAS_USD	2019-04-03	0.005810	0.006985	0.007056	0.005564	2248570
CAS_USD	2019-04-02	0.006985	0.006420	0.007173	0.006338	1894710
CAS_USD	2019-04-01	0.006420	0.006479	0.006493	0.006385	1992620
CAS_USD	2019-03-31	0.006477	0.006471	0.007000	0.006414	2084220
CAS_USD	2019-03-30	0.006471	0.006528	0.006630	0.006400	2047250
CAS_USD	2019-03-29	0.006528	0.006288	0.006680	0.006268	1854640
CAS_USD	2019-03-28	0.006288	0.005784	0.006507	0.005646	2005160
CAS_USD	2019-03-27	0.005784	0.006134	0.006413	0.005698	1991770
CAS_USD	2019-03-26	0.006133	0.006206	0.006387	0.005232	2644070
CAS_USD	2019-03-25	0.006206	0.006794	0.006823	0.006184	1799280
CAS_USD	2019-03-24	0.006794	0.006519	0.006794	0.006519	2056150
CAS_USD	2019-03-23	0.006519	0.006497	0.006750	0.006141	1662040
CAS_USD	2019-03-22	0.006497	0.006494	0.006634	0.006429	1471140
CAS_USD	2019-03-21	0.006494	0.006809	0.007111	0.006439	1772770
CAS_USD	2019-03-20	0.006742	0.006899	0.007334	0.006500	1970710
CAS_USD	2019-03-19	0.006899	0.006942	0.007113	0.006440	2291170
CAS_USD	2019-03-18	0.006942	0.007107	0.007284	0.006847	2011660
CAS_USD	2019-03-17	0.007107	0.007237	0.007237	0.007088	2295260
CAS_USD	2019-03-16	0.007237	0.007510	0.007922	0.007188	1987330
CAS_USD	2019-03-15	0.007510	0.007508	0.008426	0.007419	2222190
CAS_USD	2019-03-14	0.007508	0.006765	0.007605	0.006765	2067620
CAS_USD	2019-03-13	0.006765	0.006682	0.007386	0.006504	1972740
CAS_USD	2019-03-12	0.006682	0.006827	0.007668	0.006629	2017560
CAS_USD	2019-03-11	0.006827	0.007128	0.007235	0.006640	2018520
CAS_USD	2019-03-10	0.007128	0.006985	0.008200	0.006972	1849910
CAS_USD	2019-03-09	0.006985	0.007060	0.007173	0.006858	2006420
CAS_USD	2019-03-08	0.007060	0.007096	0.007293	0.006801	1953780
CAS_USD	2019-03-07	0.007096	0.006570	0.007233	0.006570	1929700
CAS_USD	2019-03-06	0.006570	0.006526	0.006900	0.005926	2082360
CAS_USD	2019-03-05	0.006524	0.006476	0.008956	0.006294	4977280
CAS_USD	2019-03-04	0.006476	0.006474	0.006493	0.006154	3315960
CAS_USD	2019-03-03	0.006474	0.006572	0.007000	0.006219	2364090
CAS_USD	2019-03-02	0.006572	0.006241	0.006573	0.006067	1511590
CAS_USD	2019-03-01	0.006242	0.005012	0.006242	0.005012	541970
CAS_USD	2019-02-28	0.005012	0.005375	0.005375	0.005012	418450
CAS_USD	2019-02-27	0.005375	0.005420	0.006403	0.005375	343180
CAS_USD	2019-02-26	0.005420	0.005677	0.006201	0.005393	436170
CAS_USD	2019-02-25	0.005677	0.005792	0.005823	0.005677	5410
CAS_USD	2019-02-24	0.005792	0.006899	0.007043	0.005500	43040
CAS_USD	2019-02-23	0.006899	0.006510	0.007012	0.006235	133190
CAS_USD	2019-02-22	0.006510	0.006358	0.006758	0.006258	24550
CAS_USD	2019-02-21	0.006358	0.006600	0.007235	0.006358	181540
CAS_USD	2019-02-20	0.006600	0.006484	0.007234	0.006484	119640
CAS_USD	2019-02-19	0.006484	0.006568	0.006715	0.006100	9080
CAS_USD	2019-02-18	0.006568	0.006400	0.006715	0.006286	31680
CAS_USD	2019-02-17	0.006400	0.005958	0.006400	0.005415	44980
CAS_USD	2019-02-16	0.005958	0.005647	0.005958	0.005600	57200
CAS_USD	2019-02-15	0.005647	0.006266	0.006580	0.005647	53160
CAS_USD	2019-02-14	0.006266	0.006266	0.006266	0.006266	0
CAS_USD	2019-02-13	0.006266	0.006265	0.006576	0.006184	19210
CAS_USD	2019-02-12	0.006265	0.006211	0.006265	0.005655	10360
CAS_USD	2019-02-11	0.006211	0.005758	0.006211	0.005758	43700
CAS_USD	2019-02-10	0.005916	0.005578	0.006211	0.005300	54800
CAS_USD	2019-02-09	0.005578	0.006100	0.006100	0.005300	182000
CAS_USD	2019-02-08	0.006100	0.005600	0.006100	0.005268	9700
CAS_USD	2019-02-07	0.005600	0.005500	0.006000	0.005500	21300
CAS_USD	2019-02-06	0.005500	0.006580	0.006580	0.005261	64500
CAS_USD	2019-02-05	0.006580	0.006165	0.006580	0.006123	26500
CAS_USD	2019-02-04	0.006165	0.005648	0.006165	0.005469	32200
CAS_USD	2019-02-03	0.005648	0.006286	0.006286	0.005648	115000
CAS_USD	2019-02-02	0.006286	0.008110	0.008595	0.005000	758800
CAS_USD	2019-02-01	0.008110	0.008123	0.008123	0.008110	11600
CAS_USD	2019-01-31	0.008123	0.007814	0.008205	0.006985	25500
CAS_USD	2019-01-30	0.007814	0.006935	0.007814	0.006935	44000
CAS_USD	2019-01-29	0.006935	0.006152	0.006935	0.006152	16200
CAS_USD	2019-01-28	0.006152	0.007207	0.007207	0.006152	15300
CAS_USD	2019-01-27	0.007207	0.007526	0.009329	0.007199	178300
CAS_USD	2019-01-26	0.007526	0.007495	0.007526	0.006237	103200
CAS_USD	2019-01-25	0.007495	0.008162	0.009500	0.006565	300500
CAS_USD	2019-01-24	0.008162	0.006954	0.008162	0.006898	56700
CAS_USD	2019-01-23	0.006954	0.006752	0.007037	0.006542	31700
CAS_USD	2019-01-22	0.006752	0.006752	0.006752	0.006752	0
CAS_USD	2019-01-21	0.006752	0.006080	0.009495	0.006080	20200
CAS_USD	2019-01-20	0.006080	0.007000	0.007188	0.006080	286800
CAS_USD	2019-01-19	0.007000	0.006130	0.007211	0.006130	754100
CAS_USD	2019-01-18	0.006130	0.006100	0.007122	0.006013	425000
CAS_USD	2019-01-17	0.006100	0.006438	0.006596	0.006000	65400
CAS_USD	2019-01-16	0.006438	0.006028	0.006540	0.006028	16600
CAS_USD	2019-01-15	0.006028	0.006948	0.006948	0.005360	578900
CAS_USD	2019-01-14	0.006948	0.006498	0.007885	0.006400	56600
CAS_USD	2019-01-13	0.006578	0.006740	0.007000	0.005673	37000
CAS_USD	2019-01-12	0.006740	0.006990	0.009892	0.005250	199500
CAS_USD	2019-01-11	0.006990	0.006964	0.007577	0.006679	19300
CAS_USD	2019-01-10	0.006964	0.008562	0.010160	0.006964	94400
CAS_USD	2019-01-09	0.008562	0.007587	0.009330	0.007587	971300
CAS_USD	2019-01-08	0.007550	0.009533	0.010460	0.007184	910100
CAS_USD	2019-01-07	0.009533	0.011524	0.011524	0.009515	46200
CAS_USD	2019-01-06	0.011524	0.010725	0.011524	0.010156	159500
CAS_USD	2019-01-05	0.010725	0.010287	0.011449	0.008901	152500
CAS_USD	2019-01-04	0.010287	0.010287	0.010287	0.010287	0
CAS_USD	2019-01-03	0.010287	0.010425	0.011673	0.010287	2900
CAS_USD	2019-01-02	0.010425	0.011120	0.011133	0.010425	33300
CAS_USD	2019-01-01	0.011120	0.009769	0.011120	0.009769	52900
CAS_USD	2018-12-31	0.009769	0.010147	0.011119	0.009271	148500
CAS_USD	2018-12-30	0.010147	0.009267	0.010147	0.008610	172000
CAS_USD	2018-12-29	0.009267	0.009100	0.010737	0.008745	152300
CAS_USD	2018-12-28	0.009100	0.007892	0.009592	0.007892	105300
CAS_USD	2018-12-27	0.007892	0.008862	0.011114	0.007573	966900
CAS_USD	2018-12-26	0.008862	0.010226	0.010571	0.008141	470400
CAS_USD	2018-12-25	0.010226	0.009605	0.010226	0.009249	514100
CAS_USD	2018-12-24	0.009605	0.009357	0.010061	0.008951	940200
CAS_USD	2018-12-23	0.009357	0.008378	0.009606	0.008378	1403300
CAS_USD	2018-12-22	0.008378	0.008207	0.008473	0.008207	21800
CAS_USD	2018-12-21	0.008207	0.009541	0.010143	0.008201	21900
CAS_USD	2018-12-20	0.009541	0.008418	0.010177	0.008418	165500
CAS_USD	2018-12-19	0.008509	0.007753	0.010449	0.007753	119900
CAS_USD	2018-12-18	0.007753	0.009200	0.011351	0.007323	301800
CAS_USD	2018-12-17	0.009200	0.010000	0.010000	0.009200	15800
CAS_USD	2018-12-16	0.010000	0.006829	0.010891	0.006829	132400
CAS_USD	2018-12-15	0.006829	0.006679	0.007695	0.006500	258100
CAS_USD	2018-12-14	0.006679	0.006687	0.007695	0.006429	125400
CAS_USD	2018-12-13	0.006687	0.006397	0.006999	0.006332	18000
CAS_USD	2018-12-12	0.006397	0.006167	0.008171	0.006167	29700
CAS_USD	2018-12-11	0.006167	0.006567	0.008173	0.005601	13100
CAS_USD	2018-12-10	0.006567	0.007000	0.008174	0.005785	300000
CAS_USD	2018-12-09	0.007000	0.008000	0.008446	0.007000	282700
CAS_USD	2018-12-08	0.008000	0.009537	0.009537	0.008000	21600
CAS_USD	2018-12-07	0.009537	0.008200	0.010766	0.007727	160700
CAS_USD	2018-12-06	0.008200	0.009813	0.009813	0.008200	12100
CAS_USD	2018-12-05	0.009813	0.009500	0.010657	0.009500	57700
CAS_USD	2018-12-04	0.009500	0.009138	0.009694	0.009000	78900
CAS_USD	2018-12-03	0.009138	0.010020	0.010453	0.009138	601100
CAS_USD	2018-12-02	0.010020	0.011404	0.011404	0.010020	281200
CAS_USD	2018-12-01	0.011404	0.010458	0.012275	0.010458	220600
CAS_USD	2018-11-30	0.010458	0.012326	0.013771	0.010021	630100
CAS_USD	2018-11-29	0.012326	0.014242	0.014242	0.012326	40900
CAS_USD	2018-11-28	0.014242	0.012372	0.014242	0.011300	30800
CAS_USD	2018-11-27	0.012372	0.013000	0.013000	0.010987	27700
CAS_USD	2018-11-26	0.013000	0.013139	0.015062	0.011117	1100
CAS_USD	2018-11-25	0.013139	0.011387	0.013139	0.011186	11200
CAS_USD	2018-11-24	0.011387	0.012260	0.015000	0.011387	11000
CAS_USD	2018-11-23	0.012260	0.012809	0.013175	0.012000	24400
CAS_USD	2018-11-22	0.012809	0.015850	0.015850	0.011513	103400
CAS_USD	2018-11-21	0.015850	0.012251	0.015850	0.010995	172800
CAS_USD	2018-11-20	0.012251	0.011820	0.012251	0.010001	353800
CAS_USD	2018-11-19	0.011820	0.014387	0.015000	0.011820	146600
CAS_USD	2018-11-18	0.014387	0.014899	0.014899	0.014387	100
CAS_USD	2018-11-17	0.014899	0.014557	0.014899	0.014557	9700
CAS_USD	2018-11-16	0.014984	0.015096	0.015096	0.014982	38500
CAS_USD	2018-11-15	0.015096	0.014019	0.015146	0.013001	110400
CAS_USD	2018-11-14	0.014019	0.017767	0.017767	0.012000	145600
CAS_USD	2018-11-13	0.017767	0.014910	0.019499	0.014438	60300
CAS_USD	2018-11-12	0.014910	0.014000	0.016268	0.011900	74000
CAS_USD	2018-11-11	0.014000	0.012855	0.016298	0.012833	57200
CAS_USD	2018-11-10	0.012855	0.012000	0.018139	0.010876	825700
CAS_USD	2018-11-09	0.012000	0.011055	0.012000	0.010940	130700
CAS_USD	2018-11-08	0.011055	0.010478	0.011055	0.010478	53500
CAS_USD	2018-11-07	0.010478	0.009803	0.010676	0.009803	129100
CAS_USD	2018-11-06	0.009803	0.009331	0.011500	0.009331	87400
CAS_USD	2018-11-05	0.009331	0.011390	0.011403	0.009331	8700
CAS_USD	2018-11-04	0.011390	0.010420	0.011390	0.010215	42000
CAS_USD	2018-11-03	0.010420	0.011499	0.011500	0.010326	200400
CAS_USD	2018-11-02	0.011499	0.011300	0.011500	0.011300	18300
CAS_USD	2018-11-01	0.011300	0.011209	0.011300	0.011208	13000
CAS_USD	2018-10-31	0.011209	0.011209	0.011209	0.011209	0
CAS_USD	2018-10-30	0.011209	0.011209	0.011209	0.011209	0
CAS_USD	2018-10-29	0.011209	0.010276	0.011209	0.010276	600
CAS_USD	2018-10-28	0.010276	0.010276	0.010276	0.010276	0
CAS_USD	2018-10-27	0.010276	0.011161	0.011174	0.010276	25300
CAS_USD	2018-10-26	0.011161	0.010438	0.011170	0.010296	59400
CAS_USD	2018-10-25	0.010438	0.010480	0.011229	0.010438	42700
CAS_USD	2018-10-24	0.010480	0.009673	0.010480	0.009673	80500
CAS_USD	2018-10-23	0.009673	0.009950	0.011405	0.009116	74600
CAS_USD	2018-10-22	0.009950	0.010100	0.011080	0.009825	148600
CAS_USD	2018-10-21	0.010100	0.011080	0.011080	0.010100	104000
CAS_USD	2018-10-20	0.011080	0.010519	0.011080	0.010519	37900
CAS_USD	2018-10-19	0.010519	0.010722	0.010894	0.009777	14700
CAS_USD	2018-10-18	0.010722	0.010722	0.010722	0.010722	0
CAS_USD	2018-10-17	0.010722	0.010427	0.010741	0.010375	45000
CAS_USD	2018-10-16	0.010427	0.010517	0.011685	0.010246	33300
CAS_USD	2018-10-15	0.010517	0.010929	0.012200	0.009870	16100
CAS_USD	2018-10-14	0.010929	0.010929	0.010929	0.010929	0
CAS_USD	2018-10-13	0.010929	0.010029	0.010929	0.010029	2200
CAS_USD	2018-10-12	0.010029	0.010607	0.011491	0.010029	4900
CAS_USD	2018-10-11	0.010607	0.011618	0.011618	0.010607	72800
CAS_USD	2018-10-10	0.011618	0.011618	0.011618	0.011618	0
CAS_USD	2018-10-09	0.011618	0.012000	0.012450	0.011618	63700
CAS_USD	2018-10-08	0.012000	0.012807	0.012807	0.011999	41000
CAS_USD	2018-10-07	0.012807	0.012500	0.012807	0.012100	69800
CAS_USD	2018-10-06	0.012500	0.012300	0.012500	0.012300	52300
CAS_USD	2018-10-05	0.012300	0.011634	0.012300	0.011634	51300
CAS_USD	2018-10-04	0.011634	0.012200	0.012600	0.011634	176900
CAS_USD	2018-10-03	0.012200	0.012370	0.012370	0.012200	16900
CAS_USD	2018-10-02	0.012370	0.012800	0.012800	0.011108	70600
CAS_USD	2018-10-01	0.012800	0.011600	0.012800	0.010751	331900
CAS_USD	2018-09-30	0.011600	0.011080	0.013280	0.010642	45100
CAS_USD	2018-09-29	0.011080	0.011300	0.011300	0.011080	32800
CAS_USD	2018-09-28	0.011300	0.011400	0.012099	0.011300	33500
CAS_USD	2018-09-27	0.011400	0.010724	0.011400	0.010700	23300
CAS_USD	2018-09-26	0.010724	0.010115	0.011696	0.009098	43400
CAS_USD	2018-09-25	0.010115	0.010736	0.010736	0.009997	16400
CAS_USD	2018-09-24	0.010736	0.012060	0.012060	0.010736	86500
CAS_USD	2018-09-23	0.012060	0.011680	0.013384	0.011680	56400
CAS_USD	2018-09-22	0.011680	0.012181	0.013394	0.011680	61100
CAS_USD	2018-09-21	0.012181	0.012208	0.013622	0.010728	436500
CAS_USD	2018-09-20	0.012208	0.011687	0.012208	0.010636	206700
CAS_USD	2018-09-19	0.011687	0.011520	0.011687	0.011400	62300
CAS_USD	2018-09-18	0.011520	0.010514	0.011531	0.010506	167600
CAS_USD	2018-09-17	0.010514	0.012000	0.012199	0.010514	58200
CAS_USD	2018-09-16	0.012000	0.010827	0.012000	0.010827	27600
CAS_USD	2018-09-15	0.010827	0.010197	0.010827	0.010197	77900
CAS_USD	2018-09-14	0.010197	0.010790	0.011300	0.010110	65400
CAS_USD	2018-09-13	0.010790	0.010900	0.011603	0.009978	219300
CAS_USD	2018-09-12	0.010900	0.009100	0.012196	0.009100	202300
CAS_USD	2018-09-11	0.009100	0.010852	0.010852	0.009100	16400
CAS_USD	2018-09-10	0.010852	0.013500	0.013500	0.008400	23000
CAS_USD	2018-09-09	0.013500	0.008888	0.013500	0.008430	47000
CAS_USD	2018-09-08	0.008888	0.008902	0.010219	0.008888	12600
CAS_USD	2018-09-07	0.008902	0.010164	0.022222	0.008902	535300
CAS_USD	2018-09-06	0.010164	0.009700	0.010164	0.008000	149300
CAS_USD	2018-09-05	0.009700	0.010000	0.011280	0.009700	90300
CAS_USD	2018-09-04	0.010000	0.010950	0.011425	0.010000	88500
CAS_USD	2018-09-03	0.010950	0.012000	0.012000	0.010032	48100
CAS_USD	2018-09-02	0.012000	0.012249	0.012249	0.010211	108800
CAS_USD	2018-09-01	0.012249	0.012583	0.012583	0.010034	60500
CAS_USD	2018-08-31	0.012583	0.011647	0.012583	0.010030	79500
CAS_USD	2018-08-30	0.011647	0.013426	0.013426	0.010900	235900
CAS_USD	2018-08-29	0.013426	0.014421	0.014612	0.013336	150300
CAS_USD	2018-08-28	0.014421	0.013200	0.014700	0.012623	288700
CAS_USD	2018-08-27	0.013200	0.013746	0.014684	0.013200	4900
CAS_USD	2018-08-26	0.013746	0.015493	0.015493	0.013746	55300
CAS_USD	2018-08-25	0.015493	0.015299	0.017489	0.012560	53000
CAS_USD	2018-08-24	0.015299	0.014264	0.015299	0.013293	12700
CAS_USD	2018-08-23	0.014264	0.013011	0.014699	0.012500	52700
CAS_USD	2018-08-22	0.013011	0.014738	0.016500	0.012708	26300
CAS_USD	2018-08-21	0.014738	0.012800	0.016500	0.012500	18900
CAS_USD	2018-08-20	0.012800	0.013848	0.015794	0.012800	10900
CAS_USD	2018-08-19	0.013848	0.016918	0.016918	0.013848	4200
CAS_USD	2018-08-18	0.016918	0.015805	0.017500	0.014450	9000
CAS_USD	2018-08-17	0.015805	0.015817	0.018220	0.014450	6100
CAS_USD	2018-08-16	0.015817	0.015816	0.015817	0.012941	11300
CAS_USD	2018-08-15	0.015816	0.012838	0.015816	0.012838	6000
CAS_USD	2018-08-14	0.012838	0.014379	0.014379	0.012220	3000
CAS_USD	2018-08-13	0.014379	0.015756	0.018136	0.014379	31800
CAS_USD	2018-08-12	0.015756	0.017034	0.017034	0.015073	17100
CAS_USD	2018-08-11	0.017034	0.015100	0.017034	0.012220	34000
CAS_USD	2018-08-10	0.015100	0.015500	0.016812	0.015100	128700
CAS_USD	2018-08-09	0.015500	0.015718	0.016933	0.015500	9200
CAS_USD	2018-08-08	0.015718	0.018173	0.018173	0.015214	102000
CAS_USD	2018-08-07	0.018173	0.018791	0.020488	0.017077	32500
CAS_USD	2018-08-06	0.018791	0.020500	0.021600	0.018791	5200
CAS_USD	2018-08-05	0.020500	0.021600	0.021600	0.018500	10600
CAS_USD	2018-08-04	0.021600	0.019653	0.023815	0.019653	24700
CAS_USD	2018-08-03	0.019653	0.021439	0.021899	0.019653	16500
CAS_USD	2018-08-02	0.021439	0.021865	0.023802	0.020003	35900
CAS_USD	2018-08-01	0.021865	0.022293	0.022293	0.019996	50300
CAS_USD	2018-07-31	0.022293	0.019750	0.022394	0.019750	800
CAS_USD	2018-07-30	0.019750	0.022902	0.024500	0.019750	43000
CAS_USD	2018-07-29	0.022902	0.022983	0.023000	0.021054	13500
CAS_USD	2018-07-28	0.022983	0.021300	0.022983	0.021300	400
CAS_USD	2018-07-27	0.021300	0.019760	0.022766	0.019760	31600
CAS_USD	2018-07-26	0.019760	0.022200	0.023000	0.019760	58000
CAS_USD	2018-07-25	0.022200	0.025780	0.026861	0.021600	33800
CAS_USD	2018-07-24	0.025780	0.026804	0.027100	0.024033	63700
CAS_USD	2018-07-23	0.026804	0.028125	0.028125	0.026701	3900
CAS_USD	2018-07-22	0.028125	0.025668	0.028125	0.025339	50800
CAS_USD	2018-07-21	0.025668	0.025668	0.025668	0.025668	0
CAS_USD	2018-07-20	0.025668	0.029168	0.029168	0.025668	41900
CAS_USD	2018-07-19	0.029168	0.026164	0.029168	0.026164	7700
CAS_USD	2018-07-18	0.026164	0.030168	0.030168	0.026164	6000
CAS_USD	2018-07-17	0.030168	0.028322	0.031000	0.027130	17600
CAS_USD	2018-07-16	0.028322	0.024637	0.028322	0.024637	67000
CAS_USD	2018-07-15	0.024637	0.024997	0.025497	0.022588	17400
CAS_USD	2018-07-14	0.024997	0.023007	0.025000	0.023005	11700
CAS_USD	2018-07-13	0.023007	0.021000	0.024371	0.021000	42700
CAS_USD	2018-07-12	0.021000	0.024758	0.024812	0.021000	27300
CAS_USD	2018-07-11	0.024758	0.025700	0.026772	0.024700	65800
CAS_USD	2018-07-10	0.025700	0.028225	0.028598	0.025680	33400
CAS_USD	2018-07-09	0.028225	0.029300	0.033000	0.028192	45600
CAS_USD	2018-07-08	0.029300	0.031149	0.032498	0.027900	137900
CAS_USD	2018-07-07	0.031149	0.028448	0.031149	0.027900	63300
CAS_USD	2018-07-06	0.028448	0.034500	0.034500	0.028102	76100
CAS_USD	2018-07-05	0.034500	0.030935	0.034500	0.030167	40900
CAS_USD	2018-07-04	0.030935	0.028805	0.030935	0.027000	67900
CAS_USD	2018-07-03	0.028805	0.025885	0.030000	0.025255	114200
CAS_USD	2018-07-02	0.025885	0.024900	0.025885	0.024372	2800
CAS_USD	2018-07-01	0.024900	0.025511	0.025511	0.024000	29500
CAS_USD	2018-06-30	0.025511	0.021460	0.026501	0.021460	63400
CAS_USD	2018-06-29	0.021460	0.026228	0.026228	0.020858	31800
CAS_USD	2018-06-28	0.026228	0.024300	0.026500	0.022600	24100
CAS_USD	2018-06-27	0.024300	0.025632	0.026857	0.024300	71000
CAS_USD	2018-06-26	0.025632	0.026000	0.030559	0.025391	141700
CAS_USD	2018-06-25	0.026000	0.029447	0.031000	0.025391	112000
CAS_USD	2018-06-24	0.029447	0.029446	0.029447	0.026614	18400
CAS_USD	2018-06-23	0.029446	0.028687	0.034000	0.025391	101300
CAS_USD	2018-06-22	0.028687	0.033108	0.035331	0.028687	101900
CAS_USD	2018-06-21	0.033108	0.035997	0.041558	0.030918	123500
CAS_USD	2018-06-20	0.035997	0.036000	0.041558	0.034388	20700
CAS_USD	2018-06-19	0.036000	0.040806	0.040806	0.035272	47100
CAS_USD	2018-06-18	0.040806	0.041480	0.041480	0.034904	2200
CAS_USD	2018-06-17	0.041480	0.037246	0.041480	0.033716	9600
CAS_USD	2018-06-16	0.037246	0.037246	0.037246	0.037246	0
CAS_USD	2018-06-15	0.037246	0.037961	0.041094	0.037000	22600
CAS_USD	2018-06-14	0.037961	0.040202	0.040202	0.033600	68900
CAS_USD	2018-06-13	0.040202	0.037490	0.044000	0.036323	31700
CAS_USD	2018-06-12	0.037490	0.042997	0.046936	0.037401	49700
CAS_USD	2018-06-11	0.042997	0.038060	0.042997	0.037756	63500
CAS_USD	2018-06-10	0.038060	0.036050	0.049903	0.036050	148400
CAS_USD	2018-06-09	0.036050	0.049637	0.049637	0.036050	152500
CAS_USD	2018-06-08	0.049637	0.061862	0.064899	0.049614	133100
CAS_USD	2018-06-07	0.061862	0.064140	0.064140	0.055150	262200
CAS_USD	2018-06-06	0.064140	0.068000	0.069211	0.055002	187700
CAS_USD	2018-06-05	0.068000	0.055617	0.075999	0.053106	373800
CAS_USD	2018-06-04	0.055617	0.064590	0.068618	0.055617	219200
CAS_USD	2018-06-03	0.064590	0.060666	0.064590	0.051437	62300
CAS_USD	2018-06-02	0.060666	0.065887	0.075000	0.049614	196000
CAS_USD	2018-06-01	0.065887	0.075303	0.079000	0.063000	325500
CAS_USD	2018-05-31	0.075303	0.076898	0.080829	0.071998	445800
CAS_USD	2018-05-30	0.076899	0.067256	0.079999	0.061204	90300
CAS_USD	2018-05-29	0.067256	0.070797	0.077000	0.047085	904500
CAS_USD	2018-05-28	0.070797	0.062966	0.089000	0.059867	919700
CAS_USD	2018-05-27	0.062966	0.063729	0.073922	0.056336	824200
CAS_USD	2018-05-26	0.063729	0.039337	0.093983	0.037438	1179500
CAS_USD	2018-05-25	0.039337	0.020508	0.040601	0.020508	636700
CAS_USD	2018-05-24	0.020508	0.023555	0.023796	0.020508	56600
CAS_USD	2018-05-23	0.023555	0.024000	0.029005	0.022000	201400
CAS_USD	2018-05-22	0.024000	0.027493	0.028100	0.024000	165200
CAS_USD	2018-05-21	0.027493	0.029300	0.030432	0.027493	52400
CAS_USD	2018-05-20	0.029300	0.030652	0.031647	0.028300	75500
CAS_USD	2018-05-19	0.030652	0.030979	0.034100	0.028885	90800
CAS_USD	2018-05-18	0.030979	0.034240	0.034240	0.028442	63300
CAS_USD	2018-05-17	0.034240	0.031805	0.034240	0.029600	79500
CAS_USD	2018-05-16	0.031805	0.033634	0.033634	0.031111	5500
CAS_USD	2018-05-15	0.033634	0.034204	0.036453	0.030645	30800
CAS_USD	2018-05-14	0.034204	0.032881	0.036609	0.029564	107300
CAS_USD	2018-05-13	0.032881	0.029397	0.032881	0.029349	53600
CAS_USD	2018-05-12	0.029397	0.032892	0.032892	0.027778	49300
CAS_USD	2018-05-11	0.032892	0.036999	0.036999	0.028100	119000
CAS_USD	2018-05-10	0.036999	0.034542	0.037000	0.030966	42700
CAS_USD	2018-05-09	0.034542	0.030400	0.037786	0.029754	167800
CAS_USD	2018-05-08	0.030400	0.035735	0.037700	0.030400	314500
CAS_USD	2018-05-07	0.035735	0.034689	0.035735	0.030120	117200
CAS_USD	2018-05-06	0.034689	0.034000	0.035000	0.029111	74800
CAS_USD	2018-05-05	0.034000	0.034225	0.036160	0.027600	149600
CAS_USD	2018-05-04	0.034225	0.038000	0.038000	0.030000	27500
CAS_USD	2018-05-03	0.038000	0.033579	0.038000	0.031688	43100
CAS_USD	2018-05-02	0.033579	0.034356	0.037362	0.027107	144300
CAS_USD	2018-05-01	0.034356	0.036694	0.037497	0.034356	26700
CAS_USD	2018-04-30	0.036694	0.035300	0.039700	0.033501	65600
CAS_USD	2018-04-29	0.035300	0.035357	0.039769	0.035300	28600
CAS_USD	2018-04-28	0.035357	0.038719	0.038767	0.035301	21000
CAS_USD	2018-04-27	0.038719	0.035077	0.044813	0.035077	70200
CAS_USD	2018-04-26	0.035077	0.037000	0.049170	0.035077	130700
CAS_USD	2018-04-25	0.037000	0.038430	0.041000	0.036000	277900
CAS_USD	2018-04-24	0.038430	0.039200	0.040000	0.035080	84600
CAS_USD	2018-04-23	0.039200	0.037660	0.039200	0.035070	28600
CAS_USD	2018-04-22	0.037660	0.038600	0.040970	0.036870	85400
CAS_USD	2018-04-21	0.038600	0.037870	0.040980	0.030000	168500
CAS_USD	2018-04-20	0.037870	0.034940	0.040970	0.032860	90900
CAS_USD	2018-04-19	0.034940	0.037400	0.037400	0.033790	9600
CAS_USD	2018-04-18	0.037400	0.035810	0.040980	0.034000	40900
CAS_USD	2018-04-17	0.035810	0.040840	0.041530	0.035810	18600
CAS_USD	2018-04-16	0.040840	0.038680	0.040840	0.033880	41300
CAS_USD	2018-04-15	0.038680	0.043960	0.043960	0.037140	17800
CAS_USD	2018-04-14	0.043960	0.038250	0.044200	0.033000	62500
CAS_USD	2018-04-13	0.038250	0.041840	0.041840	0.020000	211400
CAS_USD	2018-04-12	0.041840	0.039530	0.041840	0.037510	51800
CAS_USD	2018-04-11	0.039530	0.042330	0.042330	0.039350	104600
CAS_USD	2018-04-10	0.042330	0.041240	0.042330	0.036880	73200
CAS_USD	2018-04-09	0.041240	0.044720	0.044720	0.041240	2300
CAS_USD	2018-04-08	0.044720	0.045240	0.049150	0.043000	54900
CAS_USD	2018-04-07	0.045240	0.042000	0.048090	0.042000	46500
CAS_USD	2018-04-06	0.042000	0.042000	0.042000	0.042000	0
CAS_USD	2018-04-05	0.042000	0.041070	0.044000	0.041050	6400
CAS_USD	2018-04-04	0.041070	0.044040	0.044040	0.041070	9200
CAS_USD	2018-04-03	0.044040	0.046040	0.047350	0.043030	9800
CAS_USD	2018-04-02	0.046040	0.043200	0.048890	0.041840	71700
CAS_USD	2018-04-01	0.043200	0.037500	0.044900	0.034500	36800
CAS_USD	2018-03-31	0.037500	0.031880	0.037500	0.027560	70500
CAS_USD	2018-03-30	0.031880	0.030000	0.031970	0.027020	273100
CAS_USD	2018-03-29	0.030000	0.031350	0.031440	0.030000	100300
CAS_USD	2018-03-28	0.031350	0.033610	0.033960	0.029900	223600
CAS_USD	2018-03-27	0.033610	0.031500	0.049500	0.029740	203400
CAS_USD	2018-03-26	0.031500	0.033100	0.035900	0.029500	106600
CAS_USD	2018-03-25	0.033100	0.033000	0.034160	0.030000	25200
CAS_USD	2018-03-24	0.033000	0.030720	0.036890	0.030300	71600
CAS_USD	2018-03-23	0.030720	0.032860	0.033500	0.029900	34800
CAS_USD	2018-03-22	0.032860	0.034000	0.034000	0.031600	9200
CAS_USD	2018-03-21	0.034000	0.034240	0.040230	0.032070	33000
CAS_USD	2018-03-20	0.034240	0.031500	0.040210	0.031000	40400
CAS_USD	2018-03-19	0.031500	0.033030	0.039680	0.030000	23000
CAS_USD	2018-03-18	0.033030	0.035340	0.035340	0.030500	46800
CAS_USD	2018-03-17	0.035340	0.040000	0.040000	0.033620	24500
CAS_USD	2018-03-16	0.040000	0.034950	0.040000	0.033500	114000
CAS_USD	2018-03-15	0.034950	0.034900	0.040000	0.033000	97900
CAS_USD	2018-03-14	0.034900	0.042000	0.046000	0.034900	114500
CAS_USD	2018-03-13	0.042000	0.037950	0.049900	0.037950	98900
CAS_USD	2018-03-12	0.037950	0.043320	0.045000	0.037950	9800
CAS_USD	2018-03-11	0.043320	0.049160	0.052000	0.039930	54000
CAS_USD	2018-03-10	0.049160	0.046450	0.057490	0.044000	37800
CAS_USD	2018-03-09	0.046450	0.050000	0.052620	0.040000	90900
