CBX_USD	2019-04-09	0.39375	0.39846	0.39846	0.38737	0
CBX_USD	2019-04-08	0.39846	0.39268	0.40133	0.38562	0
CBX_USD	2019-04-07	0.39268	0.38020	0.39679	0.37985	0
CBX_USD	2019-04-06	0.38020	0.38040	0.39489	0.37183	0
CBX_USD	2019-04-05	0.38040	0.36429	0.38223	0.36421	0
CBX_USD	2019-04-04	0.36429	0.37017	0.37684	0.35690	0
CBX_USD	2019-04-03	0.37017	0.32435	0.39509	0.32382	0
CBX_USD	2019-04-02	0.32435	0.27595	0.33811	0.27553	0
CBX_USD	2019-04-01	0.27595	0.27902	0.28065	0.27330	0
CBX_USD	2019-03-31	0.27902	0.28526	0.28631	0.27902	0
CBX_USD	2019-03-30	0.28526	0.29088	0.29291	0.28432	0
CBX_USD	2019-03-29	0.29088	0.30025	0.30143	0.28837	0
CBX_USD	2019-03-28	0.30025	0.30642	0.30642	0.29979	0
CBX_USD	2019-03-27	0.30642	0.33410	0.34227	0.30210	0
CBX_USD	2019-03-26	0.33410	0.33806	0.34000	0.33318	0
CBX_USD	2019-03-25	0.33806	0.38004	0.38016	0.24665	0
CBX_USD	2019-03-24	0.38004	0.40057	0.40057	0.37830	0
CBX_USD	2019-03-23	0.40057	0.39822	0.40127	0.39741	0
CBX_USD	2019-03-22	0.39822	0.40501	0.40638	0.39700	0
CBX_USD	2019-03-21	0.40501	0.41474	0.41663	0.40234	0
CBX_USD	2019-03-20	0.41474	0.41278	0.41564	0.40928	0
CBX_USD	2019-03-19	0.41278	0.40937	0.41381	0.40764	0
CBX_USD	2019-03-18	0.40937	0.41159	0.41670	0.40578	0
CBX_USD	2019-03-17	0.41159	0.40415	0.41238	0.39998	0
CBX_USD	2019-03-16	0.40415	0.39715	0.41205	0.39713	0
CBX_USD	2019-03-15	0.39715	0.39234	0.39809	0.39175	0
CBX_USD	2019-03-14	0.39234	0.39387	0.39764	0.38646	0
CBX_USD	2019-03-13	0.39387	0.39689	0.39816	0.39288	0
CBX_USD	2019-03-12	0.39689	0.39899	0.40051	0.39299	0
CBX_USD	2019-03-11	0.39899	0.40607	0.40677	0.39703	0
CBX_USD	2019-03-10	0.40607	0.40700	0.40767	0.40349	0
CBX_USD	2019-03-09	0.40700	0.39494	0.41068	0.39428	0
CBX_USD	2019-03-08	0.39494	0.39966	0.40363	0.38867	0
CBX_USD	2019-03-07	0.39966	0.40070	0.40483	0.39805	0
CBX_USD	2019-03-06	0.40070	0.40292	0.40461	0.39853	0
CBX_USD	2019-03-05	0.40292	0.33306	0.40539	0.33306	0
CBX_USD	2019-03-04	0.33306	0.34281	0.34464	0.33142	0
CBX_USD	2019-03-03	0.34281	0.34764	0.34852	0.34069	0
CBX_USD	2019-03-02	0.34764	0.35029	0.35073	0.34409	0
CBX_USD	2019-03-01	0.35029	0.34880	0.35299	0.34858	0
CBX_USD	2019-02-28	0.34880	0.35402	0.35829	0.34800	0
CBX_USD	2019-02-27	0.35402	0.35927	0.36025	0.34303	0
CBX_USD	2019-02-26	0.35927	0.36719	0.36743	0.35905	0
CBX_USD	2019-02-25	0.36719	0.36420	0.37219	0.36378	0
CBX_USD	2019-02-24	0.36420	0.40623	0.41205	0.36384	0
CBX_USD	2019-02-23	0.40623	0.39795	0.41113	0.38915	0
CBX_USD	2019-02-22	0.39795	0.39845	0.40132	0.39471	0
CBX_USD	2019-02-21	0.39845	0.40929	0.41400	0.39698	0
CBX_USD	2019-02-20	0.40929	0.40801	0.41262	0.40536	0
CBX_USD	2019-02-19	0.40801	0.41722	0.42793	0.40582	0
CBX_USD	2019-02-18	0.41722	0.41060	0.42397	0.39694	0
CBX_USD	2019-02-17	0.41060	0.40060	0.41193	0.40027	0
CBX_USD	2019-02-16	0.40060	0.42821	0.43241	0.40008	0
CBX_USD	2019-02-15	0.42821	0.42744	0.43430	0.42595	0
CBX_USD	2019-02-14	0.42744	0.43251	0.43405	0.42572	0
CBX_USD	2019-02-13	0.43251	0.43279	0.43900	0.43008	0
CBX_USD	2019-02-12	0.43279	0.43020	0.43521	0.42603	0
CBX_USD	2019-02-11	0.43020	0.43793	0.43823	0.42967	0
CBX_USD	2019-02-10	0.43793	0.43458	0.43803	0.42867	0
CBX_USD	2019-02-09	0.43458	0.43525	0.43693	0.43172	0
CBX_USD	2019-02-08	0.43525	0.40171	0.44336	0.40061	0
CBX_USD	2019-02-07	0.40171	0.40063	0.40306	0.39968	0
CBX_USD	2019-02-06	0.40063	0.40727	0.40832	0.39846	0
CBX_USD	2019-02-05	0.40727	0.40055	0.40749	0.39932	0
CBX_USD	2019-02-04	0.40055	0.39687	0.40178	0.39650	0
CBX_USD	2019-02-03	0.39687	0.39707	0.39792	0.36890	0
CBX_USD	2019-02-02	0.39707	0.35390	0.39850	0.34998	0
CBX_USD	2019-02-01	0.35390	0.35042	0.35558	0.34675	0
CBX_USD	2019-01-31	0.35042	0.35311	0.35687	0.34835	0
CBX_USD	2019-01-30	0.35311	0.34795	0.35478	0.34537	0
CBX_USD	2019-01-29	0.34795	0.35027	0.35142	0.34246	0
CBX_USD	2019-01-28	0.35027	0.35988	0.35995	0.34580	0
CBX_USD	2019-01-27	0.35988	0.36345	0.36442	0.35452	0
CBX_USD	2019-01-26	0.36345	0.36302	0.37337	0.36265	0
CBX_USD	2019-01-25	0.36302	0.36536	0.36648	0.35968	0
CBX_USD	2019-01-24	0.36536	0.36209	0.36692	0.35913	0
CBX_USD	2019-01-23	0.36209	0.36400	0.36729	0.35932	0
CBX_USD	2019-01-22	0.36400	0.35820	0.36774	0.35030	0
CBX_USD	2019-01-21	0.35820	0.35871	0.36069	0.35539	0
CBX_USD	2019-01-20	0.35871	0.37664	0.37976	0.35490	0
CBX_USD	2019-01-19	0.37664	0.36772	0.38507	0.36754	0
CBX_USD	2019-01-18	0.36772	0.37219	0.37253	0.36553	0
CBX_USD	2019-01-17	0.37219	0.36733	0.37239	0.36213	0
CBX_USD	2019-01-16	0.36733	0.36590	0.37366	0.35818	0
CBX_USD	2019-01-15	0.36590	0.37511	0.37763	0.36359	0
CBX_USD	2019-01-14	0.37511	0.35931	0.37990	0.35813	0
CBX_USD	2019-01-13	0.35931	0.37032	0.37202	0.35732	0
CBX_USD	2019-01-12	0.37032	0.37150	0.37345	0.36706	0
CBX_USD	2019-01-11	0.37150	0.37121	0.37685	0.36668	0
CBX_USD	2019-01-10	0.37121	0.40825	0.41356	0.36864	0
CBX_USD	2019-01-09	0.40825	0.40987	0.41601	0.40353	0
CBX_USD	2019-01-08	0.40987	0.41133	0.42073	0.40582	0
CBX_USD	2019-01-07	0.41133	0.42548	0.42806	0.40785	0
CBX_USD	2019-01-06	0.42548	0.39897	0.79796	0.39660	0
CBX_USD	2019-01-05	0.39897	0.40072	0.40915	0.39823	0
CBX_USD	2019-01-04	0.40072	0.46534	0.46895	0.38688	0
CBX_USD	2019-01-03	0.46534	0.48074	0.48133	0.46330	0
CBX_USD	2019-01-02	0.48074	0.46986	0.48338	0.46534	0
CBX_USD	2019-01-01	0.46986	0.45483	0.47258	0.44981	0
CBX_USD	2018-12-31	0.45483	0.47176	0.47299	0.44905	0
CBX_USD	2018-12-30	0.47176	0.46106	0.47372	0.45667	0
CBX_USD	2018-12-29	0.46106	0.47979	0.48544	0.45933	0
CBX_USD	2018-12-28	0.47949	0.44117	0.48515	0.43909	0
CBX_USD	2018-12-27	0.44117	0.46683	0.47065	0.43810	0
CBX_USD	2018-12-26	0.46683	0.46390	0.47395	0.45285	0
CBX_USD	2018-12-25	0.46390	0.49245	0.49325	0.45383	0
CBX_USD	2018-12-24	0.49245	0.48373	0.52092	0.48373	0
CBX_USD	2018-12-23	0.48373	0.49026	0.50031	0.47977	0
CBX_USD	2018-12-22	0.49026	0.44820	0.51132	0.44176	0
CBX_USD	2018-12-21	0.44820	0.47835	0.48647	0.44101	0
CBX_USD	2018-12-20	0.47835	0.43490	0.48838	0.43170	0
CBX_USD	2018-12-19	0.43490	0.43382	0.46214	0.43175	0
CBX_USD	2018-12-18	0.43382	0.41838	0.43595	0.40889	0
CBX_USD	2018-12-17	0.41838	0.39903	0.42795	0.38100	0
CBX_USD	2018-12-16	0.39903	0.39964	0.40960	0.39805	0
CBX_USD	2018-12-15	0.39964	0.40103	0.40535	0.39202	0
CBX_USD	2018-12-14	0.40103	0.41156	0.41582	0.39448	0
CBX_USD	2018-12-13	0.41156	0.43018	0.43204	0.40915	0
CBX_USD	2018-12-12	0.43018	0.40912	0.43398	0.40837	0
CBX_USD	2018-12-11	0.41277	0.42360	0.42600	0.40660	0
CBX_USD	2018-12-10	0.42360	0.44052	0.44691	0.41801	0
CBX_USD	2018-12-09	0.44052	0.42604	0.45709	0.42054	0
CBX_USD	2018-12-08	0.42604	0.39631	0.44447	0.37805	0
CBX_USD	2018-12-07	0.39631	0.40721	0.41302	0.37684	0
CBX_USD	2018-12-06	0.40721	0.43400	0.45056	0.40442	0
CBX_USD	2018-12-05	0.43400	0.45828	0.46076	0.43303	0
CBX_USD	2018-12-04	0.45828	0.44601	0.47079	0.43480	0
CBX_USD	2018-12-03	0.44601	0.44554	0.46806	0.42920	0
CBX_USD	2018-12-02	0.44554	0.45796	0.46986	0.44186	0
CBX_USD	2018-12-01	0.45796	0.48118	0.48442	0.43043	0
CBX_USD	2018-11-30	0.48118	0.51629	0.52123	0.47274	0
CBX_USD	2018-11-29	0.51629	0.51734	0.53641	0.50201	0
CBX_USD	2018-11-28	0.51734	0.46528	0.53746	0.46528	0
CBX_USD	2018-11-27	0.46528	0.45992	0.47222	0.44463	0
CBX_USD	2018-11-26	0.45992	0.55824	0.57061	0.44189	0
CBX_USD	2018-11-25	0.55824	0.53342	0.57122	0.49771	0
CBX_USD	2018-11-24	0.53342	0.59935	0.61192	0.52004	0
CBX_USD	2018-11-23	0.59935	0.59506	0.60725	0.57601	0
CBX_USD	2018-11-22	0.59506	0.63271	0.63891	0.59506	0
CBX_USD	2018-11-21	0.63271	0.62142	0.64639	0.59995	0
CBX_USD	2018-11-20	0.62142	0.66877	0.68326	0.58479	0
CBX_USD	2018-11-19	0.66877	0.76652	0.76652	0.66241	0
CBX_USD	2018-11-18	0.76652	0.76207	0.77341	0.76130	0
CBX_USD	2018-11-17	0.76207	0.76659	0.76660	0.75483	0
CBX_USD	2018-11-16	0.76659	0.77885	0.77956	0.75231	0
CBX_USD	2018-11-15	0.77885	0.79615	0.80215	0.73689	0
CBX_USD	2018-11-14	0.79615	0.87458	0.87736	0.77180	0
CBX_USD	2018-11-13	0.87458	0.87224	0.87907	0.86635	0
CBX_USD	2018-11-12	0.87224	0.87444	0.87713	0.86844	0
CBX_USD	2018-11-11	0.87444	0.96508	0.96701	0.86146	0
CBX_USD	2018-11-10	0.96508	0.96376	0.97013	0.96291	0
CBX_USD	2018-11-09	0.96376	0.97265	0.97616	0.95977	0
CBX_USD	2018-11-08	0.97265	0.98642	0.98827	0.97209	0
CBX_USD	2018-11-07	0.98642	0.97758	0.99388	0.97712	0
CBX_USD	2018-11-06	0.97758	0.97068	0.97758	0.96739	0
CBX_USD	2018-11-05	0.97068	0.97284	0.97435	0.96601	0
CBX_USD	2018-11-04	0.97284	0.95910	0.97713	0.95494	0
CBX_USD	2018-11-03	0.95910	0.96475	0.96558	0.95069	0
CBX_USD	2018-11-02	0.96475	0.96051	0.96889	0.95947	0
CBX_USD	2018-11-01	0.96051	0.95567	0.96403	0.95351	0
CBX_USD	2018-10-31	0.95567	0.94976	0.96011	0.93800	0
CBX_USD	2018-10-30	0.94976	0.95172	0.95726	0.94723	0
CBX_USD	2018-10-29	0.95172	0.97381	0.97544	0.94825	0
CBX_USD	2018-10-28	0.97381	0.97515	0.97677	0.96873	0
CBX_USD	2018-10-27	0.97515	0.97982	0.98318	0.97238	0
CBX_USD	2018-10-26	0.97982	0.97924	0.98811	0.97722	0
CBX_USD	2018-10-25	0.97924	0.98298	0.98453	0.97613	0
CBX_USD	2018-10-24	0.98298	0.98231	0.99321	0.98134	0
CBX_USD	2018-10-23	0.98231	0.98046	0.99491	0.98046	0
CBX_USD	2018-10-22	0.98046	0.98264	0.98868	0.97694	0
CBX_USD	2018-10-21	0.98264	0.98220	0.99263	0.98192	0
CBX_USD	2018-10-20	0.98220	0.97323	0.98555	0.97094	0
CBX_USD	2018-10-19	0.97323	0.98600	0.98852	0.97216	0
CBX_USD	2018-10-18	0.98600	1.00401	1.01044	0.97915	0
CBX_USD	2018-10-17	1.00401	1.00731	1.01246	0.99594	0
CBX_USD	2018-10-16	1.00731	1.00455	1.02725	0.99561	0
CBX_USD	2018-10-15	1.00455	0.94308	1.11950	0.93813	0
CBX_USD	2018-10-14	0.94308	0.94195	0.95282	0.94077	0
CBX_USD	2018-10-13	0.94195	0.93739	0.94263	0.93615	0
CBX_USD	2018-10-12	0.93739	0.93105	0.94502	0.92630	0
CBX_USD	2018-10-11	0.93105	0.98678	0.98678	0.92728	0
CBX_USD	2018-10-10	0.98678	0.99166	0.99166	0.97181	0
CBX_USD	2018-10-09	0.99166	0.99311	0.99419	0.98352	0
CBX_USD	2018-10-08	0.99311	0.98242	0.99989	0.98019	0
CBX_USD	2018-10-07	0.98242	0.98113	0.98730	0.97271	0
CBX_USD	2018-10-06	0.98113	0.98907	0.98958	0.97703	0
CBX_USD	2018-10-05	0.98907	0.97944	0.99213	0.97468	0
CBX_USD	2018-10-04	0.97944	0.96795	0.98728	0.96740	0
CBX_USD	2018-10-03	0.96795	0.97315	0.97528	0.95718	0
CBX_USD	2018-10-02	0.97315	0.98254	0.98733	0.96955	0
CBX_USD	2018-10-01	0.98254	0.98536	0.99141	0.97072	0
CBX_USD	2018-09-30	0.98536	0.98330	0.99101	0.97245	0
CBX_USD	2018-09-29	0.98330	0.98796	0.98796	0.96273	0
CBX_USD	2018-09-28	0.98796	0.99598	1.01618	0.97457	0
CBX_USD	2018-09-27	0.99598	0.96231	1.00169	0.95914	0
CBX_USD	2018-09-26	0.96231	0.95830	0.97558	0.95098	0
CBX_USD	2018-09-25	0.95830	0.98015	0.98015	0.94553	0
CBX_USD	2018-09-24	0.98015	0.99542	0.99679	0.97506	0
CBX_USD	2018-09-23	0.99542	0.99998	1.00760	0.98959	0
CBX_USD	2018-09-22	0.99998	1.01087	1.02105	0.99040	0
CBX_USD	2018-09-21	1.01087	0.97256	1.01300	0.97168	0
CBX_USD	2018-09-20	0.97256	0.95669	0.97636	0.95133	0
CBX_USD	2018-09-19	0.95669	0.94726	0.96763	0.91464	0
CBX_USD	2018-09-18	0.94726	0.94953	0.95464	0.93350	0
CBX_USD	2018-09-17	0.94953	0.98377	0.98881	0.94179	0
CBX_USD	2018-09-16	0.98377	0.98192	0.98584	0.96268	0
CBX_USD	2018-09-15	0.98192	0.79213	0.98753	0.79047	0
CBX_USD	2018-09-14	0.79213	0.79057	0.80412	0.77814	0
CBX_USD	2018-09-13	0.79057	0.94999	0.97322	0.78483	0
CBX_USD	2018-09-12	0.94999	0.93050	0.95141	0.92121	0
CBX_USD	2018-09-11	0.93050	0.92741	0.93887	0.91303	0
CBX_USD	2018-09-10	0.92741	0.77294	0.92821	0.77294	0
CBX_USD	2018-09-09	0.77294	0.76623	0.79495	0.76264	0
CBX_USD	2018-09-08	0.76623	0.79833	0.80715	0.76383	0
CBX_USD	2018-09-07	0.79833	0.81203	0.81443	0.78852	0
CBX_USD	2018-09-06	0.81203	0.83568	0.83773	0.78675	0
CBX_USD	2018-09-05	0.83568	0.91715	0.92172	0.83519	0
CBX_USD	2018-09-04	0.91715	0.90584	0.96495	0.90296	0
CBX_USD	2018-09-03	0.90584	0.90798	0.91412	0.89667	0
CBX_USD	2018-09-02	0.90798	0.89648	0.91511	0.88898	0
CBX_USD	2018-09-01	0.89648	0.87534	0.90431	0.87457	0
CBX_USD	2018-08-31	0.87534	0.87063	0.88245	0.85826	0
CBX_USD	2018-08-30	0.87063	0.87711	0.87879	0.84722	0
CBX_USD	2018-08-29	0.87711	0.88105	0.88719	0.86238	0
CBX_USD	2018-08-28	0.88105	0.85922	0.88710	0.85536	0
CBX_USD	2018-08-27	0.85922	0.83483	0.86022	0.82884	0
CBX_USD	2018-08-26	0.83483	0.83859	0.84379	0.81898	0
CBX_USD	2018-08-25	0.83859	0.95396	0.96840	0.77054	0
CBX_USD	2018-08-24	0.95396	0.92591	0.95825	0.91862	0
CBX_USD	2018-08-23	0.92591	0.90090	0.93067	0.90030	0
CBX_USD	2018-08-22	0.90090	0.91530	0.97011	0.88567	0
CBX_USD	2018-08-21	0.91530	0.88187	0.91746	0.88116	0
CBX_USD	2018-08-20	0.88187	0.91227	0.91850	0.87882	0
CBX_USD	2018-08-19	0.91227	0.92442	0.93484	0.89386	0
CBX_USD	2018-08-18	0.92442	0.95297	0.95609	0.91192	0
CBX_USD	2018-08-17	0.95297	0.91282	0.95297	0.91012	0
CBX_USD	2018-08-16	0.91282	0.90676	0.93591	0.90041	0
CBX_USD	2018-08-15	0.90676	0.89440	0.95631	0.89385	0
CBX_USD	2018-08-14	0.89440	0.90159	0.90159	0.84891	0
CBX_USD	2018-08-13	0.90159	0.91035	0.94255	0.88825	0
CBX_USD	2018-08-12	0.91035	0.89716	0.92989	0.89009	0
CBX_USD	2018-08-11	0.89716	0.88560	0.93088	0.86641	0
CBX_USD	2018-08-10	0.88560	0.94209	0.94850	0.86740	0
CBX_USD	2018-08-09	0.94209	0.90594	0.95577	0.88618	0
CBX_USD	2018-08-08	0.90594	0.96936	0.96936	0.88500	0
CBX_USD	2018-08-07	0.96936	1.00103	1.03170	0.96413	0
CBX_USD	2018-08-06	1.00103	1.01469	1.03100	0.98850	0
CBX_USD	2018-08-05	1.01469	1.01071	1.02215	0.99409	0
CBX_USD	2018-08-04	1.01071	1.06082	1.08415	1.00538	0
CBX_USD	2018-08-03	1.06082	1.09627	1.13793	1.03368	0
CBX_USD	2018-08-02	1.09627	1.10710	1.12024	1.08552	0
CBX_USD	2018-08-01	1.10710	1.12679	1.12822	1.08311	0
CBX_USD	2018-07-31	1.12679	1.18794	1.18866	1.11351	0
CBX_USD	2018-07-30	1.18794	1.19621	1.20410	1.14386	0
CBX_USD	2018-07-29	1.19621	1.19967	1.20405	1.18182	0
CBX_USD	2018-07-28	1.19967	1.27805	1.27805	1.19963	0
CBX_USD	2018-07-27	1.27809	1.27809	1.27809	1.27809	0
CBX_USD	2018-07-26	1.27809	1.26755	1.28722	1.26715	0
CBX_USD	2018-07-25	1.26755	1.30401	1.31528	1.25163	0
CBX_USD	2018-07-24	1.30401	1.19560	1.31325	1.19236	0
CBX_USD	2018-07-23	1.19560	1.14722	1.20599	1.14298	0
CBX_USD	2018-07-22	1.14722	1.14752	1.17240	1.13876	0
CBX_USD	2018-07-21	1.14752	1.13651	1.15420	1.11926	0
CBX_USD	2018-07-20	1.13651	1.15840	1.19055	1.12839	0
CBX_USD	2018-07-19	1.15840	1.28967	1.29920	1.14064	0
CBX_USD	2018-07-18	1.28967	1.28165	1.32708	1.26934	0
CBX_USD	2018-07-17	1.28165	1.17947	1.30669	1.16740	0
CBX_USD	2018-07-16	1.17947	1.05304	1.18152	1.05304	0
CBX_USD	2018-07-15	1.05304	0.94741	1.05698	0.94549	0
CBX_USD	2018-07-14	0.94741	0.92769	0.95381	0.92509	0
CBX_USD	2018-07-13	0.92769	1.01789	1.02462	0.89998	0
CBX_USD	2018-07-12	1.01789	1.04200	1.04200	0.99337	0
CBX_USD	2018-07-11	1.04200	1.02950	1.04482	1.02773	0
CBX_USD	2018-07-10	1.02950	1.08832	1.09159	1.02610	0
CBX_USD	2018-07-09	1.08832	1.09628	1.11049	1.08443	0
CBX_USD	2018-07-08	1.09628	1.10477	1.10951	1.09198	0
CBX_USD	2018-07-07	1.10477	1.08272	1.11529	1.06397	0
CBX_USD	2018-07-06	1.08272	1.07273	1.08746	1.05840	0
CBX_USD	2018-07-05	1.07273	1.08075	1.09837	1.05950	0
CBX_USD	2018-07-04	1.08075	1.06612	1.10115	1.05267	0
CBX_USD	2018-07-03	1.06612	1.08560	1.09409	0.01428	0
CBX_USD	2018-07-02	1.08560	1.65031	1.68163	0.00001	0
CBX_USD	2018-07-01	1.65050	1.76302	1.77413	1.59853	0
CBX_USD	2018-06-30	1.76305	1.71477	1.80129	1.71471	0
CBX_USD	2018-06-29	1.71624	1.73214	1.75420	1.62257	0
CBX_USD	2018-06-28	1.73498	1.70805	1.86540	1.69159	0
CBX_USD	2018-06-27	1.70809	1.67326	1.72244	1.64711	0
CBX_USD	2018-06-26	1.67855	1.78606	1.78883	1.67127	0
CBX_USD	2018-06-25	1.78583	1.55563	1.79867	1.54639	0
CBX_USD	2018-06-24	1.55613	1.89492	1.90105	1.54869	0
CBX_USD	2018-06-23	1.89246	1.85787	1.92230	1.84963	0
CBX_USD	2018-06-22	1.85790	1.95830	1.96200	1.57349	0
CBX_USD	2018-06-21	1.95818	2.00224	2.01912	1.69101	0
CBX_USD	2018-06-20	2.00235	2.06525	2.08805	1.95541	0
CBX_USD	2018-06-19	2.06758	2.09669	2.10059	2.04672	0
CBX_USD	2018-06-18	2.09597	2.08655	2.16368	2.04399	0
CBX_USD	2018-06-17	2.08487	1.84284	2.16395	1.84284	0
CBX_USD	2018-06-16	1.84250	1.76854	1.89294	1.74880	0
CBX_USD	2018-06-15	1.76770	1.79855	1.90232	1.76399	0
CBX_USD	2018-06-14	1.79511	1.38828	2.23968	1.38263	0
CBX_USD	2018-06-13	1.38747	1.56076	1.57542	1.36851	0
CBX_USD	2018-06-12	1.56038	1.61752	1.61752	1.51638	0
CBX_USD	2018-06-11	1.61830	1.58381	1.62378	1.54123	0
CBX_USD	2018-06-10	1.58199	1.67585	1.71035	1.55276	0
CBX_USD	2018-06-09	1.67539	1.81776	1.83394	1.66981	0
CBX_USD	2018-06-08	1.81774	1.83432	1.83690	1.79286	0
CBX_USD	2018-06-07	1.83508	1.90522	1.92964	1.82606	0
CBX_USD	2018-06-06	1.90508	1.77835	1.93536	1.64454	0
CBX_USD	2018-06-05	1.77684	1.67710	1.78207	1.61389	0
CBX_USD	2018-06-04	1.67829	1.80954	1.89952	1.63478	0
CBX_USD	2018-06-03	1.81054	1.86326	1.99472	1.79360	0
CBX_USD	2018-06-02	1.86380	2.03385	2.06256	1.86380	0
CBX_USD	2018-06-01	2.03223	2.13317	2.14083	1.88915	0
CBX_USD	2018-05-31	2.13344	2.17152	2.17152	1.97532	0
CBX_USD	2018-05-30	2.17246	2.26858	2.29660	2.02946	0
CBX_USD	2018-05-29	2.26590	2.14233	2.28544	2.12620	0
CBX_USD	2018-05-28	2.14100	2.34109	2.36895	2.13772	0
CBX_USD	2018-05-27	2.34010	2.46646	2.46646	2.32004	0
CBX_USD	2018-05-26	2.46591	2.41639	2.57630	2.33890	0
CBX_USD	2018-05-25	2.41682	2.50570	2.51822	2.37510	0
CBX_USD	2018-05-24	2.50464	2.33485	2.58235	2.33485	0
CBX_USD	2018-05-23	2.33663	2.44946	2.46420	2.32323	0
CBX_USD	2018-05-22	2.45044	2.87003	2.87328	2.43555	0
CBX_USD	2018-05-21	2.87003	2.80440	2.89251	2.78156	0
CBX_USD	2018-05-20	2.80440	2.72499	2.83842	2.70237	0
CBX_USD	2018-05-19	2.72499	2.69101	2.77516	2.67095	0
CBX_USD	2018-05-18	2.69101	2.65745	2.72970	2.61529	0
CBX_USD	2018-05-17	2.66091	2.74561	2.78362	2.63762	0
CBX_USD	2018-05-16	2.74324	2.78449	2.79171	2.66514	0
CBX_USD	2018-05-15	2.78453	2.84573	2.90760	2.77141	0
CBX_USD	2018-05-14	2.84596	2.88298	2.91589	2.73276	0
CBX_USD	2018-05-13	2.88298	2.87425	3.15885	2.78732	0
CBX_USD	2018-05-12	2.86776	3.22409	3.27762	2.80385	0
CBX_USD	2018-05-11	3.22409	3.52119	3.52119	3.20607	0
CBX_USD	2018-05-10	3.52119	3.88576	3.90819	3.51512	0
CBX_USD	2018-05-09	3.88576	3.46450	4.48516	3.44511	0
CBX_USD	2018-05-08	3.46450	3.54048	3.55263	0.00038	0
CBX_USD	2018-05-07	3.35018	3.56728	3.56994	3.14564	0
CBX_USD	2018-05-06	3.56728	3.67397	3.71084	3.51357	0
CBX_USD	2018-05-05	3.66977	3.66066	4.08021	3.62758	0
CBX_USD	2018-05-04	3.66066	3.58145	3.70923	3.50947	0
CBX_USD	2018-05-03	3.58145	3.30624	3.60185	3.12079	0
CBX_USD	2018-05-02	3.30624	3.38477	3.39740	3.11248	0
CBX_USD	2018-05-01	3.38477	3.49169	3.49266	3.32376	0
CBX_USD	2018-04-30	3.49169	3.46429	3.53478	3.23332	0
CBX_USD	2018-04-29	3.46429	3.26226	3.52569	3.24867	0
CBX_USD	2018-04-28	3.26226	2.58304	3.38774	2.56654	0
CBX_USD	2018-04-27	2.58304	2.68572	2.70994	2.57568	0
CBX_USD	2018-04-26	2.68572	2.62994	2.68922	2.49026	0
CBX_USD	2018-04-25	2.62994	2.89201	2.92313	2.54568	0
CBX_USD	2018-04-24	2.89872	2.73605	2.91820	2.70203	0
CBX_USD	2018-04-23	2.73605	2.84486	2.90125	2.72731	0
CBX_USD	2018-04-22	2.84486	2.98690	2.98863	2.79388	0
CBX_USD	2018-04-21	2.98690	3.22133	3.22133	2.83081	0
CBX_USD	2018-04-20	3.22133	3.03595	3.24295	3.01304	0
CBX_USD	2018-04-19	3.03595	2.75419	3.11687	2.73498	0
CBX_USD	2018-04-18	2.75419	2.38125	2.77344	2.37675	0
CBX_USD	2018-04-17	2.38125	2.71667	2.72171	2.36255	0
CBX_USD	2018-04-16	2.71667	2.30800	2.72091	2.18904	0
CBX_USD	2018-04-15	2.30800	2.20501	2.33169	2.20448	0
CBX_USD	2018-04-14	2.20501	2.45304	2.59184	2.05827	0
CBX_USD	2018-04-13	2.45304	2.53893	2.62842	2.43497	0
CBX_USD	2018-04-12	2.53893	2.24762	2.55860	2.11415	0
CBX_USD	2018-04-11	2.24762	2.37021	2.39313	2.04224	0
CBX_USD	2018-04-10	2.37021	1.54929	2.69157	1.52455	0
CBX_USD	2018-04-09	1.54929	1.57200	1.61863	1.51498	0
CBX_USD	2018-04-08	1.57200	1.54577	1.61275	1.53511	0
CBX_USD	2018-04-07	1.54577	1.49755	1.66333	1.49287	0
CBX_USD	2018-04-06	1.49755	1.48715	1.50034	1.41259	0
CBX_USD	2018-04-05	1.48715	1.55436	1.57164	1.44499	0
CBX_USD	2018-04-04	1.55436	1.61955	1.62219	1.45407	0
CBX_USD	2018-04-03	1.61955	1.61140	1.74803	1.46568	0
CBX_USD	2018-04-02	1.61140	1.66933	1.72688	1.50700	0
CBX_USD	2018-04-01	1.66933	1.71762	1.73868	1.57780	0
CBX_USD	2018-03-31	1.71762	1.70897	1.80306	1.66348	0
CBX_USD	2018-03-30	1.70897	1.70351	1.80443	1.60522	0
CBX_USD	2018-03-29	1.70351	1.86489	1.93281	1.65900	0
CBX_USD	2018-03-28	1.86489	1.63295	2.11018	1.62198	0
CBX_USD	2018-03-27	1.63295	1.84945	1.86784	1.57612	0
CBX_USD	2018-03-26	1.84945	1.81226	1.87690	1.67616	0
CBX_USD	2018-03-25	1.81226	1.90486	1.92277	1.68848	0
CBX_USD	2018-03-24	1.90486	1.98162	2.00072	1.88303	0
CBX_USD	2018-03-23	1.98162	1.95315	1.98179	1.85448	0
CBX_USD	2018-03-22	1.95315	2.01317	2.05524	1.90639	0
CBX_USD	2018-03-21	2.01317	2.00787	2.10614	1.93900	0
CBX_USD	2018-03-20	2.00787	1.90144	2.03004	1.81695	0
CBX_USD	2018-03-19	1.90144	1.93791	1.99417	1.80157	0
CBX_USD	2018-03-18	1.93791	2.11270	2.11270	1.73596	0
CBX_USD	2018-03-17	2.11270	2.25759	2.27077	1.93942	0
CBX_USD	2018-03-16	2.25759	2.23025	2.33885	2.11271	0
CBX_USD	2018-03-15	2.23025	2.14065	2.29448	1.99094	0
CBX_USD	2018-03-14	2.14065	2.53234	2.60495	2.07230	0
CBX_USD	2018-03-13	2.53234	2.27173	2.57777	2.13026	0
CBX_USD	2018-03-12	2.27173	2.37708	2.47022	2.19278	0
CBX_USD	2018-03-11	2.37708	2.26513	2.42682	1.98178	0
CBX_USD	2018-03-10	2.26513	2.57505	2.63134	2.25372	0
CBX_USD	2018-03-09	2.57505	2.59717	2.63093	2.33232	0
CBX_USD	2018-03-08	2.59717	2.65529	2.77358	2.52623	0
CBX_USD	2018-03-07	2.65529	2.79487	2.84051	2.44433	0
CBX_USD	2018-03-06	2.79487	3.27433	3.27433	2.76757	0
CBX_USD	2018-03-05	3.27433	3.15829	3.33503	3.12521	0
CBX_USD	2018-03-04	3.15829	3.41435	3.42061	3.11842	0
CBX_USD	2018-03-03	3.41435	3.29694	3.42571	3.29694	0
CBX_USD	2018-03-02	3.29694	3.77284	3.82556	3.24997	0
