CCL_USD	2019-04-09	0.00336	0.00341	0.00341	0.00331	0
CCL_USD	2019-04-08	0.00341	0.00336	0.00343	0.00330	0
CCL_USD	2019-04-07	0.00336	0.00325	0.00339	0.00325	0
CCL_USD	2019-04-06	0.00325	0.00313	0.00344	0.00307	0
CCL_USD	2019-04-05	0.00313	0.00336	0.00405	0.00308	0
CCL_USD	2019-04-04	0.00336	0.00421	0.00436	0.00333	0
CCL_USD	2019-04-03	0.00421	0.00533	0.00542	0.00378	0
CCL_USD	2019-04-02	0.00533	0.00441	0.00561	0.00379	0
CCL_USD	2019-04-01	0.00441	0.00461	0.00461	0.00413	0
CCL_USD	2019-03-31	0.00454	0.00433	0.00456	0.00406	0
CCL_USD	2019-03-30	0.00433	0.00422	0.00457	0.00410	0
CCL_USD	2019-03-29	0.00422	0.00405	0.00449	0.00393	0
CCL_USD	2019-03-28	0.00405	0.00457	0.00459	0.00371	0
CCL_USD	2019-03-27	0.00457	0.00325	0.00458	0.00322	0
CCL_USD	2019-03-26	0.00325	0.00328	0.00349	0.00283	0
CCL_USD	2019-03-25	0.00328	0.00350	0.00364	0.00314	0
CCL_USD	2019-03-24	0.00350	0.00351	0.00376	0.00337	0
CCL_USD	2019-03-23	0.00351	0.00356	0.00362	0.00310	0
CCL_USD	2019-03-22	0.00356	0.00368	0.00440	0.00262	0
CCL_USD	2019-03-21	0.00368	0.00347	0.00431	0.00285	0
CCL_USD	2019-03-20	0.00347	0.00288	0.00452	0.00250	0
CCL_USD	2019-03-19	0.00288	0.00224	0.00318	0.00218	0
CCL_USD	2019-03-18	0.00224	0.00228	0.00244	0.00216	0
CCL_USD	2019-03-17	0.00228	0.00256	0.00298	0.00218	0
CCL_USD	2019-03-16	0.00256	0.00246	0.00341	0.00221	0
CCL_USD	2019-03-15	0.00246	0.00233	0.00258	0.00228	0
CCL_USD	2019-03-14	0.00233	0.00219	0.00245	0.00219	0
CCL_USD	2019-03-13	0.00219	0.00227	0.00233	0.00211	0
CCL_USD	2019-03-12	0.00227	0.00227	0.00232	0.00205	0
CCL_USD	2019-03-11	0.00227	0.00232	0.00245	0.00221	0
CCL_USD	2019-03-10	0.00232	0.00289	0.00289	0.00215	0
CCL_USD	2019-03-09	0.00289	0.00260	0.00301	0.00255	0
CCL_USD	2019-03-08	0.00260	0.00281	0.00296	0.00253	0
CCL_USD	2019-03-07	0.00281	0.00292	0.00299	0.00260	0
CCL_USD	2019-03-06	0.00292	0.00314	0.00317	0.00265	0
CCL_USD	2019-03-05	0.00314	0.00304	0.00323	0.00286	0
CCL_USD	2019-03-04	0.00304	0.00287	0.00309	0.00266	0
CCL_USD	2019-03-03	0.00287	0.00252	0.00296	0.00241	0
CCL_USD	2019-03-02	0.00252	0.00259	0.00265	0.00234	0
CCL_USD	2019-03-01	0.00258	0.00288	0.00297	0.00238	0
CCL_USD	2019-02-28	0.00288	0.00415	0.00416	0.00269	0
CCL_USD	2019-02-27	0.00415	0.00862	0.00862	0.00271	0
CCL_USD	2019-02-26	0.00862	0.00865	0.00914	0.00788	0
CCL_USD	2019-02-25	0.00865	0.00851	0.00872	0.00850	0
CCL_USD	2019-02-24	0.00851	0.01013	0.01050	0.00812	0
CCL_USD	2019-02-23	0.01013	0.00845	0.01095	0.00834	0
CCL_USD	2019-02-22	0.00845	0.00806	0.00868	0.00802	0
CCL_USD	2019-02-21	0.00806	0.00816	0.00824	0.00799	0
CCL_USD	2019-02-20	0.00816	0.00814	0.00949	0.00796	0
CCL_USD	2019-02-19	0.00814	0.00788	0.00924	0.00781	0
CCL_USD	2019-02-18	0.00788	0.00870	0.01096	0.00781	0
CCL_USD	2019-02-17	0.00870	0.00851	0.00875	0.00798	0
CCL_USD	2019-02-16	0.00851	0.00885	0.00925	0.00841	0
CCL_USD	2019-02-15	0.00885	0.00801	0.00904	0.00794	0
CCL_USD	2019-02-14	0.00801	0.00747	0.00845	0.00745	0
CCL_USD	2019-02-13	0.00747	0.00922	0.00924	0.00743	0
CCL_USD	2019-02-12	0.00922	0.00780	0.00924	0.00770	0
CCL_USD	2019-02-11	0.00780	0.00830	0.00853	0.00738	0
CCL_USD	2019-02-10	0.00830	0.00812	0.00859	0.00797	0
CCL_USD	2019-02-09	0.00812	0.00911	0.00944	0.00804	0
CCL_USD	2019-02-08	0.00911	0.00782	0.00958	0.00777	0
CCL_USD	2019-02-07	0.00782	0.00882	0.00895	0.00766	0
CCL_USD	2019-02-06	0.00882	0.00887	0.00889	0.00858	0
CCL_USD	2019-02-05	0.00887	0.00820	0.00980	0.00817	0
CCL_USD	2019-02-04	0.00820	0.00865	0.00870	0.00761	0
CCL_USD	2019-02-03	0.00865	0.00804	0.00961	0.00796	0
CCL_USD	2019-02-02	0.00804	0.00846	0.00851	0.00766	0
CCL_USD	2019-02-01	0.00846	0.00881	0.00883	0.00846	0
CCL_USD	2019-01-31	0.00881	0.00893	0.00903	0.00876	0
CCL_USD	2019-01-30	0.00893	0.00915	0.00942	0.00885	0
CCL_USD	2019-01-29	0.00915	0.00930	0.00933	0.00907	0
CCL_USD	2019-01-28	0.00930	0.00959	0.00961	0.00916	0
CCL_USD	2019-01-27	0.00959	0.01054	0.01078	0.00948	0
CCL_USD	2019-01-26	0.01054	0.01127	0.01159	0.01039	0
CCL_USD	2019-01-25	0.01127	0.01127	0.01142	0.01095	0
CCL_USD	2019-01-24	0.01127	0.01115	0.01146	0.01094	0
CCL_USD	2019-01-23	0.01115	0.01097	0.01239	0.01061	0
CCL_USD	2019-01-22	0.01097	0.01151	0.01335	0.01082	0
CCL_USD	2019-01-21	0.01151	0.01219	0.01226	0.01122	0
CCL_USD	2019-01-20	0.01219	0.01274	0.01310	0.01216	0
CCL_USD	2019-01-19	0.01274	0.01217	0.01286	0.01216	0
CCL_USD	2019-01-18	0.01217	0.01259	0.01275	0.01214	0
CCL_USD	2019-01-17	0.01259	0.01267	0.01279	0.01213	0
CCL_USD	2019-01-16	0.01267	0.01302	0.01303	0.01234	0
CCL_USD	2019-01-15	0.01302	0.01348	0.01357	0.01294	0
CCL_USD	2019-01-14	0.01348	0.01246	0.01403	0.01204	0
CCL_USD	2019-01-13	0.01246	0.01366	0.01374	0.01214	0
CCL_USD	2019-01-12	0.01366	0.01391	0.01417	0.01289	0
CCL_USD	2019-01-11	0.01391	0.01370	0.01410	0.01326	0
CCL_USD	2019-01-10	0.01370	0.01535	0.01559	0.01343	0
CCL_USD	2019-01-09	0.01535	0.01500	0.01556	0.01494	0
CCL_USD	2019-01-08	0.01500	0.01500	0.01564	0.01479	0
CCL_USD	2019-01-07	0.01500	0.01539	0.01549	0.01483	0
CCL_USD	2019-01-06	0.01539	0.01398	0.02762	0.01369	0
CCL_USD	2019-01-05	0.01398	0.01436	0.01519	0.01391	0
CCL_USD	2019-01-04	0.01436	0.01433	0.01499	0.01372	0
CCL_USD	2019-01-03	0.01433	0.01470	0.01483	0.01410	0
CCL_USD	2019-01-02	0.01470	0.01470	0.01619	0.01459	0
CCL_USD	2019-01-01	0.01470	0.01369	0.01541	0.01309	0
CCL_USD	2018-12-31	0.01369	0.01466	0.01470	0.01366	0
CCL_USD	2018-12-30	0.01466	0.01576	0.01617	0.01437	0
CCL_USD	2018-12-29	0.01576	0.01710	0.01739	0.01570	0
CCL_USD	2018-12-28	0.01710	0.01543	0.01740	0.01504	0
CCL_USD	2018-12-27	0.01543	0.01668	0.01685	0.01479	0
CCL_USD	2018-12-26	0.01668	0.01630	0.01692	0.01575	0
CCL_USD	2018-12-25	0.01630	0.01681	0.01697	0.01530	0
CCL_USD	2018-12-24	0.01681	0.01618	0.01851	0.01609	0
CCL_USD	2018-12-23	0.01618	0.01894	0.01991	0.01560	0
CCL_USD	2018-12-22	0.01894	0.01726	0.01911	0.01719	0
CCL_USD	2018-12-21	0.01726	0.01819	0.01899	0.01671	0
CCL_USD	2018-12-20	0.01819	0.01703	0.01885	0.01644	0
CCL_USD	2018-12-19	0.01703	0.01499	0.01890	0.01484	0
CCL_USD	2018-12-18	0.01499	0.01441	0.01504	0.01380	0
CCL_USD	2018-12-17	0.01441	0.01411	0.01507	0.01214	0
CCL_USD	2018-12-16	0.01411	0.01279	0.01601	0.01275	0
CCL_USD	2018-12-15	0.01279	0.01196	0.01282	0.01193	0
CCL_USD	2018-12-14	0.01196	0.01356	0.01388	0.01156	0
CCL_USD	2018-12-13	0.01356	0.01300	0.01602	0.01249	0
CCL_USD	2018-12-12	0.01300	0.01206	0.01457	0.01144	0
CCL_USD	2018-12-11	0.01217	0.01198	0.01226	0.01132	0
CCL_USD	2018-12-10	0.01198	0.01343	0.01373	0.01180	0
CCL_USD	2018-12-09	0.01343	0.01360	0.01428	0.01318	0
CCL_USD	2018-12-08	0.01360	0.01556	0.01597	0.01312	0
CCL_USD	2018-12-07	0.01556	0.01579	0.01629	0.01308	0
CCL_USD	2018-12-06	0.01579	0.01384	0.01755	0.01351	0
CCL_USD	2018-12-05	0.01384	0.01529	0.01543	0.01373	0
CCL_USD	2018-12-04	0.01529	0.01629	0.01647	0.01498	0
CCL_USD	2018-12-03	0.01629	0.01787	0.01796	0.01574	0
CCL_USD	2018-12-02	0.01787	0.01723	0.01871	0.01682	0
CCL_USD	2018-12-01	0.01723	0.01569	0.01932	0.01530	0
CCL_USD	2018-11-30	0.01569	0.01656	0.01804	0.01509	0
CCL_USD	2018-11-29	0.01656	0.01503	0.01656	0.01389	0
CCL_USD	2018-11-28	0.01503	0.01200	0.01577	0.01200	0
CCL_USD	2018-11-27	0.01200	0.01217	0.01303	0.01163	0
CCL_USD	2018-11-26	0.01217	0.01260	0.01528	0.01173	0
CCL_USD	2018-11-25	0.01260	0.01238	0.01281	0.01086	0
CCL_USD	2018-11-24	0.01238	0.01453	0.01541	0.01194	0
CCL_USD	2018-11-23	0.01453	0.01506	0.01560	0.01376	0
CCL_USD	2018-11-22	0.01506	0.02079	0.02115	0.01496	0
CCL_USD	2018-11-21	0.02079	0.02026	0.02196	0.01976	0
CCL_USD	2018-11-20	0.02026	0.02197	0.02334	0.01889	0
CCL_USD	2018-11-19	0.02197	0.02281	0.02714	0.02072	0
CCL_USD	2018-11-18	0.02281	0.02329	0.02458	0.02106	0
CCL_USD	2018-11-17	0.02329	0.02655	0.02675	0.02268	0
CCL_USD	2018-11-16	0.02655	0.02260	0.02655	0.02043	0
CCL_USD	2018-11-15	0.02260	0.01915	0.02277	0.01705	0
CCL_USD	2018-11-14	0.01915	0.02389	0.02464	0.01652	0
CCL_USD	2018-11-13	0.02389	0.02334	0.02502	0.02180	0
CCL_USD	2018-11-12	0.02334	0.02807	0.02815	0.02257	0
CCL_USD	2018-11-11	0.02807	0.02807	0.02920	0.02777	0
CCL_USD	2018-11-10	0.02807	0.02902	0.02952	0.02802	0
CCL_USD	2018-11-09	0.02902	0.02948	0.03088	0.02853	0
CCL_USD	2018-11-08	0.02948	0.03083	0.03309	0.02940	0
CCL_USD	2018-11-07	0.03083	0.03251	0.03251	0.03034	0
CCL_USD	2018-11-06	0.03251	0.03018	0.03291	0.02932	0
CCL_USD	2018-11-05	0.03018	0.02873	0.03028	0.02866	0
CCL_USD	2018-11-04	0.02873	0.02843	0.03015	0.02785	0
CCL_USD	2018-11-03	0.02843	0.03133	0.03133	0.02802	0
CCL_USD	2018-11-02	0.03133	0.02960	0.03208	0.02831	0
CCL_USD	2018-11-01	0.02960	0.03245	0.03248	0.02600	0
CCL_USD	2018-10-31	0.03245	0.03048	0.03293	0.02961	0
CCL_USD	2018-10-30	0.03048	0.03264	0.03342	0.02925	0
CCL_USD	2018-10-29	0.03264	0.03842	0.03872	0.02440	0
CCL_USD	2018-10-28	0.03842	0.04280	0.04386	0.03832	0
CCL_USD	2018-10-27	0.04280	0.04049	0.04587	0.03827	0
CCL_USD	2018-10-26	0.04049	0.04504	0.04781	0.03942	0
CCL_USD	2018-10-25	0.04504	0.03706	0.05037	0.03567	0
CCL_USD	2018-10-24	0.03706	0.02839	0.04925	0.02839	0
CCL_USD	2018-10-23	0.02839	0.02906	0.03175	0.02837	0
CCL_USD	2018-10-22	0.02906	0.03070	0.03126	0.02856	0
CCL_USD	2018-10-21	0.03070	0.03266	0.03300	0.03044	0
CCL_USD	2018-10-20	0.03266	0.03025	0.03355	0.02987	0
CCL_USD	2018-10-19	0.03025	0.03148	0.03238	0.02958	0
CCL_USD	2018-10-18	0.03148	0.03415	0.03493	0.02965	0
CCL_USD	2018-10-17	0.03415	0.03480	0.03531	0.02986	0
CCL_USD	2018-10-16	0.03480	0.03105	0.03734	0.03084	0
CCL_USD	2018-10-15	0.03105	0.03106	0.03801	0.03037	0
CCL_USD	2018-10-14	0.03106	0.03043	0.03223	0.02809	0
CCL_USD	2018-10-13	0.03043	0.03407	0.03426	0.02827	0
CCL_USD	2018-10-12	0.03407	0.03303	0.03564	0.03021	0
CCL_USD	2018-10-11	0.03303	0.03829	0.03938	0.02686	0
CCL_USD	2018-10-10	0.03829	0.04194	0.04274	0.03795	0
CCL_USD	2018-10-09	0.04194	0.04488	0.04532	0.04194	0
CCL_USD	2018-10-08	0.04488	0.04528	0.04835	0.04402	0
CCL_USD	2018-10-07	0.04528	0.04861	0.05009	0.04304	0
CCL_USD	2018-10-06	0.04861	0.05588	0.05591	0.04197	0
CCL_USD	2018-10-05	0.05588	0.05902	0.06016	0.05281	0
CCL_USD	2018-10-04	0.05902	0.06698	0.07145	0.05730	0
CCL_USD	2018-10-03	0.06698	0.07297	0.07672	0.06360	0
CCL_USD	2018-10-02	0.07297	0.07116	0.07625	0.06778	0
CCL_USD	2018-10-01	0.07116	0.07877	0.08215	0.06855	0
CCL_USD	2018-09-30	0.07877	0.07767	0.08094	0.06324	0
CCL_USD	2018-09-29	0.07767	0.06638	0.07884	0.06594	0
CCL_USD	2018-09-28	0.06638	0.06893	0.08878	0.06590	0
CCL_USD	2018-09-27	0.06893	0.06246	0.07025	0.06182	0
CCL_USD	2018-09-26	0.06246	0.05955	0.06357	0.05881	0
CCL_USD	2018-09-25	0.05955	0.05726	0.06300	0.05477	0
CCL_USD	2018-09-24	0.05726	0.06265	0.06531	0.05634	0
CCL_USD	2018-09-23	0.06265	0.06257	0.06513	0.05863	0
CCL_USD	2018-09-22	0.06257	0.06285	0.06348	0.06031	0
CCL_USD	2018-09-21	0.06285	0.05993	0.06285	0.05731	0
CCL_USD	2018-09-20	0.05993	0.05257	0.06069	0.05180	0
CCL_USD	2018-09-19	0.05257	0.05296	0.05368	0.05023	0
CCL_USD	2018-09-18	0.05296	0.05454	0.05571	0.05075	0
CCL_USD	2018-09-17	0.05454	0.06053	0.06081	0.05249	0
CCL_USD	2018-09-16	0.06053	0.05718	0.06895	0.05599	0
CCL_USD	2018-09-15	0.05718	0.05689	0.05854	0.05536	0
CCL_USD	2018-09-14	0.05689	0.05796	0.05943	0.05484	0
CCL_USD	2018-09-13	0.05796	0.05532	0.05925	0.05411	0
CCL_USD	2018-09-12	0.05532	0.06221	0.06333	0.05049	0
CCL_USD	2018-09-11	0.06221	0.06131	0.06308	0.06032	0
CCL_USD	2018-09-10	0.06131	0.05326	0.06209	0.05326	0
CCL_USD	2018-09-09	0.05326	0.05848	0.06778	0.05319	0
CCL_USD	2018-09-08	0.05848	0.06170	0.06613	0.05818	0
CCL_USD	2018-09-07	0.06170	0.06130	0.06498	0.06027	0
CCL_USD	2018-09-06	0.06130	0.06235	0.06266	0.05822	0
CCL_USD	2018-09-05	0.06235	0.07149	0.07265	0.06231	0
CCL_USD	2018-09-04	0.07149	0.07008	0.07283	0.06725	0
CCL_USD	2018-09-03	0.07008	0.06882	0.07128	0.06693	0
CCL_USD	2018-09-02	0.06882	0.07381	0.07387	0.06630	0
CCL_USD	2018-09-01	0.07381	0.07515	0.07973	0.06970	0
CCL_USD	2018-08-31	0.07515	0.07379	0.08257	0.07046	0
CCL_USD	2018-08-30	0.07379	0.07364	0.07544	0.06476	0
CCL_USD	2018-08-29	0.07364	0.06201	0.08367	0.06038	0
CCL_USD	2018-08-28	0.06201	0.06158	0.06851	0.05862	0
CCL_USD	2018-08-27	0.06158	0.06202	0.06252	0.05536	0
CCL_USD	2018-08-26	0.06202	0.06325	0.06412	0.05657	0
CCL_USD	2018-08-25	0.06325	0.06674	0.06734	0.06286	0
CCL_USD	2018-08-24	0.06674	0.06485	0.06968	0.06379	0
CCL_USD	2018-08-23	0.06485	0.06466	0.06536	0.06144	0
CCL_USD	2018-08-22	0.06466	0.06557	0.06972	0.05885	0
CCL_USD	2018-08-21	0.06557	0.06518	0.06852	0.06024	0
CCL_USD	2018-08-20	0.06518	0.07870	0.07906	0.06486	0
CCL_USD	2018-08-19	0.07870	0.07222	0.07989	0.07150	0
CCL_USD	2018-08-18	0.07222	0.07254	0.08254	0.06638	0
CCL_USD	2018-08-17	0.07254	0.06337	0.07594	0.06327	0
CCL_USD	2018-08-16	0.06337	0.07320	0.07336	0.06178	0
CCL_USD	2018-08-15	0.07320	0.07674	0.08463	0.06373	0
CCL_USD	2018-08-14	0.07674	0.07799	0.07799	0.05184	0
CCL_USD	2018-08-13	0.07799	0.09256	0.09805	0.07187	0
CCL_USD	2018-08-12	0.09256	0.09861	0.10076	0.09029	0
CCL_USD	2018-08-11	0.09861	0.12496	0.12545	0.08651	0
CCL_USD	2018-08-10	0.12496	0.14827	0.15423	0.12143	0
CCL_USD	2018-08-09	0.14827	0.13702	0.15412	0.12154	0
CCL_USD	2018-08-08	0.13702	0.15481	0.15492	0.11469	0
CCL_USD	2018-08-07	0.15481	0.14819	0.16796	0.14703	0
CCL_USD	2018-08-06	0.14819	0.14976	0.15237	0.14524	0
CCL_USD	2018-08-05	0.14976	0.13609	0.16225	0.12250	0
CCL_USD	2018-08-04	0.13609	0.13635	0.16565	0.12680	0
CCL_USD	2018-08-03	0.13635	0.15180	0.15180	0.12966	0
CCL_USD	2018-08-02	0.15180	0.15402	0.16903	0.15176	0
CCL_USD	2018-08-01	0.15402	0.15409	0.18898	0.14609	0
CCL_USD	2018-07-31	0.15409	0.19595	0.20264	0.15191	0
CCL_USD	2018-07-30	0.19595	0.21344	0.21539	0.18984	0
CCL_USD	2018-07-29	0.21344	0.22416	0.23319	0.20353	0
CCL_USD	2018-07-28	0.22416	0.22845	0.23410	0.22029	0
CCL_USD	2018-07-27	0.22845	0.21402	0.23121	0.21060	0
CCL_USD	2018-07-26	0.21402	0.24546	0.24770	0.20701	0
CCL_USD	2018-07-25	0.24546	0.25664	0.28379	0.22827	0
CCL_USD	2018-07-24	0.25664	0.23387	0.26180	0.22448	0
CCL_USD	2018-07-23	0.23387	0.25132	0.25766	0.21951	0
CCL_USD	2018-07-22	0.25132	0.24923	0.25751	0.24733	0
CCL_USD	2018-07-21	0.24923	0.25344	0.25465	0.24520	0
CCL_USD	2018-07-20	0.25344	0.27353	0.27418	0.24728	0
CCL_USD	2018-07-19	0.27353	0.26080	0.27790	0.24602	0
CCL_USD	2018-07-18	0.26080	0.26454	0.28024	0.25501	0
CCL_USD	2018-07-17	0.26454	0.23752	0.27309	0.22537	0
CCL_USD	2018-07-16	0.23752	0.19551	0.23952	0.18548	0
CCL_USD	2018-07-15	0.19551	0.18285	0.19616	0.17245	0
CCL_USD	2018-07-14	0.18285	0.19534	0.20304	0.17767	0
CCL_USD	2018-07-13	0.19534	0.17304	0.20093	0.17097	0
CCL_USD	2018-07-12	0.17304	0.17733	0.17733	0.16211	0
CCL_USD	2018-07-11	0.17733	0.18156	0.18612	0.16911	0
CCL_USD	2018-07-10	0.18156	0.20180	0.20701	0.17600	0
CCL_USD	2018-07-09	0.20180	0.20909	0.22628	0.20036	0
CCL_USD	2018-07-08	0.20909	0.20786	0.21348	0.20358	0
CCL_USD	2018-07-07	0.20786	0.21223	0.21251	0.19785	0
CCL_USD	2018-07-06	0.21223	0.22577	0.23101	0.19936	0
CCL_USD	2018-07-05	0.22577	0.21332	0.23541	0.20667	0
CCL_USD	2018-07-04	0.21332	0.19461	0.22187	0.18354	0
CCL_USD	2018-07-03	0.19461	0.15495	0.20185	0.00213	0
CCL_USD	2018-07-02	0.15495	0.14736	0.16653	0.00000	0
CCL_USD	2018-07-01	0.14738	0.15950	0.16201	0.14014	0
CCL_USD	2018-06-30	0.15058	0.12539	0.16471	0.12533	0
CCL_USD	2018-06-29	0.12550	0.12243	0.13070	0.11251	0
CCL_USD	2018-06-28	0.12262	0.12668	0.12866	0.11724	0
CCL_USD	2018-06-27	0.12671	0.12505	0.13503	0.11557	0
CCL_USD	2018-06-26	0.12545	0.13676	0.13690	0.12511	0
CCL_USD	2018-06-25	0.13683	0.12655	0.14506	0.12080	0
CCL_USD	2018-06-24	0.12659	0.13955	0.13994	0.11232	0
CCL_USD	2018-06-23	0.13937	0.13538	0.14070	0.13095	0
CCL_USD	2018-06-22	0.13514	0.15163	0.15216	0.12893	0
CCL_USD	2018-06-21	0.15162	0.16984	0.16984	0.13775	0
CCL_USD	2018-06-20	0.16935	0.17700	0.17702	0.15157	0
CCL_USD	2018-06-19	0.17645	0.18437	0.18726	0.17387	0
CCL_USD	2018-06-18	0.18655	0.17019	0.18909	0.16854	0
CCL_USD	2018-06-17	0.17060	0.17917	0.18248	0.16597	0
CCL_USD	2018-06-16	0.17920	0.17852	0.18673	0.17221	0
CCL_USD	2018-06-15	0.17844	0.20284	0.20914	0.17269	0
CCL_USD	2018-06-14	0.20245	0.17085	0.22594	0.14545	0
CCL_USD	2018-06-13	0.17075	0.20705	0.20806	0.16879	0
CCL_USD	2018-06-12	0.20733	0.21226	0.22067	0.20167	0
CCL_USD	2018-06-11	0.21236	0.22223	0.23728	0.20750	0
CCL_USD	2018-06-10	0.22194	0.25495	0.25651	0.21203	0
CCL_USD	2018-06-09	0.25458	0.28081	0.28484	0.25124	0
CCL_USD	2018-06-08	0.28081	0.29148	0.32184	0.25981	0
CCL_USD	2018-06-07	0.29349	0.26387	0.33542	0.25795	0
CCL_USD	2018-06-06	0.26256	0.24620	0.26513	0.23879	0
CCL_USD	2018-06-05	0.24591	0.25264	0.25633	0.23188	0
CCL_USD	2018-06-04	0.25283	0.27465	0.28317	0.23089	0
CCL_USD	2018-06-03	0.27457	0.27934	0.29879	0.27272	0
CCL_USD	2018-06-02	0.27955	0.28637	0.29490	0.27324	0
CCL_USD	2018-06-01	0.28625	0.27836	0.29477	0.26321	0
CCL_USD	2018-05-31	0.27869	0.28793	0.30013	0.27185	0
CCL_USD	2018-05-30	0.28800	0.29566	0.31527	0.27740	0
CCL_USD	2018-05-29	0.29531	0.26896	0.30696	0.26167	0
CCL_USD	2018-05-28	0.26880	0.30994	0.31436	0.26455	0
CCL_USD	2018-05-27	0.30981	0.29624	0.33008	0.29478	0
CCL_USD	2018-05-26	0.29647	0.30229	0.33073	0.29647	0
CCL_USD	2018-05-25	0.30235	0.31971	0.33040	0.30128	0
CCL_USD	2018-05-24	0.31938	0.31807	0.33492	0.30268	0
CCL_USD	2018-05-23	0.31838	0.35299	0.35532	0.30398	0
CCL_USD	2018-05-22	0.35291	0.39605	0.40102	0.35069	0
CCL_USD	2018-05-21	0.39605	0.44124	0.44246	0.37710	0
CCL_USD	2018-05-20	0.44124	0.42588	0.48167	0.41406	0
CCL_USD	2018-05-19	0.42588	0.44004	0.46726	0.42386	0
CCL_USD	2018-05-18	0.44004	0.44281	0.47282	0.43328	0
CCL_USD	2018-05-17	0.44742	0.43720	0.47944	0.42607	0
CCL_USD	2018-05-16	0.43687	0.42660	0.46858	0.40281	0
CCL_USD	2018-05-15	0.42660	0.41754	0.45068	0.41259	0
CCL_USD	2018-05-14	0.41767	0.36067	0.42929	0.35634	0
CCL_USD	2018-05-13	0.36067	0.37955	0.38128	0.33587	0
CCL_USD	2018-05-12	0.37331	0.39683	0.41488	0.35696	0
CCL_USD	2018-05-11	0.39683	0.44629	0.45090	0.36059	0
CCL_USD	2018-05-10	0.44629	0.42989	0.48348	0.42081	0
CCL_USD	2018-05-09	0.42989	0.42012	0.43697	0.40471	0
CCL_USD	2018-05-08	0.42028	0.41788	0.43779	0.00004	0
CCL_USD	2018-05-07	0.39737	0.33952	0.39931	0.31474	0
CCL_USD	2018-05-06	0.33952	0.35173	0.38144	0.33667	0
CCL_USD	2018-05-05	0.37639	0.35531	0.40446	0.33012	0
CCL_USD	2018-05-04	0.35531	0.32471	0.37382	0.31818	0
CCL_USD	2018-05-03	0.32471	0.31779	0.37086	0.30781	0
CCL_USD	2018-05-02	0.31779	0.28282	0.33303	0.27452	0
CCL_USD	2018-05-01	0.28282	0.28646	0.28770	0.25750	0
CCL_USD	2018-04-30	0.28646	0.29008	0.30038	0.26509	0
CCL_USD	2018-04-29	0.29008	0.29597	0.31442	0.27394	0
CCL_USD	2018-04-28	0.29597	0.29949	0.31807	0.29086	0
CCL_USD	2018-04-27	0.29949	0.30610	0.33735	0.28328	0
CCL_USD	2018-04-26	0.30610	0.28703	0.30924	0.27558	0
CCL_USD	2018-04-25	0.28703	0.33845	0.36438	0.28402	0
CCL_USD	2018-04-24	0.33845	0.34271	0.35358	0.31955	0
CCL_USD	2018-04-23	0.34271	0.36193	0.36676	0.33282	0
CCL_USD	2018-04-22	0.36193	0.33629	0.37293	0.33008	0
CCL_USD	2018-04-21	0.33629	0.37350	0.38429	0.32197	0
CCL_USD	2018-04-20	0.37350	0.31986	0.38166	0.30676	0
CCL_USD	2018-04-19	0.31986	0.27958	0.32007	0.27771	0
CCL_USD	2018-04-18	0.27958	0.28772	0.29956	0.25895	0
CCL_USD	2018-04-17	0.28772	0.27387	0.31033	0.27046	0
CCL_USD	2018-04-16	0.27387	0.27879	0.28358	0.25028	0
CCL_USD	2018-04-15	0.27879	0.24159	0.29537	0.24154	0
CCL_USD	2018-04-14	0.24159	0.24567	0.26168	0.23901	0
CCL_USD	2018-04-13	0.24567	0.22759	0.25910	0.21432	0
CCL_USD	2018-04-12	0.22759	0.20899	0.23097	0.19137	0
CCL_USD	2018-04-11	0.20899	0.19637	0.21015	0.18790	0
CCL_USD	2018-04-10	0.19637	0.15717	0.20718	0.15365	0
CCL_USD	2018-04-09	0.15717	0.16148	0.16771	0.14949	0
CCL_USD	2018-04-08	0.16148	0.17443	0.19035	0.16142	0
CCL_USD	2018-04-07	0.17443	0.17779	0.18964	0.16839	0
CCL_USD	2018-04-06	0.17779	0.17611	0.18466	0.16667	0
CCL_USD	2018-04-05	0.17611	0.16478	0.18017	0.15674	0
CCL_USD	2018-04-04	0.16478	0.17401	0.19161	0.15836	0
CCL_USD	2018-04-03	0.17401	0.15851	0.17788	0.15476	0
CCL_USD	2018-04-02	0.15851	0.14955	0.17124	0.13154	0
CCL_USD	2018-04-01	0.14955	0.15928	0.16162	0.14022	0
CCL_USD	2018-03-31	0.15928	0.15805	0.17653	0.15388	0
CCL_USD	2018-03-30	0.15805	0.17032	0.17685	0.14568	0
CCL_USD	2018-03-29	0.17032	0.19423	0.20199	0.16607	0
CCL_USD	2018-03-28	0.19423	0.19997	0.21052	0.18271	0
CCL_USD	2018-03-27	0.19997	0.20267	0.22117	0.18757	0
CCL_USD	2018-03-26	0.20267	0.23381	0.23738	0.19079	0
CCL_USD	2018-03-25	0.23381	0.23018	0.24191	0.21717	0
CCL_USD	2018-03-24	0.23018	0.24700	0.25123	0.22759	0
CCL_USD	2018-03-23	0.24700	0.23932	0.25052	0.22406	0
CCL_USD	2018-03-22	0.23932	0.24350	0.25113	0.22739	0
CCL_USD	2018-03-21	0.24350	0.23094	0.29287	0.22834	0
CCL_USD	2018-03-20	0.23094	0.19599	0.23311	0.19254	0
CCL_USD	2018-03-19	0.19599	0.20018	0.21500	0.18761	0
CCL_USD	2018-03-18	0.20018	0.20896	0.21044	0.16905	0
CCL_USD	2018-03-17	0.20896	0.22044	0.22089	0.19270	0
CCL_USD	2018-03-16	0.22044	0.22125	0.23209	0.20669	0
CCL_USD	2018-03-15	0.22125	0.20134	0.22861	0.19803	0
CCL_USD	2018-03-14	0.20134	0.26400	0.26733	0.20134	0
CCL_USD	2018-03-13	0.26400	0.27807	0.28149	0.25807	0
CCL_USD	2018-03-12	0.27807	0.29253	0.33925	0.25691	0
CCL_USD	2018-03-11	0.29253	0.23711	0.29724	0.22705	0
CCL_USD	2018-03-10	0.23711	0.24438	0.26336	0.23530	0
CCL_USD	2018-03-09	0.24438	0.26041	0.26200	0.19777	0
CCL_USD	2018-03-08	0.26041	0.26724	0.28662	0.25629	0
CCL_USD	2018-03-07	0.26724	0.29139	0.30898	0.25637	0
CCL_USD	2018-03-06	0.29139	0.32734	0.33759	0.28239	0
CCL_USD	2018-03-05	0.32734	0.29390	0.34744	0.29249	0
CCL_USD	2018-03-04	0.29390	0.34082	0.34439	0.29336	0
CCL_USD	2018-03-03	0.34082	0.35630	0.37091	0.29633	0
CCL_USD	2018-03-02	0.35634	0.35730	0.38422	0.34258	0
