CEEK_USD	2019-04-09	0.005638	0.005882	0.005882	0.005569	0
CEEK_USD	2019-04-08	0.005893	0.006077	0.006244	0.005473	0
CEEK_USD	2019-04-07	0.006097	0.005432	0.006135	0.005229	0
CEEK_USD	2019-04-06	0.005426	0.005403	0.005670	0.005073	0
CEEK_USD	2019-04-05	0.005412	0.005110	0.005499	0.004978	0
CEEK_USD	2019-04-04	0.005107	0.004619	0.005205	0.004466	0
CEEK_USD	2019-04-03	0.004602	0.005270	0.005584	0.004571	0
CEEK_USD	2019-04-02	0.005272	0.005462	0.005751	0.004472	0
CEEK_USD	2019-04-01	0.005476	0.005110	0.005787	0.005037	0
CEEK_USD	2019-03-31	0.005110	0.005264	0.005743	0.004841	0
CEEK_USD	2019-03-30	0.005264	0.004610	0.005796	0.004324	0
CEEK_USD	2019-03-29	0.004610	0.004378	0.004784	0.004373	0
CEEK_USD	2019-03-28	0.004378	0.004662	0.004676	0.004200	0
CEEK_USD	2019-03-27	0.004663	0.004184	0.004672	0.004180	0
CEEK_USD	2019-03-26	0.004184	0.004002	0.004189	0.003671	0
CEEK_USD	2019-03-25	0.004002	0.004176	0.004198	0.003825	0
CEEK_USD	2019-03-24	0.004176	0.004118	0.004210	0.004007	0
CEEK_USD	2019-03-23	0.004118	0.003795	0.004291	0.003790	0
CEEK_USD	2019-03-22	0.003797	0.003667	0.004057	0.003653	0
CEEK_USD	2019-03-21	0.003668	0.003965	0.004118	0.003667	0
CEEK_USD	2019-03-20	0.003964	0.004024	0.004093	0.003874	0
CEEK_USD	2019-03-19	0.004028	0.004178	0.004339	0.003728	0
CEEK_USD	2019-03-18	0.004178	0.004047	0.004570	0.003860	0
CEEK_USD	2019-03-17	0.004047	0.004045	0.004125	0.003591	0
CEEK_USD	2019-03-16	0.004045	0.004284	0.004322	0.003660	0
CEEK_USD	2019-03-15	0.004284	0.004222	0.004710	0.004157	0
CEEK_USD	2019-03-14	0.004225	0.003647	0.004318	0.003566	0
CEEK_USD	2019-03-13	0.003647	0.003791	0.003854	0.003631	0
CEEK_USD	2019-03-12	0.003791	0.003801	0.003943	0.003615	0
CEEK_USD	2019-03-11	0.003799	0.003966	0.003982	0.003667	0
CEEK_USD	2019-03-10	0.003966	0.004009	0.004015	0.003728	0
CEEK_USD	2019-03-09	0.004009	0.003724	0.004102	0.003530	0
CEEK_USD	2019-03-08	0.003723	0.003810	0.003906	0.003538	0
CEEK_USD	2019-03-07	0.003811	0.003821	0.003868	0.003504	0
CEEK_USD	2019-03-06	0.003820	0.003834	0.003923	0.003639	0
CEEK_USD	2019-03-05	0.003830	0.003976	0.004363	0.003473	0
CEEK_USD	2019-03-04	0.003976	0.003802	0.004032	0.003723	0
CEEK_USD	2019-03-03	0.003798	0.004220	0.004298	0.003796	0
CEEK_USD	2019-03-02	0.004220	0.004128	0.004427	0.003804	0
CEEK_USD	2019-03-01	0.004131	0.004123	0.004217	0.003919	0
CEEK_USD	2019-02-28	0.004123	0.003912	0.004153	0.003745	0
CEEK_USD	2019-02-27	0.003912	0.004099	0.004283	0.003664	0
CEEK_USD	2019-02-26	0.004107	0.004293	0.004345	0.003928	0
CEEK_USD	2019-02-25	0.004294	0.003993	0.004583	0.003840	0
CEEK_USD	2019-02-24	0.003987	0.004791	0.005036	0.003627	0
CEEK_USD	2019-02-23	0.004797	0.004964	0.004965	0.004432	0
CEEK_USD	2019-02-22	0.004972	0.004664	0.004985	0.004446	0
CEEK_USD	2019-02-21	0.004665	0.004703	0.004949	0.004207	0
CEEK_USD	2019-02-20	0.004721	0.005049	0.005227	0.004457	0
CEEK_USD	2019-02-19	0.005049	0.005021	0.005790	0.004823	0
CEEK_USD	2019-02-18	0.005026	0.005098	0.005721	0.004823	0
CEEK_USD	2019-02-17	0.005098	0.004671	0.005175	0.004464	0
CEEK_USD	2019-02-16	0.004671	0.004637	0.004959	0.004416	0
CEEK_USD	2019-02-15	0.004635	0.004648	0.004968	0.004427	0
CEEK_USD	2019-02-14	0.004650	0.004824	0.005007	0.004544	0
CEEK_USD	2019-02-13	0.004829	0.004993	0.005248	0.004483	0
CEEK_USD	2019-02-12	0.004978	0.005118	0.005136	0.004341	0
CEEK_USD	2019-02-11	0.005118	0.005957	0.005957	0.004953	0
CEEK_USD	2019-02-10	0.005967	0.005217	0.005995	0.004877	0
CEEK_USD	2019-02-09	0.005223	0.005055	0.005373	0.004987	0
CEEK_USD	2019-02-08	0.005062	0.004921	0.005194	0.003529	0
CEEK_USD	2019-02-07	0.004918	0.004906	0.005074	0.004781	0
CEEK_USD	2019-02-06	0.004906	0.005265	0.005277	0.004624	0
CEEK_USD	2019-02-05	0.005265	0.004963	0.005457	0.004919	0
CEEK_USD	2019-02-04	0.004964	0.004942	0.005074	0.004726	0
CEEK_USD	2019-02-03	0.004938	0.004639	0.004966	0.004483	0
CEEK_USD	2019-02-02	0.004626	0.004905	0.004964	0.004501	0
CEEK_USD	2019-02-01	0.004905	0.004887	0.004972	0.004243	0
CEEK_USD	2019-01-31	0.004878	0.004172	0.004899	0.004104	0
CEEK_USD	2019-01-30	0.004175	0.004039	0.004537	0.004001	0
CEEK_USD	2019-01-29	0.004046	0.004087	0.004618	0.003796	0
CEEK_USD	2019-01-28	0.004084	0.004070	0.004156	0.003472	0
CEEK_USD	2019-01-27	0.004071	0.004176	0.004176	0.003763	0
CEEK_USD	2019-01-26	0.004177	0.003652	0.004182	0.003645	0
CEEK_USD	2019-01-25	0.003652	0.004029	0.004041	0.003622	0
CEEK_USD	2019-01-24	0.004029	0.003617	0.004053	0.003557	0
CEEK_USD	2019-01-23	0.003617	0.003648	0.003933	0.003583	0
CEEK_USD	2019-01-22	0.003648	0.004062	0.004123	0.003636	0
CEEK_USD	2019-01-21	0.004066	0.004014	0.004272	0.003842	0
CEEK_USD	2019-01-20	0.004008	0.004099	0.004411	0.003911	0
CEEK_USD	2019-01-19	0.004099	0.003717	0.004436	0.003717	0
CEEK_USD	2019-01-18	0.003716	0.003933	0.003947	0.003660	0
CEEK_USD	2019-01-17	0.003938	0.004131	0.004131	0.003768	0
CEEK_USD	2019-01-16	0.004112	0.003614	0.004153	0.003536	0
CEEK_USD	2019-01-15	0.003620	0.004091	0.004353	0.003571	0
CEEK_USD	2019-01-14	0.004091	0.003894	0.004600	0.003888	0
CEEK_USD	2019-01-13	0.003890	0.004062	0.004294	0.003632	0
CEEK_USD	2019-01-12	0.004062	0.003735	0.004131	0.003687	0
CEEK_USD	2019-01-11	0.003735	0.003326	0.003756	0.003218	0
CEEK_USD	2019-01-10	0.003325	0.003892	0.003934	0.003238	0
CEEK_USD	2019-01-09	0.003891	0.004313	0.004462	0.003866	0
CEEK_USD	2019-01-08	0.004313	0.003902	0.004362	0.003600	0
CEEK_USD	2019-01-07	0.003902	0.004549	0.004598	0.003812	0
CEEK_USD	2019-01-06	0.004548	0.003692	0.004570	0.003580	0
CEEK_USD	2019-01-05	0.003691	0.003242	0.004188	0.003242	0
CEEK_USD	2019-01-04	0.003243	0.003201	0.003636	0.003047	0
CEEK_USD	2019-01-03	0.003200	0.003602	0.003635	0.003149	0
CEEK_USD	2019-01-02	0.003603	0.003299	0.003851	0.003256	0
CEEK_USD	2019-01-01	0.003269	0.002876	0.003526	0.002853	0
CEEK_USD	2018-12-31	0.002876	0.003302	0.003328	0.002817	0
CEEK_USD	2018-12-30	0.003298	0.003668	0.004032	0.003265	0
CEEK_USD	2018-12-29	0.003687	0.003819	0.004192	0.003633	0
CEEK_USD	2018-12-28	0.003821	0.003670	0.004167	0.003264	0
CEEK_USD	2018-12-27	0.003661	0.003937	0.003971	0.003233	0
CEEK_USD	2018-12-26	0.003935	0.004063	0.004358	0.003731	0
CEEK_USD	2018-12-25	0.004063	0.004215	0.004242	0.003776	0
CEEK_USD	2018-12-24	0.004219	0.004145	0.004898	0.004142	0
CEEK_USD	2018-12-23	0.004146	0.003859	0.004424	0.003857	0
CEEK_USD	2018-12-22	0.003853	0.003592	0.003859	0.003359	0
CEEK_USD	2018-12-21	0.003592	0.004113	0.004160	0.003216	0
CEEK_USD	2018-12-20	0.004131	0.003165	0.004141	0.003141	0
CEEK_USD	2018-12-19	0.003163	0.003704	0.004123	0.003161	0
CEEK_USD	2018-12-18	0.003693	0.003579	0.004020	0.003371	0
CEEK_USD	2018-12-17	0.003579	0.003298	0.003649	0.003020	0
CEEK_USD	2018-12-16	0.003296	0.003256	0.003411	0.003118	0
CEEK_USD	2018-12-15	0.003256	0.003261	0.003317	0.003095	0
CEEK_USD	2018-12-14	0.003260	0.003421	0.003441	0.003134	0
CEEK_USD	2018-12-13	0.003413	0.003723	0.003794	0.003392	0
CEEK_USD	2018-12-12	0.003723	0.003485	0.003901	0.003456	0
CEEK_USD	2018-12-11	0.003503	0.003953	0.004061	0.003344	0
CEEK_USD	2018-12-10	0.003947	0.003812	0.004009	0.003319	0
CEEK_USD	2018-12-09	0.003818	0.004087	0.004409	0.003568	0
CEEK_USD	2018-12-08	0.004090	0.004368	0.004644	0.003583	0
CEEK_USD	2018-12-07	0.004369	0.004091	0.004705	0.003693	0
CEEK_USD	2018-12-06	0.004110	0.004183	0.004441	0.003922	0
CEEK_USD	2018-12-05	0.004175	0.004700	0.004707	0.004170	0
CEEK_USD	2018-12-04	0.004701	0.004554	0.004827	0.004439	0
CEEK_USD	2018-12-03	0.004554	0.004601	0.004672	0.004382	0
CEEK_USD	2018-12-02	0.004592	0.004710	0.004823	0.004497	0
CEEK_USD	2018-12-01	0.004710	0.004697	0.005066	0.004616	0
CEEK_USD	2018-11-30	0.004697	0.004792	0.005171	0.004497	0
CEEK_USD	2018-11-29	0.004792	0.004749	0.005152	0.004544	0
CEEK_USD	2018-11-28	0.004749	0.004218	0.004909	0.004218	0
CEEK_USD	2018-11-27	0.004218	0.003847	0.004792	0.003722	0
CEEK_USD	2018-11-26	0.003847	0.004672	0.004937	0.003810	0
CEEK_USD	2018-11-25	0.004687	0.004372	0.004880	0.004206	0
CEEK_USD	2018-11-24	0.004372	0.004435	0.005301	0.004255	0
CEEK_USD	2018-11-23	0.004435	0.005410	0.005486	0.004286	0
CEEK_USD	2018-11-22	0.005507	0.005712	0.006513	0.004455	0
CEEK_USD	2018-11-21	0.005729	0.004801	0.006705	0.004283	0
CEEK_USD	2018-11-20	0.004798	0.006651	0.007509	0.004291	0
CEEK_USD	2018-11-19	0.006651	0.009470	0.009470	0.006651	0
CEEK_USD	2018-11-18	0.009470	0.009175	0.010249	0.009175	0
CEEK_USD	2018-11-17	0.009175	0.009960	0.009968	0.008787	0
CEEK_USD	2018-11-16	0.009960	0.009576	0.010534	0.009148	0
CEEK_USD	2018-11-15	0.009576	0.009394	0.009576	0.008230	0
CEEK_USD	2018-11-14	0.009328	0.010316	0.010540	0.008305	0
CEEK_USD	2018-11-13	0.010330	0.010736	0.010843	0.009791	0
CEEK_USD	2018-11-12	0.010736	0.010790	0.011141	0.010650	0
CEEK_USD	2018-11-11	0.010809	0.010890	0.011410	0.010640	0
CEEK_USD	2018-11-10	0.010890	0.010732	0.011110	0.010707	0
CEEK_USD	2018-11-09	0.010732	0.011183	0.011449	0.010230	0
CEEK_USD	2018-11-08	0.011183	0.011937	0.011937	0.010811	0
CEEK_USD	2018-11-07	0.011937	0.012022	0.013979	0.011028	0
CEEK_USD	2018-11-06	0.012022	0.010886	0.012022	0.010798	0
CEEK_USD	2018-11-05	0.010886	0.011615	0.012765	0.010765	0
CEEK_USD	2018-11-04	0.011615	0.010610	0.012478	0.010490	0
CEEK_USD	2018-11-03	0.010610	0.012645	0.012661	0.010423	0
CEEK_USD	2018-11-02	0.012645	0.012124	0.012927	0.012107	0
CEEK_USD	2018-11-01	0.012124	0.010730	0.012903	0.009905	0
CEEK_USD	2018-10-31	0.010730	0.010699	0.010941	0.010207	0
CEEK_USD	2018-10-30	0.010711	0.010261	0.011092	0.010257	0
CEEK_USD	2018-10-29	0.010261	0.011598	0.011635	0.009835	0
CEEK_USD	2018-10-28	0.011598	0.010620	0.011622	0.010197	0
CEEK_USD	2018-10-27	0.010620	0.010389	0.012770	0.009804	0
CEEK_USD	2018-10-26	0.010389	0.010359	0.011588	0.009874	0
CEEK_USD	2018-10-25	0.010359	0.010669	0.012688	0.009853	0
CEEK_USD	2018-10-24	0.010669	0.011946	0.012010	0.010667	0
CEEK_USD	2018-10-23	0.011946	0.010904	0.012355	0.010781	0
CEEK_USD	2018-10-22	0.010904	0.011375	0.013839	0.009962	0
CEEK_USD	2018-10-21	0.011367	0.010658	0.011515	0.010658	0
CEEK_USD	2018-10-20	0.010657	0.010120	0.012337	0.010056	0
CEEK_USD	2018-10-19	0.010118	0.011398	0.011438	0.009239	0
CEEK_USD	2018-10-18	0.011398	0.012954	0.015937	0.010907	0
CEEK_USD	2018-10-17	0.012954	0.010348	0.012992	0.010260	0
CEEK_USD	2018-10-16	0.010351	0.010605	0.010824	0.010180	0
CEEK_USD	2018-10-15	0.010605	0.010629	0.011680	0.009456	0
CEEK_USD	2018-10-14	0.010622	0.010685	0.011297	0.009629	0
CEEK_USD	2018-10-13	0.010687	0.009717	0.010693	0.008740	0
CEEK_USD	2018-10-12	0.009726	0.006008	0.010584	0.005812	0
CEEK_USD	2018-10-11	0.005999	0.006345	0.007580	0.005188	0
CEEK_USD	2018-10-10	0.006345	0.005206	0.007314	0.005133	0
CEEK_USD	2018-10-09	0.005206	0.005534	0.005791	0.005204	0
CEEK_USD	2018-10-08	0.005534	0.005830	0.006079	0.005370	0
CEEK_USD	2018-10-07	0.005830	0.005317	0.005863	0.005144	0
CEEK_USD	2018-10-06	0.005317	0.004779	0.010880	0.004523	0
CEEK_USD	2018-10-05	0.004779	0.004955	0.005293	0.004674	0
CEEK_USD	2018-10-04	0.004955	0.004347	0.005307	0.004329	0
CEEK_USD	2018-10-03	0.004344	0.004468	0.004876	0.003937	0
CEEK_USD	2018-10-02	0.004474	0.005533	0.005551	0.003211	0
CEEK_USD	2018-10-01	0.005532	0.005218	0.005555	0.005133	0
CEEK_USD	2018-09-30	0.005218	0.005222	0.005353	0.004967	0
CEEK_USD	2018-09-29	0.005222	0.005326	0.005680	0.005060	0
CEEK_USD	2018-09-28	0.005326	0.005651	0.005881	0.004887	0
CEEK_USD	2018-09-27	0.005647	0.005264	0.005877	0.005036	0
CEEK_USD	2018-09-26	0.005274	0.005469	0.005495	0.004921	0
CEEK_USD	2018-09-25	0.005438	0.005090	0.005514	0.004992	0
CEEK_USD	2018-09-24	0.005090	0.006137	0.006492	0.005040	0
CEEK_USD	2018-09-23	0.006136	0.005745	0.006363	0.005655	0
CEEK_USD	2018-09-22	0.005743	0.006418	0.006602	0.005690	0
CEEK_USD	2018-09-21	0.006426	0.005745	0.006696	0.005549	0
CEEK_USD	2018-09-20	0.005745	0.005674	0.005821	0.005403	0
CEEK_USD	2018-09-19	0.005669	0.005740	0.005831	0.005189	0
CEEK_USD	2018-09-18	0.005740	0.005180	0.005889	0.005115	0
CEEK_USD	2018-09-17	0.005180	0.005502	0.005763	0.004885	0
CEEK_USD	2018-09-16	0.005502	0.005992	0.006008	0.005418	0
CEEK_USD	2018-09-15	0.006017	0.005339	0.006280	0.005339	0
CEEK_USD	2018-09-14	0.005394	0.005943	0.006327	0.005394	0
CEEK_USD	2018-09-13	0.005943	0.006144	0.006993	0.005848	0
CEEK_USD	2018-09-12	0.006144	0.006019	0.006265	0.005456	0
CEEK_USD	2018-09-11	0.006034	0.006013	0.006193	0.005412	0
CEEK_USD	2018-09-10	0.006013	0.005185	0.006941	0.005123	0
CEEK_USD	2018-09-09	0.005174	0.005309	0.005934	0.004725	0
CEEK_USD	2018-09-08	0.005309	0.006008	0.006299	0.005209	0
CEEK_USD	2018-09-07	0.006008	0.006896	0.007349	0.005815	0
CEEK_USD	2018-09-06	0.006897	0.006751	0.007203	0.006145	0
CEEK_USD	2018-09-05	0.006751	0.007276	0.009826	0.006266	0
CEEK_USD	2018-09-04	0.007276	0.007514	0.008087	0.006936	0
CEEK_USD	2018-09-03	0.007521	0.007292	0.008331	0.006950	0
CEEK_USD	2018-09-02	0.007292	0.009067	0.009531	0.006739	0
CEEK_USD	2018-09-01	0.009309	0.004101	0.017392	0.004101	0
CEEK_USD	2018-08-31	0.004101	0.004409	0.005427	0.003859	0
CEEK_USD	2018-08-30	0.004411	0.004764	0.005172	0.003977	0
CEEK_USD	2018-08-29	0.004770	0.005906	0.005906	0.004740	0
CEEK_USD	2018-08-28	0.005862	0.005818	0.006019	0.005385	0
CEEK_USD	2018-08-27	0.005799	0.006403	0.006503	0.004889	0
CEEK_USD	2018-08-26	0.006403	0.008069	0.008371	0.005174	0
CEEK_USD	2018-08-25	0.008069	0.007960	0.008505	0.007479	0
CEEK_USD	2018-08-24	0.007960	0.008002	0.008594	0.007607	0
CEEK_USD	2018-08-23	0.008000	0.009103	0.009248	0.007950	0
CEEK_USD	2018-08-22	0.009088	0.011118	0.013052	0.008085	0
CEEK_USD	2018-08-21	0.011117	0.009234	0.012414	0.007879	0
CEEK_USD	2018-08-20	0.009230	0.014096	0.017360	0.007821	0
CEEK_USD	2018-08-19	0.014100	0.015238	0.015477	0.013292	0
CEEK_USD	2018-08-18	0.015222	0.013461	0.015533	0.011589	0
CEEK_USD	2018-08-17	0.013449	0.009974	0.013489	0.009379	0
CEEK_USD	2018-08-16	0.009988	0.009785	0.010399	0.009680	0
CEEK_USD	2018-08-15	0.009777	0.008355	0.012637	0.008028	0
CEEK_USD	2018-08-14	0.008345	0.011394	0.012269	0.007830	0
CEEK_USD	2018-08-13	0.011394	0.021795	0.021960	0.011389	0
CEEK_USD	2018-08-12	0.021794	0.012285	0.021904	0.012180	0
CEEK_USD	2018-08-11	0.012299	0.013376	0.015061	0.011629	0
CEEK_USD	2018-08-10	0.013379	0.013846	0.021877	0.013157	0
CEEK_USD	2018-08-09	0.013838	0.014589	0.016799	0.013779	0
CEEK_USD	2018-08-08	0.014581	0.017442	0.020519	0.014364	0
CEEK_USD	2018-08-07	0.017451	0.020249	0.020515	0.016775	0
CEEK_USD	2018-08-06	0.020252	0.024082	0.024701	0.020063	0
CEEK_USD	2018-08-05	0.024075	0.021371	0.027799	0.020999	0
CEEK_USD	2018-08-04	0.021353	0.021944	0.041472	0.021238	0
CEEK_USD	2018-08-03	0.021944	0.024078	0.024791	0.021776	0
CEEK_USD	2018-08-02	0.024078	0.025730	0.025977	0.021416	0
CEEK_USD	2018-08-01	0.025713	0.026429	0.026574	0.022988	0
CEEK_USD	2018-07-31	0.026416	0.029461	0.029920	0.026149	0
CEEK_USD	2018-07-30	0.029462	0.029418	0.038119	0.028702	0
CEEK_USD	2018-07-29	0.029435	0.031266	0.031266	0.029168	0
CEEK_USD	2018-07-28	0.031266	0.033501	0.033501	0.030584	0
CEEK_USD	2018-07-27	0.033501	0.033731	0.035476	0.033501	0
CEEK_USD	2018-07-26	0.033731	0.031725	0.045403	0.031725	0
CEEK_USD	2018-07-25	0.031701	0.034051	0.034503	0.028866	0
CEEK_USD	2018-07-24	0.034167	0.034111	0.037031	0.033941	0
CEEK_USD	2018-07-23	0.034098	0.034694	0.044489	0.032137	0
CEEK_USD	2018-07-22	0.034739	0.033330	0.035352	0.027644	0
CEEK_USD	2018-07-21	0.033330	0.030146	0.033452	0.029675	0
CEEK_USD	2018-07-20	0.030146	0.034023	0.034052	0.029547	0
CEEK_USD	2018-07-19	0.034023	0.034371	0.037382	0.033333	0
CEEK_USD	2018-07-18	0.034370	0.034962	0.046123	0.033742	0
CEEK_USD	2018-07-17	0.034962	0.037396	0.136641	0.034942	0
CEEK_USD	2018-07-16	0.037447	0.035978	0.038434	0.035357	0
CEEK_USD	2018-07-15	0.035978	0.038647	0.040574	0.035840	0
CEEK_USD	2018-07-14	0.038647	0.034750	0.038777	0.034439	0
CEEK_USD	2018-07-13	0.034739	0.034617	0.038673	0.034418	0
CEEK_USD	2018-07-12	0.034552	0.034556	0.035840	0.033203	0
CEEK_USD	2018-07-11	0.034512	0.033747	0.038729	0.033262	0
CEEK_USD	2018-07-10	0.033714	0.041782	0.041967	0.033472	0
