CHAN_USD	2019-04-09	0.000184	0.000186	0.000186	0.000181	0
CHAN_USD	2019-04-08	0.000186	0.000184	0.000188	0.000180	0
CHAN_USD	2019-04-07	0.000184	0.000178	0.000186	0.000178	0
CHAN_USD	2019-04-06	0.000178	0.000229	0.000229	0.000174	0
CHAN_USD	2019-04-05	0.000229	0.000222	0.000230	0.000222	0
CHAN_USD	2019-04-04	0.000222	0.000274	0.000280	0.000176	0
CHAN_USD	2019-04-03	0.000274	0.000271	0.000293	0.000267	0
CHAN_USD	2019-04-02	0.000271	0.000231	0.000279	0.000230	0
CHAN_USD	2019-04-01	0.000231	0.000230	0.000232	0.000230	0
CHAN_USD	2019-03-31	0.000229	0.000229	0.000230	0.000228	0
CHAN_USD	2019-03-30	0.000229	0.000230	0.000232	0.000227	0
CHAN_USD	2019-03-29	0.000230	0.000225	0.000230	0.000225	0
CHAN_USD	2019-03-28	0.000225	0.000246	0.000246	0.000224	0
CHAN_USD	2019-03-27	0.000246	0.000240	0.000247	0.000240	0
CHAN_USD	2019-03-26	0.000240	0.000238	0.000240	0.000237	0
CHAN_USD	2019-03-25	0.000238	0.000242	0.000243	0.000236	0
CHAN_USD	2019-03-24	0.000242	0.000223	0.000244	0.000222	0
CHAN_USD	2019-03-23	0.000223	0.000121	0.000344	0.000121	0
CHAN_USD	2019-03-22	0.000121	0.000121	0.000122	0.000121	0
CHAN_USD	2019-03-21	0.000121	0.000124	0.000124	0.000120	0
CHAN_USD	2019-03-20	0.000124	0.000123	0.000124	0.000122	0
CHAN_USD	2019-03-19	0.000123	0.000122	0.000124	0.000122	0
CHAN_USD	2019-03-18	0.000122	0.000122	0.000124	0.000121	0
CHAN_USD	2019-03-17	0.000122	0.000123	0.000123	0.000121	0
CHAN_USD	2019-03-16	0.000123	0.000120	0.000125	0.000120	0
CHAN_USD	2019-03-15	0.000120	0.000119	0.000120	0.000119	0
CHAN_USD	2019-03-14	0.000119	0.000118	0.000120	0.000117	0
CHAN_USD	2019-03-13	0.000118	0.000119	0.000119	0.000118	0
CHAN_USD	2019-03-12	0.000119	0.000138	0.000139	0.000118	0
CHAN_USD	2019-03-11	0.000138	0.000160	0.000160	0.000138	0
CHAN_USD	2019-03-10	0.000160	0.000161	0.000161	0.000159	0
CHAN_USD	2019-03-09	0.000161	0.000158	0.000162	0.000157	0
CHAN_USD	2019-03-08	0.000158	0.000159	0.000161	0.000155	0
CHAN_USD	2019-03-07	0.000159	0.000158	0.000160	0.000157	0
CHAN_USD	2019-03-06	0.000158	0.000158	0.000159	0.000156	0
CHAN_USD	2019-03-05	0.000158	0.000152	0.000159	0.000151	0
CHAN_USD	2019-03-04	0.000152	0.000155	0.000156	0.000151	0
CHAN_USD	2019-03-03	0.000155	0.000157	0.000157	0.000154	0
CHAN_USD	2019-03-02	0.000157	0.000157	0.000157	0.000154	0
CHAN_USD	2019-03-01	0.000157	0.000156	0.000158	0.000156	0
CHAN_USD	2019-02-28	0.000156	0.000156	0.000159	0.000155	0
CHAN_USD	2019-02-27	0.000156	0.000156	0.000157	0.000137	0
CHAN_USD	2019-02-26	0.000156	0.000118	0.000157	0.000116	0
CHAN_USD	2019-02-25	0.000118	0.000115	0.000119	0.000115	0
CHAN_USD	2019-02-24	0.000115	0.000126	0.000128	0.000114	0
CHAN_USD	2019-02-23	0.000126	0.000122	0.000128	0.000120	0
CHAN_USD	2019-02-22	0.000122	0.000140	0.000142	0.000121	0
CHAN_USD	2019-02-21	0.000140	0.000102	0.000182	0.000100	0
CHAN_USD	2019-02-20	0.000102	0.000100	0.000102	0.000099	0
CHAN_USD	2019-02-19	0.000100	0.000099	0.000102	0.000099	0
CHAN_USD	2019-02-18	0.000099	0.000112	0.000115	0.000095	0
CHAN_USD	2019-02-17	0.000112	0.000110	0.000130	0.000093	0
CHAN_USD	2019-02-16	0.000110	0.000092	0.000167	0.000092	0
CHAN_USD	2019-02-15	0.000092	0.000091	0.000093	0.000091	0
CHAN_USD	2019-02-14	0.000091	0.000092	0.000092	0.000091	0
CHAN_USD	2019-02-13	0.000091	0.000092	0.000093	0.000091	0
CHAN_USD	2019-02-12	0.000092	0.000092	0.000093	0.000091	0
CHAN_USD	2019-02-11	0.000092	0.000112	0.000112	0.000092	0
CHAN_USD	2019-02-10	0.000112	0.000112	0.000112	0.000110	0
CHAN_USD	2019-02-09	0.000112	0.000112	0.000112	0.000111	0
CHAN_USD	2019-02-08	0.000112	0.000103	0.000114	0.000103	0
CHAN_USD	2019-02-07	0.000103	0.000104	0.000104	0.000103	0
CHAN_USD	2019-02-06	0.000104	0.000105	0.000106	0.000103	0
CHAN_USD	2019-02-05	0.000105	0.000122	0.000122	0.000105	0
CHAN_USD	2019-02-04	0.000122	0.000088	0.000123	0.000087	0
CHAN_USD	2019-02-03	0.000088	0.000071	0.000088	0.000069	0
CHAN_USD	2019-02-02	0.000070	0.000071	0.000071	0.000070	0
CHAN_USD	2019-02-01	0.000071	0.000070	0.000071	0.000069	0
CHAN_USD	2019-01-31	0.000070	0.000088	0.000089	0.000070	0
CHAN_USD	2019-01-30	0.000088	0.000087	0.000089	0.000086	0
CHAN_USD	2019-01-29	0.000087	0.000088	0.000088	0.000086	0
CHAN_USD	2019-01-28	0.000088	0.000090	0.000090	0.000086	0
CHAN_USD	2019-01-27	0.000090	0.000091	0.000091	0.000089	0
CHAN_USD	2019-01-26	0.000091	0.000091	0.000093	0.000091	0
CHAN_USD	2019-01-25	0.000090	0.000055	0.000091	0.000054	0
CHAN_USD	2019-01-24	0.000055	0.000054	0.000055	0.000054	0
CHAN_USD	2019-01-23	0.000054	0.000073	0.000073	0.000054	0
CHAN_USD	2019-01-22	0.000073	0.000090	0.000091	0.000073	0
CHAN_USD	2019-01-21	0.000090	0.000090	0.000090	0.000089	0
CHAN_USD	2019-01-20	0.000090	0.000094	0.000095	0.000089	0
CHAN_USD	2019-01-19	0.000094	0.000129	0.000135	0.000094	0
CHAN_USD	2019-01-18	0.000129	0.000130	0.000130	0.000128	0
CHAN_USD	2019-01-17	0.000129	0.000129	0.000130	0.000127	0
CHAN_USD	2019-01-16	0.000129	0.000128	0.000131	0.000128	0
CHAN_USD	2019-01-15	0.000128	0.000131	0.000132	0.000127	0
CHAN_USD	2019-01-14	0.000131	0.000126	0.000133	0.000125	0
CHAN_USD	2019-01-13	0.000126	0.000148	0.000149	0.000125	0
CHAN_USD	2019-01-12	0.000148	0.000149	0.000149	0.000147	0
CHAN_USD	2019-01-11	0.000149	0.000167	0.000170	0.000147	0
CHAN_USD	2019-01-10	0.000167	0.000204	0.000207	0.000166	0
CHAN_USD	2019-01-09	0.000204	0.000205	0.000208	0.000202	0
CHAN_USD	2019-01-08	0.000205	0.000288	0.000289	0.000205	0
CHAN_USD	2019-01-07	0.000288	0.000292	0.000294	0.000286	0
CHAN_USD	2019-01-06	0.000292	0.000274	0.000548	0.000272	0
CHAN_USD	2019-01-05	0.000274	0.000277	0.000281	0.000273	0
CHAN_USD	2019-01-04	0.000277	0.000274	0.000279	0.000270	0
CHAN_USD	2019-01-03	0.000274	0.000284	0.000284	0.000273	0
CHAN_USD	2019-01-02	0.000284	0.000277	0.000285	0.000274	0
CHAN_USD	2019-01-01	0.000277	0.000268	0.000279	0.000265	0
CHAN_USD	2018-12-31	0.000268	0.000298	0.000299	0.000265	0
CHAN_USD	2018-12-30	0.000298	0.000175	0.000299	0.000173	0
CHAN_USD	2018-12-29	0.000175	0.000283	0.000285	0.000174	0
CHAN_USD	2018-12-28	0.000283	0.000279	0.000306	0.000277	0
CHAN_USD	2018-12-27	0.000279	0.000275	0.000290	0.000268	0
CHAN_USD	2018-12-26	0.000275	0.000312	0.000319	0.000275	0
CHAN_USD	2018-12-25	0.000312	0.000332	0.000332	0.000306	0
CHAN_USD	2018-12-24	0.000332	0.000326	0.000351	0.000326	0
CHAN_USD	2018-12-23	0.000326	0.000330	0.000337	0.000323	0
CHAN_USD	2018-12-22	0.000330	0.000318	0.000332	0.000314	0
CHAN_USD	2018-12-21	0.000318	0.000337	0.000343	0.000312	0
CHAN_USD	2018-12-20	0.000337	0.000305	0.000344	0.000303	0
CHAN_USD	2018-12-19	0.000305	0.000302	0.000323	0.000301	0
CHAN_USD	2018-12-18	0.000302	0.000290	0.000304	0.000284	0
CHAN_USD	2018-12-17	0.000290	0.000264	0.000296	0.000263	0
CHAN_USD	2018-12-16	0.000264	0.000263	0.000270	0.000262	0
CHAN_USD	2018-12-15	0.000263	0.000279	0.000282	0.000257	0
CHAN_USD	2018-12-14	0.000279	0.000285	0.000288	0.000274	0
CHAN_USD	2018-12-13	0.000285	0.000301	0.000301	0.000283	0
CHAN_USD	2018-12-12	0.000301	0.000291	0.000306	0.000290	0
CHAN_USD	2018-12-11	0.000293	0.000300	0.000302	0.000289	0
CHAN_USD	2018-12-10	0.000300	0.000310	0.000314	0.000295	0
CHAN_USD	2018-12-09	0.000310	0.000298	0.000321	0.000295	0
CHAN_USD	2018-12-08	0.000298	0.000294	0.000311	0.000282	0
CHAN_USD	2018-12-07	0.000294	0.000283	0.000306	0.000263	0
CHAN_USD	2018-12-06	0.000283	0.000301	0.000313	0.000281	0
CHAN_USD	2018-12-05	0.000301	0.000319	0.000320	0.000300	0
CHAN_USD	2018-12-04	0.000319	0.000312	0.000331	0.000305	0
CHAN_USD	2018-12-03	0.000312	0.000333	0.000334	0.000307	0
CHAN_USD	2018-12-02	0.000333	0.000339	0.000348	0.000330	0
CHAN_USD	2018-12-01	0.000339	0.000323	0.000347	0.000318	0
CHAN_USD	2018-11-30	0.000323	0.000280	0.000328	0.000259	0
CHAN_USD	2018-11-29	0.000280	0.000280	0.000290	0.000272	0
CHAN_USD	2018-11-28	0.000280	0.000369	0.000395	0.000275	0
CHAN_USD	2018-11-27	0.000369	0.000347	0.000375	0.000334	0
CHAN_USD	2018-11-26	0.000347	0.000369	0.000378	0.000335	0
CHAN_USD	2018-11-25	0.000369	0.000354	0.000378	0.000330	0
CHAN_USD	2018-11-24	0.000354	0.000398	0.000406	0.000345	0
CHAN_USD	2018-11-23	0.000398	0.000395	0.000403	0.000383	0
CHAN_USD	2018-11-22	0.000395	0.000420	0.000425	0.000395	0
CHAN_USD	2018-11-21	0.000420	0.000413	0.000430	0.000399	0
CHAN_USD	2018-11-20	0.000413	0.000444	0.000454	0.000389	0
CHAN_USD	2018-11-19	0.000444	0.000509	0.000509	0.000440	0
CHAN_USD	2018-11-18	0.000509	0.000506	0.000514	0.000506	0
CHAN_USD	2018-11-17	0.000506	0.000509	0.000509	0.000502	0
CHAN_USD	2018-11-16	0.000509	0.000546	0.000547	0.000500	0
CHAN_USD	2018-11-15	0.000546	0.000559	0.000563	0.000517	0
CHAN_USD	2018-11-14	0.000559	0.000614	0.000616	0.000542	0
CHAN_USD	2018-11-13	0.000614	0.000612	0.000617	0.000608	0
CHAN_USD	2018-11-12	0.000612	0.000614	0.000616	0.000610	0
CHAN_USD	2018-11-11	0.000614	0.000611	0.000614	0.000605	0
CHAN_USD	2018-11-10	0.000611	0.000610	0.000614	0.000609	0
CHAN_USD	2018-11-09	0.000610	0.000616	0.000618	0.000607	0
CHAN_USD	2018-11-08	0.000616	0.000624	0.000626	0.000615	0
CHAN_USD	2018-11-07	0.000624	0.000619	0.000628	0.000619	0
CHAN_USD	2018-11-06	0.000619	0.000615	0.000619	0.000613	0
CHAN_USD	2018-11-05	0.000615	0.000649	0.000650	0.000612	0
CHAN_USD	2018-11-04	0.000649	0.000639	0.000651	0.000636	0
CHAN_USD	2018-11-03	0.000639	0.000643	0.000643	0.000633	0
CHAN_USD	2018-11-02	0.000643	0.000640	0.000645	0.000639	0
CHAN_USD	2018-11-01	0.000640	0.000605	0.000642	0.000604	0
CHAN_USD	2018-10-31	0.000605	0.000665	0.000672	0.000604	0
CHAN_USD	2018-10-30	0.000665	0.000666	0.000670	0.000663	0
CHAN_USD	2018-10-29	0.000666	0.000649	0.000682	0.000648	0
CHAN_USD	2018-10-28	0.000649	0.000650	0.000651	0.000646	0
CHAN_USD	2018-10-27	0.000650	0.000653	0.000655	0.000648	0
CHAN_USD	2018-10-26	0.000653	0.000653	0.000659	0.000651	0
CHAN_USD	2018-10-25	0.000653	0.000655	0.000656	0.000620	0
CHAN_USD	2018-10-24	0.000655	0.000786	0.000795	0.000623	0
CHAN_USD	2018-10-23	0.000786	0.000788	0.000790	0.000784	0
CHAN_USD	2018-10-22	0.000788	0.000791	0.000795	0.000786	0
CHAN_USD	2018-10-21	0.000791	0.000790	0.000799	0.000790	0
CHAN_USD	2018-10-20	0.000790	0.000783	0.000793	0.000781	0
CHAN_USD	2018-10-19	0.000783	0.000794	0.000796	0.000782	0
CHAN_USD	2018-10-18	0.000794	0.000808	0.000813	0.000788	0
CHAN_USD	2018-10-17	0.000808	0.000845	0.000845	0.000802	0
CHAN_USD	2018-10-16	0.000845	0.000843	0.000861	0.000835	0
CHAN_USD	2018-10-15	0.000843	0.000792	0.000940	0.000787	0
CHAN_USD	2018-10-14	0.000792	0.000791	0.000800	0.000790	0
CHAN_USD	2018-10-13	0.000791	0.000787	0.000791	0.000786	0
CHAN_USD	2018-10-12	0.000787	0.000782	0.000794	0.000778	0
CHAN_USD	2018-10-11	0.000782	0.000961	0.000961	0.000779	0
CHAN_USD	2018-10-10	0.000961	0.000966	0.000966	0.000947	0
CHAN_USD	2018-10-09	0.000966	0.000968	0.000969	0.000958	0
CHAN_USD	2018-10-08	0.000968	0.001023	0.001026	0.000965	0
CHAN_USD	2018-10-07	0.001023	0.000791	0.001360	0.000686	0
CHAN_USD	2018-10-06	0.000791	0.000797	0.000798	0.000788	0
CHAN_USD	2018-10-05	0.000797	0.000790	0.000800	0.000786	0
CHAN_USD	2018-10-04	0.000790	0.000878	0.000895	0.000787	0
CHAN_USD	2018-10-03	0.000878	0.000883	0.000885	0.000868	0
CHAN_USD	2018-10-02	0.000883	0.000891	0.000895	0.000879	0
CHAN_USD	2018-10-01	0.000891	0.000894	0.000899	0.000880	0
CHAN_USD	2018-09-30	0.000894	0.000892	0.000899	0.000882	0
CHAN_USD	2018-09-29	0.000892	0.000929	0.000929	0.000884	0
CHAN_USD	2018-09-28	0.000929	0.000936	0.000956	0.000916	0
CHAN_USD	2018-09-27	0.000936	0.000905	0.000942	0.000902	0
CHAN_USD	2018-09-26	0.000905	0.000933	0.000948	0.000901	0
CHAN_USD	2018-09-25	0.000933	0.000955	0.000955	0.000921	0
CHAN_USD	2018-09-24	0.000955	0.000973	0.000975	0.000951	0
CHAN_USD	2018-09-23	0.000973	0.000908	0.000975	0.000900	0
CHAN_USD	2018-09-22	0.000908	0.000914	0.000923	0.000897	0
CHAN_USD	2018-09-21	0.000914	0.000878	0.000915	0.000877	0
CHAN_USD	2018-09-20	0.000878	0.000927	0.000934	0.000859	0
CHAN_USD	2018-09-19	0.000927	0.000920	0.000938	0.000887	0
CHAN_USD	2018-09-18	0.000920	0.000907	0.000925	0.000903	0
CHAN_USD	2018-09-17	0.000907	0.000942	0.000947	0.000901	0
CHAN_USD	2018-09-16	0.000942	0.000945	0.000945	0.000925	0
CHAN_USD	2018-09-15	0.000945	0.000941	0.000952	0.000939	0
CHAN_USD	2018-09-14	0.000941	0.000939	0.000955	0.000924	0
CHAN_USD	2018-09-13	0.000939	0.000919	0.000946	0.000918	0
CHAN_USD	2018-09-12	0.000919	0.000943	0.000945	0.000905	0
CHAN_USD	2018-09-11	0.000943	0.000946	0.000958	0.000927	0
CHAN_USD	2018-09-10	0.000946	0.000936	0.000952	0.000936	0
CHAN_USD	2018-09-09	0.000936	0.000928	0.000963	0.000923	0
CHAN_USD	2018-09-08	0.000928	0.000961	0.000971	0.000921	0
CHAN_USD	2018-09-07	0.000961	0.000977	0.000980	0.000949	0
CHAN_USD	2018-09-06	0.000977	0.001006	0.001008	0.000947	0
CHAN_USD	2018-09-05	0.001006	0.001104	0.001109	0.001005	0
CHAN_USD	2018-09-04	0.001104	0.001090	0.001112	0.001087	0
CHAN_USD	2018-09-03	0.001090	0.001094	0.001100	0.001080	0
CHAN_USD	2018-09-02	0.001094	0.001080	0.001102	0.001071	0
CHAN_USD	2018-09-01	0.001080	0.001124	0.001130	0.001055	0
CHAN_USD	2018-08-31	0.001124	0.001119	0.001133	0.001103	0
CHAN_USD	2018-08-30	0.001119	0.001127	0.001130	0.001089	0
CHAN_USD	2018-08-29	0.001127	0.001133	0.001140	0.001108	0
CHAN_USD	2018-08-28	0.001133	0.001104	0.001140	0.001100	0
CHAN_USD	2018-08-27	0.001104	0.001073	0.001106	0.001066	0
CHAN_USD	2018-08-26	0.001073	0.001078	0.001085	0.001053	0
CHAN_USD	2018-08-25	0.001078	0.001071	0.001087	0.001067	0
CHAN_USD	2018-08-24	0.001071	0.001044	0.001076	0.001034	0
CHAN_USD	2018-08-23	0.001044	0.001017	0.001051	0.001016	0
CHAN_USD	2018-08-22	0.001017	0.001037	0.001099	0.001000	0
CHAN_USD	2018-08-21	0.001037	0.001001	0.001040	0.001000	0
CHAN_USD	2018-08-20	0.001001	0.001038	0.001043	0.000997	0
CHAN_USD	2018-08-19	0.001038	0.001023	0.001046	0.001010	0
CHAN_USD	2018-08-18	0.001023	0.001054	0.001058	0.001009	0
CHAN_USD	2018-08-17	0.001054	0.001010	0.001054	0.001007	0
CHAN_USD	2018-08-16	0.001010	0.001066	0.001100	0.000997	0
CHAN_USD	2018-08-15	0.001066	0.001052	0.001124	0.001051	0
CHAN_USD	2018-08-14	0.001052	0.001063	0.001063	0.001001	0
CHAN_USD	2018-08-13	0.001063	0.001073	0.001111	0.001047	0
CHAN_USD	2018-08-12	0.001073	0.001058	0.001096	0.001050	0
CHAN_USD	2018-08-11	0.001058	0.001044	0.001098	0.001022	0
CHAN_USD	2018-08-10	0.001044	0.001110	0.001118	0.001023	0
CHAN_USD	2018-08-09	0.001110	0.001067	0.001126	0.001052	0
CHAN_USD	2018-08-08	0.001067	0.001142	0.001142	0.001043	0
CHAN_USD	2018-08-07	0.001142	0.001179	0.001215	0.001136	0
CHAN_USD	2018-08-06	0.001179	0.001336	0.001358	0.001137	0
CHAN_USD	2018-08-05	0.001336	0.001331	0.001347	0.001309	0
CHAN_USD	2018-08-04	0.001331	0.001409	0.001423	0.001317	0
CHAN_USD	2018-08-03	0.001409	0.001545	0.001545	0.001393	0
CHAN_USD	2018-08-02	0.001545	0.001560	0.001579	0.001530	0
CHAN_USD	2018-08-01	0.001560	0.001588	0.001590	0.001526	0
CHAN_USD	2018-07-31	0.001588	0.001675	0.001676	0.001572	0
CHAN_USD	2018-07-30	0.001675	0.001686	0.001697	0.001612	0
CHAN_USD	2018-07-29	0.001685	0.001676	0.001697	0.001665	0
CHAN_USD	2018-07-27	0.001690	0.001690	0.001690	0.001690	0
CHAN_USD	2018-07-26	0.001690	0.001676	0.001702	0.001676	0
CHAN_USD	2018-07-25	0.001676	0.001725	0.001740	0.001655	0
CHAN_USD	2018-07-24	0.001725	0.001581	0.001737	0.001577	0
CHAN_USD	2018-07-23	0.001581	0.001517	0.001595	0.001512	0
CHAN_USD	2018-07-22	0.001517	0.001518	0.001551	0.001506	0
CHAN_USD	2018-07-21	0.001518	0.001503	0.001527	0.001480	0
CHAN_USD	2018-07-20	0.001503	0.001532	0.001575	0.001492	0
CHAN_USD	2018-07-19	0.001532	0.001473	0.001549	0.001457	0
CHAN_USD	2018-07-18	0.001473	0.001501	0.001546	0.001450	0
CHAN_USD	2018-07-17	0.001501	0.001381	0.001530	0.001367	0
CHAN_USD	2018-07-16	0.001381	0.001301	0.001383	0.001298	0
CHAN_USD	2018-07-15	0.001301	0.001281	0.001310	0.001278	0
CHAN_USD	2018-07-14	0.001281	0.001275	0.001292	0.001267	0
CHAN_USD	2018-07-13	0.001275	0.001277	0.001297	0.001260	0
CHAN_USD	2018-07-12	0.001277	0.001339	0.001339	0.001247	0
CHAN_USD	2018-07-11	0.001339	0.001323	0.001343	0.001321	0
CHAN_USD	2018-07-10	0.001323	0.001299	0.001378	0.001295	0
CHAN_USD	2018-07-09	0.001299	0.001308	0.001325	0.001294	0
CHAN_USD	2018-07-08	0.001308	0.001386	0.001392	0.001113	0
CHAN_USD	2018-07-07	0.001386	0.001386	0.001399	0.001335	0
CHAN_USD	2018-07-06	0.001386	0.001341	0.001423	0.001216	0
CHAN_USD	2018-07-05	0.001341	0.003394	0.003449	0.001331	0
CHAN_USD	2018-07-04	0.003394	0.003347	0.003458	0.003305	0
CHAN_USD	2018-07-03	0.003347	0.003408	0.003435	0.000045	0
CHAN_USD	2018-07-02	0.003408	0.003270	0.003437	0.000000	0
CHAN_USD	2018-07-01	0.003270	0.003292	0.003312	0.003229	0
CHAN_USD	2018-06-30	0.003292	0.003195	0.003356	0.003195	0
CHAN_USD	2018-06-29	0.003197	0.003012	0.003231	0.002987	0
CHAN_USD	2018-06-28	0.003017	0.003159	0.003175	0.003002	0
CHAN_USD	2018-06-27	0.003159	0.003124	0.003182	0.003084	0
CHAN_USD	2018-06-26	0.003134	0.003219	0.003231	0.003117	0
CHAN_USD	2018-06-25	0.003217	0.003165	0.003252	0.003132	0
CHAN_USD	2018-06-24	0.003166	0.003172	0.003213	0.002974	0
CHAN_USD	2018-06-23	0.003168	0.003112	0.003218	0.003098	0
CHAN_USD	2018-06-22	0.003112	0.003458	0.003466	0.003057	0
CHAN_USD	2018-06-21	0.003457	0.003481	0.003495	0.003446	0
CHAN_USD	2018-06-20	0.003482	0.003467	0.003508	0.003379	0
CHAN_USD	2018-06-19	0.003471	0.003456	0.003516	0.003435	0
CHAN_USD	2018-06-18	0.003455	0.003318	0.003495	0.003290	0
CHAN_USD	2018-06-17	0.003315	0.003341	0.003384	0.003310	0
CHAN_USD	2018-06-16	0.003340	0.003288	0.003373	0.003260	0
CHAN_USD	2018-06-15	0.003287	0.003421	0.003421	0.003276	0
CHAN_USD	2018-06-14	0.003414	0.003242	0.003449	0.003230	0
CHAN_USD	2018-06-13	0.003240	0.003370	0.003402	0.003156	0
CHAN_USD	2018-06-12	0.003369	0.003538	0.003538	0.003317	0
CHAN_USD	2018-06-11	0.003540	0.003480	0.003552	0.003419	0
CHAN_USD	2018-06-10	0.003476	0.003862	0.003862	0.003420	0
CHAN_USD	2018-06-09	0.003861	0.003922	0.003958	0.003848	0
CHAN_USD	2018-06-08	0.003922	0.003958	0.003964	0.003885	0
CHAN_USD	2018-06-07	0.003960	0.003942	0.003994	0.003938	0
CHAN_USD	2018-06-06	0.003942	0.003929	0.003963	0.003860	0
CHAN_USD	2018-06-05	0.003925	0.003857	0.003951	0.003797	0
CHAN_USD	2018-06-04	0.003860	0.003978	0.003995	0.003841	0
CHAN_USD	2018-06-03	0.003975	0.003931	0.004005	0.003914	0
CHAN_USD	2018-06-02	0.003934	0.003876	0.003960	0.003839	0
CHAN_USD	2018-06-01	0.003873	0.003855	0.003914	0.003786	0
CHAN_USD	2018-05-31	0.003856	0.003797	0.003914	0.003779	0
CHAN_USD	2018-05-30	0.003798	0.003845	0.003892	0.003749	0
CHAN_USD	2018-05-29	0.003840	0.003659	0.003873	0.003630	0
CHAN_USD	2018-05-28	0.003656	0.003782	0.003827	0.003641	0
CHAN_USD	2018-05-27	0.003780	0.003774	0.003805	0.003719	0
CHAN_USD	2018-05-26	0.003774	0.003840	0.003921	0.003754	0
CHAN_USD	2018-05-25	0.003841	0.003902	0.003938	0.003776	0
CHAN_USD	2018-05-24	0.003900	0.003864	0.003974	0.003741	0
CHAN_USD	2018-05-23	0.003867	0.004108	0.004130	0.003836	0
CHAN_USD	2018-05-22	0.004110	0.004324	0.004329	0.004094	0
CHAN_USD	2018-05-21	0.004324	0.004389	0.004401	0.004307	0
CHAN_USD	2018-05-20	0.004389	0.004244	0.004420	0.004208	0
CHAN_USD	2018-05-19	0.004244	0.004243	0.004322	0.004194	0
CHAN_USD	2018-05-18	0.004243	0.004149	0.004261	0.004083	0
CHAN_USD	2018-05-17	0.004154	0.004299	0.004359	0.004118	0
CHAN_USD	2018-05-16	0.004296	0.004360	0.004371	0.004173	0
CHAN_USD	2018-05-15	0.004360	0.004463	0.004546	0.004339	0
CHAN_USD	2018-05-14	0.004464	0.004472	0.004572	0.004263	0
CHAN_USD	2018-05-13	0.004472	0.004365	0.004508	0.004289	0
CHAN_USD	2018-05-12	0.004355	0.004322	0.004443	0.004226	0
CHAN_USD	2018-05-11	0.004322	0.004645	0.004645	0.004298	0
CHAN_USD	2018-05-10	0.004645	0.004799	0.004836	0.004637	0
CHAN_USD	2018-05-09	0.004799	0.004730	0.004826	0.004625	0
CHAN_USD	2018-05-08	0.004733	0.004820	0.004836	0.000001	0
CHAN_USD	2018-05-07	0.004856	0.004974	0.004983	0.004738	0
CHAN_USD	2018-05-06	0.004974	0.005080	0.005132	0.004869	0
CHAN_USD	2018-05-05	0.005074	0.005000	0.005143	0.004988	0
CHAN_USD	2018-05-04	0.005000	0.005029	0.005053	0.004924	0
CHAN_USD	2018-05-03	0.005032	0.004756	0.005066	0.004724	0
CHAN_USD	2018-05-02	0.004756	0.004669	0.004774	0.004625	0
CHAN_USD	2018-05-01	0.004673	0.004757	0.004758	0.004551	0
CHAN_USD	2018-04-30	0.004757	0.004840	0.004867	0.004695	0
CHAN_USD	2018-04-29	0.004840	0.004810	0.004924	0.004730	0
CHAN_USD	2018-04-28	0.004810	0.004599	0.004858	0.004569	0
CHAN_USD	2018-04-27	0.004599	0.004787	0.004831	0.004586	0
CHAN_USD	2018-04-26	0.004787	0.004571	0.004793	0.004462	0
CHAN_USD	2018-04-25	0.004571	0.004970	0.005024	0.004524	0
CHAN_USD	2018-04-24	0.004982	0.004604	0.005015	0.004599	0
CHAN_USD	2018-04-23	0.004604	0.004532	0.004638	0.004518	0
CHAN_USD	2018-04-22	0.004532	0.004591	0.004648	0.004508	0
CHAN_USD	2018-04-21	0.004591	0.004568	0.004650	0.004439	0
CHAN_USD	2018-04-20	0.004568	0.004261	0.004599	0.004236	0
CHAN_USD	2018-04-19	0.004261	0.004206	0.004273	0.004176	0
CHAN_USD	2018-04-18	0.004206	0.004063	0.004235	0.004056	0
CHAN_USD	2018-04-17	0.004063	0.004149	0.004205	0.004031	0
CHAN_USD	2018-04-16	0.004149	0.004304	0.004328	0.004069	0
CHAN_USD	2018-04-15	0.004304	0.004123	0.004337	0.004122	0
CHAN_USD	2018-04-14	0.004123	0.004058	0.004213	0.004028	0
CHAN_USD	2018-04-13	0.004058	0.004075	0.004236	0.003995	0
CHAN_USD	2018-04-12	0.004075	0.003575	0.004153	0.003482	0
CHAN_USD	2018-04-11	0.003575	0.003523	0.003591	0.003500	0
CHAN_USD	2018-04-10	0.003523	0.003482	0.003548	0.003426	0
CHAN_USD	2018-04-09	0.003481	0.003613	0.003699	0.003406	0
CHAN_USD	2018-04-08	0.003613	0.003547	0.003660	0.003545	0
CHAN_USD	2018-04-07	0.003547	0.003406	0.003638	0.003399	0
CHAN_USD	2018-04-06	0.003406	0.003482	0.003525	0.003352	0
CHAN_USD	2018-04-05	0.003482	0.003495	0.003557	0.003385	0
CHAN_USD	2018-04-04	0.003495	0.003813	0.003820	0.003449	0
CHAN_USD	2018-04-03	0.003813	0.003632	0.003867	0.003615	0
CHAN_USD	2018-04-02	0.003632	0.003507	0.003665	0.003489	0
CHAN_USD	2018-04-01	0.003507	0.003566	0.003620	0.003314	0
CHAN_USD	2018-03-31	0.003566	0.003523	0.003719	0.003498	0
CHAN_USD	2018-03-30	0.003523	0.003652	0.003738	0.003388	0
CHAN_USD	2018-03-29	0.003652	0.004090	0.004100	0.003550	0
CHAN_USD	2018-03-28	0.004090	0.004009	0.004174	0.003981	0
CHAN_USD	2018-03-27	0.004009	0.004184	0.004226	0.003987	0
CHAN_USD	2018-03-26	0.004184	0.004349	0.004374	0.004042	0
CHAN_USD	2018-03-25	0.004349	0.004381	0.004458	0.004313	0
CHAN_USD	2018-03-24	0.004381	0.004585	0.004640	0.004376	0
CHAN_USD	2018-03-23	0.004585	0.004489	0.004585	0.004261	0
CHAN_USD	2018-03-22	0.004489	0.004583	0.004679	0.004367	0
CHAN_USD	2018-03-21	0.004583	0.004581	0.004720	0.004511	0
CHAN_USD	2018-03-20	0.004581	0.004429	0.004648	0.004282	0
CHAN_USD	2018-03-19	0.004429	0.004227	0.004480	0.004178	0
CHAN_USD	2018-03-18	0.004227	0.004053	0.004257	0.003772	0
CHAN_USD	2018-03-17	0.004053	0.004270	0.004295	0.003991	0
CHAN_USD	2018-03-16	0.004270	0.004251	0.004424	0.004070	0
CHAN_USD	2018-03-15	0.004251	0.004215	0.004328	0.003955	0
CHAN_USD	2018-03-14	0.004215	0.004796	0.004910	0.004080	0
CHAN_USD	2018-03-13	0.004796	0.004788	0.004974	0.004644	0
CHAN_USD	2018-03-12	0.004788	0.005088	0.005292	0.004621	0
CHAN_USD	2018-03-11	0.005088	0.004641	0.005196	0.004468	0
CHAN_USD	2018-03-10	0.004641	0.004840	0.005034	0.004617	0
CHAN_USD	2018-03-09	0.004840	0.004789	0.004902	0.004301	0
CHAN_USD	2018-03-08	0.004789	0.004842	0.004911	0.004133	0
CHAN_USD	2018-03-07	0.004842	0.005361	0.005611	0.004623	0
CHAN_USD	2018-03-06	0.005361	0.005801	0.005801	0.004761	0
CHAN_USD	2018-03-05	0.005801	0.008631	0.008668	0.005626	0
CHAN_USD	2018-03-04	0.008631	0.008119	0.008653	0.007929	0
CHAN_USD	2018-03-03	0.008060	0.007441	0.008556	0.006955	0
CHAN_USD	2018-03-02	0.007438	0.007102	0.007497	0.006772	0
