CLO_USD	2019-04-09	0.003810	0.003853	0.003855	0.003807	211497
CLO_USD	2019-04-08	0.003853	0.003781	0.004026	0.003705	315479
CLO_USD	2019-04-07	0.003781	0.003784	0.004050	0.003781	69241
CLO_USD	2019-04-06	0.003784	0.003851	0.003916	0.003752	429594
CLO_USD	2019-04-05	0.003851	0.003507	0.003931	0.003507	136340
CLO_USD	2019-04-04	0.003507	0.003829	0.003859	0.003504	333751
CLO_USD	2019-04-03	0.003829	0.003719	0.004079	0.003703	396782
CLO_USD	2019-04-02	0.003719	0.003580	0.003957	0.003499	620554
CLO_USD	2019-04-01	0.003580	0.003492	0.003628	0.003482	129439
CLO_USD	2019-03-31	0.003492	0.003538	0.003639	0.003484	106252
CLO_USD	2019-03-30	0.003538	0.003382	0.003584	0.003382	117233
CLO_USD	2019-03-29	0.003382	0.003434	0.003720	0.003336	55875
CLO_USD	2019-03-28	0.003434	0.003496	0.003777	0.003270	10171
CLO_USD	2019-03-27	0.003496	0.002892	0.003497	0.002892	122841
CLO_USD	2019-03-26	0.002892	0.003500	0.003734	0.002892	84128
CLO_USD	2019-03-25	0.003500	0.003701	0.003741	0.003500	14180
CLO_USD	2019-03-24	0.003701	0.003753	0.003924	0.003671	5915
CLO_USD	2019-03-23	0.003753	0.003793	0.003803	0.003649	27922
CLO_USD	2019-03-22	0.003793	0.003813	0.003825	0.003713	45558
CLO_USD	2019-03-21	0.003813	0.003953	0.003995	0.003791	327836
CLO_USD	2019-03-20	0.003953	0.003766	0.004045	0.003627	51413
CLO_USD	2019-03-19	0.003766	0.003641	0.003924	0.003588	24385
CLO_USD	2019-03-18	0.003641	0.003682	0.003868	0.003585	135772
CLO_USD	2019-03-17	0.003682	0.003617	0.003743	0.003588	26737
CLO_USD	2019-03-16	0.003617	0.003851	0.004039	0.003544	124599
CLO_USD	2019-03-15	0.003851	0.003707	0.004007	0.003650	294337
CLO_USD	2019-03-14	0.003707	0.004109	0.004136	0.003707	205515
CLO_USD	2019-03-13	0.004109	0.004495	0.004495	0.003996	155160
CLO_USD	2019-03-12	0.004495	0.004357	0.005077	0.004336	737469
CLO_USD	2019-03-11	0.004357	0.004643	0.004762	0.004357	214319
CLO_USD	2019-03-10	0.004643	0.004513	0.004798	0.004327	243650
CLO_USD	2019-03-09	0.004513	0.004486	0.004587	0.004358	119108
CLO_USD	2019-03-08	0.004486	0.004414	0.004538	0.004386	154634
CLO_USD	2019-03-07	0.004414	0.004392	0.004502	0.004213	207906
CLO_USD	2019-03-06	0.004392	0.004448	0.004766	0.004098	125101
CLO_USD	2019-03-05	0.004448	0.004189	0.004906	0.004108	36945
CLO_USD	2019-03-04	0.004189	0.004463	0.004463	0.004138	81567
CLO_USD	2019-03-03	0.004463	0.004527	0.004835	0.004307	28433
CLO_USD	2019-03-02	0.004527	0.004410	0.004799	0.004364	77160
CLO_USD	2019-03-01	0.004410	0.005027	0.005027	0.004393	111709
CLO_USD	2019-02-28	0.005027	0.004386	0.005052	0.004386	85468
CLO_USD	2019-02-27	0.004386	0.004664	0.004687	0.004341	401205
CLO_USD	2019-02-26	0.004664	0.004512	0.004842	0.004395	71339
CLO_USD	2019-02-25	0.004512	0.004380	0.004930	0.004134	267724
CLO_USD	2019-02-24	0.004380	0.004978	0.005037	0.003804	245109
CLO_USD	2019-02-23	0.004978	0.004555	0.005009	0.004519	126211
CLO_USD	2019-02-22	0.004555	0.004320	0.004656	0.004172	74278
CLO_USD	2019-02-21	0.004320	0.004221	0.004580	0.004113	171536
CLO_USD	2019-02-20	0.004221	0.004269	0.004464	0.003913	57943
CLO_USD	2019-02-19	0.004269	0.004181	0.004335	0.003859	237920
CLO_USD	2019-02-18	0.004181	0.003752	0.004200	0.003703	217698
CLO_USD	2019-02-17	0.003752	0.004062	0.004629	0.003667	22365
CLO_USD	2019-02-16	0.004062	0.003404	0.004102	0.003372	42798
CLO_USD	2019-02-15	0.003404	0.003668	0.003836	0.003401	95129
CLO_USD	2019-02-14	0.003668	0.003790	0.004136	0.003581	42351
CLO_USD	2019-02-13	0.003790	0.003576	0.004828	0.003400	264627
CLO_USD	2019-02-12	0.003576	0.002789	0.004092	0.002640	454752
CLO_USD	2019-02-11	0.002789	0.002648	0.002804	0.002610	45709
CLO_USD	2019-02-10	0.002648	0.002662	0.002991	0.002609	46309
CLO_USD	2019-02-09	0.002662	0.003118	0.003148	0.002662	192668
CLO_USD	2019-02-08	0.003118	0.002583	0.003118	0.002368	114879
CLO_USD	2019-02-07	0.002583	0.002535	0.002625	0.002417	23449
CLO_USD	2019-02-06	0.002535	0.002568	0.002677	0.002398	166837
CLO_USD	2019-02-05	0.002568	0.002950	0.002959	0.002503	61904
CLO_USD	2019-02-04	0.002950	0.002655	0.002950	0.002554	63628
CLO_USD	2019-02-03	0.002655	0.003181	0.003496	0.002655	147827
CLO_USD	2019-02-02	0.003181	0.002846	0.003272	0.002778	11706
CLO_USD	2019-02-01	0.002846	0.002963	0.002970	0.002680	57482
CLO_USD	2019-01-31	0.002963	0.002767	0.003021	0.002767	40396
CLO_USD	2019-01-30	0.002767	0.002795	0.003201	0.002683	81022
CLO_USD	2019-01-29	0.002795	0.002660	0.002858	0.002577	64954
CLO_USD	2019-01-28	0.002660	0.003415	0.003415	0.002609	179231
CLO_USD	2019-01-27	0.003415	0.003404	0.003424	0.003015	100504
CLO_USD	2019-01-26	0.003404	0.003373	0.003431	0.003015	51105
CLO_USD	2019-01-25	0.003373	0.003387	0.003418	0.003293	100304
CLO_USD	2019-01-24	0.003387	0.003534	0.003564	0.003387	70600
CLO_USD	2019-01-23	0.003534	0.003504	0.003557	0.003351	58409
CLO_USD	2019-01-22	0.003504	0.003483	0.003547	0.003399	73194
CLO_USD	2019-01-21	0.003483	0.003580	0.003583	0.003387	26806
CLO_USD	2019-01-20	0.003580	0.003802	0.003844	0.003467	16441
CLO_USD	2019-01-19	0.003802	0.003549	0.003863	0.003487	90362
CLO_USD	2019-01-18	0.003549	0.003449	0.003573	0.003419	58594
CLO_USD	2019-01-17	0.003449	0.003685	0.003747	0.003404	129351
CLO_USD	2019-01-16	0.003685	0.003425	0.003738	0.003425	65378
CLO_USD	2019-01-15	0.003425	0.003402	0.003699	0.003371	61272
CLO_USD	2019-01-14	0.003402	0.003447	0.003667	0.003401	54347
CLO_USD	2019-01-13	0.003447	0.003603	0.003750	0.003447	125999
CLO_USD	2019-01-12	0.003603	0.004083	0.004360	0.003603	23187
CLO_USD	2019-01-11	0.004083	0.003615	0.004300	0.003615	42672
CLO_USD	2019-01-10	0.003615	0.004399	0.004469	0.003615	112979
CLO_USD	2019-01-09	0.004399	0.004416	0.004712	0.004399	22171
CLO_USD	2019-01-08	0.004416	0.004460	0.004460	0.004351	74769
CLO_USD	2019-01-07	0.004460	0.004590	0.004900	0.004354	10279
CLO_USD	2019-01-06	0.004590	0.005004	0.005004	0.004350	45989
CLO_USD	2019-01-05	0.005004	0.005013	0.005014	0.004602	50340
CLO_USD	2019-01-04	0.005013	0.004270	0.005013	0.004270	24617
CLO_USD	2019-01-03	0.004270	0.004602	0.005007	0.004129	23734
CLO_USD	2019-01-02	0.004602	0.004633	0.004677	0.004139	28800
CLO_USD	2019-01-01	0.004633	0.004100	0.004633	0.004100	76592
CLO_USD	2018-12-31	0.004100	0.004605	0.004883	0.004100	42777
CLO_USD	2018-12-30	0.004605	0.004810	0.004914	0.004350	25197
CLO_USD	2018-12-29	0.004810	0.005001	0.005255	0.004801	70379
CLO_USD	2018-12-28	0.005001	0.004311	0.005003	0.004301	93530
CLO_USD	2018-12-27	0.004311	0.004300	0.005300	0.004300	364825
CLO_USD	2018-12-26	0.004300	0.004791	0.005386	0.004300	73748
CLO_USD	2018-12-25	0.004791	0.004475	0.005571	0.004475	18570
CLO_USD	2018-12-24	0.004475	0.005216	0.005415	0.004428	69956
CLO_USD	2018-12-23	0.005216	0.004700	0.005250	0.004200	78502
CLO_USD	2018-12-22	0.004700	0.004775	0.004840	0.004005	75382
CLO_USD	2018-12-21	0.004775	0.005341	0.005420	0.004775	105437
CLO_USD	2018-12-20	0.005341	0.004887	0.005500	0.004887	54562
CLO_USD	2018-12-19	0.004887	0.004429	0.005195	0.004429	114112
CLO_USD	2018-12-18	0.004429	0.004441	0.004815	0.004017	13502
CLO_USD	2018-12-17	0.004441	0.003911	0.004441	0.003740	109487
CLO_USD	2018-12-16	0.003911	0.004000	0.004000	0.003700	27553
CLO_USD	2018-12-15	0.004000	0.003700	0.004000	0.003700	24682
CLO_USD	2018-12-14	0.003700	0.003972	0.004377	0.003700	1245
CLO_USD	2018-12-13	0.003972	0.004139	0.004297	0.003655	19504
CLO_USD	2018-12-12	0.004139	0.003806	0.004161	0.003321	62230
CLO_USD	2018-12-11	0.003806	0.003650	0.004040	0.003650	60276
CLO_USD	2018-12-10	0.003650	0.003333	0.003690	0.003300	19238
CLO_USD	2018-12-09	0.003333	0.002971	0.003922	0.002971	83105
CLO_USD	2018-12-08	0.002971	0.003299	0.003471	0.002970	41949
CLO_USD	2018-12-07	0.003299	0.003800	0.003920	0.002938	160339
CLO_USD	2018-12-06	0.003800	0.004201	0.004640	0.003800	38750
CLO_USD	2018-12-05	0.004201	0.004698	0.004731	0.004201	35866
CLO_USD	2018-12-04	0.004698	0.004595	0.004906	0.004400	21417
CLO_USD	2018-12-03	0.004595	0.005300	0.005300	0.004400	23738
CLO_USD	2018-12-02	0.005300	0.005650	0.005650	0.004950	36158
CLO_USD	2018-12-01	0.005650	0.004201	0.005650	0.004201	25214
CLO_USD	2018-11-30	0.004201	0.006058	0.006363	0.004201	68407
CLO_USD	2018-11-29	0.006058	0.005205	0.006198	0.005200	39235
CLO_USD	2018-11-28	0.005205	0.004378	0.005815	0.004176	75887
CLO_USD	2018-11-27	0.004378	0.004606	0.004606	0.004100	11714
CLO_USD	2018-11-26	0.004606	0.004781	0.004781	0.004105	8500
CLO_USD	2018-11-25	0.004781	0.005341	0.005341	0.003809	109388
CLO_USD	2018-11-24	0.005341	0.005225	0.006385	0.005123	53964
CLO_USD	2018-11-23	0.005225	0.006300	0.007596	0.005156	45131
CLO_USD	2018-11-22	0.006300	0.005702	0.006302	0.005702	15391
CLO_USD	2018-11-21	0.005702	0.005544	0.006503	0.005467	33802
CLO_USD	2018-11-20	0.005544	0.006602	0.007129	0.005076	134968
CLO_USD	2018-11-19	0.006602	0.008689	0.008689	0.006600	48223
CLO_USD	2018-11-18	0.008689	0.008011	0.008689	0.008010	49396
CLO_USD	2018-11-17	0.008011	0.009661	0.010477	0.008003	38760
CLO_USD	2018-11-16	0.009661	0.009147	0.010113	0.008544	9403
CLO_USD	2018-11-15	0.009147	0.007302	0.009990	0.007301	14284
CLO_USD	2018-11-14	0.007302	0.011976	0.011976	0.007231	203905
CLO_USD	2018-11-13	0.011976	0.011012	0.013503	0.011012	23604
CLO_USD	2018-11-12	0.011012	0.010924	0.012416	0.010924	21877
CLO_USD	2018-11-11	0.010924	0.011145	0.013010	0.010427	23214
CLO_USD	2018-11-10	0.011145	0.013012	0.013044	0.010996	158546
CLO_USD	2018-11-09	0.013012	0.014912	0.016065	0.011763	14699
CLO_USD	2018-11-08	0.014912	0.012895	0.015709	0.012633	34674
CLO_USD	2018-11-07	0.012895	0.011577	0.013935	0.011577	53811
CLO_USD	2018-11-06	0.011577	0.012516	0.013015	0.011102	319199
CLO_USD	2018-11-05	0.012516	0.014164	0.014204	0.012513	31769
CLO_USD	2018-11-04	0.014164	0.014126	0.014169	0.012356	207679
CLO_USD	2018-11-03	0.014126	0.014703	0.015001	0.013703	114112
CLO_USD	2018-11-02	0.014703	0.015441	0.016003	0.013426	232401
CLO_USD	2018-11-01	0.015441	0.012002	0.015441	0.012002	115161
CLO_USD	2018-10-31	0.012002	0.010910	0.013306	0.010510	117107
CLO_USD	2018-10-30	0.010910	0.011054	0.011238	0.010891	82026
CLO_USD	2018-10-29	0.011054	0.010998	0.011302	0.010900	4086
CLO_USD	2018-10-28	0.010998	0.011021	0.011479	0.010520	9198
CLO_USD	2018-10-27	0.011021	0.010872	0.012539	0.010260	20358
CLO_USD	2018-10-26	0.010872	0.011111	0.011693	0.010433	11213
CLO_USD	2018-10-25	0.011111	0.011550	0.011608	0.010537	33534
