CMCT_USD	2019-04-09	0.003597	0.003645	0.003645	0.003543	0
CMCT_USD	2019-04-08	0.003645	0.003593	0.003672	0.003528	0
CMCT_USD	2019-04-07	0.003593	0.003480	0.003631	0.003477	0
CMCT_USD	2019-04-06	0.003480	0.003483	0.003614	0.003403	0
CMCT_USD	2019-04-05	0.003483	0.003380	0.003506	0.003379	0
CMCT_USD	2019-04-04	0.003380	0.003410	0.003493	0.003311	0
CMCT_USD	2019-04-03	0.003410	0.003378	0.003648	0.003323	0
CMCT_USD	2019-04-02	0.003378	0.002876	0.003478	0.002870	0
CMCT_USD	2019-04-01	0.002876	0.002855	0.002891	0.002828	0
CMCT_USD	2019-03-31	0.002855	0.002853	0.002864	0.002845	0
CMCT_USD	2019-03-30	0.002853	0.002863	0.002884	0.002826	0
CMCT_USD	2019-03-29	0.002863	0.002803	0.002868	0.002798	0
CMCT_USD	2019-03-28	0.002803	0.002810	0.002811	0.002786	0
CMCT_USD	2019-03-27	0.002810	0.002734	0.002815	0.002726	0
CMCT_USD	2019-03-26	0.002734	0.002719	0.002736	0.002706	0
CMCT_USD	2019-03-25	0.002719	0.002768	0.002774	0.002699	0
CMCT_USD	2019-03-24	0.002768	0.002783	0.002783	0.002749	0
CMCT_USD	2019-03-23	0.002783	0.002773	0.002792	0.002765	0
CMCT_USD	2019-03-22	0.002773	0.002771	0.002787	0.002764	0
CMCT_USD	2019-03-21	0.002771	0.002827	0.002840	0.002744	0
CMCT_USD	2019-03-20	0.002827	0.002814	0.002833	0.002790	0
CMCT_USD	2019-03-19	0.002814	0.002790	0.002821	0.002779	0
CMCT_USD	2019-03-18	0.002790	0.002787	0.002821	0.002766	0
CMCT_USD	2019-03-17	0.002787	0.002801	0.002801	0.002768	0
CMCT_USD	2019-03-16	0.002801	0.002742	0.002845	0.002742	0
CMCT_USD	2019-03-15	0.002742	0.002706	0.002747	0.002705	0
CMCT_USD	2019-03-14	0.002706	0.002704	0.002740	0.002663	0
CMCT_USD	2019-03-13	0.002704	0.002709	0.002720	0.002689	0
CMCT_USD	2019-03-12	0.002709	0.002707	0.002726	0.002669	0
CMCT_USD	2019-03-11	0.002707	0.002740	0.002746	0.002686	0
CMCT_USD	2019-03-10	0.002740	0.002751	0.002752	0.002716	0
CMCT_USD	2019-03-09	0.002751	0.002699	0.002771	0.002695	0
CMCT_USD	2019-03-08	0.002699	0.002716	0.002754	0.002655	0
CMCT_USD	2019-03-07	0.002716	0.002707	0.002736	0.002696	0
CMCT_USD	2019-03-06	0.002707	0.002706	0.002724	0.002679	0
CMCT_USD	2019-03-05	0.002706	0.002603	0.002717	0.002594	0
CMCT_USD	2019-03-04	0.002603	0.002661	0.002676	0.002581	0
CMCT_USD	2019-03-03	0.002661	0.002680	0.002688	0.002644	0
CMCT_USD	2019-03-02	0.002680	0.002683	0.002688	0.002642	0
CMCT_USD	2019-03-01	0.002683	0.002668	0.002704	0.002667	0
CMCT_USD	2019-02-28	0.002668	0.002672	0.002731	0.002661	0
CMCT_USD	2019-02-27	0.002672	0.002670	0.002695	0.002584	0
CMCT_USD	2019-02-26	0.002670	0.002688	0.002695	0.002654	0
CMCT_USD	2019-02-25	0.002688	0.002626	0.002716	0.002624	0
CMCT_USD	2019-02-24	0.002626	0.002885	0.002933	0.002612	0
CMCT_USD	2019-02-23	0.002885	0.002784	0.002915	0.002750	0
CMCT_USD	2019-02-22	0.002784	0.002747	0.002791	0.002734	0
CMCT_USD	2019-02-21	0.002747	0.002782	0.002823	0.002724	0
CMCT_USD	2019-02-20	0.002782	0.002734	0.002786	0.002718	0
CMCT_USD	2019-02-19	0.002734	0.002726	0.002796	0.002701	0
CMCT_USD	2019-02-18	0.002726	0.002559	0.002746	0.002551	0
CMCT_USD	2019-02-17	0.002559	0.002518	0.002592	0.002513	0
CMCT_USD	2019-02-16	0.002518	0.002510	0.002550	0.002510	0
CMCT_USD	2019-02-15	0.002510	0.002505	0.002546	0.002497	0
CMCT_USD	2019-02-14	0.002505	0.002513	0.002522	0.002495	0
CMCT_USD	2019-02-13	0.002513	0.002530	0.002559	0.002501	0
CMCT_USD	2019-02-12	0.002530	0.002522	0.002551	0.002497	0
CMCT_USD	2019-02-11	0.002522	0.002567	0.002568	0.002518	0
CMCT_USD	2019-02-10	0.002567	0.002547	0.002567	0.002512	0
CMCT_USD	2019-02-09	0.002547	0.002551	0.002561	0.002530	0
CMCT_USD	2019-02-08	0.002551	0.002354	0.002599	0.002348	0
CMCT_USD	2019-02-07	0.002354	0.002365	0.002372	0.002350	0
CMCT_USD	2019-02-06	0.002365	0.002406	0.002412	0.002345	0
CMCT_USD	2019-02-05	0.002406	0.002391	0.002408	0.002381	0
CMCT_USD	2019-02-04	0.002391	0.002399	0.002411	0.002381	0
CMCT_USD	2019-02-03	0.002399	0.002438	0.002443	0.002378	0
CMCT_USD	2019-02-02	0.002438	0.002423	0.002447	0.002398	0
CMCT_USD	2019-02-01	0.002423	0.002399	0.002435	0.002374	0
CMCT_USD	2019-01-31	0.002399	0.002418	0.002444	0.002385	0
CMCT_USD	2019-01-30	0.002418	0.002382	0.002429	0.002365	0
CMCT_USD	2019-01-29	0.002382	0.002398	0.002406	0.002345	0
CMCT_USD	2019-01-28	0.002398	0.002464	0.002465	0.002368	0
CMCT_USD	2019-01-27	0.002464	0.002488	0.002495	0.002427	0
CMCT_USD	2019-01-26	0.002488	0.002486	0.002556	0.002483	0
CMCT_USD	2019-01-25	0.002486	0.002502	0.002509	0.002463	0
CMCT_USD	2019-01-24	0.002502	0.002480	0.002513	0.002459	0
CMCT_USD	2019-01-23	0.002480	0.002493	0.002515	0.002461	0
CMCT_USD	2019-01-22	0.002493	0.002453	0.002518	0.002399	0
CMCT_USD	2019-01-21	0.002453	0.002456	0.002470	0.002434	0
CMCT_USD	2019-01-20	0.002456	0.002579	0.002600	0.002430	0
CMCT_USD	2019-01-19	0.002579	0.002518	0.002637	0.002517	0
CMCT_USD	2019-01-18	0.002518	0.002549	0.002551	0.002503	0
CMCT_USD	2019-01-17	0.002549	0.002515	0.002550	0.002480	0
CMCT_USD	2019-01-16	0.002515	0.002505	0.002557	0.002495	0
CMCT_USD	2019-01-15	0.002505	0.002568	0.002585	0.002489	0
CMCT_USD	2019-01-14	0.002568	0.002460	0.002601	0.002452	0
CMCT_USD	2019-01-13	0.002460	0.002295	0.002714	0.002281	0
CMCT_USD	2019-01-12	0.002295	0.002285	0.002344	0.002210	0
CMCT_USD	2019-01-11	0.002285	0.002469	0.002583	0.002232	0
CMCT_USD	2019-01-10	0.002469	0.002246	0.002727	0.002102	0
CMCT_USD	2019-01-09	0.002246	0.002193	0.004892	0.002179	0
CMCT_USD	2019-01-08	0.002193	0.002160	0.002375	0.002084	0
CMCT_USD	2019-01-07	0.002160	0.002148	0.002184	0.002121	0
CMCT_USD	2019-01-06	0.002148	0.002132	0.003990	0.001983	0
CMCT_USD	2019-01-05	0.002132	0.002058	0.002143	0.002057	0
CMCT_USD	2019-01-04	0.002058	0.002117	0.002120	0.002007	0
CMCT_USD	2019-01-03	0.002117	0.002106	0.002215	0.002097	0
CMCT_USD	2019-01-02	0.002106	0.001999	0.002118	0.001980	0
CMCT_USD	2019-01-01	0.001999	0.001915	0.002010	0.001895	0
CMCT_USD	2018-12-31	0.001915	0.002006	0.002069	0.001910	0
CMCT_USD	2018-12-30	0.002006	0.002155	0.002231	0.001965	0
CMCT_USD	2018-12-29	0.002155	0.002200	0.002287	0.002136	0
CMCT_USD	2018-12-28	0.002200	0.002043	0.002225	0.002033	0
CMCT_USD	2018-12-27	0.002043	0.002161	0.002167	0.002028	0
CMCT_USD	2018-12-26	0.002161	0.002167	0.002234	0.002078	0
CMCT_USD	2018-12-25	0.002167	0.002321	0.002325	0.002088	0
CMCT_USD	2018-12-24	0.002321	0.002280	0.002484	0.002280	0
CMCT_USD	2018-12-23	0.002280	0.002352	0.002402	0.002279	0
CMCT_USD	2018-12-22	0.002352	0.002304	0.002384	0.002184	0
CMCT_USD	2018-12-21	0.002304	0.002697	0.002744	0.002185	0
CMCT_USD	2018-12-20	0.002697	0.002877	0.002877	0.002497	0
CMCT_USD	2018-12-19	0.002877	0.002343	0.002976	0.002295	0
CMCT_USD	2018-12-18	0.002343	0.002483	0.002577	0.002237	0
CMCT_USD	2018-12-17	0.002483	0.002359	0.002558	0.002295	0
CMCT_USD	2018-12-16	0.002359	0.002449	0.002463	0.002212	0
CMCT_USD	2018-12-15	0.002449	0.002477	0.002579	0.002374	0
CMCT_USD	2018-12-14	0.002477	0.002631	0.002667	0.002396	0
CMCT_USD	2018-12-13	0.002630	0.002246	0.002891	0.002132	0
CMCT_USD	2018-12-12	0.002246	0.002139	0.002289	0.002135	0
CMCT_USD	2018-12-11	0.002157	0.002027	0.002225	0.001955	0
CMCT_USD	2018-12-10	0.002027	0.002187	0.002220	0.001960	0
CMCT_USD	2018-12-09	0.002187	0.002296	0.002336	0.002064	0
CMCT_USD	2018-12-08	0.002296	0.002335	0.002396	0.002172	0
CMCT_USD	2018-12-07	0.002335	0.002283	0.002430	0.002158	0
CMCT_USD	2018-12-06	0.002283	0.002317	0.002526	0.002268	0
CMCT_USD	2018-12-05	0.002317	0.002608	0.002638	0.002307	0
CMCT_USD	2018-12-04	0.002608	0.002634	0.002726	0.002514	0
CMCT_USD	2018-12-03	0.002634	0.003265	0.003466	0.002631	0
CMCT_USD	2018-12-02	0.003265	0.002800	0.003694	0.002435	0
CMCT_USD	2018-12-01	0.002800	0.002423	0.002821	0.002373	0
CMCT_USD	2018-11-30	0.002423	0.002760	0.002798	0.002360	0
CMCT_USD	2018-11-29	0.002760	0.003057	0.003076	0.002661	0
CMCT_USD	2018-11-28	0.003057	0.002816	0.003146	0.002815	0
CMCT_USD	2018-11-27	0.002816	0.002738	0.002871	0.002618	0
CMCT_USD	2018-11-26	0.002738	0.002894	0.002958	0.002504	0
CMCT_USD	2018-11-25	0.002894	0.002928	0.002955	0.002655	0
CMCT_USD	2018-11-24	0.002928	0.003383	0.003432	0.002857	0
CMCT_USD	2018-11-23	0.003383	0.003448	0.003474	0.003277	0
CMCT_USD	2018-11-22	0.003448	0.003807	0.003812	0.003448	0
CMCT_USD	2018-11-21	0.003807	0.003533	0.004056	0.003411	0
CMCT_USD	2018-11-20	0.003533	0.003728	0.003911	0.003303	0
CMCT_USD	2018-11-19	0.003728	0.005065	0.005065	0.003703	0
CMCT_USD	2018-11-18	0.005065	0.005177	0.005203	0.005025	0
CMCT_USD	2018-11-17	0.005177	0.005123	0.005236	0.005020	0
CMCT_USD	2018-11-16	0.005123	0.004860	0.005123	0.004740	0
CMCT_USD	2018-11-15	0.004860	0.004443	0.004893	0.004380	0
CMCT_USD	2018-11-14	0.004443	0.005075	0.005440	0.004379	0
CMCT_USD	2018-11-13	0.005075	0.005061	0.005391	0.004945	0
CMCT_USD	2018-11-12	0.005061	0.005588	0.005605	0.005055	0
CMCT_USD	2018-11-11	0.005588	0.005177	0.005588	0.005177	0
CMCT_USD	2018-11-10	0.005177	0.005425	0.005454	0.004993	0
CMCT_USD	2018-11-09	0.005425	0.005540	0.005560	0.005425	0
CMCT_USD	2018-11-08	0.005540	0.005817	0.005839	0.005386	0
CMCT_USD	2018-11-07	0.005817	0.005929	0.006323	0.005756	0
CMCT_USD	2018-11-06	0.005929	0.006794	0.006794	0.005515	0
CMCT_USD	2018-11-05	0.006794	0.007393	0.007481	0.006778	0
CMCT_USD	2018-11-04	0.007393	0.007314	0.008037	0.007009	0
CMCT_USD	2018-11-03	0.007314	0.006298	0.008043	0.006285	0
CMCT_USD	2018-11-02	0.006298	0.006560	0.006683	0.006267	0
CMCT_USD	2018-11-01	0.006560	0.006209	0.006905	0.006198	0
CMCT_USD	2018-10-31	0.006209	0.005602	0.006681	0.005531	0
CMCT_USD	2018-10-30	0.005602	0.005614	0.005678	0.005161	0
CMCT_USD	2018-10-29	0.005614	0.005549	0.005614	0.005392	0
CMCT_USD	2018-10-28	0.005549	0.005298	0.005654	0.005220	0
CMCT_USD	2018-10-27	0.005298	0.005225	0.005400	0.005131	0
CMCT_USD	2018-10-26	0.005225	0.005810	0.005961	0.005193	0
CMCT_USD	2018-10-25	0.005810	0.006128	0.006170	0.005446	0
CMCT_USD	2018-10-24	0.006128	0.005699	0.006211	0.005387	0
CMCT_USD	2018-10-23	0.005699	0.006239	0.006635	0.005699	0
CMCT_USD	2018-10-22	0.006239	0.006786	0.006981	0.006134	0
CMCT_USD	2018-10-21	0.006786	0.009187	0.009287	0.005959	0
CMCT_USD	2018-10-20	0.009187	0.006984	0.014006	0.005107	0
CMCT_USD	2018-10-19	0.006984	0.007572	0.007947	0.005875	0
CMCT_USD	2018-10-18	0.007572	0.002930	0.015717	0.002925	0
CMCT_USD	2018-10-17	0.002930	0.002906	0.002970	0.002897	0
CMCT_USD	2018-10-16	0.002906	0.003000	0.003032	0.002794	0
CMCT_USD	2018-10-15	0.003000	0.002818	0.003345	0.002772	0
CMCT_USD	2018-10-14	0.002818	0.002815	0.002874	0.002679	0
CMCT_USD	2018-10-13	0.002815	0.002550	0.002842	0.002547	0
CMCT_USD	2018-10-12	0.002550	0.002659	0.002751	0.002421	0
CMCT_USD	2018-10-11	0.002659	0.002619	0.002680	0.002361	0
CMCT_USD	2018-10-10	0.002619	0.002265	0.002619	0.002156	0
CMCT_USD	2018-10-09	0.002265	0.002369	0.002371	0.002082	0
CMCT_USD	2018-10-08	0.002369	0.002409	0.002417	0.002075	0
CMCT_USD	2018-10-07	0.002409	0.002439	0.002498	0.002385	0
CMCT_USD	2018-10-06	0.002439	0.002525	0.002544	0.002341	0
CMCT_USD	2018-10-05	0.002525	0.002500	0.002533	0.002488	0
CMCT_USD	2018-10-04	0.002500	0.002406	0.002512	0.002405	0
CMCT_USD	2018-10-03	0.002406	0.002452	0.002457	0.002385	0
CMCT_USD	2018-10-02	0.002452	0.002442	0.002487	0.002442	0
CMCT_USD	2018-10-01	0.002442	0.002515	0.002531	0.002402	0
CMCT_USD	2018-09-30	0.002515	0.002345	0.002525	0.002331	0
CMCT_USD	2018-09-29	0.002345	0.002488	0.002488	0.002338	0
CMCT_USD	2018-09-28	0.002488	0.002542	0.002594	0.002486	0
CMCT_USD	2018-09-27	0.002542	0.002326	0.002657	0.002305	0
CMCT_USD	2018-09-26	0.002326	0.002477	0.002490	0.002240	0
CMCT_USD	2018-09-25	0.002477	0.002667	0.002676	0.002414	0
CMCT_USD	2018-09-24	0.002667	0.002886	0.002890	0.002539	0
CMCT_USD	2018-09-23	0.002886	0.003026	0.003030	0.002843	0
CMCT_USD	2018-09-22	0.003026	0.003014	0.003044	0.002989	0
CMCT_USD	2018-09-21	0.003014	0.002860	0.003071	0.002776	0
CMCT_USD	2018-09-20	0.002860	0.002621	0.002871	0.002615	0
CMCT_USD	2018-09-19	0.002621	0.002696	0.002769	0.002600	0
CMCT_USD	2018-09-18	0.002696	0.002721	0.002808	0.002665	0
CMCT_USD	2018-09-17	0.002721	0.002827	0.003037	0.002703	0
CMCT_USD	2018-09-16	0.002827	0.003097	0.003097	0.002827	0
CMCT_USD	2018-09-15	0.003097	0.003081	0.003100	0.003049	0
CMCT_USD	2018-09-14	0.003081	0.003076	0.003161	0.003027	0
CMCT_USD	2018-09-13	0.003076	0.002756	0.003123	0.002755	0
CMCT_USD	2018-09-12	0.002756	0.002956	0.003001	0.002745	0
CMCT_USD	2018-09-11	0.002956	0.003154	0.003171	0.002933	0
CMCT_USD	2018-09-10	0.003154	0.003276	0.003332	0.003014	0
CMCT_USD	2018-09-09	0.003276	0.003123	0.003359	0.003115	0
CMCT_USD	2018-09-08	0.003123	0.003426	0.003453	0.003040	0
CMCT_USD	2018-09-07	0.003426	0.003615	0.003659	0.003373	0
CMCT_USD	2018-09-06	0.003615	0.003721	0.003730	0.003350	0
CMCT_USD	2018-09-05	0.003721	0.004342	0.004355	0.003719	0
CMCT_USD	2018-09-04	0.004342	0.004580	0.004596	0.004316	0
CMCT_USD	2018-09-03	0.004580	0.004885	0.004885	0.004356	0
CMCT_USD	2018-09-02	0.004885	0.005290	0.005294	0.004627	0
CMCT_USD	2018-09-01	0.005290	0.005165	0.005979	0.004633	0
CMCT_USD	2018-08-31	0.005165	0.004721	0.006176	0.004090	0
CMCT_USD	2018-08-30	0.004721	0.003594	0.006392	0.003516	0
CMCT_USD	2018-08-29	0.003594	0.003398	0.003605	0.003354	0
CMCT_USD	2018-08-28	0.003398	0.003624	0.003867	0.003388	0
CMCT_USD	2018-08-27	0.003624	0.003757	0.003852	0.003529	0
CMCT_USD	2018-08-26	0.003757	0.004010	0.004035	0.003700	0
CMCT_USD	2018-08-25	0.004010	0.003849	0.004531	0.003741	0
CMCT_USD	2018-08-24	0.003849	0.003688	0.003970	0.003619	0
CMCT_USD	2018-08-23	0.003688	0.003527	0.003710	0.003524	0
CMCT_USD	2018-08-22	0.003527	0.003466	0.003811	0.003445	0
CMCT_USD	2018-08-21	0.003466	0.003409	0.003586	0.003406	0
CMCT_USD	2018-08-20	0.003409	0.003956	0.003971	0.003177	0
CMCT_USD	2018-08-19	0.003956	0.003323	0.003979	0.003231	0
CMCT_USD	2018-08-18	0.003323	0.003723	0.003735	0.003287	0
CMCT_USD	2018-08-17	0.003723	0.003471	0.003840	0.003461	0
CMCT_USD	2018-08-16	0.003471	0.003574	0.003846	0.003144	0
CMCT_USD	2018-08-15	0.003574	0.003835	0.004259	0.003488	0
CMCT_USD	2018-08-14	0.003835	0.004095	0.004118	0.003781	0
CMCT_USD	2018-08-13	0.004095	0.004199	0.004379	0.004013	0
CMCT_USD	2018-08-12	0.004199	0.003952	0.004354	0.003775	0
CMCT_USD	2018-08-11	0.003952	0.003748	0.004165	0.003484	0
CMCT_USD	2018-08-10	0.003748	0.004113	0.004141	0.003612	0
CMCT_USD	2018-08-09	0.004113	0.003924	0.004172	0.003714	0
CMCT_USD	2018-08-08	0.003924	0.004232	0.004232	0.003710	0
CMCT_USD	2018-08-07	0.004232	0.004683	0.004942	0.003921	0
CMCT_USD	2018-08-06	0.004683	0.005591	0.005679	0.004481	0
CMCT_USD	2018-08-05	0.005591	0.005395	0.005840	0.005395	0
CMCT_USD	2018-08-04	0.005395	0.004969	0.007297	0.004914	0
CMCT_USD	2018-08-03	0.004969	0.005689	0.006789	0.004912	0
CMCT_USD	2018-08-02	0.005689	0.005213	0.007130	0.004514	0
CMCT_USD	2018-08-01	0.005213	0.005383	0.005724	0.004523	0
CMCT_USD	2018-07-31	0.005383	0.007191	0.007227	0.005331	0
CMCT_USD	2018-07-30	0.007191	0.006865	0.007260	0.006670	0
CMCT_USD	2018-07-29	0.006865	0.007380	0.007380	0.006143	0
CMCT_USD	2018-07-28	0.007380	0.007133	0.007462	0.007133	0
CMCT_USD	2018-07-27	0.007133	0.009318	0.009318	0.006308	0
CMCT_USD	2018-07-26	0.009318	0.010222	0.010283	0.008699	0
CMCT_USD	2018-07-25	0.010222	0.010390	0.011283	0.010160	0
CMCT_USD	2018-07-24	0.010390	0.010066	0.010468	0.008823	0
CMCT_USD	2018-07-23	0.010066	0.009770	0.010713	0.009734	0
CMCT_USD	2018-07-22	0.009770	0.010032	0.010325	0.009723	0
CMCT_USD	2018-07-21	0.010032	0.009715	0.010125	0.009361	0
CMCT_USD	2018-07-20	0.009715	0.010201	0.010233	0.008992	0
CMCT_USD	2018-07-19	0.010201	0.010460	0.010650	0.009856	0
CMCT_USD	2018-07-18	0.010460	0.009662	0.011498	0.009257	0
CMCT_USD	2018-07-17	0.009662	0.010778	0.010778	0.008975	0
CMCT_USD	2018-07-16	0.010778	0.010345	0.010797	0.009689	0
CMCT_USD	2018-07-15	0.010345	0.010406	0.010864	0.010257	0
CMCT_USD	2018-07-14	0.010406	0.010730	0.010876	0.010116	0
CMCT_USD	2018-07-13	0.010730	0.010843	0.010929	0.010016	0
CMCT_USD	2018-07-12	0.010843	0.011576	0.011676	0.010005	0
CMCT_USD	2018-07-11	0.011576	0.011468	0.011876	0.010622	0
CMCT_USD	2018-07-10	0.011468	0.014286	0.014329	0.010797	0
CMCT_USD	2018-07-09	0.014286	0.013986	0.014577	0.013845	0
CMCT_USD	2018-07-08	0.013986	0.015248	0.015313	0.013931	0
CMCT_USD	2018-07-07	0.015248	0.015018	0.015638	0.014440	0
CMCT_USD	2018-07-06	0.015018	0.015566	0.015827	0.013795	0
CMCT_USD	2018-07-05	0.015566	0.014234	0.016347	0.013950	0
CMCT_USD	2018-07-04	0.014234	0.014787	0.015214	0.014084	0
CMCT_USD	2018-07-03	0.014787	0.016444	0.016808	0.000208	0
CMCT_USD	2018-07-02	0.016444	0.014793	0.016837	0.000000	0
CMCT_USD	2018-07-01	0.014795	0.014892	0.016808	0.013811	0
CMCT_USD	2018-06-30	0.014892	0.015880	0.018567	0.014769	0
CMCT_USD	2018-06-29	0.015893	0.013161	0.016153	0.012708	0
CMCT_USD	2018-06-28	0.013182	0.014046	0.015134	0.013059	0
CMCT_USD	2018-06-27	0.014045	0.013497	0.014219	0.013411	0
CMCT_USD	2018-06-26	0.013540	0.013439	0.014056	0.013307	0
CMCT_USD	2018-06-25	0.013430	0.013060	0.013576	0.012842	0
CMCT_USD	2018-06-24	0.013065	0.013429	0.013878	0.012065	0
CMCT_USD	2018-06-23	0.013411	0.015378	0.015441	0.012566	0
CMCT_USD	2018-06-22	0.015439	0.016180	0.016194	0.013300	0
CMCT_USD	2018-06-21	0.016179	0.017204	0.018566	0.016035	0
CMCT_USD	2018-06-20	0.017205	0.020130	0.020257	0.016382	0
CMCT_USD	2018-06-19	0.020153	0.021637	0.022267	0.019486	0
CMCT_USD	2018-06-18	0.021570	0.021552	0.022292	0.020858	0
CMCT_USD	2018-06-17	0.021535	0.021213	0.022153	0.020779	0
CMCT_USD	2018-06-16	0.021111	0.021006	0.023972	0.020393	0
CMCT_USD	2018-06-15	0.020997	0.023213	0.023213	0.020522	0
CMCT_USD	2018-06-14	0.023169	0.021781	0.023304	0.021119	0
CMCT_USD	2018-06-13	0.021768	0.023427	0.025019	0.019885	0
CMCT_USD	2018-06-12	0.023422	0.021401	0.031406	0.021374	0
CMCT_USD	2018-06-11	0.021411	0.020814	0.026211	0.015387	0
CMCT_USD	2018-06-10	0.020790	0.016309	0.020876	0.015467	0
CMCT_USD	2018-06-09	0.016305	0.019533	0.019583	0.016212	0
CMCT_USD	2018-06-08	0.019533	0.022980	0.023481	0.017615	0
CMCT_USD	2018-06-07	0.022990	0.019900	0.032458	0.017605	0
CMCT_USD	2018-06-06	0.019899	0.014150	0.057252	0.012265	0
CMCT_USD	2018-06-05	0.014138	0.013817	0.014179	0.013111	0
CMCT_USD	2018-06-04	0.013827	0.012476	0.013966	0.012123	0
CMCT_USD	2018-06-03	0.012465	0.013596	0.013596	0.012278	0
CMCT_USD	2018-06-02	0.013558	0.013850	0.014273	0.011527	0
CMCT_USD	2018-06-01	0.013839	0.013587	0.013999	0.013161	0
CMCT_USD	2018-05-31	0.013588	0.013085	0.013647	0.012907	0
CMCT_USD	2018-05-30	0.013091	0.013512	0.013663	0.012878	0
CMCT_USD	2018-05-29	0.013496	0.014990	0.015581	0.013184	0
CMCT_USD	2018-05-28	0.014909	0.013768	0.016880	0.012841	0
CMCT_USD	2018-05-27	0.013762	0.014218	0.015647	0.013241	0
CMCT_USD	2018-05-26	0.014215	0.014913	0.015710	0.014061	0
CMCT_USD	2018-05-25	0.014916	0.015569	0.015915	0.013958	0
CMCT_USD	2018-05-24	0.015714	0.016057	0.017301	0.014759	0
CMCT_USD	2018-05-23	0.016107	0.015994	0.017505	0.015131	0
CMCT_USD	2018-05-22	0.016000	0.016623	0.017034	0.015820	0
CMCT_USD	2018-05-21	0.016623	0.017728	0.017857	0.016560	0
CMCT_USD	2018-05-20	0.017728	0.017675	0.020073	0.015943	0
CMCT_USD	2018-05-19	0.017675	0.015283	0.021990	0.014801	0
CMCT_USD	2018-05-18	0.015283	0.018206	0.018206	0.014496	0
CMCT_USD	2018-05-17	0.018229	0.019410	0.022102	0.017620	0
CMCT_USD	2018-05-16	0.019393	0.020191	0.021005	0.017975	0
CMCT_USD	2018-05-15	0.020192	0.020886	0.021397	0.018779	0
CMCT_USD	2018-05-14	0.020888	0.022707	0.025018	0.020634	0
CMCT_USD	2018-05-13	0.022707	0.023475	0.024157	0.022318	0
CMCT_USD	2018-05-12	0.023422	0.025051	0.025126	0.021335	0
CMCT_USD	2018-05-11	0.025051	0.032377	0.032377	0.023593	0
CMCT_USD	2018-05-10	0.032377	0.033778	0.034865	0.031726	0
CMCT_USD	2018-05-09	0.033778	0.033569	0.035000	0.032821	0
CMCT_USD	2018-05-08	0.033591	0.035377	0.036057	0.000004	0
CMCT_USD	2018-05-07	0.036583	0.040906	0.040938	0.036439	0
CMCT_USD	2018-05-06	0.040906	0.040199	0.042534	0.039524	0
CMCT_USD	2018-05-05	0.040004	0.041744	0.042103	0.039735	0
CMCT_USD	2018-05-04	0.041744	0.040039	0.051459	0.036898	0
CMCT_USD	2018-05-03	0.040039	0.036295	0.089315	0.035096	0
CMCT_USD	2018-05-02	0.036295	0.034995	0.037615	0.034063	0
CMCT_USD	2018-05-01	0.035027	0.037961	0.037971	0.033748	0
CMCT_USD	2018-04-30	0.037961	0.038346	0.038642	0.035535	0
CMCT_USD	2018-04-29	0.038346	0.036331	0.040047	0.034881	0
CMCT_USD	2018-04-28	0.036331	0.035628	0.039199	0.035103	0
CMCT_USD	2018-04-27	0.035628	0.039691	0.040058	0.033270	0
CMCT_USD	2018-04-26	0.039695	0.038209	0.040036	0.036056	0
CMCT_USD	2018-04-25	0.038209	0.044441	0.046191	0.037823	0
CMCT_USD	2018-04-24	0.044544	0.041570	0.045570	0.041525	0
CMCT_USD	2018-04-23	0.041570	0.039995	0.043092	0.039657	0
CMCT_USD	2018-04-22	0.039995	0.041897	0.043328	0.039694	0
CMCT_USD	2018-04-21	0.041897	0.040983	0.042909	0.038491	0
CMCT_USD	2018-04-20	0.040983	0.042698	0.043142	0.038040	0
CMCT_USD	2018-04-19	0.042698	0.042303	0.044229	0.042048	0
CMCT_USD	2018-04-18	0.042303	0.047617	0.049309	0.042100	0
CMCT_USD	2018-04-17	0.047617	0.049706	0.051362	0.047322	0
CMCT_USD	2018-04-16	0.049706	0.051897	0.052079	0.048831	0
CMCT_USD	2018-04-15	0.051897	0.048191	0.052636	0.048179	0
CMCT_USD	2018-04-14	0.048191	0.048022	0.050980	0.047643	0
CMCT_USD	2018-04-13	0.048022	0.051507	0.055560	0.046739	0
CMCT_USD	2018-04-12	0.051511	0.044255	0.052774	0.043655	0
CMCT_USD	2018-04-11	0.044255	0.046477	0.047031	0.042464	0
CMCT_USD	2018-04-10	0.046477	0.044422	0.047951	0.043631	0
CMCT_USD	2018-04-09	0.044407	0.046156	0.047913	0.043350	0
CMCT_USD	2018-04-08	0.046156	0.045630	0.047428	0.045605	0
CMCT_USD	2018-04-07	0.045630	0.046134	0.048744	0.044944	0
CMCT_USD	2018-04-06	0.046134	0.044932	0.048007	0.043052	0
CMCT_USD	2018-04-05	0.044932	0.046488	0.048141	0.043913	0
CMCT_USD	2018-04-04	0.046488	0.051536	0.054206	0.045835	0
CMCT_USD	2018-04-03	0.051536	0.047676	0.052181	0.047455	0
CMCT_USD	2018-04-02	0.047676	0.045968	0.048417	0.045221	0
CMCT_USD	2018-04-01	0.045968	0.043317	0.047913	0.039755	0
CMCT_USD	2018-03-31	0.043317	0.047609	0.049194	0.042354	0
CMCT_USD	2018-03-30	0.047609	0.054184	0.055184	0.046740	0
CMCT_USD	2018-03-29	0.054184	0.061264	0.061551	0.048497	0
CMCT_USD	2018-03-28	0.061264	0.060364	0.067350	0.058247	0
CMCT_USD	2018-03-27	0.060364	0.077104	0.077794	0.059572	0
CMCT_USD	2018-03-26	0.077104	0.076809	0.078579	0.071406	0
CMCT_USD	2018-03-25	0.076809	0.079151	0.085374	0.076249	0
CMCT_USD	2018-03-24	0.079151	0.087822	0.088682	0.079064	0
CMCT_USD	2018-03-23	0.087822	0.087343	0.087874	0.078162	0
CMCT_USD	2018-03-22	0.087343	0.105109	0.107214	0.082538	0
CMCT_USD	2018-03-21	0.105109	0.099324	0.132640	0.097757	0
CMCT_USD	2018-03-20	0.099324	0.103027	0.212408	0.095305	0
CMCT_USD	2018-03-19	0.103027	0.090488	0.121557	0.085180	0
CMCT_USD	2018-03-18	0.090488	0.097985	0.097985	0.078772	0
CMCT_USD	2018-03-17	0.097985	0.105307	0.108431	0.096489	0
CMCT_USD	2018-03-16	0.105307	0.121296	0.164833	0.104855	0
CMCT_USD	2018-03-15	0.121296	0.142167	0.143305	0.115916	0
CMCT_USD	2018-03-14	0.142167	0.158811	0.161906	0.135132	0
CMCT_USD	2018-03-13	0.158811	0.167579	0.170677	0.153751	0
CMCT_USD	2018-03-12	0.167579	0.177461	0.182712	0.154930	0
CMCT_USD	2018-03-11	0.177461	0.155503	0.207410	0.122020	0
CMCT_USD	2018-03-10	0.155503	0.187396	0.195106	0.154892	0
CMCT_USD	2018-03-09	0.187396	0.207039	0.210202	0.177024	0
CMCT_USD	2018-03-08	0.207039	0.229496	0.243732	0.204278	0
CMCT_USD	2018-03-07	0.229496	0.249678	0.253596	0.218085	0
CMCT_USD	2018-03-06	0.249678	0.275187	0.276887	0.238605	0
CMCT_USD	2018-03-05	0.275187	0.294994	0.312044	0.274225	0
CMCT_USD	2018-03-04	0.294994	0.312178	0.312751	0.277125	0
CMCT_USD	2018-03-03	0.312178	0.319755	0.336719	0.304394	0
CMCT_USD	2018-03-02	0.319755	0.331621	0.365052	0.297497	0
