COSM_USD	2019-04-09	0.028251	0.026620	0.028574	0.026485	0
COSM_USD	2019-04-08	0.026643	0.031211	0.033520	0.026455	0
COSM_USD	2019-04-07	0.031307	0.035065	0.035921	0.027264	0
COSM_USD	2019-04-06	0.035026	0.036268	0.038041	0.031863	0
COSM_USD	2019-04-05	0.036326	0.029884	0.037056	0.029884	0
COSM_USD	2019-04-04	0.029868	0.030029	0.033262	0.027359	0
COSM_USD	2019-04-03	0.029919	0.037534	0.039201	0.028388	0
COSM_USD	2019-04-02	0.037543	0.036866	0.042056	0.033056	0
COSM_USD	2019-04-01	0.036955	0.039039	0.040556	0.035182	0
COSM_USD	2019-03-31	0.039003	0.039564	0.041312	0.037805	0
COSM_USD	2019-03-30	0.039554	0.040633	0.041303	0.035588	0
COSM_USD	2019-03-29	0.040648	0.039263	0.041254	0.035555	0
COSM_USD	2019-03-28	0.039255	0.042523	0.042925	0.034489	0
COSM_USD	2019-03-27	0.041520	0.038288	0.043521	0.036907	0
COSM_USD	2019-03-26	0.038259	0.041108	0.041993	0.035814	0
COSM_USD	2019-03-25	0.041085	0.040198	0.042908	0.036851	0
COSM_USD	2019-03-24	0.040181	0.049915	0.050404	0.039495	0
COSM_USD	2019-03-23	0.049913	0.051576	0.052164	0.048042	0
COSM_USD	2019-03-22	0.051567	0.047161	0.051573	0.035358	0
COSM_USD	2019-03-21	0.047174	0.041113	0.051012	0.036794	0
COSM_USD	2019-03-20	0.040995	0.050487	0.052037	0.039080	0
COSM_USD	2019-03-19	0.050534	0.050874	0.067842	0.044993	0
COSM_USD	2019-03-18	0.050854	0.039670	0.052570	0.039152	0
COSM_USD	2019-03-17	0.039670	0.040589	0.047641	0.039566	0
COSM_USD	2019-03-16	0.040583	0.041715	0.059926	0.033813	0
COSM_USD	2019-03-15	0.041633	0.041147	0.053098	0.039526	0
COSM_USD	2019-03-14	0.041184	0.047704	0.047918	0.038255	0
COSM_USD	2019-03-13	0.047705	0.054149	0.055134	0.043664	0
COSM_USD	2019-03-12	0.054155	0.046784	0.055274	0.042488	0
COSM_USD	2019-03-11	0.046689	0.074756	0.075029	0.045811	0
COSM_USD	2019-03-10	0.074752	0.054632	0.083286	0.053977	0
COSM_USD	2019-03-09	0.054366	0.029394	0.059375	0.028040	0
COSM_USD	2019-03-08	0.029298	0.024736	0.051807	0.023539	0
COSM_USD	2019-03-07	0.024766	0.025632	0.027193	0.023519	0
COSM_USD	2019-03-06	0.025626	0.026800	0.027533	0.024484	0
COSM_USD	2019-03-05	0.026726	0.022810	0.027278	0.021549	0
COSM_USD	2019-03-04	0.022811	0.026457	0.026655	0.021640	0
COSM_USD	2019-03-03	0.026411	0.023745	0.026481	0.022393	0
COSM_USD	2019-03-02	0.023745	0.023493	0.025376	0.021172	0
COSM_USD	2019-03-01	0.023509	0.024871	0.025057	0.022252	0
COSM_USD	2019-02-28	0.024873	0.022055	0.025006	0.020482	0
COSM_USD	2019-02-27	0.022053	0.023921	0.028112	0.022013	0
COSM_USD	2019-02-26	0.023942	0.020466	0.024308	0.020324	0
COSM_USD	2019-02-25	0.020470	0.011809	0.020644	0.011809	0
COSM_USD	2019-02-24	0.011793	0.014230	0.014681	0.011793	0
COSM_USD	2019-02-23	0.014248	0.015072	0.015073	0.013223	0
COSM_USD	2019-02-22	0.015097	0.015944	0.015985	0.015097	0
COSM_USD	2019-02-21	0.015948	0.021848	0.021957	0.015765	0
COSM_USD	2019-02-20	0.021951	0.018732	0.024523	0.018487	0
COSM_USD	2019-02-19	0.018731	0.018004	0.018772	0.017770	0
COSM_USD	2019-02-18	0.018023	0.016636	0.018400	0.016417	0
COSM_USD	2019-02-17	0.016636	0.014058	0.016870	0.014037	0
COSM_USD	2019-02-16	0.014058	0.014740	0.015067	0.014058	0
COSM_USD	2019-02-15	0.014724	0.013385	0.014989	0.011866	0
COSM_USD	2019-02-14	0.013395	0.013494	0.014101	0.011978	0
COSM_USD	2019-02-13	0.013509	0.012240	0.015308	0.012207	0
COSM_USD	2019-02-12	0.012202	0.012821	0.014555	0.008738	0
COSM_USD	2019-02-11	0.012778	0.010189	0.013599	0.008430	0
COSM_USD	2019-02-10	0.010168	0.009634	0.013898	0.007260	0
COSM_USD	2019-02-09	0.009559	0.010144	0.010578	0.007663	0
COSM_USD	2019-02-08	0.010158	0.010464	0.011676	0.008783	0
COSM_USD	2019-02-07	0.010449	0.009906	0.012382	0.009882	0
COSM_USD	2019-02-06	0.009900	0.010167	0.010632	0.007643	0
COSM_USD	2019-02-05	0.010201	0.008889	0.010693	0.008322	0
COSM_USD	2019-02-04	0.008505	0.008380	0.010297	0.008356	0
COSM_USD	2019-02-03	0.010125	0.010533	0.010745	0.008328	0
COSM_USD	2019-02-02	0.010503	0.010187	0.010551	0.008418	0
COSM_USD	2019-02-01	0.010187	0.010393	0.011045	0.008279	0
COSM_USD	2019-01-31	0.010352	0.010796	0.012050	0.008477	0
COSM_USD	2019-01-30	0.010792	0.009990	0.010921	0.007924	0
COSM_USD	2019-01-29	0.010004	0.007938	0.010084	0.007937	0
COSM_USD	2019-01-28	0.009383	0.009353	0.009701	0.007742	0
COSM_USD	2019-01-27	0.009354	0.008659	0.010584	0.008405	0
COSM_USD	2019-01-26	0.010239	0.007183	0.010681	0.006900	0
COSM_USD	2019-01-25	0.007182	0.007292	0.007343	0.007023	0
COSM_USD	2019-01-24	0.007293	0.006989	0.007347	0.006903	0
COSM_USD	2019-01-23	0.007292	0.007073	0.007432	0.007073	0
COSM_USD	2019-01-22	0.007367	0.006909	0.007539	0.006905	0
COSM_USD	2019-01-21	0.007221	0.007016	0.007359	0.006882	0
COSM_USD	2019-01-20	0.007273	0.007415	0.007876	0.006997	0
COSM_USD	2019-01-19	0.007535	0.007269	0.008050	0.007269	0
COSM_USD	2019-01-18	0.007267	0.007863	0.007890	0.007089	0
COSM_USD	2019-01-17	0.007872	0.007465	0.007935	0.007072	0
COSM_USD	2019-01-16	0.007431	0.007780	0.008050	0.007254	0
COSM_USD	2019-01-15	0.007791	0.007703	0.008283	0.007484	0
COSM_USD	2019-01-14	0.007703	0.007032	0.008254	0.006074	0
COSM_USD	2019-01-13	0.007014	0.006882	0.007320	0.006040	0
COSM_USD	2019-01-12	0.006871	0.006511	0.007377	0.006134	0
COSM_USD	2019-01-11	0.006498	0.007331	0.007437	0.006017	0
COSM_USD	2019-01-10	0.007329	0.007327	0.008457	0.006269	0
COSM_USD	2019-01-09	0.007409	0.007453	0.008637	0.007309	0
COSM_USD	2019-01-08	0.007461	0.009156	0.009342	0.007286	0
COSM_USD	2019-01-07	0.009154	0.009434	0.009894	0.007943	0
COSM_USD	2019-01-06	0.009440	0.009028	0.009777	0.007946	0
COSM_USD	2019-01-05	0.009025	0.009169	0.009630	0.008128	0
COSM_USD	2019-01-04	0.009170	0.008780	0.009302	0.007623	0
COSM_USD	2019-01-03	0.008777	0.009140	0.009242	0.005350	0
COSM_USD	2019-01-02	0.009143	0.009446	0.010080	0.005487	0
COSM_USD	2019-01-01	0.009362	0.008819	0.009538	0.008747	0
COSM_USD	2018-12-31	0.008819	0.009352	0.009367	0.008673	0
COSM_USD	2018-12-30	0.009339	0.009361	0.009507	0.008923	0
COSM_USD	2018-12-29	0.009411	0.009536	0.010236	0.009138	0
COSM_USD	2018-12-28	0.009541	0.007940	0.009604	0.007844	0
COSM_USD	2018-12-27	0.007919	0.008812	0.009044	0.007804	0
COSM_USD	2018-12-26	0.008808	0.008651	0.009204	0.008326	0
COSM_USD	2018-12-25	0.008651	0.009376	0.009442	0.008236	0
COSM_USD	2018-12-24	0.009462	0.012594	0.014581	0.008874	0
COSM_USD	2018-12-23	0.012603	0.012260	0.014018	0.012247	0
COSM_USD	2018-12-22	0.012240	0.011321	0.012260	0.011066	0
COSM_USD	2018-12-21	0.011321	0.012926	0.013392	0.011067	0
COSM_USD	2018-12-20	0.012981	0.011206	0.013191	0.011119	0
COSM_USD	2018-12-19	0.011198	0.010483	0.012128	0.009735	0
COSM_USD	2018-12-18	0.010454	0.009791	0.010589	0.009511	0
COSM_USD	2018-12-17	0.009792	0.008722	0.010098	0.008689	0
COSM_USD	2018-12-16	0.008717	0.008728	0.009177	0.008680	0
COSM_USD	2018-12-15	0.008729	0.009572	0.009735	0.007872	0
COSM_USD	2018-12-14	0.009571	0.009985	0.010122	0.009505	0
COSM_USD	2018-12-13	0.009976	0.010168	0.010546	0.009710	0
COSM_USD	2018-12-12	0.010177	0.010532	0.010981	0.009313	0
COSM_USD	2018-12-11	0.010588	0.010964	0.011191	0.010382	0
COSM_USD	2018-12-10	0.010957	0.011448	0.011702	0.010753	0
COSM_USD	2018-12-09	0.011482	0.010774	0.012331	0.010363	0
COSM_USD	2018-12-08	0.010782	0.009941	0.011217	0.009687	0
COSM_USD	2018-12-07	0.009953	0.010420	0.010554	0.008136	0
COSM_USD	2018-12-06	0.010461	0.012452	0.012780	0.010315	0
COSM_USD	2018-12-05	0.012421	0.012263	0.013260	0.012036	0
COSM_USD	2018-12-04	0.012276	0.009983	0.013685	0.009584	0
COSM_USD	2018-12-03	0.009983	0.010763	0.010776	0.009759	0
COSM_USD	2018-12-02	0.010742	0.010667	0.011134	0.009527	0
COSM_USD	2018-12-01	0.010667	0.010265	0.010920	0.010009	0
COSM_USD	2018-11-30	0.010265	0.010619	0.010943	0.010130	0
COSM_USD	2018-11-29	0.010619	0.010352	0.010703	0.008500	0
COSM_USD	2018-11-28	0.010352	0.010422	0.011017	0.009703	0
COSM_USD	2018-11-27	0.010422	0.010483	0.010615	0.009387	0
COSM_USD	2018-11-26	0.010483	0.011573	0.011809	0.009278	0
COSM_USD	2018-11-25	0.011610	0.011250	0.011804	0.010179	0
COSM_USD	2018-11-24	0.011250	0.012522	0.012966	0.010922	0
COSM_USD	2018-11-23	0.012522	0.011691	0.012961	0.011432	0
COSM_USD	2018-11-22	0.011703	0.013118	0.013262	0.011703	0
COSM_USD	2018-11-21	0.013158	0.012752	0.013439	0.010954	0
COSM_USD	2018-11-20	0.012745	0.015762	0.016065	0.012236	0
COSM_USD	2018-11-19	0.015762	0.017116	0.017695	0.015465	0
COSM_USD	2018-11-18	0.017098	0.015452	0.019348	0.015452	0
COSM_USD	2018-11-17	0.015452	0.019295	0.019348	0.015421	0
COSM_USD	2018-11-16	0.019259	0.015523	0.022259	0.015288	0
COSM_USD	2018-11-15	0.015523	0.016652	0.016687	0.013912	0
COSM_USD	2018-11-14	0.016526	0.017481	0.019054	0.015768	0
COSM_USD	2018-11-13	0.017504	0.019098	0.019191	0.017400	0
COSM_USD	2018-11-12	0.019173	0.017540	0.019272	0.017469	0
COSM_USD	2018-11-11	0.017570	0.017887	0.017938	0.017292	0
COSM_USD	2018-11-10	0.017887	0.019392	0.019644	0.017710	0
COSM_USD	2018-11-09	0.019413	0.019113	0.019996	0.018627	0
COSM_USD	2018-11-08	0.019124	0.018877	0.020167	0.018065	0
COSM_USD	2018-11-07	0.018877	0.019823	0.020160	0.018870	0
COSM_USD	2018-11-06	0.019823	0.020045	0.020678	0.019703	0
COSM_USD	2018-11-05	0.020045	0.019055	0.020332	0.018814	0
COSM_USD	2018-11-04	0.019055	0.017759	0.019618	0.017487	0
COSM_USD	2018-11-03	0.017699	0.017139	0.018192	0.017033	0
COSM_USD	2018-11-02	0.017139	0.017447	0.018295	0.016520	0
COSM_USD	2018-11-01	0.017457	0.017624	0.018070	0.017341	0
COSM_USD	2018-10-31	0.017604	0.016209	0.017969	0.016084	0
COSM_USD	2018-10-30	0.016228	0.017190	0.017277	0.015875	0
COSM_USD	2018-10-29	0.017170	0.018528	0.019888	0.016072	0
COSM_USD	2018-10-28	0.018610	0.020383	0.020765	0.018170	0
COSM_USD	2018-10-27	0.020638	0.021262	0.021319	0.020201	0
COSM_USD	2018-10-26	0.021262	0.021895	0.022053	0.021052	0
COSM_USD	2018-10-25	0.021865	0.023138	0.023159	0.021202	0
COSM_USD	2018-10-24	0.023138	0.022381	0.024917	0.021978	0
COSM_USD	2018-10-23	0.022144	0.023790	0.024030	0.019588	0
COSM_USD	2018-10-22	0.023790	0.025370	0.026570	0.023699	0
COSM_USD	2018-10-21	0.025331	0.026562	0.027077	0.024251	0
COSM_USD	2018-10-20	0.026549	0.025346	0.026879	0.024236	0
COSM_USD	2018-10-19	0.025341	0.029273	0.029509	0.023551	0
COSM_USD	2018-10-18	0.029273	0.030768	0.030834	0.028343	0
COSM_USD	2018-10-17	0.030789	0.030655	0.031294	0.030008	0
COSM_USD	2018-10-16	0.030762	0.030172	0.031223	0.029798	0
COSM_USD	2018-10-15	0.030183	0.029210	0.035297	0.028066	0
COSM_USD	2018-10-14	0.029013	0.030083	0.030135	0.025917	0
COSM_USD	2018-10-13	0.030078	0.031839	0.032624	0.029924	0
COSM_USD	2018-10-12	0.031454	0.030128	0.032721	0.030100	0
COSM_USD	2018-10-11	0.030071	0.035241	0.035241	0.029366	0
COSM_USD	2018-10-10	0.035241	0.033752	0.035275	0.033441	0
COSM_USD	2018-10-09	0.033706	0.034795	0.035393	0.033552	0
COSM_USD	2018-10-08	0.034634	0.034477	0.035259	0.033659	0
COSM_USD	2018-10-07	0.034477	0.034676	0.034950	0.033873	0
COSM_USD	2018-10-06	0.034676	0.035337	0.035410	0.034614	0
COSM_USD	2018-10-05	0.035349	0.034245	0.036695	0.034226	0
COSM_USD	2018-10-04	0.034245	0.036294	0.037046	0.033921	0
COSM_USD	2018-10-03	0.036265	0.035890	0.037138	0.034572	0
COSM_USD	2018-10-02	0.035936	0.039238	0.039447	0.035869	0
COSM_USD	2018-10-01	0.039230	0.037775	0.039856	0.037694	0
COSM_USD	2018-09-30	0.037775	0.037888	0.038697	0.035488	0
COSM_USD	2018-09-29	0.037876	0.037776	0.039584	0.036598	0
COSM_USD	2018-09-28	0.037776	0.038974	0.039389	0.035292	0
COSM_USD	2018-09-27	0.038909	0.036985	0.039826	0.036199	0
COSM_USD	2018-09-26	0.037084	0.037884	0.038522	0.033967	0
COSM_USD	2018-09-25	0.037612	0.036694	0.038329	0.034243	0
COSM_USD	2018-09-24	0.036478	0.038076	0.039944	0.035612	0
COSM_USD	2018-09-23	0.038042	0.037764	0.040133	0.037200	0
COSM_USD	2018-09-22	0.037751	0.038509	0.039547	0.036502	0
COSM_USD	2018-09-21	0.038556	0.039199	0.041436	0.034877	0
COSM_USD	2018-09-20	0.039199	0.040027	0.040590	0.036767	0
COSM_USD	2018-09-19	0.039993	0.040072	0.041799	0.037665	0
COSM_USD	2018-09-18	0.040092	0.037433	0.041422	0.037028	0
COSM_USD	2018-09-17	0.037433	0.042556	0.043227	0.036697	0
COSM_USD	2018-09-16	0.042556	0.040709	0.042975	0.039185	0
COSM_USD	2018-09-15	0.040879	0.036812	0.041362	0.036812	0
COSM_USD	2018-09-14	0.037446	0.037760	0.038847	0.035891	0
COSM_USD	2018-09-13	0.037760	0.041212	0.043137	0.033639	0
COSM_USD	2018-09-12	0.041212	0.044911	0.045258	0.039183	0
COSM_USD	2018-09-11	0.044600	0.044410	0.046690	0.040706	0
COSM_USD	2018-09-10	0.044429	0.046897	0.048737	0.042743	0
COSM_USD	2018-09-09	0.046887	0.040469	0.050903	0.038976	0
COSM_USD	2018-09-08	0.040469	0.042219	0.044040	0.039292	0
COSM_USD	2018-09-07	0.042112	0.050517	0.050517	0.036562	0
COSM_USD	2018-09-06	0.050512	0.038635	0.050512	0.035993	0
COSM_USD	2018-09-05	0.038635	0.038704	0.044111	0.031235	0
COSM_USD	2018-09-04	0.038719	0.032310	0.039038	0.032310	0
COSM_USD	2018-09-03	0.032342	0.030751	0.035435	0.029798	0
COSM_USD	2018-09-02	0.030736	0.026734	0.033652	0.026440	0
COSM_USD	2018-09-01	0.026734	0.026186	0.028255	0.026116	0
COSM_USD	2018-08-31	0.026017	0.029547	0.030743	0.025726	0
COSM_USD	2018-08-30	0.029425	0.032673	0.035395	0.025290	0
COSM_USD	2018-08-29	0.032746	0.024268	0.033105	0.024239	0
COSM_USD	2018-08-28	0.024284	0.027925	0.033245	0.023509	0
COSM_USD	2018-08-27	0.027834	0.029710	0.029710	0.026620	0
COSM_USD	2018-08-26	0.029695	0.031497	0.031557	0.029238	0
