CPT_USD	2019-04-09	0.000918	0.000930	0.000946	0.000894	0
CPT_USD	2019-04-08	0.000931	0.000943	0.000982	0.000893	0
CPT_USD	2019-04-07	0.000944	0.000942	0.000964	0.000903	0
CPT_USD	2019-04-06	0.000940	0.000890	0.000993	0.000880	0
CPT_USD	2019-04-05	0.000890	0.000841	0.000920	0.000839	0
CPT_USD	2019-04-04	0.000839	0.000871	0.000908	0.000822	0
CPT_USD	2019-04-03	0.000871	0.000911	0.000929	0.000825	0
CPT_USD	2019-04-02	0.000912	0.000818	0.000990	0.000817	0
CPT_USD	2019-04-01	0.000819	0.000792	0.000884	0.000784	0
CPT_USD	2019-03-31	0.000792	0.000750	0.000834	0.000748	0
CPT_USD	2019-03-30	0.000750	0.000710	0.000809	0.000701	0
CPT_USD	2019-03-29	0.000710	0.000757	0.000784	0.000699	0
CPT_USD	2019-03-28	0.000757	0.000800	0.000819	0.000735	0
CPT_USD	2019-03-27	0.000800	0.000819	0.000853	0.000794	0
CPT_USD	2019-03-26	0.000818	0.000794	0.000876	0.000794	0
CPT_USD	2019-03-25	0.000794	0.000828	0.000850	0.000788	0
CPT_USD	2019-03-24	0.000828	0.000833	0.000851	0.000823	0
CPT_USD	2019-03-23	0.000833	0.000829	0.000876	0.000810	0
CPT_USD	2019-03-22	0.000830	0.000849	0.000891	0.000828	0
CPT_USD	2019-03-21	0.000849	0.000908	0.000954	0.000848	0
CPT_USD	2019-03-20	0.000908	0.000924	0.000927	0.000897	0
CPT_USD	2019-03-19	0.000924	0.000937	0.000940	0.000900	0
CPT_USD	2019-03-18	0.000937	0.000936	0.000947	0.000929	0
CPT_USD	2019-03-17	0.000936	0.000940	0.000940	0.000929	0
CPT_USD	2019-03-16	0.000941	0.000921	0.000955	0.000921	0
CPT_USD	2019-03-15	0.000921	0.000908	0.000923	0.000889	0
CPT_USD	2019-03-14	0.000908	0.000908	0.000920	0.000894	0
CPT_USD	2019-03-13	0.000908	0.000910	0.000913	0.000883	0
CPT_USD	2019-03-12	0.000909	0.000889	0.000915	0.000877	0
CPT_USD	2019-03-11	0.000889	0.000920	0.000922	0.000882	0
CPT_USD	2019-03-10	0.000920	0.000944	0.000944	0.000913	0
CPT_USD	2019-03-09	0.000944	0.000926	0.000951	0.000924	0
CPT_USD	2019-03-08	0.000926	0.000912	0.000945	0.000909	0
CPT_USD	2019-03-07	0.000912	0.000909	0.000937	0.000872	0
CPT_USD	2019-03-06	0.000909	0.000909	0.000947	0.000900	0
CPT_USD	2019-03-05	0.000909	0.000912	0.000932	0.000878	0
CPT_USD	2019-03-04	0.000912	0.000952	0.000957	0.000907	0
CPT_USD	2019-03-03	0.000952	0.000939	0.000960	0.000937	0
CPT_USD	2019-03-02	0.000939	0.000959	0.000961	0.000926	0
CPT_USD	2019-03-01	0.000960	0.000954	0.000984	0.000920	0
CPT_USD	2019-02-28	0.000954	0.000995	0.001020	0.000923	0
CPT_USD	2019-02-27	0.000995	0.000994	0.001010	0.000962	0
CPT_USD	2019-02-26	0.000994	0.001000	0.001003	0.000969	0
CPT_USD	2019-02-25	0.001001	0.000996	0.001032	0.000983	0
CPT_USD	2019-02-24	0.000997	0.001116	0.001171	0.000996	0
CPT_USD	2019-02-23	0.001116	0.001035	0.001121	0.001024	0
CPT_USD	2019-02-22	0.001037	0.001022	0.001039	0.001010	0
CPT_USD	2019-02-21	0.001023	0.001054	0.001092	0.001011	0
CPT_USD	2019-02-20	0.001056	0.001057	0.001094	0.000978	0
CPT_USD	2019-02-19	0.001058	0.001054	0.001078	0.001028	0
CPT_USD	2019-02-18	0.001054	0.000990	0.001062	0.000982	0
CPT_USD	2019-02-17	0.000990	0.000937	0.000993	0.000937	0
CPT_USD	2019-02-16	0.000937	0.000954	0.000959	0.000937	0
CPT_USD	2019-02-15	0.000953	0.000950	0.000966	0.000948	0
CPT_USD	2019-02-14	0.000951	0.000953	0.000957	0.000947	0
CPT_USD	2019-02-13	0.000954	0.000942	0.000971	0.000941	0
CPT_USD	2019-02-12	0.000942	0.000957	0.000968	0.000933	0
CPT_USD	2019-02-11	0.000957	0.000974	0.000975	0.000937	0
CPT_USD	2019-02-10	0.000974	0.001023	0.001025	0.000922	0
CPT_USD	2019-02-09	0.001023	0.000987	0.001042	0.000963	0
CPT_USD	2019-02-08	0.000987	0.000894	0.001005	0.000891	0
CPT_USD	2019-02-07	0.000893	0.000880	0.000900	0.000879	0
CPT_USD	2019-02-06	0.000880	0.000896	0.000911	0.000864	0
CPT_USD	2019-02-05	0.000896	0.000908	0.000914	0.000876	0
CPT_USD	2019-02-04	0.000908	0.000910	0.000928	0.000889	0
CPT_USD	2019-02-03	0.000910	0.000945	0.000947	0.000894	0
CPT_USD	2019-02-02	0.000943	0.000884	0.000947	0.000864	0
CPT_USD	2019-02-01	0.000884	0.000911	0.000932	0.000791	0
CPT_USD	2019-01-31	0.000911	0.000935	0.000959	0.000905	0
CPT_USD	2019-01-30	0.000935	0.000922	0.000957	0.000915	0
CPT_USD	2019-01-29	0.000922	0.000910	0.000939	0.000864	0
CPT_USD	2019-01-28	0.000910	0.000971	0.000988	0.000867	0
CPT_USD	2019-01-27	0.000971	0.000980	0.000980	0.000888	0
CPT_USD	2019-01-26	0.000963	0.001034	0.001089	0.000910	0
CPT_USD	2019-01-25	0.001034	0.001096	0.001125	0.001008	0
CPT_USD	2019-01-24	0.001096	0.001014	0.001113	0.000972	0
CPT_USD	2019-01-23	0.001014	0.000946	0.001014	0.000910	0
CPT_USD	2019-01-22	0.000946	0.000823	0.001056	0.000818	0
CPT_USD	2019-01-21	0.000824	0.000807	0.000878	0.000807	0
CPT_USD	2019-01-20	0.000807	0.000865	0.000873	0.000798	0
CPT_USD	2019-01-19	0.000866	0.000827	0.000885	0.000813	0
CPT_USD	2019-01-18	0.000827	0.000819	0.000853	0.000805	0
CPT_USD	2019-01-17	0.000818	0.000846	0.000847	0.000789	0
CPT_USD	2019-01-16	0.000844	0.000840	0.000865	0.000838	0
CPT_USD	2019-01-15	0.000841	0.000900	0.000906	0.000839	0
CPT_USD	2019-01-14	0.000900	0.000880	0.000911	0.000861	0
CPT_USD	2019-01-13	0.000880	0.000889	0.000930	0.000857	0
CPT_USD	2019-01-12	0.000889	0.000910	0.000947	0.000881	0
CPT_USD	2019-01-11	0.000910	0.000910	0.000929	0.000898	0
CPT_USD	2019-01-10	0.000910	0.001062	0.001075	0.000885	0
CPT_USD	2019-01-09	0.001062	0.001087	0.001102	0.001049	0
CPT_USD	2019-01-08	0.001086	0.001090	0.001115	0.001076	0
CPT_USD	2019-01-07	0.001090	0.001126	0.001133	0.001081	0
CPT_USD	2019-01-06	0.001126	0.001056	0.002112	0.001050	0
CPT_USD	2019-01-05	0.001056	0.001068	0.001104	0.001054	0
CPT_USD	2019-01-04	0.001068	0.001059	0.001076	0.001042	0
CPT_USD	2019-01-03	0.001059	0.001134	0.001135	0.001054	0
CPT_USD	2019-01-02	0.001134	0.001071	0.001140	0.001019	0
CPT_USD	2019-01-01	0.001069	0.001054	0.001075	0.001023	0
CPT_USD	2018-12-31	0.001053	0.001074	0.001104	0.001040	0
CPT_USD	2018-12-30	0.001073	0.001049	0.001090	0.001038	0
CPT_USD	2018-12-29	0.001048	0.001090	0.001124	0.001028	0
CPT_USD	2018-12-28	0.001090	0.001040	0.001103	0.001006	0
CPT_USD	2018-12-27	0.001040	0.001140	0.001150	0.001033	0
CPT_USD	2018-12-26	0.001140	0.001056	0.001146	0.001048	0
CPT_USD	2018-12-25	0.001054	0.001159	0.001163	0.001032	0
CPT_USD	2018-12-24	0.001161	0.001221	0.001286	0.001155	0
CPT_USD	2018-12-23	0.001221	0.001261	0.001277	0.001141	0
CPT_USD	2018-12-22	0.001258	0.001233	0.001265	0.001203	0
CPT_USD	2018-12-21	0.001231	0.001327	0.001331	0.001223	0
CPT_USD	2018-12-20	0.001328	0.001237	0.001375	0.001217	0
CPT_USD	2018-12-19	0.001238	0.001230	0.001333	0.001223	0
CPT_USD	2018-12-18	0.001228	0.001197	0.001253	0.001172	0
CPT_USD	2018-12-17	0.001196	0.001089	0.001221	0.001073	0
CPT_USD	2018-12-16	0.001089	0.001051	0.001103	0.001049	0
CPT_USD	2018-12-15	0.001052	0.001050	0.001062	0.001030	0
CPT_USD	2018-12-14	0.001050	0.001090	0.001101	0.001032	0
CPT_USD	2018-12-13	0.001089	0.001149	0.001152	0.001082	0
CPT_USD	2018-12-12	0.001150	0.001114	0.001172	0.001110	0
CPT_USD	2018-12-11	0.001117	0.001145	0.001154	0.001097	0
CPT_USD	2018-12-10	0.001146	0.001202	0.001221	0.001130	0
CPT_USD	2018-12-09	0.001203	0.001157	0.001246	0.001145	0
CPT_USD	2018-12-08	0.001157	0.001142	0.001207	0.001095	0
CPT_USD	2018-12-07	0.001141	0.001165	0.001171	0.001051	0
CPT_USD	2018-12-06	0.001168	0.001282	0.001324	0.001160	0
CPT_USD	2018-12-05	0.001281	0.001356	0.001359	0.001275	0
CPT_USD	2018-12-04	0.001354	0.001325	0.001405	0.001295	0
CPT_USD	2018-12-03	0.001327	0.001419	0.001421	0.001306	0
CPT_USD	2018-12-02	0.001414	0.001443	0.001480	0.001403	0
CPT_USD	2018-12-01	0.001443	0.001373	0.001475	0.001353	0
CPT_USD	2018-11-30	0.001373	0.001448	0.001448	0.001334	0
CPT_USD	2018-11-29	0.001444	0.001421	0.001478	0.001380	0
CPT_USD	2018-11-28	0.001421	0.001282	0.001462	0.001252	0
CPT_USD	2018-11-27	0.001282	0.001273	0.001301	0.001207	0
CPT_USD	2018-11-26	0.001273	0.001349	0.001405	0.001227	0
CPT_USD	2018-11-25	0.001355	0.001277	0.001407	0.001172	0
CPT_USD	2018-11-24	0.001277	0.001460	0.001518	0.001246	0
CPT_USD	2018-11-23	0.001460	0.001441	0.001477	0.001382	0
CPT_USD	2018-11-22	0.001449	0.001540	0.001557	0.001449	0
CPT_USD	2018-11-21	0.001541	0.001564	0.001630	0.001385	0
CPT_USD	2018-11-20	0.001560	0.001728	0.001766	0.001380	0
CPT_USD	2018-11-19	0.001728	0.002122	0.002122	0.001614	0
CPT_USD	2018-11-18	0.002122	0.002138	0.002172	0.002033	0
CPT_USD	2018-11-17	0.002138	0.002208	0.002220	0.002066	0
CPT_USD	2018-11-16	0.002208	0.002157	0.002292	0.002084	0
CPT_USD	2018-11-15	0.002157	0.002339	0.002342	0.002017	0
CPT_USD	2018-11-14	0.002324	0.002648	0.002682	0.002225	0
CPT_USD	2018-11-13	0.002650	0.002740	0.002747	0.002576	0
CPT_USD	2018-11-12	0.002740	0.002677	0.002782	0.002677	0
CPT_USD	2018-11-11	0.002681	0.002669	0.002730	0.002625	0
CPT_USD	2018-11-10	0.002669	0.002664	0.002711	0.002600	0
CPT_USD	2018-11-09	0.002664	0.002592	0.002701	0.002572	0
CPT_USD	2018-11-08	0.002592	0.002695	0.002712	0.002592	0
CPT_USD	2018-11-07	0.002695	0.002704	0.002767	0.002630	0
CPT_USD	2018-11-06	0.002704	0.002717	0.002734	0.002646	0
CPT_USD	2018-11-05	0.002717	0.002659	0.002750	0.002645	0
CPT_USD	2018-11-04	0.002659	0.002619	0.002669	0.002608	0
CPT_USD	2018-11-03	0.002619	0.002635	0.002652	0.002596	0
CPT_USD	2018-11-02	0.002635	0.002624	0.002718	0.002621	0
CPT_USD	2018-11-01	0.002624	0.002611	0.002643	0.002543	0
CPT_USD	2018-10-31	0.002611	0.002595	0.002623	0.002542	0
CPT_USD	2018-10-30	0.002595	0.002664	0.002680	0.002525	0
CPT_USD	2018-10-29	0.002664	0.002726	0.002760	0.002544	0
CPT_USD	2018-10-28	0.002726	0.002698	0.002767	0.002664	0
CPT_USD	2018-10-27	0.002698	0.002711	0.002789	0.002658	0
CPT_USD	2018-10-26	0.002711	0.003003	0.003008	0.002617	0
CPT_USD	2018-10-25	0.003003	0.002785	0.003007	0.002679	0
CPT_USD	2018-10-24	0.002785	0.002620	0.002962	0.002576	0
CPT_USD	2018-10-23	0.002620	0.002922	0.002922	0.002490	0
CPT_USD	2018-10-22	0.002922	0.003032	0.003063	0.002817	0
CPT_USD	2018-10-21	0.003031	0.003030	0.003129	0.003030	0
CPT_USD	2018-10-20	0.003029	0.003003	0.003109	0.002995	0
CPT_USD	2018-10-19	0.003002	0.003141	0.003182	0.003002	0
CPT_USD	2018-10-18	0.003141	0.003267	0.003268	0.003138	0
CPT_USD	2018-10-17	0.003266	0.003377	0.003409	0.003210	0
CPT_USD	2018-10-16	0.003379	0.002966	0.003418	0.002892	0
CPT_USD	2018-10-15	0.002966	0.002819	0.003383	0.002803	0
CPT_USD	2018-10-14	0.002818	0.003132	0.003261	0.002576	0
CPT_USD	2018-10-13	0.003132	0.002769	0.003252	0.002736	0
CPT_USD	2018-10-12	0.002771	0.002720	0.002785	0.002422	0
CPT_USD	2018-10-11	0.002752	0.002254	0.003323	0.002174	0
CPT_USD	2018-10-10	0.002254	0.001866	0.002320	0.001811	0
CPT_USD	2018-10-09	0.001866	0.001635	0.001952	0.001600	0
CPT_USD	2018-10-08	0.001635	0.001617	0.001646	0.001581	0
CPT_USD	2018-10-07	0.001617	0.001582	0.001625	0.001568	0
CPT_USD	2018-10-06	0.001582	0.001661	0.001662	0.001579	0
CPT_USD	2018-10-05	0.001661	0.001612	0.001666	0.001605	0
CPT_USD	2018-10-04	0.001612	0.001562	0.001652	0.001560	0
CPT_USD	2018-10-03	0.001561	0.001567	0.001573	0.001489	0
CPT_USD	2018-10-02	0.001569	0.001552	0.001592	0.001521	0
CPT_USD	2018-10-01	0.001551	0.001555	0.001589	0.001521	0
CPT_USD	2018-09-30	0.001555	0.001585	0.001628	0.001477	0
CPT_USD	2018-09-29	0.001585	0.001592	0.001708	0.001460	0
CPT_USD	2018-09-28	0.001592	0.001408	0.001961	0.001385	0
CPT_USD	2018-09-27	0.001405	0.001325	0.001413	0.001288	0
CPT_USD	2018-09-26	0.001325	0.001321	0.001342	0.001278	0
CPT_USD	2018-09-25	0.001319	0.001383	0.001383	0.001274	0
CPT_USD	2018-09-24	0.001383	0.001409	0.001445	0.001377	0
CPT_USD	2018-09-23	0.001409	0.001479	0.001492	0.001400	0
CPT_USD	2018-09-22	0.001479	0.001454	0.001483	0.001412	0
CPT_USD	2018-09-21	0.001456	0.001365	0.001490	0.001332	0
CPT_USD	2018-09-20	0.001365	0.001279	0.001365	0.001271	0
CPT_USD	2018-09-19	0.001278	0.001269	0.001294	0.001223	0
CPT_USD	2018-09-18	0.001269	0.001251	0.001276	0.001246	0
CPT_USD	2018-09-17	0.001251	0.001332	0.001372	0.001243	0
CPT_USD	2018-09-16	0.001332	0.001336	0.001336	0.001276	0
CPT_USD	2018-09-15	0.001337	0.001296	0.001376	0.001295	0
CPT_USD	2018-09-14	0.001297	0.001295	0.001348	0.001275	0
CPT_USD	2018-09-13	0.001295	0.001204	0.001365	0.001149	0
CPT_USD	2018-09-12	0.001204	0.001258	0.001259	0.001060	0
CPT_USD	2018-09-11	0.001258	0.001262	0.001277	0.001174	0
CPT_USD	2018-09-10	0.001262	0.001280	0.001322	0.001250	0
CPT_USD	2018-09-09	0.001279	0.001268	0.001311	0.001231	0
CPT_USD	2018-09-08	0.001268	0.001409	0.001420	0.001233	0
CPT_USD	2018-09-07	0.001409	0.001434	0.001450	0.001352	0
CPT_USD	2018-09-06	0.001433	0.001508	0.001512	0.001282	0
CPT_USD	2018-09-05	0.001508	0.001766	0.001772	0.001508	0
CPT_USD	2018-09-04	0.001766	0.001744	0.001778	0.001680	0
CPT_USD	2018-09-03	0.001745	0.001823	0.001830	0.001666	0
CPT_USD	2018-09-02	0.001823	0.001799	0.001837	0.001732	0
CPT_USD	2018-09-01	0.001799	0.001827	0.001837	0.001689	0
CPT_USD	2018-08-31	0.001827	0.001851	0.001885	0.001799	0
CPT_USD	2018-08-30	0.001851	0.001689	0.001875	0.001648	0
CPT_USD	2018-08-29	0.001654	0.001487	0.001654	0.001487	0
CPT_USD	2018-08-28	0.001476	0.001417	0.001484	0.001349	0
CPT_USD	2018-08-27	0.001381	0.001340	0.001478	0.001335	0
CPT_USD	2018-08-26	0.001337	0.000868	0.001609	0.000868	0
