CRED_USD	2019-04-09	0.029049	0.029449	0.029449	0.028656	0
CRED_USD	2019-04-08	0.029449	0.028982	0.029620	0.028504	0
CRED_USD	2019-04-07	0.028982	0.028042	0.029285	0.028017	0
CRED_USD	2019-04-06	0.028042	0.027963	0.029100	0.027400	0
CRED_USD	2019-04-05	0.027963	0.027068	0.028148	0.027058	0
CRED_USD	2019-04-04	0.027068	0.027258	0.027943	0.026515	0
CRED_USD	2019-04-03	0.027258	0.026926	0.029160	0.026556	0
CRED_USD	2019-04-02	0.026926	0.022884	0.027693	0.022834	0
CRED_USD	2019-04-01	0.022884	0.022692	0.022981	0.022476	0
CRED_USD	2019-03-31	0.022692	0.022616	0.022728	0.022573	0
CRED_USD	2019-03-30	0.022616	0.022671	0.022839	0.022383	0
CRED_USD	2019-03-29	0.022671	0.022141	0.022675	0.022114	0
CRED_USD	2019-03-28	0.022141	0.022133	0.024551	0.021986	0
CRED_USD	2019-03-27	0.022133	0.022892	0.023450	0.022021	0
CRED_USD	2019-03-26	0.022892	0.023959	0.024593	0.022708	0
CRED_USD	2019-03-25	0.023959	0.030614	0.030678	0.023959	0
CRED_USD	2019-03-24	0.030614	0.030778	0.030778	0.030400	0
CRED_USD	2019-03-23	0.030778	0.030670	0.030878	0.030572	0
CRED_USD	2019-03-22	0.030670	0.030640	0.030825	0.030565	0
CRED_USD	2019-03-21	0.030640	0.031263	0.031406	0.030345	0
CRED_USD	2019-03-20	0.031263	0.031115	0.031331	0.030852	0
CRED_USD	2019-03-19	0.031115	0.030797	0.031173	0.030688	0
CRED_USD	2019-03-18	0.030797	0.030741	0.031116	0.030526	0
CRED_USD	2019-03-17	0.030741	0.030837	0.030858	0.030491	0
CRED_USD	2019-03-16	0.030837	0.030144	0.031290	0.030144	0
CRED_USD	2019-03-15	0.030144	0.029723	0.030202	0.029714	0
CRED_USD	2019-03-14	0.029723	0.029708	0.030100	0.029256	0
CRED_USD	2019-03-13	0.029708	0.029754	0.029878	0.029538	0
CRED_USD	2019-03-12	0.029754	0.029757	0.029965	0.029338	0
CRED_USD	2019-03-11	0.029757	0.030115	0.030189	0.029526	0
CRED_USD	2019-03-10	0.030115	0.030236	0.030250	0.029855	0
CRED_USD	2019-03-09	0.030236	0.029672	0.030458	0.029623	0
CRED_USD	2019-03-08	0.029672	0.030191	0.030539	0.029186	0
CRED_USD	2019-03-07	0.030191	0.030071	0.030393	0.029968	0
CRED_USD	2019-03-06	0.030071	0.030001	0.030207	0.029704	0
CRED_USD	2019-03-05	0.030001	0.028519	0.030108	0.028417	0
CRED_USD	2019-03-04	0.028519	0.029154	0.029304	0.028256	0
CRED_USD	2019-03-03	0.029154	0.029680	0.029759	0.029008	0
CRED_USD	2019-03-02	0.029680	0.029671	0.029687	0.028806	0
CRED_USD	2019-03-01	0.029671	0.029430	0.030143	0.029265	0
CRED_USD	2019-02-28	0.029430	0.029783	0.030440	0.029419	0
CRED_USD	2019-02-27	0.029783	0.029764	0.030036	0.028806	0
CRED_USD	2019-02-26	0.029764	0.029957	0.030036	0.029578	0
CRED_USD	2019-02-25	0.029957	0.029264	0.030269	0.029245	0
CRED_USD	2019-02-24	0.029264	0.032266	0.032846	0.027848	0
CRED_USD	2019-02-23	0.032266	0.031096	0.032593	0.030755	0
CRED_USD	2019-02-22	0.031096	0.030596	0.031120	0.030455	0
CRED_USD	2019-02-21	0.030596	0.044443	0.044443	0.029904	0
CRED_USD	2019-02-20	0.044443	0.036861	0.044511	0.036830	0
CRED_USD	2019-02-19	0.036861	0.033404	0.036866	0.028224	0
CRED_USD	2019-02-18	0.033404	0.034069	0.035289	0.033267	0
CRED_USD	2019-02-17	0.034069	0.042224	0.042475	0.024842	0
CRED_USD	2019-02-16	0.042224	0.028599	0.042398	0.028580	0
CRED_USD	2019-02-15	0.028599	0.025986	0.031214	0.025953	0
CRED_USD	2019-02-14	0.025986	0.026325	0.028054	0.025608	0
CRED_USD	2019-02-13	0.026325	0.026155	0.028125	0.025710	0
CRED_USD	2019-02-12	0.026155	0.020062	0.028389	0.019885	0
CRED_USD	2019-02-11	0.020062	0.019897	0.020143	0.019441	0
CRED_USD	2019-02-10	0.019897	0.019168	0.019897	0.018907	0
CRED_USD	2019-02-09	0.019168	0.019179	0.019272	0.019042	0
CRED_USD	2019-02-08	0.019179	0.017713	0.019537	0.017671	0
CRED_USD	2019-02-07	0.017713	0.017795	0.017848	0.017687	0
CRED_USD	2019-02-06	0.017795	0.018087	0.018133	0.017647	0
CRED_USD	2019-02-05	0.018087	0.017993	0.018108	0.017901	0
CRED_USD	2019-02-04	0.017993	0.018052	0.018160	0.017915	0
CRED_USD	2019-02-03	0.018052	0.018329	0.018369	0.017894	0
CRED_USD	2019-02-02	0.018329	0.018237	0.018413	0.018047	0
CRED_USD	2019-02-01	0.018237	0.018057	0.018324	0.017868	0
CRED_USD	2019-01-31	0.018057	0.018178	0.018372	0.017951	0
CRED_USD	2019-01-30	0.018178	0.017929	0.018299	0.017796	0
CRED_USD	2019-01-29	0.017929	0.018031	0.018107	0.017663	0
CRED_USD	2019-01-28	0.018031	0.018525	0.018545	0.017818	0
CRED_USD	2019-01-27	0.018525	0.018764	0.018811	0.018268	0
CRED_USD	2019-01-26	0.018764	0.018852	0.019369	0.018747	0
CRED_USD	2019-01-25	0.018852	0.018845	0.018903	0.018552	0
CRED_USD	2019-01-24	0.018845	0.018702	0.018927	0.018560	0
CRED_USD	2019-01-23	0.018697	0.018796	0.018983	0.018553	0
CRED_USD	2019-01-22	0.018796	0.018084	0.019006	0.018076	0
CRED_USD	2019-01-21	0.018084	0.016299	0.018198	0.016251	0
CRED_USD	2019-01-20	0.016299	0.017205	0.017773	0.016213	0
CRED_USD	2019-01-19	0.017205	0.012957	0.020508	0.012951	0
CRED_USD	2019-01-18	0.012957	0.016742	0.017706	0.009884	0
CRED_USD	2019-01-17	0.016742	0.028215	0.028307	0.014931	0
CRED_USD	2019-01-16	0.028215	0.028098	0.028692	0.027995	0
CRED_USD	2019-01-15	0.028098	0.028099	0.028896	0.027924	0
CRED_USD	2019-01-14	0.028099	0.027010	0.028432	0.026922	0
CRED_USD	2019-01-13	0.027010	0.028434	0.028542	0.026869	0
CRED_USD	2019-01-12	0.028434	0.028159	0.028695	0.027931	0
CRED_USD	2019-01-11	0.028159	0.027364	0.028191	0.027267	0
CRED_USD	2019-01-10	0.027364	0.030727	0.031022	0.027174	0
CRED_USD	2019-01-09	0.030727	0.030827	0.031290	0.030371	0
CRED_USD	2019-01-08	0.030827	0.030937	0.031644	0.030523	0
CRED_USD	2019-01-07	0.030937	0.031579	0.031770	0.030745	0
CRED_USD	2019-01-06	0.031579	0.029691	0.059378	0.029512	0
CRED_USD	2019-01-05	0.029691	0.030034	0.030510	0.029675	0
CRED_USD	2019-01-04	0.030034	0.029797	0.030252	0.029334	0
CRED_USD	2019-01-03	0.029797	0.030821	0.030859	0.029664	0
CRED_USD	2019-01-02	0.030821	0.030160	0.030990	0.029870	0
CRED_USD	2019-01-01	0.030160	0.029226	0.030335	0.028873	0
CRED_USD	2018-12-31	0.029226	0.030353	0.030430	0.028854	0
CRED_USD	2018-12-30	0.030353	0.029663	0.030479	0.029381	0
CRED_USD	2018-12-29	0.029663	0.030861	0.031232	0.029552	0
CRED_USD	2018-12-28	0.030861	0.028801	0.031226	0.028491	0
CRED_USD	2018-12-27	0.028801	0.030515	0.030765	0.028601	0
CRED_USD	2018-12-26	0.030515	0.031145	0.031781	0.029601	0
CRED_USD	2018-12-25	0.031145	0.032373	0.032426	0.029849	0
CRED_USD	2018-12-24	0.032373	0.032344	0.034786	0.031982	0
CRED_USD	2018-12-23	0.032344	0.032552	0.033343	0.032026	0
CRED_USD	2018-12-22	0.032552	0.031139	0.032674	0.030848	0
CRED_USD	2018-12-21	0.031139	0.033000	0.033579	0.030579	0
CRED_USD	2018-12-20	0.033000	0.029833	0.033636	0.029613	0
CRED_USD	2018-12-19	0.029833	0.029801	0.031552	0.029600	0
CRED_USD	2018-12-18	0.029801	0.026936	0.029906	0.023834	0
CRED_USD	2018-12-17	0.026936	0.019536	0.030806	0.019431	0
CRED_USD	2018-12-16	0.019536	0.023667	0.024237	0.011519	0
CRED_USD	2018-12-15	0.023667	0.023625	0.023900	0.023168	0
CRED_USD	2018-12-14	0.023625	0.024230	0.024593	0.021541	0
CRED_USD	2018-12-13	0.024230	0.027501	0.027514	0.023901	0
CRED_USD	2018-12-12	0.027501	0.026401	0.027944	0.025433	0
CRED_USD	2018-12-11	0.026804	0.029908	0.030271	0.026702	0
CRED_USD	2018-12-10	0.029908	0.032647	0.033131	0.029440	0
CRED_USD	2018-12-09	0.032647	0.031572	0.034051	0.031274	0
CRED_USD	2018-12-08	0.031572	0.031111	0.032929	0.029868	0
CRED_USD	2018-12-07	0.031111	0.034268	0.034335	0.029531	0
CRED_USD	2018-12-06	0.034268	0.041283	0.042918	0.034033	0
CRED_USD	2018-12-05	0.041283	0.043684	0.043803	0.041113	0
CRED_USD	2018-12-04	0.043684	0.048492	0.049431	0.037087	0
CRED_USD	2018-12-03	0.048492	0.047462	0.048712	0.044085	0
CRED_USD	2018-12-02	0.047462	0.031334	0.050214	0.030521	0
CRED_USD	2018-12-01	0.031334	0.029822	0.031998	0.029427	0
CRED_USD	2018-11-30	0.029822	0.031800	0.032135	0.029291	0
CRED_USD	2018-11-29	0.031800	0.031758	0.032953	0.030846	0
CRED_USD	2018-11-28	0.031758	0.028648	0.032677	0.028648	0
CRED_USD	2018-11-27	0.028648	0.028463	0.029078	0.027404	0
CRED_USD	2018-11-26	0.028463	0.031813	0.032746	0.027448	0
CRED_USD	2018-11-25	0.031813	0.030619	0.032739	0.028603	0
CRED_USD	2018-11-24	0.030619	0.029699	0.033808	0.029182	0
CRED_USD	2018-11-23	0.029699	0.029493	0.030092	0.028546	0
CRED_USD	2018-11-22	0.029493	0.031437	0.031767	0.029493	0
CRED_USD	2018-11-21	0.031437	0.030813	0.032070	0.029769	0
CRED_USD	2018-11-20	0.030813	0.033405	0.033860	0.028996	0
CRED_USD	2018-11-19	0.033405	0.038258	0.038258	0.033088	0
CRED_USD	2018-11-18	0.038258	0.037980	0.038573	0.037970	0
CRED_USD	2018-11-17	0.037980	0.046529	0.046575	0.037598	0
CRED_USD	2018-11-16	0.046529	0.052109	0.055946	0.045745	0
CRED_USD	2018-11-15	0.052109	0.053375	0.053777	0.049300	0
CRED_USD	2018-11-14	0.053375	0.058697	0.058884	0.051742	0
CRED_USD	2018-11-13	0.058697	0.058603	0.058997	0.058207	0
CRED_USD	2018-11-12	0.058603	0.058785	0.058966	0.058347	0
CRED_USD	2018-11-11	0.058785	0.058780	0.058898	0.057912	0
CRED_USD	2018-11-10	0.058780	0.058841	0.059125	0.058736	0
CRED_USD	2018-11-09	0.058841	0.063500	0.063558	0.058759	0
CRED_USD	2018-11-08	0.063500	0.064609	0.065194	0.063440	0
CRED_USD	2018-11-07	0.064609	0.064077	0.064981	0.064047	0
CRED_USD	2018-11-06	0.064077	0.063569	0.064077	0.063349	0
CRED_USD	2018-11-05	0.063569	0.063165	0.063617	0.062762	0
CRED_USD	2018-11-04	0.063165	0.062218	0.063402	0.061948	0
CRED_USD	2018-11-03	0.062218	0.062598	0.062650	0.061674	0
CRED_USD	2018-11-02	0.062598	0.062334	0.062869	0.062254	0
CRED_USD	2018-11-01	0.062334	0.062633	0.062905	0.058417	0
CRED_USD	2018-10-31	0.062633	0.062224	0.062924	0.061475	0
CRED_USD	2018-10-30	0.062224	0.062361	0.062716	0.062058	0
CRED_USD	2018-10-29	0.062361	0.063831	0.063982	0.062134	0
CRED_USD	2018-10-28	0.063831	0.064026	0.064026	0.063497	0
CRED_USD	2018-10-27	0.064026	0.064269	0.064528	0.063844	0
CRED_USD	2018-10-26	0.064269	0.059144	0.064849	0.059113	0
CRED_USD	2018-10-25	0.059144	0.059380	0.059502	0.058995	0
CRED_USD	2018-10-24	0.059380	0.059409	0.060068	0.059281	0
CRED_USD	2018-10-23	0.059409	0.059499	0.059719	0.059250	0
CRED_USD	2018-10-22	0.059499	0.059754	0.060113	0.059346	0
CRED_USD	2018-10-21	0.059754	0.059797	0.060369	0.059754	0
CRED_USD	2018-10-20	0.059797	0.059267	0.059984	0.059123	0
CRED_USD	2018-10-19	0.059267	0.061371	0.061528	0.057542	0
CRED_USD	2018-10-18	0.061371	0.062399	0.062866	0.060883	0
CRED_USD	2018-10-17	0.062399	0.062207	0.062555	0.061534	0
CRED_USD	2018-10-16	0.062207	0.062228	0.063613	0.061556	0
CRED_USD	2018-10-15	0.062228	0.060578	0.071980	0.060259	0
CRED_USD	2018-10-14	0.060578	0.060323	0.061326	0.060311	0
CRED_USD	2018-10-13	0.060323	0.059067	0.060766	0.059031	0
CRED_USD	2018-10-12	0.059067	0.058143	0.059081	0.057843	0
CRED_USD	2018-10-11	0.058143	0.071209	0.071209	0.058112	0
CRED_USD	2018-10-10	0.071209	0.063066	0.071318	0.063066	0
CRED_USD	2018-10-09	0.063066	0.074807	0.076842	0.062433	0
CRED_USD	2018-10-08	0.074807	0.058319	0.074807	0.058220	0
CRED_USD	2018-10-07	0.058319	0.058173	0.058609	0.057674	0
CRED_USD	2018-10-06	0.058173	0.058507	0.058537	0.057926	0
CRED_USD	2018-10-05	0.058507	0.062839	0.063136	0.058171	0
CRED_USD	2018-10-04	0.062839	0.067892	0.069115	0.062839	0
CRED_USD	2018-10-03	0.067892	0.057439	0.069765	0.055531	0
CRED_USD	2018-10-02	0.057439	0.056800	0.057683	0.056184	0
CRED_USD	2018-10-01	0.056800	0.056724	0.057709	0.055983	0
CRED_USD	2018-09-30	0.056724	0.056305	0.057097	0.055841	0
CRED_USD	2018-09-29	0.056305	0.055933	0.056305	0.054509	0
CRED_USD	2018-09-28	0.055933	0.056321	0.057501	0.055145	0
CRED_USD	2018-09-27	0.056321	0.054381	0.056643	0.054234	0
CRED_USD	2018-09-26	0.054381	0.054567	0.055589	0.054137	0
CRED_USD	2018-09-25	0.054567	0.055710	0.055710	0.053796	0
CRED_USD	2018-09-24	0.055710	0.069560	0.069560	0.055457	0
CRED_USD	2018-09-23	0.069560	0.069595	0.070240	0.069026	0
CRED_USD	2018-09-22	0.069595	0.073514	0.074254	0.049483	0
CRED_USD	2018-09-21	0.073514	0.070465	0.073526	0.070417	0
CRED_USD	2018-09-20	0.070465	0.069319	0.070730	0.068913	0
CRED_USD	2018-09-19	0.069319	0.068787	0.070281	0.066428	0
CRED_USD	2018-09-18	0.068787	0.067927	0.070388	0.067658	0
CRED_USD	2018-09-17	0.067927	0.069306	0.070682	0.067411	0
CRED_USD	2018-09-16	0.069306	0.049161	0.070542	0.048043	0
CRED_USD	2018-09-15	0.049161	0.049141	0.049530	0.048844	0
CRED_USD	2018-09-14	0.049141	0.049085	0.049889	0.048277	0
CRED_USD	2018-09-13	0.049085	0.048000	0.049415	0.047980	0
CRED_USD	2018-09-12	0.048000	0.047646	0.048101	0.047050	0
CRED_USD	2018-09-11	0.047646	0.052798	0.053444	0.047566	0
CRED_USD	2018-09-10	0.052798	0.052756	0.053720	0.052303	0
CRED_USD	2018-09-09	0.052756	0.052170	0.054195	0.051988	0
CRED_USD	2018-09-08	0.052170	0.053250	0.054552	0.051730	0
CRED_USD	2018-09-07	0.053250	0.059440	0.059681	0.053090	0
CRED_USD	2018-09-06	0.059440	0.061308	0.061458	0.057589	0
CRED_USD	2018-09-05	0.061308	0.069321	0.069638	0.061272	0
CRED_USD	2018-09-04	0.069321	0.067065	0.069880	0.066931	0
CRED_USD	2018-09-03	0.067065	0.067326	0.067715	0.066529	0
CRED_USD	2018-09-02	0.067326	0.069060	0.070568	0.066478	0
CRED_USD	2018-09-01	0.069060	0.067245	0.069627	0.067186	0
CRED_USD	2018-08-31	0.067245	0.066305	0.067723	0.065851	0
CRED_USD	2018-08-30	0.066305	0.055597	0.066325	0.054001	0
CRED_USD	2018-08-29	0.055597	0.059494	0.060512	0.055138	0
CRED_USD	2018-08-28	0.059494	0.054327	0.059977	0.054117	0
CRED_USD	2018-08-27	0.054327	0.066347	0.066883	0.052757	0
CRED_USD	2018-08-26	0.066347	0.066482	0.066895	0.064922	0
CRED_USD	2018-08-25	0.066482	0.066105	0.067037	0.065833	0
CRED_USD	2018-08-24	0.066105	0.064488	0.066410	0.063820	0
CRED_USD	2018-08-23	0.064488	0.062849	0.064870	0.062806	0
CRED_USD	2018-08-22	0.062849	0.064110	0.067945	0.061842	0
CRED_USD	2018-08-21	0.064110	0.061925	0.064312	0.061875	0
CRED_USD	2018-08-20	0.061925	0.064203	0.064554	0.061678	0
CRED_USD	2018-08-19	0.064203	0.063236	0.064742	0.062431	0
CRED_USD	2018-08-18	0.063236	0.075112	0.075112	0.062385	0
CRED_USD	2018-08-17	0.075112	0.072458	0.075381	0.072223	0
CRED_USD	2018-08-16	0.072458	0.070382	0.073868	0.070051	0
CRED_USD	2018-08-15	0.070382	0.072963	0.078069	0.069485	0
CRED_USD	2018-08-14	0.072963	0.074086	0.074086	0.068516	0
CRED_USD	2018-08-13	0.074086	0.073368	0.075888	0.071580	0
CRED_USD	2018-08-12	0.073368	0.072442	0.074884	0.071872	0
CRED_USD	2018-08-11	0.072442	0.072528	0.075104	0.069837	0
CRED_USD	2018-08-10	0.072528	0.076160	0.077016	0.069929	0
CRED_USD	2018-08-09	0.076160	0.072856	0.076710	0.071767	0
CRED_USD	2018-08-08	0.072856	0.077961	0.077961	0.071910	0
CRED_USD	2018-08-07	0.077961	0.079820	0.083530	0.077554	0
CRED_USD	2018-08-06	0.079820	0.076866	0.079820	0.075447	0
CRED_USD	2018-08-05	0.076866	0.075349	0.077411	0.074076	0
CRED_USD	2018-08-04	0.075349	0.079317	0.080970	0.074878	0
CRED_USD	2018-08-03	0.079317	0.086881	0.086881	0.063504	0
CRED_USD	2018-08-02	0.086881	0.087740	0.088782	0.086030	0
CRED_USD	2018-08-01	0.087740	0.102428	0.102559	0.085839	0
CRED_USD	2018-07-31	0.102428	0.108065	0.108131	0.101436	0
CRED_USD	2018-07-30	0.108065	0.108776	0.109494	0.104023	0
CRED_USD	2018-07-29	0.108776	0.109091	0.109490	0.107468	0
CRED_USD	2018-07-28	0.109091	0.109215	0.109215	0.109091	0
CRED_USD	2018-07-27	0.109215	0.108432	0.109668	0.108390	0
CRED_USD	2018-07-26	0.108432	0.104798	0.109289	0.104765	0
CRED_USD	2018-07-25	0.104798	0.107938	0.108871	0.103522	0
CRED_USD	2018-07-24	0.107938	0.099081	0.108703	0.098812	0
CRED_USD	2018-07-23	0.099081	0.093406	0.100175	0.093061	0
CRED_USD	2018-07-22	0.093406	0.091283	0.097422	0.090663	0
CRED_USD	2018-07-21	0.091283	0.090298	0.091815	0.087833	0
CRED_USD	2018-07-20	0.090298	0.099921	0.100291	0.089646	0
CRED_USD	2018-07-19	0.099921	0.103900	0.104072	0.098316	0
CRED_USD	2018-07-18	0.103900	0.111702	0.115042	0.102914	0
CRED_USD	2018-07-17	0.111702	0.088819	0.111933	0.087844	0
CRED_USD	2018-07-16	0.088819	0.076001	0.088973	0.075825	0
CRED_USD	2018-07-15	0.076001	0.074907	0.076499	0.074676	0
CRED_USD	2018-07-14	0.074907	0.074641	0.075537	0.074096	0
CRED_USD	2018-07-13	0.074641	0.080976	0.081495	0.070342	0
CRED_USD	2018-07-12	0.080976	0.083134	0.083134	0.079026	0
CRED_USD	2018-07-11	0.083134	0.082384	0.083610	0.082067	0
CRED_USD	2018-07-10	0.082384	0.087147	0.087408	0.082112	0
CRED_USD	2018-07-09	0.087147	0.093173	0.093206	0.086835	0
CRED_USD	2018-07-08	0.093173	0.111535	0.112013	0.093173	0
CRED_USD	2018-07-07	0.111535	0.080503	0.112597	0.079467	0
CRED_USD	2018-07-06	0.080503	0.079824	0.080853	0.078757	0
CRED_USD	2018-07-05	0.079824	0.074038	0.079940	0.072584	0
CRED_USD	2018-07-04	0.074038	0.073027	0.075431	0.072106	0
CRED_USD	2018-07-03	0.073027	0.074315	0.074900	0.000977	0
CRED_USD	2018-07-02	0.074315	0.071236	0.074986	0.000001	0
CRED_USD	2018-07-01	0.071243	0.071552	0.072081	0.070354	0
CRED_USD	2018-06-30	0.071553	0.065938	0.071860	0.065938	0
CRED_USD	2018-06-29	0.065993	0.062266	0.066683	0.061740	0
CRED_USD	2018-06-28	0.062366	0.066513	0.066770	0.062060	0
CRED_USD	2018-06-27	0.066544	0.077010	0.077370	0.064784	0
CRED_USD	2018-06-26	0.077254	0.099323	0.099686	0.076938	0
CRED_USD	2018-06-25	0.099258	0.100119	0.102872	0.099047	0
CRED_USD	2018-06-24	0.100152	0.100438	0.101629	0.094000	0
CRED_USD	2018-06-23	0.100308	0.098522	0.101889	0.098085	0
CRED_USD	2018-06-22	0.098524	0.109637	0.109911	0.096945	0
CRED_USD	2018-06-21	0.109631	0.110188	0.110665	0.109231	0
CRED_USD	2018-06-20	0.110194	0.109604	0.111025	0.106807	0
CRED_USD	2018-06-19	0.109728	0.109262	0.111156	0.108584	0
CRED_USD	2018-06-18	0.109215	0.105022	0.110478	0.104125	0
CRED_USD	2018-06-17	0.104937	0.105739	0.107090	0.104759	0
CRED_USD	2018-06-16	0.105719	0.108193	0.109933	0.103112	0
CRED_USD	2018-06-15	0.108142	0.113775	0.113775	0.107776	0
CRED_USD	2018-06-14	0.113557	0.134494	0.139620	0.109069	0
CRED_USD	2018-06-13	0.134416	0.137979	0.140396	0.107760	0
CRED_USD	2018-06-12	0.137945	0.145445	0.145445	0.135777	0
CRED_USD	2018-06-11	0.145515	0.145055	0.146346	0.139386	0
CRED_USD	2018-06-10	0.144888	0.173516	0.173516	0.136614	0
CRED_USD	2018-06-09	0.173469	0.166165	0.176771	0.165098	0
CRED_USD	2018-06-08	0.166163	0.167818	0.168054	0.164722	0
CRED_USD	2018-06-07	0.167888	0.167086	0.169351	0.166947	0
CRED_USD	2018-06-06	0.167077	0.176515	0.176865	0.155095	0
CRED_USD	2018-06-05	0.176365	0.174345	0.178747	0.171714	0
CRED_USD	2018-06-04	0.174473	0.179792	0.187394	0.173619	0
CRED_USD	2018-06-03	0.179753	0.176763	0.180242	0.176171	0
CRED_USD	2018-06-02	0.176897	0.176660	0.178621	0.174372	0
CRED_USD	2018-06-01	0.176519	0.173971	0.176841	0.170842	0
CRED_USD	2018-05-31	0.173987	0.178807	0.182078	0.172419	0
CRED_USD	2018-05-30	0.178884	0.182973	0.185233	0.176845	0
CRED_USD	2018-05-29	0.182755	0.182186	0.184531	0.173105	0
CRED_USD	2018-05-28	0.182073	0.186800	0.189060	0.151676	0
CRED_USD	2018-05-27	0.186721	0.186452	0.187974	0.183771	0
CRED_USD	2018-05-26	0.186410	0.189659	0.193676	0.185421	0
CRED_USD	2018-05-25	0.189693	0.191371	0.193131	0.185172	0
CRED_USD	2018-05-24	0.191290	0.190735	0.196147	0.184696	0
CRED_USD	2018-05-23	0.190880	0.225554	0.226716	0.189282	0
CRED_USD	2018-05-22	0.225593	0.287163	0.287488	0.207243	0
CRED_USD	2018-05-21	0.287163	0.292726	0.293476	0.286058	0
CRED_USD	2018-05-20	0.292726	0.282465	0.294824	0.280611	0
CRED_USD	2018-05-19	0.282465	0.264017	0.282465	0.260627	0
CRED_USD	2018-05-18	0.264017	0.266679	0.266744	0.258170	0
CRED_USD	2018-05-17	0.267027	0.303838	0.305341	0.265568	0
CRED_USD	2018-05-16	0.303660	0.339188	0.340375	0.302076	0
CRED_USD	2018-05-15	0.339235	0.378763	0.385630	0.332490	0
CRED_USD	2018-05-14	0.378793	0.309959	0.386752	0.266286	0
CRED_USD	2018-05-13	0.309959	0.331112	0.335833	0.275353	0
CRED_USD	2018-05-12	0.330360	0.327008	0.338957	0.315984	0
CRED_USD	2018-05-11	0.327008	0.335543	0.339441	0.324217	0
CRED_USD	2018-05-10	0.335543	0.362243	0.393533	0.318742	0
CRED_USD	2018-05-09	0.362243	0.252480	0.362581	0.200476	0
CRED_USD	2018-05-08	0.252596	0.221713	0.296351	0.000023	0
CRED_USD	2018-05-07	0.237271	0.274944	0.308074	0.235322	0
CRED_USD	2018-05-06	0.274944	0.207211	0.302556	0.207211	0
CRED_USD	2018-05-05	0.206966	0.227017	0.232624	0.206232	0
CRED_USD	2018-05-04	0.227017	0.228516	0.229899	0.223828	0
CRED_USD	2018-05-03	0.228650	0.219293	0.230327	0.214909	0
CRED_USD	2018-05-02	0.219293	0.218540	0.220106	0.194094	0
CRED_USD	2018-05-01	0.218693	0.235522	0.235588	0.190510	0
CRED_USD	2018-04-30	0.235522	0.264709	0.271738	0.234052	0
CRED_USD	2018-04-29	0.264709	0.292239	0.322039	0.259084	0
CRED_USD	2018-04-28	0.292239	0.297973	0.366739	0.284482	0
CRED_USD	2018-04-27	0.297973	0.304006	0.321207	0.292644	0
CRED_USD	2018-04-26	0.304006	0.235600	0.304402	0.230353	0
CRED_USD	2018-04-25	0.235511	0.285756	0.286606	0.181589	0
CRED_USD	2018-04-24	0.286419	0.264661	0.288344	0.257683	0
CRED_USD	2018-04-23	0.264661	0.263112	0.266765	0.242808	0
CRED_USD	2018-04-22	0.263112	0.182296	0.271553	0.180018	0
CRED_USD	2018-04-21	0.182296	0.214850	0.250357	0.176177	0
CRED_USD	2018-04-20	0.214850	0.198014	0.216557	0.197749	0
CRED_USD	2018-04-19	0.198014	0.234177	0.253484	0.189069	0
CRED_USD	2018-04-18	0.234177	0.180922	0.234177	0.180580	0
CRED_USD	2018-04-17	0.180922	0.171232	0.180922	0.162179	0
CRED_USD	2018-04-16	0.171232	0.211934	0.213145	0.166243	0
CRED_USD	2018-04-15	0.211934	0.202930	0.214629	0.202881	0
CRED_USD	2018-04-14	0.202930	0.201662	0.207396	0.199292	0
CRED_USD	2018-04-13	0.201662	0.199739	0.210997	0.195927	0
CRED_USD	2018-04-12	0.199755	0.191427	0.218992	0.180123	0
CRED_USD	2018-04-11	0.191427	0.174829	0.192200	0.173722	0
CRED_USD	2018-04-10	0.174829	0.172887	0.176106	0.167138	0
CRED_USD	2018-04-09	0.172829	0.183993	0.190055	0.169091	0
CRED_USD	2018-04-08	0.183993	0.184655	0.189397	0.182074	0
CRED_USD	2018-04-07	0.184655	0.187215	0.221080	0.184115	0
CRED_USD	2018-04-06	0.187215	0.165596	0.188147	0.159388	0
CRED_USD	2018-04-05	0.165596	0.187309	0.189374	0.163068	0
CRED_USD	2018-04-04	0.187309	0.197001	0.203768	0.167062	0
CRED_USD	2018-04-03	0.197001	0.187707	0.199752	0.186837	0
CRED_USD	2018-04-02	0.187707	0.185236	0.192893	0.183339	0
CRED_USD	2018-04-01	0.185236	0.192625	0.195536	0.175032	0
CRED_USD	2018-03-31	0.192625	0.202545	0.212613	0.191511	0
CRED_USD	2018-03-30	0.202545	0.184433	0.210573	0.173842	0
CRED_USD	2018-03-29	0.184433	0.185579	0.219120	0.175458	0
CRED_USD	2018-03-28	0.185579	0.208025	0.214770	0.172551	0
CRED_USD	2018-03-27	0.208025	0.216973	0.221037	0.199906	0
CRED_USD	2018-03-26	0.216973	0.238789	0.247125	0.193043	0
CRED_USD	2018-03-25	0.238789	0.211552	0.243928	0.177560	0
CRED_USD	2018-03-24	0.211552	0.222024	0.282228	0.198153	0
CRED_USD	2018-03-23	0.222024	0.298117	0.298117	0.176987	0
CRED_USD	2018-03-22	0.298117	0.321022	0.339049	0.272524	0
CRED_USD	2018-03-21	0.321022	0.315363	0.344444	0.295274	0
CRED_USD	2018-03-20	0.315363	0.271328	0.320194	0.262326	0
CRED_USD	2018-03-19	0.271328	0.322267	0.337968	0.263136	0
CRED_USD	2018-03-18	0.322267	0.300016	0.325771	0.290989	0
CRED_USD	2018-03-17	0.300016	0.287355	0.323676	0.277552	0
CRED_USD	2018-03-16	0.287355	0.306892	0.309911	0.282552	0
CRED_USD	2018-03-15	0.306892	0.302955	0.311077	0.284272	0
CRED_USD	2018-03-14	0.302955	0.339362	0.347456	0.293281	0
CRED_USD	2018-03-13	0.339362	0.338988	0.352250	0.312864	0
CRED_USD	2018-03-12	0.338988	0.339800	0.363092	0.326100	0
CRED_USD	2018-03-11	0.339800	0.314508	0.373243	0.276997	0
CRED_USD	2018-03-10	0.314508	0.373732	0.408988	0.312467	0
CRED_USD	2018-03-09	0.373732	0.370839	0.382099	0.333027	0
CRED_USD	2018-03-08	0.370839	0.411265	0.417118	0.361955	0
CRED_USD	2018-03-07	0.411265	0.496783	0.505939	0.372053	0
CRED_USD	2018-03-06	0.496783	0.423550	0.550075	0.393205	0
CRED_USD	2018-03-05	0.423550	0.433544	0.440994	0.386997	0
CRED_USD	2018-03-04	0.433544	0.442367	0.459200	0.357008	0
CRED_USD	2018-03-03	0.442367	0.524363	0.546572	0.338739	0
CRED_USD	2018-03-02	0.524363	0.658545	0.717591	0.492035	0
