CST_USD	2019-04-09	0.002522	0.002554	0.002554	0.002483	0
CST_USD	2019-04-08	0.002554	0.002518	0.002573	0.002472	0
CST_USD	2019-04-07	0.002518	0.002438	0.002544	0.002436	0
CST_USD	2019-04-06	0.002438	0.002440	0.002533	0.002385	0
CST_USD	2019-04-05	0.002440	0.002369	0.002457	0.002368	0
CST_USD	2019-04-04	0.002369	0.002390	0.002448	0.002320	0
CST_USD	2019-04-03	0.002390	0.002367	0.002557	0.002328	0
CST_USD	2019-04-02	0.002367	0.002015	0.002437	0.002011	0
CST_USD	2019-04-01	0.002015	0.002000	0.002026	0.001981	0
CST_USD	2019-03-31	0.002000	0.001999	0.002007	0.001994	0
CST_USD	2019-03-30	0.001999	0.002006	0.002021	0.001980	0
CST_USD	2019-03-29	0.002006	0.001964	0.002010	0.001961	0
CST_USD	2019-03-28	0.001964	0.001969	0.001970	0.001952	0
CST_USD	2019-03-27	0.001969	0.001916	0.001973	0.001910	0
CST_USD	2019-03-26	0.001916	0.001906	0.001918	0.001897	0
CST_USD	2019-03-25	0.001906	0.001940	0.001944	0.001891	0
CST_USD	2019-03-24	0.001940	0.001950	0.001950	0.001926	0
CST_USD	2019-03-23	0.001950	0.001943	0.001957	0.001937	0
CST_USD	2019-03-22	0.001943	0.001942	0.001953	0.001937	0
CST_USD	2019-03-21	0.001942	0.001981	0.001990	0.001923	0
CST_USD	2019-03-20	0.001981	0.001972	0.001985	0.001955	0
CST_USD	2019-03-19	0.001972	0.001955	0.001977	0.001947	0
CST_USD	2019-03-18	0.001955	0.001953	0.001977	0.001938	0
CST_USD	2019-03-17	0.001953	0.001963	0.001963	0.001940	0
CST_USD	2019-03-16	0.001963	0.001922	0.001993	0.001922	0
CST_USD	2019-03-15	0.001922	0.001896	0.001925	0.001895	0
CST_USD	2019-03-14	0.001896	0.001895	0.001920	0.001866	0
CST_USD	2019-03-13	0.001895	0.001898	0.001906	0.001884	0
CST_USD	2019-03-12	0.001898	0.001897	0.001910	0.001870	0
CST_USD	2019-03-11	0.001897	0.001920	0.001924	0.001882	0
CST_USD	2019-03-10	0.001920	0.001927	0.001928	0.001903	0
CST_USD	2019-03-09	0.001927	0.001891	0.001942	0.001888	0
CST_USD	2019-03-08	0.001891	0.001903	0.001929	0.001860	0
CST_USD	2019-03-07	0.001903	0.001897	0.001917	0.001889	0
CST_USD	2019-03-06	0.001897	0.001896	0.001909	0.001877	0
CST_USD	2019-03-05	0.001896	0.001824	0.001904	0.001817	0
CST_USD	2019-03-04	0.001824	0.001865	0.001875	0.001808	0
CST_USD	2019-03-03	0.001865	0.001878	0.001883	0.001853	0
CST_USD	2019-03-02	0.001878	0.001880	0.001883	0.001851	0
CST_USD	2019-03-01	0.001880	0.001870	0.001895	0.001869	0
CST_USD	2019-02-28	0.001870	0.001872	0.001914	0.001865	0
CST_USD	2019-02-27	0.001872	0.001871	0.001888	0.001811	0
CST_USD	2019-02-26	0.001871	0.001883	0.001888	0.001859	0
CST_USD	2019-02-25	0.001883	0.001840	0.001903	0.001839	0
CST_USD	2019-02-24	0.001840	0.002022	0.002056	0.001830	0
CST_USD	2019-02-23	0.002022	0.001951	0.002042	0.001927	0
CST_USD	2019-02-22	0.001951	0.001925	0.001956	0.001916	0
CST_USD	2019-02-21	0.001925	0.001949	0.001978	0.001908	0
CST_USD	2019-02-20	0.001949	0.001916	0.001952	0.001905	0
CST_USD	2019-02-19	0.001916	0.001910	0.001959	0.001893	0
CST_USD	2019-02-18	0.001910	0.001793	0.001924	0.001788	0
CST_USD	2019-02-17	0.001793	0.001765	0.001816	0.001761	0
CST_USD	2019-02-16	0.001765	0.001759	0.001787	0.001759	0
CST_USD	2019-02-15	0.001759	0.001756	0.001784	0.001750	0
CST_USD	2019-02-14	0.001756	0.001761	0.001767	0.001749	0
CST_USD	2019-02-13	0.001761	0.001773	0.001793	0.001752	0
CST_USD	2019-02-12	0.001773	0.001767	0.001787	0.001750	0
CST_USD	2019-02-11	0.001767	0.001799	0.001800	0.001765	0
CST_USD	2019-02-10	0.001799	0.001785	0.001799	0.001761	0
CST_USD	2019-02-09	0.001785	0.001788	0.001794	0.001773	0
CST_USD	2019-02-08	0.001788	0.001649	0.001821	0.001645	0
CST_USD	2019-02-07	0.001649	0.001657	0.001662	0.001647	0
CST_USD	2019-02-06	0.001657	0.001686	0.001690	0.001643	0
CST_USD	2019-02-05	0.001686	0.001675	0.001688	0.001668	0
CST_USD	2019-02-04	0.001675	0.001681	0.001689	0.001668	0
CST_USD	2019-02-03	0.001681	0.001708	0.001712	0.001666	0
CST_USD	2019-02-02	0.001708	0.001698	0.001715	0.001680	0
CST_USD	2019-02-01	0.001698	0.001681	0.001706	0.001664	0
CST_USD	2019-01-31	0.001681	0.001694	0.001712	0.001671	0
CST_USD	2019-01-30	0.001694	0.001669	0.001702	0.001657	0
CST_USD	2019-01-29	0.001669	0.001681	0.001686	0.001643	0
CST_USD	2019-01-28	0.001681	0.001727	0.001727	0.001659	0
CST_USD	2019-01-27	0.001727	0.001744	0.001748	0.001701	0
CST_USD	2019-01-26	0.001744	0.001742	0.001791	0.001740	0
CST_USD	2019-01-25	0.001742	0.001753	0.001758	0.001726	0
CST_USD	2019-01-24	0.001753	0.001738	0.001761	0.001723	0
CST_USD	2019-01-23	0.001738	0.001747	0.001762	0.001724	0
CST_USD	2019-01-22	0.001747	0.001719	0.001765	0.001681	0
CST_USD	2019-01-21	0.001719	0.001721	0.001731	0.001705	0
CST_USD	2019-01-20	0.001721	0.001807	0.001822	0.001703	0
CST_USD	2019-01-19	0.001807	0.001764	0.001848	0.001764	0
CST_USD	2019-01-18	0.001764	0.001786	0.001787	0.001754	0
CST_USD	2019-01-17	0.001786	0.001762	0.001787	0.001738	0
CST_USD	2019-01-16	0.001762	0.001755	0.001792	0.001749	0
CST_USD	2019-01-15	0.001755	0.001800	0.001812	0.001744	0
CST_USD	2019-01-14	0.001800	0.001814	0.001824	0.001730	0
CST_USD	2019-01-13	0.001814	0.001777	0.001823	0.001753	0
CST_USD	2019-01-12	0.001777	0.001876	0.001876	0.001723	0
CST_USD	2019-01-11	0.001876	0.001559	0.001878	0.001545	0
CST_USD	2019-01-10	0.001559	0.001776	0.001799	0.001549	0
CST_USD	2019-01-09	0.001776	0.001783	0.001831	0.001756	0
CST_USD	2019-01-08	0.001783	0.001954	0.001963	0.001767	0
CST_USD	2019-01-07	0.001954	0.001940	0.001989	0.001897	0
CST_USD	2019-01-06	0.001940	0.001819	0.003638	0.001808	0
CST_USD	2019-01-05	0.001819	0.002018	0.002064	0.001763	0
CST_USD	2019-01-04	0.002018	0.002098	0.002120	0.001932	0
CST_USD	2019-01-03	0.002098	0.002187	0.002265	0.002095	0
CST_USD	2019-01-02	0.002187	0.002414	0.002454	0.002087	0
CST_USD	2019-01-01	0.002414	0.002337	0.002428	0.002311	0
CST_USD	2018-12-31	0.002337	0.002443	0.002450	0.002307	0
CST_USD	2018-12-30	0.002443	0.002407	0.002473	0.002360	0
CST_USD	2018-12-29	0.002407	0.002523	0.002544	0.002398	0
CST_USD	2018-12-28	0.002523	0.002303	0.002538	0.002200	0
CST_USD	2018-12-27	0.002303	0.002437	0.002677	0.002273	0
CST_USD	2018-12-26	0.002437	0.002382	0.002450	0.002109	0
CST_USD	2018-12-25	0.002382	0.002404	0.002868	0.002207	0
CST_USD	2018-12-24	0.002404	0.002341	0.002532	0.002341	0
CST_USD	2018-12-23	0.002341	0.002331	0.002426	0.002305	0
CST_USD	2018-12-22	0.002331	0.002284	0.002363	0.002218	0
CST_USD	2018-12-21	0.002284	0.002423	0.002466	0.002226	0
CST_USD	2018-12-20	0.002423	0.002153	0.002492	0.002137	0
CST_USD	2018-12-19	0.002153	0.002305	0.002409	0.002120	0
CST_USD	2018-12-18	0.002305	0.002302	0.002335	0.002205	0
CST_USD	2018-12-17	0.002302	0.002161	0.002349	0.001930	0
CST_USD	2018-12-16	0.002161	0.002235	0.002312	0.001987	0
CST_USD	2018-12-15	0.002235	0.002231	0.002275	0.002188	0
CST_USD	2018-12-14	0.002231	0.002296	0.002325	0.002194	0
CST_USD	2018-12-13	0.002296	0.002441	0.002441	0.002264	0
CST_USD	2018-12-12	0.002441	0.002395	0.002471	0.002305	0
CST_USD	2018-12-11	0.002416	0.002608	0.002869	0.002287	0
CST_USD	2018-12-10	0.002608	0.002935	0.002997	0.002546	0
CST_USD	2018-12-09	0.002935	0.002840	0.003022	0.002793	0
CST_USD	2018-12-08	0.002840	0.002819	0.002962	0.002670	0
CST_USD	2018-12-07	0.002819	0.003009	0.003015	0.002677	0
CST_USD	2018-12-06	0.003009	0.003221	0.003348	0.002988	0
CST_USD	2018-12-05	0.003221	0.003425	0.003438	0.003209	0
CST_USD	2018-12-04	0.003425	0.003337	0.003534	0.003257	0
CST_USD	2018-12-03	0.003337	0.003536	0.003552	0.003245	0
CST_USD	2018-12-02	0.003536	0.003628	0.003748	0.003429	0
CST_USD	2018-12-01	0.003628	0.003473	0.003852	0.003437	0
CST_USD	2018-11-30	0.003473	0.003924	0.004031	0.003466	0
CST_USD	2018-11-29	0.003924	0.004069	0.004223	0.003813	0
CST_USD	2018-11-28	0.004069	0.003651	0.004209	0.003651	0
CST_USD	2018-11-27	0.003651	0.003683	0.003794	0.003505	0
CST_USD	2018-11-26	0.003683	0.003941	0.004070	0.003512	0
CST_USD	2018-11-25	0.003941	0.003990	0.004032	0.003461	0
CST_USD	2018-11-24	0.003990	0.004180	0.004350	0.003892	0
CST_USD	2018-11-23	0.004180	0.004216	0.004302	0.004079	0
CST_USD	2018-11-22	0.004216	0.004461	0.004508	0.004216	0
CST_USD	2018-11-21	0.004461	0.004382	0.004558	0.004231	0
CST_USD	2018-11-20	0.004382	0.004444	0.004925	0.004189	0
CST_USD	2018-11-19	0.004444	0.005688	0.005706	0.004377	0
CST_USD	2018-11-18	0.005688	0.005852	0.005969	0.005665	0
CST_USD	2018-11-17	0.005852	0.005915	0.005937	0.005812	0
CST_USD	2018-11-16	0.005915	0.005982	0.005994	0.005650	0
CST_USD	2018-11-15	0.005982	0.006591	0.006641	0.005822	0
CST_USD	2018-11-14	0.006591	0.007693	0.007693	0.006361	0
CST_USD	2018-11-13	0.007693	0.007672	0.007731	0.007565	0
CST_USD	2018-11-12	0.007672	0.007590	0.007676	0.007578	0
CST_USD	2018-11-11	0.007590	0.007492	0.007618	0.007459	0
CST_USD	2018-11-10	0.007492	0.007512	0.007560	0.007428	0
CST_USD	2018-11-09	0.007512	0.007419	0.007573	0.007372	0
CST_USD	2018-11-08	0.007419	0.007789	0.007810	0.007419	0
CST_USD	2018-11-07	0.007789	0.007297	0.007859	0.007294	0
CST_USD	2018-11-06	0.007297	0.007344	0.007406	0.007281	0
CST_USD	2018-11-05	0.007344	0.007393	0.007411	0.007323	0
CST_USD	2018-11-04	0.007393	0.007282	0.007429	0.007219	0
CST_USD	2018-11-03	0.007282	0.007230	0.007352	0.007215	0
CST_USD	2018-11-02	0.007230	0.007072	0.007360	0.007001	0
CST_USD	2018-11-01	0.007072	0.007164	0.007344	0.007035	0
CST_USD	2018-10-31	0.007164	0.006963	0.007172	0.006933	0
CST_USD	2018-10-30	0.006963	0.007613	0.007814	0.006881	0
CST_USD	2018-10-29	0.007613	0.008113	0.008319	0.007608	0
CST_USD	2018-10-28	0.008113	0.007248	0.008252	0.007243	0
CST_USD	2018-10-27	0.007248	0.006727	0.007334	0.006701	0
CST_USD	2018-10-26	0.006727	0.007083	0.007233	0.006238	0
CST_USD	2018-10-25	0.007083	0.007701	0.007701	0.007083	0
CST_USD	2018-10-24	0.007701	0.007598	0.007962	0.007480	0
CST_USD	2018-10-23	0.007598	0.007552	0.007835	0.007521	0
CST_USD	2018-10-22	0.007552	0.006654	0.007552	0.006332	0
CST_USD	2018-10-21	0.006654	0.008133	0.008148	0.006503	0
CST_USD	2018-10-20	0.008133	0.008028	0.008133	0.006558	0
CST_USD	2018-10-19	0.008028	0.007969	0.008295	0.007878	0
CST_USD	2018-10-18	0.007969	0.008250	0.008255	0.007853	0
CST_USD	2018-10-17	0.008250	0.008312	0.008397	0.008105	0
CST_USD	2018-10-16	0.008312	0.008158	0.008408	0.008083	0
CST_USD	2018-10-15	0.008158	0.008043	0.009547	0.007598	0
CST_USD	2018-10-14	0.008043	0.008066	0.008152	0.007999	0
CST_USD	2018-10-13	0.008066	0.008344	0.008377	0.007970	0
CST_USD	2018-10-12	0.008344	0.008288	0.008412	0.008246	0
CST_USD	2018-10-11	0.008288	0.008487	0.008487	0.007878	0
CST_USD	2018-10-10	0.008487	0.008429	0.008564	0.008260	0
CST_USD	2018-10-09	0.008429	0.008475	0.008484	0.008306	0
CST_USD	2018-10-08	0.008475	0.008515	0.008542	0.008265	0
CST_USD	2018-10-07	0.008515	0.008471	0.008899	0.008416	0
CST_USD	2018-10-06	0.008471	0.008838	0.008842	0.008227	0
CST_USD	2018-10-05	0.008838	0.008653	0.008838	0.008611	0
CST_USD	2018-10-04	0.008653	0.008487	0.009221	0.008482	0
CST_USD	2018-10-03	0.008487	0.008369	0.008911	0.008071	0
CST_USD	2018-10-02	0.008369	0.008614	0.008798	0.008203	0
CST_USD	2018-10-01	0.008614	0.007910	0.008619	0.007809	0
CST_USD	2018-09-30	0.007910	0.007760	0.007920	0.007476	0
CST_USD	2018-09-29	0.007760	0.007929	0.007929	0.007674	0
CST_USD	2018-09-28	0.007929	0.008194	0.008237	0.007772	0
CST_USD	2018-09-27	0.008194	0.007658	0.008194	0.007498	0
CST_USD	2018-09-26	0.007658	0.007593	0.007796	0.007535	0
CST_USD	2018-09-25	0.007593	0.007737	0.007737	0.007436	0
CST_USD	2018-09-24	0.007737	0.007919	0.007932	0.007392	0
CST_USD	2018-09-23	0.007919	0.008136	0.008174	0.007572	0
CST_USD	2018-09-22	0.008136	0.008161	0.008370	0.008101	0
CST_USD	2018-09-21	0.008161	0.007866	0.008201	0.007498	0
CST_USD	2018-09-20	0.007866	0.008054	0.008083	0.007478	0
CST_USD	2018-09-19	0.008054	0.008309	0.008370	0.007356	0
CST_USD	2018-09-18	0.008309	0.007662	0.008354	0.007632	0
CST_USD	2018-09-17	0.007662	0.007993	0.008452	0.007310	0
CST_USD	2018-09-16	0.007993	0.008052	0.008502	0.007394	0
CST_USD	2018-09-15	0.008052	0.009017	0.009035	0.007765	0
CST_USD	2018-09-14	0.009017	0.008256	0.009063	0.007758	0
CST_USD	2018-09-13	0.008256	0.008523	0.008748	0.008200	0
CST_USD	2018-09-12	0.008523	0.009372	0.009388	0.008514	0
CST_USD	2018-09-11	0.009372	0.009588	0.009642	0.009208	0
CST_USD	2018-09-10	0.009588	0.009640	0.010189	0.009209	0
CST_USD	2018-09-09	0.009640	0.008628	0.009845	0.008060	0
CST_USD	2018-09-08	0.008628	0.009062	0.009155	0.008565	0
CST_USD	2018-09-07	0.009062	0.008761	0.009404	0.008523	0
CST_USD	2018-09-06	0.008761	0.009553	0.009553	0.007604	0
CST_USD	2018-09-05	0.009553	0.010339	0.011807	0.009536	0
CST_USD	2018-09-04	0.010339	0.009451	0.013058	0.009434	0
CST_USD	2018-09-03	0.009451	0.009660	0.010157	0.009355	0
CST_USD	2018-09-02	0.009660	0.012452	0.012573	0.009355	0
CST_USD	2018-09-01	0.012452	0.008362	0.013217	0.008354	0
CST_USD	2018-08-31	0.008362	0.008148	0.008430	0.008075	0
CST_USD	2018-08-30	0.008148	0.008456	0.008472	0.007895	0
CST_USD	2018-08-29	0.008456	0.008530	0.008624	0.008286	0
CST_USD	2018-08-28	0.008530	0.006730	0.008878	0.006666	0
CST_USD	2018-08-27	0.006730	0.006138	0.006738	0.006093	0
CST_USD	2018-08-26	0.006138	0.006503	0.006645	0.005883	0
CST_USD	2018-08-25	0.006503	0.005690	0.007918	0.005689	0
CST_USD	2018-08-24	0.005690	0.005711	0.005803	0.005298	0
CST_USD	2018-08-23	0.005711	0.007658	0.008022	0.005348	0
CST_USD	2018-08-22	0.007658	0.007969	0.008446	0.007535	0
CST_USD	2018-08-21	0.007969	0.007725	0.008075	0.007719	0
CST_USD	2018-08-20	0.007725	0.007361	0.008354	0.006858	0
CST_USD	2018-08-19	0.007361	0.007893	0.008025	0.007185	0
CST_USD	2018-08-18	0.007893	0.008269	0.008296	0.006929	0
CST_USD	2018-08-17	0.008269	0.008268	0.008614	0.007414	0
CST_USD	2018-08-16	0.008268	0.007806	0.008359	0.007122	0
CST_USD	2018-08-15	0.007806	0.007176	0.008669	0.007155	0
CST_USD	2018-08-14	0.007176	0.007190	0.007832	0.006674	0
CST_USD	2018-08-13	0.007190	0.009376	0.009707	0.007190	0
CST_USD	2018-08-12	0.009376	0.009553	0.010240	0.009233	0
CST_USD	2018-08-11	0.009553	0.010936	0.016079	0.008681	0
CST_USD	2018-08-10	0.010936	0.010479	0.012053	0.010241	0
CST_USD	2018-08-09	0.010479	0.009072	0.010730	0.009061	0
CST_USD	2018-08-08	0.009072	0.009909	0.010835	0.008862	0
CST_USD	2018-08-07	0.009909	0.012349	0.012405	0.009892	0
CST_USD	2018-08-06	0.012349	0.013151	0.013434	0.011265	0
CST_USD	2018-08-05	0.013151	0.011174	0.014531	0.009284	0
CST_USD	2018-08-04	0.011174	0.011310	0.012676	0.010972	0
CST_USD	2018-08-03	0.011310	0.011001	0.012304	0.009442	0
CST_USD	2018-08-02	0.011001	0.011757	0.012746	0.009542	0
CST_USD	2018-08-01	0.011757	0.014445	0.014463	0.010819	0
CST_USD	2018-07-31	0.014445	0.017037	0.017290	0.013379	0
CST_USD	2018-07-30	0.017037	0.015416	0.018688	0.013812	0
CST_USD	2018-07-29	0.015416	0.017563	0.018773	0.014212	0
CST_USD	2018-07-28	0.017563	0.017481	0.018347	0.016450	0
CST_USD	2018-07-27	0.017481	0.018842	0.019542	0.016533	0
CST_USD	2018-07-26	0.018842	0.019627	0.020821	0.018759	0
CST_USD	2018-07-25	0.019627	0.022421	0.022614	0.019340	0
CST_USD	2018-07-24	0.022421	0.020557	0.022579	0.020539	0
CST_USD	2018-07-23	0.020557	0.020169	0.020891	0.020094	0
CST_USD	2018-07-22	0.020169	0.020100	0.020544	0.019964	0
CST_USD	2018-07-21	0.020100	0.019907	0.020308	0.019504	0
CST_USD	2018-07-20	0.019907	0.020889	0.020969	0.019594	0
CST_USD	2018-07-19	0.020889	0.022209	0.022392	0.020778	0
CST_USD	2018-07-18	0.022209	0.022399	0.024483	0.021970	0
CST_USD	2018-07-17	0.022399	0.020512	0.022762	0.020228	0
CST_USD	2018-07-16	0.020512	0.019326	0.020956	0.019312	0
CST_USD	2018-07-15	0.019326	0.018500	0.020190	0.017108	0
CST_USD	2018-07-14	0.018500	0.019344	0.019888	0.018385	0
CST_USD	2018-07-13	0.019344	0.018850	0.019523	0.016959	0
CST_USD	2018-07-12	0.018850	0.018432	0.019923	0.017226	0
CST_USD	2018-07-11	0.018432	0.018178	0.018879	0.017832	0
CST_USD	2018-07-10	0.018178	0.021479	0.022410	0.017778	0
CST_USD	2018-07-09	0.021479	0.022472	0.022524	0.019994	0
CST_USD	2018-07-08	0.022472	0.022280	0.022649	0.022133	0
CST_USD	2018-07-07	0.022280	0.021685	0.022492	0.021415	0
CST_USD	2018-07-06	0.021685	0.021027	0.021835	0.020746	0
CST_USD	2018-07-05	0.021027	0.021253	0.021566	0.020455	0
CST_USD	2018-07-04	0.021253	0.020735	0.021753	0.020473	0
CST_USD	2018-07-03	0.020735	0.022665	0.022890	0.000289	0
CST_USD	2018-07-02	0.022665	0.024063	0.024905	0.000000	0
CST_USD	2018-07-01	0.024065	0.024831	0.025612	0.023655	0
CST_USD	2018-06-30	0.024767	0.020859	0.025054	0.019947	0
CST_USD	2018-06-29	0.020890	0.022403	0.023383	0.019783	0
CST_USD	2018-06-28	0.022439	0.021559	0.024953	0.019715	0
CST_USD	2018-06-27	0.021558	0.023597	0.023783	0.021465	0
CST_USD	2018-06-26	0.023672	0.024128	0.024574	0.023273	0
CST_USD	2018-06-25	0.024112	0.024000	0.024723	0.022140	0
CST_USD	2018-06-24	0.024008	0.024825	0.024905	0.022938	0
CST_USD	2018-06-23	0.024792	0.024260	0.025183	0.023551	0
CST_USD	2018-06-22	0.024200	0.024472	0.026941	0.023390	0
CST_USD	2018-06-21	0.024471	0.028189	0.028565	0.022997	0
CST_USD	2018-06-20	0.028258	0.027670	0.030587	0.025773	0
CST_USD	2018-06-19	0.028005	0.031141	0.031665	0.022850	0
CST_USD	2018-06-18	0.031130	0.029187	0.032268	0.028889	0
CST_USD	2018-06-17	0.029163	0.031462	0.031768	0.029114	0
CST_USD	2018-06-16	0.031456	0.030967	0.031702	0.028808	0
CST_USD	2018-06-15	0.030952	0.032844	0.033429	0.029573	0
CST_USD	2018-06-14	0.032781	0.030311	0.033031	0.030169	0
CST_USD	2018-06-13	0.030293	0.032589	0.032706	0.030244	0
CST_USD	2018-06-12	0.032581	0.034386	0.035627	0.032225	0
CST_USD	2018-06-11	0.034403	0.036053	0.036184	0.032687	0
CST_USD	2018-06-10	0.036045	0.041954	0.045417	0.035653	0
CST_USD	2018-06-09	0.041943	0.038267	0.042807	0.037120	0
CST_USD	2018-06-08	0.038266	0.040312	0.043820	0.034158	0
CST_USD	2018-06-07	0.040329	0.036088	0.040702	0.033400	0
CST_USD	2018-06-06	0.036086	0.032801	0.040865	0.030946	0
CST_USD	2018-06-05	0.032887	0.031267	0.040051	0.027636	0
CST_USD	2018-06-04	0.031290	0.034531	0.034674	0.031257	0
CST_USD	2018-06-03	0.034500	0.038657	0.038750	0.034396	0
CST_USD	2018-06-02	0.038687	0.037823	0.040070	0.037495	0
CST_USD	2018-06-01	0.037793	0.042557	0.042715	0.036609	0
CST_USD	2018-05-31	0.042561	0.035880	0.042990	0.034709	0
CST_USD	2018-05-30	0.035954	0.036169	0.038777	0.034954	0
CST_USD	2018-05-29	0.036126	0.037794	0.038079	0.032496	0
CST_USD	2018-05-28	0.037771	0.036861	0.043764	0.036461	0
CST_USD	2018-05-27	0.036918	0.046760	0.047072	0.033924	0
CST_USD	2018-05-26	0.046749	0.050369	0.051436	0.045382	0
CST_USD	2018-05-25	0.050378	0.049282	0.051163	0.046173	0
CST_USD	2018-05-24	0.049261	0.045133	0.050739	0.041843	0
CST_USD	2018-05-23	0.045167	0.057794	0.059038	0.040188	0
CST_USD	2018-05-22	0.057815	0.061244	0.061359	0.057554	0
CST_USD	2018-05-21	0.061244	0.062261	0.062659	0.060611	0
CST_USD	2018-05-20	0.062261	0.059822	0.064708	0.058876	0
CST_USD	2018-05-19	0.059822	0.059774	0.061218	0.058674	0
CST_USD	2018-05-18	0.059774	0.059289	0.060185	0.058262	0
CST_USD	2018-05-17	0.059366	0.060567	0.063897	0.058944	0
CST_USD	2018-05-16	0.060515	0.057060	0.063516	0.051549	0
CST_USD	2018-05-15	0.056892	0.066384	0.067613	0.055329	0
CST_USD	2018-05-14	0.066476	0.067211	0.069386	0.061586	0
CST_USD	2018-05-13	0.067211	0.064324	0.070215	0.063810	0
CST_USD	2018-05-12	0.064178	0.065418	0.066417	0.063147	0
CST_USD	2018-05-11	0.065418	0.075307	0.075987	0.065302	0
CST_USD	2018-05-10	0.075307	0.074918	0.083747	0.074327	0
CST_USD	2018-05-09	0.074918	0.073751	0.087795	0.071292	0
CST_USD	2018-05-08	0.073798	0.075760	0.076078	0.000008	0
CST_USD	2018-05-07	0.078682	0.084468	0.086300	0.075028	0
CST_USD	2018-05-06	0.084468	0.084887	0.089028	0.077223	0
CST_USD	2018-05-05	0.085230	0.087856	0.095360	0.083284	0
CST_USD	2018-05-04	0.087856	0.073975	0.092796	0.072536	0
CST_USD	2018-05-03	0.073975	0.077761	0.082733	0.071646	0
CST_USD	2018-05-02	0.077761	0.078468	0.078806	0.073720	0
CST_USD	2018-05-01	0.078539	0.072596	0.078753	0.068466	0
CST_USD	2018-04-30	0.072596	0.078008	0.085740	0.070621	0
CST_USD	2018-04-29	0.078008	0.062342	0.082409	0.059269	0
CST_USD	2018-04-28	0.062342	0.082998	0.086665	0.058675	0
CST_USD	2018-04-27	0.082998	0.050288	0.098341	0.048837	0
CST_USD	2018-04-26	0.050288	0.045753	0.050529	0.042445	0
CST_USD	2018-04-25	0.045753	0.042994	0.075311	0.040056	0
CST_USD	2018-04-24	0.043093	0.038620	0.043198	0.038578	0
CST_USD	2018-04-23	0.038620	0.037663	0.039209	0.037547	0
CST_USD	2018-04-22	0.037663	0.039312	0.040948	0.037418	0
CST_USD	2018-04-21	0.039312	0.036991	0.039319	0.036244	0
CST_USD	2018-04-20	0.036991	0.036161	0.037417	0.034751	0
CST_USD	2018-04-19	0.036161	0.036913	0.038357	0.033980	0
CST_USD	2018-04-18	0.036913	0.036255	0.037480	0.034031	0
CST_USD	2018-04-17	0.036255	0.035004	0.036318	0.032444	0
CST_USD	2018-04-16	0.035004	0.037356	0.037569	0.033638	0
CST_USD	2018-04-15	0.037356	0.036063	0.037850	0.035100	0
CST_USD	2018-04-14	0.036063	0.036913	0.039843	0.035262	0
CST_USD	2018-04-13	0.036913	0.039995	0.041783	0.036642	0
CST_USD	2018-04-12	0.039995	0.033495	0.041479	0.032872	0
CST_USD	2018-04-11	0.033495	0.032011	0.033631	0.031734	0
CST_USD	2018-04-10	0.032011	0.030527	0.033389	0.030255	0
CST_USD	2018-04-09	0.030517	0.032478	0.033331	0.025966	0
CST_USD	2018-04-08	0.032478	0.033404	0.034410	0.031926	0
CST_USD	2018-04-07	0.033404	0.027548	0.034217	0.027488	0
CST_USD	2018-04-06	0.027548	0.026270	0.028560	0.024699	0
CST_USD	2018-04-05	0.026270	0.028300	0.029942	0.025392	0
CST_USD	2018-04-04	0.028300	0.033617	0.034609	0.026223	0
CST_USD	2018-04-03	0.033617	0.036145	0.038254	0.032240	0
CST_USD	2018-04-02	0.036145	0.036128	0.037943	0.032391	0
CST_USD	2018-04-01	0.036128	0.041413	0.042948	0.032219	0
CST_USD	2018-03-31	0.041413	0.052842	0.057247	0.028633	0
CST_USD	2018-03-30	0.052842	0.050993	0.056279	0.044628	0
CST_USD	2018-03-29	0.050993	0.068093	0.068276	0.049841	0
CST_USD	2018-03-28	0.068093	0.064684	0.074030	0.056213	0
CST_USD	2018-03-27	0.064684	0.062602	0.072779	0.055995	0
CST_USD	2018-03-26	0.062602	0.064184	0.079404	0.058210	0
CST_USD	2018-03-25	0.064184	0.055929	0.065984	0.052649	0
CST_USD	2018-03-24	0.055929	0.079320	0.081791	0.055867	0
CST_USD	2018-03-23	0.079320	0.085425	0.093400	0.077487	0
CST_USD	2018-03-22	0.085425	0.091937	0.094130	0.083178	0
CST_USD	2018-03-21	0.091937	0.092429	0.101285	0.090119	0
CST_USD	2018-03-20	0.092429	0.086042	0.102690	0.084629	0
CST_USD	2018-03-19	0.086042	0.084742	0.092115	0.083638	0
CST_USD	2018-03-18	0.084742	0.087754	0.088302	0.075577	0
CST_USD	2018-03-17	0.087754	0.086774	0.096502	0.083641	0
CST_USD	2018-03-16	0.086774	0.095832	0.103231	0.084081	0
CST_USD	2018-03-15	0.095832	0.091422	0.116996	0.080286	0
CST_USD	2018-03-14	0.091422	0.097835	0.118737	0.078730	0
CST_USD	2018-03-13	0.097835	0.102827	0.108290	0.097335	0
CST_USD	2018-03-12	0.102827	0.105278	0.109704	0.097927	0
CST_USD	2018-03-11	0.105278	0.099116	0.107760	0.095826	0
CST_USD	2018-03-10	0.099116	0.103909	0.108846	0.098916	0
CST_USD	2018-03-09	0.103909	0.105077	0.106338	0.093695	0
CST_USD	2018-03-08	0.105077	0.111957	0.114490	0.101076	0
CST_USD	2018-03-07	0.111957	0.128726	0.130083	0.106567	0
CST_USD	2018-03-06	0.128726	0.142964	0.150450	0.120485	0
CST_USD	2018-03-05	0.142964	0.151554	0.157383	0.127311	0
CST_USD	2018-03-04	0.151554	0.139165	0.167112	0.130088	0
CST_USD	2018-03-03	0.139165	0.110793	0.164925	0.107147	0
CST_USD	2018-03-02	0.110793	0.108665	0.119035	0.092738	0
