CTO_USD	2019-04-09	0.20801	0.21136	0.21136	0.20548	0
CTO_USD	2019-04-08	0.21136	0.20838	0.21297	0.20458	0
CTO_USD	2019-04-07	0.20838	0.20181	0.21056	0.20163	0
CTO_USD	2019-04-06	0.20181	0.20197	0.20961	0.19737	0
CTO_USD	2019-04-05	0.20197	0.19604	0.20331	0.19597	0
CTO_USD	2019-04-04	0.19604	0.19778	0.20256	0.19203	0
CTO_USD	2019-04-03	0.19778	0.19591	0.21158	0.19269	0
CTO_USD	2019-04-02	0.19591	0.16680	0.20167	0.16643	0
CTO_USD	2019-04-01	0.16680	0.16556	0.16766	0.16397	0
CTO_USD	2019-03-31	0.16556	0.16545	0.16610	0.16499	0
CTO_USD	2019-03-30	0.16545	0.16601	0.16724	0.16390	0
CTO_USD	2019-03-29	0.16601	0.16258	0.16634	0.16229	0
CTO_USD	2019-03-28	0.16258	0.16297	0.16303	0.16159	0
CTO_USD	2019-03-27	0.16297	0.15857	0.16326	0.15809	0
CTO_USD	2019-03-26	0.15857	0.15771	0.15870	0.15696	0
CTO_USD	2019-03-25	0.15771	0.16055	0.16088	0.15651	0
CTO_USD	2019-03-24	0.16055	0.16141	0.16141	0.15942	0
CTO_USD	2019-03-23	0.16141	0.16084	0.16193	0.16033	0
CTO_USD	2019-03-22	0.16084	0.16068	0.16165	0.16029	0
CTO_USD	2019-03-21	0.16068	0.16395	0.16470	0.15914	0
CTO_USD	2019-03-20	0.16395	0.16318	0.16431	0.16179	0
CTO_USD	2019-03-19	0.16318	0.16183	0.16359	0.16115	0
CTO_USD	2019-03-18	0.16183	0.16164	0.16361	0.16040	0
CTO_USD	2019-03-17	0.16164	0.16247	0.16247	0.16054	0
CTO_USD	2019-03-16	0.16247	0.15903	0.16496	0.15903	0
CTO_USD	2019-03-15	0.15903	0.15691	0.15933	0.15686	0
CTO_USD	2019-03-14	0.15691	0.15683	0.15890	0.15445	0
CTO_USD	2019-03-13	0.15683	0.15707	0.15773	0.15593	0
CTO_USD	2019-03-12	0.15707	0.15698	0.15808	0.15477	0
CTO_USD	2019-03-11	0.15698	0.15887	0.15926	0.15576	0
CTO_USD	2019-03-10	0.15887	0.15951	0.15959	0.15750	0
CTO_USD	2019-03-09	0.15951	0.15654	0.16069	0.15628	0
CTO_USD	2019-03-08	0.15654	0.15750	0.15968	0.15397	0
CTO_USD	2019-03-07	0.15750	0.15697	0.15865	0.15634	0
CTO_USD	2019-03-06	0.15697	0.15692	0.15800	0.15536	0
CTO_USD	2019-03-05	0.15692	0.15096	0.15758	0.15041	0
CTO_USD	2019-03-04	0.15096	0.15431	0.15522	0.14966	0
CTO_USD	2019-03-03	0.15431	0.15545	0.15586	0.15334	0
CTO_USD	2019-03-02	0.15545	0.15560	0.15587	0.15319	0
CTO_USD	2019-03-01	0.15560	0.15475	0.15683	0.15465	0
CTO_USD	2019-02-28	0.15475	0.15496	0.15838	0.15431	0
CTO_USD	2019-02-27	0.15496	0.15486	0.15628	0.14988	0
CTO_USD	2019-02-26	0.15486	0.15587	0.15628	0.15389	0
CTO_USD	2019-02-25	0.15587	0.15226	0.15749	0.15216	0
CTO_USD	2019-02-24	0.15226	0.16733	0.17012	0.15146	0
CTO_USD	2019-02-23	0.16733	0.16148	0.16903	0.15949	0
CTO_USD	2019-02-22	0.16148	0.15930	0.16184	0.15856	0
CTO_USD	2019-02-21	0.15930	0.16131	0.16372	0.15795	0
CTO_USD	2019-02-20	0.16131	0.15856	0.16155	0.15763	0
CTO_USD	2019-02-19	0.15856	0.15807	0.16213	0.15665	0
CTO_USD	2019-02-18	0.15807	0.14840	0.15926	0.14795	0
CTO_USD	2019-02-17	0.14840	0.14605	0.15029	0.14575	0
CTO_USD	2019-02-16	0.14605	0.14556	0.14790	0.14555	0
CTO_USD	2019-02-15	0.14556	0.14529	0.14763	0.14479	0
CTO_USD	2019-02-14	0.14529	0.14575	0.14623	0.14471	0
CTO_USD	2019-02-13	0.14575	0.14675	0.14839	0.14501	0
CTO_USD	2019-02-12	0.14675	0.14623	0.14793	0.14481	0
CTO_USD	2019-02-11	0.14623	0.14885	0.14895	0.14605	0
CTO_USD	2019-02-10	0.14885	0.14771	0.14888	0.14570	0
CTO_USD	2019-02-09	0.14771	0.14794	0.14851	0.14674	0
CTO_USD	2019-02-08	0.14794	0.13650	0.15070	0.13617	0
CTO_USD	2019-02-07	0.13650	0.13713	0.13754	0.13630	0
CTO_USD	2019-02-06	0.13713	0.13952	0.13987	0.13599	0
CTO_USD	2019-02-05	0.13952	0.13866	0.13968	0.13808	0
CTO_USD	2019-02-04	0.13866	0.13911	0.13981	0.13806	0
CTO_USD	2019-02-03	0.13911	0.14138	0.14169	0.13789	0
CTO_USD	2019-02-02	0.14138	0.14054	0.14190	0.13907	0
CTO_USD	2019-02-01	0.14054	0.13915	0.14120	0.13769	0
CTO_USD	2019-01-31	0.13915	0.14022	0.14171	0.13833	0
CTO_USD	2019-01-30	0.14022	0.13816	0.14087	0.13714	0
CTO_USD	2019-01-29	0.13816	0.13908	0.13953	0.13598	0
CTO_USD	2019-01-28	0.13908	0.14290	0.14292	0.13731	0
CTO_USD	2019-01-27	0.14290	0.14431	0.14469	0.14077	0
CTO_USD	2019-01-26	0.14431	0.14416	0.14826	0.14401	0
CTO_USD	2019-01-25	0.14416	0.14508	0.14553	0.14283	0
CTO_USD	2019-01-24	0.14508	0.14380	0.14571	0.14261	0
CTO_USD	2019-01-23	0.14380	0.14456	0.14586	0.14270	0
CTO_USD	2019-01-22	0.14456	0.14225	0.14604	0.13911	0
CTO_USD	2019-01-21	0.14225	0.14246	0.14324	0.14114	0
CTO_USD	2019-01-20	0.14246	0.14956	0.15080	0.14094	0
CTO_USD	2019-01-19	0.14956	0.14602	0.15291	0.14595	0
CTO_USD	2019-01-18	0.14602	0.14779	0.14793	0.14515	0
CTO_USD	2019-01-17	0.14779	0.14585	0.14787	0.14380	0
CTO_USD	2019-01-16	0.14585	0.14524	0.14831	0.14471	0
CTO_USD	2019-01-15	0.14524	0.14893	0.14993	0.14434	0
CTO_USD	2019-01-14	0.14893	0.14268	0.15085	0.14222	0
CTO_USD	2019-01-13	0.14268	0.14707	0.14773	0.14190	0
CTO_USD	2019-01-12	0.14707	0.14757	0.14833	0.14581	0
CTO_USD	2019-01-11	0.14757	0.14749	0.14970	0.14566	0
CTO_USD	2019-01-10	0.14749	0.16221	0.16430	0.14647	0
CTO_USD	2019-01-09	0.16221	0.16285	0.16529	0.16033	0
CTO_USD	2019-01-08	0.16285	0.16343	0.16716	0.16124	0
CTO_USD	2019-01-07	0.16343	0.16571	0.16672	0.16204	0
CTO_USD	2019-01-06	0.16571	0.15540	0.31078	0.15446	0
CTO_USD	2019-01-05	0.15540	0.15720	0.15947	0.15511	0
CTO_USD	2019-01-04	0.15720	0.15575	0.15833	0.15333	0
CTO_USD	2019-01-03	0.15575	0.16089	0.16109	0.15505	0
CTO_USD	2019-01-02	0.16089	0.15723	0.16177	0.15572	0
CTO_USD	2019-01-01	0.15723	0.15216	0.15814	0.15052	0
CTO_USD	2018-12-31	0.15216	0.15782	0.15823	0.15023	0
CTO_USD	2018-12-30	0.15782	0.15424	0.15848	0.15277	0
CTO_USD	2018-12-29	0.15424	0.16036	0.16239	0.15366	0
CTO_USD	2018-12-28	0.16036	0.14753	0.16225	0.14685	0
CTO_USD	2018-12-27	0.14753	0.15611	0.15739	0.14651	0
CTO_USD	2018-12-26	0.15611	0.15514	0.15850	0.15144	0
CTO_USD	2018-12-25	0.15514	0.16466	0.16493	0.15177	0
CTO_USD	2018-12-24	0.16466	0.16172	0.17415	0.16172	0
CTO_USD	2018-12-23	0.16172	0.16390	0.16724	0.16040	0
CTO_USD	2018-12-22	0.16390	0.15778	0.16472	0.15571	0
CTO_USD	2018-12-21	0.15778	0.16742	0.17035	0.15514	0
CTO_USD	2018-12-20	0.16742	0.15135	0.17065	0.15024	0
CTO_USD	2018-12-19	0.15135	0.15014	0.16046	0.14943	0
CTO_USD	2018-12-18	0.15014	0.14402	0.15086	0.14103	0
CTO_USD	2018-12-17	0.14402	0.13109	0.14715	0.13050	0
CTO_USD	2018-12-16	0.13109	0.13058	0.13417	0.13019	0
CTO_USD	2018-12-15	0.13058	0.13035	0.13187	0.12783	0
CTO_USD	2018-12-14	0.13035	0.13313	0.13453	0.12817	0
CTO_USD	2018-12-13	0.13313	0.14051	0.14076	0.13225	0
CTO_USD	2018-12-12	0.14051	0.13594	0.14322	0.13569	0
CTO_USD	2018-12-11	0.13713	0.14002	0.14101	0.13490	0
CTO_USD	2018-12-10	0.14002	0.14482	0.14697	0.13808	0
CTO_USD	2018-12-09	0.14482	0.13928	0.15005	0.13781	0
CTO_USD	2018-12-08	0.13928	0.13739	0.14527	0.13176	0
CTO_USD	2018-12-07	0.13739	0.14063	0.14300	0.13042	0
CTO_USD	2018-12-06	0.14063	0.14963	0.15556	0.13967	0
CTO_USD	2018-12-05	0.14963	0.15819	0.15879	0.14901	0
CTO_USD	2018-12-04	0.15819	0.15504	0.16421	0.15134	0
CTO_USD	2018-12-03	0.15504	0.16524	0.16598	0.15255	0
CTO_USD	2018-12-02	0.16524	0.16855	0.17293	0.16395	0
CTO_USD	2018-12-01	0.16855	0.16042	0.17236	0.15808	0
CTO_USD	2018-11-30	0.16042	0.17129	0.17310	0.15756	0
CTO_USD	2018-11-29	0.17129	0.17106	0.17750	0.16615	0
CTO_USD	2018-11-28	0.17106	0.15431	0.17601	0.15431	0
CTO_USD	2018-11-27	0.15431	0.15321	0.15663	0.14751	0
CTO_USD	2018-11-26	0.15321	0.16307	0.16667	0.14765	0
CTO_USD	2018-11-25	0.16307	0.15614	0.16685	0.14549	0
CTO_USD	2018-11-24	0.15614	0.17569	0.17936	0.15233	0
CTO_USD	2018-11-23	0.17569	0.17448	0.17802	0.16888	0
CTO_USD	2018-11-22	0.17448	0.18556	0.18737	0.17448	0
CTO_USD	2018-11-21	0.18556	0.18229	0.18958	0.17598	0
CTO_USD	2018-11-20	0.18229	0.19616	0.20046	0.17153	0
CTO_USD	2018-11-19	0.19616	0.22482	0.22482	0.19429	0
CTO_USD	2018-11-18	0.22482	0.22352	0.22684	0.22329	0
CTO_USD	2018-11-17	0.22352	0.22486	0.22486	0.22141	0
CTO_USD	2018-11-16	0.22486	0.22848	0.22869	0.22067	0
CTO_USD	2018-11-15	0.22848	0.23377	0.23554	0.21617	0
CTO_USD	2018-11-14	0.23377	0.25680	0.25762	0.22662	0
CTO_USD	2018-11-13	0.25680	0.25611	0.25811	0.25438	0
CTO_USD	2018-11-12	0.25611	0.25662	0.25741	0.25499	0
CTO_USD	2018-11-11	0.25662	0.25547	0.25662	0.25281	0
CTO_USD	2018-11-10	0.25547	0.25504	0.25669	0.25481	0
CTO_USD	2018-11-09	0.25504	0.25740	0.25831	0.25398	0
CTO_USD	2018-11-08	0.25740	0.26110	0.26159	0.25730	0
CTO_USD	2018-11-07	0.26110	0.25882	0.26247	0.25870	0
CTO_USD	2018-11-06	0.25882	0.25703	0.25882	0.25614	0
CTO_USD	2018-11-05	0.25703	0.25762	0.25802	0.25580	0
CTO_USD	2018-11-04	0.25762	0.25376	0.25859	0.25266	0
CTO_USD	2018-11-03	0.25376	0.25531	0.25552	0.25154	0
CTO_USD	2018-11-02	0.25531	0.25423	0.25641	0.25390	0
CTO_USD	2018-11-01	0.25423	0.25298	0.25516	0.25239	0
CTO_USD	2018-10-31	0.25298	0.25146	0.25416	0.24831	0
CTO_USD	2018-10-30	0.25146	0.25201	0.25345	0.25079	0
CTO_USD	2018-10-29	0.25201	0.25782	0.25830	0.25110	0
CTO_USD	2018-10-28	0.25782	0.25822	0.25861	0.25647	0
CTO_USD	2018-10-27	0.25822	0.25946	0.26035	0.25748	0
CTO_USD	2018-10-26	0.25946	0.25933	0.26167	0.25878	0
CTO_USD	2018-10-25	0.25933	0.26036	0.26075	0.25853	0
CTO_USD	2018-10-24	0.26036	0.26020	0.26309	0.25993	0
CTO_USD	2018-10-23	0.26020	0.26088	0.26156	0.25951	0
CTO_USD	2018-10-22	0.26088	0.26171	0.26328	0.26016	0
CTO_USD	2018-10-21	0.26171	0.26161	0.26437	0.26154	0
CTO_USD	2018-10-20	0.26161	0.25929	0.26252	0.25866	0
CTO_USD	2018-10-19	0.25929	0.26271	0.26338	0.25901	0
CTO_USD	2018-10-18	0.26271	0.26755	0.26926	0.26090	0
CTO_USD	2018-10-17	0.26755	0.26846	0.26982	0.26541	0
CTO_USD	2018-10-16	0.26846	0.26782	0.27378	0.26536	0
CTO_USD	2018-10-15	0.26782	0.25159	0.29863	0.25027	0
CTO_USD	2018-10-14	0.25159	0.25132	0.25420	0.25100	0
CTO_USD	2018-10-13	0.25132	0.25015	0.25152	0.24981	0
CTO_USD	2018-10-12	0.25015	0.24849	0.25219	0.24721	0
CTO_USD	2018-10-11	0.24849	0.26339	0.26339	0.24749	0
CTO_USD	2018-10-10	0.26339	0.26469	0.26469	0.25939	0
CTO_USD	2018-10-09	0.26469	0.26509	0.26537	0.26252	0
CTO_USD	2018-10-08	0.26509	0.26222	0.26689	0.26163	0
CTO_USD	2018-10-07	0.26222	0.26186	0.26353	0.25961	0
CTO_USD	2018-10-06	0.26186	0.26396	0.26410	0.26075	0
CTO_USD	2018-10-05	0.26396	0.26139	0.26476	0.26012	0
CTO_USD	2018-10-04	0.26139	0.25834	0.26349	0.25819	0
CTO_USD	2018-10-03	0.25834	0.25973	0.26030	0.25547	0
CTO_USD	2018-10-02	0.25973	0.26222	0.26350	0.25877	0
CTO_USD	2018-10-01	0.26222	0.26294	0.26455	0.25905	0
CTO_USD	2018-09-30	0.26294	0.26237	0.26443	0.25948	0
CTO_USD	2018-09-29	0.26237	0.26358	0.26358	0.25686	0
CTO_USD	2018-09-28	0.26358	0.26572	0.27113	0.26001	0
CTO_USD	2018-09-27	0.26572	0.25672	0.26724	0.25587	0
CTO_USD	2018-09-26	0.25672	0.25562	0.26026	0.25368	0
CTO_USD	2018-09-25	0.25562	0.26159	0.26159	0.25231	0
CTO_USD	2018-09-24	0.26159	0.26660	0.26702	0.26040	0
CTO_USD	2018-09-23	0.26660	0.26712	0.26946	0.26480	0
CTO_USD	2018-09-22	0.26712	0.26903	0.27174	0.26392	0
CTO_USD	2018-09-21	0.26903	0.25823	0.26933	0.25806	0
CTO_USD	2018-09-20	0.25823	0.25391	0.25920	0.25254	0
CTO_USD	2018-09-19	0.25391	0.25197	0.25696	0.24287	0
CTO_USD	2018-09-18	0.25197	0.24847	0.25354	0.24749	0
CTO_USD	2018-09-17	0.24847	0.25815	0.25947	0.24681	0
CTO_USD	2018-09-16	0.25815	0.25901	0.25901	0.25346	0
CTO_USD	2018-09-15	0.25901	0.25771	0.26095	0.25717	0
CTO_USD	2018-09-14	0.25771	0.25724	0.26163	0.25318	0
CTO_USD	2018-09-13	0.25724	0.25172	0.25914	0.25162	0
CTO_USD	2018-09-12	0.25172	0.24987	0.25225	0.24642	0
CTO_USD	2018-09-11	0.24987	0.25059	0.25365	0.24550	0
CTO_USD	2018-09-10	0.25059	0.24787	0.25210	0.24787	0
CTO_USD	2018-09-09	0.24787	0.24570	0.25493	0.24455	0
CTO_USD	2018-09-08	0.24570	0.25440	0.25722	0.24391	0
CTO_USD	2018-09-07	0.25440	0.25877	0.25953	0.25127	0
CTO_USD	2018-09-06	0.25877	0.26631	0.26697	0.25071	0
CTO_USD	2018-09-05	0.26631	0.29233	0.29376	0.26616	0
CTO_USD	2018-09-04	0.29233	0.28880	0.29438	0.28786	0
CTO_USD	2018-09-03	0.28880	0.28961	0.29144	0.28603	0
CTO_USD	2018-09-02	0.28961	0.28592	0.29186	0.28353	0
CTO_USD	2018-09-01	0.28592	0.27913	0.28842	0.27889	0
CTO_USD	2018-08-31	0.27913	0.27784	0.28141	0.27391	0
CTO_USD	2018-08-30	0.27784	0.27992	0.28046	0.27039	0
CTO_USD	2018-08-29	0.27992	0.28119	0.28314	0.27522	0
CTO_USD	2018-08-28	0.28119	0.27422	0.28312	0.27299	0
CTO_USD	2018-08-27	0.27422	0.26649	0.27454	0.26455	0
CTO_USD	2018-08-26	0.26649	0.26771	0.26938	0.26143	0
CTO_USD	2018-08-25	0.26771	0.26593	0.26981	0.26497	0
CTO_USD	2018-08-24	0.26593	0.25929	0.26715	0.25673	0
CTO_USD	2018-08-23	0.25929	0.25245	0.26083	0.25227	0
CTO_USD	2018-08-22	0.25245	0.25738	0.27277	0.24840	0
CTO_USD	2018-08-21	0.25738	0.24848	0.25819	0.24828	0
CTO_USD	2018-08-20	0.24848	0.25762	0.25903	0.24749	0
CTO_USD	2018-08-19	0.25762	0.25387	0.25978	0.25064	0
CTO_USD	2018-08-18	0.25387	0.26174	0.26260	0.25046	0
CTO_USD	2018-08-17	0.26174	0.25073	0.26174	0.24999	0
CTO_USD	2018-08-16	0.25073	0.24908	0.25709	0.24734	0
CTO_USD	2018-08-15	0.24908	0.24574	0.26271	0.24558	0
CTO_USD	2018-08-14	0.24574	0.24836	0.24836	0.23383	0
CTO_USD	2018-08-13	0.24836	0.25082	0.25966	0.24471	0
CTO_USD	2018-08-12	0.25082	0.24723	0.25622	0.24528	0
CTO_USD	2018-08-11	0.24723	0.24406	0.25653	0.23875	0
CTO_USD	2018-08-10	0.24406	0.25936	0.26113	0.23906	0
CTO_USD	2018-08-09	0.25936	0.24939	0.26304	0.24588	0
CTO_USD	2018-08-08	0.24939	0.26687	0.26687	0.24363	0
CTO_USD	2018-08-07	0.26687	0.27561	0.28403	0.26543	0
CTO_USD	2018-08-06	0.27561	0.27937	0.28386	0.27216	0
CTO_USD	2018-08-05	0.27937	0.27831	0.28164	0.27374	0
CTO_USD	2018-08-04	0.27831	0.29461	0.29748	0.27529	0
CTO_USD	2018-08-03	0.29461	0.29934	0.29934	0.28934	0
CTO_USD	2018-08-02	0.29934	0.30230	0.30588	0.29640	0
CTO_USD	2018-08-01	0.30230	0.30767	0.30806	0.29575	0
CTO_USD	2018-07-31	0.30767	0.32460	0.32480	0.30469	0
CTO_USD	2018-07-30	0.32460	0.32662	0.32877	0.31246	0
CTO_USD	2018-07-29	0.32662	0.32487	0.32876	0.32269	0
CTO_USD	2018-07-27	0.32756	0.32756	0.32756	0.32756	0
CTO_USD	2018-07-26	0.32756	0.32486	0.32990	0.32476	0
CTO_USD	2018-07-25	0.32486	0.33420	0.33709	0.32078	0
CTO_USD	2018-07-24	0.33420	0.30642	0.33657	0.30559	0
CTO_USD	2018-07-23	0.30642	0.29402	0.30908	0.29293	0
CTO_USD	2018-07-22	0.29402	0.29410	0.30047	0.29185	0
CTO_USD	2018-07-21	0.29410	0.29128	0.29581	0.28686	0
CTO_USD	2018-07-20	0.29128	0.29689	0.30513	0.28920	0
CTO_USD	2018-07-19	0.29689	0.29262	0.30017	0.28941	0
CTO_USD	2018-07-18	0.29262	0.29079	0.30111	0.28801	0
CTO_USD	2018-07-17	0.29079	0.26760	0.29647	0.26486	0
CTO_USD	2018-07-16	0.26760	0.25212	0.26807	0.25154	0
CTO_USD	2018-07-15	0.25212	0.24828	0.25377	0.24762	0
CTO_USD	2018-07-14	0.24828	0.24709	0.25037	0.24549	0
CTO_USD	2018-07-13	0.24709	0.24754	0.25142	0.24409	0
CTO_USD	2018-07-12	0.24754	0.25336	0.25336	0.24158	0
CTO_USD	2018-07-11	0.25336	0.25030	0.25403	0.24987	0
CTO_USD	2018-07-10	0.25030	0.26457	0.26537	0.24947	0
CTO_USD	2018-07-09	0.26457	0.26647	0.26996	0.26363	0
CTO_USD	2018-07-08	0.26647	0.26861	0.26976	0.26543	0
CTO_USD	2018-07-07	0.26861	0.26224	0.27117	0.25869	0
CTO_USD	2018-07-06	0.26224	0.25981	0.26338	0.25634	0
CTO_USD	2018-07-05	0.25981	0.26179	0.26605	0.25665	0
CTO_USD	2018-07-04	0.26179	0.25821	0.26671	0.25495	0
CTO_USD	2018-07-03	0.25821	0.26288	0.26495	0.00346	0
CTO_USD	2018-07-02	0.26288	0.25222	0.26514	0.00000	0
CTO_USD	2018-07-01	0.25224	0.25390	0.25550	0.24909	0
CTO_USD	2018-06-30	0.25390	0.24642	0.25886	0.24642	0
CTO_USD	2018-06-29	0.24662	0.23237	0.24920	0.23040	0
CTO_USD	2018-06-28	0.23274	0.24366	0.24489	0.23159	0
CTO_USD	2018-06-27	0.24364	0.24098	0.24547	0.23791	0
CTO_USD	2018-06-26	0.24174	0.24831	0.24921	0.24045	0
CTO_USD	2018-06-25	0.24814	0.24415	0.25087	0.24161	0
CTO_USD	2018-06-24	0.24423	0.24470	0.24783	0.22937	0
CTO_USD	2018-06-23	0.24439	0.24004	0.24824	0.23897	0
CTO_USD	2018-06-22	0.24004	0.26671	0.26737	0.23583	0
CTO_USD	2018-06-21	0.26669	0.26854	0.26957	0.26580	0
CTO_USD	2018-06-20	0.26855	0.26745	0.27058	0.26062	0
CTO_USD	2018-06-19	0.26775	0.26661	0.27123	0.26496	0
CTO_USD	2018-06-18	0.26652	0.25595	0.26958	0.25377	0
CTO_USD	2018-06-17	0.25574	0.25770	0.26099	0.25531	0
CTO_USD	2018-06-16	0.25765	0.25364	0.26018	0.25146	0
CTO_USD	2018-06-15	0.25352	0.26385	0.26385	0.25266	0
CTO_USD	2018-06-14	0.26334	0.25007	0.26607	0.24918	0
CTO_USD	2018-06-13	0.24993	0.25996	0.26241	0.24342	0
CTO_USD	2018-06-12	0.25989	0.27292	0.27292	0.25587	0
CTO_USD	2018-06-11	0.27306	0.26845	0.27398	0.26372	0
CTO_USD	2018-06-10	0.26814	0.29788	0.29788	0.26383	0
CTO_USD	2018-06-09	0.29780	0.30252	0.30528	0.29680	0
CTO_USD	2018-06-08	0.30251	0.30532	0.30575	0.29968	0
CTO_USD	2018-06-07	0.30544	0.30405	0.30811	0.30373	0
CTO_USD	2018-06-06	0.30404	0.30303	0.30570	0.29775	0
CTO_USD	2018-06-05	0.30277	0.29750	0.30475	0.29289	0
CTO_USD	2018-06-04	0.29772	0.30687	0.30815	0.29626	0
CTO_USD	2018-06-03	0.30660	0.30319	0.30889	0.30192	0
CTO_USD	2018-06-02	0.30342	0.29901	0.30546	0.29612	0
CTO_USD	2018-06-01	0.29877	0.29738	0.30190	0.29203	0
CTO_USD	2018-05-31	0.29740	0.29285	0.30190	0.29150	0
CTO_USD	2018-05-30	0.29298	0.29656	0.30022	0.28922	0
CTO_USD	2018-05-29	0.29621	0.28221	0.29876	0.28000	0
CTO_USD	2018-05-28	0.28204	0.29169	0.29516	0.28083	0
CTO_USD	2018-05-27	0.29157	0.29115	0.29347	0.28691	0
CTO_USD	2018-05-26	0.29108	0.29621	0.30249	0.28954	0
CTO_USD	2018-05-25	0.29627	0.30096	0.30379	0.29127	0
CTO_USD	2018-05-24	0.30083	0.29807	0.30653	0.28858	0
CTO_USD	2018-05-23	0.29830	0.31689	0.31858	0.29586	0
CTO_USD	2018-05-22	0.31700	0.33351	0.33388	0.31579	0
CTO_USD	2018-05-21	0.33351	0.33858	0.33945	0.33222	0
CTO_USD	2018-05-20	0.33858	0.32733	0.34096	0.32461	0
CTO_USD	2018-05-19	0.32733	0.32729	0.33337	0.32350	0
CTO_USD	2018-05-18	0.32729	0.32001	0.32870	0.31493	0
CTO_USD	2018-05-17	0.32042	0.33164	0.33623	0.31762	0
CTO_USD	2018-05-16	0.33135	0.33631	0.33719	0.32192	0
CTO_USD	2018-05-15	0.33631	0.34427	0.35063	0.33471	0
CTO_USD	2018-05-14	0.34430	0.34495	0.35269	0.32883	0
CTO_USD	2018-05-13	0.34495	0.33666	0.34771	0.33083	0
CTO_USD	2018-05-12	0.33590	0.33339	0.34271	0.32600	0
CTO_USD	2018-05-11	0.33339	0.35827	0.35827	0.33152	0
CTO_USD	2018-05-10	0.35827	0.37016	0.37302	0.35765	0
CTO_USD	2018-05-09	0.37016	0.36472	0.37226	0.35673	0
CTO_USD	2018-05-08	0.36485	0.37178	0.37304	0.00004	0
CTO_USD	2018-05-07	0.37455	0.38371	0.38437	0.36546	0
CTO_USD	2018-05-06	0.38371	0.39188	0.39583	0.37558	0
CTO_USD	2018-05-05	0.39142	0.38564	0.39669	0.38478	0
CTO_USD	2018-05-04	0.38564	0.38794	0.38977	0.37985	0
CTO_USD	2018-05-03	0.38794	0.36687	0.39076	0.36438	0
CTO_USD	2018-05-02	0.36687	0.36015	0.36823	0.35673	0
CTO_USD	2018-05-01	0.36015	0.36691	0.36701	0.35102	0
CTO_USD	2018-04-30	0.36691	0.37336	0.37540	0.36212	0
CTO_USD	2018-04-29	0.37336	0.37102	0.37978	0.36485	0
CTO_USD	2018-04-28	0.37102	0.35472	0.37476	0.35245	0
CTO_USD	2018-04-27	0.35472	0.34946	0.41490	0.32690	0
CTO_USD	2018-04-26	0.34946	0.33092	0.42582	0.32068	0
CTO_USD	2018-04-25	0.33092	0.41454	0.41662	0.32721	0
CTO_USD	2018-04-24	0.41454	0.44086	0.44969	0.39508	0
CTO_USD	2018-04-23	0.44086	0.44386	0.48151	0.43127	0
CTO_USD	2018-04-22	0.44386	0.45677	0.48386	0.42581	0
CTO_USD	2018-04-21	0.45677	0.56915	0.59336	0.38000	0
CTO_USD	2018-04-20	0.56915	0.55528	0.57296	0.53999	0
CTO_USD	2018-04-19	0.55528	0.55039	0.56477	0.53609	0
CTO_USD	2018-04-18	0.55039	0.53274	0.56032	0.53050	0
CTO_USD	2018-04-17	0.53274	0.53355	0.57638	0.52662	0
CTO_USD	2018-04-16	0.53355	0.59824	0.59952	0.51817	0
CTO_USD	2018-04-15	0.59824	0.53334	0.60571	0.50499	0
CTO_USD	2018-04-14	0.53334	0.77596	0.82212	0.53217	0
CTO_USD	2018-04-13	0.77596	1.47306	1.48746	0.71137	0
CTO_USD	2018-04-12	1.47306	1.29098	1.48186	1.24347	0
CTO_USD	2018-04-11	1.29098	1.18741	1.29109	1.18082	0
CTO_USD	2018-04-10	1.18741	1.18864	1.23681	1.15289	0
CTO_USD	2018-04-09	1.18864	1.22121	1.28583	1.11948	0
CTO_USD	2018-04-08	1.22121	1.07118	1.27388	1.07059	0
CTO_USD	2018-04-07	1.07118	1.03899	1.11706	1.03673	0
CTO_USD	2018-04-06	1.03899	1.07228	1.10189	1.02616	0
CTO_USD	2018-04-05	1.07228	1.15534	1.17348	1.05051	0
CTO_USD	2018-04-04	1.15534	1.18241	1.38218	1.09231	0
CTO_USD	2018-04-03	1.18241	1.09898	1.22321	1.07819	0
CTO_USD	2018-04-02	1.09898	1.06718	1.13531	1.06162	0
CTO_USD	2018-04-01	1.06718	1.08521	1.10162	1.00840	0
CTO_USD	2018-03-31	1.08521	1.02042	1.12616	1.01550	0
CTO_USD	2018-03-30	1.02042	1.11833	1.13199	0.99688	0
CTO_USD	2018-03-29	1.11833	1.24875	1.25263	1.08710	0
CTO_USD	2018-03-28	1.24875	1.26695	1.27549	1.21964	0
CTO_USD	2018-03-27	1.26695	1.31248	1.32562	1.24570	0
CTO_USD	2018-03-26	1.31248	1.38814	1.38814	1.26788	0
CTO_USD	2018-03-25	1.38814	1.42281	1.47651	1.34019	0
CTO_USD	2018-03-24	1.42281	1.44432	1.51528	1.38841	0
CTO_USD	2018-03-23	1.44432	1.46522	1.46522	1.31145	0
CTO_USD	2018-03-22	1.46522	1.48852	1.54462	1.41175	0
CTO_USD	2018-03-21	1.48852	1.42341	1.58776	1.41456	0
CTO_USD	2018-03-20	1.42341	1.45356	1.55807	1.39691	0
CTO_USD	2018-03-19	1.45356	1.33679	1.47243	1.29642	0
CTO_USD	2018-03-18	1.33679	1.41693	1.41693	1.21704	0
CTO_USD	2018-03-17	1.41693	1.53400	1.53400	1.39530	0
CTO_USD	2018-03-16	1.53400	1.49781	1.57306	1.43416	0
CTO_USD	2018-03-15	1.49781	1.55066	1.59194	1.45503	0
CTO_USD	2018-03-14	1.55066	1.79282	1.83558	1.50099	0
CTO_USD	2018-03-13	1.79282	1.81870	1.88674	1.69831	0
CTO_USD	2018-03-12	1.81870	1.74793	1.99697	1.72362	0
CTO_USD	2018-03-11	1.74793	1.63698	1.80451	1.56904	0
CTO_USD	2018-03-10	1.63698	1.84722	1.88336	1.61453	0
CTO_USD	2018-03-09	1.84722	1.88772	1.91382	1.65741	0
CTO_USD	2018-03-08	1.88772	1.98053	2.14086	1.86826	0
CTO_USD	2018-03-07	1.98053	2.18877	2.23414	1.91452	0
CTO_USD	2018-03-06	2.18877	2.37295	2.39346	2.15868	0
CTO_USD	2018-03-05	2.37295	2.47209	2.47352	2.35362	0
CTO_USD	2018-03-04	2.47209	2.48536	2.49009	2.37967	0
CTO_USD	2018-03-03	2.48536	2.34346	2.54086	2.34346	0
CTO_USD	2018-03-02	2.34346	2.08397	2.62753	2.08016	0
