CVT_USD	2019-04-09	0.020508	0.022102	0.022114	0.012692	0
CVT_USD	2019-04-08	0.022142	0.022442	0.023604	0.021050	0
CVT_USD	2019-04-07	0.022514	0.020701	0.022777	0.020513	0
CVT_USD	2019-04-06	0.020679	0.013682	0.021618	0.013023	0
CVT_USD	2019-04-05	0.013704	0.013746	0.014349	0.013539	0
CVT_USD	2019-04-04	0.013740	0.015097	0.015351	0.013602	0
CVT_USD	2019-04-03	0.015042	0.016774	0.017856	0.014300	0
CVT_USD	2019-04-02	0.016779	0.015671	0.018290	0.014986	0
CVT_USD	2019-04-01	0.015709	0.016214	0.016367	0.015687	0
CVT_USD	2019-03-31	0.016218	0.019664	0.019664	0.016218	0
CVT_USD	2019-03-30	0.019664	0.021537	0.021890	0.019653	0
CVT_USD	2019-03-29	0.021537	0.017845	0.021565	0.017518	0
CVT_USD	2019-03-28	0.017846	0.018437	0.018437	0.017827	0
CVT_USD	2019-03-27	0.018442	0.020508	0.021058	0.018442	0
CVT_USD	2019-03-26	0.020508	0.024930	0.024930	0.016782	0
CVT_USD	2019-03-25	0.025582	0.018467	0.027065	0.018429	0
CVT_USD	2019-03-24	0.018467	0.012655	0.019365	0.012643	0
CVT_USD	2019-03-23	0.012655	0.010764	0.013256	0.010735	0
CVT_USD	2019-03-22	0.010767	0.009704	0.012310	0.009666	0
CVT_USD	2019-03-21	0.009705	0.011458	0.011501	0.009606	0
CVT_USD	2019-03-20	0.011455	0.008757	0.011505	0.008657	0
CVT_USD	2019-03-19	0.008765	0.008659	0.008770	0.008619	0
CVT_USD	2019-03-18	0.008659	0.008696	0.008883	0.008541	0
CVT_USD	2019-03-17	0.008696	0.008939	0.012771	0.008691	0
CVT_USD	2019-03-16	0.008939	0.008351	0.008981	0.008351	0
CVT_USD	2019-03-15	0.008350	0.008255	0.008526	0.006900	0
CVT_USD	2019-03-14	0.008261	0.008067	0.008487	0.007902	0
CVT_USD	2019-03-13	0.008067	0.008416	0.008416	0.008040	0
CVT_USD	2019-03-12	0.008416	0.006295	0.010067	0.005164	0
CVT_USD	2019-03-11	0.006292	0.006349	0.006388	0.006194	0
CVT_USD	2019-03-10	0.006349	0.006792	0.006796	0.006078	0
CVT_USD	2019-03-09	0.006792	0.006070	0.006993	0.006044	0
CVT_USD	2019-03-08	0.006068	0.006306	0.006370	0.005949	0
CVT_USD	2019-03-07	0.006307	0.006478	0.006531	0.006174	0
CVT_USD	2019-03-06	0.006477	0.006641	0.006768	0.006222	0
CVT_USD	2019-03-05	0.006635	0.005800	0.006661	0.005799	0
CVT_USD	2019-03-04	0.005800	0.006222	0.006251	0.005719	0
CVT_USD	2019-03-03	0.006215	0.006041	0.006389	0.005893	0
CVT_USD	2019-03-02	0.006042	0.006324	0.006363	0.005911	0
CVT_USD	2019-03-01	0.006328	0.005586	0.006403	0.005586	0
CVT_USD	2019-02-28	0.005586	0.005436	0.005975	0.005399	0
CVT_USD	2019-02-27	0.005436	0.005461	0.005626	0.005092	0
CVT_USD	2019-02-26	0.005471	0.005522	0.005545	0.005391	0
CVT_USD	2019-02-25	0.005523	0.005097	0.005658	0.005097	0
CVT_USD	2019-02-24	0.005089	0.005826	0.006173	0.005082	0
CVT_USD	2019-02-23	0.005831	0.005946	0.006459	0.005826	0
CVT_USD	2019-02-22	0.005956	0.005772	0.005969	0.005456	0
CVT_USD	2019-02-21	0.005773	0.006462	0.006549	0.005300	0
CVT_USD	2019-02-20	0.006487	0.006324	0.006496	0.004506	0
CVT_USD	2019-02-19	0.006324	0.006384	0.006580	0.005834	0
CVT_USD	2019-02-18	0.006391	0.005794	0.006491	0.005754	0
CVT_USD	2019-02-17	0.005794	0.004989	0.005881	0.004981	0
CVT_USD	2019-02-16	0.004989	0.005566	0.005716	0.004983	0
CVT_USD	2019-02-15	0.005564	0.005284	0.005614	0.005270	0
CVT_USD	2019-02-14	0.005287	0.005105	0.005367	0.005092	0
CVT_USD	2019-02-13	0.005111	0.006604	0.006845	0.004961	0
CVT_USD	2019-02-12	0.006584	0.006494	0.006674	0.006347	0
CVT_USD	2019-02-11	0.006494	0.006738	0.006738	0.006440	0
CVT_USD	2019-02-10	0.006749	0.006406	0.006781	0.006247	0
CVT_USD	2019-02-09	0.006413	0.006415	0.006531	0.006332	0
CVT_USD	2019-02-08	0.006424	0.005598	0.006596	0.005564	0
CVT_USD	2019-02-07	0.005595	0.005614	0.005696	0.005568	0
CVT_USD	2019-02-06	0.005614	0.005753	0.005766	0.005453	0
CVT_USD	2019-02-05	0.005754	0.005742	0.005777	0.005690	0
CVT_USD	2019-02-04	0.005743	0.006564	0.006579	0.005708	0
CVT_USD	2019-02-03	0.006559	0.006812	0.006856	0.006478	0
CVT_USD	2019-02-02	0.006793	0.006586	0.006823	0.006523	0
CVT_USD	2019-02-01	0.006586	0.004938	0.006676	0.004858	0
CVT_USD	2019-01-31	0.004929	0.005071	0.005221	0.004290	0
CVT_USD	2019-01-30	0.005074	0.004877	0.005136	0.004391	0
CVT_USD	2019-01-29	0.004886	0.004981	0.005164	0.003971	0
CVT_USD	2019-01-28	0.004978	0.004774	0.005259	0.003997	0
CVT_USD	2019-01-27	0.004774	0.004881	0.004929	0.004730	0
CVT_USD	2019-01-26	0.004881	0.004565	0.005027	0.004339	0
CVT_USD	2019-01-25	0.004563	0.004965	0.004977	0.004310	0
CVT_USD	2019-01-24	0.004966	0.004518	0.005009	0.004336	0
CVT_USD	2019-01-23	0.004563	0.005840	0.005886	0.003213	0
CVT_USD	2019-01-22	0.005840	0.005706	0.005908	0.005489	0
CVT_USD	2019-01-21	0.005711	0.005914	0.005918	0.005594	0
CVT_USD	2019-01-20	0.005905	0.006266	0.006291	0.005848	0
CVT_USD	2019-01-19	0.006266	0.006074	0.006485	0.006074	0
CVT_USD	2019-01-18	0.006072	0.006245	0.006266	0.004940	0
CVT_USD	2019-01-17	0.006252	0.006226	0.006306	0.005993	0
CVT_USD	2019-01-16	0.006197	0.006115	0.006482	0.006075	0
CVT_USD	2019-01-15	0.006124	0.006241	0.006651	0.005981	0
CVT_USD	2019-01-14	0.006241	0.005602	0.006380	0.005594	0
CVT_USD	2019-01-13	0.005597	0.006045	0.006063	0.005517	0
CVT_USD	2019-01-12	0.006046	0.005388	0.006153	0.005323	0
CVT_USD	2019-01-11	0.005388	0.005406	0.005500	0.005232	0
CVT_USD	2019-01-10	0.005404	0.007256	0.007335	0.004694	0
CVT_USD	2019-01-09	0.007254	0.006272	0.007412	0.006139	0
CVT_USD	2019-01-08	0.006272	0.006350	0.006502	0.006156	0
CVT_USD	2019-01-07	0.006349	0.006599	0.006670	0.006288	0
CVT_USD	2019-01-06	0.006597	0.006581	0.006764	0.006353	0
CVT_USD	2019-01-05	0.006579	0.006591	0.006923	0.006557	0
CVT_USD	2019-01-04	0.006592	0.006327	0.006727	0.006223	0
CVT_USD	2019-01-03	0.006324	0.006826	0.006886	0.006224	0
CVT_USD	2019-01-02	0.006828	0.006211	0.006981	0.006133	0
CVT_USD	2019-01-01	0.006156	0.006061	0.006266	0.004715	0
CVT_USD	2018-12-31	0.006061	0.006390	0.006401	0.005954	0
CVT_USD	2018-12-30	0.006382	0.005388	0.006424	0.005199	0
CVT_USD	2018-12-29	0.005417	0.005420	0.005890	0.004793	0
CVT_USD	2018-12-28	0.005424	0.005016	0.006227	0.004003	0
CVT_USD	2018-12-27	0.005003	0.005103	0.005323	0.004794	0
CVT_USD	2018-12-26	0.005100	0.004118	0.005971	0.004079	0
CVT_USD	2018-12-25	0.004117	0.006418	0.006457	0.003969	0
CVT_USD	2018-12-24	0.006424	0.006516	0.007516	0.006201	0
CVT_USD	2018-12-23	0.006517	0.006105	0.006614	0.006102	0
CVT_USD	2018-12-22	0.006095	0.006210	0.006557	0.005728	0
CVT_USD	2018-12-21	0.006211	0.007608	0.008416	0.005195	0
CVT_USD	2018-12-20	0.007640	0.006685	0.007772	0.006231	0
CVT_USD	2018-12-19	0.006680	0.007349	0.007624	0.006629	0
CVT_USD	2018-12-18	0.007328	0.006600	0.007420	0.006049	0
CVT_USD	2018-12-17	0.006601	0.006056	0.006805	0.005656	0
CVT_USD	2018-12-16	0.006053	0.005975	0.006262	0.005964	0
CVT_USD	2018-12-15	0.005976	0.006034	0.006137	0.005572	0
CVT_USD	2018-12-14	0.006033	0.005912	0.006290	0.005809	0
CVT_USD	2018-12-13	0.005898	0.007726	0.007740	0.005800	0
CVT_USD	2018-12-12	0.007726	0.007364	0.008076	0.006343	0
CVT_USD	2018-12-11	0.007402	0.006798	0.007402	0.005696	0
CVT_USD	2018-12-10	0.006789	0.005989	0.007889	0.005678	0
CVT_USD	2018-12-09	0.005999	0.006052	0.006214	0.005639	0
CVT_USD	2018-12-08	0.006056	0.006194	0.006510	0.005519	0
CVT_USD	2018-12-07	0.006196	0.006148	0.006453	0.005449	0
CVT_USD	2018-12-06	0.006177	0.006955	0.007065	0.006124	0
CVT_USD	2018-12-05	0.006941	0.008867	0.008905	0.006934	0
CVT_USD	2018-12-04	0.008869	0.008677	0.009211	0.008501	0
CVT_USD	2018-12-03	0.008677	0.009246	0.009259	0.008477	0
CVT_USD	2018-12-02	0.009227	0.009172	0.009759	0.009021	0
CVT_USD	2018-12-01	0.009172	0.008674	0.009426	0.008622	0
CVT_USD	2018-11-30	0.008673	0.009987	0.010327	0.007890	0
CVT_USD	2018-11-29	0.009987	0.010561	0.010632	0.009716	0
CVT_USD	2018-11-28	0.010561	0.009588	0.010916	0.009588	0
CVT_USD	2018-11-27	0.009589	0.009499	0.009802	0.008822	0
CVT_USD	2018-11-26	0.009498	0.010401	0.010613	0.008790	0
CVT_USD	2018-11-25	0.010433	0.009303	0.010589	0.008610	0
CVT_USD	2018-11-24	0.009304	0.009601	0.010258	0.009032	0
CVT_USD	2018-11-23	0.009600	0.009579	0.009963	0.008691	0
CVT_USD	2018-11-22	0.009673	0.010504	0.010640	0.009673	0
CVT_USD	2018-11-21	0.010537	0.011116	0.011569	0.009298	0
CVT_USD	2018-11-20	0.011110	0.013512	0.013689	0.009542	0
CVT_USD	2018-11-19	0.013512	0.015926	0.015927	0.013311	0
CVT_USD	2018-11-18	0.015929	0.015856	0.016118	0.014137	0
CVT_USD	2018-11-17	0.015858	0.015884	0.015950	0.015616	0
CVT_USD	2018-11-16	0.015884	0.016534	0.016584	0.015587	0
CVT_USD	2018-11-15	0.016534	0.016934	0.017102	0.015433	0
CVT_USD	2018-11-14	0.016723	0.019530	0.020335	0.015047	0
CVT_USD	2018-11-13	0.019555	0.018893	0.020102	0.018662	0
CVT_USD	2018-11-12	0.018893	0.018275	0.018973	0.018128	0
CVT_USD	2018-11-11	0.018306	0.018292	0.018333	0.017937	0
CVT_USD	2018-11-10	0.018292	0.017458	0.018491	0.017408	0
CVT_USD	2018-11-09	0.017460	0.017890	0.018470	0.017123	0
CVT_USD	2018-11-08	0.017890	0.018177	0.018357	0.017775	0
CVT_USD	2018-11-07	0.018177	0.017978	0.018689	0.017549	0
CVT_USD	2018-11-06	0.017980	0.017172	0.018332	0.017148	0
CVT_USD	2018-11-05	0.017172	0.017369	0.017409	0.016784	0
CVT_USD	2018-11-04	0.017370	0.016940	0.017872	0.015888	0
CVT_USD	2018-11-03	0.016884	0.016827	0.017087	0.016663	0
CVT_USD	2018-11-02	0.016832	0.017381	0.017502	0.016366	0
CVT_USD	2018-11-01	0.017382	0.017769	0.017810	0.017244	0
CVT_USD	2018-10-31	0.017769	0.017953	0.018240	0.017368	0
CVT_USD	2018-10-30	0.017954	0.017833	0.018073	0.017525	0
CVT_USD	2018-10-29	0.017833	0.016431	0.017833	0.015789	0
CVT_USD	2018-10-28	0.016431	0.016166	0.016471	0.016125	0
CVT_USD	2018-10-27	0.016167	0.016561	0.016771	0.016080	0
CVT_USD	2018-10-26	0.016562	0.016320	0.017043	0.016198	0
CVT_USD	2018-10-25	0.016320	0.018938	0.018991	0.016277	0
CVT_USD	2018-10-24	0.018938	0.020072	0.020250	0.018934	0
CVT_USD	2018-10-23	0.020071	0.020574	0.020728	0.019649	0
CVT_USD	2018-10-22	0.020574	0.020510	0.024295	0.019001	0
CVT_USD	2018-10-21	0.020495	0.017071	0.020520	0.017070	0
CVT_USD	2018-10-20	0.017069	0.016781	0.017173	0.016674	0
CVT_USD	2018-10-19	0.016778	0.016230	0.016816	0.016065	0
CVT_USD	2018-10-18	0.016230	0.016769	0.016916	0.016043	0
CVT_USD	2018-10-17	0.016771	0.017080	0.017204	0.015969	0
CVT_USD	2018-10-16	0.017085	0.016355	0.017167	0.016270	0
CVT_USD	2018-10-15	0.016350	0.015075	0.018896	0.014899	0
CVT_USD	2018-10-14	0.015064	0.022840	0.023065	0.014965	0
CVT_USD	2018-10-13	0.022843	0.022363	0.022993	0.022343	0
CVT_USD	2018-10-12	0.022384	0.021698	0.022838	0.021623	0
CVT_USD	2018-10-11	0.021664	0.025732	0.025732	0.021576	0
CVT_USD	2018-10-10	0.025732	0.025938	0.025950	0.025430	0
CVT_USD	2018-10-09	0.025938	0.026129	0.026222	0.025781	0
CVT_USD	2018-10-08	0.026129	0.025678	0.026375	0.025467	0
CVT_USD	2018-10-07	0.025678	0.025574	0.025824	0.025170	0
CVT_USD	2018-10-06	0.025574	0.025952	0.025993	0.025356	0
CVT_USD	2018-10-05	0.025952	0.025232	0.026259	0.024960	0
CVT_USD	2018-10-04	0.025232	0.025043	0.025713	0.024941	0
CVT_USD	2018-10-03	0.025031	0.025629	0.025698	0.024554	0
CVT_USD	2018-10-02	0.025662	0.026276	0.026363	0.025503	0
CVT_USD	2018-10-01	0.026270	0.026418	0.026674	0.025619	0
CVT_USD	2018-09-30	0.026418	0.026343	0.027106	0.025688	0
CVT_USD	2018-09-29	0.026343	0.025200	0.026928	0.024288	0
CVT_USD	2018-09-28	0.025200	0.026068	0.026523	0.024412	0
CVT_USD	2018-09-27	0.026024	0.024308	0.026409	0.023916	0
CVT_USD	2018-09-26	0.024352	0.024942	0.025258	0.023538	0
CVT_USD	2018-09-25	0.024799	0.025862	0.025862	0.023101	0
CVT_USD	2018-09-24	0.025862	0.027775	0.027910	0.025607	0
CVT_USD	2018-09-23	0.027768	0.027354	0.028313	0.026936	0
CVT_USD	2018-09-22	0.027344	0.028127	0.028932	0.026482	0
CVT_USD	2018-09-21	0.028161	0.025652	0.028558	0.025156	0
CVT_USD	2018-09-20	0.025652	0.023837	0.025993	0.023502	0
CVT_USD	2018-09-19	0.023816	0.023702	0.024234	0.022360	0
CVT_USD	2018-09-18	0.023702	0.022321	0.024313	0.022042	0
CVT_USD	2018-09-17	0.022321	0.024989	0.025510	0.021871	0
CVT_USD	2018-09-16	0.024989	0.025181	0.025359	0.023268	0
CVT_USD	2018-09-15	0.025286	0.023607	0.025824	0.023607	0
CVT_USD	2018-09-14	0.023851	0.023904	0.025358	0.023068	0
CVT_USD	2018-09-13	0.023904	0.020786	0.024380	0.020786	0
CVT_USD	2018-09-12	0.020786	0.020982	0.020996	0.019058	0
CVT_USD	2018-09-11	0.021036	0.022349	0.022590	0.020225	0
CVT_USD	2018-09-10	0.022349	0.022249	0.022994	0.021226	0
CVT_USD	2018-09-09	0.022202	0.022325	0.023650	0.021077	0
CVT_USD	2018-09-08	0.022325	0.024450	0.024955	0.021672	0
CVT_USD	2018-09-07	0.024450	0.026075	0.026579	0.024263	0
CVT_USD	2018-09-06	0.026078	0.025879	0.026309	0.024074	0
CVT_USD	2018-09-05	0.025879	0.032386	0.032640	0.025743	0
CVT_USD	2018-09-04	0.032386	0.032802	0.033236	0.032090	0
CVT_USD	2018-09-03	0.032835	0.033401	0.033640	0.032490	0
CVT_USD	2018-09-02	0.033401	0.033566	0.033978	0.032865	0
CVT_USD	2018-09-01	0.033566	0.031994	0.034298	0.031994	0
CVT_USD	2018-08-31	0.031994	0.032816	0.032962	0.030225	0
CVT_USD	2018-08-30	0.032832	0.032703	0.033141	0.031612	0
CVT_USD	2018-08-29	0.032743	0.034156	0.034298	0.032202	0
CVT_USD	2018-08-28	0.034156	0.034257	0.034418	0.032606	0
CVT_USD	2018-08-27	0.034145	0.032207	0.037101	0.031351	0
CVT_USD	2018-08-26	0.032208	0.032649	0.032680	0.031589	0
CVT_USD	2018-08-25	0.032652	0.032164	0.033469	0.031367	0
CVT_USD	2018-08-24	0.032168	0.033031	0.033669	0.031166	0
CVT_USD	2018-08-23	0.033020	0.032752	0.033424	0.032355	0
CVT_USD	2018-08-22	0.032700	0.034016	0.036197	0.031382	0
CVT_USD	2018-08-21	0.034011	0.032789	0.034577	0.032728	0
CVT_USD	2018-08-20	0.032768	0.035615	0.036140	0.032413	0
CVT_USD	2018-08-19	0.035624	0.036845	0.037502	0.034768	0
CVT_USD	2018-08-18	0.036806	0.040876	0.041620	0.034562	0
CVT_USD	2018-08-17	0.040840	0.037171	0.040959	0.037019	0
CVT_USD	2018-08-16	0.037220	0.033251	0.038760	0.032892	0
CVT_USD	2018-08-15	0.033225	0.031665	0.036051	0.031512	0
CVT_USD	2018-08-14	0.031626	0.034909	0.034909	0.028449	0
CVT_USD	2018-08-13	0.034909	0.039645	0.040200	0.033343	0
CVT_USD	2018-08-12	0.039645	0.041865	0.042261	0.039520	0
CVT_USD	2018-08-11	0.041913	0.041521	0.043544	0.038917	0
CVT_USD	2018-08-10	0.041533	0.044630	0.044932	0.040692	0
CVT_USD	2018-08-09	0.044603	0.044280	0.045901	0.043254	0
CVT_USD	2018-08-08	0.044256	0.048116	0.048318	0.042478	0
CVT_USD	2018-08-07	0.048143	0.051856	0.052736	0.047101	0
CVT_USD	2018-08-06	0.051865	0.051545	0.053059	0.051379	0
CVT_USD	2018-08-05	0.051530	0.052069	0.053132	0.051100	0
CVT_USD	2018-08-04	0.052023	0.053610	0.053758	0.051034	0
CVT_USD	2018-08-03	0.053610	0.052208	0.053768	0.050106	0
CVT_USD	2018-08-02	0.052206	0.053801	0.054299	0.051997	0
CVT_USD	2018-08-01	0.053762	0.056027	0.056775	0.052142	0
CVT_USD	2018-07-31	0.055997	0.058715	0.058837	0.055072	0
CVT_USD	2018-07-30	0.058716	0.060240	0.060579	0.057442	0
CVT_USD	2018-07-29	0.060274	0.063230	0.063472	0.059769	0
CVT_USD	2018-07-28	0.063232	0.063713	0.063713	0.062487	0
CVT_USD	2018-07-27	0.063710	0.061173	0.064599	0.060424	0
CVT_USD	2018-07-26	0.061173	0.060800	0.062736	0.057928	0
CVT_USD	2018-07-25	0.060755	0.066338	0.067327	0.059664	0
CVT_USD	2018-07-24	0.066549	0.062875	0.067349	0.061761	0
CVT_USD	2018-07-23	0.062851	0.062148	0.064755	0.061859	0
CVT_USD	2018-07-22	0.062230	0.062940	0.065080	0.061602	0
CVT_USD	2018-07-21	0.062940	0.062852	0.064989	0.061898	0
CVT_USD	2018-07-20	0.062852	0.062483	0.065239	0.059639	0
CVT_USD	2018-07-19	0.062483	0.068584	0.068584	0.059008	0
CVT_USD	2018-07-18	0.068582	0.072610	0.078307	0.067787	0
CVT_USD	2018-07-17	0.070374	0.059522	0.072465	0.056177	0
CVT_USD	2018-07-16	0.059603	0.056844	0.059751	0.054995	0
CVT_USD	2018-07-15	0.056844	0.054342	0.057280	0.051770	0
CVT_USD	2018-07-14	0.054342	0.054211	0.055143	0.051193	0
CVT_USD	2018-07-13	0.054193	0.051308	0.056148	0.051224	0
CVT_USD	2018-07-12	0.051213	0.052522	0.052818	0.049844	0
CVT_USD	2018-07-11	0.052456	0.051647	0.053071	0.050747	0
CVT_USD	2018-07-10	0.051596	0.055973	0.056221	0.050818	0
CVT_USD	2018-07-09	0.055885	0.057597	0.057828	0.055710	0
CVT_USD	2018-07-08	0.057597	0.057919	0.058780	0.056655	0
CVT_USD	2018-07-07	0.057919	0.055411	0.058156	0.053402	0
CVT_USD	2018-07-06	0.055368	0.055545	0.056388	0.053149	0
CVT_USD	2018-07-05	0.055658	0.055036	0.057095	0.054419	0
CVT_USD	2018-07-04	0.055112	0.054543	0.056241	0.053220	0
CVT_USD	2018-07-03	0.054442	0.056237	0.057359	0.054268	0
CVT_USD	2018-07-02	0.056212	0.053290	0.056831	0.000000	0
CVT_USD	2018-07-01	0.053291	0.053506	0.053867	0.052446	0
CVT_USD	2018-06-30	0.053520	0.051367	0.054608	0.051367	0
CVT_USD	2018-06-29	0.051376	0.050241	0.052182	0.047747	0
CVT_USD	2018-06-28	0.050421	0.049820	0.055686	0.048448	0
CVT_USD	2018-06-27	0.049770	0.047860	0.050258	0.046503	0
CVT_USD	2018-06-26	0.047957	0.049691	0.051606	0.047837	0
CVT_USD	2018-06-25	0.049556	0.050452	0.051911	0.047233	0
CVT_USD	2018-06-24	0.050705	0.049341	0.053303	0.043990	0
CVT_USD	2018-06-23	0.049395	0.055349	0.057347	0.048430	0
CVT_USD	2018-06-22	0.055273	0.070220	0.071351	0.049066	0
CVT_USD	2018-06-21	0.070235	0.062940	0.075580	0.062110	0
CVT_USD	2018-06-20	0.062935	0.064220	0.064626	0.059104	0
CVT_USD	2018-06-19	0.063941	0.061116	0.064613	0.058828	0
CVT_USD	2018-06-18	0.061025	0.059035	0.062194	0.055218	0
CVT_USD	2018-06-17	0.058849	0.060131	0.061555	0.058624	0
CVT_USD	2018-06-16	0.060131	0.058536	0.060796	0.057227	0
CVT_USD	2018-06-15	0.058585	0.058758	0.061559	0.052820	0
CVT_USD	2018-06-14	0.058622	0.049727	0.058808	0.048689	0
CVT_USD	2018-06-13	0.049734	0.052747	0.054999	0.047956	0
CVT_USD	2018-06-12	0.052722	0.060906	0.061313	0.052036	0
CVT_USD	2018-06-11	0.060932	0.059750	0.067275	0.054760	0
CVT_USD	2018-06-10	0.059706	0.065154	0.069212	0.057821	0
CVT_USD	2018-06-09	0.065397	0.067555	0.069172	0.063903	0
CVT_USD	2018-06-08	0.067486	0.074641	0.076092	0.067384	0
CVT_USD	2018-06-07	0.074766	0.067060	0.076331	0.066600	0
CVT_USD	2018-06-06	0.066915	0.061248	0.067339	0.060093	0
CVT_USD	2018-06-05	0.061139	0.057534	0.061189	0.055998	0
CVT_USD	2018-06-04	0.057484	0.060362	0.061473	0.056499	0
CVT_USD	2018-06-03	0.060289	0.058964	0.062624	0.040915	0
CVT_USD	2018-06-02	0.058921	0.057827	0.059983	0.057345	0
CVT_USD	2018-06-01	0.057648	0.054522	0.058379	0.051464	0
CVT_USD	2018-05-31	0.054873	0.054963	0.057691	0.051131	0
CVT_USD	2018-05-30	0.054995	0.057011	0.058880	0.000000	0
CVT_USD	2018-05-29	0.056734	0.050741	0.057404	0.049772	0
CVT_USD	2018-05-28	0.050737	0.057841	0.058514	0.049748	0
CVT_USD	2018-05-27	0.057841	0.057646	0.061049	0.056238	0
CVT_USD	2018-05-26	0.057646	0.058693	0.063065	0.057222	0
CVT_USD	2018-05-25	0.058536	0.061131	0.061547	0.056991	0
CVT_USD	2018-05-24	0.061127	0.060249	0.064727	0.052163	0
CVT_USD	2018-05-23	0.060129	0.067246	0.068479	0.058871	0
CVT_USD	2018-05-22	0.067346	0.069711	0.074716	0.066760	0
CVT_USD	2018-05-21	0.069600	0.073034	0.077420	0.068075	0
CVT_USD	2018-05-20	0.073133	0.072966	0.083759	0.059661	0
CVT_USD	2018-05-19	0.073225	0.073550	0.078367	0.058133	0
CVT_USD	2018-05-18	0.073530	0.074705	0.084621	0.064655	0
CVT_USD	2018-05-17	0.075822	0.071810	0.085982	0.067183	0
CVT_USD	2018-05-16	0.071738	0.060706	0.073954	0.059347	0
CVT_USD	2018-05-15	0.060681	0.053149	0.087639	0.051436	0
CVT_USD	2018-05-14	0.053141	0.041343	0.101490	0.040022	0
CVT_USD	2018-05-13	0.041343	0.037251	0.045478	0.036772	0
CVT_USD	2018-05-12	0.037213	0.039266	0.041816	0.033340	0
CVT_USD	2018-05-11	0.039114	0.042633	0.043663	0.038323	0
CVT_USD	2018-05-10	0.042648	0.036153	0.045951	0.032013	0
CVT_USD	2018-05-09	0.036097	0.041907	0.046073	0.035596	0
CVT_USD	2018-05-08	0.041961	0.046545	0.048694	0.000062	0
CVT_USD	2018-05-07	0.046790	0.049107	0.049462	0.041628	0
CVT_USD	2018-05-06	0.049075	0.051300	0.055546	0.046665	0
CVT_USD	2018-05-05	0.051300	0.050439	0.052928	0.046169	0
CVT_USD	2018-05-04	0.050522	0.053907	0.055224	0.048868	0
CVT_USD	2018-05-03	0.053907	0.048535	0.054924	0.046422	0
CVT_USD	2018-05-02	0.048535	0.047306	0.050259	0.045625	0
