CYDER_USD	2019-04-09	0.000079	0.000080	0.000080	0.000078	0
CYDER_USD	2019-04-08	0.000080	0.000079	0.000080	0.000077	0
CYDER_USD	2019-04-07	0.000079	0.000076	0.000080	0.000076	0
CYDER_USD	2019-04-06	0.000076	0.000076	0.000079	0.000075	0
CYDER_USD	2019-04-05	0.000076	0.000074	0.000077	0.000074	0
CYDER_USD	2019-04-04	0.000074	0.000124	0.000127	0.000073	0
CYDER_USD	2019-04-03	0.000124	0.000123	0.000133	0.000121	0
CYDER_USD	2019-04-02	0.000123	0.000063	0.000124	0.000063	0
CYDER_USD	2019-04-01	0.000063	0.000063	0.000063	0.000062	0
CYDER_USD	2019-03-31	0.000063	0.000062	0.000063	0.000062	0
CYDER_USD	2019-03-30	0.000062	0.000063	0.000063	0.000062	0
CYDER_USD	2019-03-29	0.000063	0.000061	0.000063	0.000061	0
CYDER_USD	2019-03-28	0.000061	0.000062	0.000062	0.000061	0
CYDER_USD	2019-03-27	0.000062	0.000060	0.000062	0.000060	0
CYDER_USD	2019-03-26	0.000060	0.000060	0.000060	0.000059	0
CYDER_USD	2019-03-25	0.000060	0.000061	0.000061	0.000059	0
CYDER_USD	2019-03-24	0.000061	0.000061	0.000061	0.000060	0
CYDER_USD	2019-03-23	0.000061	0.000061	0.000061	0.000061	0
CYDER_USD	2019-03-22	0.000061	0.000061	0.000061	0.000061	0
CYDER_USD	2019-03-21	0.000061	0.000062	0.000062	0.000060	0
CYDER_USD	2019-03-20	0.000062	0.000062	0.000062	0.000061	0
CYDER_USD	2019-03-19	0.000062	0.000061	0.000062	0.000061	0
CYDER_USD	2019-03-18	0.000061	0.000061	0.000062	0.000061	0
CYDER_USD	2019-03-17	0.000061	0.000061	0.000061	0.000061	0
CYDER_USD	2019-03-16	0.000061	0.000060	0.000062	0.000060	0
CYDER_USD	2019-03-15	0.000060	0.000059	0.000060	0.000059	0
CYDER_USD	2019-03-14	0.000059	0.000059	0.000060	0.000058	0
CYDER_USD	2019-03-13	0.000059	0.000059	0.000060	0.000059	0
CYDER_USD	2019-03-12	0.000059	0.000059	0.000060	0.000058	0
CYDER_USD	2019-03-11	0.000059	0.000060	0.000060	0.000059	0
CYDER_USD	2019-03-10	0.000060	0.000060	0.000060	0.000059	0
CYDER_USD	2019-03-09	0.000060	0.000059	0.000061	0.000059	0
CYDER_USD	2019-03-08	0.000059	0.000059	0.000060	0.000058	0
CYDER_USD	2019-03-07	0.000059	0.000059	0.000060	0.000059	0
CYDER_USD	2019-03-06	0.000059	0.000059	0.000060	0.000059	0
CYDER_USD	2019-03-05	0.000059	0.000057	0.000059	0.000057	0
CYDER_USD	2019-03-04	0.000057	0.000058	0.000059	0.000057	0
CYDER_USD	2019-03-03	0.000058	0.000059	0.000059	0.000058	0
CYDER_USD	2019-03-02	0.000059	0.000059	0.000059	0.000058	0
CYDER_USD	2019-03-01	0.000059	0.000058	0.000059	0.000058	0
CYDER_USD	2019-02-28	0.000058	0.000059	0.000060	0.000058	0
CYDER_USD	2019-02-27	0.000059	0.000058	0.000059	0.000057	0
CYDER_USD	2019-02-26	0.000058	0.000059	0.000059	0.000058	0
CYDER_USD	2019-02-25	0.000059	0.000057	0.000059	0.000057	0
CYDER_USD	2019-02-24	0.000057	0.000063	0.000064	0.000057	0
CYDER_USD	2019-02-23	0.000063	0.000061	0.000064	0.000060	0
CYDER_USD	2019-02-22	0.000061	0.000060	0.000061	0.000060	0
CYDER_USD	2019-02-21	0.000060	0.000061	0.000062	0.000060	0
CYDER_USD	2019-02-20	0.000061	0.000060	0.000061	0.000060	0
CYDER_USD	2019-02-19	0.000060	0.000060	0.000061	0.000059	0
CYDER_USD	2019-02-18	0.000060	0.000056	0.000060	0.000056	0
CYDER_USD	2019-02-17	0.000056	0.000055	0.000057	0.000055	0
CYDER_USD	2019-02-16	0.000055	0.000055	0.000056	0.000055	0
CYDER_USD	2019-02-15	0.000055	0.000073	0.000074	0.000055	0
CYDER_USD	2019-02-14	0.000073	0.000073	0.000074	0.000073	0
CYDER_USD	2019-02-13	0.000073	0.000074	0.000075	0.000073	0
CYDER_USD	2019-02-12	0.000074	0.000074	0.000074	0.000073	0
CYDER_USD	2019-02-11	0.000074	0.000056	0.000074	0.000055	0
CYDER_USD	2019-02-10	0.000056	0.000056	0.000056	0.000055	0
CYDER_USD	2019-02-09	0.000056	0.000074	0.000075	0.000055	0
CYDER_USD	2019-02-08	0.000074	0.000069	0.000076	0.000069	0
CYDER_USD	2019-02-07	0.000069	0.000052	0.000086	0.000052	0
CYDER_USD	2019-02-06	0.000052	0.000053	0.000053	0.000051	0
CYDER_USD	2019-02-05	0.000053	0.000052	0.000053	0.000052	0
CYDER_USD	2019-02-04	0.000052	0.000053	0.000053	0.000052	0
CYDER_USD	2019-02-03	0.000053	0.000053	0.000053	0.000052	0
CYDER_USD	2019-02-02	0.000053	0.000053	0.000054	0.000053	0
CYDER_USD	2019-02-01	0.000053	0.000053	0.000053	0.000052	0
CYDER_USD	2019-01-31	0.000053	0.000053	0.000054	0.000052	0
CYDER_USD	2019-01-30	0.000053	0.000052	0.000053	0.000052	0
CYDER_USD	2019-01-29	0.000052	0.000053	0.000053	0.000051	0
CYDER_USD	2019-01-28	0.000053	0.000054	0.000054	0.000052	0
CYDER_USD	2019-01-27	0.000054	0.000054	0.000055	0.000053	0
CYDER_USD	2019-01-26	0.000054	0.000054	0.000056	0.000054	0
CYDER_USD	2019-01-25	0.000054	0.000055	0.000055	0.000054	0
CYDER_USD	2019-01-24	0.000055	0.000054	0.000055	0.000054	0
CYDER_USD	2019-01-23	0.000054	0.000055	0.000055	0.000054	0
CYDER_USD	2019-01-22	0.000055	0.000054	0.000055	0.000053	0
CYDER_USD	2019-01-21	0.000054	0.000054	0.000054	0.000053	0
CYDER_USD	2019-01-20	0.000054	0.000056	0.000057	0.000053	0
CYDER_USD	2019-01-19	0.000056	0.000055	0.000058	0.000055	0
CYDER_USD	2019-01-18	0.000055	0.000056	0.000056	0.000055	0
CYDER_USD	2019-01-17	0.000056	0.000055	0.000056	0.000054	0
CYDER_USD	2019-01-16	0.000055	0.000055	0.000056	0.000055	0
CYDER_USD	2019-01-15	0.000055	0.000056	0.000057	0.000055	0
CYDER_USD	2019-01-14	0.000056	0.000054	0.000057	0.000054	0
CYDER_USD	2019-01-13	0.000054	0.000056	0.000056	0.000054	0
CYDER_USD	2019-01-12	0.000056	0.000074	0.000074	0.000055	0
CYDER_USD	2019-01-11	0.000074	0.000093	0.000094	0.000056	0
CYDER_USD	2019-01-10	0.000093	0.000286	0.000290	0.000058	0
CYDER_USD	2019-01-09	0.000286	0.000287	0.000291	0.000283	0
CYDER_USD	2019-01-08	0.000287	0.000288	0.000295	0.000284	0
CYDER_USD	2019-01-07	0.000288	0.000313	0.000315	0.000286	0
CYDER_USD	2019-01-06	0.000313	0.000293	0.000587	0.000292	0
CYDER_USD	2019-01-05	0.000293	0.000317	0.000321	0.000293	0
CYDER_USD	2019-01-04	0.000317	0.000314	0.000319	0.000309	0
CYDER_USD	2019-01-03	0.000314	0.000324	0.000324	0.000312	0
CYDER_USD	2019-01-02	0.000324	0.000317	0.000326	0.000314	0
CYDER_USD	2019-01-01	0.000317	0.000306	0.000318	0.000303	0
CYDER_USD	2018-12-31	0.000306	0.000338	0.000339	0.000290	0
CYDER_USD	2018-12-30	0.000338	0.000330	0.000339	0.000327	0
CYDER_USD	2018-12-29	0.000330	0.000343	0.000347	0.000329	0
CYDER_USD	2018-12-28	0.000343	0.000316	0.000347	0.000314	0
CYDER_USD	2018-12-27	0.000316	0.000334	0.000337	0.000313	0
CYDER_USD	2018-12-26	0.000334	0.000332	0.000339	0.000324	0
CYDER_USD	2018-12-25	0.000332	0.000352	0.000353	0.000325	0
CYDER_USD	2018-12-24	0.000352	0.000346	0.000371	0.000275	0
CYDER_USD	2018-12-23	0.000346	0.000309	0.000356	0.000308	0
CYDER_USD	2018-12-22	0.000309	0.000298	0.000311	0.000294	0
CYDER_USD	2018-12-21	0.000298	0.000316	0.000322	0.000293	0
CYDER_USD	2018-12-20	0.000316	0.000324	0.000365	0.000267	0
CYDER_USD	2018-12-19	0.000324	0.000302	0.000376	0.000301	0
CYDER_USD	2018-12-18	0.000302	0.000290	0.000304	0.000284	0
CYDER_USD	2018-12-17	0.000290	0.000215	0.000296	0.000214	0
CYDER_USD	2018-12-16	0.000215	0.000214	0.000220	0.000213	0
CYDER_USD	2018-12-15	0.000214	0.000213	0.000216	0.000209	0
CYDER_USD	2018-12-14	0.000213	0.000218	0.000220	0.000210	0
CYDER_USD	2018-12-13	0.000218	0.000230	0.000245	0.000209	0
CYDER_USD	2018-12-12	0.000230	0.000222	0.000234	0.000222	0
CYDER_USD	2018-12-11	0.000224	0.000229	0.000231	0.000221	0
CYDER_USD	2018-12-10	0.000229	0.000237	0.000240	0.000226	0
CYDER_USD	2018-12-09	0.000237	0.000228	0.000246	0.000225	0
CYDER_USD	2018-12-08	0.000228	0.000225	0.000238	0.000216	0
CYDER_USD	2018-12-07	0.000225	0.000230	0.000234	0.000213	0
CYDER_USD	2018-12-06	0.000230	0.000245	0.000255	0.000229	0
CYDER_USD	2018-12-05	0.000245	0.000259	0.000260	0.000244	0
CYDER_USD	2018-12-04	0.000259	0.000254	0.000269	0.000248	0
CYDER_USD	2018-12-03	0.000254	0.000270	0.000272	0.000250	0
CYDER_USD	2018-12-02	0.000270	0.000276	0.000283	0.000268	0
CYDER_USD	2018-12-01	0.000276	0.000262	0.000282	0.000240	0
CYDER_USD	2018-11-30	0.000262	0.000280	0.000283	0.000258	0
CYDER_USD	2018-11-29	0.000280	0.000280	0.000290	0.000272	0
CYDER_USD	2018-11-28	0.000280	0.000175	0.000288	0.000175	0
CYDER_USD	2018-11-27	0.000175	0.000251	0.000253	0.000171	0
CYDER_USD	2018-11-26	0.000251	0.000267	0.000273	0.000242	0
CYDER_USD	2018-11-25	0.000267	0.000275	0.000278	0.000238	0
CYDER_USD	2018-11-24	0.000275	0.000310	0.000316	0.000268	0
CYDER_USD	2018-11-23	0.000310	0.000307	0.000314	0.000298	0
CYDER_USD	2018-11-22	0.000307	0.000327	0.000330	0.000307	0
CYDER_USD	2018-11-21	0.000327	0.000321	0.000334	0.000310	0
CYDER_USD	2018-11-20	0.000321	0.000346	0.000353	0.000302	0
CYDER_USD	2018-11-19	0.000346	0.000396	0.000396	0.000342	0
CYDER_USD	2018-11-18	0.000396	0.000394	0.000400	0.000393	0
CYDER_USD	2018-11-17	0.000394	0.000396	0.000396	0.000390	0
CYDER_USD	2018-11-16	0.000396	0.000403	0.000403	0.000363	0
CYDER_USD	2018-11-15	0.000403	0.000412	0.000415	0.000381	0
CYDER_USD	2018-11-14	0.000412	0.000485	0.000486	0.000383	0
CYDER_USD	2018-11-13	0.000485	0.000484	0.000487	0.000480	0
CYDER_USD	2018-11-12	0.000484	0.000484	0.000486	0.000481	0
CYDER_USD	2018-11-11	0.000484	0.000354	0.000484	0.000353	0
CYDER_USD	2018-11-10	0.000354	0.000514	0.000517	0.000354	0
CYDER_USD	2018-11-09	0.000514	0.000518	0.000520	0.000511	0
CYDER_USD	2018-11-08	0.000518	0.000493	0.000622	0.000488	0
CYDER_USD	2018-11-07	0.000493	0.000717	0.000727	0.000490	0
CYDER_USD	2018-11-06	0.000717	0.000712	0.000717	0.000709	0
CYDER_USD	2018-11-05	0.000712	0.000713	0.000714	0.000708	0
CYDER_USD	2018-11-04	0.000713	0.000703	0.000716	0.000700	0
CYDER_USD	2018-11-03	0.000703	0.000707	0.000708	0.000697	0
CYDER_USD	2018-11-02	0.000707	0.000704	0.000710	0.000703	0
CYDER_USD	2018-11-01	0.000704	0.000701	0.000707	0.000699	0
CYDER_USD	2018-10-31	0.000701	0.000696	0.000704	0.000688	0
CYDER_USD	2018-10-30	0.000696	0.000698	0.000702	0.000694	0
CYDER_USD	2018-10-29	0.000698	0.000714	0.000715	0.000695	0
CYDER_USD	2018-10-28	0.000714	0.000748	0.000749	0.000710	0
CYDER_USD	2018-10-27	0.000748	0.000718	0.000748	0.000713	0
CYDER_USD	2018-10-26	0.000718	0.000914	0.000955	0.000717	0
CYDER_USD	2018-10-25	0.000914	0.000885	0.000915	0.000879	0
CYDER_USD	2018-10-24	0.000885	0.000884	0.000894	0.000883	0
CYDER_USD	2018-10-23	0.000884	0.000887	0.000889	0.000882	0
CYDER_USD	2018-10-22	0.000887	0.000824	0.000888	0.000819	0
CYDER_USD	2018-10-21	0.000824	0.000757	0.000832	0.000757	0
CYDER_USD	2018-10-20	0.000757	0.000751	0.000760	0.000749	0
CYDER_USD	2018-10-19	0.000751	0.000628	0.000757	0.000622	0
CYDER_USD	2018-10-18	0.000628	0.000707	0.000712	0.000605	0
CYDER_USD	2018-10-17	0.000707	0.000574	0.000713	0.000573	0
CYDER_USD	2018-10-16	0.000574	0.000573	0.000586	0.000568	0
CYDER_USD	2018-10-15	0.000573	0.000538	0.000639	0.000536	0
CYDER_USD	2018-10-14	0.000538	0.000538	0.000544	0.000537	0
CYDER_USD	2018-10-13	0.000538	0.000504	0.000538	0.000503	0
CYDER_USD	2018-10-12	0.000504	0.000500	0.000508	0.000498	0
CYDER_USD	2018-10-11	0.000500	0.000530	0.000534	0.000498	0
CYDER_USD	2018-10-10	0.000530	0.000533	0.000564	0.000426	0
CYDER_USD	2018-10-09	0.000533	0.000534	0.000534	0.000529	0
CYDER_USD	2018-10-08	0.000534	0.000528	0.000537	0.000527	0
CYDER_USD	2018-10-07	0.000528	0.000527	0.000561	0.000490	0
CYDER_USD	2018-10-06	0.000527	0.000598	0.000598	0.000494	0
CYDER_USD	2018-10-05	0.000598	0.000592	0.000600	0.000589	0
CYDER_USD	2018-10-04	0.000592	0.000553	0.000594	0.000552	0
CYDER_USD	2018-10-03	0.000553	0.000556	0.000715	0.000518	0
CYDER_USD	2018-10-02	0.000556	0.000495	0.000560	0.000494	0
CYDER_USD	2018-10-01	0.000495	0.000496	0.000531	0.000489	0
CYDER_USD	2018-09-30	0.000496	0.000495	0.000499	0.000490	0
CYDER_USD	2018-09-29	0.000495	0.000597	0.000630	0.000458	0
CYDER_USD	2018-09-28	0.000597	0.000970	0.000974	0.000299	0
CYDER_USD	2018-09-27	0.000970	0.001002	0.001011	0.000934	0
CYDER_USD	2018-09-26	0.001002	0.000997	0.001015	0.000990	0
CYDER_USD	2018-09-25	0.000997	0.000988	0.001000	0.000955	0
CYDER_USD	2018-09-24	0.000988	0.001007	0.001008	0.000983	0
CYDER_USD	2018-09-23	0.001007	0.001009	0.001017	0.001000	0
CYDER_USD	2018-09-22	0.001009	0.001016	0.001026	0.000997	0
CYDER_USD	2018-09-21	0.001016	0.000975	0.001017	0.000974	0
CYDER_USD	2018-09-20	0.000975	0.000735	0.001060	0.000734	0
CYDER_USD	2018-09-19	0.000735	0.000761	0.000764	0.000703	0
CYDER_USD	2018-09-18	0.000761	0.000751	0.000766	0.000748	0
CYDER_USD	2018-09-17	0.000751	0.000747	0.000812	0.000746	0
CYDER_USD	2018-09-16	0.000747	0.000750	0.000750	0.000734	0
CYDER_USD	2018-09-15	0.000750	0.000746	0.000755	0.000744	0
CYDER_USD	2018-09-14	0.000746	0.000680	0.000752	0.000669	0
CYDER_USD	2018-09-13	0.000680	0.000665	0.000685	0.000665	0
CYDER_USD	2018-09-12	0.000665	0.000692	0.000693	0.000658	0
CYDER_USD	2018-09-11	0.000692	0.000694	0.000702	0.000680	0
CYDER_USD	2018-09-10	0.000694	0.000686	0.000698	0.000686	0
CYDER_USD	2018-09-09	0.000686	0.000680	0.000706	0.000677	0
CYDER_USD	2018-09-08	0.000680	0.000480	0.000708	0.000480	0
CYDER_USD	2018-09-07	0.000480	0.000489	0.000490	0.000474	0
CYDER_USD	2018-09-06	0.000489	0.000503	0.000504	0.000473	0
CYDER_USD	2018-09-05	0.000502	0.000552	0.000555	0.000502	0
CYDER_USD	2018-09-04	0.000552	0.000545	0.000556	0.000543	0
CYDER_USD	2018-09-03	0.000545	0.000547	0.000550	0.000540	0
CYDER_USD	2018-09-02	0.000547	0.000540	0.000551	0.000535	0
CYDER_USD	2018-09-01	0.000540	0.000562	0.000577	0.000538	0
CYDER_USD	2018-08-31	0.000562	0.000560	0.000567	0.000552	0
CYDER_USD	2018-08-30	0.000560	0.000564	0.000565	0.000545	0
CYDER_USD	2018-08-29	0.000564	0.000566	0.000570	0.000554	0
CYDER_USD	2018-08-28	0.000566	0.000518	0.000570	0.000515	0
CYDER_USD	2018-08-27	0.000518	0.000503	0.000518	0.000499	0
CYDER_USD	2018-08-26	0.000503	0.000505	0.000509	0.000494	0
CYDER_USD	2018-08-25	0.000505	0.000435	0.000508	0.000434	0
CYDER_USD	2018-08-24	0.000435	0.000359	0.000437	0.000355	0
CYDER_USD	2018-08-23	0.000359	0.000350	0.000361	0.000349	0
CYDER_USD	2018-08-22	0.000350	0.000356	0.000378	0.000344	0
CYDER_USD	2018-08-21	0.000356	0.000344	0.000357	0.000344	0
CYDER_USD	2018-08-20	0.000344	0.000357	0.000359	0.000343	0
CYDER_USD	2018-08-19	0.000357	0.000351	0.000360	0.000347	0
CYDER_USD	2018-08-18	0.000351	0.000329	0.000354	0.000316	0
CYDER_USD	2018-08-17	0.000329	0.000410	0.000419	0.000323	0
CYDER_USD	2018-08-16	0.000410	0.000533	0.000549	0.000405	0
CYDER_USD	2018-08-15	0.000533	0.000588	0.000615	0.000530	0
CYDER_USD	2018-08-14	0.000588	0.000594	0.000594	0.000559	0
CYDER_USD	2018-08-13	0.000594	0.000600	0.000621	0.000585	0
CYDER_USD	2018-08-12	0.000600	0.000591	0.000613	0.000587	0
CYDER_USD	2018-08-11	0.000591	0.000584	0.000613	0.000571	0
CYDER_USD	2018-08-10	0.000584	0.000522	0.000648	0.000510	0
CYDER_USD	2018-08-09	0.000522	0.000502	0.000530	0.000495	0
CYDER_USD	2018-08-08	0.000502	0.000504	0.000619	0.000480	0
CYDER_USD	2018-08-07	0.000504	0.000520	0.000536	0.000501	0
CYDER_USD	2018-08-06	0.000520	0.000527	0.000536	0.000514	0
CYDER_USD	2018-08-05	0.000527	0.000525	0.000532	0.000517	0
CYDER_USD	2018-08-04	0.000525	0.000556	0.000562	0.000520	0
CYDER_USD	2018-08-03	0.000556	0.000565	0.000565	0.000546	0
CYDER_USD	2018-08-02	0.000565	0.000571	0.000577	0.000560	0
CYDER_USD	2018-08-01	0.000571	0.000581	0.000582	0.000558	0
CYDER_USD	2018-07-31	0.000581	0.000817	0.000818	0.000575	0
CYDER_USD	2018-07-30	0.000817	0.000863	0.000869	0.000773	0
CYDER_USD	2018-07-29	0.000863	0.000859	0.000869	0.000818	0
CYDER_USD	2018-07-28	0.000866	0.000866	0.000866	0.000866	0
CYDER_USD	2018-07-27	0.000866	0.000907	0.000907	0.000866	0
CYDER_USD	2018-07-26	0.000907	0.000900	0.000914	0.000899	0
CYDER_USD	2018-07-25	0.000900	0.000925	0.000933	0.000888	0
CYDER_USD	2018-07-24	0.000925	0.000848	0.000932	0.000846	0
CYDER_USD	2018-07-23	0.000848	0.000814	0.000855	0.000727	0
CYDER_USD	2018-07-22	0.000814	0.000777	0.000832	0.000772	0
CYDER_USD	2018-07-21	0.000777	0.000990	0.000993	0.000777	0
CYDER_USD	2018-07-20	0.000990	0.001084	0.001084	0.000983	0
CYDER_USD	2018-07-19	0.001084	0.001068	0.001096	0.001056	0
CYDER_USD	2018-07-18	0.001068	0.001135	0.001169	0.001051	0
CYDER_USD	2018-07-17	0.001135	0.001111	0.001157	0.001036	0
CYDER_USD	2018-07-16	0.001112	0.001111	0.001143	0.001073	0
CYDER_USD	2018-07-15	0.001111	0.001094	0.001118	0.001091	0
CYDER_USD	2018-07-14	0.001094	0.001089	0.001103	0.001081	0
CYDER_USD	2018-07-13	0.001089	0.001090	0.001108	0.001075	0
CYDER_USD	2018-07-12	0.001090	0.001116	0.001116	0.001064	0
CYDER_USD	2018-07-11	0.001116	0.001103	0.001119	0.001101	0
CYDER_USD	2018-07-10	0.001103	0.001265	0.001269	0.001099	0
CYDER_USD	2018-07-09	0.001265	0.001241	0.001291	0.001237	0
CYDER_USD	2018-07-08	0.001241	0.001285	0.001314	0.001236	0
CYDER_USD	2018-07-07	0.001285	0.001221	0.001297	0.001205	0
CYDER_USD	2018-07-06	0.001221	0.001210	0.001227	0.001179	0
CYDER_USD	2018-07-05	0.001210	0.001219	0.001239	0.001163	0
CYDER_USD	2018-07-04	0.001219	0.003087	0.003115	0.001198	0
CYDER_USD	2018-07-03	0.003087	0.003143	0.003168	0.000041	0
CYDER_USD	2018-07-02	0.003143	0.003016	0.003170	0.000000	0
CYDER_USD	2018-07-01	0.003016	0.003036	0.003055	0.002978	0
CYDER_USD	2018-06-30	0.003036	0.002946	0.003095	0.002946	0
CYDER_USD	2018-06-29	0.002949	0.002778	0.002980	0.002755	0
CYDER_USD	2018-06-28	0.002783	0.002913	0.002928	0.002769	0
CYDER_USD	2018-06-27	0.002913	0.002881	0.002935	0.002845	0
CYDER_USD	2018-06-26	0.002891	0.002969	0.002980	0.002875	0
CYDER_USD	2018-06-25	0.002967	0.002919	0.003000	0.002889	0
CYDER_USD	2018-06-24	0.002920	0.002926	0.002963	0.002743	0
CYDER_USD	2018-06-23	0.002922	0.002870	0.002968	0.002857	0
CYDER_USD	2018-06-22	0.002870	0.003189	0.003197	0.002820	0
CYDER_USD	2018-06-21	0.003189	0.003211	0.003223	0.003178	0
CYDER_USD	2018-06-20	0.003211	0.003198	0.003235	0.003116	0
CYDER_USD	2018-06-19	0.003202	0.003188	0.003243	0.003168	0
CYDER_USD	2018-06-18	0.003187	0.003060	0.003223	0.003034	0
CYDER_USD	2018-06-17	0.003058	0.003081	0.003121	0.003053	0
CYDER_USD	2018-06-16	0.003081	0.003033	0.003111	0.003007	0
CYDER_USD	2018-06-15	0.003031	0.003155	0.003155	0.003021	0
CYDER_USD	2018-06-14	0.003149	0.002990	0.003181	0.002979	0
CYDER_USD	2018-06-13	0.002988	0.003108	0.003138	0.002911	0
CYDER_USD	2018-06-12	0.003108	0.003263	0.003263	0.003059	0
CYDER_USD	2018-06-11	0.003265	0.003210	0.003276	0.003153	0
CYDER_USD	2018-06-10	0.003206	0.003562	0.003562	0.003155	0
CYDER_USD	2018-06-09	0.003561	0.003617	0.003650	0.003549	0
CYDER_USD	2018-06-08	0.003617	0.003651	0.003656	0.003583	0
CYDER_USD	2018-06-07	0.003652	0.003636	0.003684	0.003632	0
CYDER_USD	2018-06-06	0.003635	0.003623	0.003655	0.003560	0
CYDER_USD	2018-06-05	0.003620	0.003557	0.003644	0.003502	0
CYDER_USD	2018-06-04	0.003560	0.003669	0.003685	0.003542	0
CYDER_USD	2018-06-03	0.003666	0.003625	0.003693	0.003610	0
CYDER_USD	2018-06-02	0.003628	0.003575	0.003652	0.003541	0
CYDER_USD	2018-06-01	0.003573	0.003556	0.003610	0.003492	0
CYDER_USD	2018-05-31	0.003556	0.003502	0.003610	0.003486	0
CYDER_USD	2018-05-30	0.003503	0.003546	0.003590	0.003458	0
CYDER_USD	2018-05-29	0.003542	0.003374	0.003572	0.003348	0
CYDER_USD	2018-05-28	0.003372	0.003488	0.003529	0.003358	0
CYDER_USD	2018-05-27	0.003486	0.003481	0.003509	0.003431	0
CYDER_USD	2018-05-26	0.003481	0.003542	0.003617	0.003462	0
CYDER_USD	2018-05-25	0.003543	0.003599	0.003632	0.003483	0
CYDER_USD	2018-05-24	0.003597	0.003564	0.003665	0.003451	0
CYDER_USD	2018-05-23	0.003567	0.003789	0.003809	0.003538	0
CYDER_USD	2018-05-22	0.003790	0.003988	0.003992	0.003776	0
CYDER_USD	2018-05-21	0.003988	0.004048	0.004059	0.003972	0
CYDER_USD	2018-05-20	0.004048	0.003914	0.004077	0.003881	0
CYDER_USD	2018-05-19	0.003913	0.003913	0.003986	0.003868	0
CYDER_USD	2018-05-18	0.003913	0.003826	0.003930	0.003766	0
CYDER_USD	2018-05-17	0.003831	0.003965	0.004020	0.003798	0
CYDER_USD	2018-05-16	0.003962	0.004021	0.004032	0.003849	0
CYDER_USD	2018-05-15	0.004021	0.004117	0.004193	0.004002	0
CYDER_USD	2018-05-14	0.004117	0.004125	0.004217	0.003932	0
CYDER_USD	2018-05-13	0.004125	0.004026	0.004158	0.003956	0
CYDER_USD	2018-05-12	0.004016	0.003986	0.004098	0.003898	0
CYDER_USD	2018-05-11	0.003986	0.004284	0.004284	0.003964	0
CYDER_USD	2018-05-10	0.004284	0.004426	0.004460	0.004277	0
CYDER_USD	2018-05-09	0.004426	0.004363	0.004451	0.004265	0
CYDER_USD	2018-05-08	0.004365	0.004445	0.004461	0.000000	0
CYDER_USD	2018-05-07	0.004479	0.004588	0.004596	0.004370	0
CYDER_USD	2018-05-06	0.004588	0.004683	0.004733	0.004491	0
CYDER_USD	2018-05-05	0.004680	0.004611	0.004743	0.004601	0
CYDER_USD	2018-05-04	0.004611	0.004639	0.004661	0.004542	0
CYDER_USD	2018-05-03	0.004641	0.004387	0.004672	0.004357	0
CYDER_USD	2018-05-02	0.004387	0.004306	0.004403	0.004265	0
CYDER_USD	2018-05-01	0.004310	0.004387	0.004388	0.004197	0
CYDER_USD	2018-04-30	0.004387	0.004464	0.004489	0.004330	0
CYDER_USD	2018-04-29	0.004464	0.004436	0.004541	0.004363	0
CYDER_USD	2018-04-28	0.004436	0.004241	0.004481	0.004214	0
CYDER_USD	2018-04-27	0.004241	0.004415	0.004456	0.004229	0
CYDER_USD	2018-04-26	0.004416	0.004216	0.004421	0.004116	0
CYDER_USD	2018-04-25	0.004216	0.004584	0.004634	0.004173	0
CYDER_USD	2018-04-24	0.004595	0.004246	0.004626	0.004242	0
CYDER_USD	2018-04-23	0.004246	0.004180	0.004278	0.004167	0
CYDER_USD	2018-04-22	0.004180	0.004234	0.004287	0.004158	0
CYDER_USD	2018-04-21	0.004234	0.004214	0.004289	0.004094	0
CYDER_USD	2018-04-20	0.004214	0.003930	0.004242	0.003907	0
CYDER_USD	2018-04-19	0.003930	0.003879	0.003941	0.003852	0
CYDER_USD	2018-04-18	0.003879	0.003748	0.003906	0.003741	0
CYDER_USD	2018-04-17	0.003748	0.003827	0.003879	0.003718	0
CYDER_USD	2018-04-16	0.003827	0.003970	0.003992	0.003753	0
CYDER_USD	2018-04-15	0.003970	0.003802	0.004000	0.003802	0
CYDER_USD	2018-04-14	0.003802	0.003743	0.003886	0.003716	0
CYDER_USD	2018-04-13	0.003743	0.003758	0.003907	0.003685	0
CYDER_USD	2018-04-12	0.003759	0.003297	0.003830	0.003212	0
CYDER_USD	2018-04-11	0.003300	0.003249	0.003312	0.003228	0
CYDER_USD	2018-04-10	0.003249	0.003212	0.003273	0.003160	0
CYDER_USD	2018-04-09	0.003211	0.003332	0.003412	0.003141	0
CYDER_USD	2018-04-08	0.003332	0.003272	0.003376	0.003270	0
CYDER_USD	2018-04-07	0.003272	0.003142	0.003355	0.003135	0
CYDER_USD	2018-04-06	0.003142	0.003212	0.003251	0.003091	0
CYDER_USD	2018-04-05	0.003212	0.003224	0.003281	0.003122	0
CYDER_USD	2018-04-04	0.003224	0.003517	0.003523	0.003181	0
CYDER_USD	2018-04-03	0.003517	0.003350	0.003566	0.003334	0
CYDER_USD	2018-04-02	0.003350	0.003235	0.003380	0.003218	0
CYDER_USD	2018-04-01	0.003235	0.003289	0.003339	0.003057	0
CYDER_USD	2018-03-31	0.003289	0.003249	0.003430	0.003227	0
CYDER_USD	2018-03-30	0.003249	0.003369	0.003448	0.003125	0
CYDER_USD	2018-03-29	0.003369	0.003772	0.003782	0.003275	0
CYDER_USD	2018-03-28	0.003772	0.003697	0.003850	0.003672	0
CYDER_USD	2018-03-27	0.003698	0.003859	0.003898	0.003677	0
CYDER_USD	2018-03-26	0.003869	0.004011	0.004034	0.003728	0
CYDER_USD	2018-03-25	0.004011	0.004040	0.004112	0.003978	0
CYDER_USD	2018-03-24	0.004040	0.004229	0.004280	0.004036	0
CYDER_USD	2018-03-23	0.004229	0.004141	0.004229	0.003930	0
CYDER_USD	2018-03-22	0.004141	0.004227	0.004316	0.004027	0
CYDER_USD	2018-03-21	0.004227	0.004226	0.004354	0.004161	0
CYDER_USD	2018-03-20	0.004226	0.004085	0.004287	0.003949	0
CYDER_USD	2018-03-19	0.004096	0.003899	0.004132	0.003853	0
CYDER_USD	2018-03-18	0.003899	0.003738	0.003926	0.003479	0
CYDER_USD	2018-03-17	0.003738	0.003939	0.003962	0.003681	0
CYDER_USD	2018-03-16	0.003939	0.003921	0.004080	0.003754	0
CYDER_USD	2018-03-15	0.003921	0.003888	0.003992	0.003648	0
CYDER_USD	2018-03-14	0.003890	0.004567	0.004676	0.003764	0
CYDER_USD	2018-03-13	0.004567	0.005016	0.005211	0.003679	0
CYDER_USD	2018-03-12	0.005016	0.005563	0.005836	0.004751	0
CYDER_USD	2018-03-11	0.005563	0.005253	0.005730	0.005019	0
CYDER_USD	2018-03-10	0.005253	0.005716	0.005966	0.005212	0
CYDER_USD	2018-03-09	0.005716	0.004975	0.005836	0.004975	0
CYDER_USD	2018-03-08	0.004975	0.005583	0.005743	0.004839	0
CYDER_USD	2018-03-07	0.005583	0.005683	0.005916	0.005207	0
CYDER_USD	2018-03-06	0.005683	0.006663	0.006888	0.005507	0
CYDER_USD	2018-03-05	0.006663	0.008170	0.008257	0.006079	0
CYDER_USD	2018-03-04	0.008163	0.006518	0.009119	0.006491	0
CYDER_USD	2018-03-03	0.006529	0.006614	0.006911	0.005612	0
CYDER_USD	2018-03-02	0.006614	0.005190	0.007458	0.004596	0
