DAI_USD	2019-04-09	0.94000	0.95500	0.95500	0.94000	751
DAI_USD	2019-04-08	0.95500	0.95510	0.95510	0.95340	4077
DAI_USD	2019-04-07	0.95510	0.96570	0.97130	0.95410	4980
DAI_USD	2019-04-06	0.96570	0.96400	0.96850	0.95910	446
DAI_USD	2019-04-05	0.96400	0.97170	0.97170	0.95600	1777
DAI_USD	2019-04-04	0.97170	0.96350	0.97500	0.96260	2037
DAI_USD	2019-04-03	0.96350	0.98680	0.98680	0.96210	2110
DAI_USD	2019-04-02	0.98680	0.99000	0.99000	0.95320	4905
DAI_USD	2019-04-01	0.99000	0.98500	0.99000	0.98500	112
DAI_USD	2019-03-31	0.98500	0.98740	0.98740	0.93450	4424
DAI_USD	2019-03-30	0.98740	0.96200	0.98740	0.96140	280
DAI_USD	2019-03-29	0.96200	0.98780	0.98780	0.96110	103
DAI_USD	2019-03-28	0.98780	0.96000	0.98780	0.96000	590
DAI_USD	2019-03-27	0.96000	0.97490	0.97490	0.96000	444
DAI_USD	2019-03-26	0.97490	0.97430	0.97490	0.97430	253
DAI_USD	2019-03-25	0.97430	0.97720	0.97720	0.97430	419
DAI_USD	2019-03-24	0.97720	0.97130	0.97720	0.97120	428
DAI_USD	2019-03-23	0.97130	0.95000	0.99000	0.95000	4149
DAI_USD	2019-03-22	0.95000	0.97000	0.97000	0.93300	2152
DAI_USD	2019-03-21	0.97000	0.96500	0.97000	0.91170	2618
DAI_USD	2019-03-20	0.96500	0.96510	0.98320	0.96500	2564
DAI_USD	2019-03-19	0.96510	0.97090	0.97090	0.96510	53
DAI_USD	2019-03-18	0.97090	0.96500	0.97090	0.96500	499
DAI_USD	2019-03-17	0.96500	0.99670	0.99670	0.96500	1593
DAI_USD	2019-03-16	0.99670	0.97020	0.99670	0.97020	534
DAI_USD	2019-03-15	0.97020	0.96460	0.99700	0.96460	1127
DAI_USD	2019-03-14	0.96460	0.98900	0.99000	0.96460	139
DAI_USD	2019-03-13	0.98900	0.98460	0.98900	0.98460	17
DAI_USD	2019-03-12	0.98460	0.99000	0.99000	0.95530	1325
DAI_USD	2019-03-11	0.99000	0.96640	0.99000	0.96640	1031
DAI_USD	2019-03-10	0.96640	0.95510	0.96650	0.95350	728
DAI_USD	2019-03-09	0.95510	0.95360	0.96000	0.95350	228
DAI_USD	2019-03-08	0.95360	0.95560	0.95560	0.95360	152
DAI_USD	2019-03-07	0.95560	0.95110	0.96700	0.95110	2977
DAI_USD	2019-03-06	0.95110	0.95490	0.96020	0.94900	213
DAI_USD	2019-03-05	0.95490	0.96240	0.98840	0.94360	458
DAI_USD	2019-03-04	0.96240	0.95000	0.98330	0.87350	720
DAI_USD	2019-03-03	0.95000	0.94750	0.98970	0.78100	490
DAI_USD	2019-03-02	0.98950	0.98950	0.98950	0.98950	0
DAI_USD	2019-03-01	0.98950	0.98040	0.98950	0.98040	2069
DAI_USD	2019-02-28	0.98040	0.98850	0.98960	0.97740	5217
DAI_USD	2019-02-27	0.98850	0.98770	0.98870	0.98100	4675
DAI_USD	2019-02-26	0.98770	0.98900	0.98900	0.98770	1238
DAI_USD	2019-02-25	0.98900	0.98540	0.99090	0.98030	669
DAI_USD	2019-02-24	0.98540	0.98890	0.99900	0.98170	6864
DAI_USD	2019-02-23	0.98890	0.98860	0.98930	0.98360	1174
DAI_USD	2019-02-22	0.98860	1.00070	1.00150	0.98860	10614
DAI_USD	2019-02-21	1.00070	0.98090	1.00480	0.98090	11905
DAI_USD	2019-02-20	0.98090	0.97530	0.99350	0.97530	1704
DAI_USD	2019-02-19	0.97530	0.98830	0.99950	0.97530	3610
DAI_USD	2019-02-18	0.98830	0.98090	0.99990	0.97530	3017
DAI_USD	2019-02-17	0.98090	0.98130	0.98130	0.98090	139
DAI_USD	2019-02-16	0.98130	1.00050	1.00050	0.97950	451
DAI_USD	2019-02-15	1.00050	0.98760	1.00050	0.97910	232
DAI_USD	2019-02-14	0.98760	1.00090	1.00090	0.98010	446
DAI_USD	2019-02-13	1.00090	1.00440	1.00480	1.00090	89
DAI_USD	2019-02-12	1.00440	1.00380	1.00440	1.00380	59
DAI_USD	2019-02-11	1.00380	1.00000	1.00410	1.00000	2736
DAI_USD	2019-02-10	1.00000	0.98940	1.00000	0.98080	4002
DAI_USD	2019-02-09	0.98940	0.97540	0.98940	0.97540	3625
DAI_USD	2019-02-08	0.97540	0.97730	0.97730	0.97540	895
DAI_USD	2019-02-07	0.97730	1.00410	1.00410	0.97730	871
DAI_USD	2019-02-06	1.00410	1.00410	1.00410	1.00410	0
DAI_USD	2019-02-05	1.00410	1.00410	1.00410	1.00410	0
DAI_USD	2019-02-04	0.97500	0.97500	0.97500	0.97500	0
DAI_USD	2019-02-03	0.97500	1.00060	1.00060	0.97500	1144
DAI_USD	2019-02-02	1.00060	0.99980	1.00060	0.97570	3076
DAI_USD	2019-02-01	0.99980	0.99590	0.99980	0.99590	1501
DAI_USD	2019-01-31	0.99590	0.99980	0.99980	0.97120	853
DAI_USD	2019-01-29	0.97040	0.97040	0.97040	0.97040	0
DAI_USD	2019-01-28	0.97040	0.99240	0.99980	0.97030	1311
DAI_USD	2019-01-27	0.99240	0.99880	0.99980	0.97120	1906
DAI_USD	2019-01-26	0.99880	0.99600	0.99980	0.99390	3873
DAI_USD	2019-01-25	0.99600	0.99550	0.99600	0.98520	1338
DAI_USD	2019-01-24	0.99550	0.97120	0.99550	0.97120	1798
DAI_USD	2019-01-23	0.97120	0.97120	0.99540	0.97120	358
DAI_USD	2019-01-22	0.97120	0.99540	0.99540	0.97120	4
DAI_USD	2019-01-21	0.99540	0.99550	0.99550	0.99540	400
DAI_USD	2019-01-20	0.99450	0.99600	0.99600	0.99450	1178
DAI_USD	2019-01-19	0.99600	0.99500	0.99600	0.99000	1611
DAI_USD	2019-01-18	0.99500	0.99590	0.99590	0.99500	579
DAI_USD	2019-01-17	0.99590	0.97120	0.99600	0.97120	815
DAI_USD	2019-01-16	0.97120	0.99990	0.99990	0.97120	237
DAI_USD	2019-01-15	0.99990	0.99990	0.99990	0.97800	808
DAI_USD	2019-01-14	0.99990	0.97010	0.99990	0.97010	237
DAI_USD	2019-01-13	0.97010	0.97010	0.97010	0.97010	0
DAI_USD	2019-01-12	0.97010	0.99000	0.99000	0.97010	47
DAI_USD	2019-01-11	0.99000	0.97900	0.99000	0.97900	879
DAI_USD	2019-01-10	0.97900	0.98970	0.99000	0.97900	360
DAI_USD	2019-01-09	0.98970	1.00000	1.00000	0.98030	11
DAI_USD	2019-01-08	1.00000	0.99000	1.00000	0.97900	273
DAI_USD	2019-01-07	0.99000	0.99000	0.99000	0.98000	491
DAI_USD	2019-01-06	0.99000	0.98230	0.99000	0.98230	143
DAI_USD	2019-01-05	0.98230	1.00000	1.00000	0.98110	535
DAI_USD	2019-01-04	0.98100	0.98100	0.98100	0.98100	0
DAI_USD	2019-01-03	0.98100	0.98110	0.99300	0.98100	940
DAI_USD	2019-01-02	0.98110	0.98110	0.98110	0.98110	0
DAI_USD	2019-01-01	0.98110	0.98110	0.98110	0.98110	0
DAI_USD	2018-12-31	0.98110	0.98110	0.98110	0.98110	0
DAI_USD	2018-12-30	0.98110	0.98100	0.98110	0.98100	80
DAI_USD	2018-12-29	0.98100	0.98800	0.98800	0.98100	2186
DAI_USD	2018-12-28	0.98800	0.97000	1.00110	0.97000	2350
DAI_USD	2018-12-27	0.97000	0.97000	0.97000	0.97000	0
DAI_USD	2018-12-26	0.97000	1.00000	1.00000	0.97000	3196
DAI_USD	2018-12-25	1.00000	0.98580	1.00000	0.97000	3078
DAI_USD	2018-12-24	0.98580	0.98800	0.99880	0.98580	4935
DAI_USD	2018-12-23	0.98800	0.99000	1.00000	0.98500	24351
DAI_USD	2018-12-22	0.99000	1.01760	1.01760	0.99000	12599
DAI_USD	2018-12-21	1.01760	1.00000	1.01760	0.99890	35840
DAI_USD	2018-12-20	1.00000	1.00010	1.00600	1.00000	9408
DAI_USD	2018-12-19	1.00010	1.01670	1.01700	1.00000	20148
DAI_USD	2018-12-18	1.01670	1.01670	1.01840	1.00000	8892
DAI_USD	2018-12-17	1.01670	1.00500	1.02080	1.00500	4060
DAI_USD	2018-12-16	1.00500	1.00060	1.00500	1.00060	4
DAI_USD	2018-12-15	1.00060	1.00060	1.00060	1.00060	0
DAI_USD	2018-12-14	1.00060	1.00080	1.00080	1.00030	439
DAI_USD	2018-12-13	1.00080	1.01730	1.01760	1.00080	7490
DAI_USD	2018-12-12	1.01500	1.00640	1.01500	1.00020	4714
DAI_USD	2018-12-11	1.00640	1.00000	1.00640	1.00000	5455
DAI_USD	2018-12-10	1.00000	0.99600	1.00000	0.99600	3798
DAI_USD	2018-12-09	0.99600	0.99780	1.00000	0.99230	4177
DAI_USD	2018-12-08	0.99780	1.01380	1.01700	0.99780	487
DAI_USD	2018-12-07	1.01380	1.01800	1.01800	0.99750	5178
DAI_USD	2018-12-06	1.01800	0.99500	1.01800	0.99500	281
DAI_USD	2018-12-05	0.99500	0.99700	0.99700	0.99500	4103
DAI_USD	2018-12-04	0.99700	0.99500	1.00000	0.99500	3326
DAI_USD	2018-12-03	0.99500	1.01970	1.01970	0.99500	7514
DAI_USD	2018-12-02	1.01970	0.99960	1.01970	0.99650	3260
DAI_USD	2018-12-01	0.99960	1.00000	1.00390	0.99960	862
DAI_USD	2018-11-30	1.00000	0.99500	1.00120	0.99500	783
DAI_USD	2018-11-29	0.99500	1.01400	1.01400	0.99500	15311
DAI_USD	2018-11-28	1.01400	1.00370	1.01600	1.00100	2474
DAI_USD	2018-11-27	1.00370	1.02800	1.02800	1.00370	3192
DAI_USD	2018-11-26	1.02800	1.03000	1.03000	1.02800	336
DAI_USD	2018-11-25	1.03000	1.03100	1.03400	1.00460	8014
DAI_USD	2018-11-24	1.03100	1.00440	1.03100	1.00440	3259
DAI_USD	2018-11-23	1.00440	1.01000	1.01000	1.00440	364
DAI_USD	2018-11-22	1.01000	1.03700	1.03700	1.01000	365
DAI_USD	2018-11-21	1.03700	1.02080	1.03700	1.02080	13867
DAI_USD	2018-11-20	1.02080	1.00200	1.02080	1.00000	7165
DAI_USD	2018-11-19	1.00200	0.99960	1.02100	0.99960	3718
DAI_USD	2018-11-18	0.99960	1.01950	1.01950	0.99960	27
DAI_USD	2018-11-17	1.01950	1.01250	1.01950	1.01250	13
DAI_USD	2018-11-16	1.01250	0.99200	1.01830	0.99200	5149
DAI_USD	2018-11-15	0.99200	1.02760	1.04000	0.98500	22480
DAI_USD	2018-11-14	1.02760	1.01890	1.03500	0.99500	11266
DAI_USD	2018-11-13	1.01890	1.00830	1.02000	0.99500	7742
DAI_USD	2018-11-12	1.00830	0.99820	1.00830	0.99820	1694
DAI_USD	2018-11-09	0.99820	0.99820	0.99820	0.99820	0
DAI_USD	2018-11-08	0.99820	0.99820	0.99820	0.99820	0
DAI_USD	2018-11-07	0.99820	0.99810	0.99820	0.99810	162
DAI_USD	2018-11-06	0.99810	0.99800	0.99810	0.99800	613
DAI_USD	2018-11-05	0.99800	0.99850	0.99860	0.99800	3171
DAI_USD	2018-11-04	0.99850	0.99900	1.00400	0.99850	2713
DAI_USD	2018-11-03	0.99900	1.00290	1.00290	0.99900	5180
DAI_USD	2018-11-02	1.00290	1.00320	1.00320	0.99700	5009
DAI_USD	2018-11-01	1.00320	1.00440	1.00440	1.00320	4140
DAI_USD	2018-10-31	1.00440	1.00020	1.01550	1.00020	5584
DAI_USD	2018-10-30	1.00020	1.00730	1.01760	1.00020	6195
DAI_USD	2018-10-29	1.00730	1.00110	1.01420	1.00110	5222
DAI_USD	2018-10-28	1.00110	1.00230	1.00230	1.00110	308
DAI_USD	2018-10-27	1.01080	1.01080	1.01080	1.01080	0
DAI_USD	2018-10-26	1.01080	1.02800	1.02800	1.00970	7912
DAI_USD	2018-10-25	1.02800	1.01540	1.02800	1.01210	15307
DAI_USD	2018-10-24	1.01540	1.01900	1.02800	1.01500	62429
DAI_USD	2018-10-23	1.01900	1.02110	1.02110	1.01710	1222
DAI_USD	2018-10-22	1.01030	1.01030	1.01030	1.01030	0
DAI_USD	2018-10-21	1.01030	1.00700	1.01730	1.00700	546
DAI_USD	2018-10-20	1.00700	1.01900	1.01900	1.00040	631
DAI_USD	2018-10-19	1.01900	1.01000	1.03000	1.00000	5337
DAI_USD	2018-10-18	1.01000	1.02070	1.02970	1.01000	5146
DAI_USD	2018-10-17	1.02070	1.03130	1.09000	1.01900	2372
DAI_USD	2018-10-16	1.03130	1.02520	1.03600	1.01000	4376
DAI_USD	2018-10-15	1.02520	0.99990	1.09380	0.99990	19936
DAI_USD	2018-10-14	0.99990	0.99800	1.02000	0.99800	5639
DAI_USD	2018-10-13	0.99800	1.00000	1.01350	0.99500	11419
DAI_USD	2018-10-12	1.00000	0.99500	1.00690	0.99480	1831
DAI_USD	2018-10-11	0.99500	0.99950	1.00500	0.99460	8794
DAI_USD	2018-10-10	0.99950	0.99570	1.00000	0.99550	7045
DAI_USD	2018-10-09	0.99890	0.99890	0.99890	0.99890	0
DAI_USD	2018-10-08	0.99890	1.00000	1.00000	0.99890	709
DAI_USD	2018-10-07	0.99560	0.99560	0.99560	0.99560	0
DAI_USD	2018-10-06	0.99560	1.00000	1.00000	0.99560	1572
DAI_USD	2018-10-05	1.00000	1.00000	1.00000	0.99890	839
DAI_USD	2018-10-04	1.00000	1.00000	1.00130	0.99560	3498
DAI_USD	2018-10-03	1.00000	1.00000	1.00000	0.99210	479
DAI_USD	2018-10-02	1.00000	0.99200	1.00000	0.99200	124
DAI_USD	2018-10-01	0.99200	1.00190	1.00190	0.99200	279
DAI_USD	2018-09-30	1.00190	0.99200	1.00190	0.99200	878
DAI_USD	2018-09-29	0.99200	1.00270	1.00270	0.99200	1248
DAI_USD	2018-09-28	1.00270	1.00300	1.00300	0.99370	3527
DAI_USD	2018-09-27	1.00300	1.00000	1.01500	1.00000	612
DAI_USD	2018-09-26	1.00000	1.00000	1.01500	1.00000	0
DAI_USD	2018-09-25	1.00000	1.00610	1.00680	1.00000	76
DAI_USD	2018-09-24	0.99300	0.99300	0.99300	0.99300	0
DAI_USD	2018-09-23	0.99300	0.99510	1.00730	0.99300	6950
DAI_USD	2018-09-22	0.99510	1.00730	1.00740	0.99510	482
DAI_USD	2018-09-21	1.00730	0.99680	1.00730	0.99510	1313
DAI_USD	2018-09-20	0.99680	1.00000	1.00740	0.99680	497
DAI_USD	2018-09-19	1.00000	1.00010	1.00010	1.00000	17200
DAI_USD	2018-09-18	1.00010	0.99550	1.00880	0.99550	16343
DAI_USD	2018-09-17	0.99550	0.99500	1.00530	0.99500	451
DAI_USD	2018-09-16	0.99500	1.00900	1.00900	0.99500	4374
DAI_USD	2018-09-15	1.00900	1.00980	1.00980	0.99650	3595
DAI_USD	2018-09-14	1.00980	0.99810	1.00980	0.99810	6965
DAI_USD	2018-09-13	0.99810	0.99850	1.00990	0.99810	7719
DAI_USD	2018-09-12	0.99850	1.00760	1.00900	0.99850	1637
DAI_USD	2018-09-11	1.00760	0.99820	1.00770	0.99820	1176
DAI_USD	2018-09-10	0.99820	0.99770	0.99820	0.99770	3351
DAI_USD	2018-09-09	0.99770	0.99770	1.00970	0.99770	3115
DAI_USD	2018-09-08	0.99770	0.99920	1.01000	0.99770	8464
DAI_USD	2018-09-07	0.99920	0.99920	1.01550	0.99920	3784
DAI_USD	2018-09-06	0.99920	1.00900	1.01720	0.99920	7409
DAI_USD	2018-09-05	1.00900	0.99920	1.00900	0.99920	185
DAI_USD	2018-09-04	0.99920	0.99920	1.03000	0.99920	10
DAI_USD	2018-09-03	0.99920	0.99920	0.99920	0.99920	0
DAI_USD	2018-09-02	0.99920	0.99000	1.00500	0.99000	10226
DAI_USD	2018-09-01	0.99000	1.00220	1.00220	0.99000	1979
DAI_USD	2018-08-31	1.00220	1.00450	1.00450	0.99800	24
DAI_USD	2018-08-30	1.00450	1.00500	1.00500	0.99800	2352
DAI_USD	2018-08-29	1.00500	1.00010	1.00500	0.99800	2011
DAI_USD	2018-08-28	1.00010	0.99600	1.00200	0.99600	769
DAI_USD	2018-08-27	0.99600	0.99500	0.99600	0.99500	1
DAI_USD	2018-08-26	0.99500	1.00000	1.00000	0.99500	163
DAI_USD	2018-08-25	1.00000	0.99500	1.00000	0.99500	160
DAI_USD	2018-08-24	0.99500	0.98130	0.99990	0.98130	2470
DAI_USD	2018-08-23	0.98130	0.98280	1.00100	0.98130	883
DAI_USD	2018-08-22	0.98280	0.99640	1.00740	0.98000	948
DAI_USD	2018-08-21	0.99640	0.97810	1.00740	0.97810	42
DAI_USD	2018-08-20	0.97810	0.97520	0.97810	0.97520	240
DAI_USD	2018-08-19	0.97520	0.99700	1.00630	0.97520	207
DAI_USD	2018-08-18	0.99700	0.96010	0.99700	0.96010	152
DAI_USD	2018-08-17	0.96010	0.97710	0.97710	0.96010	59
DAI_USD	2018-08-16	0.97710	0.94400	0.99680	0.94400	89
DAI_USD	2018-08-15	0.94400	0.97980	0.97980	0.93280	40
DAI_USD	2018-08-14	0.97980	0.98510	1.00610	0.93230	170
DAI_USD	2018-08-13	0.98510	0.99550	0.99650	0.94350	695
DAI_USD	2018-08-12	0.99550	0.99280	0.99550	0.93100	1087
DAI_USD	2018-08-11	0.99280	0.99490	0.99490	0.97310	5214
DAI_USD	2018-08-10	0.99490	1.00000	1.00800	0.97260	5255
DAI_USD	2018-08-09	1.00000	0.99250	1.00000	0.99200	1704
DAI_USD	2018-08-08	0.99250	0.99520	0.99580	0.98750	3669
DAI_USD	2018-08-07	0.99520	0.99560	1.03000	0.98770	593
DAI_USD	2018-08-06	0.99560	0.99560	0.99560	0.98770	748
DAI_USD	2018-08-05	0.99560	0.99180	0.99560	0.99180	14
DAI_USD	2018-08-04	0.99180	0.98840	0.99180	0.98770	534
DAI_USD	2018-08-03	0.98840	0.99210	0.99210	0.98840	937
DAI_USD	2018-08-02	0.99210	0.99550	0.99740	0.99210	81
DAI_USD	2018-08-01	0.99550	0.99560	0.99560	0.99250	1566
DAI_USD	2018-07-31	0.99560	0.99000	0.99800	0.99000	800
DAI_USD	2018-07-30	0.99000	0.99000	0.99990	0.99000	3231
DAI_USD	2018-07-29	0.99000	0.99000	0.99000	0.99000	0
DAI_USD	2018-07-28	0.99000	0.99410	0.99410	0.99000	2907
DAI_USD	2018-07-27	0.99410	0.99260	0.99410	0.98760	1689
DAI_USD	2018-07-26	0.99260	0.99400	0.99400	0.98760	3290
DAI_USD	2018-07-25	0.99400	0.99300	0.99400	0.98760	442
DAI_USD	2018-07-24	0.99300	0.99250	0.99400	0.98750	630
DAI_USD	2018-07-23	0.99250	0.98750	0.99500	0.98750	430
DAI_USD	2018-07-22	0.98750	0.98750	0.99390	0.98750	603
DAI_USD	2018-07-21	0.98750	0.98750	0.99500	0.98750	697
DAI_USD	2018-07-20	0.98750	0.98750	0.99500	0.98750	1758
DAI_USD	2018-07-19	0.98750	0.98500	0.98750	0.98500	3189
DAI_USD	2018-07-18	0.98500	0.99390	0.99500	0.98500	4538
DAI_USD	2018-07-17	0.99390	0.99370	0.99500	0.99370	1611
DAI_USD	2018-07-16	0.99370	0.99110	0.99380	0.99110	97
DAI_USD	2018-07-15	0.99110	0.97750	0.99110	0.97750	111
DAI_USD	2018-07-14	0.97750	0.94010	0.99360	0.94010	1822
DAI_USD	2018-07-13	0.94010	0.97690	0.97690	0.94010	769
DAI_USD	2018-07-12	0.97690	0.92930	0.97690	0.92930	684
DAI_USD	2018-07-11	0.92930	0.99480	0.99480	0.92930	18
DAI_USD	2018-07-10	0.99480	0.98990	0.99500	0.97250	12239
DAI_USD	2018-07-09	0.98990	0.99550	0.99550	0.97250	2958
DAI_USD	2018-07-08	0.99550	0.97250	0.99550	0.97250	1577
DAI_USD	2018-07-07	0.97250	0.98940	0.98940	0.97250	1623
DAI_USD	2018-07-06	0.98940	0.97260	0.98940	0.97260	2209
DAI_USD	2018-07-05	0.97260	0.98010	0.98010	0.97250	2188
DAI_USD	2018-07-04	0.98010	0.98520	0.99390	0.98000	149
DAI_USD	2018-07-03	0.98520	0.97010	0.99390	0.97010	1363
DAI_USD	2018-07-02	0.97010	0.97500	0.98100	0.96820	1255
DAI_USD	2018-07-01	0.97500	0.97520	0.97520	0.97500	537
DAI_USD	2018-06-30	0.97520	0.97510	0.99210	0.97510	572
DAI_USD	2018-06-29	0.99210	0.98000	0.99440	0.97500	3432
DAI_USD	2018-06-28	0.98000	0.98000	0.98000	0.98000	0
DAI_USD	2018-06-27	0.98000	0.99550	0.99550	0.98000	1626
DAI_USD	2018-06-26	0.99550	0.99000	0.99560	0.99000	1621
DAI_USD	2018-06-25	0.99580	0.99150	0.99580	0.99000	11337
DAI_USD	2018-06-24	0.99150	0.99000	0.99150	0.98520	17278
DAI_USD	2018-06-23	0.99140	0.99000	0.99250	0.99000	1892
DAI_USD	2018-06-22	0.99000	0.99580	0.99590	0.99000	2811
DAI_USD	2018-06-21	0.99580	0.98750	0.99580	0.98750	8008
DAI_USD	2018-06-20	0.98750	0.99580	0.99580	0.98750	5070
DAI_USD	2018-06-19	0.99580	0.99000	0.99580	0.98500	1925
DAI_USD	2018-06-18	0.98880	0.98880	0.99580	0.98500	1433
DAI_USD	2018-06-17	0.98880	0.99580	0.99580	0.98880	6162
DAI_USD	2018-06-16	0.99250	0.99500	0.99580	0.99250	7328
DAI_USD	2018-06-15	0.99500	0.99100	0.99550	0.99000	27363
DAI_USD	2018-06-14	0.99100	0.98990	0.99300	0.98000	16539
DAI_USD	2018-06-13	0.98990	0.98990	0.98990	0.98000	13657
DAI_USD	2018-06-12	0.98990	0.99000	0.99000	0.97500	5585
DAI_USD	2018-06-11	0.99000	0.99000	0.99000	0.96010	37779
DAI_USD	2018-06-10	0.98270	0.99000	0.99550	0.97510	3399
DAI_USD	2018-06-09	0.99530	0.99250	0.99530	0.97510	1256
DAI_USD	2018-06-08	0.97520	0.99540	0.99550	0.97500	2862
DAI_USD	2018-06-07	0.99540	0.99460	0.99550	0.97600	3001
DAI_USD	2018-06-06	0.99460	0.99210	0.99480	0.97500	1308
DAI_USD	2018-06-05	0.99230	0.97800	0.99230	0.97500	1407
DAI_USD	2018-06-04	0.97800	0.98620	0.99080	0.97800	4398
DAI_USD	2018-06-03	0.98620	0.99520	0.99520	0.93400	440
DAI_USD	2018-06-02	0.99520	0.98070	0.99520	0.91070	1666
DAI_USD	2018-06-01	0.99420	0.99550	0.99550	0.98060	34146
DAI_USD	2018-05-31	0.99550	0.99450	0.99550	0.98640	29576
DAI_USD	2018-05-30	0.99450	0.98640	0.99980	0.98630	5964
DAI_USD	2018-05-29	0.98640	0.99000	0.99980	0.98510	6926
DAI_USD	2018-05-28	0.99000	1.00200	1.00200	0.95000	36048
DAI_USD	2018-05-27	1.00200	0.99250	1.00200	0.99000	4442
DAI_USD	2018-05-26	0.99250	0.99890	1.00200	0.99250	1728
DAI_USD	2018-05-25	0.99250	0.99500	0.99500	0.99250	5524
DAI_USD	2018-05-24	0.99500	0.98780	0.99880	0.91390	5300
DAI_USD	2018-05-23	0.98500	0.99900	1.00870	0.98500	128517
DAI_USD	2018-05-22	0.99900	0.99920	1.01230	0.99850	30925
DAI_USD	2018-05-21	0.99920	0.99910	1.01700	0.99900	28992
DAI_USD	2018-05-20	0.99910	1.00600	1.03000	0.99850	16459
DAI_USD	2018-05-19	1.00600	1.00800	1.01400	0.99850	8436
DAI_USD	2018-05-18	1.00800	0.99810	1.01780	0.99810	29456
DAI_USD	2018-05-17	0.99810	0.99900	1.01000	0.99800	21590
DAI_USD	2018-05-16	1.00500	0.99820	1.01220	0.99800	31737
DAI_USD	2018-05-15	0.99820	0.99820	1.01340	0.99820	19645
DAI_USD	2018-05-14	0.99820	0.99810	1.02270	0.99800	28943
DAI_USD	2018-05-13	1.00000	0.99810	1.00890	0.99800	19881
DAI_USD	2018-05-12	0.99820	1.02630	1.05000	0.99800	119762
DAI_USD	2018-05-11	1.02630	0.99820	1.07900	0.99800	191057
DAI_USD	2018-05-10	0.99820	0.99800	1.00000	0.99800	49102
DAI_USD	2018-05-09	0.99880	0.99800	1.00300	0.99800	35970
DAI_USD	2018-05-08	0.99800	1.00000	1.01600	0.99800	64119
DAI_USD	2018-05-07	1.00160	1.00000	1.04000	0.99540	117487
DAI_USD	2018-05-06	1.00000	0.99800	1.08880	0.99800	198103
DAI_USD	2018-05-05	0.99800	1.00100	1.00910	0.99800	30647
DAI_USD	2018-05-04	1.00100	0.99990	1.00920	0.99800	48482
DAI_USD	2018-05-03	0.99990	1.00000	1.01030	0.99800	57654
DAI_USD	2018-05-02	1.00000	0.99800	1.00900	0.99800	47442
DAI_USD	2018-05-01	0.99800	0.98710	0.99840	0.98710	12089
DAI_USD	2018-04-30	0.99220	0.98710	0.99880	0.98700	34820
DAI_USD	2018-04-29	0.98710	0.99992	1.00002	0.98700	42776
DAI_USD	2018-04-28	0.99992	0.98732	0.99992	0.98702	39383
DAI_USD	2018-04-27	0.98732	0.98812	1.00041	0.97772	52426
DAI_USD	2018-04-26	0.98812	0.98501	0.98952	0.97763	49250
DAI_USD	2018-04-25	0.98501	1.00001	1.00041	0.98501	78304
DAI_USD	2018-04-24	1.00001	0.99891	1.00931	0.98492	68644
DAI_USD	2018-04-23	0.99891	0.98131	1.01490	0.98101	67334
DAI_USD	2018-04-22	0.98131	0.98130	1.06200	0.97660	217009
DAI_USD	2018-04-21	0.98130	0.99392	1.99972	0.98130	313742
DAI_USD	2018-04-20	0.99392	0.99003	1.00611	0.98182	51803
DAI_USD	2018-04-19	0.99003	1.00190	1.02686	0.97861	31989
DAI_USD	2018-04-18	1.00190	0.99453	1.00204	0.99403	7388
DAI_USD	2018-04-17	0.99453	1.00205	1.00207	0.99453	27188
DAI_USD	2018-04-16	1.00205	0.99557	1.00773	0.99555	14888
DAI_USD	2018-04-15	0.99557	0.99430	1.01010	0.99401	11568
DAI_USD	2018-04-14	0.99430	1.00000	1.01119	0.99430	6553
DAI_USD	2018-04-13	1.00000	1.00880	1.06419	0.99780	53603
DAI_USD	2018-04-12	1.00880	0.99191	1.00880	0.96439	12535
DAI_USD	2018-04-11	0.99191	0.99610	1.00510	0.99190	6522
DAI_USD	2018-04-10	0.99610	0.99510	1.00590	0.93168	6575
DAI_USD	2018-04-09	0.99510	1.01549	1.01549	0.91828	14297
DAI_USD	2018-04-08	1.01549	1.02890	1.02890	1.01160	5461
DAI_USD	2018-04-07	1.02890	0.99500	1.18995	0.99190	39746
DAI_USD	2018-04-06	0.99500	0.99502	1.00000	0.99500	5353
DAI_USD	2018-04-05	0.99502	0.99862	0.99862	0.99103	1627
DAI_USD	2018-04-04	0.99862	0.99424	0.99862	0.99424	444
DAI_USD	2018-04-03	0.99424	0.99408	0.99980	0.99407	217
DAI_USD	2018-04-02	0.99408	0.99406	1.00416	0.99406	380
DAI_USD	2018-04-01	0.99406	0.99403	1.00266	0.99403	537
DAI_USD	2018-03-31	0.99403	0.99404	0.99781	0.99402	1026
DAI_USD	2018-03-30	0.99404	0.99400	1.00430	0.99400	713
DAI_USD	2018-03-29	0.99400	0.99412	1.00430	0.99400	6115
DAI_USD	2018-03-28	0.99412	0.99514	0.99852	0.99412	1906
DAI_USD	2018-03-27	0.99514	0.99734	0.99786	0.99513	3700
DAI_USD	2018-03-26	0.99734	1.00009	1.00171	0.99643	3396
DAI_USD	2018-03-25	1.00009	0.99586	1.00145	0.99530	7374
DAI_USD	2018-03-24	0.99586	0.99564	0.99814	0.99497	4236
DAI_USD	2018-03-23	0.99564	0.99445	0.99645	0.99442	4147
DAI_USD	2018-03-22	0.99445	0.99432	1.00312	0.99417	5472
DAI_USD	2018-03-21	0.99432	0.99366	1.00327	0.99278	16030
DAI_USD	2018-03-20	0.99366	1.00440	1.00440	0.99210	8676
DAI_USD	2018-03-19	1.00440	0.99394	1.00450	0.99210	107354
DAI_USD	2018-03-18	0.99394	0.99703	0.99703	0.99393	4842
DAI_USD	2018-03-17	0.99703	0.99709	0.99709	0.99444	4860
DAI_USD	2018-03-16	0.99709	0.99340	0.99710	0.99340	1657
DAI_USD	2018-03-15	0.99340	0.99558	1.00200	0.99340	9834
DAI_USD	2018-03-14	0.99558	0.99630	1.00108	0.99553	10483
DAI_USD	2018-03-13	0.99630	1.00275	1.00275	0.99531	10946
DAI_USD	2018-03-12	1.00275	0.99800	1.01558	0.99500	10542
DAI_USD	2018-03-11	0.99800	1.00999	1.00999	0.99490	2914
DAI_USD	2018-03-10	1.00999	0.99500	1.01599	0.99490	3490
DAI_USD	2018-03-09	0.99500	0.99672	1.00430	0.99490	6639
DAI_USD	2018-03-08	0.99672	1.00001	1.00240	0.99352	14855
DAI_USD	2018-03-07	1.00001	0.99356	1.01198	0.99356	25556
DAI_USD	2018-03-06	0.99356	1.00162	1.00203	0.99356	17412
DAI_USD	2018-03-05	1.00162	0.99814	1.00163	0.99455	11836
DAI_USD	2018-03-04	0.99814	1.00006	1.00006	0.99511	2663
DAI_USD	2018-03-03	1.00006	0.99683	1.00006	0.99508	4371
DAI_USD	2018-03-02	0.99683	0.99449	0.99985	0.99447	3392
DAI_USD	2018-03-01	0.99449	0.99494	1.00002	0.99449	6184
DAI_USD	2018-02-28	0.99494	0.99505	1.00122	0.99353	14267
DAI_USD	2018-02-27	0.99505	0.99319	1.00104	0.99319	10502
DAI_USD	2018-02-26	0.99319	0.99454	0.99984	0.99319	7167
DAI_USD	2018-02-25	0.99454	0.99303	0.99991	0.99224	290
DAI_USD	2018-02-24	0.99303	1.00461	1.00461	0.99303	19251
DAI_USD	2018-02-23	1.00461	0.99691	1.00461	0.99301	3579
DAI_USD	2018-02-22	0.99691	1.00004	1.00300	0.99301	61714
DAI_USD	2018-02-21	1.00004	1.00111	1.00769	0.99715	6270
DAI_USD	2018-02-20	1.00111	0.99430	1.01098	0.99430	17689
DAI_USD	2018-02-19	0.99430	0.99102	1.00151	0.99102	1923
DAI_USD	2018-02-18	0.99102	0.99893	1.00091	0.98903	29987
DAI_USD	2018-02-17	0.99893	0.99401	1.00161	0.99215	11423
DAI_USD	2018-02-16	0.99401	1.00201	1.00460	0.99352	40509
DAI_USD	2018-02-15	1.00201	0.99501	1.00297	0.99401	12232
DAI_USD	2018-02-14	0.99501	1.00789	1.00789	0.99501	13709
DAI_USD	2018-02-13	1.00789	1.00497	1.00806	0.99610	7448
DAI_USD	2018-02-12	1.00497	1.00099	1.00497	0.99999	20673
DAI_USD	2018-02-11	1.00099	1.01369	1.01499	0.91355	36768
DAI_USD	2018-02-10	1.01369	0.99870	1.01559	0.99500	123322
DAI_USD	2018-02-09	0.99870	1.00360	1.01843	0.99720	54059
DAI_USD	2018-02-08	1.00360	0.99794	1.01942	0.99794	47227
DAI_USD	2018-02-07	0.99794	1.02029	1.04393	0.99794	225201
DAI_USD	2018-02-06	1.02029	1.01667	1.21300	0.98740	325179
DAI_USD	2018-02-05	1.01675	0.99858	1.01803	0.98401	64736
DAI_USD	2018-02-04	0.99858	1.00034	1.02892	0.99811	71956
DAI_USD	2018-02-03	1.00034	1.01958	1.08245	0.99804	152940
DAI_USD	2018-02-02	1.01958	0.99621	1.29664	0.99050	368619
