DASH_USD	2019-04-09	130.69	135.19	135.36	129.81	565598
DASH_USD	2019-04-08	135.19	135.10	138.03	129.34	554192
DASH_USD	2019-04-07	135.10	130.78	135.13	130.35	692135
DASH_USD	2019-04-06	130.78	132.61	136.47	129.27	422943
DASH_USD	2019-04-05	132.60	123.42	132.61	123.42	431335
DASH_USD	2019-04-04	123.39	123.81	131.57	120.62	694704
DASH_USD	2019-04-03	123.82	123.63	138.40	120.66	1497431
DASH_USD	2019-04-02	123.63	114.27	125.23	113.20	1406683
DASH_USD	2019-04-01	114.27	110.90	118.98	108.67	1029929
DASH_USD	2019-03-31	110.93	101.54	111.25	100.86	785606
DASH_USD	2019-03-30	101.54	100.06	101.64	97.85	595507
DASH_USD	2019-03-29	100.05	96.76	100.09	96.74	600853
DASH_USD	2019-03-28	96.76	95.60	97.18	93.88	1023450
DASH_USD	2019-03-27	95.59	89.48	96.22	89.37	783623
DASH_USD	2019-03-26	89.48	90.20	90.80	88.71	998884
DASH_USD	2019-03-25	90.20	92.81	93.23	88.77	1098766
DASH_USD	2019-03-24	92.81	93.35	93.81	92.25	1011937
DASH_USD	2019-03-23	93.35	91.22	93.52	90.94	925200
DASH_USD	2019-03-22	91.22	91.13	92.81	90.17	1655185
DASH_USD	2019-03-21	91.12	93.26	94.09	89.40	1155115
DASH_USD	2019-03-20	93.27	91.58	93.58	90.48	1010750
DASH_USD	2019-03-19	91.58	92.32	93.44	91.40	1079332
DASH_USD	2019-03-18	92.32	93.72	96.01	91.92	849493
DASH_USD	2019-03-17	93.72	92.91	94.03	90.93	782117
DASH_USD	2019-03-16	92.91	90.80	93.21	90.69	865495
DASH_USD	2019-03-15	90.80	90.11	92.15	90.04	852593
DASH_USD	2019-03-14	90.11	91.76	91.76	88.67	906917
DASH_USD	2019-03-13	91.76	92.98	95.05	91.06	994655
DASH_USD	2019-03-12	92.98	84.60	93.57	83.63	860064
DASH_USD	2019-03-11	84.60	83.94	84.91	81.50	789457
DASH_USD	2019-03-10	84.07	84.69	84.70	82.11	846923
DASH_USD	2019-03-09	84.68	81.74	85.10	80.86	956554
DASH_USD	2019-03-08	81.70	83.68	84.37	80.76	918616
DASH_USD	2019-03-07	83.64	85.14	85.51	83.13	910413
DASH_USD	2019-03-06	85.10	83.17	85.32	81.24	620321
DASH_USD	2019-03-05	83.17	79.84	84.86	79.73	934620
DASH_USD	2019-03-04	79.82	82.75	83.45	79.01	939962
DASH_USD	2019-03-03	82.74	84.38	85.07	81.67	857479
DASH_USD	2019-03-02	84.38	85.30	85.58	83.20	946279
DASH_USD	2019-03-01	85.31	83.33	86.42	83.28	846513
DASH_USD	2019-02-28	83.31	82.25	84.73	81.85	1220567
DASH_USD	2019-02-27	82.24	82.57	82.86	79.50	1067710
DASH_USD	2019-02-26	82.56	83.71	83.74	81.63	1188828
DASH_USD	2019-02-25	83.71	81.23	84.62	80.02	686410
DASH_USD	2019-02-24	81.22	90.13	93.97	79.11	1139354
DASH_USD	2019-02-23	90.13	87.09	90.56	85.75	744330
DASH_USD	2019-02-22	87.09	85.93	87.65	85.37	901041
DASH_USD	2019-02-21	85.92	87.79	89.02	84.39	825649
DASH_USD	2019-02-20	87.79	87.83	88.71	84.75	882245
DASH_USD	2019-02-19	87.83	86.49	89.98	85.44	920608
DASH_USD	2019-02-18	86.49	80.28	86.93	79.98	1158295
DASH_USD	2019-02-17	80.28	80.21	81.37	78.87	765295
DASH_USD	2019-02-16	80.20	79.43	81.49	79.34	738231
DASH_USD	2019-02-15	79.43	78.71	80.75	77.77	1026518
DASH_USD	2019-02-14	78.71	80.05	80.92	77.35	750011
DASH_USD	2019-02-13	80.05	82.57	82.99	80.05	910196
DASH_USD	2019-02-12	82.56	80.21	83.63	78.54	956008
DASH_USD	2019-02-11	80.21	75.57	82.09	74.55	811992
DASH_USD	2019-02-10	75.57	74.37	75.70	72.57	628623
DASH_USD	2019-02-09	74.37	74.11	75.61	73.01	556940
DASH_USD	2019-02-08	74.11	67.56	74.36	67.09	700589
DASH_USD	2019-02-07	67.56	65.72	68.26	65.62	570747
DASH_USD	2019-02-06	65.71	68.57	69.30	65.52	931723
DASH_USD	2019-02-05	68.57	67.16	69.68	66.70	500925
DASH_USD	2019-02-04	67.14	67.14	67.56	66.58	642955
DASH_USD	2019-02-03	67.13	68.34	68.48	66.35	553427
DASH_USD	2019-02-02	68.34	67.70	68.36	67.19	473306
DASH_USD	2019-02-01	67.70	69.15	69.36	67.70	753476
DASH_USD	2019-01-31	69.15	70.06	70.50	68.78	451214
DASH_USD	2019-01-30	70.06	68.53	71.27	67.13	594861
DASH_USD	2019-01-29	68.50	68.23	69.85	67.13	772373
DASH_USD	2019-01-28	68.23	72.02	72.06	66.79	755817
DASH_USD	2019-01-27	72.00	74.85	74.98	71.80	508328
DASH_USD	2019-01-26	74.85	73.41	75.22	73.09	582677
DASH_USD	2019-01-25	73.41	72.91	74.87	72.67	648109
DASH_USD	2019-01-24	72.90	70.73	74.06	70.31	518892
DASH_USD	2019-01-23	70.72	72.34	74.58	70.09	624976
DASH_USD	2019-01-22	72.34	70.80	73.39	59.58	573449
DASH_USD	2019-01-21	70.80	70.38	71.45	69.95	461457
DASH_USD	2019-01-20	70.38	75.50	75.54	69.29	690891
DASH_USD	2019-01-19	75.46	72.12	76.01	72.06	376426
DASH_USD	2019-01-18	72.11	72.16	72.32	70.62	734883
DASH_USD	2019-01-17	72.15	70.39	72.60	69.72	516735
DASH_USD	2019-01-16	70.34	70.51	71.95	68.98	481528
DASH_USD	2019-01-15	70.51	72.64	73.06	69.32	507874
DASH_USD	2019-01-14	72.64	68.27	74.27	68.27	479676
DASH_USD	2019-01-13	68.27	71.74	72.73	67.44	275790
DASH_USD	2019-01-12	71.74	71.76	73.81	71.13	351653
DASH_USD	2019-01-11	71.76	72.18	74.42	70.56	121080
DASH_USD	2019-01-10	72.18	84.63	86.15	69.98	195104
DASH_USD	2019-01-09	84.63	80.08	86.96	80.08	190915
DASH_USD	2019-01-08	80.08	82.01	82.70	79.10	168398
DASH_USD	2019-01-07	82.01	84.08	85.83	81.13	257247
DASH_USD	2019-01-06	84.08	79.04	84.83	78.43	192931
DASH_USD	2019-01-05	79.04	80.68	81.83	78.19	424161
DASH_USD	2019-01-04	79.51	79.02	82.26	77.45	91056
DASH_USD	2019-01-03	79.02	83.21	85.11	78.47	396381
DASH_USD	2019-01-02	83.26	79.90	83.98	79.60	185348
DASH_USD	2019-01-01	79.90	77.92	80.00	76.76	193503
DASH_USD	2018-12-31	77.89	80.50	82.54	76.74	439732
DASH_USD	2018-12-30	80.50	77.52	82.85	76.95	260762
DASH_USD	2018-12-29	77.53	82.96	84.20	77.13	267769
DASH_USD	2018-12-28	82.57	74.60	83.88	73.66	277481
DASH_USD	2018-12-27	74.60	82.79	83.49	73.44	264501
DASH_USD	2018-12-26	82.79	82.59	86.54	79.26	256517
DASH_USD	2018-12-25	82.59	90.21	91.19	78.18	346164
DASH_USD	2018-12-24	90.22	89.49	102.85	89.49	348498
DASH_USD	2018-12-23	89.49	86.37	91.83	86.32	162388
DASH_USD	2018-12-22	86.37	84.30	92.67	81.67	324670
DASH_USD	2018-12-21	84.30	96.63	96.63	83.26	359262
DASH_USD	2018-12-20	96.63	72.45	100.69	72.18	417479
DASH_USD	2018-12-19	72.49	72.79	80.41	72.47	345054
DASH_USD	2018-12-18	72.79	71.02	73.05	67.54	331108
DASH_USD	2018-12-17	71.02	62.74	73.09	62.74	394053
DASH_USD	2018-12-16	62.74	62.16	66.16	61.40	383281
DASH_USD	2018-12-15	62.16	59.29	65.88	57.26	443011
DASH_USD	2018-12-14	59.29	60.43	62.07	58.43	119783
DASH_USD	2018-12-13	60.43	65.05	66.34	59.71	592352
DASH_USD	2018-12-12	65.05	64.72	67.68	64.61	107787
DASH_USD	2018-12-11	63.58	67.88	70.55	63.21	104102
DASH_USD	2018-12-10	67.88	75.56	78.60	66.22	88098
DASH_USD	2018-12-09	75.56	67.93	76.51	67.66	63426
DASH_USD	2018-12-08	67.96	68.22	71.53	64.00	83531
DASH_USD	2018-12-07	68.22	65.16	68.25	59.10	105090
DASH_USD	2018-12-06	65.19	77.93	79.10	64.11	299626
DASH_USD	2018-12-05	77.90	85.34	86.22	77.48	515809
DASH_USD	2018-12-04	85.34	84.85	88.98	81.93	191298
DASH_USD	2018-12-03	84.85	93.28	93.87	82.79	277747
DASH_USD	2018-12-02	93.27	95.17	97.60	91.14	583676
DASH_USD	2018-12-01	95.17	92.51	97.75	90.67	692169
DASH_USD	2018-11-30	92.50	96.88	98.04	88.54	596649
DASH_USD	2018-11-29	96.88	99.62	100.46	93.92	624910
DASH_USD	2018-11-28	99.61	90.63	103.12	90.63	739943
DASH_USD	2018-11-27	90.63	91.21	94.47	87.22	312197
DASH_USD	2018-11-26	91.21	92.99	96.72	83.60	488749
DASH_USD	2018-11-25	93.07	93.88	95.50	84.90	767904
DASH_USD	2018-11-24	93.88	101.07	105.65	92.04	766418
DASH_USD	2018-11-23	100.97	102.12	103.96	98.01	687058
DASH_USD	2018-11-22	102.08	115.98	118.70	102.03	439896
DASH_USD	2018-11-21	115.98	108.25	116.48	105.40	654550
DASH_USD	2018-11-20	108.25	111.20	116.18	100.87	232764
DASH_USD	2018-11-19	111.20	133.60	133.60	110.89	496690
DASH_USD	2018-11-18	133.60	134.48	138.49	132.72	179101
DASH_USD	2018-11-17	134.48	139.18	139.22	132.44	486126
DASH_USD	2018-11-16	139.18	141.27	143.46	136.48	433949
DASH_USD	2018-11-15	141.30	147.97	148.86	131.03	329033
DASH_USD	2018-11-14	147.97	163.58	166.57	138.07	95695
DASH_USD	2018-11-13	163.58	164.67	166.27	162.70	28625
DASH_USD	2018-11-12	164.67	160.97	169.49	160.88	626690
DASH_USD	2018-11-11	161.01	162.13	162.88	159.49	1419105
DASH_USD	2018-11-10	162.14	160.50	164.87	158.95	1501071
DASH_USD	2018-11-09	160.50	165.54	166.11	160.04	229046
DASH_USD	2018-11-08	165.54	167.71	176.13	165.53	174843
DASH_USD	2018-11-07	167.71	171.33	172.75	165.02	155038
DASH_USD	2018-11-06	171.33	165.26	175.30	165.24	255275
DASH_USD	2018-11-05	165.26	165.95	170.13	163.21	175156
DASH_USD	2018-11-04	165.95	155.90	171.91	152.64	455642
DASH_USD	2018-11-03	155.91	155.77	156.66	154.26	476715
DASH_USD	2018-11-02	155.79	154.45	156.09	153.77	383123
DASH_USD	2018-11-01	154.46	153.27	154.72	152.74	510511
DASH_USD	2018-10-31	153.26	153.76	160.06	152.66	402175
DASH_USD	2018-10-30	153.76	150.65	154.54	150.65	373396
DASH_USD	2018-10-29	150.65	156.88	157.05	149.78	290313
DASH_USD	2018-10-28	156.88	154.10	157.19	154.10	298824
DASH_USD	2018-10-27	154.10	157.06	158.12	154.07	333176
DASH_USD	2018-10-26	157.06	156.86	157.90	154.69	618637
DASH_USD	2018-10-25	156.86	157.76	158.64	156.85	320343
DASH_USD	2018-10-24	157.76	155.78	162.48	155.65	434186
DASH_USD	2018-10-23	155.79	154.51	156.72	154.25	324608
DASH_USD	2018-10-22	154.51	156.66	157.16	154.13	167057
DASH_USD	2018-10-21	156.66	157.33	159.73	156.54	277370
DASH_USD	2018-10-20	157.38	155.09	159.22	154.50	321708
DASH_USD	2018-10-19	155.09	157.55	158.89	154.31	370338
DASH_USD	2018-10-18	157.50	164.30	165.77	156.14	494745
DASH_USD	2018-10-17	164.37	167.70	169.02	163.25	503673
DASH_USD	2018-10-16	167.70	169.19	171.49	164.77	509215
DASH_USD	2018-10-15	169.19	159.18	183.59	157.45	425884
DASH_USD	2018-10-14	159.18	163.82	164.70	158.63	354183
DASH_USD	2018-10-13	163.78	159.03	163.78	158.71	305132
DASH_USD	2018-10-12	159.03	156.75	164.80	153.09	526100
DASH_USD	2018-10-11	156.70	179.80	179.80	156.70	506787
DASH_USD	2018-10-10	179.81	181.73	181.97	177.15	604662
DASH_USD	2018-10-09	181.74	183.03	183.51	179.99	357362
DASH_USD	2018-10-08	183.03	180.94	184.82	178.82	284395
DASH_USD	2018-10-07	181.02	181.17	182.65	177.58	444349
DASH_USD	2018-10-06	181.16	182.98	188.69	180.61	382668
DASH_USD	2018-10-05	183.02	181.92	184.01	179.41	340636
DASH_USD	2018-10-04	181.90	178.12	182.63	177.98	432067
DASH_USD	2018-10-03	178.12	182.15	182.24	176.12	415576
DASH_USD	2018-10-02	182.15	187.40	188.08	180.14	500063
DASH_USD	2018-10-01	187.40	187.30	189.40	184.09	699676
DASH_USD	2018-09-30	187.29	188.43	190.47	185.54	564495
DASH_USD	2018-09-29	188.47	187.23	191.28	183.71	412537
DASH_USD	2018-09-28	187.23	194.89	196.65	185.57	266580
DASH_USD	2018-09-27	194.89	184.64	197.68	183.52	360913
DASH_USD	2018-09-26	184.64	190.49	193.42	182.85	365246
DASH_USD	2018-09-25	190.45	198.20	198.26	180.12	339506
DASH_USD	2018-09-24	198.20	205.15	206.18	192.19	305781
DASH_USD	2018-09-23	205.12	204.87	211.98	202.51	238863
DASH_USD	2018-09-22	204.87	208.55	214.18	198.72	437963
DASH_USD	2018-09-21	208.55	199.28	212.47	198.97	508470
DASH_USD	2018-09-20	199.30	191.18	200.88	187.50	431450
DASH_USD	2018-09-19	191.18	190.43	196.53	184.26	580051
DASH_USD	2018-09-18	190.43	183.43	192.01	177.03	743186
DASH_USD	2018-09-17	183.49	191.87	199.01	179.09	772823
DASH_USD	2018-09-16	191.87	191.64	193.46	184.62	648326
DASH_USD	2018-09-15	191.64	190.97	194.92	186.62	384968
DASH_USD	2018-09-14	190.96	191.91	199.74	185.27	397022
DASH_USD	2018-09-13	191.94	185.18	201.90	181.13	453327
DASH_USD	2018-09-12	185.19	187.68	187.74	171.54	491759
DASH_USD	2018-09-11	187.68	200.46	205.82	180.90	201616
DASH_USD	2018-09-10	200.45	192.44	206.73	192.44	425339
DASH_USD	2018-09-09	192.44	185.98	198.37	175.58	508813
DASH_USD	2018-09-08	185.97	186.48	201.20	182.88	496503
DASH_USD	2018-09-07	186.48	181.15	193.41	170.34	626111
DASH_USD	2018-09-06	181.16	173.15	181.63	160.04	614079
DASH_USD	2018-09-05	173.11	217.02	221.46	169.86	435993
DASH_USD	2018-09-04	217.02	217.26	220.63	212.95	251412
DASH_USD	2018-09-03	217.42	213.40	222.47	204.83	400031
DASH_USD	2018-09-02	213.37	222.64	222.82	206.29	514689
DASH_USD	2018-09-01	222.64	194.32	223.68	194.31	450983
DASH_USD	2018-08-31	194.32	184.84	195.12	182.91	326445
DASH_USD	2018-08-30	184.84	187.08	187.45	174.18	328431
DASH_USD	2018-08-29	187.10	193.78	201.39	185.92	434059
DASH_USD	2018-08-28	193.79	183.74	202.33	171.22	717047
DASH_USD	2018-08-27	183.68	141.50	190.79	140.31	784185
DASH_USD	2018-08-26	141.50	144.86	145.32	138.25	390108
DASH_USD	2018-08-25	144.86	145.02	146.37	141.47	815610
DASH_USD	2018-08-24	145.01	140.50	146.07	136.21	606391
DASH_USD	2018-08-23	140.46	136.49	141.38	135.06	755319
DASH_USD	2018-08-22	136.47	141.62	153.62	134.88	673644
DASH_USD	2018-08-21	141.62	141.52	146.23	138.24	786902
DASH_USD	2018-08-20	141.56	154.39	157.86	141.20	541739
DASH_USD	2018-08-19	154.38	151.67	160.83	148.35	637400
DASH_USD	2018-08-18	151.67	167.58	170.15	145.75	681867
DASH_USD	2018-08-17	167.49	151.13	167.56	151.13	951956
DASH_USD	2018-08-16	151.11	153.47	159.69	148.44	429844
DASH_USD	2018-08-15	153.47	138.19	162.18	138.19	461586
DASH_USD	2018-08-14	138.19	144.34	144.36	132.15	494168
DASH_USD	2018-08-13	144.34	168.00	170.46	143.40	504942
DASH_USD	2018-08-12	168.00	164.97	170.13	162.96	399034
DASH_USD	2018-08-11	164.97	168.72	171.61	162.07	449065
DASH_USD	2018-08-10	168.72	183.37	189.00	166.78	403584
DASH_USD	2018-08-09	183.37	173.40	192.02	171.77	420292
DASH_USD	2018-08-08	173.40	187.29	190.30	169.76	713599
DASH_USD	2018-08-07	187.29	199.18	206.47	186.95	624592
DASH_USD	2018-08-06	199.18	206.74	211.78	199.03	884082
DASH_USD	2018-08-05	206.74	202.70	208.09	200.72	618889
DASH_USD	2018-08-04	202.70	211.20	214.51	200.98	630841
DASH_USD	2018-08-03	211.20	210.41	212.93	202.98	549623
DASH_USD	2018-08-02	210.50	219.48	222.52	205.74	260240
DASH_USD	2018-08-01	219.48	218.34	224.50	213.28	185819
DASH_USD	2018-07-31	218.34	235.73	235.79	213.51	194337
DASH_USD	2018-07-30	235.73	239.81	240.33	230.74	1368660
DASH_USD	2018-07-29	239.81	242.00	243.46	237.49	70913
DASH_USD	2018-07-28	241.90	244.25	245.48	239.32	174349
DASH_USD	2018-07-27	244.25	242.09	255.36	235.75	207770
DASH_USD	2018-07-26	242.07	245.32	250.45	241.57	333595
DASH_USD	2018-07-25	245.18	253.73	257.04	239.87	294597
DASH_USD	2018-07-24	253.73	241.86	256.96	239.04	117744
DASH_USD	2018-07-23	241.89	250.74	260.04	240.42	269278
DASH_USD	2018-07-22	250.74	256.19	261.95	247.67	340238
DASH_USD	2018-07-21	256.19	248.14	257.91	239.31	174554
DASH_USD	2018-07-20	248.19	260.50	283.97	246.89	264740
DASH_USD	2018-07-19	260.51	265.39	272.56	255.56	414851
DASH_USD	2018-07-18	265.39	260.24	272.65	257.76	586807
DASH_USD	2018-07-17	260.24	247.32	266.46	240.81	395477
DASH_USD	2018-07-16	247.32	238.51	254.44	233.04	244550
DASH_USD	2018-07-15	238.63	231.41	243.39	230.47	77961
DASH_USD	2018-07-14	231.13	219.55	233.66	216.96	36921
DASH_USD	2018-07-13	219.56	213.31	245.29	211.97	161546
DASH_USD	2018-07-12	213.21	218.89	218.89	207.31	440889
DASH_USD	2018-07-11	218.88	220.45	226.13	213.63	417046
DASH_USD	2018-07-10	220.46	232.92	233.86	218.72	361527
DASH_USD	2018-07-09	232.91	244.26	246.01	230.61	250038
DASH_USD	2018-07-08	244.24	249.29	251.67	242.01	144847
DASH_USD	2018-07-07	249.29	245.03	249.62	239.21	28603
DASH_USD	2018-07-06	245.06	243.39	245.30	236.85	28898
DASH_USD	2018-07-05	243.39	246.46	252.72	240.32	29580
DASH_USD	2018-07-04	246.31	242.09	253.86	231.49	36507
DASH_USD	2018-07-03	242.11	250.00	261.20	241.23	30213
DASH_USD	2018-07-02	250.00	236.52	254.87	220.29	30400
DASH_USD	2018-07-01	236.59	239.93	241.30	231.32	18026
DASH_USD	2018-06-30	239.97	236.41	246.92	232.32	30410
DASH_USD	2018-06-29	236.39	221.76	239.38	218.89	32057
DASH_USD	2018-06-28	221.76	229.90	230.48	219.24	21169
DASH_USD	2018-06-27	229.90	232.13	232.25	225.48	21262
DASH_USD	2018-06-26	232.16	242.15	242.32	223.50	28321
DASH_USD	2018-06-25	242.15	237.99	247.53	219.75	120443
DASH_USD	2018-06-24	238.06	245.60	246.73	227.83	119130
DASH_USD	2018-06-23	245.60	238.13	249.64	237.39	29965
DASH_USD	2018-06-22	238.07	262.48	262.64	234.02	38726
DASH_USD	2018-06-21	262.42	266.49	270.11	259.89	20417
DASH_USD	2018-06-20	266.44	262.20	266.72	254.72	23362
DASH_USD	2018-06-19	262.20	265.84	272.04	259.43	33562
DASH_USD	2018-06-18	265.83	267.08	268.79	252.96	29818
DASH_USD	2018-06-17	267.08	268.50	273.37	264.86	25559
DASH_USD	2018-06-16	268.50	257.35	270.51	257.17	26534
DASH_USD	2018-06-15	257.33	269.52	271.64	256.42	26645
DASH_USD	2018-06-14	269.38	247.63	273.86	247.21	34421
DASH_USD	2018-06-13	247.59	262.07	263.58	242.76	32811
DASH_USD	2018-06-12	262.15	272.07	277.87	260.31	37847
DASH_USD	2018-06-11	272.06	271.09	276.79	258.05	29988
DASH_USD	2018-06-10	271.09	299.65	299.72	269.45	46400
DASH_USD	2018-06-09	299.65	312.89	314.64	298.70	27974
DASH_USD	2018-06-08	313.31	316.70	318.15	304.79	23350
DASH_USD	2018-06-07	316.68	315.72	319.71	314.65	28523
DASH_USD	2018-06-06	315.57	319.09	320.09	308.65	31700
DASH_USD	2018-06-05	318.97	318.36	322.30	308.83	34207
DASH_USD	2018-06-04	318.36	330.77	334.85	312.46	34320
DASH_USD	2018-06-03	330.84	323.16	336.92	323.12	27748
DASH_USD	2018-06-02	323.10	316.81	327.80	311.51	36919
DASH_USD	2018-06-01	316.83	306.83	317.62	303.21	31981
DASH_USD	2018-05-31	306.87	307.16	316.62	303.15	28678
DASH_USD	2018-05-30	307.16	318.12	321.92	299.51	26478
DASH_USD	2018-05-29	318.09	289.03	322.56	286.75	39118
DASH_USD	2018-05-28	288.96	318.23	324.24	287.78	32292
DASH_USD	2018-05-27	318.22	325.26	325.43	315.73	30157
DASH_USD	2018-05-26	325.39	340.69	341.91	325.19	26654
DASH_USD	2018-05-25	340.63	346.62	348.73	331.69	31220
DASH_USD	2018-05-24	346.54	342.66	351.53	328.80	29801
DASH_USD	2018-05-23	342.67	359.86	360.60	333.82	32572
DASH_USD	2018-05-22	359.86	385.76	386.73	358.21	26796
DASH_USD	2018-05-21	385.76	402.24	403.22	385.22	24376
DASH_USD	2018-05-20	402.18	386.02	404.83	383.94	40239
DASH_USD	2018-05-19	386.07	395.08	404.22	383.83	53132
DASH_USD	2018-05-18	395.11	389.18	397.07	374.75	46628
DASH_USD	2018-05-17	389.14	413.48	419.66	386.84	40699
DASH_USD	2018-05-16	413.48	428.32	428.64	397.47	33721
DASH_USD	2018-05-15	428.32	433.11	453.06	423.51	40506
DASH_USD	2018-05-14	433.13	418.15	452.20	389.99	44234
DASH_USD	2018-05-13	418.15	406.74	422.72	396.54	34924
DASH_USD	2018-05-12	406.43	393.54	412.20	380.16	25971
DASH_USD	2018-05-11	393.52	419.95	431.86	388.93	47860
DASH_USD	2018-05-10	419.96	443.71	462.40	419.00	46210
DASH_USD	2018-05-09	443.86	443.40	447.75	413.73	46974
DASH_USD	2018-05-08	443.64	463.79	465.46	437.50	40426
DASH_USD	2018-05-07	463.14	486.51	487.19	447.75	48318
DASH_USD	2018-05-06	486.45	509.33	525.47	481.22	39260
DASH_USD	2018-05-05	509.44	488.27	512.74	486.40	48182
DASH_USD	2018-05-04	488.27	504.58	504.58	478.88	51050
DASH_USD	2018-05-03	504.83	487.99	514.54	482.40	52633
DASH_USD	2018-05-02	487.99	479.17	489.10	466.69	45314
DASH_USD	2018-05-01	479.20	473.64	486.58	456.04	39069
DASH_USD	2018-04-30	473.64	499.20	501.25	471.52	42052
DASH_USD	2018-04-29	499.27	497.42	509.93	477.60	36848
DASH_USD	2018-04-28	497.42	471.94	504.61	470.60	40721
DASH_USD	2018-04-27	472.17	504.45	505.12	469.86	52180
DASH_USD	2018-04-26	504.74	463.44	504.98	450.22	55987
DASH_USD	2018-04-25	463.44	525.43	526.12	448.93	63546
DASH_USD	2018-04-24	525.34	506.09	543.24	505.53	69449
DASH_USD	2018-04-23	506.05	468.21	527.42	461.85	81554
DASH_USD	2018-04-22	468.42	445.09	481.01	439.76	49765
DASH_USD	2018-04-21	445.03	461.63	462.91	426.60	50641
DASH_USD	2018-04-20	461.76	432.79	464.78	425.99	70998
DASH_USD	2018-04-19	432.48	422.23	435.80	409.18	73099
DASH_USD	2018-04-18	422.20	365.23	424.21	363.75	88642
DASH_USD	2018-04-17	365.25	364.93	380.08	360.37	60973
DASH_USD	2018-04-16	364.94	382.53	382.70	354.67	63237
DASH_USD	2018-04-15	382.53	357.80	387.53	357.80	71902
DASH_USD	2018-04-14	357.80	353.36	376.14	351.79	63082
DASH_USD	2018-04-13	353.34	357.42	392.12	347.53	75687
DASH_USD	2018-04-12	357.39	310.40	357.39	305.99	79788
DASH_USD	2018-04-11	310.40	301.01	310.89	296.82	68433
DASH_USD	2018-04-10	301.02	299.69	302.40	293.08	63694
DASH_USD	2018-04-09	299.71	312.93	323.82	294.32	60359
DASH_USD	2018-04-08	312.93	299.42	316.58	299.42	20727
DASH_USD	2018-04-07	299.42	287.83	311.48	286.39	35986
DASH_USD	2018-04-06	287.83	302.04	303.98	285.10	46589
DASH_USD	2018-04-05	301.94	300.84	305.57	289.94	54775
DASH_USD	2018-04-04	300.83	340.54	341.30	297.61	75265
DASH_USD	2018-04-03	340.42	313.66	343.42	312.24	77170
DASH_USD	2018-04-02	313.66	292.96	313.83	288.55	76653
DASH_USD	2018-04-01	292.96	306.51	312.54	286.47	83450
DASH_USD	2018-03-31	306.50	311.89	329.41	303.60	66474
DASH_USD	2018-03-30	311.89	329.81	335.92	303.58	92764
DASH_USD	2018-03-29	329.93	350.00	352.10	317.20	91118
DASH_USD	2018-03-28	350.09	354.48	368.31	346.94	128575
DASH_USD	2018-03-27	354.48	388.41	392.58	353.47	84525
DASH_USD	2018-03-26	388.44	411.21	414.52	371.62	111756
DASH_USD	2018-03-25	411.16	421.22	423.03	408.09	97656
DASH_USD	2018-03-24	421.72	431.66	460.73	420.99	106898
DASH_USD	2018-03-23	431.66	412.11	432.02	391.38	100146
DASH_USD	2018-03-22	412.11	433.99	439.04	397.96	69740
DASH_USD	2018-03-21	434.45	428.98	451.93	421.53	109914
DASH_USD	2018-03-20	428.98	413.23	444.09	397.96	89332
DASH_USD	2018-03-19	413.21	394.08	413.36	367.09	90538
DASH_USD	2018-03-18	394.86	388.04	394.88	342.04	99846
DASH_USD	2018-03-17	388.04	425.16	428.80	382.35	81170
DASH_USD	2018-03-16	425.04	418.61	433.84	403.38	76438
DASH_USD	2018-03-15	417.79	426.84	433.40	393.04	78550
DASH_USD	2018-03-14	426.79	488.37	494.08	417.16	81176
DASH_USD	2018-03-13	488.39	500.60	514.34	479.53	56085
DASH_USD	2018-03-12	499.84	528.73	547.08	484.81	55880
DASH_USD	2018-03-11	528.76	482.70	549.81	467.93	72173
DASH_USD	2018-03-10	482.69	498.81	527.69	477.88	69901
DASH_USD	2018-03-09	498.81	491.13	500.83	440.43	70241
DASH_USD	2018-03-08	491.12	511.69	531.52	485.26	67255
DASH_USD	2018-03-07	511.78	577.62	589.60	504.48	67468
DASH_USD	2018-03-06	577.62	613.26	613.26	562.65	74327
DASH_USD	2018-03-05	613.77	619.88	622.46	607.17	74108
DASH_USD	2018-03-04	619.86	610.92	622.48	594.36	73140
DASH_USD	2018-03-03	610.92	604.49	616.88	595.02	65832
DASH_USD	2018-03-02	604.56	617.46	621.60	595.36	58591
DASH_USD	2018-03-01	617.40	584.48	623.18	581.79	58495
DASH_USD	2018-02-28	585.04	611.72	603.69	583.82	54848
DASH_USD	2018-02-27	611.86	621.21	645.11	606.71	35432
DASH_USD	2018-02-26	620.89	590.05	629.74	578.29	28269
DASH_USD	2018-02-25	589.72	591.67	600.59	576.87	31062
DASH_USD	2018-02-24	591.67	628.12	641.77	576.26	40646
DASH_USD	2018-02-23	628.50	628.39	651.04	603.64	39380
DASH_USD	2018-02-22	628.48	662.60	681.09	593.74	47413
DASH_USD	2018-02-21	662.25	685.73	718.29	658.46	56207
DASH_USD	2018-02-20	681.61	726.36	735.21	679.71	51552
DASH_USD	2018-02-19	726.36	685.81	731.60	684.01	39424
DASH_USD	2018-02-18	685.74	738.54	742.78	665.55	47439
DASH_USD	2018-02-17	738.54	694.46	746.83	690.75	40391
DASH_USD	2018-02-16	694.86	697.41	718.97	675.41	41072
DASH_USD	2018-02-15	697.59	676.90	701.49	657.72	46231
DASH_USD	2018-02-14	676.74	595.87	682.26	594.92	51870
DASH_USD	2018-02-13	596.00	622.67	626.37	583.48	33912
DASH_USD	2018-02-12	622.67	580.63	627.23	579.87	36225
DASH_USD	2018-02-11	580.63	633.52	634.13	562.17	41638
DASH_USD	2018-02-10	633.52	637.28	669.33	603.33	51039
DASH_USD	2018-02-09	637.38	608.79	638.83	582.82	44926
DASH_USD	2018-02-08	608.94	522.87	613.05	522.58	36566
DASH_USD	2018-02-07	522.64	524.12	584.48	490.41	40490
DASH_USD	2018-02-06	523.71	454.79	535.23	386.05	60374
DASH_USD	2018-02-05	455.15	548.87	557.83	436.23	44256
DASH_USD	2018-02-04	549.10	639.98	654.48	536.97	32464
DASH_USD	2018-02-03	639.93	595.53	649.21	537.36	29032
DASH_USD	2018-02-02	595.40	620.96	622.90	454.68	68761
DASH_USD	2018-02-01	620.73	705.04	712.39	591.01	38203
DASH_USD	2018-01-31	705.02	688.41	705.64	663.20	28770
DASH_USD	2018-01-30	688.41	774.23	788.16	682.91	37275
DASH_USD	2018-01-29	768.41	821.80	827.60	749.00	42734
DASH_USD	2018-01-28	821.80	775.90	825.42	765.03	48787
DASH_USD	2018-01-27	775.50	779.00	787.98	746.94	39194
DASH_USD	2018-01-26	779.00	788.46	815.00	730.21	55692
DASH_USD	2018-01-25	788.40	785.00	823.88	780.00	46553
DASH_USD	2018-01-24	785.00	756.20	791.60	720.11	44946
DASH_USD	2018-01-23	753.90	756.89	798.90	682.97	77498
DASH_USD	2018-01-22	756.89	818.51	842.39	700.00	59875
DASH_USD	2018-01-21	814.75	921.50	925.56	790.00	61953
DASH_USD	2018-01-20	919.00	838.38	957.99	829.21	73136
DASH_USD	2018-01-19	838.38	815.00	863.29	776.45	68079
DASH_USD	2018-01-18	815.00	790.44	885.93	740.00	136539
DASH_USD	2018-01-17	790.44	736.00	825.00	610.10	215499
DASH_USD	2018-01-16	736.00	928.60	929.89	623.27	318646
DASH_USD	2018-01-15	928.60	992.20	1,031.70	925.90	86279
DASH_USD	2018-01-14	992.20	1,093.30	1,107.50	969.05	83832
DASH_USD	2018-01-13	1,093.30	1,043.20	1,128.60	1,043.20	77638
DASH_USD	2018-01-12	1,043.20	995.00	1,062.60	960.00	75522
DASH_USD	2018-01-11	995.00	1,093.30	1,103.90	950.00	109514
DASH_USD	2018-01-10	1,093.30	1,102.10	1,108.60	1,017.20	101842
DASH_USD	2018-01-09	1,102.10	1,075.80	1,130.00	1,032.90	102614
DASH_USD	2018-01-08	1,075.80	1,157.90	1,185.80	967.08	121475
DASH_USD	2018-01-07	1,157.90	1,156.30	1,247.30	1,151.00	121442
DASH_USD	2018-01-06	1,156.30	1,079.80	1,183.90	1,057.60	97776
DASH_USD	2018-01-05	1,079.80	1,118.00	1,160.00	1,057.50	108147
DASH_USD	2018-01-04	1,118.00	1,131.40	1,200.00	1,032.30	124275
DASH_USD	2018-01-03	1,131.40	1,162.90	1,171.70	1,087.00	86738
DASH_USD	2018-01-02	1,162.90	1,018.40	1,195.40	1,018.40	104350
DASH_USD	2018-01-01	1,018.40	1,010.90	1,038.60	967.00	40645
DASH_USD	2017-12-31	1,010.90	940.10	1,053.80	920.01	60956
DASH_USD	2017-12-30	940.10	1,087.90	1,094.80	870.00	114682
DASH_USD	2017-12-29	1,087.90	1,098.90	1,144.40	1,017.60	78299
DASH_USD	2017-12-28	1,098.90	1,130.50	1,138.40	982.41	79895
DASH_USD	2017-12-27	1,130.50	1,180.80	1,209.90	1,100.00	71383
DASH_USD	2017-12-26	1,180.80	1,103.60	1,183.00	1,100.40	56739
DASH_USD	2017-12-25	1,103.60	1,091.10	1,177.20	1,055.30	58447
DASH_USD	2017-12-24	1,091.10	1,159.00	1,160.70	950.00	108506
DASH_USD	2017-12-23	1,159.00	1,080.00	1,253.00	1,067.40	172603
DASH_USD	2017-12-22	1,080.00	1,345.90	1,369.10	801.00	382491
DASH_USD	2017-12-21	1,345.90	1,432.50	1,519.00	1,281.40	207004
DASH_USD	2017-12-20	1,432.50	1,137.10	1,568.70	1,094.40	362555
DASH_USD	2017-12-19	1,137.10	1,141.60	1,223.40	1,072.60	165844
DASH_USD	2017-12-18	1,141.60	1,084.90	1,190.00	1,014.70	155473
DASH_USD	2017-12-17	1,084.90	990.00	1,157.30	989.02	281165
DASH_USD	2017-12-16	990.00	891.09	990.00	881.10	95598
DASH_USD	2017-12-15	891.09	927.40	940.00	828.00	121044
DASH_USD	2017-12-14	927.40	876.25	982.34	840.00	167994
DASH_USD	2017-12-13	876.25	926.99	945.00	784.21	217459
DASH_USD	2017-12-12	926.99	760.79	948.13	730.00	200374
DASH_USD	2017-12-11	760.79	676.78	762.85	675.53	107957
DASH_USD	2017-12-10	676.78	703.08	704.38	625.31	154347
DASH_USD	2017-12-09	703.08	699.31	750.00	688.98	174658
DASH_USD	2017-12-08	699.31	659.76	745.59	620.00	253053
DASH_USD	2017-12-07	659.76	664.06	689.19	617.37	180326
DASH_USD	2017-12-06	664.06	729.89	763.99	641.51	194320
DASH_USD	2017-12-05	729.89	766.00	768.79	728.00	99467
DASH_USD	2017-12-04	766.00	759.94	770.50	724.67	83513
DASH_USD	2017-12-03	759.94	764.43	810.73	719.27	136606
DASH_USD	2017-12-02	764.43	783.45	793.47	750.00	108590
DASH_USD	2017-12-01	783.45	757.06	794.89	728.65	182986
DASH_USD	2017-11-30	757.06	661.34	811.61	643.51	397981
DASH_USD	2017-11-29	661.34	607.72	766.06	580.06	371157
DASH_USD	2017-11-28	607.72	623.60	630.91	600.00	108657
DASH_USD	2017-11-27	623.60	636.94	642.00	598.14	103522
DASH_USD	2017-11-26	636.94	636.94	636.94	636.94	0
DASH_USD	2017-11-25	636.94	561.06	655.74	559.79	203700
DASH_USD	2017-11-24	561.06	560.74	568.92	541.11	91650
DASH_USD	2017-11-23	560.74	573.36	584.36	547.00	160194
DASH_USD	2017-11-22	573.36	493.13	596.87	492.12	284894
DASH_USD	2017-11-21	493.13	475.89	525.00	451.53	275615
DASH_USD	2017-11-20	474.63	442.30	496.80	437.00	74648
DASH_USD	2017-11-19	442.30	454.00	455.00	423.94	88654
DASH_USD	2017-11-18	454.00	423.80	477.99	421.00	206416
DASH_USD	2017-11-17	423.80	420.20	444.93	411.00	139283
DASH_USD	2017-11-16	420.20	422.00	426.98	408.78	112112
DASH_USD	2017-11-15	422.00	422.46	441.49	408.54	107621
DASH_USD	2017-11-14	422.46	421.33	439.95	400.00	146474
DASH_USD	2017-11-13	421.33	483.80	494.53	394.01	367898
DASH_USD	2017-11-12	483.80	342.28	493.00	310.00	452525
DASH_USD	2017-11-11	342.28	328.71	350.51	315.13	125434
DASH_USD	2017-11-10	328.71	325.94	352.41	305.12	210129
DASH_USD	2017-11-09	325.94	314.48	338.00	310.21	165267
DASH_USD	2017-11-08	314.48	288.76	316.95	285.00	178741
DASH_USD	2017-11-07	288.76	272.62	303.00	272.62	150522
DASH_USD	2017-11-06	272.62	271.45	279.69	264.31	63661
DASH_USD	2017-11-05	271.45	273.23	275.98	268.51	30744
DASH_USD	2017-11-04	273.23	276.07	280.00	257.10	87674
DASH_USD	2017-11-03	276.07	264.46	280.99	252.18	91784
DASH_USD	2017-11-02	264.46	269.20	271.94	247.59	99652
DASH_USD	2017-11-01	269.20	277.00	279.20	269.02	49039
DASH_USD	2017-10-31	277.00	284.71	286.58	277.00	37621
DASH_USD	2017-10-30	284.71	284.26	288.50	281.58	30660
DASH_USD	2017-10-29	284.26	273.36	290.00	272.89	58346
DASH_USD	2017-10-28	273.36	281.00	286.73	257.36	102385
DASH_USD	2017-10-27	281.00	285.88	288.00	277.12	43579
DASH_USD	2017-10-26	285.88	286.01	290.00	275.45	57086
DASH_USD	2017-10-25	286.01	290.20	297.96	280.41	36719
DASH_USD	2017-10-24	290.20	278.71	300.99	270.32	107727
DASH_USD	2017-10-23	278.71	274.51	289.12	261.11	74934
DASH_USD	2017-10-22	274.51	275.49	284.07	256.51	103706
DASH_USD	2017-10-21	275.49	287.20	291.95	270.00	55933
DASH_USD	2017-10-20	287.20	293.33	301.96	286.51	62087
DASH_USD	2017-10-19	293.33	296.07	299.99	290.00	20451
DASH_USD	2017-10-18	296.07	298.38	300.00	277.50	65145
DASH_USD	2017-10-17	298.38	302.37	302.50	295.00	64148
DASH_USD	2017-10-16	302.37	308.84	313.08	295.57	68359
DASH_USD	2017-10-15	308.84	316.81	317.51	290.00	68460
DASH_USD	2017-10-14	316.81	309.53	319.66	303.98	51100
DASH_USD	2017-10-13	309.53	290.86	311.53	287.17	93117
DASH_USD	2017-10-12	290.86	298.10	299.24	287.20	33790
DASH_USD	2017-10-11	298.10	291.46	301.93	285.05	29725
DASH_USD	2017-10-10	291.46	282.80	297.21	279.28	34597
DASH_USD	2017-10-09	282.80	300.53	302.30	270.10	97076
DASH_USD	2017-10-08	300.53	311.34	317.71	300.53	37050
DASH_USD	2017-10-07	311.34	306.48	315.00	301.04	20558
DASH_USD	2017-10-06	306.48	305.46	312.90	303.03	28241
DASH_USD	2017-10-05	305.46	303.44	310.97	292.40	38466
DASH_USD	2017-10-04	303.44	295.68	317.30	294.62	64613
DASH_USD	2017-10-03	295.68	307.81	310.39	289.10	44593
DASH_USD	2017-10-02	307.81	316.04	322.55	305.40	29394
DASH_USD	2017-10-01	316.04	329.64	330.62	313.09	36893
DASH_USD	2017-09-30	329.64	329.48	335.47	328.00	33298
DASH_USD	2017-09-29	329.48	341.37	344.23	318.10	76177
DASH_USD	2017-09-28	341.37	351.27	352.21	335.67	46648
DASH_USD	2017-09-27	351.27	341.36	355.00	335.70	55121
DASH_USD	2017-09-26	341.36	349.09	355.75	339.05	38466
DASH_USD	2017-09-25	349.09	329.88	352.01	328.96	74346
DASH_USD	2017-09-24	329.88	350.93	359.13	327.00	88340
DASH_USD	2017-09-23	350.93	342.20	359.03	335.27	65509
DASH_USD	2017-09-22	342.20	329.28	358.47	326.86	100906
DASH_USD	2017-09-21	329.28	342.81	370.00	320.67	200312
DASH_USD	2017-09-20	342.81	324.46	350.00	315.98	84515
DASH_USD	2017-09-19	324.46	335.14	336.00	311.36	40718
DASH_USD	2017-09-18	335.14	311.44	339.94	311.44	60379
DASH_USD	2017-09-17	311.44	299.94	316.50	275.00	46357
DASH_USD	2017-09-16	299.94	285.00	304.98	275.00	57820
DASH_USD	2017-09-15	285.00	240.21	300.00	219.60	138846
DASH_USD	2017-09-14	240.21	297.20	302.78	238.00	95267
DASH_USD	2017-09-13	297.20	324.67	325.55	283.16	42207
DASH_USD	2017-09-12	324.67	317.96	331.10	317.96	75018
DASH_USD	2017-09-11	317.96	324.51	333.40	315.00	51951
DASH_USD	2017-09-10	324.51	324.86	328.66	295.45	61118
DASH_USD	2017-09-09	324.86	330.02	334.23	312.63	49196
DASH_USD	2017-09-08	330.02	346.21	372.83	313.59	94035
DASH_USD	2017-09-07	346.21	349.01	352.97	333.14	25883
DASH_USD	2017-09-06	349.01	325.88	353.62	323.32	44559
DASH_USD	2017-09-05	325.88	314.08	333.73	279.84	153132
DASH_USD	2017-09-04	314.08	356.20	360.21	294.97	89174
DASH_USD	2017-09-03	356.20	348.84	374.40	333.55	51117
DASH_USD	2017-09-02	348.84	395.92	401.01	328.01	101399
DASH_USD	2017-09-01	395.92	379.80	396.78	375.11	62014
DASH_USD	2017-08-31	379.80	372.14	383.99	369.06	30251
DASH_USD	2017-08-30	372.14	358.89	376.91	358.76	29590
DASH_USD	2017-08-29	358.89	355.90	369.50	351.80	46547
DASH_USD	2017-08-28	355.90	361.68	368.97	346.00	49168
DASH_USD	2017-08-27	361.68	396.20	398.94	355.14	77930
DASH_USD	2017-08-26	396.20	314.08	412.77	313.75	210392
DASH_USD	2017-08-25	314.08	314.53	320.99	305.22	51195
DASH_USD	2017-08-24	314.53	292.50	314.70	289.75	41490
DASH_USD	2017-08-23	292.50	291.22	297.55	285.96	38338
DASH_USD	2017-08-22	291.22	281.46	302.87	252.70	81099
DASH_USD	2017-08-21	281.46	291.11	299.00	275.01	36506
DASH_USD	2017-08-20	291.11	285.00	323.99	282.01	98633
DASH_USD	2017-08-19	285.00	222.09	318.99	222.09	228704
DASH_USD	2017-08-18	222.09	234.32	240.00	216.83	39150
DASH_USD	2017-08-17	234.32	231.39	262.78	227.88	157965
DASH_USD	2017-08-16	231.39	202.99	234.95	197.61	94399
DASH_USD	2017-08-15	202.99	199.42	205.80	190.00	50434
DASH_USD	2017-08-14	199.42	197.72	203.76	193.60	31147
DASH_USD	2017-08-13	197.72	204.36	208.56	190.72	51206
DASH_USD	2017-08-12	204.36	205.84	211.18	200.00	34916
DASH_USD	2017-08-11	205.84	200.31	208.90	198.00	30111
DASH_USD	2017-08-10	200.31	199.01	207.04	194.09	33057
DASH_USD	2017-08-09	199.01	204.66	206.66	191.35	29613
DASH_USD	2017-08-08	204.66	196.58	206.43	191.57	26650
DASH_USD	2017-08-07	196.58	188.80	199.06	186.83	46278
DASH_USD	2017-08-06	188.80	193.00	196.41	188.50	20076
DASH_USD	2017-08-05	193.00	187.19	197.50	185.70	52870
DASH_USD	2017-08-04	187.19	187.80	191.17	185.70	23094
DASH_USD	2017-08-03	187.80	182.06	191.67	178.21	25435
DASH_USD	2017-08-02	182.06	184.31	185.67	180.00	21398
DASH_USD	2017-08-01	184.31	176.19	186.00	174.20	66623
DASH_USD	2017-07-31	176.19	171.52	179.78	168.00	27278
DASH_USD	2017-07-30	171.52	185.57	188.00	169.78	28179
DASH_USD	2017-07-29	185.57	185.46	187.99	168.67	53889
DASH_USD	2017-07-28	185.46	193.40	196.46	180.07	36809
DASH_USD	2017-07-27	193.40	194.15	199.66	190.89	38517
DASH_USD	2017-07-26	194.15	192.13	202.24	183.51	35493
DASH_USD	2017-07-25	192.13	206.00	213.79	184.03	55423
DASH_USD	2017-07-24	206.00	193.22	218.95	190.00	78434
DASH_USD	2017-07-23	193.22	198.46	199.00	186.36	18060
DASH_USD	2017-07-22	198.46	185.84	198.72	185.18	27994
DASH_USD	2017-07-21	185.84	190.91	198.00	180.76	50422
DASH_USD	2017-07-20	190.91	154.54	196.00	154.54	104233
DASH_USD	2017-07-19	154.54	156.16	170.49	152.18	28594
DASH_USD	2017-07-18	156.16	152.94	166.60	145.00	40555
DASH_USD	2017-07-17	152.94	131.21	153.80	131.21	51475
DASH_USD	2017-07-16	131.21	138.53	144.13	120.00	122746
DASH_USD	2017-07-15	138.53	160.22	161.97	136.84	72554
DASH_USD	2017-07-14	160.22	169.32	171.99	152.04	24763
DASH_USD	2017-07-13	169.32	178.50	181.99	163.53	35375
DASH_USD	2017-07-12	178.50	163.00	179.12	152.32	36736
DASH_USD	2017-07-11	163.00	170.00	179.40	152.01	79626
DASH_USD	2017-07-10	170.00	194.50	198.11	165.00	58727
DASH_USD	2017-07-09	194.50	210.00	211.00	194.00	23066
DASH_USD	2017-07-08	210.00	190.34	210.00	183.33	54034
DASH_USD	2017-07-07	190.34	208.14	210.37	185.62	49549
DASH_USD	2017-07-06	208.14	208.37	225.55	202.00	90115
DASH_USD	2017-07-05	208.37	182.33	213.05	178.25	112022
DASH_USD	2017-07-04	182.33	178.21	188.06	177.02	23520
DASH_USD	2017-07-03	178.21	169.60	183.00	167.39	27373
DASH_USD	2017-07-02	169.60	158.69	170.50	157.00	17063
DASH_USD	2017-07-01	158.69	173.82	177.00	157.00	25015
DASH_USD	2017-06-30	173.82	173.59	181.19	173.02	22210
DASH_USD	2017-06-29	173.59	181.17	181.17	166.00	38466
DASH_USD	2017-06-28	181.17	172.20	183.03	166.62	52976
DASH_USD	2017-06-27	172.20	161.16	172.76	142.25	57176
DASH_USD	2017-06-26	161.16	165.32	167.45	141.15	66640
DASH_USD	2017-06-25	165.32	175.03	176.77	159.00	42274
DASH_USD	2017-06-24	175.03	185.00	185.90	170.50	13597
DASH_USD	2017-06-23	185.00	181.05	189.78	179.73	10455
DASH_USD	2017-06-22	181.05	178.38	186.50	173.50	17993
DASH_USD	2017-06-21	178.38	188.53	193.56	169.00	27782
DASH_USD	2017-06-20	188.53	195.31	199.00	180.00	42762
DASH_USD	2017-06-19	195.31	188.00	198.00	185.93	69283
DASH_USD	2017-06-18	188.00	178.00	188.00	169.00	40197
DASH_USD	2017-06-17	178.00	159.72	185.60	153.00	73970
DASH_USD	2017-06-16	159.72	157.00	162.00	149.26	18530
DASH_USD	2017-06-15	157.00	156.71	160.90	132.03	63924
DASH_USD	2017-06-14	156.71	180.90	190.00	146.55	163358
DASH_USD	2017-06-13	180.90	165.33	181.70	164.09	58884
DASH_USD	2017-06-12	165.33	186.00	194.65	150.00	91392
DASH_USD	2017-06-11	186.00	146.80	199.00	146.80	265065
DASH_USD	2017-06-10	146.80	148.61	151.92	141.29	33393
DASH_USD	2017-06-09	148.61	144.05	149.75	143.35	16458
DASH_USD	2017-06-08	144.05	137.22	144.99	135.22	23352
DASH_USD	2017-06-07	137.22	144.69	152.60	133.44	79783
DASH_USD	2017-06-06	144.69	142.13	146.60	129.00	98392
DASH_USD	2017-06-05	142.13	142.37	144.88	137.92	30139
DASH_USD	2017-06-04	142.37	140.17	142.38	136.00	19919
DASH_USD	2017-06-03	140.17	141.93	145.00	138.00	29484
DASH_USD	2017-06-02	141.93	131.12	141.97	130.01	36798
DASH_USD	2017-06-01	131.12	131.15	144.19	125.00	75180
DASH_USD	2017-05-31	131.15	118.23	138.43	110.02	79050
DASH_USD	2017-05-30	118.23	114.65	124.64	112.00	74222
DASH_USD	2017-05-29	114.65	102.24	116.00	99.03	47387
DASH_USD	2017-05-28	102.24	96.50	112.33	96.00	61230
DASH_USD	2017-05-27	96.50	109.67	113.80	84.00	139664
DASH_USD	2017-05-26	109.67	117.98	135.00	106.45	88822
DASH_USD	2017-05-25	117.98	142.13	144.02	116.00	127686
DASH_USD	2017-05-24	142.13	133.73	166.84	133.73	187818
DASH_USD	2017-05-23	133.73	116.60	139.00	114.00	120198
DASH_USD	2017-05-22	116.60	100.81	143.93	95.00	362779
DASH_USD	2017-05-21	100.81	100.64	102.14	97.50	28442
DASH_USD	2017-05-20	100.64	98.35	106.00	98.35	62009
DASH_USD	2017-05-19	98.35	92.45	102.50	90.00	90502
DASH_USD	2017-05-18	92.45	85.05	92.98	84.63	33527
DASH_USD	2017-05-17	85.05	87.37	95.00	80.17	81878
DASH_USD	2017-05-16	87.37	94.00	94.00	86.52	15002
DASH_USD	2017-05-15	94.00	91.05	94.00	83.03	44246
DASH_USD	2017-05-14	91.05	91.16	93.00	90.00	4659
DASH_USD	2017-05-13	91.16	88.00	91.21	85.40	40152
DASH_USD	2017-05-12	88.00	92.29	93.95	87.13	22562
DASH_USD	2017-05-11	92.29	91.93	95.09	90.30	28045
DASH_USD	2017-05-10	91.93	92.78	97.41	90.92	28946
DASH_USD	2017-05-09	92.78	100.00	102.96	82.00	149649
DASH_USD	2017-05-08	100.00	108.70	109.70	96.50	72055
DASH_USD	2017-05-07	108.70	100.98	114.00	99.01	108214
DASH_USD	2017-05-06	100.98	98.38	103.03	97.21	34821
DASH_USD	2017-05-05	98.38	97.36	108.20	95.50	149576
DASH_USD	2017-05-04	97.36	97.57	101.97	92.75	133118
DASH_USD	2017-05-03	97.57	92.40	97.80	91.01	89208
DASH_USD	2017-05-02	92.40	94.82	96.48	90.06	93951
DASH_USD	2017-05-01	94.82	98.01	103.50	90.01	124236
DASH_USD	2017-04-30	98.01	102.46	105.30	95.65	62496
DASH_USD	2017-04-29	102.46	85.69	109.27	85.69	260305
DASH_USD	2017-04-28	85.69	85.27	87.07	82.76	39866
DASH_USD	2017-04-27	85.27	78.32	89.00	77.55	74894
DASH_USD	2017-04-26	78.32	78.23	78.60	76.42	16318
DASH_USD	2017-04-25	78.23	77.79	78.80	77.08	25659
DASH_USD	2017-04-24	77.79	76.83	78.10	76.00	21689
DASH_USD	2017-04-23	76.83	77.30	78.40	76.40	9873
DASH_USD	2017-04-22	77.30	76.15	78.00	75.51	16318
DASH_USD	2017-04-21	76.15	75.70	77.96	74.86	32284
DASH_USD	2017-04-20	75.70	74.90	76.50	74.05	17657
DASH_USD	2017-04-19	74.90	75.66	78.97	74.75	15159
DASH_USD	2017-04-18	75.66	78.20	78.90	73.11	37621
DASH_USD	2017-04-17	78.20	77.06	79.31	75.53	26684
DASH_USD	2017-04-16	77.06	76.79	78.77	75.81	29148
DASH_USD	2017-04-15	76.79	72.72	80.00	71.02	67911
DASH_USD	2017-04-14	72.72	73.50	74.79	70.10	73142
DASH_USD	2017-04-13	73.50	69.67	77.77	66.96	142694
DASH_USD	2017-04-12	69.67	62.00	69.89	60.51	125210
DASH_USD	2017-04-11	62.00	62.89	64.29	60.45	57837
DASH_USD	2017-04-10	62.89	66.38	67.00	60.55	54695
DASH_USD	2017-04-09	66.38	68.49	69.99	65.78	32088
DASH_USD	2017-04-08	68.49	67.40	70.90	66.62	43775
DASH_USD	2017-04-07	67.40	67.09	71.20	65.00	51615
DASH_USD	2017-04-06	67.09	75.39	75.50	65.20	88715
DASH_USD	2017-04-05	75.39	69.49	79.00	65.48	127159
DASH_USD	2017-04-04	69.49	63.87	72.22	56.51	176299
DASH_USD	2017-04-03	63.87	57.00	68.20	47.53	339730
DASH_USD	2017-04-02	57.00	68.23	70.47	53.80	217498
DASH_USD	2017-04-01	68.23	72.45	72.80	66.50	62877
DASH_USD	2017-03-31	72.45	78.78	78.78	64.80	289705
DASH_USD	2017-03-30	78.78	84.40	85.00	75.60	106596
DASH_USD	2017-03-29	84.40	86.92	87.60	82.00	86951
DASH_USD	2017-03-28	86.92	84.32	90.00	80.28	46396
DASH_USD	2017-03-27	84.32	93.93	93.93	76.26	183428
DASH_USD	2017-03-26	93.93	93.15	95.71	90.00	35963
DASH_USD	2017-03-25	93.15	94.40	99.84	86.10	64378
DASH_USD	2017-03-24	94.40	101.52	107.79	85.01	137827
DASH_USD	2017-03-23	101.52	101.10	103.02	97.50	22781
DASH_USD	2017-03-22	101.10	95.00	108.00	88.91	114699
DASH_USD	2017-03-21	95.00	98.15	103.00	89.45	165446
DASH_USD	2017-03-20	98.15	104.99	109.99	98.00	67116
DASH_USD	2017-03-19	104.99	107.91	112.13	96.00	143080
DASH_USD	2017-03-18	107.91	96.00	115.00	91.63	308123
DASH_USD	2017-03-17	96.00	89.00	99.10	79.60	142654
DASH_USD	2017-03-16	89.00	96.85	99.45	79.34	202692
DASH_USD	2017-03-15	96.85	88.70	105.42	85.51	270150
DASH_USD	2017-03-14	88.70	75.00	93.27	73.01	104009
DASH_USD	2017-03-13	75.00	78.00	82.10	69.23	57277
DASH_USD	2017-03-12	78.00	72.00	80.99	64.50	37156
DASH_USD	2017-03-11	72.00	50.24	74.18	50.00	80175
DASH_USD	2017-03-10	50.24	51.66	56.99	43.00	24511
DASH_USD	2017-03-09	51.66	42.50	53.97	41.40	37386
DASH_USD	2017-03-08	42.50	45.93	45.93	42.00	5779
DASH_USD	2017-03-07	45.93	46.38	46.89	43.54	6507
DASH_USD	2017-03-06	46.38	42.77	47.58	42.77	19303
DASH_USD	2017-03-05	42.77	43.79	44.97	40.00	23845
DASH_USD	2017-03-04	43.79	47.85	75.58	43.33	44055
