DEAL_USD	2019-04-09	0.006884	0.007023	0.007023	0.006828	0
DEAL_USD	2019-04-08	0.007023	0.006924	0.007077	0.006798	0
DEAL_USD	2019-04-07	0.006924	0.006706	0.006997	0.006700	0
DEAL_USD	2019-04-06	0.006706	0.006711	0.006965	0.006558	0
DEAL_USD	2019-04-05	0.006711	0.006514	0.006756	0.006512	0
DEAL_USD	2019-04-04	0.006514	0.006572	0.006731	0.006381	0
DEAL_USD	2019-04-03	0.006572	0.006510	0.007030	0.006403	0
DEAL_USD	2019-04-02	0.006510	0.005542	0.006701	0.005530	0
DEAL_USD	2019-04-01	0.005542	0.005501	0.005571	0.005449	0
DEAL_USD	2019-03-31	0.005501	0.005498	0.005519	0.005482	0
DEAL_USD	2019-03-30	0.005498	0.005516	0.005557	0.005446	0
DEAL_USD	2019-03-29	0.005516	0.005402	0.005527	0.005393	0
DEAL_USD	2019-03-28	0.005402	0.005415	0.005417	0.005369	0
DEAL_USD	2019-03-27	0.005415	0.005269	0.005425	0.005253	0
DEAL_USD	2019-03-26	0.005269	0.005240	0.005273	0.005215	0
DEAL_USD	2019-03-25	0.005240	0.005335	0.005346	0.005201	0
DEAL_USD	2019-03-24	0.005335	0.005363	0.005363	0.005297	0
DEAL_USD	2019-03-23	0.005363	0.005344	0.005381	0.005327	0
DEAL_USD	2019-03-22	0.005344	0.005339	0.005371	0.005326	0
DEAL_USD	2019-03-21	0.005339	0.005448	0.005473	0.005288	0
DEAL_USD	2019-03-20	0.005448	0.005422	0.005460	0.005376	0
DEAL_USD	2019-03-19	0.005422	0.005377	0.005436	0.005355	0
DEAL_USD	2019-03-18	0.005377	0.005371	0.005437	0.005330	0
DEAL_USD	2019-03-17	0.005371	0.005398	0.005398	0.005334	0
DEAL_USD	2019-03-16	0.005398	0.005284	0.005482	0.005284	0
DEAL_USD	2019-03-15	0.005284	0.005214	0.005294	0.005212	0
DEAL_USD	2019-03-14	0.005214	0.005211	0.005280	0.005132	0
DEAL_USD	2019-03-13	0.005211	0.005219	0.005241	0.005181	0
DEAL_USD	2019-03-12	0.005219	0.005216	0.005253	0.005143	0
DEAL_USD	2019-03-11	0.005216	0.005279	0.005292	0.005176	0
DEAL_USD	2019-03-10	0.005279	0.005300	0.005303	0.005233	0
DEAL_USD	2019-03-09	0.005300	0.005202	0.005339	0.005193	0
DEAL_USD	2019-03-08	0.005202	0.005233	0.005306	0.005116	0
DEAL_USD	2019-03-07	0.005233	0.005216	0.005272	0.005195	0
DEAL_USD	2019-03-06	0.005216	0.005214	0.005250	0.005162	0
DEAL_USD	2019-03-05	0.005214	0.005016	0.005236	0.004998	0
DEAL_USD	2019-03-04	0.005016	0.005128	0.005158	0.004973	0
DEAL_USD	2019-03-03	0.005128	0.005165	0.005179	0.005095	0
DEAL_USD	2019-03-02	0.005165	0.005170	0.005179	0.005090	0
DEAL_USD	2019-03-01	0.005170	0.005142	0.005211	0.005139	0
DEAL_USD	2019-02-28	0.005142	0.005149	0.005263	0.005128	0
DEAL_USD	2019-02-27	0.005149	0.005146	0.005193	0.004980	0
DEAL_USD	2019-02-26	0.005146	0.005179	0.005193	0.005114	0
DEAL_USD	2019-02-25	0.005179	0.005059	0.005233	0.005056	0
DEAL_USD	2019-02-24	0.005059	0.005560	0.005653	0.005033	0
DEAL_USD	2019-02-23	0.005560	0.005366	0.005617	0.005300	0
DEAL_USD	2019-02-22	0.005366	0.005293	0.005378	0.005269	0
DEAL_USD	2019-02-21	0.005293	0.005360	0.005440	0.005248	0
DEAL_USD	2019-02-20	0.005360	0.005269	0.005368	0.005238	0
DEAL_USD	2019-02-19	0.005269	0.005252	0.005387	0.005205	0
DEAL_USD	2019-02-18	0.005252	0.004931	0.005292	0.004916	0
DEAL_USD	2019-02-17	0.004931	0.004853	0.004994	0.004843	0
DEAL_USD	2019-02-16	0.004853	0.004837	0.004915	0.004837	0
DEAL_USD	2019-02-15	0.004837	0.004828	0.004905	0.004811	0
DEAL_USD	2019-02-14	0.004828	0.004843	0.004859	0.004808	0
DEAL_USD	2019-02-13	0.004843	0.004876	0.004931	0.004819	0
DEAL_USD	2019-02-12	0.004876	0.004859	0.004915	0.004812	0
DEAL_USD	2019-02-11	0.004859	0.004946	0.004949	0.004853	0
DEAL_USD	2019-02-10	0.004946	0.004908	0.004947	0.004841	0
DEAL_USD	2019-02-09	0.004908	0.004916	0.004935	0.004876	0
DEAL_USD	2019-02-08	0.004916	0.004536	0.005008	0.004525	0
DEAL_USD	2019-02-07	0.004536	0.004557	0.004570	0.004529	0
DEAL_USD	2019-02-06	0.004557	0.004636	0.004648	0.004519	0
DEAL_USD	2019-02-05	0.004636	0.004607	0.004641	0.004588	0
DEAL_USD	2019-02-04	0.004607	0.004622	0.004646	0.004587	0
DEAL_USD	2019-02-03	0.004622	0.004698	0.004708	0.004582	0
DEAL_USD	2019-02-02	0.004698	0.004670	0.004715	0.004621	0
DEAL_USD	2019-02-01	0.004670	0.004624	0.004692	0.004575	0
DEAL_USD	2019-01-31	0.004624	0.004659	0.004709	0.004597	0
DEAL_USD	2019-01-30	0.004659	0.004591	0.004681	0.004557	0
DEAL_USD	2019-01-29	0.004591	0.004622	0.004636	0.004518	0
DEAL_USD	2019-01-28	0.004622	0.004748	0.004749	0.004563	0
DEAL_USD	2019-01-27	0.004748	0.004795	0.004808	0.004678	0
DEAL_USD	2019-01-26	0.004795	0.004790	0.004926	0.004785	0
DEAL_USD	2019-01-25	0.004790	0.004821	0.004836	0.004746	0
DEAL_USD	2019-01-24	0.004821	0.004778	0.004842	0.004739	0
DEAL_USD	2019-01-23	0.004778	0.004804	0.004847	0.004742	0
DEAL_USD	2019-01-22	0.004804	0.004727	0.004853	0.004623	0
DEAL_USD	2019-01-21	0.004727	0.004734	0.004760	0.004690	0
DEAL_USD	2019-01-20	0.004734	0.004970	0.005011	0.004683	0
DEAL_USD	2019-01-19	0.004969	0.004852	0.005081	0.004850	0
DEAL_USD	2019-01-18	0.004852	0.004911	0.004915	0.004823	0
DEAL_USD	2019-01-17	0.004911	0.004846	0.004914	0.004778	0
DEAL_USD	2019-01-16	0.004846	0.004826	0.004928	0.004808	0
DEAL_USD	2019-01-15	0.004826	0.004949	0.004982	0.004796	0
DEAL_USD	2019-01-14	0.004949	0.004741	0.005012	0.004726	0
DEAL_USD	2019-01-13	0.004741	0.004831	0.005031	0.004715	0
DEAL_USD	2019-01-12	0.004831	0.005034	0.005064	0.004816	0
DEAL_USD	2019-01-11	0.005034	0.004325	0.005100	0.004310	0
DEAL_USD	2019-01-10	0.004325	0.004818	0.004881	0.004296	0
DEAL_USD	2019-01-09	0.004818	0.004735	0.004835	0.004662	0
DEAL_USD	2019-01-08	0.004735	0.004937	0.004944	0.004733	0
DEAL_USD	2019-01-07	0.004937	0.004651	0.004965	0.004494	0
DEAL_USD	2019-01-06	0.004651	0.004890	0.009662	0.004579	0
DEAL_USD	2019-01-05	0.004890	0.004452	0.004906	0.004395	0
DEAL_USD	2019-01-04	0.004452	0.004764	0.004770	0.004301	0
DEAL_USD	2019-01-03	0.004764	0.004921	0.004927	0.004742	0
DEAL_USD	2019-01-02	0.004921	0.004769	0.004948	0.004726	0
DEAL_USD	2019-01-01	0.004769	0.004520	0.005199	0.004495	0
DEAL_USD	2018-12-31	0.004520	0.004887	0.004899	0.004157	0
DEAL_USD	2018-12-30	0.004887	0.004562	0.005729	0.002682	0
DEAL_USD	2018-12-29	0.004562	0.006035	0.006706	0.003217	0
DEAL_USD	2018-12-28	0.006035	0.005069	0.006170	0.005048	0
DEAL_USD	2018-12-27	0.005069	0.005561	0.005606	0.005016	0
DEAL_USD	2018-12-26	0.005561	0.006092	0.006399	0.005418	0
DEAL_USD	2018-12-25	0.006092	0.005865	0.006180	0.005163	0
DEAL_USD	2018-12-24	0.005865	0.006147	0.007080	0.005864	0
DEAL_USD	2018-12-23	0.006147	0.006581	0.006746	0.006077	0
DEAL_USD	2018-12-22	0.006581	0.005362	0.006581	0.005280	0
DEAL_USD	2018-12-21	0.005362	0.005648	0.005875	0.005253	0
DEAL_USD	2018-12-20	0.005648	0.005429	0.005864	0.005241	0
DEAL_USD	2018-12-19	0.005429	0.005745	0.005876	0.005394	0
DEAL_USD	2018-12-18	0.005745	0.005202	0.005772	0.005195	0
DEAL_USD	2018-12-17	0.005202	0.005428	0.005628	0.004917	0
DEAL_USD	2018-12-16	0.005428	0.005194	0.005536	0.005178	0
DEAL_USD	2018-12-15	0.005194	0.004774	0.005198	0.004761	0
DEAL_USD	2018-12-14	0.004774	0.005664	0.005797	0.004678	0
DEAL_USD	2018-12-13	0.005664	0.005889	0.006344	0.005593	0
DEAL_USD	2018-12-12	0.005889	0.005749	0.006057	0.005738	0
DEAL_USD	2018-12-11	0.005799	0.005640	0.005826	0.005487	0
DEAL_USD	2018-12-10	0.005640	0.006416	0.006511	0.005291	0
DEAL_USD	2018-12-09	0.006416	0.006434	0.006547	0.005259	0
DEAL_USD	2018-12-08	0.006434	0.005966	0.006710	0.005888	0
DEAL_USD	2018-12-07	0.005966	0.006584	0.006615	0.005567	0
DEAL_USD	2018-12-06	0.006584	0.007081	0.007401	0.006539	0
DEAL_USD	2018-12-05	0.007081	0.007566	0.007615	0.007081	0
DEAL_USD	2018-12-04	0.007566	0.007357	0.007834	0.007124	0
DEAL_USD	2018-12-03	0.007357	0.007529	0.007736	0.007239	0
DEAL_USD	2018-12-02	0.007529	0.007574	0.007770	0.007470	0
DEAL_USD	2018-12-01	0.007574	0.007289	0.007778	0.007206	0
DEAL_USD	2018-11-30	0.007289	0.008408	0.008474	0.007179	0
DEAL_USD	2018-11-29	0.008408	0.007730	0.010289	0.007660	0
DEAL_USD	2018-11-28	0.007730	0.006914	0.007953	0.006904	0
DEAL_USD	2018-11-27	0.006914	0.006711	0.007660	0.006517	0
DEAL_USD	2018-11-26	0.006711	0.007286	0.007468	0.005822	0
DEAL_USD	2018-11-25	0.007286	0.007311	0.007390	0.006427	0
DEAL_USD	2018-11-24	0.007311	0.007519	0.007676	0.006785	0
DEAL_USD	2018-11-23	0.007519	0.007467	0.007592	0.007165	0
DEAL_USD	2018-11-22	0.007467	0.008034	0.008113	0.007388	0
DEAL_USD	2018-11-21	0.008034	0.007663	0.008070	0.007376	0
DEAL_USD	2018-11-20	0.007663	0.008567	0.008755	0.007168	0
DEAL_USD	2018-11-19	0.008567	0.009366	0.010388	0.008535	0
DEAL_USD	2018-11-18	0.009366	0.009481	0.009578	0.009175	0
DEAL_USD	2018-11-17	0.009481	0.010047	0.010047	0.009361	0
DEAL_USD	2018-11-16	0.010047	0.010727	0.010821	0.009679	0
DEAL_USD	2018-11-15	0.010727	0.011858	0.011947	0.008863	0
DEAL_USD	2018-11-14	0.011858	0.013123	0.013123	0.011495	0
DEAL_USD	2018-11-13	0.013123	0.013152	0.013235	0.013086	0
DEAL_USD	2018-11-12	0.013152	0.013533	0.013607	0.013030	0
DEAL_USD	2018-11-11	0.013533	0.012926	0.013533	0.012792	0
DEAL_USD	2018-11-10	0.012926	0.013161	0.013222	0.012917	0
DEAL_USD	2018-11-09	0.013161	0.014061	0.014111	0.013078	0
DEAL_USD	2018-11-08	0.014061	0.013835	0.014305	0.013636	0
DEAL_USD	2018-11-07	0.013835	0.013519	0.014706	0.013499	0
DEAL_USD	2018-11-06	0.013519	0.013587	0.014849	0.012386	0
DEAL_USD	2018-11-05	0.013587	0.014527	0.015438	0.013522	0
DEAL_USD	2018-11-04	0.014527	0.015395	0.015676	0.014516	0
DEAL_USD	2018-11-03	0.015395	0.013336	0.015452	0.013250	0
DEAL_USD	2018-11-02	0.013336	0.013215	0.013535	0.013103	0
DEAL_USD	2018-11-01	0.013215	0.013565	0.013578	0.012435	0
DEAL_USD	2018-10-31	0.013565	0.012628	0.013573	0.012601	0
DEAL_USD	2018-10-30	0.012628	0.012434	0.012760	0.012434	0
DEAL_USD	2018-10-29	0.012434	0.015057	0.015360	0.012427	0
DEAL_USD	2018-10-28	0.015057	0.015308	0.015494	0.013274	0
DEAL_USD	2018-10-27	0.015308	0.011561	0.015308	0.011335	0
DEAL_USD	2018-10-26	0.011561	0.010837	0.011621	0.010771	0
DEAL_USD	2018-10-25	0.010837	0.011535	0.011585	0.009431	0
DEAL_USD	2018-10-24	0.011535	0.011102	0.011895	0.011073	0
DEAL_USD	2018-10-23	0.011103	0.012970	0.013137	0.011059	0
DEAL_USD	2018-10-22	0.012970	0.013736	0.014744	0.011365	0
DEAL_USD	2018-10-21	0.013736	0.013467	0.013810	0.013033	0
DEAL_USD	2018-10-20	0.013467	0.017525	0.017566	0.013285	0
DEAL_USD	2018-10-19	0.017525	0.014880	0.018055	0.014545	0
DEAL_USD	2018-10-18	0.014880	0.014514	0.015028	0.014492	0
DEAL_USD	2018-10-17	0.014514	0.015205	0.016473	0.014403	0
DEAL_USD	2018-10-16	0.015205	0.015068	0.015566	0.014413	0
DEAL_USD	2018-10-15	0.015068	0.015706	0.018230	0.014932	0
DEAL_USD	2018-10-14	0.015706	0.015753	0.015986	0.015688	0
DEAL_USD	2018-10-13	0.015753	0.016687	0.016810	0.015752	0
DEAL_USD	2018-10-12	0.016687	0.016483	0.016728	0.016398	0
DEAL_USD	2018-10-11	0.016483	0.018001	0.018001	0.016416	0
DEAL_USD	2018-10-10	0.018001	0.015758	0.019667	0.015573	0
DEAL_USD	2018-10-09	0.015758	0.015716	0.016545	0.015051	0
DEAL_USD	2018-10-08	0.015716	0.016139	0.016189	0.015708	0
DEAL_USD	2018-10-07	0.016139	0.016249	0.019178	0.016083	0
DEAL_USD	2018-10-06	0.016249	0.016379	0.016421	0.016180	0
DEAL_USD	2018-10-05	0.016379	0.017733	0.019459	0.015901	0
DEAL_USD	2018-10-04	0.017733	0.015022	0.017848	0.015014	0
DEAL_USD	2018-10-03	0.015022	0.015234	0.015250	0.014886	0
DEAL_USD	2018-10-02	0.015234	0.016601	0.016659	0.015203	0
DEAL_USD	2018-10-01	0.016601	0.016746	0.017136	0.016067	0
DEAL_USD	2018-09-30	0.016746	0.015950	0.017242	0.015658	0
DEAL_USD	2018-09-29	0.015950	0.016024	0.016109	0.015616	0
DEAL_USD	2018-09-28	0.016024	0.015686	0.016072	0.015411	0
DEAL_USD	2018-09-27	0.015686	0.014993	0.015775	0.014975	0
DEAL_USD	2018-09-26	0.014993	0.014961	0.015343	0.014784	0
DEAL_USD	2018-09-25	0.014961	0.015179	0.015461	0.014304	0
DEAL_USD	2018-09-24	0.015179	0.015737	0.015762	0.015110	0
DEAL_USD	2018-09-23	0.015737	0.015701	0.015791	0.015153	0
DEAL_USD	2018-09-22	0.015701	0.015915	0.016075	0.014900	0
DEAL_USD	2018-09-21	0.015915	0.015081	0.015915	0.015071	0
DEAL_USD	2018-09-20	0.015081	0.014318	0.015138	0.014135	0
DEAL_USD	2018-09-19	0.014318	0.013922	0.014522	0.013726	0
DEAL_USD	2018-09-18	0.013922	0.014448	0.014711	0.013881	0
DEAL_USD	2018-09-17	0.014448	0.017416	0.017505	0.014383	0
DEAL_USD	2018-09-16	0.017416	0.018778	0.018778	0.017048	0
DEAL_USD	2018-09-15	0.018778	0.017775	0.021222	0.017313	0
DEAL_USD	2018-09-14	0.017775	0.017711	0.019578	0.016946	0
DEAL_USD	2018-09-13	0.017711	0.019485	0.020431	0.016951	0
DEAL_USD	2018-09-12	0.019485	0.016511	0.020472	0.015770	0
DEAL_USD	2018-09-11	0.016511	0.014855	0.022189	0.014829	0
DEAL_USD	2018-09-10	0.014855	0.014289	0.014870	0.014289	0
DEAL_USD	2018-09-09	0.014289	0.014999	0.015960	0.014260	0
DEAL_USD	2018-09-08	0.014999	0.015786	0.016919	0.014920	0
DEAL_USD	2018-09-07	0.015786	0.017523	0.017528	0.015085	0
DEAL_USD	2018-09-06	0.017523	0.014983	0.017923	0.014088	0
DEAL_USD	2018-09-05	0.014983	0.018802	0.019258	0.014705	0
DEAL_USD	2018-09-04	0.018802	0.015158	0.019218	0.015130	0
DEAL_USD	2018-09-03	0.015158	0.015310	0.015393	0.015119	0
DEAL_USD	2018-09-02	0.015310	0.015187	0.015539	0.015060	0
DEAL_USD	2018-09-01	0.015187	0.014651	0.015356	0.014638	0
DEAL_USD	2018-08-31	0.014651	0.012904	0.014737	0.012843	0
DEAL_USD	2018-08-30	0.012904	0.011521	0.012904	0.011477	0
DEAL_USD	2018-08-29	0.011521	0.011892	0.013355	0.011258	0
DEAL_USD	2018-08-28	0.011892	0.012391	0.013865	0.011739	0
DEAL_USD	2018-08-27	0.012391	0.010767	0.012883	0.010678	0
DEAL_USD	2018-08-26	0.010767	0.014961	0.014961	0.010599	0
DEAL_USD	2018-08-25	0.014961	0.015330	0.016304	0.014707	0
DEAL_USD	2018-08-24	0.015330	0.013674	0.015935	0.013576	0
DEAL_USD	2018-08-23	0.013674	0.013917	0.014037	0.013322	0
DEAL_USD	2018-08-22	0.013917	0.014545	0.015013	0.013315	0
DEAL_USD	2018-08-21	0.014545	0.013605	0.014975	0.013594	0
DEAL_USD	2018-08-20	0.013605	0.014494	0.015166	0.013551	0
DEAL_USD	2018-08-19	0.014494	0.014251	0.014616	0.014100	0
DEAL_USD	2018-08-18	0.014251	0.015352	0.015402	0.014071	0
DEAL_USD	2018-08-17	0.015352	0.014517	0.015352	0.013924	0
DEAL_USD	2018-08-16	0.014517	0.014641	0.015078	0.014075	0
DEAL_USD	2018-08-15	0.014641	0.013547	0.015574	0.013380	0
DEAL_USD	2018-08-14	0.013547	0.017568	0.017568	0.013435	0
DEAL_USD	2018-08-13	0.017568	0.017647	0.018395	0.017259	0
DEAL_USD	2018-08-12	0.017647	0.016772	0.017917	0.016640	0
DEAL_USD	2018-08-11	0.016772	0.016680	0.017436	0.016241	0
DEAL_USD	2018-08-10	0.016680	0.017367	0.018583	0.016339	0
DEAL_USD	2018-08-09	0.017367	0.016950	0.017812	0.016285	0
DEAL_USD	2018-08-08	0.016950	0.015753	0.017233	0.014843	0
DEAL_USD	2018-08-07	0.015753	0.019183	0.020290	0.015391	0
DEAL_USD	2018-08-06	0.019183	0.018707	0.019315	0.018495	0
DEAL_USD	2018-08-05	0.018707	0.018566	0.019419	0.016914	0
DEAL_USD	2018-08-04	0.018566	0.019764	0.019957	0.017619	0
DEAL_USD	2018-08-03	0.019764	0.019968	0.020320	0.017934	0
DEAL_USD	2018-08-02	0.019968	0.022905	0.023368	0.019713	0
DEAL_USD	2018-08-01	0.022905	0.019905	0.023400	0.017282	0
DEAL_USD	2018-07-31	0.019905	0.024595	0.025104	0.018077	0
DEAL_USD	2018-07-30	0.024595	0.027544	0.028146	0.022737	0
DEAL_USD	2018-07-29	0.027544	0.027005	0.029236	0.025727	0
DEAL_USD	2018-07-28	0.027005	0.032901	0.032901	0.020532	0
DEAL_USD	2018-07-27	0.032901	0.047124	0.048114	0.031705	0
DEAL_USD	2018-07-26	0.047124	0.038354	0.061472	0.035168	0
DEAL_USD	2018-07-25	0.038354	0.045262	0.057469	0.025465	0
DEAL_USD	2018-07-24	0.045262	0.049405	0.053594	0.042937	0
DEAL_USD	2018-07-23	0.049405	0.047591	0.052028	0.038425	0
DEAL_USD	2018-07-22	0.047591	0.068074	0.068842	0.031088	0
DEAL_USD	2018-07-21	0.068074	0.065625	0.072336	0.060244	0
DEAL_USD	2018-07-20	0.065625	0.068271	0.070740	0.062430	0
DEAL_USD	2018-07-19	0.068271	0.071820	0.073125	0.065860	0
DEAL_USD	2018-07-18	0.071820	0.076420	0.076963	0.067239	0
DEAL_USD	2018-07-17	0.076420	0.073864	0.078398	0.066877	0
DEAL_USD	2018-07-16	0.073864	0.075493	0.075814	0.068799	0
DEAL_USD	2018-07-15	0.075493	0.076813	0.078678	0.071476	0
DEAL_USD	2018-07-14	0.076813	0.067954	0.076862	0.066546	0
DEAL_USD	2018-07-13	0.067954	0.068420	0.068986	0.066944	0
DEAL_USD	2018-07-12	0.068420	0.078829	0.079289	0.062407	0
DEAL_USD	2018-07-11	0.078829	0.073468	0.080191	0.066803	0
DEAL_USD	2018-07-10	0.073468	0.086048	0.086306	0.070952	0
DEAL_USD	2018-07-09	0.086048	0.084218	0.087767	0.080422	0
DEAL_USD	2018-07-08	0.084218	0.081547	0.087180	0.078093	0
DEAL_USD	2018-07-07	0.081547	0.079645	0.082323	0.078535	0
DEAL_USD	2018-07-06	0.079645	0.086037	0.086136	0.078790	0
DEAL_USD	2018-07-05	0.086037	0.079508	0.087913	0.078746	0
DEAL_USD	2018-07-04	0.079508	0.079462	0.081507	0.078459	0
DEAL_USD	2018-07-03	0.079462	0.082256	0.082370	0.001070	0
DEAL_USD	2018-07-02	0.082256	0.079522	0.083384	0.000001	0
DEAL_USD	2018-07-01	0.079529	0.080532	0.083656	0.076653	0
DEAL_USD	2018-06-30	0.080534	0.079926	0.083864	0.076641	0
DEAL_USD	2018-06-29	0.079992	0.077416	0.080922	0.074990	0
DEAL_USD	2018-06-28	0.077541	0.084275	0.084595	0.077159	0
DEAL_USD	2018-06-27	0.084268	0.080983	0.084903	0.078491	0
DEAL_USD	2018-06-26	0.081239	0.082102	0.084095	0.080308	0
DEAL_USD	2018-06-25	0.082048	0.081159	0.083724	0.077941	0
DEAL_USD	2018-06-24	0.081185	0.084053	0.084477	0.078381	0
DEAL_USD	2018-06-23	0.083943	0.084927	0.086530	0.080764	0
DEAL_USD	2018-06-22	0.084928	0.090838	0.119213	0.082370	0
DEAL_USD	2018-06-21	0.090833	0.092139	0.092735	0.090454	0
DEAL_USD	2018-06-20	0.092144	0.097149	0.097224	0.091281	0
DEAL_USD	2018-06-19	0.097293	0.093054	0.100296	0.090265	0
DEAL_USD	2018-06-18	0.093022	0.103604	0.107677	0.093022	0
DEAL_USD	2018-06-17	0.103521	0.089586	0.109824	0.089288	0
DEAL_USD	2018-06-16	0.089570	0.082525	0.101401	0.082290	0
DEAL_USD	2018-06-15	0.082487	0.104676	0.104739	0.081267	0
DEAL_USD	2018-06-14	0.104442	0.123666	0.129901	0.086725	0
DEAL_USD	2018-06-13	0.123595	0.131795	0.132448	0.122055	0
DEAL_USD	2018-06-12	0.131796	0.099757	0.134346	0.098735	0
DEAL_USD	2018-06-11	0.099805	0.097176	0.100144	0.094354	0
DEAL_USD	2018-06-10	0.097064	0.103817	0.103826	0.093723	0
DEAL_USD	2018-06-09	0.103789	0.087766	0.103789	0.087306	0
DEAL_USD	2018-06-08	0.087765	0.110291	0.110445	0.086088	0
DEAL_USD	2018-06-07	0.110336	0.107194	0.111032	0.107080	0
DEAL_USD	2018-06-06	0.107186	0.111905	0.112022	0.106751	0
DEAL_USD	2018-06-05	0.111810	0.113684	0.115188	0.109506	0
DEAL_USD	2018-06-04	0.113692	0.130088	0.132762	0.112104	0
DEAL_USD	2018-06-03	0.130049	0.135205	0.135610	0.121096	0
DEAL_USD	2018-06-02	0.135308	0.145046	0.145396	0.134849	0
DEAL_USD	2018-06-01	0.144931	0.135531	0.147397	0.132793	0
DEAL_USD	2018-05-31	0.135544	0.132253	0.138511	0.130433	0
DEAL_USD	2018-05-30	0.132347	0.141355	0.144053	0.129688	0
DEAL_USD	2018-05-29	0.141188	0.124358	0.141188	0.121069	0
DEAL_USD	2018-05-28	0.124281	0.130260	0.131477	0.122652	0
DEAL_USD	2018-05-27	0.130205	0.133903	0.134501	0.124375	0
DEAL_USD	2018-05-26	0.133873	0.147492	0.147630	0.132515	0
DEAL_USD	2018-05-25	0.147518	0.161484	0.168818	0.143856	0
DEAL_USD	2018-05-24	0.161415	0.158771	0.174999	0.146737	0
DEAL_USD	2018-05-23	0.158891	0.162893	0.175148	0.146957	0
DEAL_USD	2018-05-22	0.163030	0.170216	0.189302	0.155734	0
DEAL_USD	2018-05-21	0.170216	0.185889	0.187125	0.164417	0
DEAL_USD	2018-05-20	0.185889	0.196070	0.199581	0.182834	0
DEAL_USD	2018-05-19	0.196070	0.212029	0.226445	0.190381	0
DEAL_USD	2018-05-18	0.212029	0.136985	0.224264	0.136656	0
DEAL_USD	2018-05-17	0.137163	0.150896	0.154231	0.136188	0
DEAL_USD	2018-05-16	0.150766	0.152726	0.156448	0.145163	0
DEAL_USD	2018-05-15	0.152728	0.170554	0.174778	0.151499	0
DEAL_USD	2018-05-14	0.170568	0.165118	0.174095	0.157186	0
DEAL_USD	2018-05-13	0.165118	0.173226	0.176160	0.154719	0
DEAL_USD	2018-05-12	0.172198	0.168057	0.174417	0.160408	0
DEAL_USD	2018-05-11	0.168057	0.187229	0.187229	0.161806	0
DEAL_USD	2018-05-10	0.187229	0.194516	0.195990	0.183866	0
DEAL_USD	2018-05-09	0.194516	0.205196	0.205463	0.191571	0
DEAL_USD	2018-05-08	0.205272	0.211371	0.220141	0.000023	0
DEAL_USD	2018-05-07	0.209127	0.224814	0.225351	0.204508	0
DEAL_USD	2018-05-06	0.224814	0.220677	0.224940	0.199292	0
DEAL_USD	2018-05-05	0.220317	0.220513	0.230477	0.219678	0
DEAL_USD	2018-05-04	0.220513	0.239648	0.239648	0.215934	0
DEAL_USD	2018-05-03	0.239648	0.228158	0.243695	0.224089	0
DEAL_USD	2018-05-02	0.228158	0.249003	0.266857	0.218813	0
DEAL_USD	2018-05-01	0.249003	0.216542	0.318921	0.187750	0
DEAL_USD	2018-04-30	0.216542	0.249953	0.250377	0.216260	0
DEAL_USD	2018-04-29	0.249953	0.222798	0.296975	0.219317	0
DEAL_USD	2018-04-28	0.222798	0.209037	0.232284	0.207746	0
DEAL_USD	2018-04-27	0.209037	0.213562	0.218918	0.206153	0
DEAL_USD	2018-04-26	0.213562	0.201828	0.216470	0.189003	0
DEAL_USD	2018-04-25	0.201828	0.203725	0.205980	0.184601	0
DEAL_USD	2018-04-24	0.203725	0.193143	0.206826	0.180963	0
DEAL_USD	2018-04-23	0.193143	0.191130	0.195084	0.190253	0
DEAL_USD	2018-04-22	0.191130	0.205473	0.205602	0.189759	0
DEAL_USD	2018-04-21	0.205473	0.198217	0.205662	0.188065	0
DEAL_USD	2018-04-20	0.198217	0.184361	0.199589	0.183213	0
DEAL_USD	2018-04-19	0.184361	0.184402	0.189593	0.183116	0
DEAL_USD	2018-04-18	0.184402	0.181947	0.185773	0.170988	0
DEAL_USD	2018-04-17	0.181947	0.191453	0.194873	0.180338	0
DEAL_USD	2018-04-16	0.191453	0.197852	0.198983	0.185999	0
DEAL_USD	2018-04-15	0.197852	0.188601	0.199165	0.188490	0
DEAL_USD	2018-04-14	0.188601	0.185983	0.194203	0.184254	0
DEAL_USD	2018-04-13	0.185983	0.178100	0.192016	0.174632	0
DEAL_USD	2018-04-12	0.178100	0.154391	0.179477	0.150372	0
DEAL_USD	2018-04-11	0.154391	0.151710	0.155015	0.148372	0
DEAL_USD	2018-04-10	0.151710	0.159398	0.163591	0.150298	0
DEAL_USD	2018-04-09	0.159398	0.162598	0.166070	0.148598	0
DEAL_USD	2018-04-08	0.162598	0.149012	0.199484	0.148930	0
DEAL_USD	2018-04-07	0.149012	0.145611	0.151928	0.144466	0
DEAL_USD	2018-04-06	0.145611	0.150145	0.153602	0.139301	0
DEAL_USD	2018-04-05	0.150145	0.147234	0.154233	0.142481	0
DEAL_USD	2018-04-04	0.147234	0.174084	0.174084	0.143967	0
DEAL_USD	2018-04-03	0.174084	0.154454	0.193487	0.152369	0
DEAL_USD	2018-04-02	0.154454	0.152104	0.158559	0.149777	0
DEAL_USD	2018-04-01	0.152104	0.161704	0.166047	0.142310	0
DEAL_USD	2018-03-31	0.161704	0.150489	0.167761	0.148529	0
DEAL_USD	2018-03-30	0.150489	0.169184	0.191453	0.147698	0
DEAL_USD	2018-03-29	0.169184	0.183713	0.196813	0.157945	0
DEAL_USD	2018-03-28	0.183713	0.173153	0.193904	0.166118	0
DEAL_USD	2018-03-27	0.173153	0.164487	0.222382	0.157764	0
DEAL_USD	2018-03-26	0.164487	0.179461	0.210771	0.156952	0
DEAL_USD	2018-03-25	0.179461	0.185437	0.209388	0.172526	0
DEAL_USD	2018-03-24	0.185437	0.195184	0.197266	0.180083	0
DEAL_USD	2018-03-23	0.195184	0.185234	0.195201	0.170128	0
DEAL_USD	2018-03-22	0.185234	0.211953	0.236469	0.168845	0
DEAL_USD	2018-03-21	0.211953	0.197269	0.246340	0.195292	0
DEAL_USD	2018-03-20	0.197269	0.185114	0.202960	0.168995	0
DEAL_USD	2018-03-19	0.185114	0.139650	0.197778	0.138796	0
DEAL_USD	2018-03-18	0.139650	0.176767	0.176767	0.130964	0
DEAL_USD	2018-03-17	0.176767	0.192454	0.195872	0.163456	0
DEAL_USD	2018-03-16	0.192454	0.204086	0.207112	0.191711	0
DEAL_USD	2018-03-15	0.204086	0.217712	0.228946	0.192961	0
DEAL_USD	2018-03-14	0.217712	0.237554	0.266418	0.213058	0
DEAL_USD	2018-03-13	0.237554	0.234701	0.248100	0.189109	0
DEAL_USD	2018-03-12	0.234701	0.263291	0.270304	0.233997	0
DEAL_USD	2018-03-11	0.263291	0.241222	0.280157	0.238599	0
DEAL_USD	2018-03-10	0.241222	0.208280	0.279854	0.196374	0
DEAL_USD	2018-03-09	0.208280	0.213641	0.216419	0.180660	0
DEAL_USD	2018-03-08	0.213641	0.228360	0.232041	0.207127	0
DEAL_USD	2018-03-07	0.228360	0.266781	0.277807	0.219455	0
DEAL_USD	2018-03-06	0.266781	0.289833	0.307146	0.260821	0
DEAL_USD	2018-03-05	0.289833	0.297583	0.303416	0.289833	0
DEAL_USD	2018-03-04	0.297583	0.298056	0.315879	0.280949	0
DEAL_USD	2018-03-03	0.298056	0.304707	0.310497	0.293723	0
DEAL_USD	2018-03-02	0.304707	0.299934	0.308168	0.297230	0
