DIM_USD	2019-04-09	0.002208	0.002125	0.002250	0.002092	0
DIM_USD	2019-04-08	0.002128	0.002148	0.002330	0.002060	0
DIM_USD	2019-04-07	0.002151	0.002036	0.002220	0.002030	0
DIM_USD	2019-04-06	0.002032	0.002237	0.002277	0.001914	0
DIM_USD	2019-04-05	0.002237	0.002078	0.002304	0.001924	0
DIM_USD	2019-04-04	0.002073	0.002290	0.002624	0.002060	0
DIM_USD	2019-04-03	0.002290	0.002019	0.002821	0.002019	0
DIM_USD	2019-04-02	0.002022	0.001805	0.002124	0.001702	0
DIM_USD	2019-04-01	0.001806	0.001459	0.002356	0.001255	0
DIM_USD	2019-03-31	0.001459	0.001166	0.001586	0.001164	0
DIM_USD	2019-03-30	0.001166	0.001337	0.001347	0.001159	0
DIM_USD	2019-03-29	0.001337	0.001146	0.001421	0.001144	0
DIM_USD	2019-03-28	0.001146	0.000985	0.001146	0.000979	0
DIM_USD	2019-03-27	0.000985	0.001038	0.001061	0.000978	0
DIM_USD	2019-03-26	0.001038	0.001072	0.001076	0.000948	0
DIM_USD	2019-03-25	0.001072	0.001051	0.001090	0.001046	0
DIM_USD	2019-03-24	0.001051	0.000975	0.001136	0.000969	0
DIM_USD	2019-03-23	0.000975	0.001052	0.001297	0.000972	0
DIM_USD	2019-03-22	0.001053	0.000890	0.001057	0.000847	0
DIM_USD	2019-03-21	0.000890	0.000949	0.000954	0.000887	0
DIM_USD	2019-03-20	0.000949	0.001026	0.001029	0.000938	0
DIM_USD	2019-03-19	0.001027	0.000978	0.001027	0.000974	0
DIM_USD	2019-03-18	0.000978	0.001017	0.001030	0.000974	0
DIM_USD	2019-03-17	0.001017	0.000981	0.001022	0.000970	0
DIM_USD	2019-03-16	0.000982	0.000961	0.000997	0.000961	0
DIM_USD	2019-03-15	0.000961	0.001027	0.001160	0.000957	0
DIM_USD	2019-03-14	0.001027	0.000947	0.001028	0.000933	0
DIM_USD	2019-03-13	0.000948	0.001068	0.001072	0.000942	0
DIM_USD	2019-03-12	0.001068	0.001106	0.001106	0.000946	0
DIM_USD	2019-03-11	0.001106	0.001040	0.001113	0.001025	0
DIM_USD	2019-03-10	0.001040	0.001245	0.001245	0.001032	0
DIM_USD	2019-03-09	0.001245	0.000985	0.001245	0.000983	0
DIM_USD	2019-03-08	0.000985	0.000951	0.001112	0.000949	0
DIM_USD	2019-03-07	0.000952	0.000909	0.001035	0.000869	0
DIM_USD	2019-03-06	0.000909	0.000909	0.000989	0.000821	0
DIM_USD	2019-03-05	0.000909	0.000874	0.000912	0.000871	0
DIM_USD	2019-03-04	0.000874	0.000855	0.000879	0.000835	0
DIM_USD	2019-03-03	0.000855	0.000783	0.000862	0.000782	0
DIM_USD	2019-03-02	0.000783	0.000744	0.000784	0.000733	0
DIM_USD	2019-03-01	0.000744	0.000740	0.000750	0.000740	0
DIM_USD	2019-02-28	0.000740	0.000741	0.000862	0.000738	0
DIM_USD	2019-02-27	0.000741	0.000701	0.000747	0.000698	0
DIM_USD	2019-02-26	0.000702	0.000902	0.000905	0.000700	0
DIM_USD	2019-02-25	0.000902	0.000843	0.000912	0.000843	0
DIM_USD	2019-02-24	0.000843	0.000800	0.000857	0.000724	0
DIM_USD	2019-02-23	0.000800	0.000812	0.000846	0.000797	0
DIM_USD	2019-02-22	0.000813	0.000802	0.000815	0.000798	0
DIM_USD	2019-02-21	0.000802	0.000770	0.000809	0.000764	0
DIM_USD	2019-02-20	0.000772	0.000638	0.000772	0.000596	0
DIM_USD	2019-02-19	0.000639	0.000636	0.000653	0.000631	0
DIM_USD	2019-02-18	0.000637	0.000635	0.000785	0.000622	0
DIM_USD	2019-02-17	0.000635	0.000551	0.000637	0.000551	0
DIM_USD	2019-02-16	0.000551	0.000587	0.000592	0.000551	0
DIM_USD	2019-02-15	0.000586	0.000585	0.000595	0.000583	0
DIM_USD	2019-02-14	0.000585	0.000587	0.000589	0.000583	0
DIM_USD	2019-02-13	0.000587	0.000591	0.000627	0.000584	0
DIM_USD	2019-02-12	0.000591	0.000479	0.000596	0.000474	0
DIM_USD	2019-02-11	0.000479	0.000487	0.000487	0.000478	0
DIM_USD	2019-02-10	0.000487	0.000483	0.000487	0.000477	0
DIM_USD	2019-02-09	0.000483	0.000484	0.000486	0.000480	0
DIM_USD	2019-02-08	0.000484	0.000447	0.000493	0.000446	0
DIM_USD	2019-02-07	0.000447	0.000518	0.000519	0.000446	0
DIM_USD	2019-02-06	0.000518	0.000562	0.000563	0.000517	0
DIM_USD	2019-02-05	0.000562	0.000524	0.000562	0.000521	0
DIM_USD	2019-02-04	0.000524	0.000560	0.000561	0.000521	0
DIM_USD	2019-02-03	0.000560	0.000570	0.000571	0.000524	0
DIM_USD	2019-02-02	0.000569	0.000566	0.000572	0.000560	0
DIM_USD	2019-02-01	0.000566	0.000596	0.000597	0.000522	0
DIM_USD	2019-01-31	0.000595	0.000459	0.000597	0.000454	0
DIM_USD	2019-01-30	0.000459	0.000591	0.000598	0.000455	0
DIM_USD	2019-01-29	0.000591	0.000560	0.000594	0.000513	0
DIM_USD	2019-01-28	0.000560	0.000611	0.000612	0.000553	0
DIM_USD	2019-01-27	0.000612	0.000581	0.000617	0.000577	0
DIM_USD	2019-01-26	0.000581	0.000617	0.000709	0.000581	0
DIM_USD	2019-01-25	0.000617	0.000621	0.000623	0.000611	0
DIM_USD	2019-01-24	0.000621	0.000616	0.000624	0.000610	0
DIM_USD	2019-01-23	0.000615	0.000619	0.000624	0.000611	0
DIM_USD	2019-01-22	0.000619	0.000608	0.000625	0.000595	0
DIM_USD	2019-01-21	0.000609	0.000610	0.000613	0.000604	0
DIM_USD	2019-01-20	0.000610	0.000640	0.000645	0.000603	0
DIM_USD	2019-01-19	0.000640	0.000625	0.000654	0.000625	0
DIM_USD	2019-01-18	0.000625	0.000744	0.000745	0.000621	0
DIM_USD	2019-01-17	0.000744	0.000736	0.000744	0.000724	0
DIM_USD	2019-01-16	0.000734	0.000694	0.000742	0.000665	0
DIM_USD	2019-01-15	0.000695	0.000712	0.000717	0.000690	0
DIM_USD	2019-01-14	0.000712	0.000682	0.000726	0.000680	0
DIM_USD	2019-01-13	0.000682	0.000703	0.000707	0.000679	0
DIM_USD	2019-01-12	0.000703	0.000706	0.000709	0.000697	0
DIM_USD	2019-01-11	0.000706	0.000743	0.000746	0.000697	0
DIM_USD	2019-01-10	0.000743	0.000817	0.000827	0.000737	0
DIM_USD	2019-01-09	0.000817	0.000779	0.000820	0.000767	0
DIM_USD	2019-01-08	0.000779	0.000782	0.000800	0.000771	0
DIM_USD	2019-01-07	0.000782	0.000792	0.000797	0.000775	0
DIM_USD	2019-01-06	0.000793	0.000743	0.001486	0.000739	0
DIM_USD	2019-01-05	0.000743	0.000751	0.000763	0.000742	0
DIM_USD	2019-01-04	0.000752	0.000745	0.000757	0.000733	0
DIM_USD	2019-01-03	0.000745	0.000769	0.000770	0.000742	0
DIM_USD	2019-01-02	0.000770	0.000873	0.000875	0.000747	0
DIM_USD	2019-01-01	0.000871	0.000767	0.000876	0.000762	0
DIM_USD	2018-12-31	0.000766	0.000796	0.000797	0.000756	0
DIM_USD	2018-12-30	0.000795	0.000777	0.000798	0.000769	0
DIM_USD	2018-12-29	0.000777	0.000807	0.000818	0.000774	0
DIM_USD	2018-12-28	0.000807	0.000743	0.000817	0.000739	0
DIM_USD	2018-12-27	0.000743	0.000825	0.000832	0.000738	0
DIM_USD	2018-12-26	0.000825	0.000821	0.000838	0.000801	0
DIM_USD	2018-12-25	0.000820	0.000870	0.000872	0.000802	0
DIM_USD	2018-12-24	0.000870	0.000855	0.000921	0.000855	0
DIM_USD	2018-12-23	0.000855	0.000868	0.000884	0.000848	0
DIM_USD	2018-12-22	0.000866	0.000835	0.000871	0.000823	0
DIM_USD	2018-12-21	0.000834	0.000884	0.000901	0.000820	0
DIM_USD	2018-12-20	0.000885	0.000799	0.000902	0.000794	0
DIM_USD	2018-12-19	0.000800	0.000719	0.000848	0.000715	0
DIM_USD	2018-12-18	0.000718	0.000689	0.000722	0.000675	0
DIM_USD	2018-12-17	0.000689	0.000693	0.000745	0.000665	0
DIM_USD	2018-12-16	0.000693	0.000690	0.000709	0.000688	0
DIM_USD	2018-12-15	0.000690	0.000656	0.000695	0.000654	0
DIM_USD	2018-12-14	0.000656	0.000671	0.000711	0.000645	0
DIM_USD	2018-12-13	0.000670	0.000707	0.000709	0.000666	0
DIM_USD	2018-12-12	0.000707	0.000651	0.000721	0.000649	0
DIM_USD	2018-12-11	0.000653	0.000670	0.000674	0.000645	0
DIM_USD	2018-12-10	0.000670	0.000692	0.000703	0.000660	0
DIM_USD	2018-12-09	0.000693	0.000666	0.000718	0.000659	0
DIM_USD	2018-12-08	0.000666	0.000657	0.000695	0.000630	0
DIM_USD	2018-12-07	0.000657	0.000636	0.000684	0.000608	0
DIM_USD	2018-12-06	0.000637	0.000679	0.000705	0.000633	0
DIM_USD	2018-12-05	0.000678	0.000718	0.000719	0.000675	0
DIM_USD	2018-12-04	0.000717	0.000819	0.000853	0.000707	0
DIM_USD	2018-12-03	0.000820	0.000876	0.000877	0.000806	0
DIM_USD	2018-12-02	0.000874	0.000891	0.000914	0.000867	0
DIM_USD	2018-12-01	0.000891	0.000888	0.000917	0.000875	0
DIM_USD	2018-11-30	0.000888	0.000908	0.000942	0.000873	0
DIM_USD	2018-11-29	0.000905	0.001077	0.001103	0.000897	0
DIM_USD	2018-11-28	0.001077	0.000777	0.001108	0.000777	0
DIM_USD	2018-11-27	0.000777	0.000771	0.000789	0.000743	0
DIM_USD	2018-11-26	0.000771	0.000736	0.000805	0.000676	0
DIM_USD	2018-11-25	0.000739	0.000708	0.000756	0.000659	0
DIM_USD	2018-11-24	0.000708	0.000885	0.000903	0.000690	0
DIM_USD	2018-11-23	0.000885	0.000874	0.000893	0.000832	0
DIM_USD	2018-11-22	0.000878	0.000840	0.000919	0.000820	0
DIM_USD	2018-11-21	0.000841	0.000828	0.000859	0.000797	0
DIM_USD	2018-11-20	0.000826	0.000889	0.000908	0.000777	0
DIM_USD	2018-11-19	0.000889	0.001358	0.001358	0.000880	0
DIM_USD	2018-11-18	0.001358	0.001350	0.001370	0.001349	0
DIM_USD	2018-11-17	0.001350	0.001415	0.001415	0.001342	0
DIM_USD	2018-11-16	0.001415	0.001323	0.001425	0.001282	0
DIM_USD	2018-11-15	0.001323	0.001481	0.001482	0.001284	0
DIM_USD	2018-11-14	0.001471	0.001550	0.001620	0.001426	0
DIM_USD	2018-11-13	0.001551	0.001676	0.001681	0.001545	0
DIM_USD	2018-11-12	0.001676	0.001612	0.001679	0.001481	0
DIM_USD	2018-11-11	0.001615	0.001929	0.001935	0.001601	0
DIM_USD	2018-11-10	0.001929	0.001733	0.002262	0.001613	0
DIM_USD	2018-11-09	0.001733	0.001814	0.001818	0.001726	0
DIM_USD	2018-11-08	0.001814	0.001840	0.001844	0.001814	0
DIM_USD	2018-11-07	0.001840	0.001824	0.001850	0.001823	0
DIM_USD	2018-11-06	0.001824	0.001941	0.002004	0.001808	0
DIM_USD	2018-11-05	0.001941	0.002010	0.002014	0.001932	0
DIM_USD	2018-11-04	0.002010	0.001916	0.002018	0.001908	0
DIM_USD	2018-11-03	0.001916	0.002057	0.002058	0.001900	0
DIM_USD	2018-11-02	0.002057	0.002304	0.002376	0.001797	0
DIM_USD	2018-11-01	0.002304	0.001783	0.002369	0.001779	0
DIM_USD	2018-10-31	0.001783	0.001709	0.001901	0.001707	0
DIM_USD	2018-10-30	0.001709	0.001776	0.001844	0.001659	0
DIM_USD	2018-10-29	0.001840	0.001882	0.002015	0.001651	0
DIM_USD	2018-10-28	0.001882	0.002080	0.002210	0.001872	0
DIM_USD	2018-10-27	0.002080	0.002482	0.002483	0.002009	0
DIM_USD	2018-10-26	0.002482	0.002807	0.003070	0.002415	0
DIM_USD	2018-10-25	0.002807	0.001639	0.003534	0.001497	0
DIM_USD	2018-10-24	0.001639	0.001441	0.001718	0.001441	0
DIM_USD	2018-10-23	0.001441	0.001379	0.001449	0.001307	0
DIM_USD	2018-10-22	0.001379	0.001384	0.001392	0.001246	0
DIM_USD	2018-10-21	0.001383	0.001186	0.001462	0.001185	0
DIM_USD	2018-10-20	0.001185	0.001175	0.001256	0.001172	0
DIM_USD	2018-10-19	0.001175	0.001124	0.001248	0.001114	0
DIM_USD	2018-10-18	0.001124	0.001145	0.001288	0.001117	0
DIM_USD	2018-10-17	0.001145	0.001148	0.001214	0.001072	0
DIM_USD	2018-10-16	0.001149	0.001146	0.001172	0.001073	0
DIM_USD	2018-10-15	0.001146	0.001077	0.001278	0.001071	0
DIM_USD	2018-10-14	0.001077	0.001075	0.001088	0.001074	0
DIM_USD	2018-10-13	0.001075	0.001070	0.001076	0.001069	0
DIM_USD	2018-10-12	0.001071	0.001063	0.001079	0.001058	0
DIM_USD	2018-10-11	0.001063	0.001193	0.001193	0.001059	0
DIM_USD	2018-10-10	0.001193	0.001266	0.001266	0.001182	0
DIM_USD	2018-10-09	0.001266	0.001268	0.001269	0.001190	0
DIM_USD	2018-10-08	0.001268	0.001188	0.001276	0.001185	0
DIM_USD	2018-10-07	0.001188	0.001252	0.001255	0.001184	0
DIM_USD	2018-10-06	0.001252	0.001196	0.001263	0.001181	0
DIM_USD	2018-10-05	0.001196	0.001184	0.001266	0.001179	0
DIM_USD	2018-10-04	0.001184	0.001236	0.001260	0.001180	0
DIM_USD	2018-10-03	0.001236	0.001241	0.001308	0.001222	0
DIM_USD	2018-10-02	0.001242	0.001321	0.001327	0.001238	0
DIM_USD	2018-10-01	0.001320	0.001324	0.001331	0.001239	0
DIM_USD	2018-09-30	0.001324	0.001321	0.001330	0.001185	0
DIM_USD	2018-09-29	0.001321	0.001327	0.001386	0.001231	0
DIM_USD	2018-09-28	0.001327	0.001341	0.001365	0.001309	0
DIM_USD	2018-09-27	0.001338	0.001292	0.001345	0.001288	0
DIM_USD	2018-09-26	0.001292	0.001289	0.001310	0.001223	0
DIM_USD	2018-09-25	0.001287	0.001515	0.001515	0.001214	0
DIM_USD	2018-09-24	0.001515	0.001610	0.001739	0.001508	0
DIM_USD	2018-09-23	0.001611	0.002017	0.002020	0.001469	0
DIM_USD	2018-09-22	0.001950	0.001353	0.002420	0.001353	0
DIM_USD	2018-09-21	0.001354	0.001235	0.001356	0.001234	0
DIM_USD	2018-09-20	0.001235	0.001215	0.001300	0.001169	0
DIM_USD	2018-09-19	0.001214	0.001269	0.001272	0.001162	0
DIM_USD	2018-09-18	0.001269	0.001251	0.001276	0.001246	0
DIM_USD	2018-09-17	0.001251	0.001235	0.001296	0.001165	0
DIM_USD	2018-09-16	0.001235	0.001238	0.001300	0.000651	0
DIM_USD	2018-09-15	0.001239	0.001296	0.001304	0.001233	0
DIM_USD	2018-09-14	0.001297	0.001230	0.001375	0.001223	0
DIM_USD	2018-09-13	0.001230	0.001267	0.001304	0.001222	0
DIM_USD	2018-09-12	0.001267	0.001258	0.001270	0.001194	0
DIM_USD	2018-09-11	0.001258	0.001325	0.001403	0.001236	0
DIM_USD	2018-09-10	0.001325	0.001311	0.001390	0.001311	0
DIM_USD	2018-09-09	0.001310	0.001423	0.001427	0.001277	0
DIM_USD	2018-09-08	0.001423	0.001537	0.001554	0.001406	0
DIM_USD	2018-09-07	0.001537	0.001303	0.001548	0.001294	0
DIM_USD	2018-09-06	0.001303	0.001475	0.001542	0.001286	0
DIM_USD	2018-09-05	0.001475	0.001913	0.001923	0.001399	0
DIM_USD	2018-09-04	0.001913	0.001889	0.002066	0.001739	0
DIM_USD	2018-09-03	0.001890	0.002114	0.003369	0.001733	0
DIM_USD	2018-09-02	0.002114	0.002375	0.002377	0.001655	0
DIM_USD	2018-09-01	0.002375	0.001546	0.002886	0.001339	0
DIM_USD	2018-08-31	0.001546	0.001677	0.001898	0.001466	0
DIM_USD	2018-08-30	0.001679	0.001548	0.001691	0.001519	0
DIM_USD	2018-08-29	0.001550	0.001628	0.001711	0.001340	0
DIM_USD	2018-08-28	0.001628	0.001520	0.001688	0.001405	0
DIM_USD	2018-08-27	0.001519	0.001474	0.001555	0.001398	0
DIM_USD	2018-08-26	0.001476	0.001414	0.001535	0.001326	0
DIM_USD	2018-08-25	0.001415	0.001339	0.001422	0.001337	0
DIM_USD	2018-08-24	0.001339	0.001502	0.001504	0.001043	0
DIM_USD	2018-08-23	0.001501	0.001336	0.001510	0.001278	0
DIM_USD	2018-08-22	0.001335	0.001361	0.001542	0.001284	0
DIM_USD	2018-08-21	0.001361	0.001250	0.001365	0.001202	0
DIM_USD	2018-08-20	0.001251	0.001426	0.001491	0.001029	0
DIM_USD	2018-08-19	0.001427	0.001470	0.001486	0.001393	0
DIM_USD	2018-08-18	0.001470	0.001843	0.001843	0.001450	0
DIM_USD	2018-08-17	0.001845	0.001513	0.001970	0.001430	0
DIM_USD	2018-08-16	0.001515	0.001566	0.001582	0.001455	0
DIM_USD	2018-08-15	0.001568	0.001733	0.001893	0.001517	0
DIM_USD	2018-08-14	0.001732	0.001998	0.001998	0.001624	0
DIM_USD	2018-08-13	0.001938	0.002084	0.002153	0.001279	0
DIM_USD	2018-08-12	0.002084	0.002118	0.002156	0.001959	0
DIM_USD	2018-08-11	0.002116	0.002090	0.002196	0.001948	0
DIM_USD	2018-08-10	0.002089	0.002225	0.002235	0.002046	0
DIM_USD	2018-08-09	0.002220	0.002135	0.002251	0.002092	0
DIM_USD	2018-08-08	0.002135	0.002618	0.002618	0.002085	0
DIM_USD	2018-08-07	0.002620	0.002222	0.002782	0.002152	0
DIM_USD	2018-08-06	0.002220	0.002248	0.002432	0.002192	0
DIM_USD	2018-08-05	0.002250	0.002525	0.003151	0.002231	0
DIM_USD	2018-08-04	0.002522	0.002820	0.003421	0.002377	0
DIM_USD	2018-08-03	0.002892	0.002559	0.003627	0.002216	0
