DIVX_USD	2019-04-09	0.05081	0.05164	0.05164	0.05020	0
DIVX_USD	2019-04-08	0.05164	0.05091	0.05203	0.04998	0
DIVX_USD	2019-04-07	0.05091	0.04930	0.05144	0.04926	0
DIVX_USD	2019-04-06	0.04930	0.04934	0.05121	0.04822	0
DIVX_USD	2019-04-05	0.04934	0.04789	0.04967	0.04788	0
DIVX_USD	2019-04-04	0.04789	0.04832	0.04949	0.04691	0
DIVX_USD	2019-04-03	0.04832	0.04786	0.05169	0.04707	0
DIVX_USD	2019-04-02	0.04786	0.04075	0.04927	0.04066	0
DIVX_USD	2019-04-01	0.04075	0.04045	0.04096	0.04006	0
DIVX_USD	2019-03-31	0.04045	0.04042	0.04058	0.04031	0
DIVX_USD	2019-03-30	0.04042	0.04056	0.04086	0.04004	0
DIVX_USD	2019-03-29	0.04056	0.03972	0.04064	0.03965	0
DIVX_USD	2019-03-28	0.03972	0.03982	0.03983	0.03948	0
DIVX_USD	2019-03-27	0.03982	0.03874	0.03988	0.03862	0
DIVX_USD	2019-03-26	0.03874	0.03853	0.03877	0.03834	0
DIVX_USD	2019-03-25	0.03853	0.03922	0.03930	0.03824	0
DIVX_USD	2019-03-24	0.03922	0.03943	0.03943	0.03895	0
DIVX_USD	2019-03-23	0.03943	0.03929	0.03956	0.03917	0
DIVX_USD	2019-03-22	0.03929	0.03926	0.03949	0.03916	0
DIVX_USD	2019-03-21	0.03926	0.04005	0.04024	0.03888	0
DIVX_USD	2019-03-20	0.04005	0.03986	0.04014	0.03953	0
DIVX_USD	2019-03-19	0.03986	0.03954	0.03996	0.03937	0
DIVX_USD	2019-03-18	0.03954	0.03949	0.03997	0.03919	0
DIVX_USD	2019-03-17	0.03949	0.03969	0.03969	0.03922	0
DIVX_USD	2019-03-16	0.03969	0.03885	0.04030	0.03885	0
DIVX_USD	2019-03-15	0.03885	0.03833	0.03893	0.03832	0
DIVX_USD	2019-03-14	0.03833	0.03831	0.03882	0.03773	0
DIVX_USD	2019-03-13	0.03831	0.03837	0.03853	0.03810	0
DIVX_USD	2019-03-12	0.03837	0.03835	0.03862	0.03781	0
DIVX_USD	2019-03-11	0.03835	0.03881	0.03891	0.03805	0
DIVX_USD	2019-03-10	0.03881	0.03897	0.03899	0.03848	0
DIVX_USD	2019-03-09	0.03897	0.03824	0.03926	0.03818	0
DIVX_USD	2019-03-08	0.03824	0.03848	0.03901	0.03762	0
DIVX_USD	2019-03-07	0.03848	0.03835	0.03876	0.03819	0
DIVX_USD	2019-03-06	0.03835	0.03834	0.03860	0.03796	0
DIVX_USD	2019-03-05	0.03834	0.03688	0.03850	0.03675	0
DIVX_USD	2019-03-04	0.03688	0.03770	0.03792	0.03656	0
DIVX_USD	2019-03-03	0.03770	0.03798	0.03808	0.03746	0
DIVX_USD	2019-03-02	0.03798	0.03801	0.03808	0.03742	0
DIVX_USD	2019-03-01	0.03801	0.03781	0.03831	0.03778	0
DIVX_USD	2019-02-28	0.03781	0.03786	0.03869	0.03770	0
DIVX_USD	2019-02-27	0.03786	0.03783	0.03818	0.03662	0
DIVX_USD	2019-02-26	0.03783	0.03808	0.03818	0.03760	0
DIVX_USD	2019-02-25	0.03808	0.03720	0.03848	0.03717	0
DIVX_USD	2019-02-24	0.03720	0.04088	0.04156	0.03700	0
DIVX_USD	2019-02-23	0.04088	0.03945	0.04129	0.03897	0
DIVX_USD	2019-02-22	0.03945	0.03892	0.03954	0.03874	0
DIVX_USD	2019-02-21	0.03892	0.03941	0.04000	0.03859	0
DIVX_USD	2019-02-20	0.03941	0.03874	0.03947	0.03851	0
DIVX_USD	2019-02-19	0.03874	0.03862	0.03961	0.03827	0
DIVX_USD	2019-02-18	0.03862	0.03625	0.03891	0.03614	0
DIVX_USD	2019-02-17	0.03625	0.03568	0.03672	0.03561	0
DIVX_USD	2019-02-16	0.03568	0.03556	0.03613	0.03556	0
DIVX_USD	2019-02-15	0.03556	0.03550	0.03607	0.03537	0
DIVX_USD	2019-02-14	0.03550	0.03561	0.03573	0.03535	0
DIVX_USD	2019-02-13	0.03561	0.03585	0.03625	0.03543	0
DIVX_USD	2019-02-12	0.03585	0.03572	0.03614	0.03538	0
DIVX_USD	2019-02-11	0.03572	0.03636	0.03639	0.03568	0
DIVX_USD	2019-02-10	0.03636	0.03609	0.03637	0.03560	0
DIVX_USD	2019-02-09	0.03609	0.03614	0.03628	0.03585	0
DIVX_USD	2019-02-08	0.03614	0.03335	0.03682	0.03327	0
DIVX_USD	2019-02-07	0.03335	0.03350	0.03360	0.03330	0
DIVX_USD	2019-02-06	0.03350	0.03408	0.03417	0.03322	0
DIVX_USD	2019-02-05	0.03408	0.03387	0.03412	0.03373	0
DIVX_USD	2019-02-04	0.03387	0.03398	0.03416	0.03373	0
DIVX_USD	2019-02-03	0.03398	0.03454	0.03462	0.03369	0
DIVX_USD	2019-02-02	0.03454	0.03433	0.03467	0.03398	0
DIVX_USD	2019-02-01	0.03433	0.03399	0.03450	0.03364	0
DIVX_USD	2019-01-31	0.03399	0.03426	0.03462	0.03380	0
DIVX_USD	2019-01-30	0.03426	0.03375	0.03442	0.03350	0
DIVX_USD	2019-01-29	0.03375	0.03398	0.03409	0.03322	0
DIVX_USD	2019-01-28	0.03398	0.03491	0.03492	0.03354	0
DIVX_USD	2019-01-27	0.03491	0.03526	0.03535	0.03439	0
DIVX_USD	2019-01-26	0.03526	0.03522	0.03622	0.03518	0
DIVX_USD	2019-01-25	0.03522	0.03544	0.03555	0.03489	0
DIVX_USD	2019-01-24	0.03544	0.03513	0.03560	0.03484	0
DIVX_USD	2019-01-23	0.03513	0.03532	0.03563	0.03486	0
DIVX_USD	2019-01-22	0.03532	0.03475	0.03568	0.03399	0
DIVX_USD	2019-01-21	0.03475	0.03480	0.03499	0.03448	0
DIVX_USD	2019-01-20	0.03480	0.03654	0.03684	0.03443	0
DIVX_USD	2019-01-19	0.03654	0.03567	0.03736	0.03566	0
DIVX_USD	2019-01-18	0.03567	0.03611	0.03614	0.03546	0
DIVX_USD	2019-01-17	0.03611	0.03563	0.03613	0.03513	0
DIVX_USD	2019-01-16	0.03563	0.03548	0.03623	0.03535	0
DIVX_USD	2019-01-15	0.03548	0.03638	0.03663	0.03526	0
DIVX_USD	2019-01-14	0.03638	0.03405	0.03685	0.03396	0
DIVX_USD	2019-01-13	0.03405	0.03528	0.03636	0.03384	0
DIVX_USD	2019-01-12	0.03528	0.03460	0.03666	0.03450	0
DIVX_USD	2019-01-11	0.03460	0.03323	0.03565	0.03294	0
DIVX_USD	2019-01-10	0.03323	0.03287	0.03346	0.02905	0
DIVX_USD	2019-01-09	0.03287	0.03288	0.03397	0.03244	0
DIVX_USD	2019-01-08	0.03288	0.03886	0.04036	0.03235	0
DIVX_USD	2019-01-07	0.03886	0.04011	0.04801	0.03827	0
DIVX_USD	2019-01-06	0.04011	0.03706	0.07416	0.03505	0
DIVX_USD	2019-01-05	0.03706	0.03736	0.03887	0.03670	0
DIVX_USD	2019-01-04	0.03736	0.03585	0.03804	0.03562	0
DIVX_USD	2019-01-03	0.03585	0.03738	0.03935	0.03584	0
DIVX_USD	2019-01-02	0.03738	0.03689	0.03875	0.03608	0
DIVX_USD	2019-01-01	0.03689	0.03848	0.03851	0.03509	0
DIVX_USD	2018-12-31	0.03848	0.03860	0.04078	0.03722	0
DIVX_USD	2018-12-30	0.03860	0.03871	0.03959	0.03820	0
DIVX_USD	2018-12-29	0.03871	0.04088	0.04115	0.03856	0
DIVX_USD	2018-12-28	0.04085	0.03773	0.04262	0.03710	0
DIVX_USD	2018-12-27	0.03773	0.03891	0.04020	0.03573	0
DIVX_USD	2018-12-26	0.03891	0.03915	0.04086	0.03613	0
DIVX_USD	2018-12-25	0.03915	0.04278	0.04285	0.03699	0
DIVX_USD	2018-12-24	0.04278	0.03931	0.04538	0.03895	0
DIVX_USD	2018-12-23	0.03931	0.04338	0.04377	0.03822	0
DIVX_USD	2018-12-22	0.04338	0.04274	0.04412	0.03697	0
DIVX_USD	2018-12-21	0.04274	0.04311	0.04391	0.03976	0
DIVX_USD	2018-12-20	0.04311	0.03976	0.04672	0.03873	0
DIVX_USD	2018-12-19	0.03976	0.03772	0.04401	0.03750	0
DIVX_USD	2018-12-18	0.03772	0.03618	0.04281	0.03538	0
DIVX_USD	2018-12-17	0.03618	0.03401	0.03839	0.03369	0
DIVX_USD	2018-12-16	0.03401	0.03693	0.03693	0.03259	0
DIVX_USD	2018-12-15	0.03693	0.03411	0.03693	0.03287	0
DIVX_USD	2018-12-14	0.03411	0.03490	0.03754	0.03404	0
DIVX_USD	2018-12-13	0.03490	0.03774	0.03906	0.03457	0
DIVX_USD	2018-12-12	0.03774	0.03816	0.04204	0.03541	0
DIVX_USD	2018-12-11	0.04142	0.03560	0.04142	0.03356	0
DIVX_USD	2018-12-10	0.03560	0.03775	0.03853	0.03434	0
DIVX_USD	2018-12-09	0.03775	0.03730	0.04074	0.03500	0
DIVX_USD	2018-12-08	0.03730	0.03955	0.04418	0.03255	0
DIVX_USD	2018-12-07	0.03955	0.03505	0.03989	0.03177	0
DIVX_USD	2018-12-06	0.03505	0.03885	0.04234	0.03478	0
DIVX_USD	2018-12-05	0.03885	0.04482	0.04731	0.03749	0
DIVX_USD	2018-12-04	0.04482	0.03302	0.05347	0.03275	0
DIVX_USD	2018-12-03	0.03302	0.03519	0.03535	0.03249	0
DIVX_USD	2018-12-02	0.03519	0.03590	0.03683	0.03492	0
DIVX_USD	2018-12-01	0.03590	0.03416	0.03671	0.03367	0
DIVX_USD	2018-11-30	0.03416	0.03648	0.03686	0.03355	0
DIVX_USD	2018-11-29	0.03648	0.03643	0.03780	0.03538	0
DIVX_USD	2018-11-28	0.03643	0.03286	0.03748	0.03286	0
DIVX_USD	2018-11-27	0.03286	0.03263	0.03336	0.03141	0
DIVX_USD	2018-11-26	0.03263	0.03473	0.03549	0.03144	0
DIVX_USD	2018-11-25	0.03473	0.03325	0.03553	0.03098	0
DIVX_USD	2018-11-24	0.03325	0.03742	0.03820	0.03244	0
DIVX_USD	2018-11-23	0.03742	0.03716	0.03791	0.03596	0
DIVX_USD	2018-11-22	0.03716	0.03952	0.03990	0.03716	0
DIVX_USD	2018-11-21	0.03952	0.03882	0.04037	0.03748	0
DIVX_USD	2018-11-20	0.03882	0.04178	0.04269	0.03653	0
DIVX_USD	2018-11-19	0.04178	0.04788	0.04788	0.04138	0
DIVX_USD	2018-11-18	0.04788	0.04760	0.04831	0.04755	0
DIVX_USD	2018-11-17	0.04760	0.04789	0.04789	0.04715	0
DIVX_USD	2018-11-16	0.04789	0.04866	0.04870	0.04699	0
DIVX_USD	2018-11-15	0.04866	0.04978	0.05016	0.04604	0
DIVX_USD	2018-11-14	0.04978	0.05469	0.05486	0.04826	0
DIVX_USD	2018-11-13	0.05469	0.05454	0.05497	0.05417	0
DIVX_USD	2018-11-12	0.05454	0.05465	0.05482	0.05430	0
DIVX_USD	2018-11-11	0.05465	0.05441	0.05465	0.05384	0
DIVX_USD	2018-11-10	0.05441	0.05431	0.05467	0.05427	0
DIVX_USD	2018-11-09	0.05431	0.05482	0.05501	0.05409	0
DIVX_USD	2018-11-08	0.05482	0.05353	0.05567	0.05353	0
DIVX_USD	2018-11-07	0.05353	0.05512	0.05590	0.05353	0
DIVX_USD	2018-11-06	0.05512	0.05474	0.05512	0.05455	0
DIVX_USD	2018-11-05	0.05474	0.05486	0.05495	0.05448	0
DIVX_USD	2018-11-04	0.05486	0.05404	0.05507	0.05381	0
DIVX_USD	2018-11-03	0.05404	0.05437	0.05442	0.05357	0
DIVX_USD	2018-11-02	0.05437	0.05414	0.05461	0.05407	0
DIVX_USD	2018-11-01	0.05414	0.05388	0.05434	0.05375	0
DIVX_USD	2018-10-31	0.05388	0.05355	0.05413	0.05288	0
DIVX_USD	2018-10-30	0.05355	0.05364	0.05527	0.05248	0
DIVX_USD	2018-10-29	0.05364	0.05585	0.05703	0.05221	0
DIVX_USD	2018-10-28	0.05585	0.05545	0.05684	0.05522	0
DIVX_USD	2018-10-27	0.05545	0.05415	0.05636	0.05408	0
DIVX_USD	2018-10-26	0.05415	0.05464	0.05520	0.05368	0
DIVX_USD	2018-10-25	0.05464	0.05673	0.05976	0.05410	0
DIVX_USD	2018-10-24	0.05673	0.05705	0.05758	0.05469	0
DIVX_USD	2018-10-23	0.05705	0.05454	0.05918	0.05359	0
DIVX_USD	2018-10-22	0.05454	0.05666	0.05889	0.05435	0
DIVX_USD	2018-10-21	0.05666	0.05420	0.06258	0.05395	0
DIVX_USD	2018-10-20	0.05420	0.05538	0.05706	0.05328	0
DIVX_USD	2018-10-19	0.05538	0.05648	0.05916	0.05317	0
DIVX_USD	2018-10-18	0.05648	0.07132	0.07512	0.05641	0
DIVX_USD	2018-10-17	0.07132	0.06400	0.07518	0.06238	0
DIVX_USD	2018-10-16	0.06400	0.06199	0.06508	0.06031	0
DIVX_USD	2018-10-15	0.06199	0.05618	0.06731	0.05588	0
DIVX_USD	2018-10-14	0.05618	0.05621	0.05820	0.05529	0
DIVX_USD	2018-10-13	0.05621	0.05551	0.05640	0.05325	0
DIVX_USD	2018-10-12	0.05551	0.05330	0.05670	0.05302	0
DIVX_USD	2018-10-11	0.05330	0.05901	0.05922	0.05311	0
DIVX_USD	2018-10-10	0.05901	0.05250	0.06176	0.05139	0
DIVX_USD	2018-10-09	0.05250	0.05649	0.05681	0.05201	0
DIVX_USD	2018-10-08	0.05649	0.05723	0.05892	0.05609	0
DIVX_USD	2018-10-07	0.05723	0.05781	0.05860	0.05406	0
DIVX_USD	2018-10-06	0.05781	0.05449	0.05847	0.05388	0
DIVX_USD	2018-10-05	0.05449	0.05593	0.05631	0.05330	0
DIVX_USD	2018-10-04	0.05593	0.05476	0.05702	0.05373	0
DIVX_USD	2018-10-03	0.05476	0.05757	0.05763	0.05434	0
DIVX_USD	2018-10-02	0.05757	0.05888	0.06163	0.05745	0
DIVX_USD	2018-10-01	0.05888	0.05848	0.06140	0.05766	0
DIVX_USD	2018-09-30	0.05848	0.05799	0.05956	0.05765	0
DIVX_USD	2018-09-29	0.05799	0.05889	0.05932	0.05456	0
DIVX_USD	2018-09-28	0.05889	0.05756	0.06099	0.05452	0
DIVX_USD	2018-09-27	0.05756	0.05545	0.05814	0.05106	0
DIVX_USD	2018-09-26	0.05545	0.05740	0.05750	0.05270	0
DIVX_USD	2018-09-25	0.05740	0.06006	0.06006	0.05373	0
DIVX_USD	2018-09-24	0.06006	0.06178	0.06225	0.05967	0
DIVX_USD	2018-09-23	0.06178	0.06438	0.06474	0.06127	0
DIVX_USD	2018-09-22	0.06438	0.06268	0.06695	0.06256	0
DIVX_USD	2018-09-21	0.06268	0.06783	0.07132	0.06233	0
DIVX_USD	2018-09-20	0.06783	0.06890	0.06951	0.06488	0
DIVX_USD	2018-09-19	0.06890	0.06498	0.07195	0.06297	0
DIVX_USD	2018-09-18	0.06498	0.06499	0.06536	0.06327	0
DIVX_USD	2018-09-17	0.06499	0.06807	0.06924	0.06453	0
DIVX_USD	2018-09-16	0.06807	0.06908	0.06998	0.06757	0
DIVX_USD	2018-09-15	0.06908	0.07045	0.07099	0.06631	0
DIVX_USD	2018-09-14	0.07045	0.07567	0.07696	0.07043	0
DIVX_USD	2018-09-13	0.07567	0.06894	0.07619	0.06879	0
DIVX_USD	2018-09-12	0.06894	0.07092	0.07196	0.06381	0
DIVX_USD	2018-09-11	0.07092	0.07522	0.07642	0.06922	0
DIVX_USD	2018-09-10	0.07522	0.07697	0.07810	0.07418	0
DIVX_USD	2018-09-09	0.07697	0.07410	0.07894	0.07372	0
DIVX_USD	2018-09-08	0.07410	0.07707	0.08023	0.07293	0
DIVX_USD	2018-09-07	0.07707	0.08100	0.08133	0.07662	0
DIVX_USD	2018-09-06	0.08100	0.08152	0.08172	0.07646	0
DIVX_USD	2018-09-05	0.08152	0.09438	0.09563	0.08147	0
DIVX_USD	2018-09-04	0.09438	0.09505	0.09733	0.09183	0
DIVX_USD	2018-09-03	0.09505	0.09507	0.09990	0.09038	0
DIVX_USD	2018-09-02	0.09507	0.09551	0.09849	0.09036	0
DIVX_USD	2018-09-01	0.09551	0.09092	0.09637	0.09005	0
DIVX_USD	2018-08-31	0.09092	0.09246	0.09246	0.08858	0
DIVX_USD	2018-08-30	0.09246	0.09284	0.09385	0.08793	0
DIVX_USD	2018-08-29	0.09284	0.09443	0.09735	0.09083	0
DIVX_USD	2018-08-28	0.09443	0.09557	0.10070	0.09395	0
DIVX_USD	2018-08-27	0.09557	0.09043	0.09571	0.08627	0
DIVX_USD	2018-08-26	0.09043	0.09236	0.09485	0.08477	0
DIVX_USD	2018-08-25	0.09236	0.10212	0.10303	0.08595	0
DIVX_USD	2018-08-24	0.10212	0.08684	0.10277	0.08553	0
DIVX_USD	2018-08-23	0.08684	0.09049	0.09133	0.08376	0
DIVX_USD	2018-08-22	0.09049	0.09621	0.10214	0.08334	0
DIVX_USD	2018-08-21	0.09621	0.09824	0.10185	0.09112	0
DIVX_USD	2018-08-20	0.09824	0.12105	0.12517	0.09778	0
DIVX_USD	2018-08-19	0.12105	0.08282	0.12429	0.08206	0
DIVX_USD	2018-08-18	0.08282	0.07890	0.08519	0.07759	0
DIVX_USD	2018-08-17	0.07890	0.07268	0.08069	0.07069	0
DIVX_USD	2018-08-16	0.07268	0.06731	0.07480	0.06684	0
DIVX_USD	2018-08-15	0.06731	0.06904	0.07222	0.06694	0
DIVX_USD	2018-08-14	0.06904	0.07074	0.07094	0.06514	0
DIVX_USD	2018-08-13	0.07074	0.07312	0.07572	0.06893	0
DIVX_USD	2018-08-12	0.07312	0.07303	0.07524	0.07145	0
DIVX_USD	2018-08-11	0.07303	0.07025	0.08377	0.06879	0
DIVX_USD	2018-08-10	0.07025	0.07557	0.07612	0.06891	0
DIVX_USD	2018-08-09	0.07557	0.07257	0.07631	0.07025	0
DIVX_USD	2018-08-08	0.07257	0.07695	0.08041	0.07114	0
DIVX_USD	2018-08-07	0.07695	0.07763	0.08542	0.07677	0
DIVX_USD	2018-08-06	0.07763	0.08330	0.08652	0.07634	0
DIVX_USD	2018-08-05	0.08330	0.07945	0.08348	0.07757	0
DIVX_USD	2018-08-04	0.07945	0.08618	0.08696	0.07920	0
DIVX_USD	2018-08-03	0.08618	0.08684	0.09025	0.08221	0
DIVX_USD	2018-08-02	0.08684	0.09642	0.09833	0.08408	0
DIVX_USD	2018-08-01	0.09642	0.09716	0.09804	0.09068	0
DIVX_USD	2018-07-31	0.09716	0.11137	0.11284	0.09588	0
DIVX_USD	2018-07-30	0.11137	0.11408	0.11408	0.10322	0
DIVX_USD	2018-07-29	0.11408	0.12665	0.13008	0.10808	0
DIVX_USD	2018-07-28	0.12665	0.12830	0.13416	0.12026	0
DIVX_USD	2018-07-27	0.12830	0.12406	0.12954	0.11317	0
DIVX_USD	2018-07-26	0.12406	0.12017	0.13817	0.11495	0
DIVX_USD	2018-07-25	0.12017	0.13032	0.13166	0.10904	0
DIVX_USD	2018-07-24	0.13032	0.13441	0.14161	0.12324	0
DIVX_USD	2018-07-23	0.13441	0.14233	0.16209	0.12898	0
DIVX_USD	2018-07-22	0.14233	0.15558	0.15738	0.14132	0
DIVX_USD	2018-07-21	0.15558	0.14881	0.17490	0.14839	0
DIVX_USD	2018-07-20	0.14881	0.16636	0.16898	0.14881	0
DIVX_USD	2018-07-19	0.16636	0.16172	0.17926	0.14842	0
DIVX_USD	2018-07-18	0.16172	0.16254	0.27949	0.15897	0
DIVX_USD	2018-07-17	0.16254	0.15329	0.16877	0.14704	0
DIVX_USD	2018-07-16	0.15329	0.16263	0.17678	0.13703	0
DIVX_USD	2018-07-15	0.16263	0.17869	0.18008	0.16244	0
DIVX_USD	2018-07-14	0.17869	0.17444	0.18048	0.16973	0
DIVX_USD	2018-07-13	0.17444	0.17678	0.18227	0.17187	0
DIVX_USD	2018-07-12	0.17678	0.18712	0.18805	0.17249	0
DIVX_USD	2018-07-11	0.18712	0.19240	0.19782	0.18171	0
DIVX_USD	2018-07-10	0.19240	0.20976	0.21194	0.18313	0
DIVX_USD	2018-07-09	0.20976	0.20265	0.21808	0.19019	0
DIVX_USD	2018-07-08	0.20265	0.18514	0.27434	0.18356	0
DIVX_USD	2018-07-07	0.18514	0.21593	0.22622	0.15133	0
DIVX_USD	2018-07-06	0.21593	0.21007	0.22961	0.20716	0
DIVX_USD	2018-07-05	0.21007	0.27345	0.28306	0.20588	0
DIVX_USD	2018-07-04	0.27345	0.28996	0.29797	0.26545	0
DIVX_USD	2018-07-03	0.28996	0.30709	0.36755	0.00433	0
DIVX_USD	2018-07-02	0.30709	0.31710	0.33966	0.00000	0
DIVX_USD	2018-07-01	0.31713	0.32191	0.32505	0.29758	0
DIVX_USD	2018-06-30	0.32181	0.34719	0.34945	0.31747	0
DIVX_USD	2018-06-29	0.35973	0.29264	0.36195	0.29264	0
DIVX_USD	2018-06-28	0.29311	0.34805	0.35008	0.29164	0
DIVX_USD	2018-06-27	0.35185	0.38271	0.40593	0.34482	0
DIVX_USD	2018-06-26	0.38392	0.44655	0.44731	0.38065	0
DIVX_USD	2018-06-25	0.44625	0.46489	0.47148	0.43738	0
DIVX_USD	2018-06-24	0.46504	0.50672	0.50835	0.45626	0
DIVX_USD	2018-06-23	0.50606	0.51690	0.52639	0.49186	0
DIVX_USD	2018-06-22	0.51691	0.61438	0.61528	0.50476	0
DIVX_USD	2018-06-21	0.61384	0.65045	0.67726	0.59892	0
DIVX_USD	2018-06-20	0.65048	0.67358	0.67590	0.62652	0
DIVX_USD	2018-06-19	0.67438	0.71061	0.80760	0.66831	0
DIVX_USD	2018-06-18	0.71043	0.68525	0.72350	0.66956	0
DIVX_USD	2018-06-17	0.68518	0.69405	0.71432	0.68116	0
DIVX_USD	2018-06-16	0.69392	0.67601	0.71209	0.66605	0
DIVX_USD	2018-06-15	0.67569	0.72479	0.74921	0.67438	0
DIVX_USD	2018-06-14	0.72142	0.66400	0.72509	0.65874	0
DIVX_USD	2018-06-13	0.66362	0.72088	0.75815	0.64351	0
DIVX_USD	2018-06-12	0.72071	0.78057	0.79378	0.71360	0
DIVX_USD	2018-06-11	0.78105	0.79110	0.80674	0.76189	0
DIVX_USD	2018-06-10	0.78826	0.89713	0.89713	0.77303	0
DIVX_USD	2018-06-09	0.89688	0.88402	0.96929	0.86797	0
DIVX_USD	2018-06-08	0.88400	0.93908	0.96614	0.84317	0
DIVX_USD	2018-06-07	0.93947	0.90917	1.04053	0.86758	0
DIVX_USD	2018-06-06	0.90913	0.85859	0.90913	0.82797	0
DIVX_USD	2018-06-05	0.85782	0.88614	0.92162	0.82755	0
DIVX_USD	2018-06-04	0.88825	0.84428	0.92516	0.82096	0
DIVX_USD	2018-06-03	0.83093	0.84004	0.97991	0.80705	0
DIVX_USD	2018-06-02	0.84442	0.81412	0.90527	0.78342	0
DIVX_USD	2018-06-01	0.81385	0.82685	0.87770	0.77829	0
DIVX_USD	2018-05-31	0.82693	0.75522	0.86391	0.75219	0
DIVX_USD	2018-05-30	0.75555	0.82480	0.83710	0.75460	0
DIVX_USD	2018-05-29	0.82383	0.74380	0.83296	0.74380	0
DIVX_USD	2018-05-28	0.74334	0.85884	0.86882	0.73482	0
DIVX_USD	2018-05-27	0.85991	0.90137	0.90929	0.84464	0
DIVX_USD	2018-05-26	0.90117	1.00925	1.08829	0.89116	0
DIVX_USD	2018-05-25	1.00943	0.88257	1.04564	0.84639	0
DIVX_USD	2018-05-24	0.88220	0.82169	0.91972	0.78190	0
DIVX_USD	2018-05-23	0.82232	0.85340	1.21368	0.80181	0
DIVX_USD	2018-05-22	0.85042	0.94796	1.00521	0.84387	0
DIVX_USD	2018-05-21	0.94796	0.94964	0.97013	0.92471	0
DIVX_USD	2018-05-20	0.94964	0.89465	1.02660	0.88246	0
DIVX_USD	2018-05-19	0.89465	0.90591	0.90640	0.86742	0
DIVX_USD	2018-05-18	0.90591	0.85876	0.93902	0.84294	0
DIVX_USD	2018-05-17	0.85988	0.91510	0.97398	0.85377	0
DIVX_USD	2018-05-16	0.91432	0.99801	1.02133	0.88187	0
DIVX_USD	2018-05-15	0.99679	0.95542	1.25079	0.93454	0
DIVX_USD	2018-05-14	0.95550	0.95124	1.03868	0.89262	0
DIVX_USD	2018-05-13	0.95124	0.89372	1.03040	0.87802	0
DIVX_USD	2018-05-12	0.89295	0.90772	0.92761	0.85093	0
DIVX_USD	2018-05-11	0.90772	0.92375	1.01927	0.87524	0
DIVX_USD	2018-05-10	0.92375	0.95502	1.01593	0.91741	0
DIVX_USD	2018-05-09	0.95502	0.96055	0.96585	0.92946	0
DIVX_USD	2018-05-08	0.96055	1.03940	1.07432	0.00011	0
DIVX_USD	2018-05-07	0.96271	0.99517	0.99981	0.93790	0
DIVX_USD	2018-05-06	0.99517	0.98047	1.15399	0.95625	0
DIVX_USD	2018-05-05	0.98576	0.97170	1.03080	0.96731	0
DIVX_USD	2018-05-04	0.97170	0.91279	1.03493	0.87987	0
DIVX_USD	2018-05-03	0.91279	0.92935	0.97062	0.86499	0
DIVX_USD	2018-05-02	0.92935	0.92425	0.95664	0.89979	0
DIVX_USD	2018-05-01	0.92425	0.97899	0.98259	0.92118	0
DIVX_USD	2018-04-30	0.97899	0.93891	0.99776	0.91926	0
DIVX_USD	2018-04-29	0.93891	0.92771	0.95691	0.91680	0
DIVX_USD	2018-04-28	0.92771	0.88646	0.96160	0.88036	0
DIVX_USD	2018-04-27	0.88646	0.92215	0.92945	0.83617	0
DIVX_USD	2018-04-26	0.92215	0.90863	0.94530	0.81982	0
DIVX_USD	2018-04-25	0.90863	1.07465	1.10369	0.89949	0
DIVX_USD	2018-04-24	1.07465	1.13128	1.20843	0.98745	0
DIVX_USD	2018-04-23	1.13128	1.12645	1.16488	1.00321	0
DIVX_USD	2018-04-22	1.12645	1.15261	1.15324	1.08478	0
DIVX_USD	2018-04-21	1.15261	1.24253	1.24253	1.08212	0
DIVX_USD	2018-04-20	1.24253	1.23926	1.25324	1.11464	0
DIVX_USD	2018-04-19	1.23926	1.32246	1.32972	1.18469	0
DIVX_USD	2018-04-18	1.32246	1.16388	1.44826	1.15507	0
DIVX_USD	2018-04-17	1.16388	1.15842	1.30076	1.12658	0
DIVX_USD	2018-04-16	1.15842	1.18582	1.21795	1.11692	0
DIVX_USD	2018-04-15	1.18582	1.09662	1.21800	1.09590	0
DIVX_USD	2018-04-14	1.09662	1.14300	1.17512	1.07803	0
DIVX_USD	2018-04-13	1.14300	1.08798	1.17879	1.05997	0
DIVX_USD	2018-04-12	1.08798	0.92857	1.13871	0.89297	0
DIVX_USD	2018-04-11	0.92857	0.90544	0.94365	0.88210	0
DIVX_USD	2018-04-10	0.90544	0.87566	0.90680	0.84638	0
DIVX_USD	2018-04-09	0.87536	0.91544	0.97008	0.85118	0
DIVX_USD	2018-04-08	0.91544	0.95733	0.97544	0.90280	0
DIVX_USD	2018-04-07	0.95733	0.84004	0.97243	0.83821	0
DIVX_USD	2018-04-06	0.84004	0.86994	0.89831	0.82966	0
DIVX_USD	2018-04-05	0.86994	0.83071	0.90271	0.80714	0
DIVX_USD	2018-04-04	0.83071	0.95479	0.95479	0.82743	0
DIVX_USD	2018-04-03	0.95479	0.84717	0.97571	0.84705	0
DIVX_USD	2018-04-02	0.84717	0.80005	0.85910	0.78727	0
DIVX_USD	2018-04-01	0.80005	0.78951	0.85069	0.74733	0
DIVX_USD	2018-03-31	0.78951	0.72919	0.84579	0.72919	0
DIVX_USD	2018-03-30	0.72919	0.85805	0.86388	0.66437	0
DIVX_USD	2018-03-29	0.85805	0.99952	1.00241	0.83838	0
DIVX_USD	2018-03-28	0.99952	1.01498	1.11512	0.96559	0
DIVX_USD	2018-03-27	1.01498	1.13735	1.14335	1.01183	0
DIVX_USD	2018-03-26	1.13735	1.10709	1.20041	1.03674	0
DIVX_USD	2018-03-25	1.10709	1.12696	1.23617	1.09901	0
DIVX_USD	2018-03-24	1.12696	1.20809	1.21719	1.12571	0
DIVX_USD	2018-03-23	1.20809	1.23496	1.29251	1.13698	0
DIVX_USD	2018-03-22	1.23496	1.30669	1.36193	1.13988	0
DIVX_USD	2018-03-21	1.30669	1.33542	1.36958	1.28311	0
DIVX_USD	2018-03-20	1.33542	1.13915	1.33602	1.06810	0
DIVX_USD	2018-03-19	1.13915	1.08872	1.15144	1.07398	0
DIVX_USD	2018-03-18	1.08872	1.08067	1.10214	0.96855	0
DIVX_USD	2018-03-17	1.08067	1.10025	1.10077	1.01744	0
DIVX_USD	2018-03-16	1.10025	1.10136	1.14422	1.05552	0
DIVX_USD	2018-03-15	1.10136	1.08623	1.13335	1.04634	0
DIVX_USD	2018-03-14	1.08623	1.21819	1.28424	1.06517	0
DIVX_USD	2018-03-13	1.21819	1.26074	1.34883	1.19450	0
DIVX_USD	2018-03-12	1.26074	1.21469	1.65174	1.19071	0
DIVX_USD	2018-03-11	1.21469	1.22980	1.57111	1.14012	0
DIVX_USD	2018-03-10	1.22980	1.24737	1.87922	1.15026	0
DIVX_USD	2018-03-09	1.24737	1.40878	1.42436	1.10969	0
DIVX_USD	2018-03-08	1.40878	1.50049	1.51387	1.32783	0
DIVX_USD	2018-03-07	1.50049	1.45110	1.77522	1.33517	0
DIVX_USD	2018-03-06	1.45110	1.88219	1.88219	1.40826	0
DIVX_USD	2018-03-05	1.88219	1.95903	2.10091	1.73063	0
DIVX_USD	2018-03-04	1.95903	1.93865	2.22685	1.88999	0
DIVX_USD	2018-03-03	1.93865	1.82157	2.43571	1.82152	0
DIVX_USD	2018-03-02	1.82157	2.29977	2.34217	1.80943	0
