DML_USD	2019-01-27	0.04809	0.04809	0.04809	0.04809	0
DML_USD	2019-01-26	0.04809	0.04809	0.04809	0.04809	0
DML_USD	2019-01-25	0.04809	0.04809	0.04809	0.04809	0
DML_USD	2019-01-24	0.04809	0.04809	0.04809	0.04809	0
DML_USD	2019-01-23	0.04809	0.04809	0.04809	0.04809	0
DML_USD	2019-01-22	0.04809	0.04809	0.04809	0.04809	0
DML_USD	2019-01-21	0.04809	0.04809	0.04809	0.04809	0
DML_USD	2019-01-19	0.04809	0.04809	0.04809	0.04809	0
DML_USD	2019-01-18	0.04809	0.04809	0.04809	0.04809	0
DML_USD	2019-01-17	0.04809	0.04809	0.04809	0.04809	0
DML_USD	2019-01-16	0.04809	0.04809	0.04809	0.04809	0
DML_USD	2019-01-15	0.04809	0.04809	0.04809	0.04809	0
DML_USD	2019-01-14	0.04809	0.04770	0.04819	0.04754	0
DML_USD	2019-01-13	0.04770	0.04917	0.04939	0.04744	0
DML_USD	2019-01-12	0.04917	0.04933	0.04959	0.04874	0
DML_USD	2019-01-11	0.04933	0.04931	0.05005	0.04869	0
DML_USD	2019-01-10	0.04931	0.05423	0.05493	0.04897	0
DML_USD	2019-01-09	0.05423	0.05444	0.05526	0.05360	0
DML_USD	2019-01-08	0.05444	0.05463	0.05588	0.05390	0
DML_USD	2019-01-07	0.05463	0.05540	0.05573	0.05417	0
DML_USD	2019-01-06	0.05540	0.05195	0.10389	0.05164	0
DML_USD	2019-01-05	0.05195	0.05255	0.05331	0.05185	0
DML_USD	2019-01-04	0.05255	0.05207	0.05293	0.05126	0
DML_USD	2019-01-03	0.05207	0.05378	0.05385	0.05183	0
DML_USD	2019-01-02	0.05378	0.05256	0.05408	0.05206	0
DML_USD	2019-01-01	0.05256	0.05087	0.05287	0.05032	0
DML_USD	2018-12-31	0.05087	0.05276	0.05289	0.05022	0
DML_USD	2018-12-30	0.05276	0.05156	0.05298	0.05107	0
DML_USD	2018-12-29	0.05156	0.05361	0.05429	0.05137	0
DML_USD	2018-12-28	0.05361	0.04932	0.05424	0.04909	0
DML_USD	2018-12-27	0.04932	0.05219	0.05262	0.04898	0
DML_USD	2018-12-26	0.05219	0.05186	0.05299	0.05063	0
DML_USD	2018-12-25	0.05186	0.05505	0.05514	0.05074	0
DML_USD	2018-12-24	0.05505	0.05406	0.05822	0.05406	0
DML_USD	2018-12-23	0.05406	0.05479	0.05591	0.05362	0
DML_USD	2018-12-22	0.05479	0.05275	0.05506	0.05205	0
DML_USD	2018-12-21	0.05275	0.05597	0.05695	0.05186	0
DML_USD	2018-12-20	0.05597	0.05060	0.05705	0.05023	0
DML_USD	2018-12-19	0.05060	0.05019	0.05364	0.04996	0
DML_USD	2018-12-18	0.05019	0.04814	0.05043	0.04715	0
DML_USD	2018-12-17	0.04814	0.04382	0.04919	0.04363	0
DML_USD	2018-12-16	0.04382	0.04365	0.04485	0.04352	0
DML_USD	2018-12-15	0.04365	0.04358	0.04408	0.04273	0
DML_USD	2018-12-14	0.04358	0.04451	0.04497	0.04285	0
DML_USD	2018-12-13	0.04451	0.04697	0.04706	0.04421	0
DML_USD	2018-12-12	0.04697	0.04544	0.04788	0.04536	0
DML_USD	2018-12-11	0.04584	0.04681	0.04714	0.04510	0
DML_USD	2018-12-10	0.04681	0.04841	0.04913	0.04616	0
DML_USD	2018-12-09	0.04841	0.04656	0.05016	0.04607	0
DML_USD	2018-12-08	0.04656	0.04593	0.04856	0.04405	0
DML_USD	2018-12-07	0.04593	0.04701	0.04780	0.04360	0
DML_USD	2018-12-06	0.04701	0.05002	0.05200	0.04669	0
DML_USD	2018-12-05	0.05002	0.05288	0.05308	0.04982	0
DML_USD	2018-12-04	0.05288	0.05183	0.05490	0.05059	0
DML_USD	2018-12-03	0.05183	0.05524	0.05549	0.05100	0
DML_USD	2018-12-02	0.05524	0.05635	0.05781	0.05481	0
DML_USD	2018-12-01	0.05635	0.05363	0.05762	0.05285	0
DML_USD	2018-11-30	0.05363	0.05733	0.05793	0.05267	0
DML_USD	2018-11-29	0.05733	0.05725	0.05941	0.05561	0
DML_USD	2018-11-28	0.05725	0.05164	0.05891	0.05164	0
DML_USD	2018-11-27	0.05164	0.05039	0.05242	0.04804	0
DML_USD	2018-11-26	0.05039	0.04374	0.07211	0.04313	0
DML_USD	2018-11-25	0.04374	0.04504	0.07197	0.03679	0
DML_USD	2018-11-24	0.04504	0.05044	0.05150	0.04383	0
DML_USD	2018-11-23	0.05044	0.05022	0.05113	0.04864	0
DML_USD	2018-11-22	0.05022	0.05423	0.05759	0.05022	0
DML_USD	2018-11-21	0.05423	0.05360	0.05557	0.05145	0
DML_USD	2018-11-20	0.05360	0.05691	0.05828	0.05018	0
DML_USD	2018-11-19	0.05691	0.06670	0.06670	0.05602	0
DML_USD	2018-11-18	0.06670	0.06623	0.06730	0.06621	0
DML_USD	2018-11-17	0.06623	0.06668	0.06668	0.06566	0
DML_USD	2018-11-16	0.06668	0.06790	0.06796	0.06544	0
DML_USD	2018-11-15	0.06790	0.06926	0.06973	0.06418	0
DML_USD	2018-11-14	0.06926	0.07635	0.07649	0.06717	0
DML_USD	2018-11-13	0.07635	0.07578	0.07670	0.07527	0
DML_USD	2018-11-12	0.07578	0.07594	0.07617	0.07545	0
DML_USD	2018-11-11	0.07594	0.07524	0.07594	0.07436	0
DML_USD	2018-11-10	0.07524	0.07518	0.07568	0.07511	0
DML_USD	2018-11-09	0.07518	0.07335	0.07518	0.07335	0
DML_USD	2018-11-08	0.07335	0.08088	0.08103	0.07113	0
DML_USD	2018-11-07	0.08088	0.08033	0.08154	0.08029	0
DML_USD	2018-11-06	0.08033	0.08072	0.08110	0.07977	0
DML_USD	2018-11-05	0.08072	0.08090	0.08106	0.08036	0
DML_USD	2018-11-04	0.08090	0.07860	0.08117	0.07823	0
DML_USD	2018-11-03	0.07860	0.07870	0.07876	0.07761	0
DML_USD	2018-11-02	0.07870	0.07840	0.07907	0.07826	0
DML_USD	2018-11-01	0.07840	0.07422	0.07868	0.07405	0
DML_USD	2018-10-31	0.07422	0.07454	0.07694	0.07285	0
DML_USD	2018-10-30	0.07454	0.07920	0.07981	0.07437	0
DML_USD	2018-10-29	0.07920	0.08012	0.08108	0.07895	0
DML_USD	2018-10-28	0.08012	0.07660	0.08021	0.07312	0
DML_USD	2018-10-27	0.07660	0.07485	0.07662	0.07472	0
DML_USD	2018-10-26	0.07485	0.07227	0.07770	0.07107	0
DML_USD	2018-10-25	0.07227	0.08474	0.08511	0.07227	0
DML_USD	2018-10-24	0.08474	0.08636	0.08681	0.08085	0
DML_USD	2018-10-23	0.08636	0.09060	0.09328	0.08573	0
DML_USD	2018-10-22	0.09060	0.07033	0.09060	0.06909	0
DML_USD	2018-10-21	0.07033	0.06783	0.07151	0.06735	0
DML_USD	2018-10-20	0.06783	0.08342	0.08429	0.06724	0
DML_USD	2018-10-19	0.08342	0.10069	0.10094	0.06794	0
DML_USD	2018-10-18	0.10069	0.10278	0.11380	0.10009	0
DML_USD	2018-10-17	0.10278	0.09829	0.10621	0.09756	0
DML_USD	2018-10-16	0.09829	0.09820	0.10055	0.09716	0
DML_USD	2018-10-15	0.09820	0.09323	0.10998	0.09270	0
DML_USD	2018-10-14	0.09323	0.09309	0.09416	0.09033	0
DML_USD	2018-10-13	0.09309	0.09244	0.09315	0.09148	0
DML_USD	2018-10-12	0.09244	0.09217	0.09358	0.09167	0
DML_USD	2018-10-11	0.09217	0.09892	0.09892	0.09105	0
DML_USD	2018-10-10	0.09892	0.09945	0.10355	0.09746	0
DML_USD	2018-10-09	0.09945	0.09946	0.10027	0.09849	0
DML_USD	2018-10-08	0.09946	0.10192	0.10227	0.09846	0
DML_USD	2018-10-07	0.10192	0.10188	0.10243	0.10100	0
DML_USD	2018-10-06	0.10188	0.10904	0.10910	0.10183	0
DML_USD	2018-10-05	0.10904	0.10798	0.10937	0.10749	0
DML_USD	2018-10-04	0.10798	0.10753	0.10961	0.10548	0
DML_USD	2018-10-03	0.10753	0.10128	0.10804	0.09894	0
DML_USD	2018-10-02	0.10128	0.10670	0.11191	0.10090	0
DML_USD	2018-10-01	0.10670	0.10279	0.10677	0.10195	0
DML_USD	2018-09-30	0.10279	0.10257	0.10337	0.10144	0
DML_USD	2018-09-29	0.10257	0.10304	0.10304	0.10042	0
DML_USD	2018-09-28	0.10304	0.10555	0.10770	0.10165	0
DML_USD	2018-09-27	0.10555	0.10482	0.10848	0.10479	0
DML_USD	2018-09-26	0.10482	0.10373	0.10587	0.10297	0
DML_USD	2018-09-25	0.10373	0.10184	0.10612	0.09812	0
DML_USD	2018-09-24	0.10184	0.10389	0.10405	0.10147	0
DML_USD	2018-09-23	0.10389	0.10409	0.10500	0.10319	0
DML_USD	2018-09-22	0.10409	0.10484	0.10589	0.10284	0
DML_USD	2018-09-21	0.10484	0.09994	0.10488	0.09988	0
DML_USD	2018-09-20	0.09994	0.09917	0.10032	0.09774	0
DML_USD	2018-09-19	0.09917	0.09850	0.09952	0.09412	0
DML_USD	2018-09-18	0.09850	0.09720	0.09904	0.09685	0
DML_USD	2018-09-17	0.09720	0.10099	0.10154	0.09658	0
DML_USD	2018-09-16	0.10099	0.10592	0.10592	0.10072	0
DML_USD	2018-09-15	0.10592	0.10574	0.10675	0.10538	0
DML_USD	2018-09-14	0.10574	0.10568	0.10735	0.10388	0
DML_USD	2018-09-13	0.10568	0.09876	0.10646	0.09871	0
DML_USD	2018-09-12	0.09876	0.09806	0.09896	0.09667	0
DML_USD	2018-09-11	0.09806	0.10087	0.10207	0.09635	0
DML_USD	2018-09-10	0.10087	0.10146	0.10306	0.10036	0
DML_USD	2018-09-09	0.10146	0.10187	0.10512	0.10109	0
DML_USD	2018-09-08	0.10187	0.10612	0.10738	0.10125	0
DML_USD	2018-09-07	0.10612	0.10963	0.10967	0.10563	0
DML_USD	2018-09-06	0.10963	0.11326	0.11354	0.10619	0
DML_USD	2018-09-05	0.11326	0.12573	0.12689	0.11320	0
DML_USD	2018-09-04	0.12573	0.11098	0.12627	0.11032	0
DML_USD	2018-09-03	0.11098	0.12773	0.12934	0.11058	0
DML_USD	2018-09-02	0.12773	0.11264	0.14206	0.11159	0
DML_USD	2018-09-01	0.11264	0.10965	0.11406	0.10844	0
DML_USD	2018-08-31	0.10965	0.11002	0.11111	0.10842	0
DML_USD	2018-08-30	0.11002	0.11035	0.11059	0.10694	0
DML_USD	2018-08-29	0.11035	0.11265	0.11283	0.10967	0
DML_USD	2018-08-28	0.11265	0.11490	0.11838	0.11221	0
DML_USD	2018-08-27	0.11490	0.11619	0.11644	0.11205	0
DML_USD	2018-08-26	0.11619	0.10826	0.11672	0.10513	0
DML_USD	2018-08-25	0.10826	0.10992	0.11132	0.10775	0
DML_USD	2018-08-24	0.10992	0.10891	0.11049	0.10686	0
DML_USD	2018-08-23	0.10891	0.10851	0.11075	0.10661	0
DML_USD	2018-08-22	0.10851	0.11892	0.12607	0.10686	0
DML_USD	2018-08-21	0.11892	0.12682	0.12796	0.11769	0
DML_USD	2018-08-20	0.12682	0.13291	0.13364	0.12632	0
DML_USD	2018-08-19	0.13291	0.13136	0.13403	0.12969	0
DML_USD	2018-08-18	0.13136	0.13840	0.13882	0.12959	0
DML_USD	2018-08-17	0.13840	0.11680	0.14184	0.11645	0
DML_USD	2018-08-16	0.11680	0.11600	0.11970	0.11519	0
DML_USD	2018-08-15	0.11600	0.11568	0.12816	0.11546	0
DML_USD	2018-08-14	0.11568	0.12385	0.12385	0.10689	0
DML_USD	2018-08-13	0.12385	0.12887	0.13351	0.12292	0
DML_USD	2018-08-12	0.12887	0.12668	0.13161	0.12571	0
DML_USD	2018-08-11	0.12668	0.13360	0.13418	0.12249	0
DML_USD	2018-08-10	0.13360	0.14008	0.14168	0.12774	0
DML_USD	2018-08-09	0.14008	0.15130	0.15443	0.14005	0
DML_USD	2018-08-08	0.15130	0.17090	0.17090	0.13833	0
DML_USD	2018-08-07	0.17090	0.17698	0.18197	0.16946	0
DML_USD	2018-08-06	0.17698	0.18387	0.18682	0.17587	0
DML_USD	2018-08-05	0.18387	0.15010	0.24080	0.14798	0
DML_USD	2018-08-04	0.15010	0.16086	0.18565	0.14182	0
DML_USD	2018-08-03	0.16086	0.16951	0.16951	0.15978	0
DML_USD	2018-08-02	0.16951	0.14253	0.17171	0.14239	0
DML_USD	2018-08-01	0.14253	0.15556	0.15560	0.13944	0
DML_USD	2018-07-31	0.15556	0.16759	0.16769	0.15405	0
DML_USD	2018-07-30	0.16759	0.18286	0.18390	0.16360	0
DML_USD	2018-07-29	0.18286	0.18165	0.18458	0.17982	0
DML_USD	2018-07-28	0.18165	0.18858	0.19827	0.18157	0
DML_USD	2018-07-27	0.18858	0.20903	0.20907	0.18842	0
DML_USD	2018-07-26	0.20903	0.20727	0.21044	0.20720	0
DML_USD	2018-07-25	0.20727	0.22034	0.22224	0.20668	0
DML_USD	2018-07-24	0.22034	0.21517	0.22369	0.20729	0
DML_USD	2018-07-23	0.21517	0.22204	0.23112	0.21507	0
DML_USD	2018-07-22	0.22204	0.20207	0.22692	0.20070	0
DML_USD	2018-07-21	0.20207	0.19504	0.20325	0.19208	0
DML_USD	2018-07-20	0.19504	0.21401	0.21514	0.19502	0
DML_USD	2018-07-19	0.21401	0.19443	0.21637	0.19003	0
DML_USD	2018-07-18	0.19443	0.20569	0.21330	0.19296	0
DML_USD	2018-07-17	0.20569	0.18976	0.21038	0.18809	0
DML_USD	2018-07-16	0.18976	0.17961	0.19009	0.17919	0
DML_USD	2018-07-15	0.17961	0.17747	0.18075	0.17685	0
DML_USD	2018-07-14	0.17747	0.17460	0.18531	0.16935	0
DML_USD	2018-07-13	0.17460	0.16846	0.18351	0.16815	0
DML_USD	2018-07-12	0.16846	0.17347	0.17347	0.16444	0
DML_USD	2018-07-11	0.17347	0.17280	0.17534	0.17151	0
DML_USD	2018-07-10	0.17280	0.18565	0.18621	0.17226	0
DML_USD	2018-07-09	0.18565	0.18383	0.19042	0.18181	0
DML_USD	2018-07-08	0.18383	0.18453	0.19054	0.18152	0
DML_USD	2018-07-07	0.18453	0.18210	0.18659	0.17846	0
DML_USD	2018-07-06	0.18210	0.18081	0.18289	0.17839	0
DML_USD	2018-07-05	0.18081	0.18205	0.18458	0.17838	0
DML_USD	2018-07-04	0.18205	0.17894	0.18862	0.17737	0
DML_USD	2018-07-03	0.17894	0.19839	0.20429	0.00254	0
DML_USD	2018-07-02	0.19839	0.17098	0.36136	0.00000	0
DML_USD	2018-07-01	0.17100	0.17305	0.17414	0.16889	0
DML_USD	2018-06-30	0.17468	0.18265	0.19155	0.17106	0
DML_USD	2018-06-29	0.18280	0.17495	0.18487	0.17294	0
DML_USD	2018-06-28	0.17524	0.18736	0.18808	0.17437	0
DML_USD	2018-06-27	0.18743	0.18565	0.18896	0.17281	0
DML_USD	2018-06-26	0.18624	0.18346	0.19165	0.17901	0
DML_USD	2018-06-25	0.18334	0.18733	0.19093	0.18288	0
DML_USD	2018-06-24	0.18739	0.19013	0.19075	0.17668	0
DML_USD	2018-06-23	0.18988	0.18807	0.19300	0.18679	0
DML_USD	2018-06-22	0.18807	0.20937	0.20989	0.18490	0
DML_USD	2018-06-21	0.20936	0.21017	0.21150	0.20869	0
DML_USD	2018-06-20	0.21018	0.20904	0.21173	0.20374	0
DML_USD	2018-06-19	0.20928	0.20611	0.21166	0.20483	0
DML_USD	2018-06-18	0.20604	0.19777	0.20840	0.19602	0
DML_USD	2018-06-17	0.19761	0.20431	0.20656	0.19538	0
DML_USD	2018-06-16	0.20427	0.20132	0.20631	0.19959	0
DML_USD	2018-06-15	0.20122	0.20942	0.20942	0.20054	0
DML_USD	2018-06-14	0.20902	0.19848	0.21118	0.19777	0
DML_USD	2018-06-13	0.19837	0.21464	0.21541	0.19321	0
DML_USD	2018-06-12	0.21459	0.21652	0.22241	0.20611	0
DML_USD	2018-06-11	0.21662	0.21770	0.21896	0.20190	0
DML_USD	2018-06-10	0.21745	0.24535	0.24535	0.21419	0
DML_USD	2018-06-09	0.24529	0.24030	0.25264	0.24030	0
DML_USD	2018-06-08	0.24030	0.23530	0.24171	0.23096	0
DML_USD	2018-06-07	0.23540	0.24741	0.24970	0.23087	0
DML_USD	2018-06-06	0.24748	0.24082	0.25100	0.23635	0
DML_USD	2018-06-05	0.24062	0.23486	0.24135	0.23114	0
DML_USD	2018-06-04	0.23503	0.25369	0.25474	0.22396	0
DML_USD	2018-06-03	0.25346	0.27644	0.31663	0.24371	0
DML_USD	2018-06-02	0.27665	0.26141	0.37505	0.24409	0
DML_USD	2018-06-01	0.26113	0.26418	0.31571	0.24142	0
DML_USD	2018-05-31	0.26420	0.40129	0.41507	0.24050	0
DML_USD	2018-05-30	0.40147	0.40637	0.41139	0.39632	0
DML_USD	2018-05-29	0.40589	0.38671	0.40939	0.38369	0
DML_USD	2018-05-28	0.38647	0.39970	0.40446	0.38483	0
DML_USD	2018-05-27	0.39953	0.39896	0.40214	0.39315	0
DML_USD	2018-05-26	0.39887	0.40590	0.41450	0.39675	0
DML_USD	2018-05-25	0.40597	0.41240	0.41628	0.39912	0
DML_USD	2018-05-24	0.41223	0.40844	0.42003	0.39543	0
DML_USD	2018-05-23	0.40876	0.41776	0.43327	0.40541	0
DML_USD	2018-05-22	0.41791	0.43966	0.44016	0.41631	0
DML_USD	2018-05-21	0.43966	0.44635	0.44750	0.43797	0
DML_USD	2018-05-20	0.44635	0.43153	0.44949	0.42794	0
DML_USD	2018-05-19	0.43153	0.43147	0.43948	0.42647	0
DML_USD	2018-05-18	0.43147	0.42187	0.43333	0.41518	0
DML_USD	2018-05-17	0.42242	0.43720	0.44326	0.41872	0
DML_USD	2018-05-16	0.43683	0.44336	0.44452	0.42440	0
DML_USD	2018-05-15	0.44337	0.45386	0.46224	0.44125	0
DML_USD	2018-05-14	0.45389	0.45476	0.46496	0.43350	0
DML_USD	2018-05-13	0.45476	0.44383	0.45839	0.43614	0
DML_USD	2018-05-12	0.44282	0.43951	0.45180	0.42976	0
DML_USD	2018-05-11	0.43951	0.47231	0.47231	0.43705	0
DML_USD	2018-05-10	0.47231	0.48333	0.48706	0.46951	0
DML_USD	2018-05-09	0.48333	0.47640	0.48607	0.46579	0
DML_USD	2018-05-08	0.47670	0.48554	0.48718	0.00005	0
DML_USD	2018-05-07	0.48916	0.49445	0.49526	0.47472	0
DML_USD	2018-05-06	0.49445	0.50434	0.52480	0.48915	0
DML_USD	2018-05-05	0.50394	0.53378	0.54312	0.49810	0
DML_USD	2018-05-04	0.53378	0.53618	0.53679	0.52406	0
DML_USD	2018-05-03	0.53645	0.45258	0.53930	0.45121	0
DML_USD	2018-05-02	0.45258	0.45662	0.45707	0.43660	0
DML_USD	2018-05-01	0.45703	0.44795	0.45837	0.42957	0
DML_USD	2018-04-30	0.44795	0.43773	0.45552	0.43069	0
DML_USD	2018-04-29	0.43773	0.45363	0.46201	0.40434	0
DML_USD	2018-04-28	0.45363	0.37285	0.48008	0.35246	0
DML_USD	2018-04-27	0.37285	0.41583	0.41975	0.37178	0
DML_USD	2018-04-26	0.41587	0.42598	0.44689	0.38810	0
DML_USD	2018-04-25	0.42598	0.37454	0.44716	0.35145	0
DML_USD	2018-04-24	0.37541	0.34740	0.38009	0.34703	0
DML_USD	2018-04-23	0.34740	0.29879	0.34794	0.29814	0
DML_USD	2018-04-22	0.29879	0.28116	0.29976	0.27002	0
DML_USD	2018-04-21	0.28116	0.27051	0.28623	0.26790	0
DML_USD	2018-04-20	0.27051	0.26210	0.27228	0.25372	0
DML_USD	2018-04-19	0.26258	0.25145	0.26260	0.24986	0
DML_USD	2018-04-18	0.25145	0.26030	0.26958	0.24811	0
DML_USD	2018-04-17	0.26030	0.26803	0.28061	0.25959	0
DML_USD	2018-04-16	0.26803	0.31330	0.31430	0.26546	0
DML_USD	2018-04-15	0.31330	0.26501	0.35857	0.24774	0
DML_USD	2018-04-14	0.26501	0.24393	0.26764	0.24088	0
DML_USD	2018-04-13	0.24393	0.23878	0.25465	0.23413	0
DML_USD	2018-04-12	0.23880	0.22784	0.25391	0.21219	0
DML_USD	2018-04-11	0.22798	0.22839	0.24739	0.22568	0
DML_USD	2018-04-10	0.22839	0.24986	0.25090	0.20976	0
DML_USD	2018-04-09	0.24600	0.28160	0.28237	0.24365	0
DML_USD	2018-04-08	0.28160	0.25901	0.28483	0.21751	0
DML_USD	2018-04-07	0.25901	0.18880	0.26266	0.18829	0
DML_USD	2018-04-06	0.18880	0.18960	0.21579	0.18245	0
DML_USD	2018-04-05	0.18960	0.17720	0.63016	0.16929	0
DML_USD	2018-04-04	0.17720	0.21303	0.21303	0.17490	0
DML_USD	2018-04-03	0.21303	0.21384	0.22458	0.21028	0
DML_USD	2018-04-02	0.21384	0.19167	0.21482	0.18485	0
DML_USD	2018-04-01	0.19167	0.19290	0.29566	0.17941	0
DML_USD	2018-03-31	0.19290	0.19776	0.20896	0.19070	0
DML_USD	2018-03-30	0.19776	0.22163	0.22674	0.18887	0
DML_USD	2018-03-29	0.22163	0.25169	0.25235	0.21543	0
DML_USD	2018-03-28	0.25169	0.23371	0.25466	0.23209	0
DML_USD	2018-03-27	0.23371	0.25760	0.26018	0.23299	0
DML_USD	2018-03-26	0.25825	0.27126	0.27278	0.24884	0
DML_USD	2018-03-25	0.27126	0.27088	0.27651	0.26679	0
DML_USD	2018-03-24	0.27088	0.28345	0.28701	0.25956	0
DML_USD	2018-03-23	0.28345	0.28609	0.28609	0.26342	0
DML_USD	2018-03-22	0.28609	0.29263	0.29875	0.27853	0
DML_USD	2018-03-21	0.29263	0.27933	0.30364	0.27829	0
DML_USD	2018-03-20	0.27933	0.27025	0.28337	0.26108	0
DML_USD	2018-03-19	0.27025	0.26728	0.28266	0.25987	0
DML_USD	2018-03-18	0.26728	0.26842	0.27163	0.24090	0
DML_USD	2018-03-17	0.26842	0.28810	0.28877	0.26432	0
DML_USD	2018-03-16	0.28810	0.28370	0.32490	0.27245	0
DML_USD	2018-03-15	0.28370	0.28896	0.29214	0.25302	0
DML_USD	2018-03-14	0.28896	0.34471	0.35068	0.27973	0
DML_USD	2018-03-13	0.34471	0.32663	0.34688	0.31136	0
DML_USD	2018-03-12	0.32663	0.32011	0.33297	0.29891	0
DML_USD	2018-03-11	0.32011	0.29472	0.32692	0.28374	0
DML_USD	2018-03-10	0.29472	0.31034	0.31972	0.29323	0
DML_USD	2018-03-09	0.31034	0.31300	0.31707	0.28109	0
DML_USD	2018-03-08	0.31300	0.33295	0.33949	0.30445	0
DML_USD	2018-03-07	0.33295	0.39851	0.40502	0.31795	0
DML_USD	2018-03-06	0.39851	0.46048	0.46048	0.39127	0
DML_USD	2018-03-05	0.46048	0.41628	0.48229	0.40378	0
DML_USD	2018-03-04	0.41628	0.35992	0.41753	0.33641	0
DML_USD	2018-03-03	0.35992	0.42046	0.49977	0.34121	0
DML_USD	2018-03-02	0.42046	0.34003	0.42046	0.33758	0
