DNT_USD	2019-04-09	0.013200	0.013200	0.013200	0.013200	0
DNT_USD	2019-04-08	0.013200	0.013200	0.013200	0.013200	0
DNT_USD	2019-04-07	0.013200	0.013200	0.013200	0.013200	0
DNT_USD	2019-04-06	0.013200	0.013200	0.013200	0.013200	0
DNT_USD	2019-04-05	0.013200	0.013200	0.013200	0.013200	0
DNT_USD	2019-04-04	0.013200	0.013200	0.013200	0.013200	0
DNT_USD	2019-04-03	0.013200	0.013200	0.013200	0.013200	0
DNT_USD	2019-04-02	0.013200	0.013200	0.013200	0.013200	0
DNT_USD	2019-04-01	0.013200	0.013200	0.013200	0.013200	0
DNT_USD	2019-03-31	0.013200	0.013200	0.013200	0.013200	0
DNT_USD	2019-03-30	0.013200	0.013200	0.013200	0.013200	0
DNT_USD	2019-03-29	0.013200	0.013200	0.013200	0.013200	0
DNT_USD	2019-03-28	0.013200	0.013200	0.013200	0.013200	0
DNT_USD	2019-03-27	0.013200	0.013200	0.013200	0.013200	0
DNT_USD	2019-03-26	0.013200	0.013200	0.013200	0.013200	0
DNT_USD	2019-03-25	0.013200	0.013200	0.013200	0.013200	0
DNT_USD	2019-03-24	0.013200	0.013200	0.013200	0.013200	0
DNT_USD	2019-03-23	0.013200	0.013200	0.013200	0.013200	0
DNT_USD	2019-03-22	0.013200	0.013200	0.013200	0.013200	0
DNT_USD	2019-03-21	0.013200	0.013200	0.013200	0.013200	0
DNT_USD	2019-03-20	0.013200	0.013200	0.013200	0.013200	0
DNT_USD	2019-03-19	0.013200	0.013200	0.013200	0.013200	0
DNT_USD	2019-03-18	0.013200	0.013200	0.013200	0.013200	0
DNT_USD	2019-03-17	0.013200	0.013200	0.013200	0.013200	0
DNT_USD	2019-03-16	0.013200	0.013200	0.013200	0.013200	0
DNT_USD	2019-03-15	0.013200	0.013200	0.013200	0.013200	0
DNT_USD	2019-03-14	0.013200	0.013200	0.013200	0.013200	0
DNT_USD	2019-03-13	0.013200	0.013200	0.013200	0.013200	0
DNT_USD	2019-03-12	0.013200	0.013200	0.013200	0.013200	0
DNT_USD	2019-03-11	0.013200	0.013200	0.013200	0.013200	0
DNT_USD	2019-03-10	0.013200	0.013200	0.013200	0.013200	0
DNT_USD	2019-03-09	0.013200	0.013200	0.013200	0.013200	0
DNT_USD	2019-03-08	0.013200	0.013200	0.013200	0.013200	0
DNT_USD	2019-03-07	0.013200	0.013200	0.013200	0.013200	0
DNT_USD	2019-03-06	0.013200	0.013200	0.013200	0.013200	0
DNT_USD	2019-03-05	0.013200	0.013200	0.013200	0.013200	0
DNT_USD	2019-03-04	0.013200	0.013200	0.013200	0.013200	0
DNT_USD	2019-03-03	0.013200	0.013200	0.013200	0.013200	0
DNT_USD	2019-03-02	0.013200	0.013200	0.013200	0.013200	0
DNT_USD	2019-03-01	0.013200	0.013200	0.013200	0.013200	0
DNT_USD	2019-02-28	0.013200	0.013200	0.013200	0.013200	0
DNT_USD	2019-02-27	0.013200	0.013200	0.013200	0.013200	0
DNT_USD	2019-02-26	0.013200	0.013200	0.013200	0.013200	0
DNT_USD	2019-02-25	0.013200	0.013200	0.013200	0.013200	0
DNT_USD	2019-02-24	0.013200	0.013200	0.013200	0.013200	0
DNT_USD	2019-02-23	0.013200	0.013200	0.013200	0.013200	0
DNT_USD	2019-02-22	0.013200	0.013200	0.013200	0.013200	0
DNT_USD	2019-02-21	0.013200	0.013200	0.013200	0.013200	0
DNT_USD	2019-02-20	0.013200	0.013200	0.013200	0.013200	0
DNT_USD	2019-02-19	0.013200	0.013200	0.013200	0.013200	0
DNT_USD	2019-02-18	0.013200	0.013200	0.013200	0.013200	0
DNT_USD	2019-02-17	0.013200	0.013200	0.013200	0.013200	0
DNT_USD	2019-02-16	0.013200	0.013200	0.013200	0.013200	0
DNT_USD	2019-02-15	0.013200	0.013200	0.013200	0.013200	0
DNT_USD	2019-02-14	0.013200	0.013200	0.013200	0.013200	0
DNT_USD	2019-02-13	0.013200	0.013200	0.013200	0.013200	0
DNT_USD	2019-02-12	0.013200	0.013200	0.013200	0.013200	0
DNT_USD	2019-02-11	0.013200	0.013200	0.013200	0.013200	0
DNT_USD	2019-02-10	0.013200	0.013200	0.013200	0.013200	0
DNT_USD	2019-02-09	0.013200	0.013200	0.013200	0.013200	0
DNT_USD	2019-02-08	0.013200	0.013200	0.013200	0.013200	0
DNT_USD	2019-02-07	0.013200	0.013200	0.013200	0.013200	0
DNT_USD	2019-02-06	0.013200	0.013200	0.013200	0.013200	0
DNT_USD	2019-02-05	0.013200	0.013200	0.013200	0.013200	0
DNT_USD	2019-02-04	0.013200	0.013200	0.013200	0.013200	0
DNT_USD	2019-02-03	0.013200	0.013200	0.013200	0.013200	0
DNT_USD	2019-02-02	0.013200	0.013200	0.013200	0.013200	0
DNT_USD	2019-02-01	0.013200	0.013200	0.013200	0.013200	0
DNT_USD	2019-01-31	0.013200	0.013200	0.013200	0.013200	0
DNT_USD	2019-01-30	0.013200	0.013200	0.013200	0.013200	0
DNT_USD	2019-01-29	0.013200	0.013200	0.013200	0.013200	0
DNT_USD	2019-01-28	0.013200	0.013200	0.013200	0.013200	0
DNT_USD	2019-01-27	0.013200	0.013200	0.013200	0.013200	0
DNT_USD	2019-01-26	0.013200	0.013200	0.013200	0.013200	0
DNT_USD	2019-01-25	0.013200	0.013200	0.013200	0.013200	0
DNT_USD	2019-01-24	0.013200	0.013200	0.013200	0.013200	0
DNT_USD	2019-01-23	0.013200	0.013200	0.013200	0.013200	0
DNT_USD	2019-01-22	0.013200	0.013200	0.013200	0.013200	0
DNT_USD	2019-01-21	0.013200	0.013200	0.013200	0.013200	0
DNT_USD	2019-01-20	0.013200	0.013200	0.013200	0.013200	0
DNT_USD	2019-01-19	0.013200	0.013200	0.013200	0.013200	0
DNT_USD	2019-01-18	0.013200	0.013200	0.013200	0.013200	0
DNT_USD	2019-01-17	0.013200	0.013200	0.013200	0.013200	0
DNT_USD	2019-01-16	0.013200	0.013200	0.013200	0.013200	0
DNT_USD	2019-01-15	0.013200	0.013200	0.013200	0.013200	0
DNT_USD	2019-01-14	0.013200	0.013200	0.013200	0.013200	0
DNT_USD	2019-01-13	0.013200	0.013200	0.013200	0.013200	0
DNT_USD	2019-01-12	0.013200	0.013200	0.013200	0.013200	0
DNT_USD	2019-01-11	0.013200	0.013200	0.013200	0.013200	0
DNT_USD	2019-01-10	0.013200	0.013200	0.013200	0.013200	0
DNT_USD	2019-01-09	0.013200	0.013200	0.013200	0.013200	0
DNT_USD	2019-01-08	0.013200	0.013200	0.025930	0.013200	58662
DNT_USD	2019-01-07	0.013200	0.013200	0.013200	0.013200	0
DNT_USD	2019-01-06	0.013200	0.013200	0.013200	0.013200	0
DNT_USD	2019-01-05	0.013200	0.013200	0.025930	0.013200	58662
DNT_USD	2019-01-04	0.013200	0.013200	0.013200	0.013200	0
DNT_USD	2019-01-03	0.013200	0.013200	0.013200	0.013200	0
DNT_USD	2019-01-02	0.013200	0.013200	0.013200	0.013200	0
DNT_USD	2019-01-01	0.013200	0.013200	0.013200	0.013200	0
DNT_USD	2018-12-31	0.013200	0.013200	0.013200	0.013200	0
DNT_USD	2018-12-30	0.013200	0.013200	0.013200	0.013200	0
DNT_USD	2018-12-29	0.013200	0.013200	0.013200	0.013200	0
DNT_USD	2018-12-28	0.013200	0.013200	0.013200	0.013200	0
DNT_USD	2018-12-27	0.013200	0.013200	0.013200	0.013200	0
DNT_USD	2018-12-26	0.013200	0.013200	0.013200	0.013200	0
DNT_USD	2018-12-25	0.013200	0.013200	0.013200	0.013200	0
DNT_USD	2018-12-24	0.013200	0.013200	0.013200	0.013200	0
DNT_USD	2018-12-23	0.013200	0.013200	0.013200	0.013200	0
DNT_USD	2018-12-22	0.013200	0.013200	0.013200	0.013200	0
DNT_USD	2018-12-21	0.013200	0.013200	0.013200	0.013200	0
DNT_USD	2018-12-20	0.013200	0.013200	0.013200	0.013200	0
DNT_USD	2018-12-19	0.013200	0.013200	0.013200	0.013200	0
DNT_USD	2018-12-18	0.013200	0.013200	0.013200	0.013200	0
DNT_USD	2018-12-17	0.013200	0.013200	0.013200	0.013200	0
DNT_USD	2018-12-16	0.013200	0.013200	0.013200	0.013200	0
DNT_USD	2018-12-15	0.013200	0.013200	0.013200	0.013200	0
DNT_USD	2018-12-14	0.013200	0.013200	0.013200	0.013200	0
DNT_USD	2018-12-13	0.013200	0.013200	0.025930	0.013200	58662
DNT_USD	2018-12-12	0.013200	0.013200	0.013200	0.013200	0
DNT_USD	2018-12-11	0.013200	0.013200	0.013200	0.013200	0
DNT_USD	2018-12-10	0.013200	0.013200	0.013200	0.013200	0
DNT_USD	2018-12-09	0.013200	0.013200	0.025930	0.013200	58662
DNT_USD	2018-12-08	0.013200	0.013200	0.025930	0.013200	58662
DNT_USD	2018-12-07	0.013200	0.013200	0.013200	0.013200	0
DNT_USD	2018-12-06	0.013200	0.013200	0.013200	0.013200	0
DNT_USD	2018-12-05	0.013200	0.013200	0.013200	0.013200	0
DNT_USD	2018-12-04	0.013200	0.013200	0.013200	0.013200	0
DNT_USD	2018-12-03	0.013200	0.013200	0.013200	0.013200	0
DNT_USD	2018-12-02	0.013200	0.013200	0.013200	0.013200	0
DNT_USD	2018-12-01	0.013200	0.013200	0.013200	0.013200	0
DNT_USD	2018-11-30	0.013200	0.013200	0.013200	0.013200	0
DNT_USD	2018-11-29	0.013200	0.012500	0.014200	0.012500	58106
DNT_USD	2018-11-28	0.012500	0.011600	0.013500	0.011600	53210
DNT_USD	2018-11-27	0.011600	0.012000	0.012100	0.009600	259212
DNT_USD	2018-11-26	0.012000	0.010200	0.012000	0.010100	8943
DNT_USD	2018-11-25	0.010200	0.012400	0.012400	0.010200	1010
DNT_USD	2018-11-24	0.012400	0.014300	0.014300	0.012400	1000
DNT_USD	2018-11-23	0.014300	0.014300	0.014300	0.014300	0
DNT_USD	2018-11-22	0.014300	0.014300	0.014300	0.014300	0
DNT_USD	2018-11-21	0.014300	0.012900	0.014400	0.012900	75099
DNT_USD	2018-11-20	0.012900	0.018000	0.018000	0.012900	273169
DNT_USD	2018-11-19	0.018000	0.019500	0.019500	0.018000	9083
DNT_USD	2018-11-18	0.019500	0.018700	0.019500	0.018700	35425
DNT_USD	2018-11-17	0.018700	0.019900	0.019900	0.018300	36215
DNT_USD	2018-11-16	0.019900	0.020200	0.020400	0.019900	529918
DNT_USD	2018-11-15	0.020200	0.021300	0.021500	0.018700	603056
DNT_USD	2018-11-14	0.021300	0.025300	0.026500	0.020300	128277
DNT_USD	2018-11-13	0.025300	0.027200	0.027700	0.025300	36689
DNT_USD	2018-11-12	0.027200	0.028500	0.029300	0.027200	848
DNT_USD	2018-11-11	0.028500	0.030300	0.030300	0.028500	382963
DNT_USD	2018-11-10	0.030300	0.028900	0.032700	0.028900	250221
DNT_USD	2018-11-09	0.028900	0.028200	0.029000	0.027200	26953
DNT_USD	2018-11-08	0.028200	0.029100	0.029100	0.027600	75271
DNT_USD	2018-11-07	0.029100	0.028400	0.029500	0.027800	136977
DNT_USD	2018-11-06	0.028400	0.027500	0.028400	0.026000	21061
DNT_USD	2018-11-05	0.027500	0.028300	0.030000	0.027500	8177
DNT_USD	2018-11-04	0.028300	0.029600	0.029600	0.027700	21832
DNT_USD	2018-11-03	0.029600	0.030800	0.030800	0.029500	110795
DNT_USD	2018-11-02	0.030800	0.031500	0.032600	0.030800	442453
DNT_USD	2018-11-01	0.031500	0.035500	0.037500	0.031500	898711
DNT_USD	2018-10-31	0.035500	0.028900	0.038600	0.027300	604417
DNT_USD	2018-10-30	0.028900	0.025800	0.030000	0.025700	183996
DNT_USD	2018-10-29	0.025800	0.027900	0.028700	0.025500	239603
DNT_USD	2018-10-28	0.027900	0.026027	0.030000	0.026027	371094
DNT_USD	2018-10-27	0.026027	0.026055	0.026418	0.025747	881834
DNT_USD	2018-10-26	0.026055	0.026450	0.026488	0.025400	1493879
DNT_USD	2018-10-25	0.026450	0.026786	0.027011	0.026229	1464192
DNT_USD	2018-10-24	0.026786	0.025434	0.026925	0.025434	1435185
DNT_USD	2018-10-23	0.025434	0.025249	0.025530	0.024895	1406251
DNT_USD	2018-10-22	0.025249	0.025924	0.025924	0.024391	1596724
DNT_USD	2018-10-21	0.025924	0.026108	0.026665	0.025721	1583597
DNT_USD	2018-10-20	0.026108	0.026714	0.026714	0.026027	1711984
DNT_USD	2018-10-19	0.026714	0.024884	0.027458	0.024680	1810841
DNT_USD	2018-10-18	0.024884	0.025239	0.025782	0.024679	1734158
DNT_USD	2018-10-17	0.025239	0.025235	0.025452	0.024914	1593166
DNT_USD	2018-10-16	0.025235	0.024754	0.025445	0.024544	1491177
DNT_USD	2018-10-15	0.024754	0.023997	0.026929	0.023456	1694576
DNT_USD	2018-10-14	0.023997	0.024097	0.024946	0.023997	1708944
DNT_USD	2018-10-13	0.024097	0.023883	0.024331	0.023583	1618718
DNT_USD	2018-10-12	0.023883	0.022314	0.024750	0.022314	1850482
DNT_USD	2018-10-11	0.022314	0.027133	0.027551	0.022147	1897056
DNT_USD	2018-10-10	0.027133	0.025021	0.030646	0.024102	1847053
DNT_USD	2018-10-09	0.025021	0.026746	0.026746	0.024814	2075262
DNT_USD	2018-10-08	0.026746	0.025445	0.026972	0.025085	1500857
DNT_USD	2018-10-07	0.025445	0.024639	0.025492	0.024433	1621289
DNT_USD	2018-10-06	0.024639	0.024961	0.025007	0.024428	1512176
DNT_USD	2018-10-05	0.024961	0.024477	0.025004	0.024270	1822981
DNT_USD	2018-10-04	0.024477	0.023697	0.024637	0.023697	1738259
DNT_USD	2018-10-03	0.023697	0.024167	0.025247	0.023205	1550263
DNT_USD	2018-10-02	0.024167	0.024012	0.024366	0.023655	1641161
DNT_USD	2018-10-01	0.024012	0.024008	0.024038	0.023650	1726791
DNT_USD	2018-09-30	0.024008	0.024526	0.024685	0.023499	1586514
DNT_USD	2018-09-29	0.024526	0.023567	0.026030	0.023217	1662447
DNT_USD	2018-09-28	0.023567	0.024293	0.024658	0.023367	1117920
DNT_USD	2018-09-27	0.024293	0.023216	0.024340	0.022870	874933
DNT_USD	2018-09-26	0.023216	0.022917	0.023717	0.022285	922115
DNT_USD	2018-09-25	0.022917	0.023518	0.024183	0.021715	1056232
DNT_USD	2018-09-24	0.023518	0.024595	0.024610	0.023019	973119
DNT_USD	2018-09-23	0.024595	0.024770	0.025941	0.024389	877444
DNT_USD	2018-09-22	0.024770	0.024930	0.025305	0.023932	848484
DNT_USD	2018-09-21	0.024930	0.024456	0.025967	0.024281	870327
DNT_USD	2018-09-20	0.024456	0.024451	0.026484	0.023439	1220083
DNT_USD	2018-09-19	0.024451	0.021905	0.024818	0.021023	899496
DNT_USD	2018-09-18	0.021905	0.021280	0.022450	0.020508	971008
DNT_USD	2018-09-17	0.021280	0.022457	0.026651	0.021180	1062748
DNT_USD	2018-09-16	0.022457	0.020527	0.023538	0.020222	1082936
DNT_USD	2018-09-15	0.020527	0.020527	0.021107	0.020222	782501
DNT_USD	2018-09-14	0.020527	0.020002	0.020700	0.019832	691443
DNT_USD	2018-09-13	0.020002	0.019115	0.020835	0.019115	801467
DNT_USD	2018-09-12	0.019115	0.019053	0.019655	0.017593	1043685
DNT_USD	2018-09-11	0.019053	0.020560	0.022587	0.018892	1015441
DNT_USD	2018-09-10	0.020560	0.019342	0.022585	0.019197	994850
DNT_USD	2018-09-09	0.019342	0.019226	0.020198	0.018743	1040808
DNT_USD	2018-09-08	0.019226	0.021380	0.021702	0.019197	869848
DNT_USD	2018-09-07	0.021380	0.022195	0.022630	0.021380	915076
DNT_USD	2018-09-06	0.022195	0.022461	0.022461	0.020937	940699
DNT_USD	2018-09-05	0.022461	0.027484	0.027484	0.022428	914791
DNT_USD	2018-09-04	0.027484	0.025713	0.028234	0.025712	1047776
DNT_USD	2018-09-03	0.025713	0.025736	0.026123	0.025242	1057111
DNT_USD	2018-09-02	0.025736	0.025733	0.026280	0.025128	862602
DNT_USD	2018-09-01	0.025733	0.024605	0.025938	0.024605	1026148
DNT_USD	2018-08-31	0.024605	0.023526	0.024616	0.023526	877716
DNT_USD	2018-08-30	0.023526	0.024976	0.024979	0.022992	1049496
DNT_USD	2018-08-29	0.024976	0.026691	0.026691	0.024778	1017466
DNT_USD	2018-08-28	0.026691	0.024470	0.027382	0.024469	914971
DNT_USD	2018-08-27	0.024470	0.023342	0.025946	0.023127	973957
DNT_USD	2018-08-26	0.023342	0.022013	0.023587	0.021287	1112112
DNT_USD	2018-08-25	0.022013	0.022108	0.022211	0.021544	1417185
DNT_USD	2018-08-24	0.022108	0.020825	0.022118	0.020659	1111675
DNT_USD	2018-08-23	0.020825	0.019471	0.020991	0.019471	1281239
DNT_USD	2018-08-22	0.019471	0.020981	0.022117	0.019461	1223849
DNT_USD	2018-08-21	0.020981	0.021118	0.021662	0.020940	1062236
DNT_USD	2018-08-20	0.021118	0.022558	0.023129	0.021081	1162918
DNT_USD	2018-08-19	0.022558	0.021944	0.023256	0.021769	1075317
DNT_USD	2018-08-18	0.021944	0.024716	0.025111	0.021446	1045740
DNT_USD	2018-08-17	0.024716	0.020825	0.024925	0.020825	968943
DNT_USD	2018-08-16	0.020825	0.020665	0.021388	0.020227	964805
DNT_USD	2018-08-15	0.020665	0.018320	0.030909	0.018313	1152978
DNT_USD	2018-08-14	0.018320	0.020179	0.020241	0.017262	1460936
DNT_USD	2018-08-13	0.020179	0.024192	0.024193	0.020115	1189348
DNT_USD	2018-08-12	0.024192	0.025408	0.025408	0.024096	1071806
DNT_USD	2018-08-11	0.025408	0.025233	0.025452	0.024118	1035024
DNT_USD	2018-08-10	0.025233	0.028493	0.028678	0.025223	1253477
DNT_USD	2018-08-09	0.028493	0.026736	0.028710	0.026540	1147192
DNT_USD	2018-08-08	0.026736	0.029067	0.029147	0.026311	947193
DNT_USD	2018-08-07	0.029067	0.029168	0.033531	0.029013	974331
DNT_USD	2018-08-06	0.029168	0.031651	0.031823	0.029167	1014237
DNT_USD	2018-08-05	0.031651	0.029304	0.032019	0.029077	1040483
DNT_USD	2018-08-04	0.029304	0.030673	0.030879	0.029271	1002660
DNT_USD	2018-08-03	0.030673	0.033000	0.033000	0.029592	1456395
DNT_USD	2018-08-02	0.033000	0.034864	0.035498	0.032686	1074877
DNT_USD	2018-08-01	0.034864	0.035531	0.037148	0.034249	1207891
DNT_USD	2018-07-31	0.035531	0.041585	0.044583	0.035219	2776002
DNT_USD	2018-07-30	0.041585	0.050186	0.052168	0.040429	2655726
DNT_USD	2018-07-29	0.050186	0.037506	0.065888	0.017228	5385812
DNT_USD	2018-07-28	0.037506	0.037224	0.037805	0.036929	965056
DNT_USD	2018-07-27	0.037224	0.036385	0.038657	0.035311	1004167
DNT_USD	2018-07-26	0.036385	0.038027	0.038937	0.036130	1036599
DNT_USD	2018-07-25	0.038027	0.038406	0.038952	0.036374	848367
DNT_USD	2018-07-24	0.038406	0.035131	0.043534	0.034272	1120520
DNT_USD	2018-07-23	0.035131	0.036673	0.037804	0.034868	1051660
DNT_USD	2018-07-22	0.036673	0.038140	0.038140	0.036166	757195
DNT_USD	2018-07-21	0.038140	0.033969	0.039156	0.033262	1217123
DNT_USD	2018-07-20	0.033969	0.039233	0.039233	0.033757	1087564
DNT_USD	2018-07-19	0.039233	0.040618	0.041232	0.038923	895571
DNT_USD	2018-07-18	0.040618	0.040705	0.044054	0.040542	1190875
DNT_USD	2018-07-17	0.040705	0.036619	0.041018	0.036619	978995
DNT_USD	2018-07-16	0.036619	0.035065	0.037131	0.034537	1511384
DNT_USD	2018-07-15	0.035064	0.033529	0.035873	0.033013	1007513
DNT_USD	2018-07-14	0.033529	0.034283	0.034540	0.033262	834702
DNT_USD	2018-07-13	0.034283	0.034006	0.036285	0.034006	1246639
DNT_USD	2018-07-12	0.034006	0.033273	0.036717	0.030911	1099658
DNT_USD	2018-07-11	0.033273	0.035587	0.035587	0.032756	1048360
DNT_USD	2018-07-10	0.035587	0.040579	0.040725	0.035305	890227
DNT_USD	2018-07-09	0.040579	0.042580	0.042580	0.040578	1050046
DNT_USD	2018-07-08	0.042580	0.042022	0.043508	0.042022	843011
DNT_USD	2018-07-07	0.042022	0.041315	0.042081	0.040356	974264
DNT_USD	2018-07-06	0.041315	0.039503	0.041551	0.037795	926913
DNT_USD	2018-07-05	0.039503	0.044435	0.044437	0.038840	1886696
DNT_USD	2018-07-04	0.044435	0.037341	0.048402	0.037341	5354627
DNT_USD	2018-07-03	0.037341	0.038315	0.040702	0.037328	1009908
DNT_USD	2018-07-02	0.038315	0.034217	0.044206	0.034208	1470786
DNT_USD	2018-07-01	0.034218	0.032753	0.038635	0.032750	1881243
DNT_USD	2018-06-30	0.032753	0.030180	0.034198	0.030179	1147840
DNT_USD	2018-06-29	0.030180	0.030989	0.030989	0.028948	1395853
DNT_USD	2018-06-28	0.030989	0.031321	0.031586	0.030759	1194705
DNT_USD	2018-06-27	0.031321	0.032049	0.032049	0.031059	1004302
DNT_USD	2018-06-26	0.032049	0.034016	0.034016	0.031953	1026679
DNT_USD	2018-06-25	0.034016	0.032080	0.034279	0.031801	1163839
DNT_USD	2018-06-24	0.032082	0.036121	0.036121	0.030823	2306058
DNT_USD	2018-06-23	0.036121	0.036118	0.036405	0.035820	1285716
DNT_USD	2018-06-22	0.036118	0.041181	0.041205	0.035775	1207485
DNT_USD	2018-06-21	0.041181	0.041950	0.042748	0.041177	1365278
DNT_USD	2018-06-20	0.041950	0.044458	0.044771	0.040656	1106804
DNT_USD	2018-06-19	0.044769	0.041084	0.044769	0.040799	1072101
DNT_USD	2018-06-18	0.041083	0.040392	0.041375	0.039445	919391
DNT_USD	2018-06-17	0.040392	0.039495	0.041309	0.039488	1027102
DNT_USD	2018-06-16	0.039495	0.039728	0.040165	0.038899	1160473
DNT_USD	2018-06-15	0.039728	0.042905	0.043155	0.039488	1154210
DNT_USD	2018-06-14	0.042905	0.038025	0.043248	0.038021	796775
DNT_USD	2018-06-13	0.038025	0.041864	0.041864	0.037427	994859
DNT_USD	2018-06-12	0.041864	0.044325	0.045825	0.041548	925648
DNT_USD	2018-06-11	0.044325	0.047052	0.047215	0.043783	2781192
DNT_USD	2018-06-10	0.047053	0.055179	0.055542	0.046707	1013723
DNT_USD	2018-06-09	0.055179	0.057342	0.057749	0.055179	994534
DNT_USD	2018-06-08	0.057342	0.059027	0.059027	0.057263	799054
DNT_USD	2018-06-07	0.059027	0.059505	0.060409	0.058705	830055
DNT_USD	2018-06-06	0.059505	0.061326	0.061799	0.059038	799747
DNT_USD	2018-06-05	0.061326	0.060907	0.061863	0.059017	839904
DNT_USD	2018-06-04	0.060907	0.066133	0.066607	0.059979	881363
DNT_USD	2018-06-03	0.066132	0.064023	0.067623	0.063564	926261
DNT_USD	2018-06-02	0.064023	0.061810	0.064024	0.061780	841301
DNT_USD	2018-06-01	0.061810	0.063223	0.064422	0.061275	853396
DNT_USD	2018-05-31	0.063223	0.059820	0.064581	0.059621	962441
DNT_USD	2018-05-30	0.059820	0.064357	0.064645	0.059573	804918
DNT_USD	2018-05-29	0.064358	0.057388	0.064733	0.055722	891291
DNT_USD	2018-05-28	0.057388	0.067176	0.067584	0.056973	675524
DNT_USD	2018-05-27	0.067176	0.064645	0.072429	0.062617	1034404
DNT_USD	2018-05-26	0.064646	0.064723	0.066756	0.064595	651367
DNT_USD	2018-05-25	0.064723	0.066563	0.069014	0.064217	758558
DNT_USD	2018-05-24	0.065870	0.065283	0.066584	0.061504	794680
DNT_USD	2018-05-23	0.065283	0.071721	0.072280	0.062925	729830
DNT_USD	2018-05-22	0.071721	0.083283	0.083342	0.071721	735242
DNT_USD	2018-05-21	0.083283	0.086057	0.086192	0.082581	848015
DNT_USD	2018-05-20	0.086057	0.084555	0.086686	0.083344	855475
DNT_USD	2018-05-19	0.084555	0.084261	0.086878	0.082587	1454904
DNT_USD	2018-05-18	0.084261	0.080990	0.084261	0.078695	745803
DNT_USD	2018-05-17	0.080991	0.083741	0.086879	0.080433	744975
DNT_USD	2018-05-16	0.083742	0.085850	0.093346	0.081517	1576015
DNT_USD	2018-05-15	0.085847	0.091302	0.093636	0.085302	770941
DNT_USD	2018-05-14	0.091302	0.095542	0.095542	0.088281	872976
DNT_USD	2018-05-13	0.095542	0.083110	0.098481	0.082799	744534
DNT_USD	2018-05-12	0.082645	0.084073	0.087043	0.077004	963188
DNT_USD	2018-05-11	0.084073	0.092934	0.096029	0.083397	1749201
DNT_USD	2018-05-10	0.092934	0.103509	0.114433	0.092934	3737864
DNT_USD	2018-05-09	0.103509	0.096775	0.105170	0.089784	2392733
DNT_USD	2018-05-08	0.096775	0.103526	0.103528	0.094647	2206043
DNT_USD	2018-05-07	0.103011	0.100401	0.105647	0.097356	1021492
DNT_USD	2018-05-06	0.100401	0.107444	0.107557	0.096803	1216077
DNT_USD	2018-05-05	0.108032	0.108624	0.113085	0.106272	1458891
DNT_USD	2018-05-04	0.108624	0.112258	0.116161	0.105394	1157542
DNT_USD	2018-05-03	0.112259	0.109774	0.117650	0.107566	1388208
DNT_USD	2018-05-02	0.109774	0.106306	0.112679	0.104884	2743813
DNT_USD	2018-05-01	0.106306	0.102073	0.107098	0.095458	1901093
DNT_USD	2018-04-30	0.102073	0.104247	0.118770	0.100184	4648692
DNT_USD	2018-04-29	0.104247	0.099488	0.104842	0.095046	4024877
DNT_USD	2018-04-28	0.099488	0.093874	0.100066	0.093001	1731278
DNT_USD	2018-04-27	0.093874	0.102367	0.104163	0.091539	5084892
DNT_USD	2018-04-26	0.102367	0.092707	0.105009	0.090108	5612977
DNT_USD	2018-04-25	0.092627	0.103011	0.107693	0.087675	7062597
DNT_USD	2018-04-24	0.103011	0.108416	0.115094	0.102957	7196886
DNT_USD	2018-04-23	0.108416	0.104939	0.118329	0.100373	1969183
DNT_USD	2018-04-22	0.104939	0.083710	0.152109	0.082287	2369191
DNT_USD	2018-04-21	0.083710	0.090509	0.090509	0.076579	1512696
DNT_USD	2018-04-20	0.090509	0.084765	0.090706	0.079844	1717075
DNT_USD	2018-04-19	0.084764	0.080633	0.087554	0.080134	1037426
DNT_USD	2018-04-18	0.080633	0.072941	0.082963	0.072601	1152812
DNT_USD	2018-04-17	0.072941	0.073062	0.076915	0.072601	1202417
DNT_USD	2018-04-16	0.073062	0.079436	0.082065	0.071389	1187020
DNT_USD	2018-04-15	0.079436	0.075172	0.086371	0.074121	1581580
DNT_USD	2018-04-14	0.075172	0.068944	0.075676	0.067850	972086
DNT_USD	2018-04-13	0.068944	0.065591	0.073410	0.064978	1104216
DNT_USD	2018-04-12	0.065591	0.061575	0.066282	0.059382	938283
DNT_USD	2018-04-11	0.061575	0.060242	0.063596	0.057883	769097
DNT_USD	2018-04-10	0.060241	0.054821	0.064613	0.054429	1020562
DNT_USD	2018-04-09	0.054821	0.054921	0.057827	0.051972	860112
DNT_USD	2018-04-08	0.054921	0.052701	0.054943	0.052061	961292
DNT_USD	2018-04-07	0.052701	0.048665	0.055832	0.048391	1473495
DNT_USD	2018-04-06	0.048665	0.049824	0.053269	0.047123	1314991
DNT_USD	2018-04-05	0.049824	0.049798	0.050787	0.048249	991874
DNT_USD	2018-04-04	0.049798	0.056506	0.056872	0.048755	1120472
DNT_USD	2018-04-03	0.056506	0.054431	0.057073	0.052301	880073
DNT_USD	2018-04-02	0.054431	0.054511	0.059486	0.054148	1318636
DNT_USD	2018-04-01	0.054511	0.065971	0.072852	0.051716	1932148
DNT_USD	2018-03-31	0.065971	0.050361	0.069389	0.047903	1729531
DNT_USD	2018-03-30	0.050361	0.052614	0.057450	0.048190	1709082
DNT_USD	2018-03-29	0.052614	0.063978	0.064901	0.052050	1149872
DNT_USD	2018-03-28	0.063978	0.065946	0.070029	0.062422	1075105
DNT_USD	2018-03-27	0.065945	0.075805	0.084210	0.064511	1893032
DNT_USD	2018-03-26	0.075806	0.089869	0.110129	0.068885	1295232
DNT_USD	2018-03-25	0.089869	0.077125	0.197479	0.069218	2953287
DNT_USD	2018-03-24	0.077125	0.052717	0.093839	0.052303	1723262
DNT_USD	2018-03-23	0.052717	0.055015	0.055022	0.048150	1142630
DNT_USD	2018-03-22	0.055015	0.053214	0.060780	0.053010	1271178
DNT_USD	2018-03-21	0.053213	0.049545	0.057951	0.048634	1340688
DNT_USD	2018-03-20	0.049545	0.047806	0.049974	0.045581	557375
DNT_USD	2018-03-19	0.047806	0.041467	0.054254	0.040613	1199278
DNT_USD	2018-03-18	0.041467	0.043708	0.044056	0.034510	1330791
DNT_USD	2018-03-17	0.043708	0.048891	0.048891	0.042928	1144271
DNT_USD	2018-03-16	0.048891	0.049961	0.051171	0.047108	1030116
DNT_USD	2018-03-15	0.049962	0.050805	0.051181	0.044548	1020228
DNT_USD	2018-03-14	0.050805	0.059450	0.062084	0.050030	971274
DNT_USD	2018-03-13	0.059450	0.060622	0.060814	0.058639	997353
DNT_USD	2018-03-12	0.060622	0.063547	0.069306	0.059930	1098716
DNT_USD	2018-03-11	0.063547	0.058485	0.064034	0.056346	972955
DNT_USD	2018-03-10	0.058485	0.062124	0.067969	0.058045	932548
DNT_USD	2018-03-09	0.062124	0.066420	0.066431	0.055819	795944
DNT_USD	2018-03-08	0.066420	0.071562	0.077040	0.066418	911171
DNT_USD	2018-03-07	0.071562	0.081931	0.086991	0.065910	956612
DNT_USD	2018-03-06	0.081931	0.091599	0.092301	0.081294	793770
DNT_USD	2018-03-05	0.091599	0.101756	0.102362	0.090895	737293
DNT_USD	2018-03-04	0.101756	0.109484	0.109484	0.093871	922737
DNT_USD	2018-03-03	0.109484	0.084374	0.109485	0.084374	933204
DNT_USD	2018-03-02	0.084374	0.086144	0.092022	0.083168	760476
DNT_USD	2018-03-01	0.086140	0.074280	0.091590	0.073216	1106925
DNT_USD	2018-02-28	0.074280	0.079510	0.081285	0.073796	820856
DNT_USD	2018-02-27	0.079510	0.079233	0.082596	0.078307	730300
DNT_USD	2018-02-26	0.079233	0.077136	0.081317	0.076551	311290
DNT_USD	2018-02-25	0.077136	0.074319	0.077737	0.073264	739738
DNT_USD	2018-02-24	0.074319	0.079502	0.085698	0.073155	775624
DNT_USD	2018-02-23	0.079502	0.075413	0.085763	0.073313	794929
DNT_USD	2018-02-22	0.075413	0.082704	0.090040	0.075413	816864
DNT_USD	2018-02-21	0.082704	0.088891	0.089545	0.081577	809969
DNT_USD	2018-02-20	0.088891	0.104763	0.104896	0.088891	582401
DNT_USD	2018-02-19	0.104763	0.099854	0.108955	0.096691	605649
DNT_USD	2018-02-18	0.099854	0.111396	0.120709	0.096546	774553
DNT_USD	2018-02-17	0.111396	0.106049	0.111396	0.105034	547342
DNT_USD	2018-02-16	0.106049	0.105381	0.106049	0.095819	235582
DNT_USD	2018-02-15	0.105378	0.109856	0.110224	0.100385	501672
DNT_USD	2018-02-14	0.110223	0.090787	0.111973	0.090152	1327968
DNT_USD	2018-02-13	0.090786	0.091765	0.091765	0.086350	935036
DNT_USD	2018-02-12	0.091765	0.078760	0.114317	0.077941	662250
DNT_USD	2018-02-11	0.078760	0.080312	0.081816	0.073292	422733
DNT_USD	2018-02-10	0.080312	0.087377	0.093902	0.071715	737306
DNT_USD	2018-02-09	0.087377	0.078396	0.119254	0.069277	1089934
DNT_USD	2018-02-08	0.078396	0.078719	0.088779	0.068429	3954338
DNT_USD	2018-02-07	0.078719	0.079030	0.089011	0.070293	370606
DNT_USD	2018-02-06	0.079030	0.064741	0.079030	0.054605	445692
DNT_USD	2018-02-05	0.064741	0.087238	0.087691	0.061591	356558
DNT_USD	2018-02-04	0.087238	0.106398	0.121284	0.081621	133023
DNT_USD	2018-02-03	0.106398	0.097038	0.125678	0.094408	347452
DNT_USD	2018-02-02	0.097038	0.105114	0.105118	0.075041	254874
