DON_USD	2019-01-27	0.000145	0.000145	0.000145	0.000145	0
DON_USD	2019-01-26	0.000145	0.000145	0.000145	0.000145	0
DON_USD	2019-01-25	0.000145	0.000145	0.000145	0.000145	0
DON_USD	2019-01-24	0.000145	0.000145	0.000145	0.000145	0
DON_USD	2019-01-23	0.000145	0.000145	0.000145	0.000145	0
DON_USD	2019-01-22	0.000145	0.000145	0.000145	0.000145	0
DON_USD	2019-01-21	0.000145	0.000145	0.000145	0.000145	0
DON_USD	2019-01-19	0.000145	0.000145	0.000145	0.000145	0
DON_USD	2019-01-18	0.000145	0.000145	0.000145	0.000145	0
DON_USD	2019-01-17	0.000145	0.000145	0.000145	0.000145	0
DON_USD	2019-01-16	0.000145	0.000145	0.000145	0.000145	0
DON_USD	2019-01-15	0.000145	0.000145	0.000145	0.000145	0
DON_USD	2019-01-14	0.000145	0.000144	0.000145	0.000143	0
DON_USD	2019-01-13	0.000144	0.000148	0.000149	0.000143	0
DON_USD	2019-01-12	0.000148	0.000149	0.000149	0.000147	0
DON_USD	2019-01-11	0.000149	0.000149	0.000151	0.000147	0
DON_USD	2019-01-10	0.000149	0.000163	0.000165	0.000147	0
DON_USD	2019-01-09	0.000163	0.000164	0.000166	0.000161	0
DON_USD	2019-01-08	0.000164	0.000165	0.000168	0.000162	0
DON_USD	2019-01-07	0.000165	0.000167	0.000168	0.000163	0
DON_USD	2019-01-06	0.000167	0.000156	0.000313	0.000156	0
DON_USD	2019-01-05	0.000156	0.000158	0.000161	0.000156	0
DON_USD	2019-01-04	0.000158	0.000157	0.000159	0.000154	0
DON_USD	2019-01-03	0.000157	0.000162	0.000162	0.000156	0
DON_USD	2019-01-02	0.000162	0.000158	0.000163	0.000157	0
DON_USD	2019-01-01	0.000158	0.000153	0.000159	0.000152	0
DON_USD	2018-12-31	0.000153	0.000159	0.000159	0.000151	0
DON_USD	2018-12-30	0.000159	0.000155	0.000160	0.000154	0
DON_USD	2018-12-29	0.000155	0.000161	0.000164	0.000155	0
DON_USD	2018-12-28	0.000161	0.000149	0.000163	0.000148	0
DON_USD	2018-12-27	0.000148	0.000157	0.000158	0.000148	0
DON_USD	2018-12-26	0.000157	0.000156	0.000160	0.000152	0
DON_USD	2018-12-25	0.000156	0.000166	0.000166	0.000153	0
DON_USD	2018-12-24	0.000166	0.000163	0.000175	0.000163	0
DON_USD	2018-12-23	0.000163	0.000165	0.000168	0.000162	0
DON_USD	2018-12-22	0.000165	0.000159	0.000166	0.000157	0
DON_USD	2018-12-21	0.000159	0.000169	0.000172	0.000156	0
DON_USD	2018-12-20	0.000169	0.000152	0.000172	0.000151	0
DON_USD	2018-12-19	0.000152	0.000151	0.000162	0.000150	0
DON_USD	2018-12-18	0.000151	0.000145	0.000152	0.000142	0
DON_USD	2018-12-17	0.000145	0.000132	0.000148	0.000131	0
DON_USD	2018-12-16	0.000132	0.000131	0.000135	0.000131	0
DON_USD	2018-12-15	0.000131	0.000131	0.000133	0.000129	0
DON_USD	2018-12-14	0.000131	0.000134	0.000135	0.000129	0
DON_USD	2018-12-13	0.000134	0.000141	0.000142	0.000133	0
DON_USD	2018-12-12	0.000141	0.000137	0.000144	0.000137	0
DON_USD	2018-12-11	0.000138	0.000141	0.000142	0.000136	0
DON_USD	2018-12-10	0.000141	0.000146	0.000148	0.000139	0
DON_USD	2018-12-09	0.000146	0.000140	0.000151	0.000139	0
DON_USD	2018-12-08	0.000140	0.000138	0.000146	0.000133	0
DON_USD	2018-12-07	0.000138	0.000142	0.000144	0.000131	0
DON_USD	2018-12-06	0.000142	0.000151	0.000157	0.000141	0
DON_USD	2018-12-05	0.000151	0.000159	0.000160	0.000150	0
DON_USD	2018-12-04	0.000159	0.000156	0.000165	0.000152	0
DON_USD	2018-12-03	0.000156	0.000166	0.000167	0.000154	0
DON_USD	2018-12-02	0.000166	0.000170	0.000174	0.000165	0
DON_USD	2018-12-01	0.000170	0.000162	0.000174	0.000159	0
DON_USD	2018-11-30	0.000162	0.000172	0.000174	0.000159	0
DON_USD	2018-11-29	0.000172	0.000172	0.000179	0.000167	0
DON_USD	2018-11-28	0.000172	0.000155	0.000177	0.000155	0
DON_USD	2018-11-27	0.000155	0.000154	0.000158	0.000149	0
DON_USD	2018-11-26	0.000154	0.000164	0.000168	0.000149	0
DON_USD	2018-11-25	0.000164	0.000157	0.000168	0.000146	0
DON_USD	2018-11-24	0.000157	0.000177	0.000181	0.000153	0
DON_USD	2018-11-23	0.000177	0.000176	0.000179	0.000170	0
DON_USD	2018-11-22	0.000176	0.000187	0.000189	0.000176	0
DON_USD	2018-11-21	0.000187	0.000184	0.000191	0.000177	0
DON_USD	2018-11-20	0.000184	0.000198	0.000202	0.000173	0
DON_USD	2018-11-19	0.000198	0.000226	0.000226	0.000196	0
DON_USD	2018-11-18	0.000226	0.000225	0.000228	0.000225	0
DON_USD	2018-11-17	0.000225	0.000226	0.000226	0.000223	0
DON_USD	2018-11-16	0.000226	0.000230	0.000230	0.000222	0
DON_USD	2018-11-15	0.000230	0.000235	0.000237	0.000218	0
DON_USD	2018-11-14	0.000235	0.000259	0.000259	0.000228	0
DON_USD	2018-11-13	0.000259	0.000258	0.000260	0.000256	0
DON_USD	2018-11-12	0.000258	0.000258	0.000259	0.000257	0
DON_USD	2018-11-11	0.000258	0.000225	0.000258	0.000223	0
DON_USD	2018-11-10	0.000225	0.000225	0.000226	0.000225	0
DON_USD	2018-11-09	0.000225	0.000227	0.000228	0.000224	0
DON_USD	2018-11-08	0.000227	0.000230	0.000230	0.000227	0
DON_USD	2018-11-07	0.000230	0.000228	0.000231	0.000228	0
DON_USD	2018-11-06	0.000228	0.000226	0.000228	0.000226	0
DON_USD	2018-11-05	0.000226	0.000227	0.000227	0.000225	0
DON_USD	2018-11-04	0.000226	0.000224	0.000228	0.000223	0
DON_USD	2018-11-03	0.000224	0.000225	0.000225	0.000222	0
DON_USD	2018-11-02	0.000225	0.000224	0.000226	0.000224	0
DON_USD	2018-11-01	0.000224	0.000223	0.000225	0.000222	0
DON_USD	2018-10-31	0.000223	0.000222	0.000224	0.000219	0
DON_USD	2018-10-30	0.000222	0.000222	0.000223	0.000221	0
DON_USD	2018-10-29	0.000222	0.000227	0.000228	0.000221	0
DON_USD	2018-10-28	0.000227	0.000228	0.000228	0.000226	0
DON_USD	2018-10-27	0.000228	0.000229	0.000229	0.000227	0
DON_USD	2018-10-26	0.000229	0.000228	0.000231	0.000228	0
DON_USD	2018-10-25	0.000228	0.000229	0.000230	0.000228	0
DON_USD	2018-10-24	0.000229	0.000229	0.000232	0.000229	0
DON_USD	2018-10-23	0.000229	0.000230	0.000230	0.000229	0
DON_USD	2018-10-22	0.000230	0.000231	0.000232	0.000229	0
DON_USD	2018-10-21	0.000231	0.000230	0.000233	0.000230	0
DON_USD	2018-10-20	0.000230	0.000228	0.000231	0.000228	0
DON_USD	2018-10-19	0.000228	0.000231	0.000232	0.000228	0
DON_USD	2018-10-18	0.000231	0.000236	0.000237	0.000230	0
DON_USD	2018-10-17	0.000236	0.000237	0.000238	0.000234	0
DON_USD	2018-10-16	0.000237	0.000236	0.000241	0.000234	0
DON_USD	2018-10-15	0.000236	0.000222	0.000263	0.000221	0
DON_USD	2018-10-14	0.000222	0.000221	0.000224	0.000221	0
DON_USD	2018-10-13	0.000221	0.000220	0.000222	0.000220	0
DON_USD	2018-10-12	0.000220	0.000281	0.000286	0.000220	0
DON_USD	2018-10-11	0.000281	0.000298	0.000298	0.000280	0
DON_USD	2018-10-10	0.000298	0.000300	0.000300	0.000294	0
DON_USD	2018-10-09	0.000300	0.000300	0.000301	0.000297	0
DON_USD	2018-10-08	0.000300	0.000297	0.000302	0.000296	0
DON_USD	2018-10-07	0.000297	0.000297	0.000299	0.000294	0
DON_USD	2018-10-06	0.000297	0.000299	0.000299	0.000295	0
DON_USD	2018-10-05	0.000299	0.000230	0.000300	0.000229	0
DON_USD	2018-10-04	0.000230	0.000293	0.000298	0.000230	0
DON_USD	2018-10-03	0.000293	0.000229	0.000295	0.000225	0
DON_USD	2018-10-02	0.000229	0.000231	0.000232	0.000228	0
DON_USD	2018-10-01	0.000231	0.000232	0.000233	0.000228	0
DON_USD	2018-09-30	0.000232	0.000231	0.000233	0.000229	0
DON_USD	2018-09-29	0.000231	0.000232	0.000264	0.000226	0
DON_USD	2018-09-28	0.000232	0.000268	0.000273	0.000232	0
DON_USD	2018-09-27	0.000268	0.000258	0.000294	0.000258	0
DON_USD	2018-09-26	0.000258	0.000322	0.000328	0.000257	0
DON_USD	2018-09-25	0.000322	0.000329	0.000359	0.000318	0
DON_USD	2018-09-24	0.000329	0.000403	0.000403	0.000328	0
DON_USD	2018-09-23	0.000403	0.000403	0.000407	0.000400	0
DON_USD	2018-09-22	0.000403	0.000406	0.000410	0.000399	0
DON_USD	2018-09-21	0.000406	0.000390	0.000441	0.000390	0
DON_USD	2018-09-20	0.000390	0.000384	0.000392	0.000381	0
DON_USD	2018-09-19	0.000383	0.000381	0.000384	0.000336	0
DON_USD	2018-09-18	0.000381	0.000438	0.000447	0.000378	0
DON_USD	2018-09-17	0.000438	0.000455	0.000457	0.000404	0
DON_USD	2018-09-16	0.000455	0.000456	0.000456	0.000447	0
DON_USD	2018-09-15	0.000456	0.000487	0.000493	0.000424	0
DON_USD	2018-09-14	0.000487	0.000453	0.000494	0.000425	0
DON_USD	2018-09-13	0.000453	0.000570	0.000570	0.000450	0
DON_USD	2018-09-12	0.000570	0.000566	0.000571	0.000506	0
DON_USD	2018-09-11	0.000566	0.000568	0.000575	0.000556	0
DON_USD	2018-09-10	0.000568	0.000562	0.000571	0.000562	0
DON_USD	2018-09-09	0.000562	0.000557	0.000610	0.000526	0
DON_USD	2018-09-08	0.000557	0.000576	0.000583	0.000553	0
DON_USD	2018-09-07	0.000577	0.000651	0.000653	0.000553	0
DON_USD	2018-09-06	0.000651	0.000670	0.000672	0.000631	0
DON_USD	2018-09-05	0.000670	0.000736	0.000738	0.000660	0
DON_USD	2018-09-04	0.000736	0.000763	0.000778	0.000735	0
DON_USD	2018-09-03	0.000763	0.000765	0.000770	0.000756	0
DON_USD	2018-09-02	0.000765	0.000756	0.000771	0.000749	0
DON_USD	2018-09-01	0.000756	0.000668	0.000762	0.000667	0
DON_USD	2018-08-31	0.000668	0.000664	0.000673	0.000655	0
DON_USD	2018-08-30	0.000664	0.000669	0.000671	0.000647	0
DON_USD	2018-08-29	0.000669	0.000708	0.000713	0.000662	0
DON_USD	2018-08-28	0.000708	0.000725	0.000729	0.000687	0
DON_USD	2018-08-27	0.000725	0.000704	0.000726	0.000636	0
DON_USD	2018-08-26	0.000704	0.000708	0.000712	0.000658	0
DON_USD	2018-08-25	0.000708	0.000502	0.000711	0.000500	0
DON_USD	2018-08-24	0.000502	0.000457	0.000504	0.000452	0
DON_USD	2018-08-23	0.000457	0.000445	0.000460	0.000445	0
DON_USD	2018-08-22	0.000445	0.000486	0.000515	0.000438	0
DON_USD	2018-08-21	0.000486	0.000469	0.000487	0.000469	0
DON_USD	2018-08-20	0.000469	0.000486	0.000517	0.000469	0
DON_USD	2018-08-19	0.000486	0.000479	0.000490	0.000473	0
DON_USD	2018-08-18	0.000479	0.000461	0.000509	0.000410	0
DON_USD	2018-08-17	0.000461	0.000442	0.000461	0.000441	0
DON_USD	2018-08-16	0.000442	0.000470	0.000480	0.000436	0
DON_USD	2018-08-15	0.000470	0.000526	0.000550	0.000410	0
DON_USD	2018-08-14	0.000526	0.000531	0.000531	0.000500	0
DON_USD	2018-08-13	0.000531	0.000537	0.000610	0.000528	0
DON_USD	2018-08-12	0.000537	0.000467	0.000548	0.000463	0
DON_USD	2018-08-11	0.000467	0.000461	0.000484	0.000451	0
DON_USD	2018-08-10	0.000461	0.000490	0.000493	0.000451	0
DON_USD	2018-08-09	0.000490	0.000471	0.000497	0.000464	0
DON_USD	2018-08-08	0.000471	0.000504	0.000504	0.000460	0
DON_USD	2018-08-07	0.000504	0.000590	0.000601	0.000501	0
DON_USD	2018-08-06	0.000590	0.000598	0.000679	0.000582	0
DON_USD	2018-08-05	0.000598	0.000596	0.000603	0.000586	0
DON_USD	2018-08-04	0.000596	0.000630	0.000637	0.000589	0
DON_USD	2018-08-03	0.000630	0.000678	0.000678	0.000626	0
DON_USD	2018-08-02	0.000678	0.000685	0.000693	0.000672	0
DON_USD	2018-08-01	0.000685	0.000658	0.000726	0.000635	0
DON_USD	2018-07-31	0.000658	0.000695	0.000695	0.000652	0
DON_USD	2018-07-30	0.000695	0.000699	0.000703	0.000669	0
DON_USD	2018-07-29	0.000699	0.000695	0.000781	0.000690	0
DON_USD	2018-07-28	0.000701	0.000701	0.000701	0.000701	0
DON_USD	2018-07-27	0.000701	0.000701	0.000742	0.000701	0
DON_USD	2018-07-26	0.000701	0.000736	0.000785	0.000701	0
DON_USD	2018-07-25	0.000736	0.000883	0.000891	0.000727	0
DON_USD	2018-07-24	0.000883	0.000810	0.000890	0.000808	0
DON_USD	2018-07-23	0.000810	0.000740	0.000817	0.000737	0
DON_USD	2018-07-22	0.000740	0.000740	0.000756	0.000735	0
DON_USD	2018-07-21	0.000740	0.000697	0.000745	0.000686	0
DON_USD	2018-07-20	0.000697	0.000710	0.000730	0.000692	0
DON_USD	2018-07-19	0.000710	0.000773	0.000775	0.000694	0
DON_USD	2018-07-18	0.000773	0.000769	0.000796	0.000761	0
DON_USD	2018-07-17	0.000769	0.000707	0.000784	0.000700	0
DON_USD	2018-07-16	0.000707	0.000666	0.000709	0.000665	0
DON_USD	2018-07-15	0.000666	0.000656	0.000671	0.000655	0
DON_USD	2018-07-14	0.000656	0.000653	0.000662	0.000649	0
DON_USD	2018-07-13	0.000653	0.000654	0.000665	0.000645	0
DON_USD	2018-07-12	0.000654	0.000670	0.000670	0.000639	0
DON_USD	2018-07-11	0.000670	0.000662	0.000671	0.000660	0
DON_USD	2018-07-10	0.000662	0.000733	0.000735	0.000659	0
DON_USD	2018-07-09	0.000733	0.000738	0.000774	0.000701	0
DON_USD	2018-07-08	0.000738	0.000811	0.000815	0.000735	0
DON_USD	2018-07-07	0.000811	0.000726	0.000819	0.000717	0
DON_USD	2018-07-06	0.000726	0.000785	0.000814	0.000690	0
DON_USD	2018-07-05	0.000785	0.000758	0.000796	0.000693	0
DON_USD	2018-07-04	0.000758	0.000747	0.000771	0.000687	0
DON_USD	2018-07-03	0.000747	0.000761	0.000767	0.000010	0
DON_USD	2018-07-02	0.000761	0.000667	0.000834	0.000000	0
DON_USD	2018-07-01	0.000667	0.000703	0.000737	0.000658	0
DON_USD	2018-06-30	0.000703	0.000713	0.000749	0.000672	0
DON_USD	2018-06-29	0.000714	0.000731	0.000737	0.000616	0
DON_USD	2018-06-28	0.000732	0.000736	0.000764	0.000702	0
DON_USD	2018-06-27	0.000736	0.000758	0.000768	0.000694	0
DON_USD	2018-06-26	0.000761	0.000813	0.000814	0.000757	0
DON_USD	2018-06-25	0.000812	0.000830	0.000835	0.000779	0
DON_USD	2018-06-24	0.000830	0.000832	0.000838	0.000751	0
DON_USD	2018-06-23	0.000831	0.000786	0.000844	0.000760	0
DON_USD	2018-06-22	0.000786	0.000873	0.000875	0.000765	0
DON_USD	2018-06-21	0.000873	0.000913	0.000916	0.000836	0
DON_USD	2018-06-20	0.000913	0.000909	0.000920	0.000844	0
DON_USD	2018-06-19	0.000910	0.000839	0.000913	0.000839	0
DON_USD	2018-06-18	0.000839	0.000870	0.000882	0.000806	0
DON_USD	2018-06-17	0.000869	0.000941	0.000948	0.000813	0
DON_USD	2018-06-16	0.000940	0.000926	0.000950	0.000878	0
DON_USD	2018-06-15	0.000925	0.000996	0.000996	0.000898	0
DON_USD	2018-06-14	0.000994	0.000944	0.001005	0.000917	0
DON_USD	2018-06-13	0.000944	0.000949	0.000985	0.000919	0
DON_USD	2018-06-12	0.000949	0.001031	0.001031	0.000934	0
DON_USD	2018-06-11	0.001031	0.001014	0.001035	0.000967	0
DON_USD	2018-06-10	0.001012	0.001125	0.001125	0.000996	0
DON_USD	2018-06-09	0.001124	0.001028	0.001145	0.001028	0
DON_USD	2018-06-08	0.001028	0.001153	0.001187	0.001027	0
DON_USD	2018-06-07	0.001153	0.001186	0.001202	0.001110	0
DON_USD	2018-06-06	0.001186	0.001259	0.001267	0.001163	0
DON_USD	2018-06-05	0.001258	0.001236	0.001266	0.001180	0
DON_USD	2018-06-04	0.001237	0.001275	0.001275	0.001086	0
DON_USD	2018-06-03	0.001273	0.001145	0.001273	0.001102	0
DON_USD	2018-06-02	0.001146	0.001129	0.001191	0.001118	0
DON_USD	2018-06-01	0.001128	0.001198	0.001203	0.001109	0
DON_USD	2018-05-31	0.001198	0.001180	0.001216	0.001014	0
DON_USD	2018-05-30	0.001180	0.001120	0.001182	0.001092	0
DON_USD	2018-05-29	0.001118	0.001101	0.001158	0.001071	0
DON_USD	2018-05-28	0.001100	0.001285	0.001290	0.001045	0
DON_USD	2018-05-27	0.001284	0.001173	0.001290	0.001156	0
DON_USD	2018-05-26	0.001172	0.001268	0.001268	0.001166	0
DON_USD	2018-05-25	0.001268	0.001136	0.001302	0.001130	0
DON_USD	2018-05-24	0.001136	0.001238	0.001359	0.001126	0
DON_USD	2018-05-23	0.001239	0.001436	0.001509	0.001229	0
DON_USD	2018-05-22	0.001436	0.001427	0.001509	0.001393	0
DON_USD	2018-05-21	0.001427	0.001492	0.001533	0.001422	0
DON_USD	2018-05-20	0.001492	0.001360	0.001576	0.001348	0
DON_USD	2018-05-19	0.001360	0.001359	0.001631	0.001349	0
DON_USD	2018-05-18	0.001359	0.001208	0.001401	0.001189	0
DON_USD	2018-05-17	0.001210	0.001169	0.001293	0.001165	0
DON_USD	2018-05-16	0.001168	0.001185	0.001188	0.001066	0
DON_USD	2018-05-15	0.001185	0.001213	0.001236	0.001129	0
DON_USD	2018-05-14	0.001213	0.001172	0.001238	0.001123	0
DON_USD	2018-05-13	0.001172	0.001102	0.001175	0.001065	0
DON_USD	2018-05-12	0.001099	0.001259	0.001267	0.000994	0
DON_USD	2018-05-11	0.001259	0.001443	0.001443	0.001252	0
DON_USD	2018-05-10	0.001443	0.001491	0.001502	0.001441	0
DON_USD	2018-05-09	0.001491	0.001470	0.001497	0.001431	0
DON_USD	2018-05-08	0.001470	0.001451	0.001483	0.000000	0
DON_USD	2018-05-07	0.001461	0.001401	0.001548	0.001365	0
DON_USD	2018-05-06	0.001401	0.001430	0.001492	0.001346	0
DON_USD	2018-05-05	0.001429	0.001165	0.001530	0.001162	0
DON_USD	2018-05-04	0.001165	0.001221	0.001226	0.001150	0
DON_USD	2018-05-03	0.001221	0.001154	0.001230	0.001147	0
DON_USD	2018-05-02	0.001154	0.001133	0.001159	0.001088	0
DON_USD	2018-05-01	0.001134	0.001155	0.001155	0.001027	0
DON_USD	2018-04-30	0.001155	0.001175	0.001178	0.001058	0
DON_USD	2018-04-29	0.001175	0.001121	0.001177	0.001102	0
DON_USD	2018-04-28	0.001121	0.001072	0.001176	0.001065	0
DON_USD	2018-04-27	0.001072	0.001162	0.001163	0.000969	0
DON_USD	2018-04-26	0.001162	0.000976	0.001180	0.000953	0
DON_USD	2018-04-25	0.000976	0.001110	0.001143	0.000966	0
DON_USD	2018-04-24	0.001112	0.001117	0.001209	0.001082	0
DON_USD	2018-04-23	0.001162	0.001188	0.001216	0.001116	0
DON_USD	2018-04-22	0.001188	0.001114	0.001212	0.001100	0
DON_USD	2018-04-21	0.001114	0.001109	0.001129	0.001077	0
DON_USD	2018-04-20	0.001109	0.001034	0.001116	0.001012	0
DON_USD	2018-04-19	0.001034	0.000939	0.001113	0.000933	0
DON_USD	2018-04-18	0.000939	0.000986	0.001020	0.000913	0
DON_USD	2018-04-17	0.000986	0.001047	0.001102	0.000978	0
DON_USD	2018-04-16	0.001047	0.001045	0.001089	0.001001	0
DON_USD	2018-04-15	0.001045	0.000921	0.001095	0.000920	0
DON_USD	2018-04-14	0.000921	0.000985	0.001042	0.000904	0
DON_USD	2018-04-13	0.000985	0.001029	0.001110	0.000978	0
DON_USD	2018-04-12	0.001029	0.000868	0.001067	0.000798	0
DON_USD	2018-04-11	0.000868	0.000787	0.000871	0.000781	0
DON_USD	2018-04-10	0.000787	0.000845	0.000851	0.000765	0
DON_USD	2018-04-09	0.000845	0.000877	0.000897	0.000772	0
DON_USD	2018-04-08	0.000877	0.000861	0.000919	0.000835	0
DON_USD	2018-04-07	0.000861	0.000860	0.000883	0.000846	0
DON_USD	2018-04-06	0.000860	0.000913	0.000924	0.000823	0
DON_USD	2018-04-05	0.000913	0.000916	0.000932	0.000887	0
DON_USD	2018-04-04	0.000916	0.001000	0.001001	0.000904	0
DON_USD	2018-04-03	0.001000	0.001023	0.001089	0.000994	0
DON_USD	2018-04-02	0.001023	0.000885	0.001024	0.000881	0
DON_USD	2018-04-01	0.000885	0.000935	0.000948	0.000837	0
DON_USD	2018-03-31	0.000935	0.000855	0.000963	0.000849	0
DON_USD	2018-03-30	0.000855	0.000887	0.000950	0.000833	0
DON_USD	2018-03-29	0.000887	0.001032	0.001035	0.000862	0
DON_USD	2018-03-28	0.001032	0.001051	0.001094	0.001018	0
DON_USD	2018-03-27	0.001051	0.001219	0.001231	0.000898	0
DON_USD	2018-03-26	0.001222	0.001351	0.001397	0.001167	0
DON_USD	2018-03-25	0.001351	0.001276	0.001420	0.001258	0
DON_USD	2018-03-24	0.001276	0.001469	0.001558	0.001201	0
DON_USD	2018-03-23	0.001469	0.001351	0.001469	0.001244	0
DON_USD	2018-03-22	0.001351	0.001468	0.001520	0.001241	0
DON_USD	2018-03-21	0.001468	0.001423	0.001563	0.001312	0
DON_USD	2018-03-20	0.001423	0.001376	0.001444	0.001330	0
DON_USD	2018-03-19	0.001376	0.001313	0.001453	0.001298	0
DON_USD	2018-03-18	0.001313	0.001141	0.001322	0.001053	0
DON_USD	2018-03-17	0.001141	0.001244	0.001284	0.001069	0
DON_USD	2018-03-16	0.001244	0.001362	0.001375	0.001185	0
DON_USD	2018-03-15	0.001362	0.001514	0.001526	0.001279	0
DON_USD	2018-03-14	0.001514	0.001325	0.002862	0.001192	0
DON_USD	2018-03-13	0.001325	0.001459	0.001516	0.001299	0
DON_USD	2018-03-12	0.001459	0.001284	0.001617	0.001265	0
DON_USD	2018-03-11	0.001284	0.001094	0.001408	0.001054	0
DON_USD	2018-03-10	0.001094	0.001060	0.001317	0.000988	0
DON_USD	2018-03-09	0.001060	0.001069	0.001083	0.000960	0
DON_USD	2018-03-08	0.001069	0.001235	0.001253	0.001063	0
DON_USD	2018-03-07	0.001235	0.001394	0.001421	0.001179	0
DON_USD	2018-03-06	0.001394	0.001493	0.001700	0.001258	0
DON_USD	2018-03-05	0.001493	0.001554	0.001579	0.001444	0
DON_USD	2018-03-04	0.001552	0.001544	0.001554	0.001544	0
DON_USD	2018-03-03	0.001547	0.001488	0.001596	0.001414	0
DON_USD	2018-03-02	0.001487	0.001584	0.001734	0.001379	0
