DROP_USD	2019-04-09	0.000604	0.000611	0.000611	0.000595	0
DROP_USD	2019-04-08	0.000612	0.000602	0.000617	0.000549	0
DROP_USD	2019-04-07	0.000603	0.000560	0.000610	0.000558	0
DROP_USD	2019-04-06	0.000559	0.000585	0.000601	0.000547	0
DROP_USD	2019-04-05	0.000585	0.000569	0.000589	0.000545	0
DROP_USD	2019-04-04	0.000568	0.000573	0.000586	0.000536	0
DROP_USD	2019-04-03	0.000573	0.000566	0.000612	0.000509	0
DROP_USD	2019-04-02	0.000567	0.000483	0.000584	0.000482	0
DROP_USD	2019-04-01	0.000483	0.000479	0.000485	0.000475	0
DROP_USD	2019-03-31	0.000479	0.000479	0.000481	0.000478	0
DROP_USD	2019-03-30	0.000479	0.000522	0.000526	0.000479	0
DROP_USD	2019-03-29	0.000522	0.000471	0.000522	0.000470	0
DROP_USD	2019-03-28	0.000471	0.000513	0.000532	0.000469	0
DROP_USD	2019-03-27	0.000513	0.000459	0.000514	0.000458	0
DROP_USD	2019-03-26	0.000459	0.000457	0.000459	0.000454	0
DROP_USD	2019-03-25	0.000457	0.000465	0.000466	0.000453	0
DROP_USD	2019-03-24	0.000465	0.000467	0.000467	0.000462	0
DROP_USD	2019-03-23	0.000467	0.000506	0.000508	0.000446	0
DROP_USD	2019-03-22	0.000506	0.000465	0.000509	0.000465	0
DROP_USD	2019-03-21	0.000465	0.000475	0.000477	0.000461	0
DROP_USD	2019-03-20	0.000475	0.000472	0.000514	0.000468	0
DROP_USD	2019-03-19	0.000472	0.000468	0.000474	0.000467	0
DROP_USD	2019-03-18	0.000468	0.000509	0.000515	0.000464	0
DROP_USD	2019-03-17	0.000509	0.000511	0.000511	0.000505	0
DROP_USD	2019-03-16	0.000511	0.000500	0.000519	0.000500	0
DROP_USD	2019-03-15	0.000500	0.000494	0.000501	0.000494	0
DROP_USD	2019-03-14	0.000494	0.000493	0.000500	0.000486	0
DROP_USD	2019-03-13	0.000493	0.000494	0.000496	0.000491	0
DROP_USD	2019-03-12	0.000494	0.000494	0.000497	0.000487	0
DROP_USD	2019-03-11	0.000494	0.000500	0.000501	0.000476	0
DROP_USD	2019-03-10	0.000500	0.000502	0.000502	0.000496	0
DROP_USD	2019-03-09	0.000502	0.000493	0.000506	0.000492	0
DROP_USD	2019-03-08	0.000493	0.000496	0.000541	0.000484	0
DROP_USD	2019-03-07	0.000496	0.000533	0.000539	0.000492	0
DROP_USD	2019-03-06	0.000533	0.000533	0.000537	0.000493	0
DROP_USD	2019-03-05	0.000533	0.000513	0.000536	0.000493	0
DROP_USD	2019-03-04	0.000513	0.000524	0.000527	0.000492	0
DROP_USD	2019-03-03	0.000524	0.000528	0.000530	0.000507	0
DROP_USD	2019-03-02	0.000528	0.000529	0.000530	0.000506	0
DROP_USD	2019-03-01	0.000529	0.000526	0.000533	0.000526	0
DROP_USD	2019-02-28	0.000526	0.000527	0.000538	0.000524	0
DROP_USD	2019-02-27	0.000527	0.000526	0.000531	0.000509	0
DROP_USD	2019-02-26	0.000526	0.000568	0.000569	0.000486	0
DROP_USD	2019-02-25	0.000569	0.000556	0.000575	0.000555	0
DROP_USD	2019-02-24	0.000556	0.000611	0.000621	0.000553	0
DROP_USD	2019-02-23	0.000611	0.000588	0.000649	0.000524	0
DROP_USD	2019-02-22	0.000589	0.000581	0.000591	0.000564	0
DROP_USD	2019-02-21	0.000581	0.000649	0.000680	0.000540	0
DROP_USD	2019-02-20	0.000650	0.000618	0.000650	0.000598	0
DROP_USD	2019-02-19	0.000619	0.000636	0.000662	0.000579	0
DROP_USD	2019-02-18	0.000637	0.000560	0.000660	0.000559	0
DROP_USD	2019-02-17	0.000560	0.000551	0.000580	0.000533	0
DROP_USD	2019-02-16	0.000551	0.000569	0.000610	0.000535	0
DROP_USD	2019-02-15	0.000568	0.000493	0.000696	0.000475	0
DROP_USD	2019-02-14	0.000494	0.000495	0.000497	0.000475	0
DROP_USD	2019-02-13	0.000495	0.000499	0.000504	0.000461	0
DROP_USD	2019-02-12	0.000499	0.000460	0.000503	0.000456	0
DROP_USD	2019-02-11	0.000460	0.000450	0.000498	0.000443	0
DROP_USD	2019-02-10	0.000450	0.000465	0.000466	0.000440	0
DROP_USD	2019-02-09	0.000465	0.000466	0.000485	0.000426	0
DROP_USD	2019-02-08	0.000466	0.000395	0.000466	0.000363	0
DROP_USD	2019-02-07	0.000395	0.000397	0.000430	0.000395	0
DROP_USD	2019-02-06	0.000397	0.000404	0.000405	0.000394	0
DROP_USD	2019-02-05	0.000404	0.000366	0.000421	0.000365	0
DROP_USD	2019-02-04	0.000366	0.000403	0.000405	0.000366	0
DROP_USD	2019-02-03	0.000403	0.000410	0.000410	0.000367	0
DROP_USD	2019-02-02	0.000409	0.000407	0.000444	0.000386	0
DROP_USD	2019-02-01	0.000407	0.000403	0.000409	0.000365	0
DROP_USD	2019-01-31	0.000403	0.000441	0.000446	0.000402	0
DROP_USD	2019-01-30	0.000441	0.000435	0.000478	0.000399	0
DROP_USD	2019-01-29	0.000435	0.000438	0.000439	0.000428	0
DROP_USD	2019-01-28	0.000438	0.000413	0.000439	0.000397	0
DROP_USD	2019-01-27	0.000414	0.000454	0.000455	0.000413	0
DROP_USD	2019-01-26	0.000454	0.000454	0.000467	0.000435	0
DROP_USD	2019-01-25	0.000454	0.000457	0.000489	0.000434	0
DROP_USD	2019-01-24	0.000457	0.000489	0.000489	0.000449	0
DROP_USD	2019-01-23	0.000489	0.000491	0.000496	0.000421	0
DROP_USD	2019-01-22	0.000491	0.000483	0.000530	0.000483	0
DROP_USD	2019-01-21	0.000483	0.000484	0.000500	0.000463	0
DROP_USD	2019-01-20	0.000484	0.000470	0.000510	0.000443	0
DROP_USD	2019-01-19	0.000471	0.000478	0.000511	0.000470	0
DROP_USD	2019-01-18	0.000478	0.000502	0.000537	0.000475	0
DROP_USD	2019-01-17	0.000502	0.000497	0.000539	0.000481	0
DROP_USD	2019-01-16	0.000496	0.000548	0.000552	0.000445	0
DROP_USD	2019-01-15	0.000548	0.000656	0.000658	0.000492	0
DROP_USD	2019-01-14	0.000656	0.000593	0.000702	0.000591	0
DROP_USD	2019-01-13	0.000593	0.000629	0.000651	0.000572	0
DROP_USD	2019-01-12	0.000629	0.000706	0.000708	0.000574	0
DROP_USD	2019-01-11	0.000706	0.000705	0.000773	0.000686	0
DROP_USD	2019-01-10	0.000705	0.000755	0.000765	0.000683	0
DROP_USD	2019-01-09	0.000755	0.000800	0.000845	0.000713	0
DROP_USD	2019-01-08	0.000799	0.000884	0.000892	0.000758	0
DROP_USD	2019-01-07	0.000884	0.000938	0.000944	0.000877	0
DROP_USD	2019-01-06	0.000939	0.000821	0.001682	0.000820	0
DROP_USD	2019-01-05	0.000821	0.000890	0.001057	0.000820	0
DROP_USD	2019-01-04	0.000910	0.000706	0.000911	0.000685	0
DROP_USD	2019-01-03	0.000686	0.000628	0.000742	0.000621	0
DROP_USD	2019-01-02	0.000628	0.000575	0.000650	0.000533	0
DROP_USD	2019-01-01	0.000574	0.000517	0.000577	0.000512	0
DROP_USD	2018-12-31	0.000517	0.000577	0.000591	0.000496	0
DROP_USD	2018-12-30	0.000576	0.000486	0.000578	0.000481	0
DROP_USD	2018-12-29	0.000485	0.000585	0.000590	0.000484	0
DROP_USD	2018-12-28	0.000585	0.000409	0.000609	0.000409	0
DROP_USD	2018-12-27	0.000409	0.000413	0.000449	0.000390	0
DROP_USD	2018-12-26	0.000413	0.000411	0.000488	0.000408	0
DROP_USD	2018-12-25	0.000410	0.000476	0.000494	0.000193	0
DROP_USD	2018-12-24	0.000477	0.000468	0.000543	0.000468	0
DROP_USD	2018-12-23	0.000468	0.000620	0.000647	0.000207	0
DROP_USD	2018-12-22	0.000619	0.000577	0.000639	0.000568	0
DROP_USD	2018-12-21	0.000576	0.000611	0.000696	0.000566	0
DROP_USD	2018-12-20	0.000611	0.000533	0.000653	0.000476	0
DROP_USD	2018-12-19	0.000533	0.000586	0.000641	0.000200	0
DROP_USD	2018-12-18	0.000586	0.000671	0.000681	0.000560	0
DROP_USD	2018-12-17	0.000671	0.000561	0.000675	0.000561	0
DROP_USD	2018-12-16	0.000561	0.000542	0.000648	0.000498	0
DROP_USD	2018-12-15	0.000542	0.000591	0.000643	0.000519	0
DROP_USD	2018-12-14	0.000591	0.000621	0.000691	0.000540	0
DROP_USD	2018-12-13	0.000620	0.000778	0.000802	0.000577	0
DROP_USD	2018-12-12	0.000778	0.000857	0.000862	0.000699	0
DROP_USD	2018-12-11	0.000860	0.000881	0.001109	0.000699	0
DROP_USD	2018-12-10	0.000881	0.001056	0.001068	0.000829	0
DROP_USD	2018-12-09	0.001057	0.001034	0.001103	0.000791	0
DROP_USD	2018-12-08	0.001034	0.001055	0.001097	0.000995	0
DROP_USD	2018-12-07	0.001055	0.001059	0.001098	0.000991	0
DROP_USD	2018-12-06	0.001062	0.001150	0.001217	0.001055	0
DROP_USD	2018-12-05	0.001149	0.001216	0.001222	0.001144	0
DROP_USD	2018-12-04	0.001215	0.001228	0.001281	0.001200	0
DROP_USD	2018-12-03	0.001229	0.001314	0.001316	0.001198	0
DROP_USD	2018-12-02	0.001310	0.001379	0.001415	0.001272	0
DROP_USD	2018-12-01	0.001379	0.001272	0.001410	0.001214	0
DROP_USD	2018-11-30	0.001272	0.001383	0.001394	0.001266	0
DROP_USD	2018-11-29	0.001380	0.001399	0.001478	0.001356	0
DROP_USD	2018-11-28	0.001399	0.001379	0.001490	0.001303	0
DROP_USD	2018-11-27	0.001379	0.001234	0.001437	0.001201	0
DROP_USD	2018-11-26	0.001234	0.001390	0.001426	0.001221	0
DROP_USD	2018-11-25	0.001396	0.001297	0.001449	0.001139	0
DROP_USD	2018-11-24	0.001297	0.001526	0.001587	0.001266	0
DROP_USD	2018-11-23	0.001526	0.001594	0.001624	0.001497	0
DROP_USD	2018-11-22	0.001603	0.001656	0.001698	0.001603	0
DROP_USD	2018-11-21	0.001658	0.001587	0.001719	0.001554	0
DROP_USD	2018-11-20	0.001583	0.001802	0.001842	0.001522	0
DROP_USD	2018-11-19	0.001802	0.002235	0.002266	0.001802	0
DROP_USD	2018-11-18	0.002235	0.002194	0.002246	0.002176	0
DROP_USD	2018-11-17	0.002194	0.002236	0.002406	0.002095	0
DROP_USD	2018-11-16	0.002236	0.002214	0.002348	0.002131	0
DROP_USD	2018-11-15	0.002214	0.002280	0.002372	0.002077	0
DROP_USD	2018-11-14	0.002266	0.002551	0.002604	0.002179	0
DROP_USD	2018-11-13	0.002553	0.002643	0.002643	0.002492	0
DROP_USD	2018-11-12	0.002643	0.002677	0.002689	0.002535	0
DROP_USD	2018-11-11	0.002681	0.002669	0.002681	0.002605	0
DROP_USD	2018-11-10	0.002669	0.002536	0.002731	0.002534	0
DROP_USD	2018-11-09	0.002536	0.002592	0.002634	0.002497	0
DROP_USD	2018-11-08	0.002592	0.002728	0.002759	0.002518	0
DROP_USD	2018-11-07	0.002728	0.002802	0.002853	0.002725	0
DROP_USD	2018-11-06	0.002802	0.002879	0.002946	0.002676	0
DROP_USD	2018-11-05	0.002847	0.002756	0.002949	0.002721	0
DROP_USD	2018-11-04	0.002756	0.002875	0.002955	0.002705	0
DROP_USD	2018-11-03	0.002875	0.002860	0.002888	0.002818	0
DROP_USD	2018-11-02	0.002860	0.002912	0.003001	0.002814	0
DROP_USD	2018-11-01	0.002912	0.002834	0.002962	0.002796	0
DROP_USD	2018-10-31	0.002834	0.002849	0.002850	0.002719	0
DROP_USD	2018-10-30	0.002849	0.002856	0.003133	0.002832	0
DROP_USD	2018-10-29	0.002855	0.002856	0.002922	0.002755	0
DROP_USD	2018-10-28	0.002856	0.002893	0.002959	0.002846	0
DROP_USD	2018-10-27	0.002893	0.003005	0.003041	0.002845	0
DROP_USD	2018-10-26	0.003004	0.002840	0.003038	0.002714	0
DROP_USD	2018-10-25	0.002840	0.002982	0.002987	0.002713	0
DROP_USD	2018-10-24	0.002982	0.002849	0.003122	0.002849	0
DROP_USD	2018-10-23	0.002849	0.002955	0.002961	0.002752	0
DROP_USD	2018-10-22	0.002955	0.003164	0.003179	0.002849	0
DROP_USD	2018-10-21	0.003162	0.003162	0.003228	0.003114	0
DROP_USD	2018-10-20	0.003161	0.003199	0.003304	0.003058	0
DROP_USD	2018-10-19	0.003198	0.003274	0.003480	0.002992	0
DROP_USD	2018-10-18	0.003274	0.003132	0.003395	0.003055	0
DROP_USD	2018-10-17	0.003132	0.003141	0.003279	0.003064	0
DROP_USD	2018-10-16	0.003142	0.003101	0.003170	0.003015	0
DROP_USD	2018-10-15	0.003101	0.002819	0.003498	0.002705	0
DROP_USD	2018-10-14	0.002818	0.002689	0.002974	0.002685	0
DROP_USD	2018-10-13	0.002689	0.002706	0.002934	0.002619	0
DROP_USD	2018-10-12	0.002708	0.003095	0.003095	0.002616	0
DROP_USD	2018-10-11	0.002940	0.003149	0.003149	0.002604	0
DROP_USD	2018-10-10	0.003149	0.003332	0.003332	0.002876	0
DROP_USD	2018-10-09	0.003332	0.003470	0.003566	0.003224	0
DROP_USD	2018-10-08	0.003470	0.003465	0.003527	0.003435	0
DROP_USD	2018-10-07	0.003465	0.003658	0.003666	0.003457	0
DROP_USD	2018-10-06	0.003658	0.003655	0.003762	0.003624	0
DROP_USD	2018-10-05	0.003655	0.003685	0.003711	0.003414	0
DROP_USD	2018-10-04	0.003685	0.003676	0.003802	0.003639	0
DROP_USD	2018-10-03	0.003674	0.003754	0.003796	0.003597	0
DROP_USD	2018-10-02	0.003759	0.003764	0.004257	0.003591	0
DROP_USD	2018-10-01	0.003762	0.003674	0.004091	0.003674	0
DROP_USD	2018-09-30	0.003674	0.003996	0.004027	0.003638	0
DROP_USD	2018-09-29	0.003996	0.003716	0.003996	0.003633	0
DROP_USD	2018-09-28	0.003716	0.003750	0.003858	0.003505	0
DROP_USD	2018-09-27	0.003746	0.003619	0.003855	0.003445	0
DROP_USD	2018-09-26	0.003619	0.003544	0.003757	0.003384	0
DROP_USD	2018-09-25	0.003571	0.003556	0.003572	0.003403	0
DROP_USD	2018-09-24	0.003556	0.003724	0.003731	0.003530	0
DROP_USD	2018-09-23	0.003725	0.003866	0.003870	0.003638	0
DROP_USD	2018-09-22	0.003866	0.003821	0.003866	0.003598	0
DROP_USD	2018-09-21	0.003826	0.004193	0.004244	0.003806	0
DROP_USD	2018-09-20	0.004225	0.004060	0.004232	0.003954	0
DROP_USD	2018-09-19	0.004059	0.003869	0.004097	0.003819	0
DROP_USD	2018-09-18	0.003869	0.003596	0.003922	0.003529	0
DROP_USD	2018-09-17	0.003596	0.003899	0.003951	0.003543	0
DROP_USD	2018-09-16	0.003899	0.003714	0.003997	0.003504	0
DROP_USD	2018-09-15	0.003716	0.003791	0.003886	0.003616	0
DROP_USD	2018-09-14	0.003795	0.003853	0.004388	0.003795	0
DROP_USD	2018-09-13	0.003853	0.003232	0.004011	0.003224	0
DROP_USD	2018-09-12	0.003232	0.003146	0.003335	0.003030	0
DROP_USD	2018-09-11	0.003145	0.003280	0.003476	0.003096	0
DROP_USD	2018-09-10	0.003280	0.003247	0.003429	0.003182	0
DROP_USD	2018-09-09	0.003245	0.003433	0.003466	0.003126	0
DROP_USD	2018-09-08	0.003433	0.003362	0.003530	0.003344	0
DROP_USD	2018-09-07	0.003362	0.003616	0.003616	0.003301	0
DROP_USD	2018-09-06	0.003615	0.003687	0.003737	0.003246	0
DROP_USD	2018-09-05	0.003687	0.003863	0.004733	0.003685	0
DROP_USD	2018-09-04	0.003863	0.003233	0.004010	0.003229	0
DROP_USD	2018-09-03	0.003235	0.003244	0.003463	0.003161	0
DROP_USD	2018-09-02	0.003244	0.002807	0.003370	0.002807	0
DROP_USD	2018-09-01	0.002807	0.002424	0.002810	0.002389	0
DROP_USD	2018-08-31	0.002424	0.002375	0.002444	0.002269	0
DROP_USD	2018-08-30	0.002378	0.002322	0.002398	0.002168	0
DROP_USD	2018-08-29	0.002325	0.002372	0.002509	0.002251	0
DROP_USD	2018-08-28	0.002371	0.002764	0.002776	0.002167	0
DROP_USD	2018-08-27	0.002761	0.002613	0.002799	0.002597	0
DROP_USD	2018-08-26	0.002616	0.002592	0.002639	0.002424	0
DROP_USD	2018-08-25	0.002561	0.002544	0.002867	0.002501	0
DROP_USD	2018-08-24	0.002544	0.002776	0.002782	0.002482	0
DROP_USD	2018-08-23	0.002774	0.002608	0.002930	0.002471	0
DROP_USD	2018-08-22	0.002605	0.002690	0.002994	0.002544	0
DROP_USD	2018-08-21	0.002689	0.003001	0.003017	0.002340	0
DROP_USD	2018-08-20	0.003002	0.003242	0.003257	0.002847	0
DROP_USD	2018-08-19	0.003243	0.002780	0.003301	0.002733	0
DROP_USD	2018-08-18	0.002780	0.002831	0.002906	0.002594	0
DROP_USD	2018-08-17	0.002833	0.002932	0.003339	0.002670	0
DROP_USD	2018-08-16	0.002935	0.003100	0.003167	0.002743	0
DROP_USD	2018-08-15	0.003104	0.002630	0.003265	0.002575	0
DROP_USD	2018-08-14	0.002598	0.003122	0.003122	0.002164	0
DROP_USD	2018-08-13	0.003126	0.003378	0.003490	0.002762	0
DROP_USD	2018-08-12	0.003378	0.003457	0.003547	0.003332	0
DROP_USD	2018-08-11	0.003454	0.003657	0.003678	0.003150	0
DROP_USD	2018-08-10	0.003656	0.004123	0.004141	0.003521	0
DROP_USD	2018-08-09	0.004113	0.003955	0.004189	0.003797	0
DROP_USD	2018-08-08	0.003955	0.003894	0.004938	0.003715	0
DROP_USD	2018-08-07	0.003896	0.004375	0.004667	0.003790	0
DROP_USD	2018-08-06	0.004371	0.004530	0.004714	0.004282	0
DROP_USD	2018-08-05	0.004536	0.004453	0.004635	0.004376	0
DROP_USD	2018-08-04	0.004449	0.004786	0.004895	0.004373	0
DROP_USD	2018-08-03	0.004783	0.004855	0.005372	0.004572	0
DROP_USD	2018-08-02	0.004860	0.004906	0.005251	0.004675	0
DROP_USD	2018-08-01	0.004908	0.004995	0.005208	0.004690	0
DROP_USD	2018-07-31	0.004996	0.005233	0.005655	0.004947	0
DROP_USD	2018-07-30	0.005230	0.005673	0.006141	0.004908	0
DROP_USD	2018-07-29	0.005673	0.005896	0.006003	0.005652	0
DROP_USD	2018-07-28	0.005854	0.005772	0.005978	0.004783	0
DROP_USD	2018-07-27	0.005772	0.006143	0.006143	0.005731	0
DROP_USD	2018-07-26	0.006143	0.006057	0.006154	0.005937	0
DROP_USD	2018-07-25	0.006052	0.006112	0.006195	0.005779	0
DROP_USD	2018-07-24	0.006141	0.005751	0.006227	0.005731	0
DROP_USD	2018-07-23	0.005747	0.005584	0.005913	0.005567	0
DROP_USD	2018-07-22	0.005588	0.005330	0.005667	0.005294	0
DROP_USD	2018-07-21	0.005330	0.005280	0.005382	0.005157	0
DROP_USD	2018-07-20	0.005279	0.005456	0.005722	0.005205	0
DROP_USD	2018-07-19	0.005456	0.005571	0.005943	0.005331	0
DROP_USD	2018-07-18	0.005561	0.005710	0.005912	0.005550	0
DROP_USD	2018-07-17	0.005710	0.005269	0.005933	0.005209	0
DROP_USD	2018-07-16	0.005254	0.005173	0.005465	0.005112	0
DROP_USD	2018-07-15	0.005173	0.005000	0.005189	0.004966	0
DROP_USD	2018-07-14	0.005000	0.005038	0.005102	0.004920	0
DROP_USD	2018-07-13	0.005038	0.005019	0.005126	0.004967	0
DROP_USD	2018-07-12	0.005016	0.005163	0.005163	0.004890	0
DROP_USD	2018-07-11	0.005166	0.005074	0.005290	0.005058	0
DROP_USD	2018-07-10	0.005072	0.005493	0.005549	0.005024	0
DROP_USD	2018-07-09	0.005495	0.005665	0.005814	0.005475	0
DROP_USD	2018-07-08	0.005668	0.005714	0.005842	0.005600	0
DROP_USD	2018-07-07	0.005714	0.005645	0.005802	0.005433	0
DROP_USD	2018-07-06	0.005644	0.005617	0.005723	0.005535	0
DROP_USD	2018-07-05	0.005625	0.006063	0.006192	0.005539	0
DROP_USD	2018-07-04	0.006063	0.005829	0.006262	0.005744	0
DROP_USD	2018-07-03	0.005817	0.005891	0.005983	0.000077	0
DROP_USD	2018-07-02	0.005890	0.005365	0.006073	0.000000	0
DROP_USD	2018-07-01	0.005365	0.005561	0.005561	0.005241	0
DROP_USD	2018-06-30	0.005568	0.005459	0.005659	0.005114	0
DROP_USD	2018-06-29	0.005521	0.004709	0.005561	0.004680	0
DROP_USD	2018-06-28	0.004840	0.005673	0.005765	0.004840	0
DROP_USD	2018-06-27	0.005642	0.005611	0.005769	0.005581	0
DROP_USD	2018-06-26	0.005649	0.005751	0.005850	0.005609	0
DROP_USD	2018-06-25	0.005748	0.005624	0.005964	0.005624	0
DROP_USD	2018-06-24	0.005640	0.005667	0.005673	0.005332	0
DROP_USD	2018-06-23	0.005664	0.005529	0.005679	0.005399	0
DROP_USD	2018-06-22	0.005549	0.005707	0.005810	0.005238	0
DROP_USD	2018-06-21	0.005743	0.006118	0.006171	0.005249	0
