DTEM_USD	2019-01-27	0.003114	0.003114	0.003114	0.003114	0
DTEM_USD	2019-01-26	0.003114	0.003114	0.003114	0.003114	0
DTEM_USD	2019-01-25	0.003114	0.003114	0.003114	0.003114	0
DTEM_USD	2019-01-24	0.003114	0.003114	0.003114	0.003114	0
DTEM_USD	2019-01-23	0.003114	0.003114	0.003114	0.003114	0
DTEM_USD	2019-01-22	0.003114	0.003114	0.003114	0.003114	0
DTEM_USD	2019-01-21	0.003114	0.003114	0.003114	0.003114	0
DTEM_USD	2019-01-19	0.003114	0.003114	0.003114	0.003114	0
DTEM_USD	2019-01-18	0.003114	0.003114	0.003114	0.003114	0
DTEM_USD	2019-01-17	0.003114	0.003114	0.003114	0.003114	0
DTEM_USD	2019-01-16	0.003114	0.003114	0.003114	0.003114	0
DTEM_USD	2019-01-15	0.003114	0.003114	0.003114	0.003114	0
DTEM_USD	2019-01-14	0.003114	0.003089	0.003121	0.003079	0
DTEM_USD	2019-01-13	0.003089	0.003184	0.003198	0.003072	0
DTEM_USD	2019-01-12	0.003184	0.003195	0.003211	0.003157	0
DTEM_USD	2019-01-11	0.003195	0.003193	0.003241	0.003153	0
DTEM_USD	2019-01-10	0.003193	0.003512	0.003557	0.003171	0
DTEM_USD	2019-01-09	0.003512	0.003525	0.003578	0.003471	0
DTEM_USD	2019-01-08	0.003525	0.003538	0.003619	0.003491	0
DTEM_USD	2019-01-07	0.003538	0.003588	0.003609	0.003508	0
DTEM_USD	2019-01-06	0.003588	0.003364	0.006728	0.003344	0
DTEM_USD	2019-01-05	0.003364	0.003403	0.003452	0.003358	0
DTEM_USD	2019-01-04	0.003403	0.003372	0.003428	0.003319	0
DTEM_USD	2019-01-03	0.003372	0.003483	0.003487	0.003357	0
DTEM_USD	2019-01-02	0.003483	0.003404	0.003502	0.003371	0
DTEM_USD	2019-01-01	0.003404	0.003294	0.003424	0.003259	0
DTEM_USD	2018-12-31	0.003294	0.003417	0.003425	0.003252	0
DTEM_USD	2018-12-30	0.003417	0.003339	0.003431	0.003307	0
DTEM_USD	2018-12-29	0.003339	0.003472	0.003516	0.003327	0
DTEM_USD	2018-12-28	0.003472	0.003194	0.003513	0.003179	0
DTEM_USD	2018-12-27	0.003194	0.003380	0.003407	0.003172	0
DTEM_USD	2018-12-26	0.003380	0.003359	0.003431	0.003278	0
DTEM_USD	2018-12-25	0.003359	0.003565	0.003571	0.003286	0
DTEM_USD	2018-12-24	0.003565	0.003501	0.003770	0.003501	0
DTEM_USD	2018-12-23	0.003501	0.003548	0.003621	0.003472	0
DTEM_USD	2018-12-22	0.003548	0.003416	0.003566	0.003371	0
DTEM_USD	2018-12-21	0.003416	0.003622	0.003688	0.003359	0
DTEM_USD	2018-12-20	0.003625	0.003277	0.003694	0.003253	0
DTEM_USD	2018-12-19	0.003277	0.003250	0.003474	0.003235	0
DTEM_USD	2018-12-18	0.003250	0.003118	0.003266	0.003053	0
DTEM_USD	2018-12-17	0.003118	0.002838	0.003186	0.002825	0
DTEM_USD	2018-12-16	0.002838	0.002827	0.002905	0.002818	0
DTEM_USD	2018-12-15	0.002827	0.002822	0.002855	0.002767	0
DTEM_USD	2018-12-14	0.002822	0.002882	0.002912	0.002775	0
DTEM_USD	2018-12-13	0.002882	0.003042	0.003047	0.002863	0
DTEM_USD	2018-12-12	0.003042	0.002943	0.003101	0.002938	0
DTEM_USD	2018-12-11	0.002969	0.003031	0.003053	0.002920	0
DTEM_USD	2018-12-10	0.003031	0.003135	0.003182	0.002989	0
DTEM_USD	2018-12-09	0.003135	0.003015	0.003248	0.002983	0
DTEM_USD	2018-12-08	0.003015	0.002974	0.003145	0.002852	0
DTEM_USD	2018-12-07	0.002974	0.003044	0.003096	0.002823	0
DTEM_USD	2018-12-06	0.003044	0.003239	0.003368	0.003024	0
DTEM_USD	2018-12-05	0.003239	0.003425	0.003438	0.003226	0
DTEM_USD	2018-12-04	0.003425	0.003356	0.003555	0.003276	0
DTEM_USD	2018-12-03	0.003356	0.003577	0.003593	0.003303	0
DTEM_USD	2018-12-02	0.003577	0.003649	0.003744	0.003549	0
DTEM_USD	2018-12-01	0.003649	0.003473	0.003731	0.003422	0
DTEM_USD	2018-11-30	0.003473	0.003708	0.003747	0.003411	0
DTEM_USD	2018-11-29	0.003708	0.003703	0.003843	0.003597	0
DTEM_USD	2018-11-28	0.003703	0.003341	0.003810	0.003341	0
DTEM_USD	2018-11-27	0.003341	0.003317	0.003391	0.003193	0
DTEM_USD	2018-11-26	0.003317	0.003530	0.003608	0.003196	0
DTEM_USD	2018-11-25	0.003530	0.003380	0.003612	0.003150	0
DTEM_USD	2018-11-24	0.003380	0.003804	0.003883	0.003298	0
DTEM_USD	2018-11-23	0.003804	0.003777	0.003854	0.003656	0
DTEM_USD	2018-11-22	0.003777	0.004017	0.004056	0.003777	0
DTEM_USD	2018-11-21	0.004017	0.003946	0.004104	0.003810	0
DTEM_USD	2018-11-20	0.003946	0.004247	0.004340	0.003714	0
DTEM_USD	2018-11-19	0.004247	0.004867	0.004867	0.004206	0
DTEM_USD	2018-11-18	0.004867	0.004839	0.004911	0.004834	0
DTEM_USD	2018-11-17	0.004839	0.004868	0.004868	0.004793	0
DTEM_USD	2018-11-16	0.004868	0.004946	0.004951	0.004777	0
DTEM_USD	2018-11-15	0.004946	0.005061	0.005099	0.004680	0
DTEM_USD	2018-11-14	0.005061	0.005559	0.005577	0.004906	0
DTEM_USD	2018-11-13	0.005559	0.005544	0.005588	0.005507	0
DTEM_USD	2018-11-12	0.005544	0.005555	0.005573	0.005520	0
DTEM_USD	2018-11-11	0.005555	0.005531	0.005555	0.005473	0
DTEM_USD	2018-11-10	0.005531	0.005521	0.005557	0.005516	0
DTEM_USD	2018-11-09	0.005521	0.005572	0.005592	0.005498	0
DTEM_USD	2018-11-08	0.005572	0.005652	0.005663	0.005570	0
DTEM_USD	2018-11-07	0.005652	0.005603	0.005682	0.005600	0
DTEM_USD	2018-11-06	0.005603	0.005564	0.005603	0.005545	0
DTEM_USD	2018-11-05	0.005564	0.005577	0.005586	0.005538	0
DTEM_USD	2018-11-04	0.005577	0.005494	0.005598	0.005470	0
DTEM_USD	2018-11-03	0.005494	0.005527	0.005532	0.005446	0
DTEM_USD	2018-11-02	0.005527	0.005504	0.005551	0.005497	0
DTEM_USD	2018-11-01	0.005504	0.005477	0.005524	0.005464	0
DTEM_USD	2018-10-31	0.005477	0.005444	0.005502	0.005376	0
DTEM_USD	2018-10-30	0.005444	0.005456	0.005487	0.005429	0
DTEM_USD	2018-10-29	0.005456	0.005582	0.005592	0.005436	0
DTEM_USD	2018-10-28	0.005582	0.005590	0.005599	0.005552	0
DTEM_USD	2018-10-27	0.005590	0.005617	0.005636	0.005574	0
DTEM_USD	2018-10-26	0.005617	0.005614	0.005665	0.005602	0
DTEM_USD	2018-10-25	0.005614	0.005636	0.005645	0.005597	0
DTEM_USD	2018-10-24	0.005636	0.005633	0.005696	0.005627	0
DTEM_USD	2018-10-23	0.005633	0.005648	0.005662	0.005618	0
DTEM_USD	2018-10-22	0.005648	0.005666	0.005700	0.005632	0
DTEM_USD	2018-10-21	0.005666	0.005664	0.005723	0.005662	0
DTEM_USD	2018-10-20	0.005664	0.005613	0.005683	0.005600	0
DTEM_USD	2018-10-19	0.005613	0.005687	0.005702	0.005607	0
DTEM_USD	2018-10-18	0.005687	0.005792	0.005829	0.005648	0
DTEM_USD	2018-10-17	0.005792	0.005812	0.005841	0.005746	0
DTEM_USD	2018-10-16	0.005812	0.005798	0.005927	0.005745	0
DTEM_USD	2018-10-15	0.005798	0.005447	0.006465	0.005418	0
DTEM_USD	2018-10-14	0.005447	0.005441	0.005503	0.005434	0
DTEM_USD	2018-10-13	0.005441	0.005416	0.005445	0.005408	0
DTEM_USD	2018-10-12	0.005416	0.005380	0.005460	0.005352	0
DTEM_USD	2018-10-11	0.005380	0.005702	0.005702	0.005358	0
DTEM_USD	2018-10-10	0.005702	0.005730	0.005730	0.005615	0
DTEM_USD	2018-10-09	0.005730	0.005739	0.005745	0.005683	0
DTEM_USD	2018-10-08	0.005739	0.005677	0.005778	0.005664	0
DTEM_USD	2018-10-07	0.005677	0.005669	0.005705	0.005620	0
DTEM_USD	2018-10-06	0.005669	0.005714	0.005717	0.005645	0
DTEM_USD	2018-10-05	0.005714	0.005659	0.005732	0.005631	0
DTEM_USD	2018-10-04	0.005659	0.005593	0.005704	0.005589	0
DTEM_USD	2018-10-03	0.005593	0.005623	0.005635	0.005531	0
DTEM_USD	2018-10-02	0.005623	0.005677	0.005704	0.005602	0
DTEM_USD	2018-10-01	0.005677	0.005692	0.005727	0.005608	0
DTEM_USD	2018-09-30	0.005692	0.005680	0.005725	0.005617	0
DTEM_USD	2018-09-29	0.005680	0.005706	0.005706	0.005561	0
DTEM_USD	2018-09-28	0.005706	0.005753	0.005870	0.005629	0
DTEM_USD	2018-09-27	0.005752	0.005558	0.005785	0.005539	0
DTEM_USD	2018-09-26	0.005558	0.005534	0.005634	0.005492	0
DTEM_USD	2018-09-25	0.005534	0.005663	0.005663	0.005462	0
DTEM_USD	2018-09-24	0.005663	0.005772	0.005781	0.005637	0
DTEM_USD	2018-09-23	0.005772	0.005783	0.005834	0.005733	0
DTEM_USD	2018-09-22	0.005783	0.005824	0.005883	0.005714	0
DTEM_USD	2018-09-21	0.005824	0.005590	0.005831	0.005587	0
DTEM_USD	2018-09-20	0.005590	0.005497	0.005611	0.005467	0
DTEM_USD	2018-09-19	0.005497	0.005455	0.005563	0.005258	0
DTEM_USD	2018-09-18	0.005455	0.005379	0.005489	0.005358	0
DTEM_USD	2018-09-17	0.005379	0.005589	0.005617	0.005343	0
DTEM_USD	2018-09-16	0.005589	0.005607	0.005607	0.005487	0
DTEM_USD	2018-09-15	0.005607	0.005579	0.005649	0.005567	0
DTEM_USD	2018-09-14	0.005579	0.005569	0.005664	0.005481	0
DTEM_USD	2018-09-13	0.005569	0.005450	0.005610	0.005447	0
DTEM_USD	2018-09-12	0.005450	0.005409	0.005461	0.005335	0
DTEM_USD	2018-09-11	0.005409	0.005425	0.005491	0.005315	0
DTEM_USD	2018-09-10	0.005425	0.005366	0.005458	0.005366	0
DTEM_USD	2018-09-09	0.005366	0.005319	0.005519	0.005294	0
DTEM_USD	2018-09-08	0.005319	0.005507	0.005569	0.005280	0
DTEM_USD	2018-09-07	0.005507	0.005602	0.005619	0.005440	0
DTEM_USD	2018-09-06	0.005602	0.005765	0.005780	0.005428	0
DTEM_USD	2018-09-05	0.005765	0.006329	0.006359	0.005762	0
DTEM_USD	2018-09-04	0.006329	0.006252	0.006373	0.006232	0
DTEM_USD	2018-09-03	0.006252	0.006270	0.006309	0.006192	0
DTEM_USD	2018-09-02	0.006270	0.006190	0.006318	0.006138	0
DTEM_USD	2018-09-01	0.006190	0.006043	0.006244	0.006038	0
DTEM_USD	2018-08-31	0.006043	0.006015	0.006092	0.005930	0
DTEM_USD	2018-08-30	0.006015	0.006060	0.006072	0.005854	0
DTEM_USD	2018-08-29	0.006060	0.006087	0.006130	0.005958	0
DTEM_USD	2018-08-28	0.006087	0.005937	0.006129	0.005910	0
DTEM_USD	2018-08-27	0.005937	0.005769	0.005943	0.005727	0
DTEM_USD	2018-08-26	0.005769	0.005796	0.005832	0.005660	0
DTEM_USD	2018-08-25	0.005796	0.005757	0.005841	0.005736	0
DTEM_USD	2018-08-24	0.005757	0.005613	0.005784	0.005558	0
DTEM_USD	2018-08-23	0.005613	0.005465	0.005647	0.005461	0
DTEM_USD	2018-08-22	0.005465	0.005572	0.005905	0.005378	0
DTEM_USD	2018-08-21	0.005572	0.005379	0.005589	0.005375	0
DTEM_USD	2018-08-20	0.005379	0.005577	0.005608	0.005358	0
DTEM_USD	2018-08-19	0.005577	0.005496	0.005624	0.005426	0
DTEM_USD	2018-08-18	0.005496	0.005666	0.005685	0.005422	0
DTEM_USD	2018-08-17	0.005666	0.005428	0.005666	0.005412	0
DTEM_USD	2018-08-16	0.005428	0.005392	0.005566	0.005355	0
DTEM_USD	2018-08-15	0.005392	0.005320	0.005687	0.005316	0
DTEM_USD	2018-08-14	0.005320	0.005377	0.005377	0.005062	0
DTEM_USD	2018-08-13	0.005377	0.005430	0.005621	0.005298	0
DTEM_USD	2018-08-12	0.005430	0.005352	0.005547	0.005310	0
DTEM_USD	2018-08-11	0.005352	0.005284	0.005554	0.005169	0
DTEM_USD	2018-08-10	0.005284	0.005615	0.005653	0.005175	0
DTEM_USD	2018-08-09	0.005615	0.005399	0.005694	0.005323	0
DTEM_USD	2018-08-08	0.005399	0.005777	0.005777	0.005274	0
DTEM_USD	2018-08-07	0.005777	0.005967	0.006149	0.005746	0
DTEM_USD	2018-08-06	0.005967	0.006048	0.006145	0.005892	0
DTEM_USD	2018-08-05	0.006048	0.006025	0.006097	0.005926	0
DTEM_USD	2018-08-04	0.006025	0.006378	0.006440	0.005960	0
DTEM_USD	2018-08-03	0.006378	0.006480	0.006480	0.006264	0
DTEM_USD	2018-08-02	0.006480	0.006544	0.006622	0.006417	0
DTEM_USD	2018-08-01	0.006544	0.006661	0.006669	0.006403	0
DTEM_USD	2018-07-31	0.006661	0.007027	0.007032	0.006596	0
DTEM_USD	2018-07-30	0.007027	0.007071	0.007118	0.006764	0
DTEM_USD	2018-07-29	0.007071	0.007033	0.007117	0.006986	0
DTEM_USD	2018-07-27	0.007091	0.007091	0.007091	0.007091	0
DTEM_USD	2018-07-26	0.007091	0.007033	0.007142	0.007031	0
DTEM_USD	2018-07-25	0.007033	0.007235	0.007298	0.006945	0
DTEM_USD	2018-07-24	0.007235	0.006634	0.007286	0.006616	0
DTEM_USD	2018-07-23	0.006634	0.006365	0.006691	0.006342	0
DTEM_USD	2018-07-22	0.006365	0.006367	0.006505	0.006318	0
DTEM_USD	2018-07-21	0.006367	0.006306	0.006404	0.006210	0
DTEM_USD	2018-07-20	0.006306	0.006427	0.006606	0.006261	0
DTEM_USD	2018-07-19	0.006427	0.006335	0.006498	0.006265	0
DTEM_USD	2018-07-18	0.006335	0.006295	0.006519	0.006235	0
DTEM_USD	2018-07-17	0.006295	0.005793	0.006418	0.005734	0
DTEM_USD	2018-07-16	0.005793	0.005458	0.005803	0.005445	0
DTEM_USD	2018-07-15	0.005458	0.005375	0.005494	0.005361	0
DTEM_USD	2018-07-14	0.005375	0.005349	0.005420	0.005315	0
DTEM_USD	2018-07-13	0.005349	0.005359	0.005443	0.005284	0
DTEM_USD	2018-07-12	0.005359	0.005485	0.005485	0.005230	0
DTEM_USD	2018-07-11	0.005485	0.005419	0.005499	0.005409	0
DTEM_USD	2018-07-10	0.005419	0.005728	0.005745	0.005401	0
DTEM_USD	2018-07-09	0.005728	0.005769	0.005844	0.005707	0
DTEM_USD	2018-07-08	0.005769	0.005815	0.005840	0.005746	0
DTEM_USD	2018-07-07	0.005815	0.005677	0.005870	0.005600	0
DTEM_USD	2018-07-06	0.005677	0.005625	0.005702	0.005549	0
DTEM_USD	2018-07-05	0.005625	0.005667	0.005760	0.005556	0
DTEM_USD	2018-07-04	0.005667	0.005590	0.005774	0.005519	0
DTEM_USD	2018-07-03	0.005590	0.005691	0.005736	0.000075	0
DTEM_USD	2018-07-02	0.005691	0.005460	0.005740	0.000000	0
DTEM_USD	2018-07-01	0.005461	0.005497	0.005531	0.005393	0
DTEM_USD	2018-06-30	0.005497	0.005335	0.005604	0.005335	0
DTEM_USD	2018-06-29	0.005339	0.005030	0.005395	0.004988	0
DTEM_USD	2018-06-28	0.005039	0.005275	0.005302	0.005014	0
DTEM_USD	2018-06-27	0.005274	0.005217	0.005314	0.005150	0
DTEM_USD	2018-06-26	0.005233	0.005376	0.005395	0.005205	0
DTEM_USD	2018-06-25	0.005372	0.005286	0.005431	0.005231	0
DTEM_USD	2018-06-24	0.005287	0.005298	0.005365	0.004966	0
DTEM_USD	2018-06-23	0.005291	0.005197	0.005374	0.005173	0
DTEM_USD	2018-06-22	0.005197	0.005774	0.005788	0.005105	0
DTEM_USD	2018-06-21	0.005774	0.005814	0.005836	0.005754	0
DTEM_USD	2018-06-20	0.005814	0.005790	0.005858	0.005642	0
DTEM_USD	2018-06-19	0.005796	0.005772	0.005872	0.005736	0
DTEM_USD	2018-06-18	0.005770	0.005541	0.005836	0.005494	0
DTEM_USD	2018-06-17	0.005537	0.005579	0.005650	0.005527	0
DTEM_USD	2018-06-16	0.005578	0.005491	0.005633	0.005444	0
DTEM_USD	2018-06-15	0.005488	0.005712	0.005712	0.005470	0
DTEM_USD	2018-06-14	0.005701	0.005414	0.005760	0.005394	0
DTEM_USD	2018-06-13	0.005411	0.005628	0.005681	0.005270	0
DTEM_USD	2018-06-12	0.005626	0.005908	0.005908	0.005539	0
DTEM_USD	2018-06-11	0.005911	0.005812	0.005931	0.005709	0
DTEM_USD	2018-06-10	0.005805	0.006449	0.006449	0.005712	0
DTEM_USD	2018-06-09	0.006447	0.006549	0.006609	0.006425	0
DTEM_USD	2018-06-08	0.006549	0.006610	0.006619	0.006488	0
DTEM_USD	2018-06-07	0.006613	0.006582	0.006670	0.006575	0
DTEM_USD	2018-06-06	0.006582	0.006560	0.006618	0.006446	0
DTEM_USD	2018-06-05	0.006555	0.006441	0.006598	0.006341	0
DTEM_USD	2018-06-04	0.006445	0.006643	0.006671	0.006414	0
DTEM_USD	2018-06-03	0.006638	0.006564	0.006687	0.006536	0
DTEM_USD	2018-06-02	0.006569	0.006473	0.006613	0.006411	0
DTEM_USD	2018-06-01	0.006468	0.006438	0.006536	0.006322	0
DTEM_USD	2018-05-31	0.006438	0.006340	0.006536	0.006311	0
DTEM_USD	2018-05-30	0.006343	0.006420	0.006499	0.006261	0
DTEM_USD	2018-05-29	0.006413	0.006110	0.006468	0.006062	0
DTEM_USD	2018-05-28	0.006106	0.006315	0.006390	0.006080	0
DTEM_USD	2018-05-27	0.006312	0.006303	0.006353	0.006211	0
DTEM_USD	2018-05-26	0.006302	0.006413	0.006549	0.006268	0
DTEM_USD	2018-05-25	0.006414	0.006515	0.006577	0.006306	0
DTEM_USD	2018-05-24	0.006513	0.006453	0.006636	0.006247	0
DTEM_USD	2018-05-23	0.006458	0.006860	0.006897	0.006405	0
DTEM_USD	2018-05-22	0.006863	0.007220	0.007228	0.006837	0
DTEM_USD	2018-05-21	0.007220	0.007330	0.007349	0.007192	0
DTEM_USD	2018-05-20	0.007330	0.007086	0.007381	0.007028	0
DTEM_USD	2018-05-19	0.007086	0.007085	0.007217	0.007003	0
DTEM_USD	2018-05-18	0.007085	0.006928	0.007116	0.006818	0
DTEM_USD	2018-05-17	0.006937	0.007180	0.007279	0.006876	0
DTEM_USD	2018-05-16	0.007173	0.007281	0.007300	0.006969	0
DTEM_USD	2018-05-15	0.007281	0.007453	0.007591	0.007246	0
DTEM_USD	2018-05-14	0.007454	0.007468	0.007635	0.007119	0
DTEM_USD	2018-05-13	0.007468	0.007288	0.007528	0.007162	0
DTEM_USD	2018-05-12	0.007272	0.007134	0.007419	0.007057	0
DTEM_USD	2018-05-11	0.007134	0.007666	0.007666	0.007094	0
DTEM_USD	2018-05-10	0.007666	0.007920	0.007981	0.007653	0
DTEM_USD	2018-05-09	0.007920	0.007807	0.007965	0.007633	0
DTEM_USD	2018-05-08	0.007807	0.007955	0.007982	0.000001	0
DTEM_USD	2018-05-07	0.008014	0.008114	0.008128	0.007731	0
DTEM_USD	2018-05-06	0.008114	0.008336	0.008589	0.007795	0
DTEM_USD	2018-05-05	0.008129	0.008300	0.008493	0.008035	0
DTEM_USD	2018-05-04	0.008300	0.008838	0.008838	0.008300	0
DTEM_USD	2018-05-03	0.008838	0.008774	0.009179	0.008347	0
DTEM_USD	2018-05-02	0.008774	0.009112	0.009237	0.008426	0
DTEM_USD	2018-05-01	0.009120	0.010206	0.010209	0.008940	0
DTEM_USD	2018-04-30	0.010206	0.010714	0.010751	0.010073	0
DTEM_USD	2018-04-29	0.010714	0.009713	0.010734	0.008789	0
DTEM_USD	2018-04-28	0.009713	0.009420	0.009872	0.009360	0
DTEM_USD	2018-04-27	0.009420	0.009853	0.009906	0.009394	0
DTEM_USD	2018-04-26	0.009853	0.009097	0.009866	0.008779	0
DTEM_USD	2018-04-25	0.009097	0.010037	0.010389	0.009005	0
DTEM_USD	2018-04-24	0.010060	0.010325	0.010788	0.009964	0
DTEM_USD	2018-04-23	0.010325	0.010076	0.011620	0.009289	0
DTEM_USD	2018-04-22	0.010076	0.010920	0.011979	0.009247	0
DTEM_USD	2018-04-21	0.010920	0.009181	0.010920	0.009091	0
DTEM_USD	2018-04-20	0.009181	0.008440	0.009243	0.008440	0
DTEM_USD	2018-04-19	0.008440	0.008003	0.008964	0.007789	0
DTEM_USD	2018-04-18	0.008003	0.008127	0.008785	0.007760	0
DTEM_USD	2018-04-17	0.008127	0.008056	0.008164	0.007483	0
DTEM_USD	2018-04-16	0.008056	0.007730	0.008217	0.007529	0
DTEM_USD	2018-04-15	0.007730	0.006884	0.008388	0.006698	0
DTEM_USD	2018-04-14	0.006884	0.007327	0.007333	0.006395	0
DTEM_USD	2018-04-13	0.007327	0.006527	0.007845	0.005558	0
DTEM_USD	2018-04-12	0.006527	0.006421	0.007555	0.005441	0
DTEM_USD	2018-04-11	0.006421	0.005951	0.006482	0.005328	0
DTEM_USD	2018-04-10	0.005951	0.004970	0.006768	0.004939	0
DTEM_USD	2018-04-09	0.004968	0.005156	0.005406	0.004762	0
DTEM_USD	2018-04-08	0.005156	0.004649	0.005457	0.004378	0
DTEM_USD	2018-04-07	0.004649	0.004398	0.004803	0.004389	0
DTEM_USD	2018-04-06	0.004398	0.004767	0.004850	0.004387	0
DTEM_USD	2018-04-05	0.004767	0.004649	0.004899	0.004502	0
DTEM_USD	2018-04-04	0.004649	0.005294	0.005297	0.004587	0
DTEM_USD	2018-04-03	0.005294	0.005290	0.005646	0.005265	0
DTEM_USD	2018-04-02	0.005290	0.005210	0.005353	0.005156	0
DTEM_USD	2018-04-01	0.005210	0.005436	0.005554	0.004929	0
DTEM_USD	2018-03-31	0.005436	0.005472	0.005745	0.005342	0
DTEM_USD	2018-03-30	0.005472	0.005745	0.005824	0.005263	0
DTEM_USD	2018-03-29	0.005745	0.006154	0.006164	0.005549	0
DTEM_USD	2018-03-28	0.006154	0.006149	0.006443	0.006076	0
DTEM_USD	2018-03-27	0.006149	0.006662	0.006729	0.006130	0
DTEM_USD	2018-03-26	0.006662	0.006925	0.006964	0.006436	0
DTEM_USD	2018-03-25	0.006925	0.006933	0.007453	0.006783	0
DTEM_USD	2018-03-24	0.006933	0.007389	0.007460	0.006925	0
DTEM_USD	2018-03-23	0.007389	0.007104	0.007390	0.006784	0
DTEM_USD	2018-03-22	0.007104	0.007209	0.007675	0.006868	0
DTEM_USD	2018-03-21	0.007209	0.006850	0.007516	0.006824	0
DTEM_USD	2018-03-20	0.006850	0.006708	0.006926	0.006378	0
DTEM_USD	2018-03-19	0.006708	0.006402	0.006726	0.006287	0
DTEM_USD	2018-03-18	0.006402	0.006336	0.006631	0.005712	0
DTEM_USD	2018-03-17	0.006336	0.006426	0.006672	0.006200	0
DTEM_USD	2018-03-16	0.006426	0.006438	0.006698	0.006165	0
DTEM_USD	2018-03-15	0.006438	0.006384	0.006524	0.005914	0
DTEM_USD	2018-03-14	0.006384	0.007262	0.007456	0.006180	0
DTEM_USD	2018-03-13	0.007262	0.007250	0.007855	0.006789	0
DTEM_USD	2018-03-12	0.007250	0.007085	0.007910	0.006954	0
DTEM_USD	2018-03-11	0.007085	0.006917	0.007479	0.006484	0
DTEM_USD	2018-03-10	0.006917	0.007099	0.007736	0.006882	0
DTEM_USD	2018-03-09	0.007099	0.007021	0.007190	0.006208	0
DTEM_USD	2018-03-08	0.007021	0.007312	0.007603	0.006784	0
DTEM_USD	2018-03-07	0.007312	0.007828	0.008233	0.007218	0
DTEM_USD	2018-03-06	0.007828	0.009133	0.009479	0.007725	0
DTEM_USD	2018-03-05	0.009133	0.010357	0.010666	0.009133	0
DTEM_USD	2018-03-04	0.010371	0.010234	0.010462	0.009307	0
DTEM_USD	2018-03-03	0.010245	0.009426	0.013147	0.009426	0
DTEM_USD	2018-03-02	0.009449	0.008632	0.010219	0.008125	0
