DUO_USD	2019-04-09	0.14203	0.14445	0.14445	0.14043	0
DUO_USD	2019-04-08	0.14445	0.14242	0.14555	0.13982	0
DUO_USD	2019-04-07	0.14242	0.13793	0.14391	0.13780	0
DUO_USD	2019-04-06	0.13793	0.13804	0.14326	0.13489	0
DUO_USD	2019-04-05	0.13804	0.13398	0.13895	0.13393	0
DUO_USD	2019-04-04	0.13398	0.13517	0.13844	0.13124	0
DUO_USD	2019-04-03	0.13517	0.13389	0.14460	0.13169	0
DUO_USD	2019-04-02	0.13389	0.11400	0.13783	0.11375	0
DUO_USD	2019-04-01	0.11400	0.11374	0.11459	0.11368	0
DUO_USD	2019-03-31	0.11315	0.11308	0.11352	0.11276	0
DUO_USD	2019-03-30	0.11308	0.11346	0.11430	0.11202	0
DUO_USD	2019-03-29	0.11346	0.11111	0.11368	0.11092	0
DUO_USD	2019-03-28	0.11111	0.11138	0.11142	0.11044	0
DUO_USD	2019-03-27	0.11138	0.10837	0.11158	0.10804	0
DUO_USD	2019-03-26	0.10837	0.10778	0.10846	0.10727	0
DUO_USD	2019-03-25	0.10778	0.10973	0.10995	0.10697	0
DUO_USD	2019-03-24	0.10973	0.11031	0.11031	0.10896	0
DUO_USD	2019-03-23	0.11031	0.10992	0.11067	0.10958	0
DUO_USD	2019-03-22	0.10992	0.10982	0.11048	0.10955	0
DUO_USD	2019-03-21	0.10982	0.11205	0.11256	0.10876	0
DUO_USD	2019-03-20	0.11205	0.11152	0.11230	0.11058	0
DUO_USD	2019-03-19	0.11152	0.11060	0.11180	0.11014	0
DUO_USD	2019-03-18	0.11060	0.11047	0.11182	0.10963	0
DUO_USD	2019-03-17	0.11047	0.11104	0.11104	0.10972	0
DUO_USD	2019-03-16	0.11104	0.10869	0.11274	0.10869	0
DUO_USD	2019-03-15	0.10869	0.10724	0.10890	0.10721	0
DUO_USD	2019-03-14	0.10724	0.10714	0.10860	0.10556	0
DUO_USD	2019-03-13	0.10719	0.10735	0.10780	0.10657	0
DUO_USD	2019-03-12	0.10735	0.10729	0.10804	0.10578	0
DUO_USD	2019-03-11	0.10729	0.10858	0.10885	0.10646	0
DUO_USD	2019-03-10	0.10858	0.10902	0.10907	0.10764	0
DUO_USD	2019-03-09	0.10902	0.10699	0.10982	0.10681	0
DUO_USD	2019-03-08	0.10699	0.10764	0.10914	0.10523	0
DUO_USD	2019-03-07	0.10764	0.10728	0.10843	0.10685	0
DUO_USD	2019-03-06	0.10728	0.10724	0.10798	0.10618	0
DUO_USD	2019-03-05	0.10724	0.10317	0.10770	0.10280	0
DUO_USD	2019-03-04	0.10317	0.10547	0.10608	0.10229	0
DUO_USD	2019-03-03	0.10547	0.10624	0.10652	0.10480	0
DUO_USD	2019-03-02	0.10624	0.10635	0.10653	0.10470	0
DUO_USD	2019-03-01	0.10635	0.10576	0.10719	0.10570	0
DUO_USD	2019-02-28	0.10576	0.10591	0.10825	0.10547	0
DUO_USD	2019-02-27	0.10591	0.10584	0.10681	0.10243	0
DUO_USD	2019-02-26	0.10584	0.10653	0.10681	0.10518	0
DUO_USD	2019-02-25	0.10653	0.10406	0.10764	0.10400	0
DUO_USD	2019-02-24	0.10406	0.11436	0.11627	0.10352	0
DUO_USD	2019-02-23	0.11436	0.11036	0.11552	0.10901	0
DUO_USD	2019-02-22	0.11036	0.10887	0.11061	0.10837	0
DUO_USD	2019-02-21	0.10887	0.11025	0.11190	0.10795	0
DUO_USD	2019-02-20	0.11025	0.10837	0.11041	0.10773	0
DUO_USD	2019-02-19	0.10837	0.10803	0.11081	0.10706	0
DUO_USD	2019-02-18	0.10803	0.10142	0.10884	0.10112	0
DUO_USD	2019-02-17	0.10142	0.09982	0.10272	0.09961	0
DUO_USD	2019-02-16	0.09982	0.09948	0.10108	0.09948	0
DUO_USD	2019-02-15	0.09948	0.09930	0.10090	0.09896	0
DUO_USD	2019-02-14	0.09930	0.09961	0.09994	0.09890	0
DUO_USD	2019-02-13	0.09961	0.10030	0.10141	0.09911	0
DUO_USD	2019-02-12	0.10030	0.09994	0.10110	0.09897	0
DUO_USD	2019-02-11	0.09994	0.10173	0.10180	0.09982	0
DUO_USD	2019-02-10	0.10173	0.10095	0.10175	0.09958	0
DUO_USD	2019-02-09	0.10095	0.10111	0.10150	0.10029	0
DUO_USD	2019-02-08	0.10111	0.09329	0.10300	0.09307	0
DUO_USD	2019-02-07	0.09329	0.09372	0.09400	0.09315	0
DUO_USD	2019-02-06	0.09372	0.09535	0.09559	0.09294	0
DUO_USD	2019-02-05	0.09535	0.09477	0.09546	0.09437	0
DUO_USD	2019-02-04	0.09477	0.09507	0.09555	0.09436	0
DUO_USD	2019-02-03	0.09507	0.09663	0.09684	0.09424	0
DUO_USD	2019-02-02	0.09663	0.09605	0.09698	0.09505	0
DUO_USD	2019-02-01	0.09605	0.09510	0.09651	0.09411	0
DUO_USD	2019-01-31	0.09510	0.09583	0.09685	0.09454	0
DUO_USD	2019-01-30	0.09583	0.09443	0.09628	0.09373	0
DUO_USD	2019-01-29	0.09443	0.09506	0.09536	0.09294	0
DUO_USD	2019-01-28	0.09506	0.09766	0.09768	0.09384	0
DUO_USD	2019-01-27	0.09766	0.09863	0.09889	0.09621	0
DUO_USD	2019-01-26	0.09863	0.09853	0.10133	0.09842	0
DUO_USD	2019-01-25	0.09853	0.09916	0.09946	0.09761	0
DUO_USD	2019-01-24	0.09916	0.09828	0.09958	0.09746	0
DUO_USD	2019-01-23	0.09828	0.09880	0.09969	0.09753	0
DUO_USD	2019-01-22	0.09880	0.09722	0.09981	0.09508	0
DUO_USD	2019-01-21	0.09722	0.09736	0.09790	0.09647	0
DUO_USD	2019-01-20	0.09736	0.10222	0.10306	0.09632	0
DUO_USD	2019-01-19	0.10220	0.09980	0.10450	0.09975	0
DUO_USD	2019-01-18	0.09980	0.10101	0.10110	0.09920	0
DUO_USD	2019-01-17	0.10101	0.09968	0.10106	0.09828	0
DUO_USD	2019-01-16	0.09968	0.09927	0.10136	0.09890	0
DUO_USD	2019-01-15	0.09927	0.10179	0.10247	0.09865	0
DUO_USD	2019-01-14	0.10179	0.09754	0.10310	0.09722	0
DUO_USD	2019-01-13	0.09754	0.09693	0.10389	0.09515	0
DUO_USD	2019-01-12	0.09692	0.11782	0.11823	0.09692	0
DUO_USD	2019-01-11	0.11782	0.10012	0.11790	0.09767	0
DUO_USD	2019-01-10	0.10012	0.13683	0.13806	0.09795	0
DUO_USD	2019-01-09	0.13683	0.13770	0.14172	0.13437	0
DUO_USD	2019-01-08	0.13770	0.14195	0.14352	0.13359	0
DUO_USD	2019-01-07	0.14195	0.14396	0.15139	0.13701	0
DUO_USD	2019-01-06	0.14396	0.13928	0.28386	0.13901	0
DUO_USD	2019-01-05	0.13928	0.14071	0.14275	0.13902	0
DUO_USD	2019-01-04	0.14071	0.13887	0.14173	0.13725	0
DUO_USD	2019-01-03	0.13887	0.14347	0.14365	0.13825	0
DUO_USD	2019-01-02	0.14347	0.14229	0.14426	0.13614	0
DUO_USD	2019-01-01	0.14229	0.13792	0.14312	0.13622	0
DUO_USD	2018-12-31	0.13792	0.14586	0.14622	0.13616	0
DUO_USD	2018-12-30	0.14586	0.14436	0.14747	0.14296	0
DUO_USD	2018-12-29	0.14436	0.15103	0.15367	0.14383	0
DUO_USD	2018-12-28	0.15103	0.15177	0.15441	0.13101	0
DUO_USD	2018-12-27	0.15177	0.13955	0.16189	0.13393	0
DUO_USD	2018-12-26	0.13955	0.14173	0.14918	0.13742	0
DUO_USD	2018-12-25	0.14173	0.15855	0.15881	0.13866	0
DUO_USD	2018-12-24	0.15855	0.16306	0.17538	0.15107	0
DUO_USD	2018-12-23	0.16306	0.15379	0.16928	0.14851	0
DUO_USD	2018-12-22	0.15379	0.14019	0.15563	0.13833	0
DUO_USD	2018-12-21	0.14019	0.14871	0.15131	0.13786	0
DUO_USD	2018-12-20	0.14871	0.13448	0.15158	0.13349	0
DUO_USD	2018-12-19	0.13448	0.12888	0.13984	0.12816	0
DUO_USD	2018-12-18	0.12888	0.12511	0.12958	0.12376	0
DUO_USD	2018-12-17	0.12511	0.12484	0.13209	0.11344	0
DUO_USD	2018-12-16	0.12484	0.12188	0.12765	0.11754	0
DUO_USD	2018-12-15	0.12188	0.12716	0.12810	0.11997	0
DUO_USD	2018-12-14	0.12716	0.13477	0.14080	0.12504	0
DUO_USD	2018-12-13	0.13477	0.14127	0.17773	0.12166	0
DUO_USD	2018-12-12	0.14127	0.09313	0.30990	0.08947	0
DUO_USD	2018-12-11	0.09417	0.09683	0.09690	0.09269	0
DUO_USD	2018-12-10	0.09683	0.09537	0.09761	0.08784	0
DUO_USD	2018-12-09	0.09537	0.09850	0.11006	0.09049	0
DUO_USD	2018-12-08	0.09850	0.10528	0.10885	0.09317	0
DUO_USD	2018-12-07	0.10528	0.10622	0.11048	0.10059	0
DUO_USD	2018-12-06	0.10622	0.11709	0.12165	0.10054	0
DUO_USD	2018-12-05	0.11709	0.13238	0.13293	0.11676	0
DUO_USD	2018-12-04	0.13238	0.15119	0.15284	0.12744	0
DUO_USD	2018-12-03	0.15119	0.16114	0.16187	0.14877	0
DUO_USD	2018-12-02	0.16114	0.16437	0.16864	0.15989	0
DUO_USD	2018-12-01	0.16437	0.15644	0.16808	0.15416	0
DUO_USD	2018-11-30	0.15644	0.16704	0.16880	0.15365	0
DUO_USD	2018-11-29	0.16704	0.16682	0.17310	0.16203	0
DUO_USD	2018-11-28	0.16682	0.15048	0.17165	0.15048	0
DUO_USD	2018-11-27	0.15048	0.14941	0.15274	0.14385	0
DUO_USD	2018-11-26	0.14941	0.15902	0.16253	0.14399	0
DUO_USD	2018-11-25	0.15902	0.15227	0.16271	0.14188	0
DUO_USD	2018-11-24	0.15227	0.17134	0.17492	0.14855	0
DUO_USD	2018-11-23	0.17134	0.17015	0.17361	0.16469	0
DUO_USD	2018-11-22	0.17015	0.18096	0.18273	0.17015	0
DUO_USD	2018-11-21	0.18096	0.17777	0.18488	0.17162	0
DUO_USD	2018-11-20	0.17777	0.19130	0.19549	0.16728	0
DUO_USD	2018-11-19	0.19130	0.21925	0.21925	0.18948	0
DUO_USD	2018-11-18	0.21925	0.21798	0.22122	0.21776	0
DUO_USD	2018-11-17	0.21798	0.21929	0.21929	0.21592	0
DUO_USD	2018-11-16	0.21929	0.22282	0.22302	0.21520	0
DUO_USD	2018-11-15	0.22282	0.22798	0.22970	0.21081	0
DUO_USD	2018-11-14	0.22798	0.25043	0.25123	0.22100	0
DUO_USD	2018-11-13	0.25043	0.24975	0.25171	0.24807	0
DUO_USD	2018-11-12	0.24975	0.25025	0.25103	0.24867	0
DUO_USD	2018-11-11	0.25025	0.24914	0.25025	0.24654	0
DUO_USD	2018-11-10	0.24914	0.24872	0.25033	0.24850	0
DUO_USD	2018-11-09	0.24872	0.25102	0.25191	0.24769	0
DUO_USD	2018-11-08	0.25102	0.27894	0.27943	0.25092	0
DUO_USD	2018-11-07	0.27894	0.25240	0.27894	0.25228	0
DUO_USD	2018-11-06	0.25240	0.25065	0.25240	0.24979	0
DUO_USD	2018-11-05	0.25065	0.25123	0.25163	0.24945	0
DUO_USD	2018-11-04	0.25123	0.24747	0.25218	0.24639	0
DUO_USD	2018-11-03	0.24747	0.24898	0.24919	0.24530	0
DUO_USD	2018-11-02	0.24898	0.24793	0.25006	0.24761	0
DUO_USD	2018-11-01	0.24793	0.24671	0.24884	0.24614	0
DUO_USD	2018-10-31	0.24671	0.24523	0.24786	0.24215	0
DUO_USD	2018-10-30	0.24523	0.24576	0.24716	0.24457	0
DUO_USD	2018-10-29	0.24576	0.24010	0.25632	0.22439	0
DUO_USD	2018-10-28	0.24010	0.21668	0.24038	0.21565	0
DUO_USD	2018-10-27	0.21668	0.21844	0.21906	0.21318	0
DUO_USD	2018-10-26	0.21844	0.21895	0.22076	0.21811	0
DUO_USD	2018-10-25	0.21895	0.21737	0.22562	0.21577	0
DUO_USD	2018-10-24	0.21737	0.21844	0.22064	0.21700	0
DUO_USD	2018-10-23	0.21844	0.21754	0.22072	0.21722	0
DUO_USD	2018-10-22	0.21754	0.21777	0.22066	0.21563	0
DUO_USD	2018-10-21	0.21777	0.22071	0.22187	0.21777	0
DUO_USD	2018-10-20	0.22071	0.21373	0.22102	0.21312	0
DUO_USD	2018-10-19	0.21373	0.21824	0.21876	0.21369	0
DUO_USD	2018-10-18	0.21824	0.22858	0.22872	0.21683	0
DUO_USD	2018-10-17	0.22858	0.23143	0.23143	0.22360	0
DUO_USD	2018-10-16	0.23143	0.22302	0.23843	0.22184	0
DUO_USD	2018-10-15	0.22302	0.21875	0.24887	0.21124	0
DUO_USD	2018-10-14	0.21875	0.21899	0.22134	0.20695	0
DUO_USD	2018-10-13	0.21899	0.21823	0.21926	0.21793	0
DUO_USD	2018-10-12	0.21823	0.21731	0.22019	0.21619	0
DUO_USD	2018-10-11	0.21731	0.20156	0.21928	0.19008	0
DUO_USD	2018-10-10	0.20156	0.21112	0.21112	0.20022	0
DUO_USD	2018-10-09	0.21112	0.21411	0.21483	0.21050	0
DUO_USD	2018-10-08	0.21411	0.19073	0.21444	0.19030	0
DUO_USD	2018-10-07	0.19073	0.20883	0.20900	0.19007	0
DUO_USD	2018-10-06	0.20883	0.21443	0.21807	0.18495	0
DUO_USD	2018-10-05	0.21443	0.18770	0.21495	0.18691	0
DUO_USD	2018-10-04	0.18770	0.19200	0.19634	0.18705	0
DUO_USD	2018-10-03	0.19200	0.22809	0.26707	0.18746	0
DUO_USD	2018-10-02	0.22809	0.26113	0.26260	0.22694	0
DUO_USD	2018-10-01	0.26113	0.24599	0.26717	0.23196	0
DUO_USD	2018-09-30	0.24599	0.27211	0.27513	0.24593	0
DUO_USD	2018-09-29	0.27211	0.28073	0.28162	0.26098	0
DUO_USD	2018-09-28	0.28073	0.25411	0.30504	0.23625	0
DUO_USD	2018-09-27	0.25411	0.24748	0.25567	0.23064	0
DUO_USD	2018-09-26	0.24748	0.28078	0.28116	0.24418	0
DUO_USD	2018-09-25	0.28078	0.28289	0.28296	0.27682	0
DUO_USD	2018-09-24	0.28289	0.26492	0.28289	0.23064	0
DUO_USD	2018-09-23	0.26492	0.26258	0.26510	0.25347	0
DUO_USD	2018-09-22	0.26258	0.26432	0.26698	0.25930	0
DUO_USD	2018-09-21	0.26432	0.25355	0.26444	0.25338	0
DUO_USD	2018-09-20	0.25355	0.25116	0.25451	0.24488	0
DUO_USD	2018-09-19	0.25116	0.28758	0.28826	0.23939	0
DUO_USD	2018-09-18	0.28758	0.28512	0.29088	0.28400	0
DUO_USD	2018-09-17	0.28512	0.29292	0.29442	0.28066	0
DUO_USD	2018-09-16	0.29292	0.29360	0.29368	0.28749	0
DUO_USD	2018-09-15	0.29360	0.29030	0.29560	0.28977	0
DUO_USD	2018-09-14	0.29030	0.25931	0.29249	0.25873	0
DUO_USD	2018-09-13	0.25931	0.26788	0.27967	0.25748	0
DUO_USD	2018-09-12	0.26788	0.26471	0.28219	0.24815	0
DUO_USD	2018-09-11	0.26471	0.29645	0.30189	0.26269	0
DUO_USD	2018-09-10	0.29645	0.28886	0.29753	0.28533	0
DUO_USD	2018-09-09	0.28886	0.30903	0.31297	0.28883	0
DUO_USD	2018-09-08	0.30903	0.33538	0.34415	0.30777	0
DUO_USD	2018-09-07	0.33538	0.34977	0.37689	0.32368	0
DUO_USD	2018-09-06	0.34977	0.36573	0.37750	0.33795	0
DUO_USD	2018-09-05	0.36573	0.39190	0.39381	0.35625	0
DUO_USD	2018-09-04	0.39190	0.39614	0.44594	0.35532	0
DUO_USD	2018-09-03	0.39614	0.40389	0.46361	0.35700	0
DUO_USD	2018-09-02	0.40389	0.34249	0.53259	0.31643	0
DUO_USD	2018-09-01	0.34249	0.31880	0.35026	0.30000	0
DUO_USD	2018-08-31	0.31880	0.33366	0.33366	0.31045	0
DUO_USD	2018-08-30	0.33366	0.34087	0.34168	0.32529	0
DUO_USD	2018-08-29	0.34087	0.32310	0.34087	0.32249	0
DUO_USD	2018-08-28	0.32310	0.31298	0.32474	0.31158	0
DUO_USD	2018-08-27	0.31298	0.31993	0.31999	0.29632	0
DUO_USD	2018-08-26	0.31993	0.30255	0.32121	0.29697	0
DUO_USD	2018-08-25	0.30255	0.33745	0.34231	0.29740	0
DUO_USD	2018-08-24	0.33745	0.32877	0.33888	0.29832	0
DUO_USD	2018-08-23	0.32877	0.32264	0.32905	0.29846	0
DUO_USD	2018-08-22	0.32264	0.32995	0.34954	0.31746	0
DUO_USD	2018-08-21	0.32995	0.32063	0.33157	0.30789	0
DUO_USD	2018-08-20	0.32063	0.33457	0.34691	0.31211	0
DUO_USD	2018-08-19	0.33457	0.32682	0.33653	0.30989	0
DUO_USD	2018-08-18	0.32682	0.33402	0.33511	0.31965	0
DUO_USD	2018-08-17	0.33402	0.31991	0.33402	0.31896	0
DUO_USD	2018-08-16	0.31991	0.31993	0.32815	0.31593	0
DUO_USD	2018-08-15	0.31993	0.33203	0.34720	0.31268	0
DUO_USD	2018-08-14	0.33203	0.35527	0.36162	0.32762	0
DUO_USD	2018-08-13	0.35527	0.36419	0.37656	0.35063	0
DUO_USD	2018-08-12	0.36419	0.36090	0.37236	0.35806	0
DUO_USD	2018-08-11	0.36090	0.35785	0.37484	0.34966	0
DUO_USD	2018-08-10	0.35785	0.38785	0.39030	0.35094	0
DUO_USD	2018-08-09	0.38785	0.38704	0.39384	0.36967	0
DUO_USD	2018-08-08	0.38704	0.38853	0.39296	0.35445	0
DUO_USD	2018-08-07	0.38853	0.40507	0.41656	0.38793	0
DUO_USD	2018-08-06	0.40507	0.41900	0.42573	0.40000	0
DUO_USD	2018-08-05	0.41900	0.41741	0.42244	0.41055	0
DUO_USD	2018-08-04	0.41741	0.44216	0.44639	0.41292	0
DUO_USD	2018-08-03	0.44216	0.45784	0.45784	0.43939	0
DUO_USD	2018-08-02	0.45784	0.49985	0.50578	0.45365	0
DUO_USD	2018-08-01	0.49985	0.50943	0.51008	0.46003	0
DUO_USD	2018-07-31	0.50943	0.53420	0.53448	0.49036	0
DUO_USD	2018-07-30	0.53420	0.54495	0.54855	0.52134	0
DUO_USD	2018-07-29	0.54495	0.52991	0.54852	0.51378	0
DUO_USD	2018-07-28	0.52991	0.54521	0.54521	0.52991	0
DUO_USD	2018-07-27	0.54521	0.56075	0.56261	0.54521	0
DUO_USD	2018-07-26	0.56075	0.57870	0.58710	0.56046	0
DUO_USD	2018-07-25	0.57870	0.65558	0.66120	0.57767	0
DUO_USD	2018-07-24	0.65558	0.60837	0.66027	0.60664	0
DUO_USD	2018-07-23	0.60837	0.58782	0.61669	0.58565	0
DUO_USD	2018-07-22	0.58782	0.58701	0.60068	0.58313	0
DUO_USD	2018-07-21	0.58701	0.55103	0.58812	0.54338	0
DUO_USD	2018-07-20	0.55103	0.52490	0.56903	0.47846	0
DUO_USD	2018-07-19	0.52490	0.51563	0.53071	0.51002	0
DUO_USD	2018-07-18	0.51563	0.50815	0.53055	0.50747	0
DUO_USD	2018-07-17	0.50815	0.46993	0.52252	0.46684	0
DUO_USD	2018-07-16	0.46993	0.48768	0.50773	0.45334	0
DUO_USD	2018-07-15	0.48768	0.48854	0.49766	0.48573	0
DUO_USD	2018-07-14	0.48854	0.51185	0.51653	0.48854	0
DUO_USD	2018-07-13	0.51185	0.50256	0.52078	0.50182	0
DUO_USD	2018-07-12	0.50256	0.46529	0.50481	0.44734	0
DUO_USD	2018-07-11	0.46529	0.46182	0.46881	0.45988	0
DUO_USD	2018-07-10	0.46182	0.46857	0.47141	0.44640	0
DUO_USD	2018-07-09	0.46857	0.48240	0.48283	0.46689	0
DUO_USD	2018-07-08	0.48240	0.49239	0.49717	0.47891	0
DUO_USD	2018-07-07	0.49239	0.56557	0.56645	0.44650	0
DUO_USD	2018-07-06	0.56557	0.55618	0.57746	0.54878	0
DUO_USD	2018-07-05	0.55618	0.59857	0.60421	0.54970	0
DUO_USD	2018-07-04	0.59857	0.59345	0.64244	0.58596	0
DUO_USD	2018-07-03	0.59345	0.60765	0.61164	0.00799	0
DUO_USD	2018-07-02	0.60765	0.60691	0.62963	0.00001	0
DUO_USD	2018-07-01	0.60696	0.61003	0.61391	0.60068	0
DUO_USD	2018-06-30	0.61004	0.50915	0.61259	0.50915	0
DUO_USD	2018-06-29	0.50956	0.47415	0.51489	0.47014	0
DUO_USD	2018-06-28	0.47491	0.50754	0.53731	0.47258	0
DUO_USD	2018-06-27	0.50763	0.51189	0.55480	0.49974	0
DUO_USD	2018-06-26	0.51351	0.52855	0.53049	0.51082	0
DUO_USD	2018-06-25	0.52821	0.55745	0.58123	0.51478	0
DUO_USD	2018-06-24	0.55763	0.57620	0.57806	0.54010	0
DUO_USD	2018-06-23	0.57545	0.57440	0.59393	0.57188	0
DUO_USD	2018-06-22	0.57440	0.64147	0.64308	0.56433	0
DUO_USD	2018-06-21	0.64144	0.64575	0.64833	0.63926	0
DUO_USD	2018-06-20	0.64578	0.65291	0.65364	0.60557	0
DUO_USD	2018-06-19	0.65362	0.60769	0.66679	0.59301	0
DUO_USD	2018-06-18	0.60748	0.65223	0.65297	0.60596	0
DUO_USD	2018-06-17	0.65170	0.69051	0.69373	0.65009	0
DUO_USD	2018-06-16	0.69039	0.68073	0.69825	0.66779	0
DUO_USD	2018-06-15	0.68041	0.70998	0.70998	0.67811	0
DUO_USD	2018-06-14	0.70862	0.67499	0.71597	0.67257	0
DUO_USD	2018-06-13	0.67460	0.74814	0.75353	0.67060	0
DUO_USD	2018-06-12	0.74795	0.75186	0.78786	0.73756	0
DUO_USD	2018-06-11	0.75222	0.79360	0.80320	0.73835	0
DUO_USD	2018-06-10	0.79268	0.94887	0.94887	0.78050	0
DUO_USD	2018-06-09	0.94861	0.95783	0.99787	0.94498	0
DUO_USD	2018-06-08	0.95837	1.02224	1.05764	0.92652	0
DUO_USD	2018-06-07	1.02267	1.04618	1.05892	1.01818	0
DUO_USD	2018-06-06	1.04727	1.02000	1.04989	0.96199	0
DUO_USD	2018-06-05	1.01913	1.09703	1.09888	0.98394	0
DUO_USD	2018-06-04	1.09784	1.17863	1.20290	1.09306	0
DUO_USD	2018-06-03	1.17758	1.24722	1.27042	1.17320	0
DUO_USD	2018-06-02	1.24882	1.27824	1.29845	1.18667	0
DUO_USD	2018-06-01	1.27722	1.27649	1.29621	1.18364	0
DUO_USD	2018-05-31	1.27661	1.25891	1.29669	1.20563	0
DUO_USD	2018-05-30	1.25945	1.27742	1.29323	1.19932	0
DUO_USD	2018-05-29	1.27591	1.20035	1.34055	1.19096	0
DUO_USD	2018-05-28	1.19961	1.24374	1.24877	1.14166	0
DUO_USD	2018-05-27	1.24385	1.24525	1.25895	1.22689	0
DUO_USD	2018-05-26	1.24497	1.25010	1.32078	1.23364	0
DUO_USD	2018-05-25	1.25033	1.42282	1.42282	1.23465	0
DUO_USD	2018-05-24	1.42214	1.31054	1.42627	1.12755	0
DUO_USD	2018-05-23	1.31131	1.17571	1.62490	1.17571	0
DUO_USD	2018-05-22	1.17612	1.09929	1.18144	1.03061	0
DUO_USD	2018-05-21	1.09929	1.07331	1.10234	1.03766	0
DUO_USD	2018-05-20	1.07331	1.07824	1.10257	1.02725	0
DUO_USD	2018-05-19	1.07824	1.08367	1.10572	1.06790	0
DUO_USD	2018-05-18	1.08367	0.91749	1.12656	0.90063	0
DUO_USD	2018-05-17	0.91876	0.94503	1.00243	0.91112	0
DUO_USD	2018-05-16	0.94422	0.97524	0.97813	0.92233	0
DUO_USD	2018-05-15	0.97525	0.98827	1.01169	0.90681	0
DUO_USD	2018-05-14	0.98835	1.01272	1.01272	0.93870	0
DUO_USD	2018-05-13	1.01272	0.98914	1.02440	0.97667	0
DUO_USD	2018-05-12	0.98626	0.89383	0.99499	0.87397	0
DUO_USD	2018-05-11	0.89383	1.06033	1.06033	0.87307	0
DUO_USD	2018-05-10	1.06033	1.01503	1.10556	0.97778	0
DUO_USD	2018-05-09	1.01503	0.99922	1.07016	0.97656	0
DUO_USD	2018-05-08	0.99986	1.19832	1.31431	0.00011	0
DUO_USD	2018-05-07	1.03847	1.17975	1.18186	1.03376	0
DUO_USD	2018-05-06	1.17975	1.04587	1.27913	0.99049	0
DUO_USD	2018-05-05	1.03670	1.02854	1.05448	1.02630	0
DUO_USD	2018-05-04	1.02854	1.31973	1.31973	0.89818	0
DUO_USD	2018-05-03	1.31973	1.23855	1.32923	1.23381	0
DUO_USD	2018-05-02	1.23855	1.14986	1.24522	1.07818	0
DUO_USD	2018-05-01	1.15091	1.29316	1.33614	1.14281	0
DUO_USD	2018-04-30	1.29316	1.39779	1.40160	0.94515	0
DUO_USD	2018-04-29	1.39779	1.52442	1.81391	1.39718	0
DUO_USD	2018-04-28	1.52442	0.57978	2.13012	0.57599	0
DUO_USD	2018-04-27	0.57978	0.67071	0.67071	0.56869	0
DUO_USD	2018-04-26	0.67077	0.66153	0.72826	0.50558	0
DUO_USD	2018-04-25	0.66153	0.54208	0.66818	0.48792	0
DUO_USD	2018-04-24	0.54334	0.47756	0.54699	0.47705	0
DUO_USD	2018-04-23	0.47756	0.51074	0.52157	0.47175	0
DUO_USD	2018-04-22	0.51074	0.51462	0.51796	0.49332	0
DUO_USD	2018-04-21	0.51462	0.51539	0.52190	0.49434	0
DUO_USD	2018-04-20	0.51539	0.47091	0.51884	0.43904	0
DUO_USD	2018-04-19	0.47091	0.45459	0.47685	0.45142	0
DUO_USD	2018-04-18	0.45459	0.43893	0.45738	0.43702	0
DUO_USD	2018-04-17	0.43893	0.44836	0.45372	0.43249	0
DUO_USD	2018-04-16	0.44836	0.49302	0.49323	0.42619	0
DUO_USD	2018-04-15	0.49302	0.48979	0.49853	0.47750	0
DUO_USD	2018-04-14	0.48979	0.42775	0.49253	0.42467	0
DUO_USD	2018-04-13	0.42775	0.44485	0.44903	0.41198	0
DUO_USD	2018-04-12	0.44485	0.39389	0.48859	0.39101	0
DUO_USD	2018-04-11	0.39389	0.38649	0.39559	0.38459	0
DUO_USD	2018-04-10	0.38649	0.38327	0.38952	0.37656	0
DUO_USD	2018-04-09	0.38317	0.39804	0.40762	0.37512	0
DUO_USD	2018-04-08	0.39804	0.39438	0.40335	0.39416	0
DUO_USD	2018-04-07	0.39438	0.37681	0.40440	0.37602	0
DUO_USD	2018-04-06	0.37681	0.39157	0.39648	0.37206	0
DUO_USD	2018-04-05	0.39157	0.39956	0.40921	0.38237	0
DUO_USD	2018-04-04	0.39956	0.42070	0.42239	0.39363	0
DUO_USD	2018-04-03	0.42070	0.38222	0.42197	0.38034	0
DUO_USD	2018-04-02	0.38222	0.36475	0.38267	0.36258	0
DUO_USD	2018-04-01	0.36475	0.37303	0.37831	0.34511	0
DUO_USD	2018-03-31	0.37303	0.37120	0.39095	0.36791	0
DUO_USD	2018-03-30	0.37120	0.38649	0.39599	0.35827	0
DUO_USD	2018-03-29	0.38649	0.43310	0.43424	0.35885	0
DUO_USD	2018-03-28	0.43310	0.43205	0.43963	0.41430	0
DUO_USD	2018-03-27	0.43205	0.48261	0.48740	0.43071	0
DUO_USD	2018-03-26	0.48261	0.50629	0.52674	0.46582	0
DUO_USD	2018-03-25	0.50629	0.52305	0.59407	0.49049	0
DUO_USD	2018-03-24	0.52305	0.58301	0.58572	0.51450	0
DUO_USD	2018-03-23	0.58301	0.63067	0.63067	0.51699	0
DUO_USD	2018-03-22	0.63067	0.58548	0.93630	0.47832	0
DUO_USD	2018-03-21	0.58548	0.48461	0.68115	0.48271	0
DUO_USD	2018-03-20	0.48461	0.46594	1.04800	0.45695	0
DUO_USD	2018-03-19	0.46594	0.44764	0.47808	0.42834	0
DUO_USD	2018-03-18	0.44764	0.43641	0.45301	0.40347	0
DUO_USD	2018-03-17	0.43641	0.49760	0.49871	0.40025	0
DUO_USD	2018-03-16	0.49760	0.51589	0.52520	0.49431	0
DUO_USD	2018-03-15	0.51589	0.54530	0.55992	0.51167	0
DUO_USD	2018-03-14	0.54530	0.60871	0.62322	0.52793	0
DUO_USD	2018-03-13	0.60871	0.65262	0.66476	0.60395	0
DUO_USD	2018-03-12	0.65262	0.60837	0.68429	0.59639	0
DUO_USD	2018-03-11	0.60837	0.57504	0.62553	0.55235	0
DUO_USD	2018-03-10	0.57504	0.63171	0.65696	0.57369	0
DUO_USD	2018-03-09	0.63171	0.66561	0.67455	0.58906	0
DUO_USD	2018-03-08	0.66561	0.61660	0.68785	0.55648	0
DUO_USD	2018-03-07	0.61660	0.64492	0.65275	0.57987	0
DUO_USD	2018-03-06	0.64492	0.69248	0.76843	0.63063	0
DUO_USD	2018-03-05	0.69248	0.85029	0.86579	0.60833	0
DUO_USD	2018-03-04	0.85029	0.90114	0.90262	0.83835	0
DUO_USD	2018-03-03	0.90114	0.90844	0.94127	0.87215	0
DUO_USD	2018-03-02	0.90844	0.89713	0.92082	0.88085	0
