EGOLD_USD	2019-04-09	0.001724	0.001758	0.001760	0.001702	0
EGOLD_USD	2019-04-08	0.001761	0.001711	0.001813	0.001698	0
EGOLD_USD	2019-04-07	0.001717	0.001619	0.001728	0.001607	0
EGOLD_USD	2019-04-06	0.001617	0.001621	0.001687	0.001574	0
EGOLD_USD	2019-04-05	0.001624	0.001538	0.001647	0.001529	0
EGOLD_USD	2019-04-04	0.001537	0.001562	0.001602	0.001503	0
EGOLD_USD	2019-04-03	0.001556	0.001603	0.001739	0.001476	0
EGOLD_USD	2019-04-02	0.001604	0.001387	0.001630	0.001385	0
EGOLD_USD	2019-04-01	0.001390	0.001393	0.001408	0.001373	0
EGOLD_USD	2019-03-31	0.001393	0.001402	0.001402	0.001383	0
EGOLD_USD	2019-03-30	0.001402	0.001417	0.001439	0.001383	0
EGOLD_USD	2019-03-29	0.001417	0.001359	0.001418	0.001357	0
EGOLD_USD	2019-03-28	0.001359	0.001372	0.001372	0.001352	0
EGOLD_USD	2019-03-27	0.001372	0.001312	0.001378	0.001311	0
EGOLD_USD	2019-03-26	0.001312	0.001310	0.001320	0.001299	0
EGOLD_USD	2019-03-25	0.001310	0.001335	0.001342	0.001291	0
EGOLD_USD	2019-03-24	0.001335	0.001350	0.001350	0.001326	0
EGOLD_USD	2019-03-23	0.001350	0.001338	0.001361	0.001336	0
EGOLD_USD	2019-03-22	0.001338	0.001327	0.001351	0.001322	0
EGOLD_USD	2019-03-21	0.001328	0.001378	0.001383	0.001317	0
EGOLD_USD	2019-03-20	0.001377	0.001373	0.001383	0.001349	0
EGOLD_USD	2019-03-19	0.001374	0.001362	0.001379	0.001355	0
EGOLD_USD	2019-03-18	0.001362	0.001373	0.001402	0.001347	0
EGOLD_USD	2019-03-17	0.001373	0.001393	0.001393	0.001360	0
EGOLD_USD	2019-03-16	0.001393	0.001350	0.001426	0.001350	0
EGOLD_USD	2019-03-15	0.001349	0.001305	0.001366	0.001305	0
EGOLD_USD	2019-03-14	0.001306	0.001304	0.001332	0.001283	0
EGOLD_USD	2019-03-13	0.001304	0.001320	0.001321	0.001293	0
EGOLD_USD	2019-03-12	0.001320	0.001312	0.001335	0.001273	0
EGOLD_USD	2019-03-11	0.001312	0.001339	0.001345	0.001299	0
EGOLD_USD	2019-03-10	0.001339	0.001357	0.001359	0.001326	0
EGOLD_USD	2019-03-09	0.001357	0.001320	0.001372	0.001313	0
EGOLD_USD	2019-03-08	0.001320	0.001357	0.001384	0.001291	0
EGOLD_USD	2019-03-07	0.001357	0.001362	0.001388	0.001343	0
EGOLD_USD	2019-03-06	0.001362	0.001358	0.001391	0.001327	0
EGOLD_USD	2019-03-05	0.001357	0.001244	0.001366	0.001239	0
EGOLD_USD	2019-03-04	0.001244	0.001291	0.001297	0.001220	0
EGOLD_USD	2019-03-03	0.001290	0.001314	0.001334	0.001266	0
EGOLD_USD	2019-03-02	0.001314	0.001342	0.001350	0.001290	0
EGOLD_USD	2019-03-01	0.001343	0.001339	0.001370	0.001336	0
EGOLD_USD	2019-02-28	0.001339	0.001336	0.001381	0.001323	0
EGOLD_USD	2019-02-27	0.001336	0.001351	0.001392	0.001256	0
EGOLD_USD	2019-02-26	0.001353	0.001368	0.001373	0.001332	0
EGOLD_USD	2019-02-25	0.001368	0.001311	0.001402	0.001311	0
EGOLD_USD	2019-02-24	0.001309	0.001564	0.001642	0.001309	0
EGOLD_USD	2019-02-23	0.001565	0.001466	0.001583	0.001443	0
EGOLD_USD	2019-02-22	0.001468	0.001437	0.001474	0.001417	0
EGOLD_USD	2019-02-21	0.001437	0.001470	0.001488	0.001410	0
EGOLD_USD	2019-02-20	0.001475	0.001421	0.001477	0.001393	0
EGOLD_USD	2019-02-19	0.001421	0.001443	0.001486	0.001414	0
EGOLD_USD	2019-02-18	0.001444	0.001320	0.001470	0.001311	0
EGOLD_USD	2019-02-17	0.001320	0.001208	0.001340	0.001206	0
EGOLD_USD	2019-02-16	0.001208	0.001199	0.001231	0.001199	0
EGOLD_USD	2019-02-15	0.001199	0.001187	0.001225	0.001184	0
EGOLD_USD	2019-02-14	0.001188	0.001199	0.001223	0.001185	0
EGOLD_USD	2019-02-13	0.001200	0.001209	0.001253	0.001188	0
EGOLD_USD	2019-02-12	0.001205	0.001189	0.001222	0.001162	0
EGOLD_USD	2019-02-11	0.001189	0.001233	0.001233	0.001179	0
EGOLD_USD	2019-02-10	0.001235	0.001173	0.001241	0.001143	0
EGOLD_USD	2019-02-09	0.001174	0.001174	0.001196	0.001159	0
EGOLD_USD	2019-02-08	0.001176	0.001025	0.001207	0.001018	0
EGOLD_USD	2019-02-07	0.001024	0.001028	0.001043	0.001019	0
EGOLD_USD	2019-02-06	0.001028	0.001053	0.001056	0.000998	0
EGOLD_USD	2019-02-05	0.001053	0.001051	0.001058	0.001042	0
EGOLD_USD	2019-02-04	0.001051	0.001052	0.001069	0.001045	0
EGOLD_USD	2019-02-03	0.001052	0.001092	0.001099	0.001039	0
EGOLD_USD	2019-02-02	0.001089	0.001056	0.001094	0.001046	0
EGOLD_USD	2019-02-01	0.001056	0.001052	0.001071	0.001024	0
EGOLD_USD	2019-01-31	0.001050	0.001071	0.001095	0.001041	0
EGOLD_USD	2019-01-30	0.001072	0.001030	0.001082	0.001021	0
EGOLD_USD	2019-01-29	0.001032	0.001042	0.001049	0.001011	0
EGOLD_USD	2019-01-28	0.001042	0.001099	0.001108	0.001001	0
EGOLD_USD	2019-01-27	0.001099	0.001137	0.001143	0.001093	0
EGOLD_USD	2019-01-26	0.001137	0.001136	0.001162	0.001134	0
EGOLD_USD	2019-01-25	0.001136	0.001154	0.001157	0.001127	0
EGOLD_USD	2019-01-24	0.001154	0.001151	0.001162	0.001123	0
EGOLD_USD	2019-01-23	0.001151	0.001165	0.001174	0.001135	0
EGOLD_USD	2019-01-22	0.001165	0.001138	0.001178	0.001094	0
EGOLD_USD	2019-01-21	0.001139	0.001155	0.001164	0.001115	0
EGOLD_USD	2019-01-20	0.001153	0.001221	0.001226	0.001141	0
EGOLD_USD	2019-01-19	0.001221	0.000134	0.001262	0.000134	0
EGOLD_USD	2019-01-18	0.000134	0.000138	0.000138	0.000133	0
EGOLD_USD	2019-01-17	0.000138	0.000137	0.000139	0.000132	0
EGOLD_USD	2019-01-16	0.000137	0.000135	0.000143	0.000134	0
EGOLD_USD	2019-01-15	0.000135	0.000145	0.000147	0.000132	0
EGOLD_USD	2019-01-14	0.000145	0.000130	0.000148	0.000130	0
EGOLD_USD	2019-01-13	0.000130	0.000140	0.000140	0.000128	0
EGOLD_USD	2019-01-12	0.000140	0.000142	0.000143	0.000139	0
EGOLD_USD	2019-01-11	0.000142	0.000142	0.000145	0.000138	0
EGOLD_USD	2019-01-10	0.000142	0.000168	0.000170	0.000139	0
EGOLD_USD	2019-01-09	0.000168	0.000168	0.000174	0.000166	0
EGOLD_USD	2019-01-08	0.000168	0.000170	0.000173	0.000166	0
EGOLD_USD	2019-01-07	0.000170	0.000177	0.000179	0.000169	0
EGOLD_USD	2019-01-06	0.000177	0.000174	0.000181	0.000169	0
EGOLD_USD	2019-01-05	0.000174	0.000174	0.000183	0.000174	0
EGOLD_USD	2019-01-04	0.000175	0.000168	0.000178	0.000166	0
EGOLD_USD	2019-01-03	0.000167	0.000175	0.000177	0.000165	0
EGOLD_USD	2019-01-02	0.000175	0.000160	0.000179	0.000158	0
EGOLD_USD	2019-01-01	0.000159	0.000150	0.000162	0.000148	0
EGOLD_USD	2018-12-31	0.000150	0.000159	0.000159	0.000147	0
EGOLD_USD	2018-12-30	0.000158	0.000154	0.000160	0.000148	0
EGOLD_USD	2018-12-29	0.000155	0.000157	0.000168	0.000150	0
EGOLD_USD	2018-12-28	0.000157	0.000130	0.000158	0.000129	0
EGOLD_USD	2018-12-27	0.000130	0.000148	0.000150	0.000128	0
EGOLD_USD	2018-12-26	0.000148	0.000146	0.000155	0.000140	0
EGOLD_USD	2018-12-25	0.000146	0.000157	0.000158	0.000139	0
EGOLD_USD	2018-12-24	0.000157	0.000147	0.000180	0.000147	0
EGOLD_USD	2018-12-23	0.000147	0.000133	0.000152	0.000133	0
EGOLD_USD	2018-12-22	0.000132	0.000123	0.000133	0.000120	0
EGOLD_USD	2018-12-21	0.000123	0.000130	0.000135	0.000120	0
EGOLD_USD	2018-12-20	0.000131	0.000113	0.000133	0.000112	0
EGOLD_USD	2018-12-19	0.000113	0.000115	0.000122	0.000112	0
EGOLD_USD	2018-12-18	0.000114	0.000107	0.000116	0.000104	0
EGOLD_USD	2018-12-17	0.000107	0.000095	0.000110	0.000095	0
EGOLD_USD	2018-12-16	0.000095	0.000094	0.000099	0.000094	0
EGOLD_USD	2018-12-15	0.000094	0.000094	0.000095	0.000092	0
EGOLD_USD	2018-12-14	0.000094	0.000097	0.000097	0.000092	0
EGOLD_USD	2018-12-13	0.000096	0.000101	0.000102	0.000095	0
EGOLD_USD	2018-12-12	0.000101	0.000098	0.000103	0.000097	0
EGOLD_USD	2018-12-11	0.000098	0.000102	0.000104	0.000096	0
EGOLD_USD	2018-12-10	0.000101	0.000106	0.000107	0.000100	0
EGOLD_USD	2018-12-09	0.000106	0.000102	0.000112	0.000100	0
EGOLD_USD	2018-12-08	0.000102	0.000104	0.000110	0.000094	0
EGOLD_USD	2018-12-07	0.000104	0.000101	0.000109	0.000091	0
EGOLD_USD	2018-12-06	0.000102	0.000113	0.000116	0.000101	0
EGOLD_USD	2018-12-05	0.000113	0.000122	0.000122	0.000113	0
EGOLD_USD	2018-12-04	0.000122	0.000120	0.000127	0.000117	0
EGOLD_USD	2018-12-03	0.000120	0.000129	0.000129	0.000118	0
EGOLD_USD	2018-12-02	0.000129	0.000132	0.000134	0.000128	0
EGOLD_USD	2018-12-01	0.000132	0.000125	0.000135	0.000123	0
EGOLD_USD	2018-11-30	0.000125	0.000130	0.000133	0.000123	0
EGOLD_USD	2018-11-29	0.000130	0.000125	0.000137	0.000118	0
EGOLD_USD	2018-11-28	0.000125	0.000610	0.000668	0.000122	0
EGOLD_USD	2018-11-27	0.000610	0.000604	0.000625	0.000563	0
EGOLD_USD	2018-11-26	0.000604	0.000648	0.000662	0.000585	0
EGOLD_USD	2018-11-25	0.000650	0.000630	0.000660	0.000566	0
EGOLD_USD	2018-11-24	0.000630	0.000684	0.000708	0.000611	0
EGOLD_USD	2018-11-23	0.000684	0.000689	0.000701	0.000655	0
EGOLD_USD	2018-11-22	0.000696	0.000755	0.000765	0.000696	0
EGOLD_USD	2018-11-21	0.000757	0.000735	0.000772	0.000697	0
EGOLD_USD	2018-11-20	0.000735	0.000826	0.000842	0.000700	0
EGOLD_USD	2018-11-19	0.000826	0.000977	0.000977	0.000811	0
EGOLD_USD	2018-11-18	0.000977	0.000960	0.000993	0.000960	0
EGOLD_USD	2018-11-17	0.000960	0.000967	0.000970	0.000951	0
EGOLD_USD	2018-11-16	0.000967	0.001005	0.001008	0.000949	0
EGOLD_USD	2018-11-15	0.001005	0.001022	0.001034	0.000940	0
EGOLD_USD	2018-11-14	0.001015	0.001146	0.001153	0.000971	0
EGOLD_USD	2018-11-13	0.001147	0.001161	0.001165	0.001142	0
EGOLD_USD	2018-11-12	0.001161	0.001163	0.001169	0.001152	0
EGOLD_USD	2018-11-11	0.001165	0.001164	0.001167	0.001141	0
EGOLD_USD	2018-11-10	0.001164	0.001152	0.001177	0.001149	0
EGOLD_USD	2018-11-09	0.001152	0.001161	0.001176	0.001144	0
EGOLD_USD	2018-11-08	0.001161	0.001196	0.001204	0.001161	0
EGOLD_USD	2018-11-07	0.001196	0.001206	0.001229	0.001186	0
EGOLD_USD	2018-11-06	0.001206	0.001151	0.001206	0.001142	0
EGOLD_USD	2018-11-05	0.001151	0.001158	0.001161	0.001135	0
EGOLD_USD	2018-11-04	0.001158	0.001093	0.001192	0.001087	0
EGOLD_USD	2018-11-03	0.001093	0.001104	0.001106	0.001088	0
EGOLD_USD	2018-11-02	0.001104	0.001091	0.001111	0.001091	0
EGOLD_USD	2018-11-01	0.001091	0.000995	0.001093	0.000994	0
EGOLD_USD	2018-10-31	0.000995	0.000989	0.001001	0.000969	0
EGOLD_USD	2018-10-30	0.000989	0.000986	0.000993	0.000981	0
EGOLD_USD	2018-10-29	0.000986	0.001026	0.001027	0.000980	0
EGOLD_USD	2018-10-28	0.001026	0.001022	0.001028	0.001020	0
EGOLD_USD	2018-10-27	0.001022	0.001026	0.001029	0.001017	0
EGOLD_USD	2018-10-26	0.001026	0.001019	0.001041	0.001018	0
EGOLD_USD	2018-10-25	0.001019	0.001027	0.001030	0.001016	0
EGOLD_USD	2018-10-24	0.001027	0.001031	0.001040	0.001027	0
EGOLD_USD	2018-10-23	0.001031	0.001032	0.001040	0.001016	0
EGOLD_USD	2018-10-22	0.001032	0.001017	0.001037	0.001008	0
EGOLD_USD	2018-10-21	0.001016	0.001021	0.001036	0.001016	0
EGOLD_USD	2018-10-20	0.001021	0.001005	0.001029	0.000999	0
EGOLD_USD	2018-10-19	0.001005	0.001011	0.001017	0.001001	0
EGOLD_USD	2018-10-18	0.001011	0.001044	0.001053	0.001000	0
EGOLD_USD	2018-10-17	0.001044	0.001055	0.001063	0.001032	0
EGOLD_USD	2018-10-16	0.001056	0.001050	0.001071	0.001037	0
EGOLD_USD	2018-10-15	0.001050	0.000965	0.001166	0.000954	0
EGOLD_USD	2018-10-14	0.000965	0.000987	0.000997	0.000959	0
EGOLD_USD	2018-10-13	0.000987	0.000966	0.000994	0.000966	0
EGOLD_USD	2018-10-12	0.000967	0.000938	0.000987	0.000934	0
EGOLD_USD	2018-10-11	0.000936	0.001112	0.001112	0.000932	0
EGOLD_USD	2018-10-10	0.001112	0.001121	0.001121	0.001099	0
EGOLD_USD	2018-10-09	0.001121	0.001159	0.001163	0.001119	0
EGOLD_USD	2018-10-08	0.001159	0.001139	0.001170	0.001130	0
EGOLD_USD	2018-10-07	0.001139	0.001134	0.001146	0.001117	0
EGOLD_USD	2018-10-06	0.001134	0.001151	0.001153	0.001125	0
EGOLD_USD	2018-10-05	0.001151	0.001119	0.001165	0.001107	0
EGOLD_USD	2018-10-04	0.001119	0.001111	0.001141	0.001106	0
EGOLD_USD	2018-10-03	0.001110	0.001137	0.001140	0.001089	0
EGOLD_USD	2018-10-02	0.001138	0.001166	0.001169	0.001131	0
EGOLD_USD	2018-10-01	0.001165	0.001172	0.001183	0.001136	0
EGOLD_USD	2018-09-30	0.001172	0.001169	0.001202	0.001139	0
EGOLD_USD	2018-09-29	0.001169	0.001118	0.001195	0.001077	0
EGOLD_USD	2018-09-28	0.001118	0.001155	0.001177	0.001083	0
EGOLD_USD	2018-09-27	0.001154	0.001078	0.001171	0.001061	0
EGOLD_USD	2018-09-26	0.001080	0.001106	0.001120	0.001044	0
EGOLD_USD	2018-09-25	0.001100	0.001147	0.001147	0.001025	0
EGOLD_USD	2018-09-24	0.001147	0.001232	0.001238	0.001136	0
EGOLD_USD	2018-09-23	0.001232	0.001213	0.001256	0.001195	0
EGOLD_USD	2018-09-22	0.001213	0.001248	0.001283	0.001175	0
EGOLD_USD	2018-09-21	0.001249	0.001138	0.001267	0.001116	0
EGOLD_USD	2018-09-20	0.001138	0.001057	0.001153	0.001043	0
EGOLD_USD	2018-09-19	0.001056	0.001051	0.001075	0.000992	0
EGOLD_USD	2018-09-18	0.001051	0.000990	0.001079	0.000978	0
EGOLD_USD	2018-09-17	0.000990	0.001108	0.001132	0.000970	0
EGOLD_USD	2018-09-16	0.001108	0.001117	0.001125	0.001032	0
EGOLD_USD	2018-09-15	0.001122	0.001047	0.001146	0.001047	0
EGOLD_USD	2018-09-14	0.001058	0.001060	0.001125	0.001023	0
EGOLD_USD	2018-09-13	0.001060	0.000922	0.001081	0.000922	0
EGOLD_USD	2018-09-12	0.000922	0.000931	0.000931	0.000845	0
EGOLD_USD	2018-09-11	0.000933	0.000991	0.001002	0.000897	0
EGOLD_USD	2018-09-10	0.000991	0.001902	0.001966	0.000942	0
EGOLD_USD	2018-09-09	0.001898	0.001909	0.002022	0.001802	0
EGOLD_USD	2018-09-08	0.001909	0.002091	0.002134	0.001853	0
EGOLD_USD	2018-09-07	0.002091	0.002229	0.002273	0.002075	0
EGOLD_USD	2018-09-06	0.002230	0.002213	0.002249	0.002058	0
EGOLD_USD	2018-09-05	0.002213	0.002769	0.002791	0.002201	0
EGOLD_USD	2018-09-04	0.002769	0.002805	0.002842	0.002744	0
EGOLD_USD	2018-09-03	0.002807	0.002856	0.002876	0.002778	0
EGOLD_USD	2018-09-02	0.002856	0.002870	0.002905	0.002810	0
EGOLD_USD	2018-09-01	0.002870	0.002736	0.002933	0.002736	0
EGOLD_USD	2018-08-31	0.002736	0.002757	0.002765	0.002685	0
EGOLD_USD	2018-08-30	0.002759	0.002802	0.002824	0.002644	0
EGOLD_USD	2018-08-29	0.002806	0.002869	0.002881	0.002760	0
EGOLD_USD	2018-08-28	0.002869	0.002794	0.002891	0.002745	0
EGOLD_USD	2018-08-27	0.002785	0.002662	0.002785	0.002639	0
EGOLD_USD	2018-08-26	0.002662	0.002691	0.002694	0.002615	0
EGOLD_USD	2018-08-25	0.002691	0.002730	0.002744	0.002686	0
EGOLD_USD	2018-08-24	0.002730	0.002678	0.002747	0.002626	0
EGOLD_USD	2018-08-23	0.002677	0.002624	0.002717	0.002604	0
EGOLD_USD	2018-08-22	0.002619	0.002728	0.002903	0.002526	0
EGOLD_USD	2018-08-21	0.002728	0.002624	0.002773	0.002619	0
EGOLD_USD	2018-08-20	0.002623	0.002912	0.002955	0.002616	0
EGOLD_USD	2018-08-19	0.002913	0.002864	0.002982	0.002810	0
EGOLD_USD	2018-08-18	0.002861	0.003089	0.003123	0.002752	0
EGOLD_USD	2018-08-17	0.003086	0.002788	0.003095	0.002776	0
EGOLD_USD	2018-08-16	0.002792	0.002738	0.002910	0.002708	0
EGOLD_USD	2018-08-15	0.002736	0.002713	0.002961	0.002699	0
EGOLD_USD	2018-08-14	0.002709	0.002765	0.002765	0.002445	0
EGOLD_USD	2018-08-13	0.002765	0.003099	0.003135	0.002735	0
EGOLD_USD	2018-08-12	0.003099	0.003095	0.003187	0.003069	0
EGOLD_USD	2018-08-11	0.003099	0.003234	0.003239	0.002972	0
EGOLD_USD	2018-08-10	0.003235	0.003542	0.003563	0.003181	0
EGOLD_USD	2018-08-09	0.003539	0.003467	0.003605	0.003419	0
EGOLD_USD	2018-08-08	0.003466	0.003680	0.003705	0.003403	0
EGOLD_USD	2018-08-07	0.003682	0.003947	0.004001	0.003595	0
EGOLD_USD	2018-08-06	0.003948	0.003984	0.004023	0.003911	0
EGOLD_USD	2018-08-05	0.003983	0.003966	0.004028	0.003897	0
EGOLD_USD	2018-08-04	0.003963	0.004070	0.004083	0.003916	0
EGOLD_USD	2018-08-03	0.004070	0.004004	0.004090	0.003878	0
EGOLD_USD	2018-08-02	0.004004	0.004094	0.004133	0.003973	0
EGOLD_USD	2018-08-01	0.004091	0.004215	0.004238	0.003975	0
EGOLD_USD	2018-07-31	0.004213	0.004452	0.004461	0.004170	0
EGOLD_USD	2018-07-30	0.004452	0.004547	0.004573	0.004356	0
EGOLD_USD	2018-07-29	0.004550	0.004685	0.004685	0.004500	0
EGOLD_USD	2018-07-28	0.004685	0.004685	0.004685	0.004685	0
EGOLD_USD	2018-07-27	0.004685	0.004685	0.004685	0.004685	0
EGOLD_USD	2018-07-26	0.004685	0.004604	0.004724	0.004604	0
EGOLD_USD	2018-07-25	0.004601	0.004667	0.004729	0.004527	0
EGOLD_USD	2018-07-24	0.004683	0.004382	0.004724	0.004374	0
EGOLD_USD	2018-07-23	0.004380	0.004460	0.004583	0.004355	0
EGOLD_USD	2018-07-22	0.004465	0.004492	0.004601	0.004436	0
EGOLD_USD	2018-07-21	0.004492	0.004379	0.004566	0.004311	0
EGOLD_USD	2018-07-20	0.004379	0.004569	0.004573	0.004292	0
EGOLD_USD	2018-07-19	0.004569	0.004665	0.004720	0.004514	0
EGOLD_USD	2018-07-18	0.004665	0.003264	0.004924	0.003264	0
EGOLD_USD	2018-07-17	0.003264	0.003129	0.003344	0.003049	0
EGOLD_USD	2018-07-16	0.003133	0.002942	0.003143	0.002911	0
EGOLD_USD	2018-07-15	0.002942	0.002835	0.002976	0.002820	0
EGOLD_USD	2018-07-14	0.002835	0.002826	0.002873	0.002798	0
EGOLD_USD	2018-07-13	0.002825	0.002813	0.002892	0.002785	0
EGOLD_USD	2018-07-12	0.002807	0.002915	0.002915	0.002732	0
EGOLD_USD	2018-07-11	0.002911	0.002831	0.002923	0.002780	0
EGOLD_USD	2018-07-10	0.002828	0.003080	0.003094	0.002798	0
EGOLD_USD	2018-07-09	0.003075	0.003179	0.003191	0.003065	0
EGOLD_USD	2018-07-08	0.003179	0.003183	0.003240	0.003156	0
EGOLD_USD	2018-07-07	0.003183	0.003076	0.003196	0.003021	0
EGOLD_USD	2018-07-06	0.003074	0.003056	0.003103	0.002956	0
EGOLD_USD	2018-07-05	0.003062	0.003053	0.003130	0.003000	0
EGOLD_USD	2018-07-04	0.003057	0.003026	0.003120	0.002952	0
EGOLD_USD	2018-07-03	0.003020	0.003120	0.003182	0.003010	0
EGOLD_USD	2018-07-02	0.003118	0.002956	0.003153	0.000000	0
EGOLD_USD	2018-07-01	0.002956	0.002968	0.002988	0.002909	0
EGOLD_USD	2018-06-30	0.002969	0.002850	0.003029	0.002850	0
EGOLD_USD	2018-06-29	0.002850	0.002747	0.002895	0.002649	0
EGOLD_USD	2018-06-28	0.002757	0.002891	0.002900	0.002732	0
EGOLD_USD	2018-06-27	0.002888	0.002808	0.002915	0.002743	0
EGOLD_USD	2018-06-26	0.002813	0.003010	0.003017	0.002806	0
EGOLD_USD	2018-06-25	0.003002	0.002963	0.003093	0.002913	0
EGOLD_USD	2018-06-24	0.002978	0.003103	0.003110	0.002753	0
EGOLD_USD	2018-06-23	0.003097	0.003024	0.003143	0.002974	0
EGOLD_USD	2018-06-22	0.003020	0.003440	0.003441	0.002938	0
EGOLD_USD	2018-06-21	0.003441	0.003507	0.003566	0.003414	0
EGOLD_USD	2018-06-20	0.003507	0.003517	0.003545	0.003381	0
EGOLD_USD	2018-06-19	0.003521	0.004292	0.004539	0.003501	0
EGOLD_USD	2018-06-18	0.004288	0.004501	0.004738	0.004272	0
EGOLD_USD	2018-06-17	0.004490	0.004498	0.004597	0.004469	0
EGOLD_USD	2018-06-16	0.004498	0.004408	0.004554	0.004381	0
EGOLD_USD	2018-06-15	0.004412	0.004709	0.004716	0.004377	0
EGOLD_USD	2018-06-14	0.004693	0.004314	0.004753	0.004163	0
EGOLD_USD	2018-06-13	0.004312	0.004471	0.004538	0.004077	0
EGOLD_USD	2018-06-12	0.004469	0.004806	0.004890	0.004380	0
EGOLD_USD	2018-06-11	0.004808	0.004741	0.004847	0.004614	0
EGOLD_USD	2018-06-10	0.004739	0.005351	0.005351	0.004542	0
EGOLD_USD	2018-06-09	0.005371	0.005432	0.005519	0.005360	0
EGOLD_USD	2018-06-08	0.005432	0.005473	0.005509	0.005370	0
EGOLD_USD	2018-06-07	0.005482	0.005505	0.005588	0.005425	0
EGOLD_USD	2018-06-06	0.005493	0.005522	0.005539	0.005371	0
EGOLD_USD	2018-06-05	0.005512	0.005370	0.005553	0.005217	0
EGOLD_USD	2018-06-04	0.005352	0.005615	0.005659	0.005252	0
EGOLD_USD	2018-06-03	0.005609	0.005350	0.005686	0.005343	0
EGOLD_USD	2018-06-02	0.005346	0.005261	0.005432	0.005203	0
EGOLD_USD	2018-06-01	0.005245	0.005223	0.005339	0.005110	0
EGOLD_USD	2018-05-31	0.005234	0.005044	0.005308	0.005017	0
EGOLD_USD	2018-05-30	0.005047	0.005138	0.005299	0.004909	0
EGOLD_USD	2018-05-29	0.005113	0.004636	0.005182	0.004628	0
EGOLD_USD	2018-05-28	0.004636	0.005152	0.005198	0.004557	0
EGOLD_USD	2018-05-27	0.005152	0.005303	0.005351	0.005021	0
EGOLD_USD	2018-05-26	0.005303	0.005292	0.005493	0.005236	0
EGOLD_USD	2018-05-25	0.005292	0.005458	0.005576	0.005146	0
EGOLD_USD	2018-05-24	0.005459	0.005234	0.005510	0.004898	0
EGOLD_USD	2018-05-23	0.005226	0.005799	0.005881	0.005110	0
EGOLD_USD	2018-05-22	0.005808	0.006309	0.006318	0.005780	0
EGOLD_USD	2018-05-21	0.006298	0.007759	0.007796	0.002507	0
EGOLD_USD	2018-05-20	0.007757	0.007552	0.007837	0.007455	0
EGOLD_USD	2018-05-19	0.007546	0.007522	0.007776	0.007397	0
EGOLD_USD	2018-05-18	0.007520	0.007243	0.007534	0.007132	0
EGOLD_USD	2018-05-17	0.007255	0.007673	0.007788	0.007178	0
EGOLD_USD	2018-05-16	0.007666	0.007646	0.007696	0.007327	0
EGOLD_USD	2018-05-15	0.007646	0.007889	0.008012	0.007536	0
EGOLD_USD	2018-05-14	0.007889	0.007904	0.008047	0.007436	0
EGOLD_USD	2018-05-13	0.007904	0.007402	0.008018	0.007252	0
EGOLD_USD	2018-05-12	0.007394	0.007382	0.007486	0.006916	0
EGOLD_USD	2018-05-11	0.007357	0.007876	0.008016	0.007253	0
EGOLD_USD	2018-05-10	0.007878	0.008188	0.008362	0.007873	0
EGOLD_USD	2018-05-09	0.008188	0.008111	0.008280	0.007703	0
EGOLD_USD	2018-05-08	0.008122	0.008082	0.008331	0.000011	0
EGOLD_USD	2018-05-07	0.008122	0.008533	0.008578	0.007429	0
EGOLD_USD	2018-05-06	0.008533	0.008812	0.009008	0.008116	0
EGOLD_USD	2018-05-05	0.008806	0.008444	0.008922	0.008407	0
EGOLD_USD	2018-05-04	0.008444	0.008378	0.008684	0.008179	0
EGOLD_USD	2018-05-03	0.008378	0.007396	0.008492	0.007387	0
EGOLD_USD	2018-05-02	0.007396	0.005395	0.007434	0.005342	0
EGOLD_USD	2018-05-01	0.005395	0.005384	0.005428	0.005055	0
EGOLD_USD	2018-04-30	0.005378	0.007109	0.007145	0.005335	0
EGOLD_USD	2018-04-29	0.007105	0.007107	0.007283	0.006926	0
EGOLD_USD	2018-04-28	0.007114	0.006696	0.007223	0.006664	0
EGOLD_USD	2018-04-27	0.006702	0.006897	0.007138	0.006669	0
EGOLD_USD	2018-04-26	0.006895	0.006427	0.006923	0.006244	0
EGOLD_USD	2018-04-25	0.006427	0.002664	0.007288	0.002653	0
EGOLD_USD	2018-04-24	0.002670	0.008288	0.008840	0.002661	0
EGOLD_USD	2018-04-23	0.008292	0.007982	0.008345	0.007972	0
EGOLD_USD	2018-04-22	0.007991	0.007791	0.008283	0.007621	0
EGOLD_USD	2018-04-21	0.007791	0.007936	0.008039	0.007413	0
EGOLD_USD	2018-04-20	0.007923	0.007296	0.007988	0.007183	0
EGOLD_USD	2018-04-19	0.007289	0.006768	0.007337	0.006721	0
EGOLD_USD	2018-04-18	0.006765	0.006488	0.006780	0.006472	0
EGOLD_USD	2018-04-17	0.006495	0.006669	0.006800	0.006468	0
EGOLD_USD	2018-04-16	0.006671	0.006964	0.007007	0.006511	0
EGOLD_USD	2018-04-15	0.006950	0.006550	0.006966	0.006550	0
EGOLD_USD	2018-04-14	0.006551	0.006444	0.006705	0.006350	0
EGOLD_USD	2018-04-13	0.006425	0.006417	0.006892	0.006267	0
EGOLD_USD	2018-04-12	0.006426	0.005457	0.006476	0.005363	0
EGOLD_USD	2018-04-11	0.005463	0.005274	0.005503	0.005236	0
EGOLD_USD	2018-04-10	0.005274	0.006301	0.006358	0.005060	0
EGOLD_USD	2018-04-09	0.006283	0.006325	0.006805	0.006121	0
EGOLD_USD	2018-04-08	0.006335	0.006230	0.006549	0.006223	0
EGOLD_USD	2018-04-07	0.006229	0.006082	0.006473	0.002339	0
EGOLD_USD	2018-04-06	0.006082	0.006377	0.006438	0.005967	0
EGOLD_USD	2018-04-05	0.006366	0.006316	0.006461	0.006118	0
EGOLD_USD	2018-04-04	0.006324	0.006120	0.008287	0.006084	0
EGOLD_USD	2018-04-03	0.006128	0.005686	0.006164	0.005604	0
EGOLD_USD	2018-04-02	0.005686	0.006078	0.006222	0.004772	0
EGOLD_USD	2018-04-01	0.006079	0.006316	0.006401	0.005752	0
EGOLD_USD	2018-03-31	0.006315	0.006309	0.006715	0.006252	0
EGOLD_USD	2018-03-30	0.006306	0.006165	0.006588	0.005856	0
EGOLD_USD	2018-03-29	0.006164	0.007150	0.007190	0.006094	0
EGOLD_USD	2018-03-28	0.007147	0.007191	0.007466	0.007062	0
EGOLD_USD	2018-03-27	0.007192	0.007804	0.007886	0.007160	0
EGOLD_USD	2018-03-26	0.007825	0.008681	0.008852	0.007588	0
EGOLD_USD	2018-03-25	0.008672	0.007725	0.009158	0.007620	0
EGOLD_USD	2018-03-24	0.007724	0.008131	0.008148	0.007724	0
EGOLD_USD	2018-03-23	0.008110	0.007678	0.008110	0.007083	0
EGOLD_USD	2018-03-22	0.007675	0.007958	0.008218	0.007343	0
EGOLD_USD	2018-03-21	0.007962	0.007926	0.008387	0.007764	0
EGOLD_USD	2018-03-20	0.007920	0.007933	0.008060	0.007382	0
EGOLD_USD	2018-03-19	0.007936	0.006698	0.007936	0.006424	0
EGOLD_USD	2018-03-18	0.006691	0.006848	0.006994	0.005670	0
EGOLD_USD	2018-03-17	0.006871	0.007482	0.007597	0.006775	0
EGOLD_USD	2018-03-16	0.007498	0.007609	0.007800	0.007293	0
EGOLD_USD	2018-03-15	0.007599	0.007713	0.007803	0.007212	0
EGOLD_USD	2018-03-14	0.007702	0.009684	0.009879	0.007569	0
EGOLD_USD	2018-03-13	0.009680	0.010395	0.010656	0.009538	0
EGOLD_USD	2018-03-12	0.010385	0.015117	0.015537	0.010146	0
EGOLD_USD	2018-03-11	0.015121	0.014273	0.015425	0.013867	0
EGOLD_USD	2018-03-10	0.014286	0.015217	0.015563	0.014202	0
EGOLD_USD	2018-03-09	0.015243	0.014645	0.015283	0.013420	0
EGOLD_USD	2018-03-08	0.014658	0.011343	0.015703	0.010846	0
