ELA_USD	2019-04-09	4.0500	4.2030	4.2930	3.9904	150789
ELA_USD	2019-04-08	4.2029	4.3154	4.5000	4.0101	160667
ELA_USD	2019-04-07	4.3145	4.0947	4.3984	4.0700	135699
ELA_USD	2019-04-06	4.0947	4.1695	4.2057	3.9787	113021
ELA_USD	2019-04-05	4.1727	4.0913	4.2793	4.0725	97349
ELA_USD	2019-04-04	4.0950	4.1960	4.3670	4.0000	163094
ELA_USD	2019-04-03	4.1886	4.3023	4.5000	4.0805	278682
ELA_USD	2019-04-02	4.3024	3.8368	4.4380	3.7101	419653
ELA_USD	2019-04-01	3.8345	3.9908	4.0976	3.5601	281844
ELA_USD	2019-03-31	3.9821	3.1534	4.3700	3.1500	1240896
ELA_USD	2019-03-30	3.1533	3.0140	3.2100	2.9173	158804
ELA_USD	2019-03-29	3.0199	2.8538	3.0512	2.8292	335051
ELA_USD	2019-03-28	2.8507	2.6571	2.8583	2.6380	207829
ELA_USD	2019-03-27	2.6578	2.5110	2.6701	2.5101	129819
ELA_USD	2019-03-26	2.5167	2.5598	2.6072	2.4303	87507
ELA_USD	2019-03-25	2.5584	2.6131	2.6280	2.5000	93944
ELA_USD	2019-03-24	2.6143	2.6255	2.6640	2.5275	80451
ELA_USD	2019-03-23	2.6243	2.6353	2.6974	2.5681	124636
ELA_USD	2019-03-22	2.6369	2.5899	2.6618	2.5400	70835
ELA_USD	2019-03-21	2.5907	2.7671	2.7717	2.4117	247858
ELA_USD	2019-03-20	2.7672	2.8069	2.8071	2.6758	151935
ELA_USD	2019-03-19	2.8069	2.7030	2.8442	2.6766	226422
ELA_USD	2019-03-18	2.7039	2.5352	2.7789	2.4700	186675
ELA_USD	2019-03-17	2.5362	2.5257	2.5435	2.4339	62104
ELA_USD	2019-03-16	2.5250	2.4588	2.5672	2.4588	141672
ELA_USD	2019-03-15	2.4588	2.3908	2.4855	2.3761	86763
ELA_USD	2019-03-14	2.3898	2.4502	2.4707	2.3580	63629
ELA_USD	2019-03-13	2.4502	2.3877	2.4899	2.3562	82957
ELA_USD	2019-03-12	2.3906	2.3967	2.5194	2.3000	139292
ELA_USD	2019-03-11	2.3965	2.4700	2.5496	2.3171	178358
ELA_USD	2019-03-10	2.4659	2.6249	2.7370	2.3718	304700
ELA_USD	2019-03-09	2.6156	2.2215	2.9170	2.2215	883447
ELA_USD	2019-03-08	2.2155	2.0154	2.2600	1.9635	221421
ELA_USD	2019-03-07	2.0152	2.0180	2.0369	1.9640	88058
ELA_USD	2019-03-06	2.0179	2.0131	2.0455	1.9950	43816
ELA_USD	2019-03-05	2.0133	1.9550	2.0500	1.9200	60646
ELA_USD	2019-03-04	1.9547	2.0250	2.0582	1.9200	54821
ELA_USD	2019-03-03	2.0261	2.0413	2.0449	2.0001	29978
ELA_USD	2019-03-02	2.0365	2.0888	2.0989	2.0203	35001
ELA_USD	2019-03-01	2.0893	2.0756	2.1219	2.0729	48320
ELA_USD	2019-02-28	2.0753	2.1116	2.1841	2.0672	62995
ELA_USD	2019-02-27	2.1106	2.0519	2.2000	2.0384	87147
ELA_USD	2019-02-26	2.0561	2.0086	2.0664	1.9829	70573
ELA_USD	2019-02-25	2.0087	1.9592	2.0900	1.9548	84910
ELA_USD	2019-02-24	1.9598	2.2163	2.2988	1.9312	205201
ELA_USD	2019-02-23	2.2137	2.0525	2.2750	2.0368	193975
ELA_USD	2019-02-22	2.0620	1.9855	2.1300	1.9400	129148
ELA_USD	2019-02-21	1.9847	2.0325	2.0600	1.9400	99196
ELA_USD	2019-02-20	2.0331	2.0288	2.0697	1.9789	117033
ELA_USD	2019-02-19	2.0342	2.0525	2.1360	2.0200	203747
ELA_USD	2019-02-18	2.0509	2.0192	2.0888	1.9890	106086
ELA_USD	2019-02-17	2.0187	1.9399	2.0187	1.9200	78713
ELA_USD	2019-02-16	1.9399	1.8987	2.1087	1.8444	195825
ELA_USD	2019-02-15	1.8994	1.9684	1.9844	1.8200	95297
ELA_USD	2019-02-14	1.9684	2.0302	2.0482	1.9390	105175
ELA_USD	2019-02-13	2.0255	2.1126	2.1447	2.0255	89147
ELA_USD	2019-02-12	2.1138	2.2288	2.2586	2.0811	137669
ELA_USD	2019-02-11	2.2281	2.2947	2.2951	2.2121	14488
ELA_USD	2019-02-10	2.2963	2.2431	2.3000	2.2002	32291
ELA_USD	2019-02-09	2.2431	2.2500	2.2692	2.1971	36918
ELA_USD	2019-02-08	2.2515	2.0838	2.2949	2.0762	35447
ELA_USD	2019-02-07	2.0837	2.1021	2.1192	2.0751	7969
ELA_USD	2019-02-06	2.1123	2.1531	2.1572	2.0550	21737
ELA_USD	2019-02-05	2.1543	2.1139	2.1614	2.0902	9452
ELA_USD	2019-02-04	2.1147	2.1483	2.1705	2.1090	19357
ELA_USD	2019-02-03	2.1486	2.1849	2.1898	2.1211	15156
ELA_USD	2019-02-02	2.1851	2.1280	2.1860	2.1133	17665
ELA_USD	2019-02-01	2.1290	2.1095	2.1800	2.0600	12939
ELA_USD	2019-01-31	2.1099	2.1560	2.1836	2.1018	12275
ELA_USD	2019-01-30	2.1560	2.1366	2.1611	2.1097	26170
ELA_USD	2019-01-29	2.1355	2.1082	2.1550	2.0500	50152
ELA_USD	2019-01-28	2.1112	2.2702	2.2818	2.0523	73425
ELA_USD	2019-01-27	2.2679	2.2660	2.2830	2.2308	44674
ELA_USD	2019-01-26	2.2661	2.3022	2.3100	2.2505	32291
ELA_USD	2019-01-25	2.3028	2.2165	2.3079	2.2141	72154
ELA_USD	2019-01-24	2.2165	2.1723	2.2172	2.1605	33834
ELA_USD	2019-01-23	2.1723	2.1985	2.2161	2.1536	27380
ELA_USD	2019-01-22	2.1991	2.1235	2.2245	2.1235	80456
ELA_USD	2019-01-21	2.1235	2.0874	2.1680	2.0800	50321
ELA_USD	2019-01-20	2.0842	2.1281	2.1538	2.0359	69589
ELA_USD	2019-01-19	2.1291	2.1415	2.2010	2.1280	42858
ELA_USD	2019-01-18	2.1426	2.2000	2.2000	2.1272	34927
ELA_USD	2019-01-17	2.1985	2.2517	2.2568	2.1525	29278
ELA_USD	2019-01-16	2.2506	2.1624	2.2580	2.1351	42698
ELA_USD	2019-01-15	2.1624	2.2248	2.2278	2.1228	58635
ELA_USD	2019-01-14	2.2244	2.1726	2.2729	2.1677	70077
ELA_USD	2019-01-13	2.1710	2.2334	2.3800	2.1509	146549
ELA_USD	2019-01-12	2.2335	2.2295	2.2500	2.1880	36359
ELA_USD	2019-01-11	2.2295	2.2360	2.2871	2.1696	39026
ELA_USD	2019-01-10	2.2338	2.4581	2.5989	2.1710	201192
ELA_USD	2019-01-09	2.4606	2.4547	2.5000	2.4048	63802
ELA_USD	2019-01-08	2.4523	2.6664	2.6754	2.2802	423652
ELA_USD	2019-01-07	2.6669	2.6600	2.7354	2.6302	25342
ELA_USD	2019-01-06	2.6607	2.6276	2.6900	2.5600	30866
ELA_USD	2019-01-05	2.6277	2.6573	2.7000	2.5886	27085
ELA_USD	2019-01-04	2.6573	2.5966	2.6757	2.5831	14816
ELA_USD	2019-01-03	2.5961	2.6932	2.6954	2.5725	15742
ELA_USD	2019-01-02	2.6917	2.6479	2.7075	2.6089	29410
ELA_USD	2019-01-01	2.6532	2.5342	2.6627	2.5267	8406
ELA_USD	2018-12-31	2.5297	2.6474	2.6617	2.5200	13379
ELA_USD	2018-12-30	2.6455	2.6291	2.7034	2.5893	32209
ELA_USD	2018-12-29	2.6316	2.7483	2.8059	2.6064	38448
ELA_USD	2018-12-28	2.7399	2.5226	2.7925	2.4885	47270
ELA_USD	2018-12-27	2.5237	2.7099	2.7506	2.5069	31244
ELA_USD	2018-12-26	2.7101	2.6414	2.7728	2.6100	35624
ELA_USD	2018-12-25	2.6405	3.0691	3.0691	2.5716	91669
ELA_USD	2018-12-24	3.0700	2.8323	3.1053	2.8323	164387
ELA_USD	2018-12-23	2.8386	2.8736	2.9650	2.7928	72835
ELA_USD	2018-12-22	2.8745	2.8436	2.8779	2.7444	52487
ELA_USD	2018-12-21	2.8278	2.9537	3.0100	2.7850	87376
ELA_USD	2018-12-20	2.9526	2.8154	2.9814	2.7500	119550
ELA_USD	2018-12-19	2.8153	2.8590	3.0448	2.7703	102997
ELA_USD	2018-12-18	2.8605	2.7049	2.8877	2.5871	44846
ELA_USD	2018-12-17	2.7105	2.4950	2.8332	2.4927	76182
ELA_USD	2018-12-16	2.4958	2.4517	2.5377	2.4423	30017
ELA_USD	2018-12-15	2.4548	2.5254	2.5441	2.3904	39398
ELA_USD	2018-12-14	2.5234	2.4952	2.5750	2.4394	27317
ELA_USD	2018-12-13	2.4897	2.5615	2.5971	2.4567	40159
ELA_USD	2018-12-12	2.5654	2.4748	2.5866	2.4642	28229
ELA_USD	2018-12-11	2.4760	2.4876	2.5300	2.4034	24376
ELA_USD	2018-12-10	2.4876	2.5161	2.5400	2.4465	23056
ELA_USD	2018-12-09	2.5161	2.4592	2.6499	2.4390	42355
ELA_USD	2018-12-08	2.4652	2.5605	2.6293	2.3324	54505
ELA_USD	2018-12-07	2.5343	2.6100	2.6617	2.3650	114806
ELA_USD	2018-12-06	2.6170	2.8120	2.9700	2.6092	84277
ELA_USD	2018-12-05	2.8120	2.9607	3.0112	2.8071	40709
ELA_USD	2018-12-04	2.9653	2.9931	3.0785	2.8060	58475
ELA_USD	2018-12-03	2.9931	3.1147	3.1450	2.8200	82740
ELA_USD	2018-12-02	3.1173	3.2101	3.3000	3.0601	61404
ELA_USD	2018-12-01	3.2123	2.9527	3.3000	2.9200	82391
ELA_USD	2018-11-30	2.9527	3.1367	3.1493	2.8283	81596
ELA_USD	2018-11-29	3.1367	3.1634	3.1957	2.9801	97725
ELA_USD	2018-11-28	3.1638	2.8795	3.2889	2.8004	135521
ELA_USD	2018-11-27	2.8808	2.8054	2.9497	2.6600	64610
ELA_USD	2018-11-26	2.8006	3.0341	3.1199	2.6944	107422
ELA_USD	2018-11-25	3.0341	2.9331	3.1473	2.5700	149793
ELA_USD	2018-11-24	2.9328	3.2911	3.3699	2.8100	114314
ELA_USD	2018-11-23	3.2911	3.3080	3.3305	3.1361	77092
ELA_USD	2018-11-22	3.3000	3.5890	3.7000	3.3000	124449
ELA_USD	2018-11-21	3.5741	3.2852	3.7000	3.1448	234234
ELA_USD	2018-11-20	3.2983	5.1903	5.3735	3.0715	1351952
ELA_USD	2018-11-19	5.1903	5.7586	5.7593	5.0000	83504
ELA_USD	2018-11-18	5.7566	5.9113	5.9398	5.5753	37541
ELA_USD	2018-11-17	5.9040	5.9434	5.9768	5.7594	35964
ELA_USD	2018-11-16	5.9353	5.8321	5.9820	5.5897	29701
ELA_USD	2018-11-15	5.8421	5.7950	5.9094	5.2273	88963
ELA_USD	2018-11-14	5.8065	6.3838	6.3899	5.3633	97419
ELA_USD	2018-11-13	6.3986	6.4238	6.5526	6.3501	18525
ELA_USD	2018-11-12	6.4238	6.4731	6.5200	6.3668	23475
ELA_USD	2018-11-11	6.4633	6.6219	6.6979	6.3400	30017
ELA_USD	2018-11-10	6.6135	6.5110	6.7146	6.4700	34249
ELA_USD	2018-11-09	6.5181	6.4818	6.8199	6.3003	48382
ELA_USD	2018-11-08	6.4741	7.1110	7.1261	6.4574	65443
ELA_USD	2018-11-07	7.1112	6.9106	7.2587	6.6500	110855
ELA_USD	2018-11-06	6.9143	6.2309	7.0777	6.1811	210926
ELA_USD	2018-11-05	6.2309	5.6656	6.3819	5.2000	350643
ELA_USD	2018-11-04	5.6666	5.8346	5.8474	5.6157	64078
ELA_USD	2018-11-03	5.8355	5.9639	5.9776	5.7652	49475
ELA_USD	2018-11-02	5.9639	5.7950	6.1334	5.7500	174564
ELA_USD	2018-11-01	5.7950	5.9059	5.9124	5.7302	32976
ELA_USD	2018-10-31	5.9090	5.9752	5.9900	5.7590	25651
ELA_USD	2018-10-30	5.9758	5.9056	6.0154	5.8109	33121
ELA_USD	2018-10-29	5.9100	6.1795	6.2298	5.7261	95949
ELA_USD	2018-10-28	6.1764	6.3147	6.3336	6.1360	52166
ELA_USD	2018-10-27	6.3147	6.2546	6.4820	6.1238	105245
ELA_USD	2018-10-26	6.2586	6.5472	6.5472	6.0635	197514
ELA_USD	2018-10-25	6.5137	7.1782	7.2869	6.2629	286987
ELA_USD	2018-10-24	7.1785	8.7728	8.8255	6.8617	315093
ELA_USD	2018-10-23	8.7607	8.9264	9.0292	8.4565	20050
ELA_USD	2018-10-22	8.9161	9.0834	9.1539	8.7000	24084
ELA_USD	2018-10-21	9.0845	9.2783	9.4800	9.0329	20672
ELA_USD	2018-10-20	9.2783	9.3639	9.4908	9.1851	14053
ELA_USD	2018-10-19	9.3596	9.7146	9.7189	9.1255	31098
ELA_USD	2018-10-18	9.7146	10.1983	10.2011	9.5000	40376
ELA_USD	2018-10-17	10.1897	9.6600	10.4245	9.4030	75378
ELA_USD	2018-10-16	9.6297	9.0795	9.6297	8.9055	37703
ELA_USD	2018-10-15	9.1197	8.1187	9.2300	8.0160	80320
ELA_USD	2018-10-14	8.1287	8.4600	8.6034	8.1052	21674
ELA_USD	2018-10-13	8.4346	8.0912	8.4465	8.0506	22056
ELA_USD	2018-10-12	8.0912	7.9600	8.7424	7.7105	78610
ELA_USD	2018-10-11	7.9950	9.0016	9.0267	7.6800	100078
ELA_USD	2018-10-10	9.0210	9.3200	9.3303	8.6107	94289
ELA_USD	2018-10-09	9.3200	7.9799	9.4960	7.8802	100404
ELA_USD	2018-10-08	7.9729	8.0021	8.0500	7.6800	22850
ELA_USD	2018-10-07	8.0020	7.7917	8.0377	7.6400	22357
ELA_USD	2018-10-06	7.8045	7.9567	7.9875	7.6300	30693
ELA_USD	2018-10-05	7.9571	8.0916	8.1940	7.7463	41378
ELA_USD	2018-10-04	8.1026	7.9657	8.1880	7.7000	83535
ELA_USD	2018-10-03	7.9657	7.4604	8.0000	7.1800	98380
ELA_USD	2018-10-02	7.4603	7.1775	7.7717	7.1501	72769
ELA_USD	2018-10-01	7.1794	7.1357	7.2098	7.0100	32188
ELA_USD	2018-09-30	7.1346	7.0535	7.3631	7.0051	51520
ELA_USD	2018-09-29	7.0356	7.0046	7.1194	6.7401	46651
ELA_USD	2018-09-28	7.0046	7.1650	7.2500	6.9466	54425
ELA_USD	2018-09-27	7.1712	6.7212	7.2751	6.6500	25768
ELA_USD	2018-09-26	6.7052	6.7800	6.9871	6.5503	20937
ELA_USD	2018-09-25	6.7899	6.8521	6.8971	6.4337	63241
ELA_USD	2018-09-24	6.8521	7.2642	7.3119	6.6600	42156
ELA_USD	2018-09-23	7.2642	7.0799	7.4000	7.0500	42592
ELA_USD	2018-09-22	7.0799	7.5000	7.5800	6.9300	75290
ELA_USD	2018-09-21	7.5188	6.9600	7.5451	6.7700	173086
ELA_USD	2018-09-20	6.9600	7.1118	7.1400	6.5000	207501
ELA_USD	2018-09-19	7.1118	7.4582	7.4582	6.7275	76372
ELA_USD	2018-09-18	7.4582	7.2012	7.8321	6.8604	79131
ELA_USD	2018-09-17	7.2012	7.9649	8.2000	7.1097	52179
ELA_USD	2018-09-16	7.9902	7.9959	8.0879	7.7332	31980
ELA_USD	2018-09-15	7.9907	8.1220	8.3246	7.9500	46275
ELA_USD	2018-09-14	8.1496	7.9356	8.5066	7.7000	85261
ELA_USD	2018-09-13	7.9355	7.3849	8.0612	7.2781	57754
ELA_USD	2018-09-12	7.3799	7.1991	7.4048	6.7832	46489
ELA_USD	2018-09-11	7.1991	7.4828	7.6922	7.0280	34704
ELA_USD	2018-09-10	7.4828	7.4497	7.7056	7.2117	26585
ELA_USD	2018-09-09	7.4475	7.7031	7.7598	7.2500	43984
ELA_USD	2018-09-08	7.6542	7.8925	8.0000	7.4696	26582
ELA_USD	2018-09-07	7.8735	8.1183	8.2500	7.5851	30387
ELA_USD	2018-09-06	8.1183	7.9255	8.1979	7.3149	72433
ELA_USD	2018-09-05	7.9329	9.7683	9.8398	7.8000	131972
ELA_USD	2018-09-04	9.7573	9.6281	9.9141	9.4057	60070
ELA_USD	2018-09-03	9.6296	9.9173	9.9991	9.4400	54873
ELA_USD	2018-09-02	9.9276	10.2314	10.2441	9.5500	75908
ELA_USD	2018-09-01	10.2246	9.7798	10.5475	9.7605	102372
ELA_USD	2018-08-31	9.7720	9.6215	9.9042	9.4381	61660
ELA_USD	2018-08-30	9.6008	9.7686	9.9585	9.1509	79291
ELA_USD	2018-08-29	9.7997	10.8649	10.9528	9.5001	131480
ELA_USD	2018-08-28	10.8608	10.7119	11.0800	10.3411	132994
ELA_USD	2018-08-27	10.6500	10.5608	10.7500	10.0099	149143
ELA_USD	2018-08-23	8.8126	8.7804	8.8514	8.7794	87429
ELA_USD	2018-08-22	10.9700	10.9700	10.9700	10.9700	0
ELA_USD	2018-08-21	10.9700	10.9700	10.9700	10.9700	0
ELA_USD	2018-08-20	10.9700	10.9700	10.9700	10.9700	0
ELA_USD	2018-08-19	10.9700	10.9700	10.9700	10.9700	0
ELA_USD	2018-08-18	10.9700	10.8800	10.9700	10.8800	11
ELA_USD	2018-08-17	10.8800	7.5400	10.9000	7.5400	1085
ELA_USD	2018-08-16	7.5400	5.3000	7.5400	5.3000	140
ELA_USD	2018-08-15	5.3000	5.3000	5.3000	5.3000	0
ELA_USD	2018-08-14	5.3000	6.4000	6.4000	5.3000	9729
ELA_USD	2018-08-13	6.4000	7.1200	7.3300	6.3800	1136
ELA_USD	2018-08-12	6.5100	6.5100	6.5100	6.5100	0
ELA_USD	2018-08-11	6.5100	8.1400	8.1800	6.4800	113472
ELA_USD	2018-08-10	8.1400	9.1900	9.3000	7.9500	120188
ELA_USD	2018-08-09	9.1900	8.8400	9.5800	8.3000	138881
ELA_USD	2018-08-08	8.8400	10.0000	10.5400	8.4000	128296
ELA_USD	2018-08-07	10.0000	10.0000	11.7000	9.8100	101971
ELA_USD	2018-08-06	10.0000	10.9100	11.1500	9.8000	106685
ELA_USD	2018-08-05	10.9100	10.8700	11.2000	10.4200	105417
ELA_USD	2018-08-04	10.8700	12.0700	12.2300	10.3300	102111
ELA_USD	2018-08-03	12.0700	12.3600	12.3800	11.6600	82167
ELA_USD	2018-08-02	12.3600	12.8200	13.8800	12.0500	102765
ELA_USD	2018-08-01	12.8200	14.8800	15.1200	11.2800	219833
ELA_USD	2018-07-31	14.8800	16.1300	16.1700	13.3700	103116
ELA_USD	2018-07-30	16.1300	16.2100	16.6600	15.5500	59604
ELA_USD	2018-07-29	16.2100	16.3700	16.4800	15.7000	169818
ELA_USD	2018-07-28	16.3700	16.8500	16.8900	15.7700	162248
ELA_USD	2018-07-27	16.8500	16.3000	17.0400	16.0300	160473
ELA_USD	2018-07-26	16.3000	18.0900	18.6400	16.0000	181495
ELA_USD	2018-07-25	18.0900	17.1900	18.5000	17.0600	194163
ELA_USD	2018-07-24	17.1900	16.6300	17.6700	16.2500	202693
ELA_USD	2018-07-23	16.6300	16.6600	18.3700	16.5700	183630
ELA_USD	2018-07-22	16.6600	16.9100	17.2000	16.6000	102494
ELA_USD	2018-07-21	16.9100	16.4500	17.6000	16.0200	29234
ELA_USD	2018-07-20	16.4500	18.7700	18.9100	16.1200	58416
ELA_USD	2018-07-19	18.7700	20.0900	20.0900	18.3700	42728
ELA_USD	2018-07-18	20.0900	21.1900	22.2900	19.8300	63870
ELA_USD	2018-07-17	21.1900	19.8500	21.8500	18.8000	106364
ELA_USD	2018-07-16	19.8500	17.2200	20.2800	17.1400	89778
ELA_USD	2018-07-15	17.2200	16.5800	17.3300	16.4700	92314
ELA_USD	2018-07-14	16.5800	16.3100	16.8600	15.7600	51634
ELA_USD	2018-07-13	16.3100	16.1100	17.1200	15.9300	64601
ELA_USD	2018-07-12	16.1100	17.2300	17.2300	14.9000	163814
ELA_USD	2018-07-11	17.2300	17.7500	18.8800	16.8800	92205
ELA_USD	2018-07-10	17.7500	20.9500	21.3500	17.5700	54945
ELA_USD	2018-07-09	20.9500	21.3100	22.1200	20.5200	77304
ELA_USD	2018-07-08	21.3100	23.2000	23.4000	20.6100	98130
ELA_USD	2018-07-07	23.2000	23.2000	23.4100	22.2800	90979
ELA_USD	2018-07-06	23.2000	23.3900	23.7200	22.0300	95377
ELA_USD	2018-07-05	23.3900	23.7500	24.5000	22.2600	106677
ELA_USD	2018-07-04	23.7500	23.1100	25.3800	22.1000	135163
ELA_USD	2018-07-03	23.1100	23.3400	25.7500	22.9600	156464
ELA_USD	2018-07-02	23.3400	21.1600	23.8000	20.1700	122402
ELA_USD	2018-07-01	21.1600	20.1000	21.3300	19.9000	98222
ELA_USD	2018-06-30	20.1000	19.6200	20.7400	19.4100	68240
ELA_USD	2018-06-29	19.6200	18.5900	19.9800	17.8000	42923
ELA_USD	2018-06-28	18.5900	20.0100	20.1200	18.2000	61107
ELA_USD	2018-06-27	20.0100	19.1700	20.2200	18.7000	65262
ELA_USD	2018-06-26	19.1700	20.2900	21.1300	19.0800	108811
ELA_USD	2018-06-25	20.2900	19.4700	21.6800	18.2200	123599
ELA_USD	2018-06-24	19.4700	20.3700	20.9900	16.9000	162931
ELA_USD	2018-06-23	20.3700	22.1400	22.8500	20.0000	128021
ELA_USD	2018-06-22	22.1400	27.5000	27.7300	19.9400	189534
ELA_USD	2018-06-21	27.5000	28.2100	28.4000	26.0300	98752
ELA_USD	2018-06-20	28.2100	28.9000	29.0700	27.2500	119404
ELA_USD	2018-06-19	28.9000	28.8300	29.7400	28.3900	91159
ELA_USD	2018-06-18	28.8300	28.6600	29.6000	27.1500	92709
ELA_USD	2018-06-17	28.6600	30.2700	30.2700	28.0100	75418
ELA_USD	2018-06-16	30.2700	28.1900	30.5600	27.8000	83630
ELA_USD	2018-06-15	28.1900	30.1600	30.6200	28.0100	88801
ELA_USD	2018-06-14	30.1600	29.9400	31.1000	28.0800	109261
ELA_USD	2018-06-13	29.9400	31.1300	31.9100	26.4000	133944
ELA_USD	2018-06-12	31.1300	35.4200	35.6500	30.2000	91630
