ELF_USD	2019-04-09	0.19913	0.21137	0.21263	0.19565	6002121
ELF_USD	2019-04-08	0.21137	0.22236	0.22670	0.20274	7186389
ELF_USD	2019-04-07	0.22236	0.22214	0.23355	0.22003	8332064
ELF_USD	2019-04-06	0.22214	0.22471	0.23077	0.21970	5751089
ELF_USD	2019-04-05	0.22471	0.22352	0.23452	0.21986	9380881
ELF_USD	2019-04-04	0.22352	0.19651	0.23679	0.19225	18858778
ELF_USD	2019-04-03	0.19651	0.19702	0.21576	0.19110	11137619
ELF_USD	2019-04-02	0.19702	0.18551	0.19948	0.18099	9133949
ELF_USD	2019-04-01	0.18551	0.18264	0.18990	0.18053	6437950
ELF_USD	2019-03-31	0.18264	0.18441	0.18481	0.17900	3906366
ELF_USD	2019-03-30	0.18441	0.18440	0.18888	0.17890	3980730
ELF_USD	2019-03-29	0.18440	0.18951	0.19520	0.18239	4804660
ELF_USD	2019-03-28	0.18951	0.18293	0.19173	0.17741	4570222
ELF_USD	2019-03-27	0.18293	0.17438	0.18342	0.17310	3629643
ELF_USD	2019-03-26	0.17438	0.17367	0.17768	0.16641	3451107
ELF_USD	2019-03-25	0.17367	0.17990	0.18050	0.17020	4407045
ELF_USD	2019-03-24	0.18000	0.17139	0.18000	0.16911	4982075
ELF_USD	2019-03-23	0.17139	0.17270	0.17549	0.16940	2855385
ELF_USD	2019-03-22	0.17280	0.16851	0.17378	0.16782	2783873
ELF_USD	2019-03-21	0.16851	0.17269	0.18090	0.16239	5246928
ELF_USD	2019-03-20	0.17288	0.16900	0.17288	0.16548	5276768
ELF_USD	2019-03-19	0.16900	0.16868	0.17069	0.16711	2564856
ELF_USD	2019-03-18	0.16868	0.17149	0.17630	0.16660	2829308
ELF_USD	2019-03-17	0.17119	0.16871	0.17259	0.16471	2766529
ELF_USD	2019-03-16	0.16871	0.16932	0.17070	0.16691	2720486
ELF_USD	2019-03-15	0.16932	0.16860	0.17140	0.16680	2357754
ELF_USD	2019-03-14	0.16861	0.17442	0.17442	0.16229	2623925
ELF_USD	2019-03-13	0.17442	0.17234	0.17971	0.16672	2750484
ELF_USD	2019-03-12	0.17234	0.17188	0.17310	0.15984	3912706
ELF_USD	2019-03-11	0.17120	0.16838	0.17647	0.16447	5400849
ELF_USD	2019-03-10	0.16838	0.17035	0.17479	0.16242	3933050
ELF_USD	2019-03-09	0.17035	0.16091	0.17718	0.15882	5670105
ELF_USD	2019-03-08	0.16091	0.15680	0.16499	0.15302	4127988
ELF_USD	2019-03-07	0.15680	0.15048	0.15950	0.14656	3609971
ELF_USD	2019-03-06	0.15048	0.14630	0.15179	0.14421	2485974
ELF_USD	2019-03-05	0.14630	0.13680	0.14742	0.13390	2245385
ELF_USD	2019-03-04	0.13680	0.14690	0.14719	0.13109	3630949
ELF_USD	2019-03-03	0.14690	0.15279	0.15576	0.14631	2132769
ELF_USD	2019-03-02	0.15279	0.16069	0.16088	0.15084	2927326
ELF_USD	2019-03-01	0.16069	0.15189	0.16428	0.15145	2650361
ELF_USD	2019-02-28	0.15189	0.15820	0.16336	0.14951	3010531
ELF_USD	2019-02-27	0.15820	0.16760	0.17050	0.15040	5521193
ELF_USD	2019-02-26	0.16799	0.14247	0.17259	0.14064	7482016
ELF_USD	2019-02-25	0.14247	0.13022	0.14446	0.13022	3258068
ELF_USD	2019-02-24	0.13022	0.14517	0.16460	0.12540	7538562
ELF_USD	2019-02-23	0.14525	0.13694	0.15195	0.13559	7688165
ELF_USD	2019-02-22	0.13694	0.13610	0.13757	0.13278	2972269
ELF_USD	2019-02-21	0.13610	0.14288	0.14665	0.13311	4159144
ELF_USD	2019-02-20	0.14288	0.12801	0.14402	0.12443	6798094
ELF_USD	2019-02-19	0.12801	0.12875	0.13216	0.12407	3803038
ELF_USD	2019-02-18	0.12875	0.12356	0.12875	0.12032	2842435
ELF_USD	2019-02-17	0.12356	0.13802	0.14403	0.11980	5775251
ELF_USD	2019-02-16	0.13802	0.11169	0.14170	0.11169	10948610
ELF_USD	2019-02-15	0.11169	0.10851	0.11537	0.10838	4125833
ELF_USD	2019-02-14	0.10851	0.10877	0.10978	0.10604	1867427
ELF_USD	2019-02-13	0.10877	0.10900	0.11106	0.10732	2100858
ELF_USD	2019-02-12	0.10900	0.10890	0.10958	0.10621	2117051
ELF_USD	2019-02-11	0.10890	0.11218	0.11228	0.10860	1694284
ELF_USD	2019-02-10	0.11218	0.11033	0.11270	0.10404	2705439
ELF_USD	2019-02-09	0.11033	0.11244	0.11263	0.10912	1938979
ELF_USD	2019-02-08	0.11244	0.10373	0.11433	0.10373	3506636
ELF_USD	2019-02-07	0.10373	0.10033	0.11009	0.10028	3042464
ELF_USD	2019-02-06	0.10053	0.09935	0.10430	0.09615	2274848
ELF_USD	2019-02-05	0.09935	0.10050	0.10080	0.09897	1813796
ELF_USD	2019-02-04	0.10050	0.10032	0.10202	0.09964	1769835
ELF_USD	2019-02-03	0.10032	0.10252	0.10271	0.09885	1911441
ELF_USD	2019-02-02	0.10252	0.10093	0.10298	0.09971	1497966
ELF_USD	2019-02-01	0.10093	0.09922	0.10232	0.09752	1767709
ELF_USD	2019-01-31	0.09922	0.10470	0.11078	0.09821	3018671
ELF_USD	2019-01-30	0.10470	0.10311	0.10490	0.10110	1709561
ELF_USD	2019-01-29	0.10311	0.10446	0.10480	0.09824	2112534
ELF_USD	2019-01-28	0.10446	0.10453	0.10727	0.09739	2807563
ELF_USD	2019-01-27	0.10453	0.10869	0.10869	0.10301	2930097
ELF_USD	2019-01-26	0.10869	0.11128	0.11230	0.10749	2361788
ELF_USD	2019-01-25	0.11128	0.11838	0.11864	0.10854	3464806
ELF_USD	2019-01-24	0.11838	0.10820	0.12845	0.10812	7475689
ELF_USD	2019-01-23	0.10820	0.11014	0.11360	0.10668	3589979
ELF_USD	2019-01-22	0.11014	0.10793	0.11149	0.10336	2645398
ELF_USD	2019-01-21	0.10784	0.10705	0.10923	0.10685	2744731
ELF_USD	2019-01-20	0.10705	0.11285	0.11726	0.10436	3801177
ELF_USD	2019-01-19	0.11304	0.10759	0.11669	0.10731	3978891
ELF_USD	2019-01-18	0.10759	0.11147	0.11177	0.10542	2105559
ELF_USD	2019-01-17	0.11147	0.10800	0.11603	0.10785	4524415
ELF_USD	2019-01-16	0.10800	0.10118	0.10888	0.10080	2614095
ELF_USD	2019-01-15	0.10118	0.10435	0.10616	0.09931	1944705
ELF_USD	2019-01-14	0.10435	0.09751	0.10615	0.09751	2485904
ELF_USD	2019-01-13	0.09751	0.10390	0.10839	0.09722	3748480
ELF_USD	2019-01-12	0.10390	0.10278	0.10468	0.10124	2307603
ELF_USD	2019-01-11	0.10278	0.10212	0.10539	0.10061	2144034
ELF_USD	2019-01-10	0.10212	0.11891	0.12169	0.09790	4482579
ELF_USD	2019-01-09	0.11891	0.11778	0.12068	0.11739	2339875
ELF_USD	2019-01-08	0.11788	0.11851	0.12020	0.11672	2297928
ELF_USD	2019-01-07	0.11851	0.12236	0.12409	0.11742	2540521
ELF_USD	2019-01-06	0.12236	0.11614	0.12578	0.11490	3300252
ELF_USD	2019-01-05	0.11614	0.11827	0.12024	0.11547	1935309
ELF_USD	2019-01-04	0.11827	0.11507	0.12130	0.11463	3207735
ELF_USD	2019-01-03	0.11507	0.11556	0.11792	0.11122	3916506
ELF_USD	2019-01-02	0.11556	0.11143	0.11753	0.11049	2673837
ELF_USD	2019-01-01	0.11143	0.10641	0.12044	0.10631	3453957
ELF_USD	2018-12-31	0.10641	0.11061	0.11370	0.10532	1940145
ELF_USD	2018-12-30	0.11061	0.10940	0.11287	0.10842	1614384
ELF_USD	2018-12-29	0.10969	0.11489	0.11577	0.10944	2335426
ELF_USD	2018-12-28	0.11489	0.10287	0.11616	0.10258	3021586
ELF_USD	2018-12-27	0.10287	0.11335	0.11539	0.10133	2320116
ELF_USD	2018-12-26	0.11335	0.11304	0.11842	0.10917	3313264
ELF_USD	2018-12-25	0.11304	0.12724	0.12813	0.10821	5588148
ELF_USD	2018-12-24	0.12733	0.13069	0.14389	0.12702	6910254
ELF_USD	2018-12-23	0.13052	0.12949	0.13263	0.12632	5146958
ELF_USD	2018-12-22	0.12949	0.12099	0.13202	0.12099	4184340
ELF_USD	2018-12-21	0.12099	0.12499	0.13370	0.11529	7893090
ELF_USD	2018-12-20	0.12499	0.11140	0.13347	0.10936	5074788
ELF_USD	2018-12-19	0.11140	0.11063	0.11918	0.10877	3910489
ELF_USD	2018-12-18	0.11063	0.10807	0.11157	0.10265	4306183
ELF_USD	2018-12-17	0.10807	0.10067	0.11198	0.10064	2569488
ELF_USD	2018-12-16	0.10067	0.09759	0.10189	0.09759	1598482
ELF_USD	2018-12-15	0.09759	0.09961	0.10079	0.09482	1615428
ELF_USD	2018-12-14	0.09961	0.10319	0.10444	0.09802	2345857
ELF_USD	2018-12-13	0.10319	0.10875	0.11009	0.10300	1810483
ELF_USD	2018-12-12	0.10875	0.10760	0.11247	0.10659	2016799
ELF_USD	2018-12-11	0.10798	0.11747	0.11747	0.10571	2501838
ELF_USD	2018-12-10	0.11747	0.13161	0.13744	0.11462	3517912
ELF_USD	2018-12-09	0.13161	0.10538	0.13218	0.10303	4827177
ELF_USD	2018-12-08	0.10538	0.10758	0.11195	0.09993	1945815
ELF_USD	2018-12-07	0.10758	0.11280	0.11431	0.09733	3440528
ELF_USD	2018-12-06	0.11280	0.11868	0.12290	0.11184	2375861
ELF_USD	2018-12-05	0.11868	0.12562	0.12638	0.11868	2040823
ELF_USD	2018-12-04	0.12562	0.12820	0.13152	0.12086	2335382
ELF_USD	2018-12-03	0.12820	0.14016	0.14299	0.12603	2534846
ELF_USD	2018-12-02	0.13978	0.14082	0.14451	0.13154	2428173
ELF_USD	2018-12-01	0.14082	0.13033	0.15175	0.12762	4513876
ELF_USD	2018-11-30	0.13033	0.14712	0.14989	0.12210	4072734
ELF_USD	2018-11-29	0.14712	0.13364	0.15932	0.12435	5310214
ELF_USD	2018-11-28	0.13364	0.11329	0.13498	0.11329	3886975
ELF_USD	2018-11-27	0.11329	0.11047	0.11491	0.10409	2128310
ELF_USD	2018-11-26	0.11047	0.11562	0.12377	0.10425	2952062
ELF_USD	2018-11-25	0.11562	0.11572	0.11894	0.10266	3306538
ELF_USD	2018-11-24	0.11563	0.13238	0.13800	0.11039	2772536
ELF_USD	2018-11-23	0.13238	0.13550	0.13737	0.12697	2265699
ELF_USD	2018-11-22	0.13550	0.15113	0.15151	0.13550	3032033
ELF_USD	2018-11-21	0.15113	0.13564	0.15201	0.12827	3975675
ELF_USD	2018-11-20	0.13564	0.16576	0.17142	0.12403	5190280
ELF_USD	2018-11-19	0.16576	0.21925	0.21945	0.16379	4038935
ELF_USD	2018-11-18	0.21925	0.21894	0.22609	0.21839	1577141
ELF_USD	2018-11-17	0.21894	0.22596	0.22717	0.21524	1705460
ELF_USD	2018-11-16	0.22596	0.23820	0.24110	0.22209	1977266
ELF_USD	2018-11-15	0.23820	0.25135	0.25314	0.21668	2910749
ELF_USD	2018-11-14	0.25135	0.30430	0.30430	0.21943	4559587
ELF_USD	2018-11-13	0.30430	0.31311	0.31331	0.30364	1890140
ELF_USD	2018-11-12	0.31311	0.31636	0.31688	0.31067	2227012
ELF_USD	2018-11-11	0.31636	0.31591	0.31700	0.31224	1624163
ELF_USD	2018-11-10	0.31591	0.31643	0.31854	0.31320	1648343
ELF_USD	2018-11-09	0.31643	0.31722	0.32551	0.31538	1751832
ELF_USD	2018-11-08	0.31713	0.32627	0.32971	0.31713	1953292
ELF_USD	2018-11-07	0.32617	0.31857	0.33268	0.31718	3038227
ELF_USD	2018-11-06	0.31829	0.31565	0.31966	0.31344	1974419
ELF_USD	2018-11-05	0.31565	0.32324	0.32352	0.31154	2198536
ELF_USD	2018-11-04	0.32324	0.31782	0.32539	0.31457	1969857
ELF_USD	2018-11-03	0.31763	0.32233	0.32298	0.31684	1550157
ELF_USD	2018-11-02	0.32233	0.31912	0.32459	0.31912	1675362
ELF_USD	2018-11-01	0.31912	0.31912	0.32406	0.31350	1597133
ELF_USD	2018-10-31	0.31912	0.31161	0.31963	0.30616	1882373
ELF_USD	2018-10-30	0.31161	0.31196	0.31585	0.31069	1819302
ELF_USD	2018-10-29	0.31196	0.33690	0.33934	0.30773	2302119
ELF_USD	2018-10-28	0.33690	0.33591	0.34019	0.33393	1598159
ELF_USD	2018-10-27	0.33600	0.33525	0.34256	0.33438	1639516
ELF_USD	2018-10-26	0.33525	0.34241	0.34459	0.33425	1734694
ELF_USD	2018-10-25	0.34241	0.33559	0.35353	0.33187	1957033
ELF_USD	2018-10-24	0.33559	0.33750	0.34492	0.33536	496038
ELF_USD	2018-10-23	0.33750	0.33848	0.34225	0.33125	596969
ELF_USD	2018-10-22	0.33848	0.33675	0.34458	0.33007	903291
ELF_USD	2018-10-21	0.33675	0.34515	0.35330	0.33665	1064160
ELF_USD	2018-10-20	0.34515	0.34681	0.35218	0.33540	1864947
ELF_USD	2018-10-19	0.34681	0.32312	0.41634	0.32147	9409400
ELF_USD	2018-10-18	0.32312	0.33583	0.33712	0.32062	336664
ELF_USD	2018-10-17	0.33583	0.33937	0.34220	0.33305	346602
ELF_USD	2018-10-16	0.33937	0.33702	0.34041	0.32547	609350
ELF_USD	2018-10-15	0.33702	0.32324	0.36453	0.32078	2115648
ELF_USD	2018-10-14	0.32324	0.32395	0.33787	0.32138	858991
ELF_USD	2018-10-13	0.32395	0.31278	0.32817	0.31230	625881
ELF_USD	2018-10-12	0.31278	0.30898	0.32398	0.30200	1642310
ELF_USD	2018-10-11	0.30898	0.36241	0.36272	0.30888	2744151
ELF_USD	2018-10-10	0.36241	0.35620	0.36395	0.33985	1492725
ELF_USD	2018-10-09	0.35620	0.36242	0.36284	0.34773	993063
ELF_USD	2018-10-08	0.36155	0.35105	0.36499	0.34873	691891
ELF_USD	2018-10-07	0.35105	0.34670	0.35532	0.34668	537231
ELF_USD	2018-10-06	0.34670	0.34926	0.35251	0.34499	287063
ELF_USD	2018-10-05	0.34926	0.35162	0.35328	0.34435	460161
ELF_USD	2018-10-04	0.35162	0.34652	0.35667	0.34517	562688
ELF_USD	2018-10-03	0.34652	0.35502	0.35510	0.33983	883387
ELF_USD	2018-10-02	0.35502	0.35768	0.37340	0.35331	2088460
ELF_USD	2018-10-01	0.35768	0.34084	0.36055	0.33930	944945
ELF_USD	2018-09-30	0.34084	0.33838	0.35082	0.33576	1154435
ELF_USD	2018-09-29	0.33851	0.34155	0.34661	0.33095	1206541
ELF_USD	2018-09-28	0.34155	0.34149	0.34678	0.33392	840853
ELF_USD	2018-09-27	0.34149	0.33016	0.34505	0.32693	876007
ELF_USD	2018-09-26	0.33016	0.33254	0.33706	0.32275	778563
ELF_USD	2018-09-25	0.33145	0.33244	0.33244	0.31628	922905
ELF_USD	2018-09-24	0.33244	0.35095	0.35288	0.32795	1141660
ELF_USD	2018-09-23	0.35095	0.35186	0.36208	0.34360	578216
ELF_USD	2018-09-22	0.35186	0.36044	0.37328	0.33660	1161651
ELF_USD	2018-09-21	0.36044	0.33450	0.36246	0.33044	1995726
ELF_USD	2018-09-20	0.33450	0.32498	0.33822	0.31382	824845
ELF_USD	2018-09-19	0.32498	0.32310	0.32846	0.30683	1394833
ELF_USD	2018-09-18	0.32310	0.31213	0.34058	0.30519	2021453
ELF_USD	2018-09-17	0.31213	0.34324	0.35339	0.30493	2232210
ELF_USD	2018-09-16	0.34324	0.32554	0.34844	0.31339	1777868
ELF_USD	2018-09-15	0.32554	0.32329	0.33731	0.32147	1661559
ELF_USD	2018-09-14	0.32329	0.32649	0.33804	0.31093	2151050
ELF_USD	2018-09-13	0.32649	0.31293	0.33698	0.31276	2471737
ELF_USD	2018-09-12	0.31293	0.32069	0.32069	0.28737	2109617
ELF_USD	2018-09-11	0.32069	0.33358	0.34104	0.31417	1627767
ELF_USD	2018-09-10	0.33358	0.33539	0.34569	0.32481	1647620
ELF_USD	2018-09-09	0.33539	0.33458	0.35289	0.32633	1872144
ELF_USD	2018-09-08	0.33458	0.35848	0.37111	0.32619	1897812
ELF_USD	2018-09-07	0.35848	0.39302	0.39985	0.35719	2285117
ELF_USD	2018-09-06	0.39302	0.36388	0.39324	0.33885	3707208
ELF_USD	2018-09-05	0.36388	0.48016	0.49546	0.36236	4275130
ELF_USD	2018-09-04	0.48016	0.43354	0.48678	0.43100	3437366
ELF_USD	2018-09-03	0.43354	0.43535	0.44623	0.41093	2522757
ELF_USD	2018-09-02	0.43535	0.42793	0.44846	0.40911	2378218
ELF_USD	2018-09-01	0.42793	0.40381	0.45062	0.40381	2968149
ELF_USD	2018-08-31	0.40381	0.39983	0.41097	0.38814	2015628
ELF_USD	2018-08-30	0.39983	0.41332	0.41898	0.38087	2086499
ELF_USD	2018-08-29	0.41332	0.44628	0.44941	0.39323	3034674
ELF_USD	2018-08-28	0.44568	0.43245	0.45027	0.42177	2565297
ELF_USD	2018-08-27	0.43245	0.39267	0.43580	0.38164	2531063
ELF_USD	2018-08-26	0.39267	0.38660	0.39870	0.36631	2149195
ELF_USD	2018-08-25	0.38678	0.37504	0.38851	0.36158	1968219
ELF_USD	2018-08-24	0.37504	0.35614	0.38084	0.34985	2343648
ELF_USD	2018-08-23	0.35614	0.34339	0.36402	0.33297	1844962
ELF_USD	2018-08-22	0.34339	0.36027	0.39873	0.33231	2949160
ELF_USD	2018-08-21	0.36027	0.35382	0.37753	0.34222	2164376
ELF_USD	2018-08-20	0.35409	0.41196	0.42951	0.35355	2558298
ELF_USD	2018-08-19	0.41196	0.37762	0.43338	0.36924	2355123
ELF_USD	2018-08-18	0.37762	0.46833	0.47895	0.36138	3593496
ELF_USD	2018-08-17	0.46833	0.34620	0.47413	0.34365	3505728
ELF_USD	2018-08-16	0.34620	0.32125	0.35887	0.31775	1877048
ELF_USD	2018-08-15	0.32143	0.32054	0.35367	0.31787	2919676
ELF_USD	2018-08-14	0.32054	0.35659	0.35703	0.29350	3735697
ELF_USD	2018-08-13	0.35659	0.38074	0.41861	0.35657	2486926
ELF_USD	2018-08-12	0.38074	0.37335	0.39354	0.36309	1678807
ELF_USD	2018-08-11	0.37335	0.45461	0.45558	0.35582	2967240
ELF_USD	2018-08-10	0.45487	0.50265	0.50679	0.44554	2050137
ELF_USD	2018-08-09	0.50265	0.48636	0.52248	0.48476	2294145
ELF_USD	2018-08-08	0.48636	0.50611	0.50979	0.47116	2677635
ELF_USD	2018-08-07	0.50611	0.52556	0.56052	0.50203	2365268
ELF_USD	2018-08-06	0.52556	0.54471	0.57314	0.51263	2103431
ELF_USD	2018-08-05	0.54471	0.51000	0.54501	0.49287	1592474
ELF_USD	2018-08-04	0.51000	0.51359	0.52434	0.48212	2477367
ELF_USD	2018-08-03	0.51359	0.51688	0.52843	0.48032	2643738
ELF_USD	2018-08-02	0.51688	0.54457	0.55857	0.51100	1905537
ELF_USD	2018-08-01	0.54377	0.55909	0.57132	0.52007	2682652
ELF_USD	2018-07-31	0.55909	0.61791	0.61992	0.54003	2951189
ELF_USD	2018-07-30	0.61791	0.65495	0.65539	0.58819	2537614
ELF_USD	2018-07-29	0.65495	0.67744	0.68965	0.64695	1654852
ELF_USD	2018-07-28	0.67744	0.69400	0.69869	0.65567	1866375
ELF_USD	2018-07-27	0.69400	0.67595	0.71614	0.64166	2728262
ELF_USD	2018-07-26	0.67595	0.73435	0.74551	0.65581	2718834
ELF_USD	2018-07-25	0.73435	0.66483	0.75476	0.65875	4742054
ELF_USD	2018-07-24	0.66483	0.60109	0.68228	0.58020	3494677
ELF_USD	2018-07-23	0.60109	0.62746	0.66337	0.59700	2122808
ELF_USD	2018-07-22	0.62746	0.66479	0.67989	0.61231	2440820
ELF_USD	2018-07-21	0.66479	0.64913	0.69569	0.63954	1997464
ELF_USD	2018-07-20	0.64913	0.76322	0.76373	0.64431	3453379
ELF_USD	2018-07-19	0.76322	0.77046	0.80248	0.72558	3861808
ELF_USD	2018-07-18	0.77046	0.73015	0.83159	0.72468	5142319
ELF_USD	2018-07-17	0.73015	0.65635	0.74459	0.61220	2613759
ELF_USD	2018-07-16	0.65690	0.60400	0.65993	0.59548	1811963
ELF_USD	2018-07-15	0.60400	0.58064	0.61670	0.56721	1404163
ELF_USD	2018-07-14	0.58064	0.56688	0.59345	0.56424	1297343
ELF_USD	2018-07-13	0.56688	0.55684	0.58387	0.55209	2044362
ELF_USD	2018-07-12	0.55684	0.58098	0.58232	0.52863	1951630
ELF_USD	2018-07-11	0.58098	0.53854	0.59864	0.51454	2836673
ELF_USD	2018-07-10	0.53972	0.64452	0.64771	0.53705	3055329
ELF_USD	2018-07-09	0.64325	0.67296	0.72636	0.64089	2981681
ELF_USD	2018-07-08	0.67049	0.69817	0.71317	0.66673	2099652
ELF_USD	2018-07-07	0.69782	0.69454	0.69871	0.63291	2329391
ELF_USD	2018-07-06	0.69454	0.73626	0.73878	0.62089	3042530
ELF_USD	2018-07-05	0.73627	0.75200	0.82094	0.69311	3916928
ELF_USD	2018-07-04	0.75200	0.75531	0.82921	0.70098	4389024
ELF_USD	2018-07-03	0.75531	0.75723	0.84800	0.70035	5172975
ELF_USD	2018-07-02	0.75762	0.64498	0.77353	0.60241	3232311
ELF_USD	2018-07-01	0.64498	0.62705	0.65389	0.58688	3538701
ELF_USD	2018-06-30	0.62705	0.54033	0.62812	0.53935	3051185
ELF_USD	2018-06-29	0.54012	0.49144	0.54737	0.47442	2231585
ELF_USD	2018-06-28	0.49135	0.54283	0.55093	0.48487	1901365
ELF_USD	2018-06-27	0.54283	0.50602	0.56432	0.49166	2627768
ELF_USD	2018-06-26	0.50584	0.51900	0.56669	0.50412	2628108
ELF_USD	2018-06-25	0.51828	0.50237	0.56255	0.48439	2721723
ELF_USD	2018-06-24	0.50102	0.53337	0.53741	0.44765	2998374
ELF_USD	2018-06-23	0.53487	0.53225	0.56927	0.50847	2084315
ELF_USD	2018-06-22	0.53225	0.65184	0.65961	0.51257	3314286
ELF_USD	2018-06-21	0.65128	0.68530	0.70518	0.64527	2042823
ELF_USD	2018-06-20	0.68382	0.68381	0.70856	0.64995	1962450
ELF_USD	2018-06-19	0.68381	0.70834	0.71861	0.67087	3274683
ELF_USD	2018-06-18	0.70890	0.67383	0.70936	0.62781	1816308
ELF_USD	2018-06-17	0.67279	0.70466	0.71611	0.67075	1633315
ELF_USD	2018-06-16	0.70410	0.67833	0.72385	0.67516	1934904
ELF_USD	2018-06-15	0.67833	0.68480	0.74576	0.66460	2247823
ELF_USD	2018-06-14	0.68384	0.65611	0.71052	0.64005	2345978
ELF_USD	2018-06-13	0.65647	0.67727	0.69617	0.60957	2407628
ELF_USD	2018-06-12	0.67727	0.78729	0.79112	0.66132	2408763
ELF_USD	2018-06-11	0.78533	0.78753	0.79626	0.72007	2436810
ELF_USD	2018-06-10	0.78770	0.92893	0.92893	0.74292	3042836
ELF_USD	2018-06-09	0.92893	0.99839	1.01459	0.92893	1974205
ELF_USD	2018-06-08	0.99835	1.04465	1.06691	0.98521	2238837
ELF_USD	2018-06-07	1.04465	1.02332	1.08323	1.02114	2037002
ELF_USD	2018-06-06	1.02336	1.05943	1.06360	0.99404	2487476
ELF_USD	2018-06-05	1.05844	1.02505	1.07167	0.98014	2515083
ELF_USD	2018-06-04	1.02583	1.12277	1.14825	1.00181	2639033
ELF_USD	2018-06-03	1.12277	1.11672	1.16605	1.10789	2502607
ELF_USD	2018-06-02	1.11766	1.07123	1.17236	1.05530	3189198
ELF_USD	2018-06-01	1.07123	1.03228	1.07765	1.01079	2305876
ELF_USD	2018-05-31	1.02844	1.00130	1.07308	0.98426	2438117
ELF_USD	2018-05-30	1.00174	0.97699	1.02173	0.93618	2394059
ELF_USD	2018-05-29	0.97699	0.88033	1.01382	0.85519	2893491
ELF_USD	2018-05-28	0.88292	1.00768	1.04475	0.88034	2443459
ELF_USD	2018-05-27	1.00466	1.01298	1.01939	0.98763	1841592
ELF_USD	2018-05-26	1.01298	1.01730	1.05794	1.00202	2127592
ELF_USD	2018-05-25	1.01730	1.06179	1.06179	0.98976	2317175
ELF_USD	2018-05-24	1.06179	0.97580	1.07803	0.95483	3441557
ELF_USD	2018-05-23	0.97580	1.15554	1.17811	0.96433	3337879
ELF_USD	2018-05-22	1.16074	1.28607	1.28607	1.14812	2450924
ELF_USD	2018-05-21	1.28363	1.36322	1.36708	1.24809	3948859
ELF_USD	2018-05-20	1.36322	1.31458	1.42316	1.30208	4199193
ELF_USD	2018-05-19	1.31465	1.17558	1.39032	1.13760	6837298
ELF_USD	2018-05-18	1.17558	1.17107	1.21231	1.11317	2650892
ELF_USD	2018-05-17	1.17216	1.27753	1.35144	1.15912	3289151
ELF_USD	2018-05-16	1.27753	1.36467	1.40546	1.24493	3140181
ELF_USD	2018-05-15	1.36502	1.39917	1.60289	1.33771	4149257
ELF_USD	2018-05-14	1.39813	1.44108	1.44977	1.29360	2863749
ELF_USD	2018-05-13	1.44108	1.30267	1.49155	1.26702	3025122
ELF_USD	2018-05-12	1.29920	1.39203	1.45079	1.18137	5067547
ELF_USD	2018-05-11	1.39203	1.59943	1.75843	1.38524	5676429
ELF_USD	2018-05-10	1.59943	1.58603	1.84746	1.55602	4505141
ELF_USD	2018-05-09	1.58085	1.53219	1.66156	1.40395	3110816
ELF_USD	2018-05-08	1.53523	1.59232	1.60097	1.49308	2526277
ELF_USD	2018-05-07	1.61841	1.72259	1.72265	1.49794	3401646
ELF_USD	2018-05-06	1.71804	1.81298	1.81407	1.53424	3516219
ELF_USD	2018-05-05	1.84388	1.71750	1.86015	1.67155	3657838
ELF_USD	2018-05-04	1.71865	1.85253	1.85253	1.65170	3636930
ELF_USD	2018-05-03	1.84716	1.99507	2.00332	1.78644	3801961
ELF_USD	2018-05-02	1.98741	2.09018	2.12212	1.90269	4848779
ELF_USD	2018-05-01	2.09018	1.88660	2.13503	1.62072	9470147
ELF_USD	2018-04-30	1.88660	1.79583	2.11988	1.79583	10385254
ELF_USD	2018-04-29	1.79583	1.53852	1.79984	1.45204	7959008
ELF_USD	2018-04-28	1.53852	1.16025	1.60168	1.14098	7287079
ELF_USD	2018-04-27	1.16025	1.15506	1.21309	1.12826	3023804
ELF_USD	2018-04-26	1.15506	1.01928	1.16913	0.98657	3122037
ELF_USD	2018-04-25	1.02098	1.20973	1.21601	1.00083	3506106
ELF_USD	2018-04-24	1.20973	1.16092	1.27923	1.15689	4233783
ELF_USD	2018-04-23	1.16092	1.17472	1.21159	1.15345	2421493
ELF_USD	2018-04-22	1.17472	1.08463	1.28628	1.06588	2766224
ELF_USD	2018-04-21	1.08463	1.18764	1.18935	1.00227	2781291
ELF_USD	2018-04-20	1.18764	1.14660	1.19731	1.09509	3128838
ELF_USD	2018-04-19	1.14660	1.06331	1.17136	1.06331	2686639
ELF_USD	2018-04-18	1.06331	0.99231	1.06504	0.98914	1395566
ELF_USD	2018-04-17	0.99231	1.02211	1.05863	0.98285	1518187
ELF_USD	2018-04-16	1.02211	1.00357	1.03656	0.97047	1603007
ELF_USD	2018-04-15	1.00357	0.96037	1.02884	0.96035	1442216
ELF_USD	2018-04-14	0.96474	0.99395	1.03807	0.92653	1896257
ELF_USD	2018-04-13	0.99395	1.05264	1.18130	0.98309	3938613
ELF_USD	2018-04-12	1.04915	0.89183	1.27919	0.88915	4881618
ELF_USD	2018-04-11	0.89183	0.84788	0.92528	0.78233	2327236
ELF_USD	2018-04-10	0.84788	0.58776	0.88458	0.58558	2788802
ELF_USD	2018-04-09	0.58776	0.61428	0.65648	0.58011	1669481
ELF_USD	2018-04-08	0.61428	0.61301	0.66067	0.61284	1492243
ELF_USD	2018-04-07	0.61301	0.52685	0.63987	0.52685	1773485
ELF_USD	2018-04-06	0.52685	0.53243	0.56183	0.51181	1277752
ELF_USD	2018-04-05	0.53243	0.51959	0.55617	0.49895	1520991
ELF_USD	2018-04-04	0.51959	0.57013	0.57497	0.51530	1470984
ELF_USD	2018-04-03	0.57013	0.52088	0.58103	0.52000	1484488
ELF_USD	2018-04-02	0.52088	0.51998	0.54153	0.50669	1236273
ELF_USD	2018-04-01	0.51998	0.52681	0.55693	0.49207	1659986
ELF_USD	2018-03-31	0.52681	0.52821	0.55753	0.51617	1252185
ELF_USD	2018-03-30	0.52821	0.52788	0.55896	0.49304	1535864
ELF_USD	2018-03-29	0.52788	0.62986	0.63790	0.52125	1668406
ELF_USD	2018-03-28	0.62986	0.58253	0.68348	0.57342	1535768
ELF_USD	2018-03-27	0.58253	0.62436	0.67321	0.56357	1672894
ELF_USD	2018-03-26	0.62436	0.70906	0.71781	0.58070	1329116
ELF_USD	2018-03-25	0.70906	0.71992	0.74206	0.67659	1189163
ELF_USD	2018-03-24	0.71992	0.68174	0.78590	0.64711	1342784
ELF_USD	2018-03-23	0.68174	0.65887	0.72144	0.58328	1504152
ELF_USD	2018-03-22	0.65887	0.63335	0.71143	0.61777	1228137
ELF_USD	2018-03-21	0.63335	0.63557	0.69055	0.62213	1653483
ELF_USD	2018-03-20	0.63557	0.60774	0.64029	0.54659	1477083
ELF_USD	2018-03-19	0.60774	0.53515	0.61316	0.51898	1910822
ELF_USD	2018-03-18	0.53498	0.56639	0.56639	0.44991	1495035
ELF_USD	2018-03-17	0.56639	0.64581	0.65919	0.56629	1310460
ELF_USD	2018-03-16	0.64581	0.60489	0.71561	0.59442	1297605
ELF_USD	2018-03-15	0.60508	0.61596	0.77790	0.56085	1431502
ELF_USD	2018-03-14	0.61596	0.71719	0.72975	0.61073	1332628
ELF_USD	2018-03-13	0.71719	0.73599	0.76788	0.69675	1185917
ELF_USD	2018-03-12	0.73599	0.82092	0.83563	0.71235	1349040
ELF_USD	2018-03-11	0.82092	0.72758	0.82694	0.68897	1289992
ELF_USD	2018-03-10	0.72687	0.77769	0.83786	0.72224	1379636
ELF_USD	2018-03-09	0.77769	0.76060	0.84399	0.67619	1467926
ELF_USD	2018-03-08	0.76060	0.90041	0.94245	0.75075	2487984
ELF_USD	2018-03-07	0.90468	1.09667	1.10944	0.85779	1374082
ELF_USD	2018-03-06	1.09667	1.19182	1.19182	1.09077	1214281
ELF_USD	2018-03-05	1.19182	1.19940	1.25048	1.17980	1130601
ELF_USD	2018-03-04	1.19940	1.25116	1.31656	1.19491	1386351
ELF_USD	2018-03-03	1.25853	1.15907	1.28574	1.15090	1362572
ELF_USD	2018-03-02	1.15907	1.15784	1.19965	1.12903	1290372
ELF_USD	2018-03-01	1.15784	1.11003	1.17739	1.07000	1385895
ELF_USD	2018-02-28	1.11003	1.17203	1.20691	1.10673	1432168
ELF_USD	2018-02-27	1.17203	1.19345	1.28018	1.15643	1523750
ELF_USD	2018-02-26	1.19345	1.18690	1.24555	1.12007	1228470
ELF_USD	2018-02-25	1.18690	1.22847	1.25135	1.14788	1289336
ELF_USD	2018-02-24	1.22847	1.31245	1.35612	1.20084	1240441
ELF_USD	2018-02-23	1.31245	1.25201	1.32340	1.21694	1192014
ELF_USD	2018-02-22	1.25201	1.29594	1.43009	1.23273	1468126
ELF_USD	2018-02-21	1.29594	1.45670	1.51218	1.28459	1433876
ELF_USD	2018-02-20	1.45671	1.56509	1.60023	1.45296	2027580
ELF_USD	2018-02-19	1.56509	1.47926	1.59927	1.43148	1374754
ELF_USD	2018-02-18	1.47926	1.48423	1.62066	1.33870	1756950
ELF_USD	2018-02-17	1.48423	1.40304	1.53864	1.38418	1330279
ELF_USD	2018-02-16	1.40304	1.42581	1.46688	1.34787	1428512
ELF_USD	2018-02-15	1.41653	1.31676	1.45972	1.24091	1614121
ELF_USD	2018-02-14	1.31676	1.14654	1.33456	1.13918	1510011
ELF_USD	2018-02-13	1.14654	1.19859	1.19859	1.12132	1187004
ELF_USD	2018-02-12	1.19859	1.13176	1.24111	1.13174	1028044
ELF_USD	2018-02-11	1.13176	1.22408	1.22412	1.11317	383267
ELF_USD	2018-02-10	1.22408	1.35285	1.39061	1.18188	633056
ELF_USD	2018-02-09	1.35285	1.28188	1.39943	1.15140	1515194
ELF_USD	2018-02-08	1.28188	1.16823	1.34497	1.16723	220973
ELF_USD	2018-02-07	1.16823	1.29306	1.38083	1.10932	695889
ELF_USD	2018-02-06	1.29306	1.07131	1.29306	0.88517	1294033
ELF_USD	2018-02-05	1.07131	1.38367	1.43291	0.97492	1110576
ELF_USD	2018-02-04	1.38367	1.61644	1.67919	1.29461	501292
ELF_USD	2018-02-03	1.61644	1.58442	1.69384	1.45176	449686
ELF_USD	2018-02-02	1.58442	1.73867	1.73867	1.29314	1175208
ELF_USD	2018-02-01	1.73867	1.94248	2.18214	1.63874	912115
ELF_USD	2018-01-31	1.94248	1.75119	2.03595	1.66539	518547
ELF_USD	2018-01-30	1.75119	2.11314	2.22574	1.70662	517730
ELF_USD	2018-01-29	2.11630	2.02000	2.17000	2.00000	174765
ELF_USD	2018-01-28	2.02000	1.95400	2.21000	1.95010	305418
ELF_USD	2018-01-27	1.95400	2.09690	2.09890	1.88260	299811
ELF_USD	2018-01-26	2.12540	2.30140	2.36950	1.82660	726409
ELF_USD	2018-01-25	2.30140	1.80580	2.54990	1.71690	1987013
ELF_USD	2018-01-24	1.80580	1.42780	2.05000	1.37210	1134918
ELF_USD	2018-01-23	1.42780	1.42500	1.54230	1.25010	363822
ELF_USD	2018-01-22	1.42500	1.57840	1.80000	1.30000	534010
ELF_USD	2018-01-21	1.57840	1.96570	2.10000	1.42220	629179
ELF_USD	2018-01-20	1.96570	1.56090	2.08000	1.56090	2159038
ELF_USD	2018-01-19	1.56090	1.32590	1.64800	1.23900	516439
ELF_USD	2018-01-18	1.32590	1.29720	1.48700	1.19000	614921
ELF_USD	2018-01-17	1.29720	1.06100	1.35000	0.91620	1350065
ELF_USD	2018-01-16	1.06100	1.38480	1.44230	0.90100	1408580
ELF_USD	2018-01-15	1.38480	1.62200	1.64050	1.30000	734606
ELF_USD	2018-01-14	1.62200	1.81000	1.92230	1.38000	1358723
ELF_USD	2018-01-13	1.81000	1.85550	1.98000	1.72000	750226
ELF_USD	2018-01-12	1.85550	2.01970	2.19990	1.80000	922195
ELF_USD	2018-01-11	2.01970	2.09990	2.17100	1.40000	770552
