EMB_USD	2019-04-09	0.00000008	0.00000008	0.00000008	0.00000007	0
EMB_USD	2019-04-08	0.00000008	0.00000009	0.00000009	0.00000008	0
EMB_USD	2019-04-07	0.00000009	0.00000009	0.00000009	0.00000009	0
EMB_USD	2019-04-06	0.00000009	0.00000010	0.00000010	0.00000009	0
EMB_USD	2019-04-05	0.00000010	0.00000010	0.00000010	0.00000009	0
EMB_USD	2019-04-04	0.00000010	0.00000008	0.00000011	0.00000008	0
EMB_USD	2019-04-03	0.00000008	0.00000007	0.00000010	0.00000007	0
EMB_USD	2019-04-02	0.00000007	0.00000007	0.00000008	0.00000006	0
EMB_USD	2019-04-01	0.00000007	0.00000007	0.00000007	0.00000006	0
EMB_USD	2019-03-31	0.00000006	0.00000006	0.00000006	0.00000005	0
EMB_USD	2019-03-30	0.00000006	0.00000006	0.00000006	0.00000005	0
EMB_USD	2019-03-29	0.00000006	0.00000005	0.00000006	0.00000005	0
EMB_USD	2019-03-28	0.00000005	0.00000006	0.00000006	0.00000005	0
EMB_USD	2019-03-27	0.00000006	0.00000005	0.00000006	0.00000005	0
EMB_USD	2019-03-26	0.00000005	0.00000005	0.00000005	0.00000005	0
EMB_USD	2019-03-25	0.00000005	0.00000005	0.00000005	0.00000005	0
EMB_USD	2019-03-24	0.00000005	0.00000005	0.00000005	0.00000005	0
EMB_USD	2019-03-22	0.00000005	0.00000005	0.00000005	0.00000005	0
EMB_USD	2019-03-21	0.00000005	0.00000005	0.00000005	0.00000005	0
EMB_USD	2019-03-20	0.00000005	0.00000005	0.00000005	0.00000005	0
EMB_USD	2019-03-19	0.00000005	0.00000005	0.00000006	0.00000005	0
EMB_USD	2019-03-18	0.00000005	0.00000005	0.00000006	0.00000005	0
EMB_USD	2019-03-17	0.00000005	0.00000005	0.00000006	0.00000005	0
EMB_USD	2019-03-16	0.00000005	0.00000006	0.00000006	0.00000005	0
EMB_USD	2019-03-14	0.00000005	0.00000005	0.00000005	0.00000005	0
EMB_USD	2019-03-13	0.00000005	0.00000005	0.00000006	0.00000005	0
EMB_USD	2019-03-12	0.00000005	0.00000005	0.00000005	0.00000005	0
EMB_USD	2019-03-11	0.00000005	0.00000005	0.00000005	0.00000005	0
EMB_USD	2019-03-07	0.00000005	0.00000005	0.00000005	0.00000005	0
EMB_USD	2019-02-25	0.00000005	0.00000005	0.00000005	0.00000005	0
EMB_USD	2019-02-24	0.00000005	0.00000006	0.00000006	0.00000005	0
EMB_USD	2019-02-23	0.00000006	0.00000006	0.00000006	0.00000005	0
EMB_USD	2019-02-20	0.00000005	0.00000005	0.00000005	0.00000005	0
EMB_USD	2019-02-19	0.00000005	0.00000006	0.00000006	0.00000005	0
EMB_USD	2019-01-21	0.00000005	0.00000005	0.00000005	0.00000005	0
EMB_USD	2019-01-20	0.00000005	0.00000006	0.00000006	0.00000005	0
EMB_USD	2019-01-19	0.00000006	0.00000006	0.00000006	0.00000005	0
EMB_USD	2019-01-18	0.00000005	0.00000005	0.00000005	0.00000005	0
EMB_USD	2019-01-17	0.00000005	0.00000005	0.00000006	0.00000005	0
EMB_USD	2019-01-16	0.00000005	0.00000005	0.00000006	0.00000005	0
EMB_USD	2019-01-15	0.00000005	0.00000006	0.00000006	0.00000005	0
EMB_USD	2019-01-14	0.00000006	0.00000005	0.00000006	0.00000005	0
EMB_USD	2019-01-13	0.00000005	0.00000006	0.00000006	0.00000005	0
EMB_USD	2019-01-12	0.00000006	0.00000006	0.00000006	0.00000005	0
EMB_USD	2019-01-11	0.00000006	0.00000006	0.00000006	0.00000005	0
EMB_USD	2019-01-10	0.00000006	0.00000005	0.00000006	0.00000005	0
EMB_USD	2018-12-28	0.00000006	0.00000006	0.00000006	0.00000006	0
EMB_USD	2018-12-27	0.00000006	0.00000007	0.00000007	0.00000006	0
EMB_USD	2018-12-26	0.00000007	0.00000007	0.00000007	0.00000006	0
EMB_USD	2018-12-25	0.00000007	0.00000006	0.00000007	0.00000006	0
EMB_USD	2018-12-23	0.00000007	0.00000007	0.00000007	0.00000007	0
EMB_USD	2018-12-22	0.00000007	0.00000006	0.00000007	0.00000006	0
EMB_USD	2018-12-21	0.00000007	0.00000007	0.00000007	0.00000007	0
EMB_USD	2018-12-20	0.00000007	0.00000008	0.00000008	0.00000007	0
EMB_USD	2018-12-19	0.00000008	0.00000007	0.00000008	0.00000007	0
EMB_USD	2018-12-18	0.00000007	0.00000008	0.00000008	0.00000007	0
EMB_USD	2018-12-17	0.00000008	0.00000007	0.00000008	0.00000006	0
EMB_USD	2018-12-16	0.00000006	0.00000006	0.00000006	0.00000006	0
EMB_USD	2018-12-15	0.00000006	0.00000006	0.00000006	0.00000005	0
EMB_USD	2018-12-14	0.00000007	0.00000007	0.00000007	0.00000007	0
EMB_USD	2018-12-13	0.00000007	0.00000006	0.00000007	0.00000006	0
EMB_USD	2018-12-12	0.00000006	0.00000007	0.00000007	0.00000006	0
EMB_USD	2018-12-11	0.00000007	0.00000007	0.00000007	0.00000006	0
EMB_USD	2018-12-10	0.00000007	0.00000007	0.00000007	0.00000006	0
EMB_USD	2018-12-09	0.00000007	0.00000007	0.00000007	0.00000006	0
EMB_USD	2018-12-08	0.00000007	0.00000006	0.00000007	0.00000006	0
EMB_USD	2018-12-07	0.00000006	0.00000010	0.00000010	0.00000005	0
EMB_USD	2018-12-06	0.00000010	0.00000010	0.00000011	0.00000010	0
EMB_USD	2018-12-05	0.00000010	0.00000011	0.00000011	0.00000010	0
EMB_USD	2018-12-04	0.00000011	0.00000010	0.00000011	0.00000010	0
EMB_USD	2018-12-03	0.00000010	0.00000010	0.00000011	0.00000010	0
EMB_USD	2018-12-02	0.00000010	0.00000010	0.00000011	0.00000010	0
EMB_USD	2018-12-01	0.00000010	0.00000009	0.00000010	0.00000009	0
EMB_USD	2018-11-30	0.00000009	0.00000009	0.00000010	0.00000009	0
EMB_USD	2018-11-29	0.00000009	0.00000010	0.00000010	0.00000009	0
EMB_USD	2018-11-28	0.00000010	0.00000008	0.00000010	0.00000008	0
EMB_USD	2018-11-27	0.00000008	0.00000009	0.00000009	0.00000008	0
EMB_USD	2018-11-26	0.00000009	0.00000009	0.00000009	0.00000008	0
EMB_USD	2018-11-25	0.00000009	0.00000010	0.00000010	0.00000009	0
EMB_USD	2018-11-24	0.00000010	0.00000010	0.00000011	0.00000010	0
EMB_USD	2018-11-23	0.00000010	0.00000010	0.00000010	0.00000009	0
EMB_USD	2018-11-22	0.00000010	0.00000010	0.00000011	0.00000009	0
EMB_USD	2018-11-21	0.00000010	0.00000009	0.00000010	0.00000008	0
EMB_USD	2018-11-20	0.00000009	0.00000010	0.00000010	0.00000008	0
EMB_USD	2018-11-19	0.00000010	0.00000012	0.00000012	0.00000009	0
EMB_USD	2018-11-18	0.00000012	0.00000013	0.00000013	0.00000011	0
EMB_USD	2018-11-17	0.00000013	0.00000013	0.00000015	0.00000012	0
EMB_USD	2018-11-16	0.00000013	0.00000012	0.00000015	0.00000011	0
EMB_USD	2018-11-15	0.00000012	0.00000012	0.00000013	0.00000010	0
EMB_USD	2018-11-14	0.00000012	0.00000013	0.00000014	0.00000011	0
EMB_USD	2018-11-13	0.00000013	0.00000014	0.00000014	0.00000012	0
EMB_USD	2018-11-12	0.00000014	0.00000017	0.00000019	0.00000012	0
EMB_USD	2018-11-11	0.00000017	0.00000012	0.00000020	0.00000012	0
EMB_USD	2018-11-10	0.00000012	0.00000011	0.00000013	0.00000011	0
EMB_USD	2018-11-09	0.00000011	0.00000010	0.00000011	0.00000010	0
EMB_USD	2018-11-08	0.00000010	0.00000011	0.00000011	0.00000010	0
EMB_USD	2018-11-07	0.00000011	0.00000009	0.00000012	0.00000009	0
EMB_USD	2018-11-06	0.00000009	0.00000009	0.00000010	0.00000009	0
EMB_USD	2018-11-05	0.00000009	0.00000010	0.00000010	0.00000009	0
EMB_USD	2018-11-04	0.00000010	0.00000011	0.00000011	0.00000009	0
EMB_USD	2018-11-03	0.00000011	0.00000010	0.00000012	0.00000009	0
EMB_USD	2018-11-02	0.00000010	0.00000010	0.00000010	0.00000009	0
EMB_USD	2018-11-01	0.00000010	0.00000009	0.00000012	0.00000008	0
EMB_USD	2018-10-31	0.00000009	0.00000009	0.00000010	0.00000008	0
EMB_USD	2018-10-30	0.00000009	0.00000009	0.00000010	0.00000009	0
EMB_USD	2018-10-29	0.00000009	0.00000009	0.00000010	0.00000009	0
EMB_USD	2018-10-28	0.00000009	0.00000009	0.00000010	0.00000009	0
EMB_USD	2018-10-27	0.00000009	0.00000009	0.00000010	0.00000009	0
EMB_USD	2018-10-26	0.00000009	0.00000008	0.00000009	0.00000008	0
EMB_USD	2018-10-25	0.00000008	0.00000009	0.00000009	0.00000008	0
EMB_USD	2018-10-24	0.00000009	0.00000009	0.00000009	0.00000008	0
EMB_USD	2018-10-23	0.00000009	0.00000009	0.00000010	0.00000008	0
EMB_USD	2018-10-22	0.00000009	0.00000010	0.00000010	0.00000008	0
EMB_USD	2018-10-21	0.00000010	0.00000011	0.00000011	0.00000010	0
EMB_USD	2018-10-20	0.00000010	0.00000010	0.00000010	0.00000010	0
EMB_USD	2018-10-19	0.00000010	0.00000010	0.00000011	0.00000009	0
EMB_USD	2018-10-18	0.00000010	0.00000010	0.00000011	0.00000010	0
EMB_USD	2018-10-17	0.00000010	0.00000012	0.00000012	0.00000009	0
EMB_USD	2018-10-16	0.00000012	0.00000013	0.00000013	0.00000012	0
EMB_USD	2018-10-15	0.00000013	0.00000012	0.00000016	0.00000012	0
EMB_USD	2018-10-14	0.00000012	0.00000012	0.00000013	0.00000011	0
EMB_USD	2018-10-13	0.00000012	0.00000010	0.00000013	0.00000010	0
EMB_USD	2018-10-12	0.00000010	0.00000011	0.00000012	0.00000009	0
EMB_USD	2018-10-11	0.00000011	0.00000014	0.00000014	0.00000010	0
EMB_USD	2018-10-10	0.00000014	0.00000013	0.00000014	0.00000013	0
EMB_USD	2018-10-09	0.00000013	0.00000015	0.00000015	0.00000013	0
EMB_USD	2018-10-08	0.00000015	0.00000014	0.00000015	0.00000014	0
EMB_USD	2018-10-07	0.00000014	0.00000014	0.00000016	0.00000014	0
EMB_USD	2018-10-06	0.00000014	0.00000018	0.00000020	0.00000012	0
EMB_USD	2018-10-05	0.00000018	0.00000016	0.00000019	0.00000015	0
EMB_USD	2018-10-04	0.00000016	0.00000012	0.00000017	0.00000011	0
EMB_USD	2018-10-03	0.00000012	0.00000014	0.00000015	0.00000011	0
EMB_USD	2018-10-02	0.00000014	0.00000009	0.00000016	0.00000009	0
EMB_USD	2018-10-01	0.00000009	0.00000010	0.00000010	0.00000009	0
EMB_USD	2018-09-30	0.00000010	0.00000009	0.00000011	0.00000009	0
EMB_USD	2018-09-29	0.00000009	0.00000009	0.00000010	0.00000009	0
EMB_USD	2018-09-28	0.00000009	0.00000010	0.00000012	0.00000008	0
EMB_USD	2018-09-27	0.00000010	0.00000012	0.00000013	0.00000006	0
EMB_USD	2018-09-26	0.00000012	0.00000013	0.00000013	0.00000011	0
EMB_USD	2018-09-25	0.00000013	0.00000013	0.00000014	0.00000012	0
EMB_USD	2018-09-24	0.00000013	0.00000014	0.00000014	0.00000011	0
EMB_USD	2018-09-23	0.00000014	0.00000015	0.00000017	0.00000011	0
EMB_USD	2018-09-22	0.00000015	0.00000015	0.00000017	0.00000014	0
EMB_USD	2018-09-21	0.00000015	0.00000018	0.00000019	0.00000012	0
EMB_USD	2018-09-20	0.00000018	0.00000022	0.00000023	0.00000017	0
EMB_USD	2018-09-19	0.00000022	0.00000028	0.00000029	0.00000015	0
EMB_USD	2018-09-18	0.00000028	0.00000031	0.00000031	0.00000011	0
EMB_USD	2018-09-17	0.00000031	0.00000034	0.00000039	0.00000031	0
EMB_USD	2018-09-16	0.00000034	0.00000036	0.00000038	0.00000033	0
EMB_USD	2018-09-15	0.00000036	0.00000032	0.00000040	0.00000030	0
EMB_USD	2018-09-14	0.00000032	0.00000036	0.00000036	0.00000031	0
EMB_USD	2018-09-13	0.00000036	0.00000030	0.00000037	0.00000030	0
EMB_USD	2018-09-12	0.00000030	0.00000033	0.00000034	0.00000030	0
EMB_USD	2018-09-11	0.00000033	0.00000036	0.00000036	0.00000031	0
EMB_USD	2018-09-10	0.00000036	0.00000033	0.00000039	0.00000033	0
EMB_USD	2018-09-09	0.00000033	0.00000034	0.00000035	0.00000032	0
EMB_USD	2018-09-08	0.00000034	0.00000033	0.00000041	0.00000030	0
EMB_USD	2018-09-07	0.00000033	0.00000030	0.00000034	0.00000028	0
EMB_USD	2018-09-06	0.00000030	0.00000036	0.00000038	0.00000026	0
EMB_USD	2018-09-05	0.00000036	0.00000045	0.00000051	0.00000032	0
EMB_USD	2018-09-04	0.00000045	0.00000041	0.00000045	0.00000038	0
EMB_USD	2018-09-03	0.00000041	0.00000050	0.00000054	0.00000038	0
EMB_USD	2018-09-02	0.00000050	0.00000049	0.00000056	0.00000040	0
EMB_USD	2018-09-01	0.00000049	0.00000046	0.00000060	0.00000039	0
EMB_USD	2018-08-31	0.00000046	0.00000040	0.00000048	0.00000036	0
EMB_USD	2018-08-30	0.00000040	0.00000033	0.00000041	0.00000033	0
EMB_USD	2018-08-29	0.00000033	0.00000034	0.00000034	0.00000032	0
EMB_USD	2018-08-28	0.00000034	0.00000033	0.00000038	0.00000031	0
EMB_USD	2018-08-27	0.00000033	0.00000031	0.00000035	0.00000028	0
EMB_USD	2018-08-26	0.00000031	0.00000034	0.00000034	0.00000030	0
EMB_USD	2018-08-25	0.00000034	0.00000034	0.00000036	0.00000033	0
EMB_USD	2018-08-24	0.00000034	0.00000028	0.00000037	0.00000028	0
EMB_USD	2018-08-23	0.00000028	0.00000031	0.00000031	0.00000027	0
EMB_USD	2018-08-22	0.00000031	0.00000036	0.00000038	0.00000031	0
EMB_USD	2018-08-21	0.00000036	0.00000036	0.00000037	0.00000035	0
EMB_USD	2018-08-20	0.00000036	0.00000039	0.00000040	0.00000036	0
EMB_USD	2018-08-19	0.00000039	0.00000038	0.00000040	0.00000036	0
EMB_USD	2018-08-18	0.00000038	0.00000042	0.00000048	0.00000037	0
EMB_USD	2018-08-17	0.00000042	0.00000021	0.00000058	0.00000020	0
EMB_USD	2018-08-16	0.00000021	0.00000021	0.00000022	0.00000020	0
EMB_USD	2018-08-15	0.00000021	0.00000020	0.00000023	0.00000020	0
EMB_USD	2018-08-14	0.00000020	0.00000021	0.00000021	0.00000018	0
EMB_USD	2018-08-13	0.00000021	0.00000022	0.00000023	0.00000020	0
EMB_USD	2018-08-12	0.00000022	0.00000021	0.00000023	0.00000020	0
EMB_USD	2018-08-11	0.00000021	0.00000023	0.00000024	0.00000021	0
EMB_USD	2018-08-10	0.00000023	0.00000025	0.00000026	0.00000023	0
EMB_USD	2018-08-09	0.00000025	0.00000020	0.00000026	0.00000020	0
EMB_USD	2018-08-08	0.00000020	0.00000021	0.00000021	0.00000020	0
EMB_USD	2018-08-07	0.00000021	0.00000024	0.00000024	0.00000021	0
EMB_USD	2018-08-06	0.00000024	0.00000025	0.00000026	0.00000023	0
EMB_USD	2018-08-05	0.00000025	0.00000025	0.00000026	0.00000023	0
EMB_USD	2018-08-04	0.00000025	0.00000027	0.00000028	0.00000025	0
EMB_USD	2018-08-03	0.00000027	0.00000028	0.00000028	0.00000025	0
EMB_USD	2018-08-02	0.00000028	0.00000032	0.00000032	0.00000027	0
EMB_USD	2018-08-01	0.00000032	0.00000031	0.00000032	0.00000029	0
EMB_USD	2018-07-31	0.00000031	0.00000033	0.00000034	0.00000030	0
EMB_USD	2018-07-30	0.00000033	0.00000034	0.00000035	0.00000032	0
EMB_USD	2018-07-29	0.00000034	0.00000037	0.00000042	0.00000034	0
EMB_USD	2018-07-28	0.00000037	0.00000037	0.00000039	0.00000036	0
EMB_USD	2018-07-27	0.00000037	0.00000040	0.00000040	0.00000036	0
EMB_USD	2018-07-26	0.00000040	0.00000040	0.00000042	0.00000037	0
EMB_USD	2018-07-25	0.00000040	0.00000040	0.00000041	0.00000035	0
EMB_USD	2018-07-24	0.00000040	0.00000040	0.00000042	0.00000038	0
EMB_USD	2018-07-23	0.00000040	0.00000042	0.00000045	0.00000038	0
EMB_USD	2018-07-22	0.00000042	0.00000039	0.00000044	0.00000036	0
EMB_USD	2018-07-21	0.00000039	0.00000044	0.00000045	0.00000039	0
EMB_USD	2018-07-20	0.00000044	0.00000049	0.00000049	0.00000040	0
EMB_USD	2018-07-19	0.00000049	0.00000042	0.00000050	0.00000042	0
EMB_USD	2018-07-18	0.00000042	0.00000046	0.00000055	0.00000042	0
EMB_USD	2018-07-17	0.00000046	0.00000046	0.00000052	0.00000044	0
EMB_USD	2018-07-16	0.00000046	0.00000037	0.00000046	0.00000037	0
EMB_USD	2018-07-15	0.00000037	0.00000039	0.00000040	0.00000037	0
EMB_USD	2018-07-14	0.00000039	0.00000039	0.00000041	0.00000038	0
EMB_USD	2018-07-13	0.00000039	0.00000033	0.00000041	0.00000033	0
EMB_USD	2018-07-12	0.00000033	0.00000037	0.00000037	0.00000033	0
EMB_USD	2018-07-11	0.00000037	0.00000038	0.00000040	0.00000035	0
EMB_USD	2018-07-10	0.00000038	0.00000035	0.00000038	0.00000035	0
EMB_USD	2018-07-09	0.00000035	0.00000034	0.00000038	0.00000034	0
EMB_USD	2018-07-08	0.00000034	0.00000037	0.00000038	0.00000034	0
EMB_USD	2018-07-07	0.00000037	0.00000041	0.00000041	0.00000035	0
EMB_USD	2018-07-06	0.00000041	0.00000039	0.00000042	0.00000039	0
EMB_USD	2018-07-05	0.00000039	0.00000044	0.00000045	0.00000039	0
EMB_USD	2018-07-04	0.00000044	0.00000042	0.00000045	0.00000040	0
EMB_USD	2018-07-03	0.00000042	0.00000047	0.00000049	0.00000040	0
EMB_USD	2018-07-02	0.00000047	0.00000044	0.00000049	0.00000044	0
EMB_USD	2018-07-01	0.00000045	0.00000046	0.00000046	0.00000044	0
EMB_USD	2018-06-30	0.00000046	0.00000044	0.00000047	0.00000044	0
EMB_USD	2018-06-29	0.00000044	0.00000043	0.00000045	0.00000041	0
EMB_USD	2018-06-28	0.00000042	0.00000046	0.00000048	0.00000042	0
EMB_USD	2018-06-27	0.00000047	0.00000044	0.00000049	0.00000043	0
EMB_USD	2018-06-26	0.00000045	0.00000045	0.00000051	0.00000044	0
EMB_USD	2018-06-25	0.00000046	0.00000046	0.00000053	0.00000044	0
EMB_USD	2018-06-24	0.00000045	0.00000051	0.00000053	0.00000044	0
EMB_USD	2018-06-23	0.00000052	0.00000051	0.00000054	0.00000049	0
EMB_USD	2018-06-22	0.00000051	0.00000055	0.00000063	0.00000050	0
EMB_USD	2018-06-21	0.00000055	0.00000061	0.00000061	0.00000054	0
EMB_USD	2018-06-20	0.00000058	0.00000061	0.00000063	0.00000055	0
EMB_USD	2018-06-19	0.00000061	0.00000064	0.00000065	0.00000060	0
EMB_USD	2018-06-18	0.00000065	0.00000061	0.00000067	0.00000057	0
EMB_USD	2018-06-17	0.00000062	0.00000064	0.00000068	0.00000060	0
EMB_USD	2018-06-16	0.00000065	0.00000067	0.00000072	0.00000062	0
EMB_USD	2018-06-15	0.00000066	0.00000069	0.00000070	0.00000064	0
EMB_USD	2018-06-14	0.00000068	0.00000070	0.00000073	0.00000062	0
EMB_USD	2018-06-13	0.00000071	0.00000074	0.00000078	0.00000061	0
EMB_USD	2018-06-12	0.00000075	0.00000090	0.00000091	0.00000073	0
EMB_USD	2018-06-11	0.00000089	0.00000088	0.00000092	0.00000085	0
EMB_USD	2018-06-10	0.00000087	0.00000103	0.00000105	0.00000084	0
EMB_USD	2018-06-09	0.00000104	0.00000121	0.00000121	0.00000104	0
EMB_USD	2018-06-08	0.00000120	0.00000136	0.00000138	0.00000107	0
EMB_USD	2018-06-07	0.00000135	0.00000106	0.00000168	0.00000104	0
EMB_USD	2018-06-06	0.00000105	0.00000092	0.00000108	0.00000088	0
EMB_USD	2018-06-05	0.00000091	0.00000091	0.00000095	0.00000086	0
EMB_USD	2018-06-04	0.00000092	0.00000098	0.00000109	0.00000092	0
EMB_USD	2018-06-03	0.00000099	0.00000098	0.00000111	0.00000086	0
EMB_USD	2018-06-02	0.00000098	0.00000112	0.00000119	0.00000083	0
EMB_USD	2018-06-01	0.00000114	0.00000075	0.00000135	0.00000066	0
EMB_USD	2018-05-31	0.00000075	0.00000062	0.00000081	0.00000058	0
EMB_USD	2018-05-30	0.00000062	0.00000059	0.00000062	0.00000055	0
EMB_USD	2018-05-29	0.00000059	0.00000049	0.00000062	0.00000048	0
EMB_USD	2018-05-28	0.00000050	0.00000051	0.00000056	0.00000049	0
EMB_USD	2018-05-27	0.00000052	0.00000051	0.00000054	0.00000050	0
EMB_USD	2018-05-26	0.00000052	0.00000052	0.00000056	0.00000051	0
EMB_USD	2018-05-25	0.00000054	0.00000056	0.00000062	0.00000050	0
EMB_USD	2018-05-24	0.00000056	0.00000054	0.00000057	0.00000051	0
EMB_USD	2018-05-23	0.00000055	0.00000057	0.00000063	0.00000052	0
EMB_USD	2018-05-22	0.00000056	0.00000061	0.00000062	0.00000056	0
EMB_USD	2018-05-21	0.00000061	0.00000060	0.00000062	0.00000057	0
EMB_USD	2018-05-20	0.00000060	0.00000057	0.00000063	0.00000057	0
EMB_USD	2018-05-19	0.00000057	0.00000058	0.00000060	0.00000054	0
EMB_USD	2018-05-18	0.00000058	0.00000053	0.00000059	0.00000051	0
EMB_USD	2018-05-17	0.00000054	0.00000066	0.00000066	0.00000054	0
EMB_USD	2018-05-16	0.00000065	0.00000064	0.00000066	0.00000060	0
EMB_USD	2018-05-15	0.00000065	0.00000065	0.00000072	0.00000064	0
EMB_USD	2018-05-14	0.00000066	0.00000069	0.00000070	0.00000063	0
EMB_USD	2018-05-13	0.00000069	0.00000071	0.00000071	0.00000061	0
EMB_USD	2018-05-12	0.00000070	0.00000074	0.00000076	0.00000064	0
EMB_USD	2018-05-11	0.00000074	0.00000081	0.00000081	0.00000068	0
EMB_USD	2018-05-10	0.00000081	0.00000085	0.00000093	0.00000080	0
EMB_USD	2018-05-09	0.00000085	0.00000099	0.00000102	0.00000080	0
EMB_USD	2018-05-08	0.00000099	0.00000091	0.00000101	0.00000089	0
EMB_USD	2018-05-07	0.00000092	0.00000092	0.00000094	0.00000086	0
EMB_USD	2018-05-06	0.00000092	0.00000099	0.00000106	0.00000088	0
EMB_USD	2018-05-05	0.00000099	0.00000092	0.00000116	0.00000090	0
EMB_USD	2018-05-04	0.00000092	0.00000099	0.00000126	0.00000089	0
EMB_USD	2018-05-03	0.00000103	0.00000099	0.00000106	0.00000082	0
EMB_USD	2018-05-02	0.00000099	0.00000105	0.00000108	0.00000098	0
EMB_USD	2018-05-01	0.00000105	0.00000109	0.00000109	0.00000099	0
EMB_USD	2018-04-30	0.00000109	0.00000113	0.00000116	0.00000107	0
EMB_USD	2018-04-29	0.00000113	0.00000118	0.00000123	0.00000107	0
EMB_USD	2018-04-28	0.00000118	0.00000116	0.00000126	0.00000111	0
EMB_USD	2018-04-27	0.00000116	0.00000111	0.00000155	0.00000106	0
EMB_USD	2018-04-26	0.00000111	0.00000110	0.00000120	0.00000105	0
EMB_USD	2018-04-25	0.00000110	0.00000132	0.00000133	0.00000108	0
EMB_USD	2018-04-24	0.00000127	0.00000104	0.00000168	0.00000103	0
EMB_USD	2018-04-23	0.00000104	0.00000098	0.00000107	0.00000095	0
EMB_USD	2018-04-22	0.00000098	0.00000100	0.00000109	0.00000087	0
EMB_USD	2018-04-21	0.00000100	0.00000104	0.00000107	0.00000052	0
EMB_USD	2018-04-20	0.00000104	0.00000107	0.00000118	0.00000092	0
EMB_USD	2018-04-19	0.00000107	0.00000127	0.00000134	0.00000096	0
EMB_USD	2018-04-18	0.00000127	0.00000117	0.00000132	0.00000115	0
EMB_USD	2018-04-17	0.00000116	0.00000120	0.00000130	0.00000104	0
EMB_USD	2018-04-16	0.00000120	0.00000113	0.00000126	0.00000101	0
EMB_USD	2018-04-15	0.00000113	0.00000112	0.00000124	0.00000104	0
EMB_USD	2018-04-14	0.00000112	0.00000102	0.00000127	0.00000082	0
EMB_USD	2018-04-13	0.00000102	0.00000110	0.00000118	0.00000083	0
EMB_USD	2018-04-12	0.00000110	0.00000111	0.00000117	0.00000085	0
EMB_USD	2018-04-11	0.00000111	0.00000120	0.00000127	0.00000097	0
EMB_USD	2018-04-10	0.00000120	0.00000118	0.00000123	0.00000107	0
EMB_USD	2018-04-09	0.00000118	0.00000102	0.00000126	0.00000087	0
EMB_USD	2018-04-08	0.00000102	0.00000113	0.00000178	0.00000095	0
EMB_USD	2018-04-07	0.00000113	0.00000077	0.00000130	0.00000076	0
EMB_USD	2018-04-06	0.00000077	0.00000077	0.00000082	0.00000063	0
EMB_USD	2018-04-05	0.00000077	0.00001009	0.00001087	0.00000047	0
EMB_USD	2018-04-04	0.00001009	0.00001110	0.00001128	0.00001000	0
EMB_USD	2018-04-03	0.00001110	0.00001021	0.00001115	0.00001019	0
EMB_USD	2018-04-02	0.00001022	0.00001002	0.00001049	0.00000998	0
EMB_USD	2018-04-01	0.00001002	0.00001021	0.00001034	0.00000972	0
EMB_USD	2018-03-31	0.00001021	0.00001018	0.00001061	0.00001016	0
EMB_USD	2018-03-30	0.00001018	0.00001033	0.00001076	0.00001000	0
EMB_USD	2018-03-29	0.00001034	0.00001142	0.00001148	0.00001032	0
EMB_USD	2018-03-28	0.00001142	0.00001143	0.00001176	0.00001122	0
EMB_USD	2018-03-27	0.00001141	0.00001191	0.00001195	0.00001123	0
EMB_USD	2018-03-26	0.00001191	0.00001263	0.00001267	0.00001137	0
EMB_USD	2018-03-25	0.00001263	0.00001270	0.00001282	0.00001238	0
EMB_USD	2018-03-24	0.00001270	0.00001300	0.00001336	0.00001270	0
EMB_USD	2018-03-23	0.00001300	0.00001304	0.00001310	0.00001230	0
EMB_USD	2018-03-22	0.00001302	0.00001330	0.00001366	0.00001260	0
EMB_USD	2018-03-21	0.00001330	0.00001338	0.00001397	0.00001319	0
EMB_USD	2018-03-20	0.00001338	0.00001267	0.00001383	0.00001245	0
EMB_USD	2018-03-19	0.00001267	0.00001164	0.00001297	0.00001156	0
EMB_USD	2018-03-18	0.00001164	0.00001213	0.00001213	0.00001043	0
EMB_USD	2018-03-17	0.00001213	0.00001289	0.00001304	0.00001200	0
EMB_USD	2018-03-16	0.00001289	0.00001298	0.00001342	0.00001260	0
EMB_USD	2018-03-15	0.00001298	0.00001331	0.00001347	0.00001224	0
EMB_USD	2018-03-14	0.00001331	0.00001448	0.00001469	0.00001323	0
EMB_USD	2018-03-13	0.00001446	0.00001466	0.00001498	0.00001413	0
EMB_USD	2018-03-12	0.00001466	0.00001513	0.00001538	0.00001404	0
EMB_USD	2018-03-11	0.00001513	0.00001458	0.00001558	0.00001420	0
EMB_USD	2018-03-10	0.00001458	0.00001529	0.00001529	0.00001456	0
EMB_USD	2018-03-09	0.00001468	0.00001468	0.00001468	0.00001468	0
EMB_USD	2018-03-08	0.00001479	0.00001479	0.00001479	0.00001479	0
