ENJ_USD	2019-04-09	0.144100	0.144619	0.156685	0.143284	22271
ENJ_USD	2019-04-08	0.144619	0.155186	0.157771	0.140002	80980
ENJ_USD	2019-04-07	0.155186	0.152605	0.156891	0.151000	15070
ENJ_USD	2019-04-06	0.152605	0.156429	0.157742	0.150000	3062
ENJ_USD	2019-04-05	0.156429	0.164341	0.165084	0.151923	25538
ENJ_USD	2019-04-04	0.164341	0.147847	0.175833	0.147847	207837
ENJ_USD	2019-04-03	0.147847	0.152598	0.158117	0.143702	117030
ENJ_USD	2019-04-02	0.152598	0.148045	0.160000	0.145020	25356
ENJ_USD	2019-04-01	0.148045	0.153753	0.153753	0.145203	11921
ENJ_USD	2019-03-31	0.153753	0.150400	0.162116	0.147136	15673
ENJ_USD	2019-03-30	0.150400	0.158783	0.160103	0.145651	53058
ENJ_USD	2019-03-29	0.158783	0.163332	0.163332	0.158783	11842
ENJ_USD	2019-03-28	0.163332	0.166287	0.166755	0.162420	4194
ENJ_USD	2019-03-27	0.166287	0.164274	0.168623	0.160275	20381
ENJ_USD	2019-03-26	0.164274	0.168675	0.168675	0.157013	18838
ENJ_USD	2019-03-25	0.168675	0.185567	0.185567	0.164852	38438
ENJ_USD	2019-03-24	0.185567	0.182799	0.185567	0.173149	36419
ENJ_USD	2019-03-23	0.182799	0.190569	0.190569	0.180349	10140
ENJ_USD	2019-03-22	0.190569	0.189839	0.195521	0.185848	15698
ENJ_USD	2019-03-21	0.189839	0.187300	0.197296	0.179085	20901
ENJ_USD	2019-03-20	0.187300	0.188858	0.193671	0.181066	10025
ENJ_USD	2019-03-19	0.188858	0.200850	0.202955	0.178618	64657
ENJ_USD	2019-03-18	0.200850	0.167160	0.219967	0.161530	201555
ENJ_USD	2019-03-17	0.167160	0.165731	0.169302	0.156726	24610
ENJ_USD	2019-03-16	0.165731	0.171254	0.172407	0.162528	20412
ENJ_USD	2019-03-15	0.171254	0.165828	0.174905	0.163898	21111
ENJ_USD	2019-03-14	0.165828	0.177730	0.177730	0.163793	38954
ENJ_USD	2019-03-13	0.177730	0.187129	0.191262	0.164241	81897
ENJ_USD	2019-03-12	0.187129	0.162407	0.190895	0.143388	153345
ENJ_USD	2019-03-11	0.161124	0.195134	0.203652	0.157971	58712
ENJ_USD	2019-03-10	0.195134	0.201456	0.223497	0.180791	163758
ENJ_USD	2019-03-09	0.201456	0.212314	0.249988	0.186036	417441
ENJ_USD	2019-03-08	0.212314	0.101930	0.221276	0.098749	446261
ENJ_USD	2019-03-07	0.101930	0.098880	0.104360	0.091706	21546
ENJ_USD	2019-03-06	0.098880	0.101082	0.106582	0.095643	53750
ENJ_USD	2019-03-05	0.101082	0.077341	0.105339	0.077341	38718
ENJ_USD	2019-03-04	0.077341	0.081370	0.082788	0.073479	22825
ENJ_USD	2019-03-03	0.081370	0.084081	0.084962	0.078292	38038
ENJ_USD	2019-03-02	0.084081	0.077065	0.088614	0.071701	44664
ENJ_USD	2019-03-01	0.077065	0.082069	0.082220	0.076440	120190
ENJ_USD	2019-02-28	0.082069	0.070050	0.088010	0.070050	140436
ENJ_USD	2019-02-27	0.070050	0.083136	0.085138	0.069843	133962
ENJ_USD	2019-02-26	0.083136	0.079101	0.102975	0.072858	187279
ENJ_USD	2019-02-25	0.079101	0.035868	0.093226	0.035868	377744
ENJ_USD	2019-02-24	0.035868	0.039158	0.039815	0.035040	93207
ENJ_USD	2019-02-23	0.039158	0.038768	0.039352	0.037932	56480
ENJ_USD	2019-02-22	0.038768	0.036446	0.040365	0.036446	90747
ENJ_USD	2019-02-21	0.036446	0.036995	0.037515	0.035276	42061
ENJ_USD	2019-02-20	0.036995	0.032267	0.038014	0.032267	2388
ENJ_USD	2019-02-19	0.032267	0.035412	0.035412	0.032267	105
ENJ_USD	2019-02-18	0.035412	0.031284	0.035412	0.031284	2485
ENJ_USD	2019-02-17	0.031284	0.031099	0.031284	0.030811	487
ENJ_USD	2019-02-16	0.031099	0.030240	0.031099	0.030240	2
ENJ_USD	2019-02-15	0.030240	0.030240	0.030240	0.030240	0
ENJ_USD	2019-02-14	0.030240	0.030240	0.030240	0.030240	0
ENJ_USD	2019-02-13	0.030240	0.030240	0.030240	0.030240	0
ENJ_USD	2019-02-12	0.030610	0.030610	0.030610	0.030610	0
ENJ_USD	2019-02-11	0.030610	0.026040	0.030610	0.026040	100
ENJ_USD	2019-02-10	0.026040	0.026040	0.026040	0.026040	0
ENJ_USD	2019-02-09	0.026040	0.026040	0.026040	0.026040	0
ENJ_USD	2019-02-08	0.026040	0.026040	0.026040	0.026040	0
ENJ_USD	2019-02-07	0.026040	0.025000	0.026040	0.025000	1500
ENJ_USD	2019-02-06	0.025000	0.027010	0.027520	0.025000	1000
ENJ_USD	2019-02-05	0.027010	0.027010	0.027010	0.027010	0
ENJ_USD	2019-02-04	0.027010	0.027010	0.027010	0.027010	0
ENJ_USD	2019-02-03	0.027010	0.027010	0.027010	0.027010	0
ENJ_USD	2019-02-02	0.027010	0.033250	0.033250	0.027010	300
ENJ_USD	2019-02-01	0.033250	0.033250	0.033250	0.033250	0
ENJ_USD	2019-01-31	0.033250	0.033250	0.033250	0.033250	0
ENJ_USD	2019-01-30	0.033250	0.033250	0.033250	0.033250	0
ENJ_USD	2019-01-29	0.033250	0.033250	0.033250	0.033250	0
ENJ_USD	2019-01-28	0.033250	0.033250	0.033250	0.033250	0
ENJ_USD	2019-01-27	0.033250	0.033250	0.033250	0.033250	0
ENJ_USD	2019-01-26	0.033250	0.033560	0.033560	0.026980	300
ENJ_USD	2019-01-25	0.033560	0.033560	0.033560	0.026980	0
ENJ_USD	2019-01-24	0.033560	0.026980	0.033560	0.026980	0
ENJ_USD	2019-01-23	0.033560	0.033560	0.033560	0.033560	0
ENJ_USD	2019-01-22	0.033560	0.033510	0.033560	0.026955	300
ENJ_USD	2019-01-21	0.033510	0.033510	0.033510	0.026955	0
ENJ_USD	2019-01-20	0.033510	0.033510	0.033510	0.026955	0
ENJ_USD	2019-01-19	0.033510	0.033510	0.033510	0.026955	0
ENJ_USD	2019-01-18	0.033510	0.033510	0.033510	0.026955	0
ENJ_USD	2019-01-17	0.033510	0.033510	0.033510	0.026955	0
ENJ_USD	2019-01-16	0.033510	0.033510	0.033510	0.026955	0
ENJ_USD	2019-01-15	0.033510	0.033510	0.033510	0.026955	0
ENJ_USD	2019-01-14	0.033510	0.033510	0.033510	0.026955	0
ENJ_USD	2019-01-13	0.033510	0.026500	0.033510	0.026500	300
ENJ_USD	2019-01-12	0.032600	0.032600	0.032600	0.032600	0
ENJ_USD	2019-01-11	0.032600	0.032190	0.032600	0.032190	39700
ENJ_USD	2019-01-10	0.032190	0.038740	0.038740	0.029570	39500
ENJ_USD	2019-01-09	0.038740	0.038740	0.038740	0.029570	0
ENJ_USD	2019-01-08	0.038740	0.036340	0.038740	0.036340	1800
ENJ_USD	2019-01-07	0.036340	0.038840	0.038840	0.036340	88200
ENJ_USD	2019-01-06	0.038840	0.036120	0.038840	0.022010	96600
ENJ_USD	2019-01-05	0.036120	0.038030	0.038030	0.029215	3900
ENJ_USD	2019-01-04	0.038030	0.038030	0.038030	0.029215	0
ENJ_USD	2019-01-03	0.038030	0.038030	0.038030	0.029215	0
ENJ_USD	2019-01-02	0.038030	0.029215	0.038030	0.029215	0
ENJ_USD	2019-01-01	0.038030	0.038030	0.038030	0.038030	0
ENJ_USD	2018-12-31	0.038030	0.041000	0.041000	0.038030	200
ENJ_USD	2018-12-30	0.041000	0.043190	0.043190	0.041000	200
ENJ_USD	2018-12-29	0.043190	0.030970	0.043190	0.030970	100
ENJ_USD	2018-12-28	0.041540	0.041540	0.041540	0.041540	0
ENJ_USD	2018-12-27	0.041540	0.028710	0.041540	0.028710	100
ENJ_USD	2018-12-26	0.037020	0.037020	0.037020	0.037020	0
ENJ_USD	2018-12-25	0.037020	0.046050	0.046050	0.033225	5100
ENJ_USD	2018-12-24	0.046050	0.046050	0.046050	0.033225	0
ENJ_USD	2018-12-23	0.046050	0.050000	0.050000	0.035200	600
ENJ_USD	2018-12-22	0.050000	0.050000	0.050000	0.035200	0
ENJ_USD	2018-12-21	0.050000	0.028440	0.050000	0.028440	2500
ENJ_USD	2018-12-20	0.028440	0.036480	0.036480	0.028440	0
ENJ_USD	2018-12-19	0.036480	0.035810	0.036480	0.035810	300
ENJ_USD	2018-12-18	0.035810	0.033450	0.036130	0.031900	300
ENJ_USD	2018-12-17	0.033450	0.032690	0.036130	0.032690	2200
ENJ_USD	2018-12-16	0.032690	0.029520	0.035900	0.029520	16200
ENJ_USD	2018-12-15	0.029520	0.027730	0.029520	0.027640	2200
ENJ_USD	2018-12-14	0.027730	0.026815	0.030390	0.026815	1300
ENJ_USD	2018-12-13	0.026815	0.033230	0.033230	0.026815	0
ENJ_USD	2018-12-12	0.033230	0.028890	0.033230	0.028890	2600
ENJ_USD	2018-12-11	0.028890	0.028160	0.031950	0.028080	1100
ENJ_USD	2018-12-10	0.028160	0.027910	0.028160	0.026900	4500
ENJ_USD	2018-12-09	0.027910	0.021900	0.029520	0.021900	3000
ENJ_USD	2018-12-08	0.021900	0.023400	0.023400	0.021900	0
ENJ_USD	2018-12-07	0.023400	0.024650	0.025970	0.023400	6300
ENJ_USD	2018-12-06	0.024650	0.026860	0.026860	0.023630	3300
ENJ_USD	2018-12-05	0.026860	0.026860	0.026860	0.023630	0
ENJ_USD	2018-12-04	0.026860	0.026520	0.026860	0.026520	3700
ENJ_USD	2018-12-03	0.026520	0.029000	0.029000	0.026220	6000
ENJ_USD	2018-12-02	0.029000	0.028430	0.029500	0.028430	5100
ENJ_USD	2018-12-01	0.028430	0.025960	0.028430	0.025960	700
ENJ_USD	2018-11-30	0.025960	0.024630	0.028860	0.024630	500
ENJ_USD	2018-11-29	0.024630	0.028860	0.028860	0.024630	0
ENJ_USD	2018-11-28	0.028860	0.021925	0.032200	0.021925	57900
ENJ_USD	2018-11-27	0.021925	0.021925	0.023450	0.021925	0
ENJ_USD	2018-11-26	0.021925	0.023450	0.023450	0.021925	0
ENJ_USD	2018-11-25	0.023450	0.024425	0.024425	0.021290	3000
ENJ_USD	2018-11-24	0.024425	0.028450	0.028450	0.024425	0
ENJ_USD	2018-11-23	0.028450	0.027700	0.028450	0.027700	2600
ENJ_USD	2018-11-22	0.026250	0.026250	0.026250	0.026250	0
ENJ_USD	2018-11-21	0.026250	0.032100	0.032100	0.026250	0
ENJ_USD	2018-11-20	0.032100	0.031190	0.032100	0.028150	2100
ENJ_USD	2018-11-19	0.031190	0.029645	0.036580	0.029645	17800
ENJ_USD	2018-11-18	0.029645	0.038890	0.038890	0.029645	0
ENJ_USD	2018-11-17	0.038890	0.029255	0.039400	0.029255	1000
ENJ_USD	2018-11-16	0.029255	0.038110	0.038110	0.029255	0
ENJ_USD	2018-11-15	0.038110	0.037390	0.043110	0.037390	14000
ENJ_USD	2018-11-14	0.037390	0.053920	0.053920	0.037390	14200
ENJ_USD	2018-11-13	0.053920	0.035555	0.053920	0.035555	300
ENJ_USD	2018-11-12	0.035555	0.035555	0.035555	0.035555	0
ENJ_USD	2018-11-11	0.035555	0.035555	0.035555	0.035555	0
ENJ_USD	2018-11-08	0.035555	0.035555	0.035555	0.035555	0
ENJ_USD	2018-11-04	0.035555	0.035555	0.035555	0.035555	0
ENJ_USD	2018-11-03	0.035555	0.050710	0.050710	0.035555	0
ENJ_USD	2018-11-02	0.050710	0.048440	0.050710	0.048440	400
ENJ_USD	2018-11-01	0.048440	0.045770	0.048440	0.045770	500
ENJ_USD	2018-10-31	0.045770	0.045770	0.045770	0.045770	0
ENJ_USD	2018-10-29	0.036725	0.036725	0.036725	0.036725	0
ENJ_USD	2018-10-28	0.036725	0.053050	0.053050	0.036725	0
ENJ_USD	2018-10-27	0.053050	0.035950	0.053050	0.035950	400
ENJ_USD	2018-10-26	0.035950	0.051500	0.051500	0.035950	0
ENJ_USD	2018-10-25	0.051500	0.054000	0.054000	0.051500	6000
ENJ_USD	2018-10-24	0.054000	0.049760	0.054000	0.035080	2900
ENJ_USD	2018-10-23	0.049760	0.049640	0.049760	0.049640	500
ENJ_USD	2018-10-22	0.049640	0.055430	0.055430	0.037915	300
ENJ_USD	2018-10-21	0.055430	0.051290	0.055430	0.051290	2500
ENJ_USD	2018-10-20	0.051290	0.032700	0.051290	0.032700	1000
ENJ_USD	2018-10-19	0.032700	0.045000	0.045000	0.032700	0
ENJ_USD	2018-10-18	0.045000	0.045000	0.045000	0.045000	0
ENJ_USD	2018-10-17	0.035130	0.035130	0.035130	0.035130	0
ENJ_USD	2018-10-16	0.035130	0.049860	0.049860	0.035130	0
ENJ_USD	2018-10-15	0.049860	0.034170	0.051920	0.034170	1100
ENJ_USD	2018-10-14	0.034170	0.047940	0.047940	0.034170	0
ENJ_USD	2018-10-13	0.047940	0.033855	0.047940	0.033855	100
ENJ_USD	2018-10-12	0.033855	0.047310	0.047310	0.033855	0
ENJ_USD	2018-10-11	0.047310	0.036610	0.052820	0.036610	4200
ENJ_USD	2018-10-10	0.036610	0.052820	0.052820	0.036610	0
ENJ_USD	2018-10-09	0.052820	0.052740	0.053970	0.036570	900
ENJ_USD	2018-10-08	0.052740	0.052740	0.052740	0.036570	0
ENJ_USD	2018-10-07	0.052740	0.038950	0.052740	0.038950	200
ENJ_USD	2018-10-03	0.038950	0.038950	0.038950	0.038950	0
ENJ_USD	2018-10-02	0.038950	0.038950	0.038950	0.038950	0
ENJ_USD	2018-10-01	0.038950	0.057500	0.057500	0.038950	0
ENJ_USD	2018-09-30	0.057500	0.062050	0.062050	0.057500	200
ENJ_USD	2018-09-29	0.062050	0.066150	0.069940	0.060550	59300
ENJ_USD	2018-09-28	0.066150	0.042480	0.074590	0.042480	55500
ENJ_USD	2018-09-27	0.042480	0.040500	0.042480	0.030450	900
ENJ_USD	2018-09-26	0.040500	0.038800	0.041000	0.029600	7100
ENJ_USD	2018-09-25	0.038800	0.038800	0.038800	0.038800	0
ENJ_USD	2018-09-21	0.029140	0.029140	0.029140	0.029140	0
ENJ_USD	2018-09-20	0.029140	0.037880	0.037880	0.029140	0
ENJ_USD	2018-09-19	0.037880	0.040480	0.041000	0.037880	900
ENJ_USD	2018-09-18	0.040480	0.041500	0.041500	0.038400	12200
ENJ_USD	2018-09-17	0.041500	0.031555	0.042710	0.031555	12400
ENJ_USD	2018-09-16	0.031555	0.042710	0.042710	0.031555	0
ENJ_USD	2018-09-15	0.042710	0.039000	0.042710	0.039000	11900
ENJ_USD	2018-09-14	0.039000	0.031680	0.041930	0.026040	10500
ENJ_USD	2018-09-13	0.031680	0.031680	0.041930	0.026040	0
ENJ_USD	2018-09-12	0.031680	0.036000	0.036000	0.031680	1900
ENJ_USD	2018-09-11	0.036000	0.037810	0.037810	0.029105	200
ENJ_USD	2018-09-10	0.037810	0.037430	0.037810	0.028915	7700
ENJ_USD	2018-09-09	0.037430	0.045180	0.045180	0.032790	1000
ENJ_USD	2018-09-08	0.045180	0.047180	0.047180	0.045180	11700
ENJ_USD	2018-09-07	0.047180	0.048050	0.048050	0.044730	57000
ENJ_USD	2018-09-06	0.048050	0.042140	0.060930	0.042070	50400
ENJ_USD	2018-09-05	0.042140	0.050690	0.050690	0.042140	1800
ENJ_USD	2018-09-04	0.050690	0.046560	0.050720	0.046560	18200
ENJ_USD	2018-09-03	0.046560	0.046560	0.046560	0.033480	100
ENJ_USD	2018-09-02	0.046560	0.044950	0.048020	0.044950	5400
ENJ_USD	2018-09-01	0.044950	0.041490	0.045580	0.030945	5100
ENJ_USD	2018-08-31	0.041490	0.032895	0.041490	0.032895	1200
ENJ_USD	2018-08-30	0.032895	0.045390	0.045390	0.032895	0
ENJ_USD	2018-08-29	0.045390	0.043560	0.045390	0.043560	2000
ENJ_USD	2018-08-28	0.043560	0.039920	0.043620	0.039920	14300
ENJ_USD	2018-08-27	0.039920	0.027450	0.039920	0.027450	100
ENJ_USD	2018-08-26	0.027450	0.027450	0.027450	0.027450	0
ENJ_USD	2018-08-25	0.027450	0.027450	0.027450	0.027450	0
ENJ_USD	2018-08-24	0.027450	0.034500	0.034500	0.027450	0
ENJ_USD	2018-08-23	0.034500	0.037050	0.037050	0.034290	5200
ENJ_USD	2018-08-22	0.037050	0.038000	0.039450	0.037050	1300
ENJ_USD	2018-08-21	0.038000	0.036340	0.038000	0.036340	2800
ENJ_USD	2018-08-20	0.036340	0.036340	0.036340	0.036340	0
ENJ_USD	2018-08-19	0.031765	0.031765	0.031765	0.031765	0
ENJ_USD	2018-08-18	0.031765	0.043130	0.043130	0.031765	0
ENJ_USD	2018-08-17	0.043130	0.029404	0.043130	0.029230	500
ENJ_USD	2018-08-16	0.029404	0.036100	0.037015	0.029404	1373
ENJ_USD	2018-08-15	0.036100	0.035533	0.039900	0.035528	22400
ENJ_USD	2018-08-14	0.035533	0.036230	0.036230	0.027999	40500
ENJ_USD	2018-08-13	0.036230	0.039140	0.039140	0.035870	4900
ENJ_USD	2018-08-12	0.039140	0.041080	0.041080	0.039140	15600
ENJ_USD	2018-08-11	0.041080	0.044870	0.044870	0.036970	18600
ENJ_USD	2018-08-10	0.044870	0.044200	0.044870	0.044200	2300
ENJ_USD	2018-08-09	0.044200	0.044120	0.053970	0.044120	2200
ENJ_USD	2018-08-08	0.044120	0.040430	0.046690	0.040430	15200
ENJ_USD	2018-08-07	0.040430	0.048260	0.048260	0.040430	0
ENJ_USD	2018-08-06	0.048260	0.048260	0.048260	0.040430	0
ENJ_USD	2018-08-05	0.048260	0.050590	0.050590	0.041595	2000
ENJ_USD	2018-08-04	0.050590	0.042640	0.059740	0.042640	7900
ENJ_USD	2018-08-03	0.042640	0.052680	0.052680	0.042640	0
ENJ_USD	2018-08-02	0.052680	0.055600	0.055600	0.052680	7500
ENJ_USD	2018-08-01	0.055600	0.056010	0.056010	0.052830	7900
ENJ_USD	2018-07-31	0.056010	0.047325	0.058080	0.047325	600
ENJ_USD	2018-07-30	0.047325	0.062050	0.062050	0.047325	0
ENJ_USD	2018-07-29	0.062050	0.062140	0.062140	0.062050	900
ENJ_USD	2018-07-28	0.062140	0.061720	0.064580	0.061720	900
ENJ_USD	2018-07-27	0.061720	0.047450	0.064890	0.047450	25000
ENJ_USD	2018-07-26	0.047450	0.062300	0.062300	0.047450	0
ENJ_USD	2018-07-25	0.062300	0.066330	0.067500	0.061230	6200
ENJ_USD	2018-07-24	0.066330	0.055920	0.066930	0.053990	25300
ENJ_USD	2018-07-23	0.055920	0.063510	0.063510	0.048055	21100
ENJ_USD	2018-07-22	0.063510	0.045307	0.063510	0.045307	1300
ENJ_USD	2018-07-21	0.045307	0.060720	0.060720	0.045307	1725
ENJ_USD	2018-07-20	0.060720	0.062490	0.070490	0.058000	9600
ENJ_USD	2018-07-19	0.062490	0.065820	0.065820	0.062490	300
ENJ_USD	2018-07-18	0.065820	0.064220	0.065820	0.064220	200
ENJ_USD	2018-07-17	0.064220	0.063860	0.066300	0.058300	6100
ENJ_USD	2018-07-16	0.063860	0.057820	0.063860	0.057820	2200
ENJ_USD	2018-07-15	0.057820	0.056920	0.057820	0.056680	500
ENJ_USD	2018-07-14	0.056920	0.057590	0.059900	0.056920	300
ENJ_USD	2018-07-13	0.057590	0.059000	0.059580	0.057590	500
ENJ_USD	2018-07-12	0.059000	0.063750	0.065110	0.058030	18500
ENJ_USD	2018-07-11	0.063750	0.063050	0.066170	0.063050	11100
ENJ_USD	2018-07-10	0.063050	0.072730	0.078290	0.063050	5900
ENJ_USD	2018-07-09	0.072730	0.066360	0.082340	0.066360	4700
ENJ_USD	2018-07-08	0.066360	0.062990	0.068500	0.062990	7700
ENJ_USD	2018-07-07	0.062990	0.061760	0.067340	0.061240	11000
ENJ_USD	2018-07-06	0.061760	0.065080	0.065080	0.060900	8000
ENJ_USD	2018-07-05	0.067140	0.068140	0.069060	0.065190	8800
ENJ_USD	2018-07-04	0.068140	0.062550	0.068140	0.060970	4900
ENJ_USD	2018-07-03	0.062550	0.063090	0.063140	0.061160	1900
ENJ_USD	2018-07-02	0.063090	0.057120	0.063830	0.057120	5400
ENJ_USD	2018-07-01	0.056760	0.055280	0.091820	0.055280	30400
ENJ_USD	2018-06-30	0.055280	0.049730	0.085950	0.049730	29100
ENJ_USD	2018-06-29	0.049730	0.052970	0.052970	0.049730	1300
ENJ_USD	2018-06-28	0.052960	0.060840	0.064990	0.052960	9400
ENJ_USD	2018-06-27	0.052950	0.055840	0.055840	0.051650	24800
ENJ_USD	2018-06-26	0.055840	0.056900	0.058420	0.050080	65700
ENJ_USD	2018-06-25	0.057510	0.057390	0.061690	0.055810	29800
ENJ_USD	2018-06-24	0.057390	0.057400	0.058060	0.050430	29800
ENJ_USD	2018-06-23	0.057400	0.059184	0.059184	0.053570	38900
ENJ_USD	2018-06-22	0.058368	0.067690	0.069310	0.055860	66290
ENJ_USD	2018-06-21	0.069770	0.070340	0.071990	0.068060	19200
ENJ_USD	2018-06-20	0.070340	0.073460	0.073460	0.070260	2900
ENJ_USD	2018-06-19	0.073340	0.073890	0.075880	0.071010	13300
ENJ_USD	2018-06-18	0.073890	0.080819	0.080819	0.064630	25600
ENJ_USD	2018-06-17	0.080575	0.079080	0.080575	0.077727	1649
ENJ_USD	2018-06-16	0.079810	0.078420	0.079810	0.074240	4500
ENJ_USD	2018-06-15	0.075930	0.085370	0.085370	0.074080	22500
ENJ_USD	2018-06-14	0.080920	0.074180	0.085060	0.074180	26000
ENJ_USD	2018-06-13	0.075840	0.084720	0.090020	0.073090	99600
ENJ_USD	2018-06-12	0.084720	0.088610	0.096060	0.083660	21300
ENJ_USD	2018-06-11	0.088610	0.088600	0.088610	0.080090	12100
ENJ_USD	2018-06-10	0.087140	0.108452	0.108466	0.086060	17000
ENJ_USD	2018-06-09	0.105549	0.105540	0.111361	0.104441	11008
ENJ_USD	2018-06-08	0.106233	0.109744	0.129759	0.100762	40403
ENJ_USD	2018-06-07	0.114329	0.094440	0.116223	0.094440	86597
ENJ_USD	2018-06-06	0.097330	0.100270	0.100510	0.093240	54500
ENJ_USD	2018-06-05	0.100270	0.096100	0.103356	0.094920	10400
ENJ_USD	2018-06-04	0.096950	0.105400	0.106164	0.096950	23500
ENJ_USD	2018-06-03	0.106042	0.106200	0.108000	0.102652	21001
ENJ_USD	2018-06-02	0.106200	0.102730	0.107900	0.101500	22300
ENJ_USD	2018-06-01	0.102730	0.106730	0.107070	0.102280	7100
ENJ_USD	2018-05-31	0.109270	0.114241	0.114241	0.103840	4800
ENJ_USD	2018-05-30	0.114265	0.099070	0.114400	0.099070	8000
ENJ_USD	2018-05-29	0.104720	0.099159	0.105750	0.095170	32800
ENJ_USD	2018-05-28	0.099127	0.044805	0.123816	0.030672	14316
ENJ_USD	2018-05-27	0.039838	0.113235	0.115910	0.039408	6890
ENJ_USD	2018-05-26	0.116784	0.113630	0.116784	0.111179	4963
ENJ_USD	2018-05-25	0.113630	0.120159	0.121791	0.113400	8000
ENJ_USD	2018-05-24	0.120151	0.114797	0.129429	0.111680	15408
ENJ_USD	2018-05-23	0.118370	0.125647	0.132770	0.111727	14147
ENJ_USD	2018-05-22	0.131816	0.139730	0.142660	0.131816	11074
ENJ_USD	2018-05-21	0.139730	0.141410	0.142400	0.138850	4800
ENJ_USD	2018-05-20	0.141410	0.140000	0.141410	0.135990	4700
ENJ_USD	2018-05-19	0.140000	0.132727	0.140000	0.132707	1600
ENJ_USD	2018-05-18	0.132727	0.130520	0.132941	0.121859	15175
ENJ_USD	2018-05-17	0.128240	0.137960	0.141100	0.120020	17200
ENJ_USD	2018-05-16	0.137960	0.142430	0.142710	0.127740	16300
ENJ_USD	2018-05-15	0.136050	0.141910	0.147900	0.134910	8400
ENJ_USD	2018-05-14	0.141910	0.147454	0.149930	0.127380	25700
ENJ_USD	2018-05-13	0.147454	0.128780	0.148818	0.128780	41378
ENJ_USD	2018-05-12	0.140740	0.135823	0.143980	0.126137	25900
ENJ_USD	2018-05-11	0.135823	0.153080	0.153080	0.129500	23777
ENJ_USD	2018-05-10	0.153080	0.149050	0.159980	0.147700	43400
ENJ_USD	2018-05-09	0.149050	0.148470	0.153990	0.140260	47000
ENJ_USD	2018-05-08	0.152010	0.160740	0.160740	0.139230	21100
ENJ_USD	2018-05-07	0.157200	0.153810	0.158000	0.130000	27200
ENJ_USD	2018-05-06	0.153810	0.163550	0.163550	0.147900	29600
ENJ_USD	2018-05-05	0.163550	0.175100	0.177630	0.162460	11600
ENJ_USD	2018-05-04	0.175100	0.170442	0.178995	0.165930	15300
ENJ_USD	2018-05-03	0.170433	0.160825	0.176418	0.158584	21843
ENJ_USD	2018-05-02	0.160825	0.154340	0.160825	0.150450	6283
ENJ_USD	2018-05-01	0.154340	0.157786	0.170915	0.143819	40200
ENJ_USD	2018-04-30	0.157786	0.160931	0.166930	0.155327	28355
ENJ_USD	2018-04-29	0.160931	0.151665	0.162645	0.147708	17550
ENJ_USD	2018-04-28	0.151665	0.148051	0.157641	0.130972	25850
ENJ_USD	2018-04-27	0.148051	0.148128	0.154037	0.139489	26955
ENJ_USD	2018-04-26	0.148128	0.136121	0.149052	0.129414	20445
ENJ_USD	2018-04-25	0.136121	0.159099	0.159099	0.128250	60276
ENJ_USD	2018-04-24	0.159099	0.144261	0.162047	0.142340	43914
ENJ_USD	2018-04-23	0.144261	0.141688	0.148576	0.135158	27049
ENJ_USD	2018-04-22	0.141688	0.128255	0.142018	0.128255	16849
ENJ_USD	2018-04-21	0.128255	0.136158	0.136757	0.126676	23549
ENJ_USD	2018-04-20	0.136160	0.133775	0.138638	0.130302	38649
ENJ_USD	2018-04-19	0.133775	0.128939	0.133775	0.118174	17549
ENJ_USD	2018-04-18	0.128941	0.118524	0.133989	0.118175	23349
ENJ_USD	2018-04-17	0.118524	0.115273	0.125412	0.113918	47849
ENJ_USD	2018-04-16	0.115273	0.120070	0.121809	0.111203	17149
ENJ_USD	2018-04-15	0.120070	0.115465	0.122099	0.111765	16649
ENJ_USD	2018-04-14	0.115465	0.112846	0.118220	0.104034	13349
ENJ_USD	2018-04-13	0.112850	0.106721	0.119754	0.106721	11549
ENJ_USD	2018-04-12	0.106724	0.101541	0.119187	0.097026	22549
ENJ_USD	2018-04-11	0.101541	0.104020	0.104020	0.100000	3049
ENJ_USD	2018-04-10	0.104021	0.097600	0.119237	0.096824	48449
ENJ_USD	2018-04-09	0.097600	0.112353	0.124713	0.096936	4149
ENJ_USD	2018-04-08	0.112353	0.097457	0.119990	0.094033	13949
ENJ_USD	2018-04-07	0.097457	0.100915	0.101352	0.097457	2249
ENJ_USD	2018-04-06	0.100915	0.061248	0.102827	0.061248	9349
ENJ_USD	2018-04-05	0.061248	0.051345	0.061248	0.046780	13790
ENJ_USD	2018-04-04	0.051345	0.080730	0.082074	0.051345	9590
ENJ_USD	2018-04-03	0.080730	0.054769	0.080730	0.054769	23090
ENJ_USD	2018-04-02	0.054769	0.091280	0.091280	0.054769	10490
ENJ_USD	2018-04-01	0.091280	0.045775	0.102660	0.045775	9200
ENJ_USD	2018-03-31	0.045775	0.078443	0.080692	0.045775	8490
ENJ_USD	2018-03-30	0.078443	0.061819	0.080157	0.060172	21390
ENJ_USD	2018-03-29	0.061819	0.124927	0.125657	0.061819	11590
ENJ_USD	2018-03-28	0.124927	0.126039	0.135498	0.120000	7900
ENJ_USD	2018-03-27	0.126039	0.134675	0.134675	0.119540	2300
ENJ_USD	2018-03-26	0.134675	0.126592	0.156984	0.117556	10600
ENJ_USD	2018-03-25	0.126592	0.123491	0.139963	0.123480	9900
ENJ_USD	2018-03-24	0.123491	0.119691	0.124949	0.119123	36500
ENJ_USD	2018-03-23	0.119687	0.110361	0.119932	0.100541	18600
ENJ_USD	2018-03-22	0.110361	0.131112	0.131112	0.110228	10800
ENJ_USD	2018-03-21	0.131112	0.115444	0.138730	0.113459	12800
ENJ_USD	2018-03-20	0.115444	0.112915	0.117614	0.110756	4500
ENJ_USD	2018-03-19	0.112915	0.105073	0.141581	0.098386	23000
ENJ_USD	2018-03-18	0.105073	0.104190	0.105427	0.080356	82400
ENJ_USD	2018-03-17	0.104190	0.121990	0.126129	0.103664	3800
ENJ_USD	2018-03-16	0.121990	0.107407	0.121990	0.100178	4200
ENJ_USD	2018-03-15	0.107407	0.124984	0.124984	0.100067	21700
ENJ_USD	2018-03-14	0.124984	0.139876	0.139876	0.124984	62200
ENJ_USD	2018-03-13	0.139876	0.139661	0.141075	0.127941	18800
ENJ_USD	2018-03-12	0.139661	0.145835	0.165649	0.139491	13800
ENJ_USD	2018-03-11	0.145835	0.139661	0.146233	0.126117	5500
ENJ_USD	2018-03-10	0.139661	0.144337	0.147587	0.129891	13800
ENJ_USD	2018-03-09	0.144342	0.146784	0.146784	0.129655	14600
ENJ_USD	2018-03-08	0.146784	0.152727	0.152727	0.130017	500
ENJ_USD	2018-03-07	0.152727	0.168714	0.173375	0.144594	2200
ENJ_USD	2018-03-06	0.168714	0.200475	0.202892	0.157485	24200
ENJ_USD	2018-03-05	0.200475	0.188394	0.200475	0.180525	1200
ENJ_USD	2018-03-04	0.188394	0.182301	0.199080	0.177272	3500
ENJ_USD	2018-03-03	0.182299	0.194532	0.198264	0.151916	33700
ENJ_USD	2018-03-02	0.194532	0.184619	0.194532	0.175246	3500
ENJ_USD	2018-03-01	0.184619	0.189780	0.194200	0.166730	16800
ENJ_USD	2018-02-28	0.189780	0.190730	0.191000	0.172100	8600
ENJ_USD	2018-02-27	0.190730	0.189720	0.195060	0.182500	7800
ENJ_USD	2018-02-26	0.189720	0.180990	0.196490	0.168750	21000
ENJ_USD	2018-02-25	0.180990	0.162610	0.180990	0.159270	9400
ENJ_USD	2018-02-24	0.162610	0.179200	0.192200	0.161790	33700
ENJ_USD	2018-02-23	0.179200	0.184990	0.187830	0.158790	97500
ENJ_USD	2018-02-22	0.184990	0.211200	0.211350	0.175000	26400
ENJ_USD	2018-02-21	0.211200	0.214000	0.216230	0.180010	27600
ENJ_USD	2018-02-20	0.214000	0.240490	0.275000	0.200000	33900
ENJ_USD	2018-02-19	0.240490	0.190450	0.240870	0.190000	44300
ENJ_USD	2018-02-18	0.190450	0.218040	0.225040	0.184820	10700
ENJ_USD	2018-02-17	0.218040	0.181140	0.250000	0.181140	87300
ENJ_USD	2018-02-16	0.181140	0.173400	0.182000	0.169760	22700
ENJ_USD	2018-02-15	0.173400	0.164070	0.177390	0.158680	33500
ENJ_USD	2018-02-14	0.164070	0.158500	0.166480	0.138230	35300
ENJ_USD	2018-02-13	0.158500	0.147000	0.158500	0.137500	24300
ENJ_USD	2018-02-12	0.147000	0.134640	0.150000	0.130000	18600
ENJ_USD	2018-02-11	0.134640	0.146790	0.148880	0.125530	6600
ENJ_USD	2018-02-10	0.146790	0.163540	0.170000	0.143620	25000
ENJ_USD	2018-02-09	0.163570	0.151540	0.169670	0.149450	42300
ENJ_USD	2018-02-08	0.151540	0.129960	0.168960	0.129960	52500
ENJ_USD	2018-02-07	0.129960	0.146110	0.190000	0.129960	25300
ENJ_USD	2018-02-06	0.146110	0.104510	0.198560	0.090030	71000
ENJ_USD	2018-02-05	0.104510	0.146710	0.146710	0.093210	198600
ENJ_USD	2018-02-04	0.146710	0.180540	0.188120	0.146710	13000
ENJ_USD	2018-02-03	0.180540	0.172000	0.192260	0.161440	41200
ENJ_USD	2018-02-02	0.172000	0.180010	0.260550	0.135620	73700
