ENRG_USD	2019-04-09	0.003203	0.003246	0.003246	0.003155	0
ENRG_USD	2019-04-08	0.003246	0.003200	0.003270	0.003141	0
ENRG_USD	2019-04-07	0.003200	0.003099	0.003233	0.003096	0
ENRG_USD	2019-04-06	0.003099	0.003101	0.003219	0.003031	0
ENRG_USD	2019-04-05	0.003101	0.003010	0.003122	0.003009	0
ENRG_USD	2019-04-04	0.003010	0.003037	0.003110	0.002949	0
ENRG_USD	2019-04-03	0.003037	0.003008	0.003249	0.002959	0
ENRG_USD	2019-04-02	0.003008	0.002561	0.003097	0.002556	0
ENRG_USD	2019-04-01	0.002561	0.002555	0.002575	0.002554	0
ENRG_USD	2019-03-31	0.002542	0.002541	0.002551	0.002534	0
ENRG_USD	2019-03-30	0.002541	0.002549	0.002568	0.002517	0
ENRG_USD	2019-03-29	0.002549	0.002496	0.002554	0.002492	0
ENRG_USD	2019-03-28	0.002496	0.002503	0.002503	0.002481	0
ENRG_USD	2019-03-27	0.002503	0.002435	0.002507	0.002428	0
ENRG_USD	2019-03-26	0.002435	0.002422	0.002437	0.002410	0
ENRG_USD	2019-03-25	0.002422	0.002465	0.002470	0.002403	0
ENRG_USD	2019-03-24	0.002465	0.002479	0.002479	0.002448	0
ENRG_USD	2019-03-23	0.002479	0.002470	0.002487	0.002462	0
ENRG_USD	2019-03-22	0.002470	0.002467	0.002482	0.002461	0
ENRG_USD	2019-03-21	0.002467	0.002518	0.002529	0.002444	0
ENRG_USD	2019-03-20	0.002518	0.002506	0.002523	0.002484	0
ENRG_USD	2019-03-19	0.002506	0.002485	0.002512	0.002475	0
ENRG_USD	2019-03-18	0.002485	0.002482	0.002512	0.002463	0
ENRG_USD	2019-03-17	0.002482	0.002495	0.002495	0.002465	0
ENRG_USD	2019-03-16	0.002495	0.002442	0.002533	0.002442	0
ENRG_USD	2019-03-15	0.002442	0.002409	0.002447	0.002409	0
ENRG_USD	2019-03-14	0.002409	0.002408	0.002440	0.002372	0
ENRG_USD	2019-03-13	0.002408	0.002412	0.002422	0.002394	0
ENRG_USD	2019-03-12	0.002412	0.002411	0.002427	0.002377	0
ENRG_USD	2019-03-11	0.002411	0.002440	0.002446	0.002392	0
ENRG_USD	2019-03-10	0.002440	0.002449	0.002451	0.002418	0
ENRG_USD	2019-03-09	0.002449	0.002404	0.002467	0.002400	0
ENRG_USD	2019-03-08	0.002404	0.002418	0.002452	0.002364	0
ENRG_USD	2019-03-07	0.002418	0.002410	0.002436	0.002401	0
ENRG_USD	2019-03-06	0.002410	0.002410	0.002426	0.002386	0
ENRG_USD	2019-03-05	0.002410	0.002318	0.002420	0.002310	0
ENRG_USD	2019-03-04	0.002318	0.002370	0.002383	0.002298	0
ENRG_USD	2019-03-03	0.002370	0.002387	0.002393	0.002355	0
ENRG_USD	2019-03-02	0.002387	0.002389	0.002393	0.002352	0
ENRG_USD	2019-03-01	0.002389	0.002376	0.002408	0.002375	0
ENRG_USD	2019-02-28	0.002376	0.002380	0.002432	0.002370	0
ENRG_USD	2019-02-27	0.002380	0.002378	0.002400	0.002301	0
ENRG_USD	2019-02-26	0.002378	0.002393	0.002400	0.002363	0
ENRG_USD	2019-02-25	0.002393	0.002338	0.002418	0.002337	0
ENRG_USD	2019-02-24	0.002338	0.002569	0.002612	0.002326	0
ENRG_USD	2019-02-23	0.002569	0.002480	0.002596	0.002449	0
ENRG_USD	2019-02-22	0.002480	0.002446	0.002485	0.002435	0
ENRG_USD	2019-02-21	0.002446	0.002477	0.002514	0.002425	0
ENRG_USD	2019-02-20	0.002477	0.002435	0.002481	0.002421	0
ENRG_USD	2019-02-19	0.002435	0.002427	0.002490	0.002405	0
ENRG_USD	2019-02-18	0.002427	0.002279	0.002445	0.002272	0
ENRG_USD	2019-02-17	0.002279	0.002243	0.002308	0.002238	0
ENRG_USD	2019-02-16	0.002243	0.002235	0.002271	0.002235	0
ENRG_USD	2019-02-15	0.002235	0.002231	0.002267	0.002223	0
ENRG_USD	2019-02-14	0.002231	0.002238	0.002245	0.002222	0
ENRG_USD	2019-02-13	0.002238	0.002253	0.002279	0.002227	0
ENRG_USD	2019-02-12	0.002253	0.002245	0.002271	0.002224	0
ENRG_USD	2019-02-11	0.002245	0.002286	0.002287	0.002243	0
ENRG_USD	2019-02-10	0.002286	0.002268	0.002286	0.002237	0
ENRG_USD	2019-02-09	0.002268	0.002272	0.002280	0.002253	0
ENRG_USD	2019-02-08	0.002272	0.002096	0.002314	0.002091	0
ENRG_USD	2019-02-07	0.002096	0.002106	0.002112	0.002093	0
ENRG_USD	2019-02-06	0.002106	0.002142	0.002148	0.002088	0
ENRG_USD	2019-02-05	0.002142	0.002129	0.002145	0.002120	0
ENRG_USD	2019-02-04	0.002129	0.002136	0.002147	0.002120	0
ENRG_USD	2019-02-03	0.002136	0.002171	0.002176	0.002117	0
ENRG_USD	2019-02-02	0.002171	0.002158	0.002179	0.002136	0
ENRG_USD	2019-02-01	0.002158	0.002137	0.002168	0.002114	0
ENRG_USD	2019-01-31	0.002137	0.002153	0.002176	0.002124	0
ENRG_USD	2019-01-30	0.002153	0.002122	0.002163	0.002106	0
ENRG_USD	2019-01-29	0.002122	0.002136	0.002143	0.002088	0
ENRG_USD	2019-01-28	0.002136	0.002194	0.002195	0.002108	0
ENRG_USD	2019-01-27	0.002194	0.002216	0.002222	0.002162	0
ENRG_USD	2019-01-26	0.002216	0.002214	0.002277	0.002211	0
ENRG_USD	2019-01-25	0.002214	0.002228	0.002235	0.002193	0
ENRG_USD	2019-01-24	0.002228	0.002208	0.002237	0.002190	0
ENRG_USD	2019-01-23	0.002208	0.002220	0.002240	0.002191	0
ENRG_USD	2019-01-22	0.002220	0.002184	0.002243	0.002136	0
ENRG_USD	2019-01-21	0.002184	0.002187	0.002200	0.002167	0
ENRG_USD	2019-01-20	0.002187	0.002297	0.002316	0.002164	0
ENRG_USD	2019-01-19	0.002296	0.002242	0.002348	0.002241	0
ENRG_USD	2019-01-18	0.002242	0.002269	0.002272	0.002229	0
ENRG_USD	2019-01-17	0.002269	0.002240	0.002271	0.002208	0
ENRG_USD	2019-01-16	0.002240	0.002230	0.002277	0.002222	0
ENRG_USD	2019-01-15	0.002230	0.002287	0.002302	0.002216	0
ENRG_USD	2019-01-14	0.002287	0.002191	0.002316	0.002184	0
ENRG_USD	2019-01-13	0.002191	0.002258	0.002268	0.002179	0
ENRG_USD	2019-01-12	0.002258	0.002266	0.002278	0.002239	0
ENRG_USD	2019-01-11	0.002266	0.002265	0.002299	0.002237	0
ENRG_USD	2019-01-10	0.002265	0.002491	0.002523	0.002249	0
ENRG_USD	2019-01-09	0.002491	0.002501	0.002538	0.002462	0
ENRG_USD	2019-01-08	0.002501	0.002510	0.002567	0.002476	0
ENRG_USD	2019-01-07	0.002510	0.002545	0.002560	0.002488	0
ENRG_USD	2019-01-06	0.002545	0.002386	0.004772	0.002372	0
ENRG_USD	2019-01-05	0.002386	0.002414	0.002449	0.002382	0
ENRG_USD	2019-01-04	0.002414	0.002392	0.002431	0.002354	0
ENRG_USD	2019-01-03	0.002392	0.002471	0.002474	0.002381	0
ENRG_USD	2019-01-02	0.002471	0.002414	0.002484	0.002391	0
ENRG_USD	2019-01-01	0.002414	0.002337	0.002428	0.002311	0
ENRG_USD	2018-12-31	0.002337	0.002423	0.002430	0.002307	0
ENRG_USD	2018-12-30	0.002423	0.002368	0.002434	0.002346	0
ENRG_USD	2018-12-29	0.002368	0.002462	0.002494	0.002360	0
ENRG_USD	2018-12-28	0.002462	0.002265	0.002492	0.002255	0
ENRG_USD	2018-12-27	0.002265	0.002397	0.002417	0.002250	0
ENRG_USD	2018-12-26	0.002397	0.002382	0.002434	0.002325	0
ENRG_USD	2018-12-25	0.002382	0.002528	0.002533	0.002330	0
ENRG_USD	2018-12-24	0.002528	0.002483	0.002674	0.002483	0
ENRG_USD	2018-12-23	0.002483	0.002517	0.002568	0.002463	0
ENRG_USD	2018-12-22	0.002517	0.002423	0.002529	0.002391	0
ENRG_USD	2018-12-21	0.002423	0.002571	0.002616	0.002382	0
ENRG_USD	2018-12-20	0.002571	0.002324	0.002620	0.002307	0
ENRG_USD	2018-12-19	0.002324	0.002305	0.002464	0.002295	0
ENRG_USD	2018-12-18	0.002305	0.002211	0.002317	0.002166	0
ENRG_USD	2018-12-17	0.002211	0.002013	0.002260	0.002004	0
ENRG_USD	2018-12-16	0.002013	0.002005	0.002060	0.001999	0
ENRG_USD	2018-12-15	0.002005	0.002002	0.002025	0.001963	0
ENRG_USD	2018-12-14	0.002002	0.002044	0.002066	0.001968	0
ENRG_USD	2018-12-13	0.002044	0.002158	0.002161	0.002031	0
ENRG_USD	2018-12-12	0.002158	0.002087	0.002199	0.002084	0
ENRG_USD	2018-12-11	0.002106	0.002150	0.002165	0.002071	0
ENRG_USD	2018-12-10	0.002150	0.002224	0.002257	0.002120	0
ENRG_USD	2018-12-09	0.002224	0.002139	0.002304	0.002116	0
ENRG_USD	2018-12-08	0.002139	0.002110	0.002231	0.002023	0
ENRG_USD	2018-12-07	0.002110	0.002159	0.002196	0.002003	0
ENRG_USD	2018-12-06	0.002159	0.002298	0.002389	0.002145	0
ENRG_USD	2018-12-05	0.002298	0.002429	0.002438	0.002288	0
ENRG_USD	2018-12-04	0.002429	0.002381	0.002522	0.002324	0
ENRG_USD	2018-12-03	0.002381	0.002537	0.002549	0.002342	0
ENRG_USD	2018-12-02	0.002537	0.002588	0.002655	0.002518	0
ENRG_USD	2018-12-01	0.002588	0.002463	0.002647	0.002427	0
ENRG_USD	2018-11-30	0.002463	0.002630	0.002658	0.002419	0
ENRG_USD	2018-11-29	0.002630	0.002627	0.002726	0.002551	0
ENRG_USD	2018-11-28	0.002627	0.002370	0.002703	0.002370	0
ENRG_USD	2018-11-27	0.002370	0.002353	0.002405	0.002265	0
ENRG_USD	2018-11-26	0.002353	0.002504	0.002559	0.002267	0
ENRG_USD	2018-11-25	0.002504	0.002398	0.002562	0.002234	0
ENRG_USD	2018-11-24	0.002398	0.002698	0.002754	0.002339	0
ENRG_USD	2018-11-23	0.002698	0.002679	0.002734	0.002593	0
ENRG_USD	2018-11-22	0.002679	0.002849	0.002877	0.002679	0
ENRG_USD	2018-11-21	0.002849	0.002799	0.002911	0.002702	0
ENRG_USD	2018-11-20	0.002799	0.003012	0.003078	0.002634	0
ENRG_USD	2018-11-19	0.003012	0.003452	0.003452	0.002984	0
ENRG_USD	2018-11-18	0.003452	0.003432	0.003483	0.003429	0
ENRG_USD	2018-11-17	0.003432	0.003453	0.003453	0.003400	0
ENRG_USD	2018-11-16	0.003453	0.003508	0.003512	0.003389	0
ENRG_USD	2018-11-15	0.003508	0.003590	0.003617	0.003319	0
ENRG_USD	2018-11-14	0.003590	0.003943	0.003956	0.003480	0
ENRG_USD	2018-11-13	0.003943	0.003933	0.003963	0.003906	0
ENRG_USD	2018-11-12	0.003933	0.003941	0.003953	0.003915	0
ENRG_USD	2018-11-11	0.003941	0.003923	0.003941	0.003882	0
ENRG_USD	2018-11-10	0.003923	0.003916	0.003942	0.003913	0
ENRG_USD	2018-11-09	0.003916	0.003953	0.003967	0.003900	0
ENRG_USD	2018-11-08	0.003953	0.004009	0.004017	0.003951	0
ENRG_USD	2018-11-07	0.004009	0.003974	0.004030	0.003972	0
ENRG_USD	2018-11-06	0.003974	0.003947	0.003974	0.003933	0
ENRG_USD	2018-11-05	0.003947	0.003956	0.003962	0.003928	0
ENRG_USD	2018-11-04	0.003956	0.003897	0.003971	0.003880	0
ENRG_USD	2018-11-03	0.003897	0.003920	0.003924	0.003863	0
ENRG_USD	2018-11-02	0.003920	0.003904	0.003937	0.003899	0
ENRG_USD	2018-11-01	0.003904	0.003885	0.003918	0.003876	0
ENRG_USD	2018-10-31	0.003885	0.003861	0.003903	0.003813	0
ENRG_USD	2018-10-30	0.003861	0.003870	0.003892	0.003851	0
ENRG_USD	2018-10-29	0.003870	0.003959	0.003966	0.003856	0
ENRG_USD	2018-10-28	0.003959	0.003965	0.003971	0.003938	0
ENRG_USD	2018-10-27	0.003965	0.003984	0.003998	0.003954	0
ENRG_USD	2018-10-26	0.003984	0.005451	0.005911	0.003495	0
ENRG_USD	2018-10-25	0.005451	0.006161	0.007303	0.005434	0
ENRG_USD	2018-10-24	0.006161	0.005437	0.006632	0.004953	0
ENRG_USD	2018-10-23	0.005437	0.006305	0.006351	0.004756	0
ENRG_USD	2018-10-22	0.006305	0.007675	0.007788	0.006098	0
ENRG_USD	2018-10-21	0.007675	0.007343	0.008942	0.007120	0
ENRG_USD	2018-10-20	0.007343	0.007539	0.007854	0.007009	0
ENRG_USD	2018-10-19	0.007539	0.008366	0.008420	0.006760	0
ENRG_USD	2018-10-18	0.008366	0.009193	0.009300	0.007747	0
ENRG_USD	2018-10-17	0.009193	0.008853	0.010248	0.008635	0
ENRG_USD	2018-10-16	0.008853	0.009944	0.010564	0.008689	0
ENRG_USD	2018-10-15	0.009944	0.009342	0.010600	0.008704	0
ENRG_USD	2018-10-14	0.009342	0.010881	0.011144	0.009293	0
ENRG_USD	2018-10-13	0.010881	0.009288	0.011302	0.008866	0
ENRG_USD	2018-10-12	0.009288	0.018359	0.024671	0.007987	0
ENRG_USD	2018-10-11	0.018359	0.015946	0.037767	0.013851	0
ENRG_USD	2018-10-10	0.015946	0.015058	0.016165	0.014594	0
ENRG_USD	2018-10-09	0.015058	0.014681	0.015367	0.014476	0
ENRG_USD	2018-10-08	0.014681	0.014951	0.015755	0.014546	0
ENRG_USD	2018-10-07	0.014951	0.016348	0.016371	0.014769	0
ENRG_USD	2018-10-06	0.016348	0.016379	0.016453	0.015754	0
ENRG_USD	2018-10-05	0.016379	0.016022	0.016379	0.015238	0
ENRG_USD	2018-10-04	0.016022	0.016583	0.017014	0.015856	0
ENRG_USD	2018-10-03	0.016583	0.016836	0.016854	0.016159	0
ENRG_USD	2018-10-02	0.016836	0.016832	0.017021	0.016450	0
ENRG_USD	2018-10-01	0.016832	0.016216	0.017074	0.015669	0
ENRG_USD	2018-09-30	0.016216	0.016941	0.016944	0.015999	0
ENRG_USD	2018-09-29	0.016941	0.017118	0.017755	0.016682	0
ENRG_USD	2018-09-28	0.017118	0.017625	0.018202	0.016789	0
ENRG_USD	2018-09-27	0.017625	0.016770	0.018092	0.016326	0
ENRG_USD	2018-09-26	0.016770	0.016473	0.017000	0.016316	0
ENRG_USD	2018-09-25	0.016473	0.016989	0.018382	0.016183	0
ENRG_USD	2018-09-24	0.016989	0.017113	0.017241	0.016555	0
ENRG_USD	2018-09-23	0.017113	0.017046	0.017467	0.016929	0
ENRG_USD	2018-09-22	0.017046	0.017032	0.017684	0.016870	0
ENRG_USD	2018-09-21	0.017032	0.017031	0.017957	0.016874	0
ENRG_USD	2018-09-20	0.017031	0.016842	0.017162	0.016240	0
ENRG_USD	2018-09-19	0.016842	0.017633	0.017764	0.016263	0
ENRG_USD	2018-09-18	0.017633	0.017607	0.018094	0.017394	0
ENRG_USD	2018-09-17	0.017607	0.018488	0.018779	0.017395	0
ENRG_USD	2018-09-16	0.018488	0.018419	0.018628	0.017892	0
ENRG_USD	2018-09-15	0.018419	0.019170	0.019732	0.018041	0
ENRG_USD	2018-09-14	0.019170	0.019038	0.019750	0.018835	0
ENRG_USD	2018-09-13	0.019038	0.018376	0.019726	0.018330	0
ENRG_USD	2018-09-12	0.018376	0.018776	0.019005	0.017912	0
ENRG_USD	2018-09-11	0.018776	0.017757	0.019842	0.017726	0
ENRG_USD	2018-09-10	0.017757	0.016972	0.017772	0.015810	0
ENRG_USD	2018-09-09	0.016972	0.017720	0.017902	0.016165	0
ENRG_USD	2018-09-08	0.017720	0.019212	0.019393	0.017549	0
ENRG_USD	2018-09-07	0.019212	0.020486	0.021141	0.018513	0
ENRG_USD	2018-09-06	0.020486	0.022693	0.022782	0.020078	0
ENRG_USD	2018-09-05	0.022693	0.025977	0.026111	0.022680	0
ENRG_USD	2018-09-04	0.025977	0.026753	0.027151	0.025912	0
ENRG_USD	2018-09-03	0.026753	0.027011	0.027126	0.025820	0
ENRG_USD	2018-09-02	0.027011	0.026199	0.027523	0.025941	0
ENRG_USD	2018-09-01	0.026199	0.027123	0.027535	0.025130	0
ENRG_USD	2018-08-31	0.027123	0.026893	0.027662	0.025309	0
ENRG_USD	2018-08-30	0.026893	0.025720	0.026948	0.024919	0
ENRG_USD	2018-08-29	0.025720	0.026013	0.026062	0.024969	0
ENRG_USD	2018-08-28	0.026013	0.025403	0.026184	0.024777	0
ENRG_USD	2018-08-27	0.025403	0.025023	0.025433	0.024465	0
ENRG_USD	2018-08-26	0.025023	0.025103	0.025259	0.024387	0
ENRG_USD	2018-08-25	0.025103	0.024635	0.026793	0.023712	0
ENRG_USD	2018-08-24	0.024635	0.021376	0.025584	0.021074	0
ENRG_USD	2018-08-23	0.021376	0.020749	0.022519	0.019579	0
ENRG_USD	2018-08-22	0.020749	0.019826	0.022969	0.019013	0
ENRG_USD	2018-08-21	0.019826	0.019860	0.021826	0.017800	0
ENRG_USD	2018-08-20	0.019860	0.021758	0.022136	0.019026	0
ENRG_USD	2018-08-19	0.021758	0.020738	0.021901	0.020348	0
ENRG_USD	2018-08-18	0.020738	0.021710	0.021843	0.020199	0
ENRG_USD	2018-08-17	0.021710	0.020481	0.021710	0.020356	0
ENRG_USD	2018-08-16	0.020481	0.020786	0.021554	0.020134	0
ENRG_USD	2018-08-15	0.020786	0.019702	0.021857	0.019702	0
ENRG_USD	2018-08-14	0.019702	0.022476	0.022476	0.019109	0
ENRG_USD	2018-08-13	0.022476	0.023740	0.025132	0.022158	0
ENRG_USD	2018-08-12	0.023740	0.023338	0.025648	0.022638	0
ENRG_USD	2018-08-11	0.023338	0.021104	0.026551	0.020731	0
ENRG_USD	2018-08-10	0.021104	0.022166	0.023392	0.020875	0
ENRG_USD	2018-08-09	0.022166	0.022224	0.022844	0.020704	0
ENRG_USD	2018-08-08	0.022224	0.022539	0.023414	0.021220	0
ENRG_USD	2018-08-07	0.022539	0.024248	0.024991	0.022378	0
ENRG_USD	2018-08-06	0.024248	0.025106	0.025532	0.023923	0
ENRG_USD	2018-08-05	0.025106	0.025221	0.025319	0.024592	0
ENRG_USD	2018-08-04	0.025221	0.026884	0.027146	0.024990	0
ENRG_USD	2018-08-03	0.026884	0.026449	0.027350	0.025456	0
ENRG_USD	2018-08-02	0.026449	0.028004	0.028221	0.025997	0
ENRG_USD	2018-08-01	0.028004	0.031367	0.031407	0.026913	0
ENRG_USD	2018-07-31	0.031367	0.032113	0.032391	0.030302	0
ENRG_USD	2018-07-30	0.032113	0.034203	0.034429	0.031305	0
ENRG_USD	2018-07-29	0.034203	0.034426	0.035251	0.033851	0
ENRG_USD	2018-07-28	0.034426	0.034880	0.035416	0.034137	0
ENRG_USD	2018-07-27	0.034880	0.038508	0.038590	0.033808	0
ENRG_USD	2018-07-26	0.038508	0.038313	0.039835	0.038306	0
ENRG_USD	2018-07-25	0.038313	0.039499	0.040774	0.037387	0
ENRG_USD	2018-07-24	0.039499	0.035791	0.039779	0.035694	0
ENRG_USD	2018-07-23	0.035791	0.034861	0.037720	0.034732	0
ENRG_USD	2018-07-22	0.034861	0.035203	0.038662	0.034604	0
ENRG_USD	2018-07-21	0.035203	0.037175	0.037315	0.034525	0
ENRG_USD	2018-07-20	0.037175	0.038676	0.038981	0.036743	0
ENRG_USD	2018-07-19	0.038676	0.038120	0.039289	0.037579	0
ENRG_USD	2018-07-18	0.038120	0.037771	0.039077	0.037241	0
ENRG_USD	2018-07-17	0.037771	0.034120	0.038524	0.032780	0
ENRG_USD	2018-07-16	0.034120	0.031955	0.034179	0.031818	0
ENRG_USD	2018-07-15	0.031955	0.031063	0.032228	0.030980	0
ENRG_USD	2018-07-14	0.031063	0.031691	0.031982	0.030709	0
ENRG_USD	2018-07-13	0.031691	0.031873	0.032089	0.031285	0
ENRG_USD	2018-07-12	0.031873	0.033292	0.033529	0.029953	0
ENRG_USD	2018-07-11	0.033292	0.036828	0.037377	0.033063	0
ENRG_USD	2018-07-10	0.036828	0.038928	0.039045	0.036256	0
ENRG_USD	2018-07-09	0.038928	0.039409	0.039721	0.038789	0
ENRG_USD	2018-07-08	0.039409	0.040063	0.040235	0.039121	0
ENRG_USD	2018-07-07	0.040063	0.038750	0.040445	0.038528	0
ENRG_USD	2018-07-06	0.038750	0.038980	0.039218	0.037781	0
ENRG_USD	2018-07-05	0.038980	0.038584	0.039448	0.037888	0
ENRG_USD	2018-07-04	0.038584	0.039845	0.042154	0.038442	0
ENRG_USD	2018-07-03	0.039845	0.033319	0.040467	0.000473	0
ENRG_USD	2018-07-02	0.033319	0.029968	0.034215	0.000000	0
ENRG_USD	2018-07-01	0.030002	0.030839	0.031037	0.029220	0
ENRG_USD	2018-06-30	0.030839	0.028992	0.032453	0.028844	0
ENRG_USD	2018-06-29	0.028930	0.027433	0.029294	0.026970	0
ENRG_USD	2018-06-28	0.027624	0.030606	0.031794	0.027111	0
ENRG_USD	2018-06-27	0.030604	0.032727	0.032918	0.028896	0
ENRG_USD	2018-06-26	0.032830	0.031253	0.034729	0.030273	0
ENRG_USD	2018-06-25	0.031233	0.031437	0.032183	0.030700	0
ENRG_USD	2018-06-24	0.031601	0.032371	0.032475	0.028206	0
ENRG_USD	2018-06-23	0.032329	0.029397	0.033750	0.029266	0
ENRG_USD	2018-06-22	0.029397	0.034140	0.034292	0.028822	0
ENRG_USD	2018-06-21	0.034138	0.033631	0.035115	0.032693	0
ENRG_USD	2018-06-20	0.033633	0.036187	0.036227	0.032429	0
ENRG_USD	2018-06-19	0.036228	0.035839	0.036631	0.035062	0
ENRG_USD	2018-06-18	0.035827	0.035018	0.035898	0.033090	0
ENRG_USD	2018-06-17	0.035086	0.036652	0.037210	0.034885	0
ENRG_USD	2018-06-16	0.036775	0.037416	0.038137	0.034999	0
ENRG_USD	2018-06-15	0.037398	0.039154	0.039229	0.037090	0
ENRG_USD	2018-06-14	0.039079	0.037959	0.040009	0.037300	0
ENRG_USD	2018-06-13	0.037843	0.043943	0.044654	0.036472	0
ENRG_USD	2018-06-12	0.043932	0.044966	0.045825	0.042575	0
ENRG_USD	2018-06-11	0.044885	0.044703	0.045203	0.042655	0
ENRG_USD	2018-06-10	0.044651	0.051178	0.051178	0.043894	0
ENRG_USD	2018-06-09	0.051164	0.054830	0.055524	0.050835	0
ENRG_USD	2018-06-08	0.054829	0.056913	0.057566	0.053298	0
ENRG_USD	2018-06-07	0.056937	0.055032	0.057562	0.055032	0
ENRG_USD	2018-06-06	0.055029	0.057135	0.057248	0.054373	0
ENRG_USD	2018-06-05	0.057086	0.056130	0.057233	0.054855	0
ENRG_USD	2018-06-04	0.056172	0.061954	0.062289	0.054792	0
ENRG_USD	2018-06-03	0.061899	0.062441	0.063994	0.061130	0
ENRG_USD	2018-06-02	0.063090	0.062173	0.063327	0.061100	0
ENRG_USD	2018-06-01	0.062124	0.061721	0.063656	0.061282	0
ENRG_USD	2018-05-31	0.061727	0.061408	0.063513	0.060086	0
ENRG_USD	2018-05-30	0.061435	0.061364	0.064326	0.060283	0
ENRG_USD	2018-05-29	0.061292	0.061096	0.068221	0.058585	0
ENRG_USD	2018-05-28	0.061058	0.068471	0.069360	0.060737	0
ENRG_USD	2018-05-27	0.068442	0.068600	0.068907	0.066060	0
ENRG_USD	2018-05-26	0.068585	0.069384	0.072415	0.068452	0
ENRG_USD	2018-05-25	0.069396	0.073071	0.073181	0.068439	0
ENRG_USD	2018-05-24	0.073040	0.074508	0.076191	0.068103	0
ENRG_USD	2018-05-23	0.074565	0.081526	0.081961	0.071322	0
ENRG_USD	2018-05-22	0.081515	0.085045	0.085975	0.081124	0
ENRG_USD	2018-05-21	0.085045	0.088001	0.088537	0.084873	0
ENRG_USD	2018-05-20	0.088001	0.085778	0.088723	0.084959	0
ENRG_USD	2018-05-19	0.085778	0.085438	0.086479	0.084028	0
ENRG_USD	2018-05-18	0.085438	0.082972	0.086012	0.081059	0
ENRG_USD	2018-05-17	0.083080	0.086155	0.087306	0.082233	0
ENRG_USD	2018-05-16	0.086206	0.088173	0.088404	0.082780	0
ENRG_USD	2018-05-15	0.088174	0.090520	0.092634	0.088115	0
ENRG_USD	2018-05-14	0.090527	0.092827	0.092914	0.085384	0
ENRG_USD	2018-05-13	0.092827	0.083604	0.096795	0.082612	0
ENRG_USD	2018-05-12	0.083541	0.083252	0.088098	0.080873	0
ENRG_USD	2018-05-11	0.083252	0.097177	0.097177	0.081576	0
ENRG_USD	2018-05-10	0.097177	0.099192	0.100358	0.096964	0
ENRG_USD	2018-05-09	0.099192	0.099568	0.100560	0.096720	0
ENRG_USD	2018-05-08	0.099605	0.102012	0.102801	0.000011	0
ENRG_USD	2018-05-07	0.101358	0.110693	0.110971	0.100460	0
ENRG_USD	2018-05-06	0.110693	0.117638	0.118433	0.106245	0
ENRG_USD	2018-05-05	0.117499	0.118435	0.120332	0.115271	0
ENRG_USD	2018-05-04	0.118435	0.119873	0.120311	0.117311	0
ENRG_USD	2018-05-03	0.119873	0.115580	0.121629	0.111581	0
ENRG_USD	2018-05-02	0.115580	0.110698	0.116101	0.108670	0
ENRG_USD	2018-05-01	0.110698	0.111111	0.112147	0.106848	0
ENRG_USD	2018-04-30	0.111111	0.116917	0.117467	0.109725	0
ENRG_USD	2018-04-29	0.116917	0.117960	0.119694	0.112283	0
ENRG_USD	2018-04-28	0.117960	0.118136	0.126167	0.117381	0
ENRG_USD	2018-04-27	0.118136	0.118749	0.124029	0.114574	0
ENRG_USD	2018-04-26	0.118749	0.111520	0.119695	0.102946	0
ENRG_USD	2018-04-25	0.111520	0.121839	0.122866	0.108222	0
ENRG_USD	2018-04-24	0.121839	0.118988	0.125685	0.115170	0
ENRG_USD	2018-04-23	0.118988	0.126012	0.128551	0.116343	0
ENRG_USD	2018-04-22	0.126012	0.119941	0.126759	0.115997	0
ENRG_USD	2018-04-21	0.119941	0.126098	0.127113	0.116958	0
ENRG_USD	2018-04-20	0.126098	0.124907	0.131659	0.121604	0
ENRG_USD	2018-04-19	0.124907	0.139690	0.140842	0.114890	0
ENRG_USD	2018-04-18	0.139690	0.134172	0.143495	0.129169	0
ENRG_USD	2018-04-17	0.134172	0.099613	0.175764	0.099437	0
ENRG_USD	2018-04-16	0.099613	0.097902	0.115243	0.090902	0
ENRG_USD	2018-04-15	0.097902	0.083293	0.105569	0.083273	0
ENRG_USD	2018-04-14	0.083293	0.081193	0.085520	0.080609	0
ENRG_USD	2018-04-13	0.081193	0.080307	0.085638	0.077641	0
ENRG_USD	2018-04-12	0.080307	0.070809	0.103505	0.068966	0
ENRG_USD	2018-04-11	0.070809	0.065663	0.071179	0.064997	0
ENRG_USD	2018-04-10	0.065663	0.065585	0.066178	0.062622	0
ENRG_USD	2018-04-09	0.065585	0.065657	0.071781	0.063901	0
ENRG_USD	2018-04-08	0.065657	0.065535	0.067357	0.064944	0
ENRG_USD	2018-04-07	0.065535	0.065084	0.067877	0.064810	0
ENRG_USD	2018-04-06	0.065084	0.066130	0.067005	0.063391	0
ENRG_USD	2018-04-05	0.066130	0.069155	0.070901	0.064561	0
ENRG_USD	2018-04-04	0.069155	0.078082	0.078247	0.068077	0
ENRG_USD	2018-04-03	0.078082	0.075323	0.078788	0.074172	0
ENRG_USD	2018-04-02	0.075323	0.071983	0.076390	0.071608	0
ENRG_USD	2018-04-01	0.071983	0.074377	0.076274	0.068127	0
ENRG_USD	2018-03-31	0.074377	0.077057	0.080631	0.073274	0
ENRG_USD	2018-03-30	0.077057	0.079291	0.081248	0.072989	0
ENRG_USD	2018-03-29	0.079291	0.088660	0.089053	0.077209	0
ENRG_USD	2018-03-28	0.088660	0.087297	0.092323	0.086685	0
ENRG_USD	2018-03-27	0.087297	0.092948	0.093755	0.087026	0
ENRG_USD	2018-03-26	0.092948	0.099823	0.100382	0.089230	0
ENRG_USD	2018-03-25	0.099823	0.099957	0.111585	0.097806	0
ENRG_USD	2018-03-24	0.099736	0.106784	0.111267	0.099626	0
ENRG_USD	2018-03-23	0.106784	0.096539	0.106793	0.091100	0
ENRG_USD	2018-03-22	0.096539	0.094740	0.096962	0.089509	0
ENRG_USD	2018-03-21	0.094740	0.094965	0.100917	0.093233	0
ENRG_USD	2018-03-20	0.094965	0.094427	0.100694	0.086411	0
ENRG_USD	2018-03-19	0.094427	0.085071	0.098909	0.081576	0
ENRG_USD	2018-03-18	0.085071	0.079647	0.088929	0.071260	0
ENRG_USD	2018-03-17	0.079647	0.087272	0.093750	0.077928	0
ENRG_USD	2018-03-16	0.087272	0.088073	0.092314	0.082912	0
ENRG_USD	2018-03-15	0.088073	0.091422	0.093518	0.082535	0
ENRG_USD	2018-03-14	0.091422	0.115009	0.117752	0.089335	0
ENRG_USD	2018-03-13	0.115009	0.119745	0.124443	0.111899	0
ENRG_USD	2018-03-12	0.119745	0.125440	0.130132	0.115669	0
ENRG_USD	2018-03-11	0.125440	0.116583	0.128496	0.112240	0
ENRG_USD	2018-03-10	0.116583	0.120229	0.129997	0.115907	0
ENRG_USD	2018-03-09	0.120229	0.124279	0.126057	0.109261	0
ENRG_USD	2018-03-08	0.124279	0.129298	0.132475	0.118081	0
ENRG_USD	2018-03-07	0.129298	0.144703	0.148188	0.123832	0
ENRG_USD	2018-03-06	0.144703	0.158989	0.158989	0.142585	0
ENRG_USD	2018-03-05	0.158989	0.158516	0.166686	0.156186	0
ENRG_USD	2018-03-04	0.158516	0.161864	0.162161	0.145792	0
ENRG_USD	2018-03-03	0.161864	0.165748	0.171177	0.159567	0
ENRG_USD	2018-03-02	0.165748	0.161222	0.173899	0.157739	0
