ERA_USD	2019-04-09	0.000026	0.000027	0.000027	0.000026	0
ERA_USD	2019-04-08	0.000027	0.000026	0.000027	0.000026	0
ERA_USD	2019-04-07	0.000026	0.000025	0.000026	0.000025	0
ERA_USD	2019-04-06	0.000025	0.000025	0.000026	0.000025	0
ERA_USD	2019-04-05	0.000025	0.000025	0.000026	0.000025	0
ERA_USD	2019-04-04	0.000025	0.000025	0.000025	0.000024	0
ERA_USD	2019-04-03	0.000025	0.000025	0.000027	0.000024	0
ERA_USD	2019-04-02	0.000025	0.000021	0.000025	0.000021	0
ERA_USD	2019-04-01	0.000021	0.000021	0.000021	0.000021	0
ERA_USD	2019-03-31	0.000021	0.000021	0.000021	0.000021	0
ERA_USD	2019-03-30	0.000021	0.000021	0.000021	0.000021	0
ERA_USD	2019-03-29	0.000021	0.000020	0.000021	0.000020	0
ERA_USD	2019-03-28	0.000020	0.000021	0.000021	0.000020	0
ERA_USD	2019-03-27	0.000021	0.000020	0.000021	0.000020	0
ERA_USD	2019-03-26	0.000020	0.000020	0.000020	0.000020	0
ERA_USD	2019-03-25	0.000020	0.000020	0.000020	0.000020	0
ERA_USD	2019-03-24	0.000020	0.000020	0.000020	0.000020	0
ERA_USD	2019-03-23	0.000020	0.000020	0.000020	0.000020	0
ERA_USD	2019-03-22	0.000020	0.000020	0.000020	0.000020	0
ERA_USD	2019-03-21	0.000020	0.000021	0.000021	0.000020	0
ERA_USD	2019-03-20	0.000020	0.000021	0.000021	0.000020	0
ERA_USD	2019-03-19	0.000020	0.000020	0.000021	0.000020	0
ERA_USD	2019-03-18	0.000020	0.000020	0.000021	0.000020	0
ERA_USD	2019-03-17	0.000020	0.000020	0.000020	0.000020	0
ERA_USD	2019-03-16	0.000020	0.000020	0.000021	0.000020	0
ERA_USD	2019-03-15	0.000020	0.000020	0.000020	0.000020	0
ERA_USD	2019-03-14	0.000020	0.000020	0.000020	0.000019	0
ERA_USD	2019-03-13	0.000020	0.000020	0.000020	0.000020	0
ERA_USD	2019-03-12	0.000020	0.000020	0.000020	0.000019	0
ERA_USD	2019-03-11	0.000020	0.000020	0.000020	0.000020	0
ERA_USD	2019-03-10	0.000020	0.000020	0.000020	0.000020	0
ERA_USD	2019-03-09	0.000020	0.000020	0.000020	0.000020	0
ERA_USD	2019-03-08	0.000020	0.000020	0.000020	0.000019	0
ERA_USD	2019-03-07	0.000020	0.000020	0.000020	0.000020	0
ERA_USD	2019-03-06	0.000020	0.000020	0.000020	0.000020	0
ERA_USD	2019-03-05	0.000020	0.000019	0.000020	0.000019	0
ERA_USD	2019-03-04	0.000019	0.000019	0.000020	0.000019	0
ERA_USD	2019-03-03	0.000019	0.000020	0.000020	0.000019	0
ERA_USD	2019-03-02	0.000020	0.000020	0.000020	0.000019	0
ERA_USD	2019-03-01	0.000020	0.000019	0.000020	0.000019	0
ERA_USD	2019-02-28	0.000019	0.000019	0.000020	0.000019	0
ERA_USD	2019-02-27	0.000019	0.000019	0.000020	0.000019	0
ERA_USD	2019-02-26	0.000019	0.000020	0.000020	0.000019	0
ERA_USD	2019-02-25	0.000020	0.000019	0.000020	0.000019	0
ERA_USD	2019-02-24	0.000019	0.000021	0.000021	0.000019	0
ERA_USD	2019-02-23	0.000021	0.000020	0.000021	0.000020	0
ERA_USD	2019-02-22	0.000020	0.000020	0.000020	0.000020	0
ERA_USD	2019-02-21	0.000020	0.000020	0.000021	0.000020	0
ERA_USD	2019-02-20	0.000020	0.000020	0.000020	0.000020	0
ERA_USD	2019-02-19	0.000020	0.000020	0.000020	0.000020	0
ERA_USD	2019-02-18	0.000020	0.000019	0.000020	0.000019	0
ERA_USD	2019-02-17	0.000019	0.000018	0.000019	0.000018	0
ERA_USD	2019-02-16	0.000019	0.000018	0.000019	0.000018	0
ERA_USD	2019-02-15	0.000018	0.000018	0.000019	0.000018	0
ERA_USD	2019-02-14	0.000018	0.000018	0.000018	0.000018	0
ERA_USD	2019-02-13	0.000018	0.000018	0.000019	0.000018	0
ERA_USD	2019-02-12	0.000019	0.000018	0.000019	0.000018	0
ERA_USD	2019-02-11	0.000018	0.000019	0.000019	0.000018	0
ERA_USD	2019-02-10	0.000019	0.000019	0.000019	0.000018	0
ERA_USD	2019-02-09	0.000019	0.000019	0.000019	0.000018	0
ERA_USD	2019-02-08	0.000019	0.000017	0.000019	0.000017	0
ERA_USD	2019-02-07	0.000017	0.000017	0.000017	0.000017	0
ERA_USD	2019-02-06	0.000017	0.000018	0.000018	0.000017	0
ERA_USD	2019-02-05	0.000018	0.000017	0.000018	0.000017	0
ERA_USD	2019-02-04	0.000017	0.000018	0.000018	0.000017	0
ERA_USD	2019-02-03	0.000018	0.000018	0.000018	0.000017	0
ERA_USD	2019-02-02	0.000018	0.000018	0.000018	0.000018	0
ERA_USD	2019-02-01	0.000018	0.000018	0.000018	0.000017	0
ERA_USD	2019-01-31	0.000018	0.000018	0.000018	0.000017	0
ERA_USD	2019-01-30	0.000018	0.000017	0.000018	0.000017	0
ERA_USD	2019-01-29	0.000017	0.000018	0.000018	0.000017	0
ERA_USD	2019-01-28	0.000018	0.000018	0.000018	0.000017	0
ERA_USD	2019-01-27	0.000018	0.000018	0.000018	0.000018	0
ERA_USD	2019-01-26	0.000018	0.000018	0.000019	0.000018	0
ERA_USD	2019-01-25	0.000018	0.000018	0.000018	0.000018	0
ERA_USD	2019-01-24	0.000018	0.000018	0.000018	0.000018	0
ERA_USD	2019-01-23	0.000018	0.000018	0.000018	0.000018	0
ERA_USD	2019-01-22	0.000018	0.000018	0.000018	0.000018	0
ERA_USD	2019-01-21	0.000018	0.000018	0.000018	0.000018	0
ERA_USD	2019-01-20	0.000018	0.000019	0.000019	0.000018	0
ERA_USD	2019-01-19	0.000019	0.000018	0.000019	0.000018	0
ERA_USD	2019-01-18	0.000018	0.000019	0.000019	0.000018	0
ERA_USD	2019-01-17	0.000019	0.000018	0.000019	0.000018	0
ERA_USD	2019-01-16	0.000018	0.000018	0.000019	0.000018	0
ERA_USD	2019-01-15	0.000019	0.000019	0.000019	0.000018	0
ERA_USD	2019-01-14	0.000019	0.000018	0.000019	0.000018	0
ERA_USD	2019-01-13	0.000018	0.000019	0.000019	0.000018	0
ERA_USD	2019-01-12	0.000019	0.000019	0.000019	0.000018	0
ERA_USD	2019-01-11	0.000019	0.000019	0.000019	0.000018	0
ERA_USD	2019-01-10	0.000019	0.000020	0.000021	0.000018	0
ERA_USD	2019-01-09	0.000020	0.000020	0.000021	0.000020	0
ERA_USD	2019-01-08	0.000020	0.000021	0.000021	0.000020	0
ERA_USD	2019-01-07	0.000021	0.000021	0.000021	0.000020	0
ERA_USD	2019-01-06	0.000021	0.000020	0.000039	0.000019	0
ERA_USD	2019-01-05	0.000020	0.000020	0.000020	0.000020	0
ERA_USD	2019-01-04	0.000020	0.000020	0.000020	0.000019	0
ERA_USD	2019-01-03	0.000020	0.000020	0.000020	0.000020	0
ERA_USD	2019-01-02	0.000020	0.000020	0.000020	0.000020	0
ERA_USD	2019-01-01	0.000020	0.000019	0.000020	0.000019	0
ERA_USD	2018-12-31	0.000019	0.000020	0.000020	0.000019	0
ERA_USD	2018-12-30	0.000020	0.000019	0.000020	0.000019	0
ERA_USD	2018-12-29	0.000019	0.000020	0.000020	0.000019	0
ERA_USD	2018-12-28	0.000020	0.000019	0.000020	0.000018	0
ERA_USD	2018-12-27	0.000019	0.000020	0.000020	0.000018	0
ERA_USD	2018-12-26	0.000020	0.000020	0.000020	0.000019	0
ERA_USD	2018-12-25	0.000020	0.000021	0.000021	0.000019	0
ERA_USD	2018-12-24	0.000021	0.000020	0.000022	0.000020	0
ERA_USD	2018-12-23	0.000020	0.000021	0.000021	0.000020	0
ERA_USD	2018-12-22	0.000021	0.000020	0.000021	0.000020	0
ERA_USD	2018-12-21	0.000020	0.000021	0.000021	0.000020	0
ERA_USD	2018-12-20	0.000021	0.000019	0.000021	0.000019	0
ERA_USD	2018-12-19	0.000019	0.000019	0.000020	0.000019	0
ERA_USD	2018-12-18	0.000019	0.000018	0.000019	0.000018	0
ERA_USD	2018-12-17	0.000018	0.000017	0.000019	0.000016	0
ERA_USD	2018-12-16	0.000017	0.000016	0.000017	0.000016	0
ERA_USD	2018-12-15	0.000016	0.000016	0.000017	0.000016	0
ERA_USD	2018-12-14	0.000016	0.000017	0.000017	0.000016	0
ERA_USD	2018-12-13	0.000017	0.000018	0.000018	0.000017	0
ERA_USD	2018-12-12	0.000018	0.000017	0.000018	0.000017	0
ERA_USD	2018-12-11	0.000017	0.000018	0.000018	0.000017	0
ERA_USD	2018-12-10	0.000018	0.000018	0.000018	0.000017	0
ERA_USD	2018-12-09	0.000018	0.000018	0.000019	0.000017	0
ERA_USD	2018-12-08	0.000018	0.000017	0.000018	0.000017	0
ERA_USD	2018-12-07	0.000017	0.000018	0.000018	0.000016	0
ERA_USD	2018-12-06	0.000018	0.000019	0.000020	0.000018	0
ERA_USD	2018-12-05	0.000019	0.000020	0.000020	0.000019	0
ERA_USD	2018-12-04	0.000020	0.000020	0.000020	0.000019	0
ERA_USD	2018-12-03	0.000020	0.000021	0.000021	0.000019	0
ERA_USD	2018-12-02	0.000021	0.000021	0.000022	0.000021	0
ERA_USD	2018-12-01	0.000021	0.000020	0.000022	0.000020	0
ERA_USD	2018-11-30	0.000020	0.000022	0.000022	0.000020	0
ERA_USD	2018-11-29	0.000022	0.000022	0.000022	0.000021	0
ERA_USD	2018-11-28	0.000022	0.000019	0.000022	0.000019	0
ERA_USD	2018-11-27	0.000019	0.000019	0.000020	0.000019	0
ERA_USD	2018-11-26	0.000019	0.000021	0.000021	0.000019	0
ERA_USD	2018-11-25	0.000021	0.000020	0.000021	0.000018	0
ERA_USD	2018-11-24	0.000020	0.000022	0.000023	0.000019	0
ERA_USD	2018-11-23	0.000022	0.000022	0.000022	0.000021	0
ERA_USD	2018-11-22	0.000022	0.000023	0.000024	0.000022	0
ERA_USD	2018-11-21	0.000023	0.000023	0.000024	0.000022	0
ERA_USD	2018-11-20	0.000023	0.000025	0.000025	0.000022	0
ERA_USD	2018-11-19	0.000025	0.000028	0.000028	0.000024	0
ERA_USD	2018-11-18	0.000028	0.000028	0.000029	0.000028	0
ERA_USD	2018-11-17	0.000028	0.000028	0.000028	0.000028	0
ERA_USD	2018-11-16	0.000028	0.000029	0.000029	0.000028	0
ERA_USD	2018-11-15	0.000029	0.000029	0.000030	0.000027	0
ERA_USD	2018-11-14	0.000029	0.000032	0.000032	0.000029	0
ERA_USD	2018-11-13	0.000032	0.000032	0.000032	0.000032	0
ERA_USD	2018-11-12	0.000032	0.000032	0.000032	0.000032	0
ERA_USD	2018-11-11	0.000032	0.000032	0.000032	0.000032	0
ERA_USD	2018-11-10	0.000032	0.000032	0.000032	0.000032	0
ERA_USD	2018-11-09	0.000033	0.000032	0.000033	0.000032	0
ERA_USD	2018-11-08	0.000032	0.000033	0.000033	0.000032	0
ERA_USD	2018-11-07	0.000033	0.000033	0.000033	0.000033	0
ERA_USD	2018-11-06	0.000033	0.000032	0.000033	0.000032	0
ERA_USD	2018-11-05	0.000032	0.000032	0.000032	0.000032	0
ERA_USD	2018-11-04	0.000033	0.000032	0.000033	0.000032	0
ERA_USD	2018-11-03	0.000032	0.000032	0.000032	0.000032	0
ERA_USD	2018-11-02	0.000032	0.000032	0.000032	0.000032	0
ERA_USD	2018-11-01	0.000032	0.000032	0.000032	0.000032	0
ERA_USD	2018-10-31	0.000032	0.000032	0.000032	0.000031	0
ERA_USD	2018-10-30	0.000032	0.000032	0.000032	0.000032	0
ERA_USD	2018-10-29	0.000033	0.000032	0.000033	0.000032	0
ERA_USD	2018-10-28	0.000033	0.000033	0.000033	0.000032	0
ERA_USD	2018-10-27	0.000033	0.000033	0.000033	0.000032	0
ERA_USD	2018-10-26	0.000033	0.000033	0.000033	0.000033	0
ERA_USD	2018-10-25	0.000033	0.000033	0.000033	0.000033	0
ERA_USD	2018-10-24	0.000033	0.000033	0.000033	0.000033	0
ERA_USD	2018-10-23	0.000033	0.000033	0.000033	0.000033	0
ERA_USD	2018-10-22	0.000033	0.000033	0.000033	0.000033	0
ERA_USD	2018-10-21	0.000033	0.000033	0.000033	0.000033	0
ERA_USD	2018-10-20	0.000033	0.000033	0.000033	0.000033	0
ERA_USD	2018-10-19	0.000033	0.000033	0.000033	0.000033	0
ERA_USD	2018-10-18	0.000033	0.000034	0.000034	0.000033	0
ERA_USD	2018-10-17	0.000034	0.000034	0.000034	0.000033	0
ERA_USD	2018-10-16	0.000034	0.000034	0.000034	0.000033	0
ERA_USD	2018-10-15	0.000034	0.000032	0.000038	0.000031	0
ERA_USD	2018-10-14	0.000032	0.000095	0.000095	0.000032	0
ERA_USD	2018-10-13	0.000095	0.000094	0.000095	0.000094	0
ERA_USD	2018-10-12	0.000094	0.000094	0.000095	0.000031	0
ERA_USD	2018-10-11	0.000094	0.000099	0.000099	0.000093	0
ERA_USD	2018-10-10	0.000099	0.000100	0.000100	0.000098	0
ERA_USD	2018-10-09	0.000100	0.000067	0.000100	0.000067	0
ERA_USD	2018-10-08	0.000067	0.000066	0.000067	0.000066	0
ERA_USD	2018-10-07	0.000066	0.000066	0.000066	0.000065	0
ERA_USD	2018-10-06	0.000066	0.000066	0.000066	0.000066	0
ERA_USD	2018-10-05	0.000066	0.000033	0.000099	0.000033	0
ERA_USD	2018-10-04	0.000033	0.000033	0.000033	0.000033	0
ERA_USD	2018-10-03	0.000033	0.000098	0.000098	0.000032	0
ERA_USD	2018-10-02	0.000098	0.000099	0.000100	0.000098	0
ERA_USD	2018-10-01	0.000099	0.000099	0.000100	0.000098	0
ERA_USD	2018-09-30	0.000099	0.000099	0.000100	0.000098	0
ERA_USD	2018-09-29	0.000099	0.000100	0.000100	0.000097	0
ERA_USD	2018-09-28	0.000100	0.000100	0.000102	0.000098	0
ERA_USD	2018-09-27	0.000100	0.000129	0.000163	0.000097	0
ERA_USD	2018-09-26	0.000129	0.000129	0.000131	0.000128	0
ERA_USD	2018-09-25	0.000129	0.000132	0.000132	0.000127	0
ERA_USD	2018-09-24	0.000132	0.000134	0.000134	0.000131	0
ERA_USD	2018-09-23	0.000134	0.000134	0.000136	0.000133	0
ERA_USD	2018-09-22	0.000135	0.000135	0.000137	0.000133	0
ERA_USD	2018-09-21	0.000135	0.000130	0.000136	0.000130	0
ERA_USD	2018-09-20	0.000130	0.000128	0.000131	0.000127	0
ERA_USD	2018-09-19	0.000128	0.000127	0.000129	0.000122	0
ERA_USD	2018-09-18	0.000127	0.000156	0.000157	0.000094	0
ERA_USD	2018-09-17	0.000156	0.000162	0.000163	0.000155	0
ERA_USD	2018-09-16	0.000162	0.000163	0.000163	0.000160	0
ERA_USD	2018-09-15	0.000163	0.000162	0.000164	0.000130	0
ERA_USD	2018-09-14	0.000162	0.000162	0.000165	0.000159	0
ERA_USD	2018-09-13	0.000163	0.000158	0.000163	0.000158	0
ERA_USD	2018-09-12	0.000158	0.000157	0.000158	0.000155	0
ERA_USD	2018-09-11	0.000157	0.000158	0.000160	0.000154	0
ERA_USD	2018-09-10	0.000158	0.000156	0.000159	0.000156	0
ERA_USD	2018-09-09	0.000156	0.000155	0.000160	0.000154	0
ERA_USD	2018-09-08	0.000155	0.000160	0.000162	0.000154	0
ERA_USD	2018-09-07	0.000160	0.000163	0.000163	0.000158	0
ERA_USD	2018-09-06	0.000163	0.000235	0.000235	0.000160	0
ERA_USD	2018-09-05	0.000235	0.000331	0.000333	0.000235	0
ERA_USD	2018-09-04	0.000331	0.000327	0.000333	0.000326	0
ERA_USD	2018-09-03	0.000327	0.000328	0.000330	0.000324	0
ERA_USD	2018-09-02	0.000328	0.000324	0.000331	0.000321	0
ERA_USD	2018-09-01	0.000324	0.000316	0.000327	0.000316	0
ERA_USD	2018-08-31	0.000316	0.000280	0.000317	0.000276	0
ERA_USD	2018-08-30	0.000280	0.000317	0.000318	0.000272	0
ERA_USD	2018-08-29	0.000317	0.000319	0.000321	0.000312	0
ERA_USD	2018-08-28	0.000319	0.000311	0.000321	0.000309	0
ERA_USD	2018-08-27	0.000311	0.000302	0.000311	0.000300	0
ERA_USD	2018-08-26	0.000302	0.000303	0.000305	0.000296	0
ERA_USD	2018-08-25	0.000303	0.000234	0.000305	0.000200	0
ERA_USD	2018-08-24	0.000234	0.000228	0.000235	0.000226	0
ERA_USD	2018-08-23	0.000228	0.000222	0.000230	0.000222	0
ERA_USD	2018-08-22	0.000222	0.000227	0.000240	0.000219	0
ERA_USD	2018-08-21	0.000227	0.000219	0.000227	0.000219	0
ERA_USD	2018-08-20	0.000219	0.000227	0.000228	0.000218	0
ERA_USD	2018-08-19	0.000227	0.000224	0.000229	0.000221	0
ERA_USD	2018-08-18	0.000224	0.000231	0.000231	0.000221	0
ERA_USD	2018-08-17	0.000231	0.000221	0.000231	0.000221	0
ERA_USD	2018-08-16	0.000221	0.000219	0.000227	0.000218	0
ERA_USD	2018-08-15	0.000219	0.000217	0.000231	0.000216	0
ERA_USD	2018-08-14	0.000217	0.000219	0.000219	0.000206	0
ERA_USD	2018-08-13	0.000219	0.000221	0.000229	0.000216	0
ERA_USD	2018-08-12	0.000221	0.000218	0.000226	0.000216	0
ERA_USD	2018-08-11	0.000218	0.000215	0.000226	0.000210	0
ERA_USD	2018-08-10	0.000215	0.000229	0.000230	0.000211	0
ERA_USD	2018-08-09	0.000229	0.000220	0.000232	0.000217	0
ERA_USD	2018-08-08	0.000220	0.000235	0.000235	0.000215	0
ERA_USD	2018-08-07	0.000235	0.000243	0.000250	0.000234	0
ERA_USD	2018-08-06	0.000243	0.000246	0.000250	0.000240	0
ERA_USD	2018-08-05	0.000246	0.000350	0.000351	0.000241	0
ERA_USD	2018-08-04	0.000350	0.000297	0.000352	0.000245	0
ERA_USD	2018-08-03	0.000297	0.000339	0.000339	0.000257	0
ERA_USD	2018-08-02	0.000339	0.000342	0.000346	0.000336	0
ERA_USD	2018-08-01	0.000342	0.000387	0.000388	0.000335	0
ERA_USD	2018-07-31	0.000387	0.000409	0.000409	0.000384	0
ERA_USD	2018-07-30	0.000410	0.000411	0.000414	0.000393	0
ERA_USD	2018-07-29	0.000411	0.000409	0.000414	0.000406	0
ERA_USD	2018-07-27	0.000412	0.000412	0.000412	0.000412	0
ERA_USD	2018-07-26	0.000412	0.000409	0.000415	0.000409	0
ERA_USD	2018-07-25	0.000409	0.000421	0.000424	0.000404	0
ERA_USD	2018-07-24	0.000421	0.000386	0.000424	0.000385	0
ERA_USD	2018-07-23	0.000386	0.000370	0.000389	0.000369	0
ERA_USD	2018-07-22	0.000370	0.000370	0.000378	0.000367	0
ERA_USD	2018-07-21	0.000370	0.000367	0.000372	0.000361	0
ERA_USD	2018-07-20	0.000367	0.000374	0.000384	0.000364	0
ERA_USD	2018-07-19	0.000374	0.000368	0.000378	0.000364	0
ERA_USD	2018-07-18	0.000368	0.000366	0.000379	0.000362	0
ERA_USD	2018-07-17	0.000366	0.000337	0.000373	0.000333	0
ERA_USD	2018-07-16	0.000337	0.000317	0.000337	0.000317	0
ERA_USD	2018-07-15	0.000317	0.000312	0.000319	0.000312	0
ERA_USD	2018-07-14	0.000313	0.000311	0.000315	0.000309	0
ERA_USD	2018-07-13	0.000312	0.000312	0.000316	0.000307	0
ERA_USD	2018-07-12	0.000312	0.000319	0.000319	0.000304	0
ERA_USD	2018-07-11	0.000319	0.000315	0.000320	0.000315	0
ERA_USD	2018-07-10	0.000315	0.000333	0.000334	0.000314	0
ERA_USD	2018-07-09	0.000333	0.000537	0.000539	0.000332	0
ERA_USD	2018-07-08	0.000537	0.000541	0.000543	0.000535	0
ERA_USD	2018-07-07	0.000541	0.000528	0.000546	0.000521	0
ERA_USD	2018-07-06	0.000528	0.000523	0.000530	0.000516	0
ERA_USD	2018-07-05	0.000523	0.000527	0.000536	0.000517	0
ERA_USD	2018-07-04	0.000527	0.000520	0.000537	0.000513	0
ERA_USD	2018-07-03	0.000520	0.000529	0.000534	0.000007	0
ERA_USD	2018-07-02	0.000529	0.000508	0.000534	0.000000	0
ERA_USD	2018-07-01	0.000508	0.000511	0.000515	0.000502	0
ERA_USD	2018-06-30	0.000511	0.000496	0.000521	0.000496	0
ERA_USD	2018-06-29	0.000497	0.000468	0.000502	0.000464	0
ERA_USD	2018-06-28	0.000469	0.000491	0.000493	0.000466	0
ERA_USD	2018-06-27	0.000491	0.000485	0.000494	0.000479	0
ERA_USD	2018-06-26	0.000487	0.000500	0.000502	0.000484	0
ERA_USD	2018-06-25	0.000500	0.000492	0.000505	0.000487	0
ERA_USD	2018-06-24	0.000492	0.000493	0.000499	0.000462	0
ERA_USD	2018-06-23	0.000492	0.000484	0.000500	0.000481	0
ERA_USD	2018-06-22	0.000483	0.000537	0.000538	0.000475	0
ERA_USD	2018-06-21	0.000537	0.000541	0.000543	0.000535	0
ERA_USD	2018-06-20	0.000541	0.000539	0.000545	0.000525	0
ERA_USD	2018-06-19	0.000539	0.000537	0.000546	0.000534	0
ERA_USD	2018-06-18	0.000537	0.000515	0.000543	0.000511	0
ERA_USD	2018-06-17	0.000515	0.000519	0.000526	0.000514	0
ERA_USD	2018-06-16	0.000519	0.000511	0.000524	0.000506	0
ERA_USD	2018-06-15	0.000511	0.000531	0.000531	0.000509	0
ERA_USD	2018-06-14	0.000530	0.000504	0.000536	0.000502	0
ERA_USD	2018-06-13	0.000503	0.000524	0.000528	0.000490	0
ERA_USD	2018-06-12	0.000523	0.000550	0.000550	0.000515	0
ERA_USD	2018-06-11	0.000550	0.000541	0.000552	0.000531	0
ERA_USD	2018-06-10	0.000540	0.000600	0.000600	0.000531	0
ERA_USD	2018-06-09	0.000600	0.000609	0.000615	0.000598	0
ERA_USD	2018-06-08	0.000609	0.000615	0.000616	0.000604	0
ERA_USD	2018-06-07	0.000615	0.000612	0.000620	0.000612	0
ERA_USD	2018-06-06	0.000612	0.000610	0.000616	0.000600	0
ERA_USD	2018-06-05	0.000610	0.000599	0.000614	0.000590	0
ERA_USD	2018-06-04	0.000600	0.000618	0.000621	0.000597	0
ERA_USD	2018-06-03	0.000617	0.000611	0.000622	0.000608	0
ERA_USD	2018-06-02	0.000611	0.000602	0.000615	0.000596	0
ERA_USD	2018-06-01	0.000602	0.000599	0.000608	0.000588	0
ERA_USD	2018-05-31	0.000599	0.000590	0.000608	0.000587	0
ERA_USD	2018-05-30	0.000590	0.000597	0.000605	0.000582	0
ERA_USD	2018-05-29	0.000597	0.000568	0.000602	0.000564	0
ERA_USD	2018-05-28	0.000568	0.000587	0.000594	0.000566	0
ERA_USD	2018-05-27	0.000587	0.000586	0.000591	0.000578	0
ERA_USD	2018-05-26	0.000586	0.000597	0.000609	0.000583	0
ERA_USD	2018-05-25	0.000597	0.000606	0.000612	0.000587	0
ERA_USD	2018-05-24	0.000606	0.000600	0.000617	0.000581	0
ERA_USD	2018-05-23	0.000601	0.000638	0.000642	0.000596	0
ERA_USD	2018-05-22	0.000638	0.000672	0.000672	0.000636	0
ERA_USD	2018-05-21	0.000672	0.000682	0.000684	0.000669	0
ERA_USD	2018-05-20	0.000682	0.000659	0.000687	0.000654	0
ERA_USD	2018-05-19	0.000658	0.000659	0.000671	0.000651	0
ERA_USD	2018-05-18	0.000659	0.000644	0.000662	0.000634	0
ERA_USD	2018-05-17	0.000645	0.000668	0.000677	0.000640	0
ERA_USD	2018-05-16	0.000667	0.000677	0.000679	0.000648	0
ERA_USD	2018-05-15	0.000677	0.000693	0.000706	0.000674	0
ERA_USD	2018-05-14	0.000693	0.000695	0.000710	0.000662	0
ERA_USD	2018-05-13	0.000695	0.000678	0.000700	0.000666	0
ERA_USD	2018-05-12	0.000676	0.000671	0.000690	0.000656	0
ERA_USD	2018-05-11	0.000671	0.000722	0.000722	0.000668	0
ERA_USD	2018-05-10	0.000722	0.000745	0.000751	0.000720	0
ERA_USD	2018-05-09	0.000745	0.000735	0.000750	0.000718	0
ERA_USD	2018-05-08	0.000735	0.000749	0.000751	0.000000	0
ERA_USD	2018-05-07	0.000754	0.000773	0.000774	0.000736	0
ERA_USD	2018-05-06	0.000773	0.000789	0.000797	0.000756	0
ERA_USD	2018-05-05	0.000788	0.000777	0.000799	0.000775	0
ERA_USD	2018-05-04	0.000777	0.000781	0.000785	0.000765	0
ERA_USD	2018-05-03	0.000782	0.000739	0.000787	0.000734	0
ERA_USD	2018-05-02	0.000739	0.000725	0.000742	0.000718	0
ERA_USD	2018-05-01	0.000726	0.000739	0.000739	0.000707	0
ERA_USD	2018-04-30	0.000739	0.000752	0.000756	0.000729	0
ERA_USD	2018-04-29	0.000752	0.000747	0.000765	0.000735	0
ERA_USD	2018-04-28	0.000747	0.000714	0.000755	0.000710	0
ERA_USD	2018-04-27	0.000714	0.000744	0.000750	0.000712	0
ERA_USD	2018-04-26	0.000744	0.000710	0.000745	0.000693	0
ERA_USD	2018-04-25	0.000710	0.000772	0.000780	0.000703	0
ERA_USD	2018-04-24	0.000774	0.000715	0.000779	0.000714	0
ERA_USD	2018-04-23	0.000715	0.000704	0.000720	0.000702	0
ERA_USD	2018-04-22	0.000704	0.000713	0.000722	0.000700	0
ERA_USD	2018-04-21	0.000713	0.000710	0.000722	0.000690	0
ERA_USD	2018-04-20	0.000710	0.000662	0.000714	0.000658	0
ERA_USD	2018-04-19	0.000662	0.000653	0.000664	0.000649	0
ERA_USD	2018-04-18	0.000653	0.000631	0.000658	0.000630	0
ERA_USD	2018-04-17	0.000631	0.000644	0.000653	0.000626	0
ERA_USD	2018-04-16	0.000644	0.000669	0.000672	0.000632	0
ERA_USD	2018-04-15	0.000669	0.000640	0.000674	0.000640	0
ERA_USD	2018-04-14	0.000640	0.000630	0.000654	0.000626	0
ERA_USD	2018-04-13	0.000630	0.000633	0.000658	0.000621	0
ERA_USD	2018-04-12	0.000633	0.000555	0.000645	0.000541	0
ERA_USD	2018-04-11	0.000556	0.000547	0.000558	0.000544	0
ERA_USD	2018-04-10	0.000547	0.000541	0.000551	0.000532	0
ERA_USD	2018-04-09	0.000541	0.000561	0.000575	0.000529	0
ERA_USD	2018-04-08	0.000561	0.000551	0.000569	0.000551	0
ERA_USD	2018-04-07	0.000551	0.000529	0.000565	0.000528	0
ERA_USD	2018-04-06	0.000529	0.000541	0.000548	0.000521	0
ERA_USD	2018-04-05	0.000541	0.000543	0.000553	0.000526	0
ERA_USD	2018-04-04	0.000543	0.000592	0.000593	0.000536	0
ERA_USD	2018-04-03	0.000592	0.000564	0.000601	0.000562	0
ERA_USD	2018-04-02	0.000564	0.000545	0.000569	0.000542	0
ERA_USD	2018-04-01	0.000545	0.000554	0.000562	0.000515	0
ERA_USD	2018-03-31	0.000554	0.000547	0.000578	0.000543	0
ERA_USD	2018-03-30	0.000547	0.000567	0.000581	0.000526	0
ERA_USD	2018-03-29	0.000567	0.000635	0.000637	0.000552	0
ERA_USD	2018-03-28	0.000635	0.000623	0.000648	0.000618	0
ERA_USD	2018-03-27	0.000623	0.000650	0.000656	0.000619	0
ERA_USD	2018-03-26	0.000652	0.000676	0.000679	0.000628	0
ERA_USD	2018-03-25	0.000676	0.000681	0.000693	0.000670	0
ERA_USD	2018-03-24	0.000681	0.000712	0.000721	0.000680	0
ERA_USD	2018-03-23	0.000712	0.000697	0.000712	0.000662	0
ERA_USD	2018-03-22	0.000697	0.000712	0.000727	0.000678	0
ERA_USD	2018-03-21	0.000712	0.000712	0.000733	0.000701	0
ERA_USD	2018-03-20	0.000712	0.000688	0.000722	0.000665	0
ERA_USD	2018-03-19	0.000690	0.000657	0.000696	0.000649	0
ERA_USD	2018-03-18	0.000657	0.000630	0.000661	0.000586	0
ERA_USD	2018-03-17	0.000630	0.000663	0.000667	0.000620	0
ERA_USD	2018-03-16	0.000663	0.000660	0.000687	0.000632	0
ERA_USD	2018-03-15	0.000660	0.000655	0.000672	0.000614	0
ERA_USD	2018-03-14	0.000655	0.000457	0.000959	0.000454	0
ERA_USD	2018-03-13	0.000457	0.000456	0.000474	0.000442	0
ERA_USD	2018-03-12	0.000456	0.000476	0.000495	0.000440	0
ERA_USD	2018-03-11	0.000476	0.000438	0.000486	0.000421	0
ERA_USD	2018-03-10	0.000438	0.000507	0.000617	0.000436	0
ERA_USD	2018-03-09	0.000507	0.000511	0.000518	0.000459	0
ERA_USD	2018-03-08	0.000511	0.000741	0.000756	0.000511	0
ERA_USD	2018-03-07	0.000741	0.000804	0.000817	0.000708	0
ERA_USD	2018-03-06	0.000804	0.000689	0.000811	0.000671	0
ERA_USD	2018-03-05	0.000689	0.000806	0.000806	0.000689	0
ERA_USD	2018-03-04	0.000800	0.000800	0.000800	0.000800	0
ERA_USD	2018-03-03	0.000772	0.000772	0.000772	0.000772	0
ERA_USD	2018-03-02	0.000765	0.000765	0.000765	0.000765	0
