ERC_USD	2019-04-09	0.04475	0.04522	0.04522	0.04402	0
ERC_USD	2019-04-08	0.04522	0.04674	0.04777	0.04225	0
ERC_USD	2019-04-07	0.04674	0.04526	0.04723	0.04522	0
ERC_USD	2019-04-06	0.04526	0.04586	0.04586	0.03983	0
ERC_USD	2019-04-05	0.04586	0.04451	0.04616	0.04450	0
ERC_USD	2019-04-04	0.04451	0.04491	0.04599	0.04360	0
ERC_USD	2019-04-03	0.04491	0.03881	0.04804	0.03875	0
ERC_USD	2019-04-02	0.03881	0.03237	0.03914	0.03230	0
ERC_USD	2019-04-01	0.03237	0.03230	0.03254	0.03228	0
ERC_USD	2019-03-31	0.03130	0.03261	0.03274	0.03126	0
ERC_USD	2019-03-30	0.03261	0.03276	0.03296	0.03231	0
ERC_USD	2019-03-29	0.03276	0.03074	0.03277	0.03068	0
ERC_USD	2019-03-28	0.03074	0.03081	0.03082	0.03055	0
ERC_USD	2019-03-27	0.03081	0.02806	0.03086	0.02798	0
ERC_USD	2019-03-26	0.02806	0.03402	0.03412	0.02778	0
ERC_USD	2019-03-25	0.03402	0.02829	0.03453	0.02806	0
ERC_USD	2019-03-24	0.02829	0.02828	0.02838	0.02809	0
ERC_USD	2019-03-23	0.02828	0.02818	0.02837	0.02809	0
ERC_USD	2019-03-22	0.02818	0.02815	0.02832	0.02808	0
ERC_USD	2019-03-21	0.02815	0.02881	0.02889	0.02788	0
ERC_USD	2019-03-20	0.02881	0.02875	0.03229	0.02813	0
ERC_USD	2019-03-19	0.02875	0.02852	0.02883	0.02840	0
ERC_USD	2019-03-18	0.02852	0.02974	0.03071	0.02831	0
ERC_USD	2019-03-17	0.02974	0.02871	0.02988	0.02837	0
ERC_USD	2019-03-16	0.02871	0.02850	0.03430	0.02850	0
ERC_USD	2019-03-15	0.02850	0.03527	0.03766	0.02841	0
ERC_USD	2019-03-14	0.03527	0.03485	0.03532	0.03433	0
ERC_USD	2019-03-13	0.03486	0.04282	0.04286	0.03478	0
ERC_USD	2019-03-12	0.04282	0.04280	0.04310	0.04220	0
ERC_USD	2019-03-11	0.04280	0.02600	0.04283	0.02504	0
ERC_USD	2019-03-10	0.02600	0.02610	0.02611	0.02577	0
ERC_USD	2019-03-09	0.02610	0.02577	0.02645	0.02573	0
ERC_USD	2019-03-08	0.02577	0.03338	0.03377	0.02535	0
ERC_USD	2019-03-07	0.03338	0.04505	0.04553	0.02618	0
ERC_USD	2019-03-06	0.04505	0.04171	0.04557	0.04130	0
ERC_USD	2019-03-05	0.04171	0.04013	0.04201	0.04002	0
ERC_USD	2019-03-04	0.04013	0.04129	0.04153	0.03994	0
ERC_USD	2019-03-03	0.04129	0.04163	0.04175	0.04103	0
ERC_USD	2019-03-02	0.04163	0.04810	0.04818	0.04154	0
ERC_USD	2019-03-01	0.04810	0.04784	0.04848	0.04781	0
ERC_USD	2019-02-28	0.04784	0.04115	0.04814	0.04105	0
ERC_USD	2019-02-27	0.04115	0.04124	0.04162	0.03992	0
ERC_USD	2019-02-26	0.04124	0.04159	0.04170	0.04106	0
ERC_USD	2019-02-25	0.04159	0.04814	0.04889	0.04085	0
ERC_USD	2019-02-24	0.04814	0.05131	0.05327	0.04486	0
ERC_USD	2019-02-23	0.05131	0.04955	0.05183	0.04890	0
ERC_USD	2019-02-22	0.04955	0.05999	0.06035	0.04925	0
ERC_USD	2019-02-21	0.05999	0.05413	0.06174	0.04952	0
ERC_USD	2019-02-20	0.05413	0.04862	0.06074	0.04833	0
ERC_USD	2019-02-19	0.04862	0.04846	0.04971	0.04803	0
ERC_USD	2019-02-18	0.04846	0.04550	0.04883	0.04536	0
ERC_USD	2019-02-17	0.04550	0.04562	0.04608	0.04469	0
ERC_USD	2019-02-16	0.04562	0.04463	0.05127	0.04463	0
ERC_USD	2019-02-15	0.04463	0.04458	0.04526	0.04442	0
ERC_USD	2019-02-14	0.04458	0.04186	0.04485	0.04170	0
ERC_USD	2019-02-13	0.04186	0.04352	0.04464	0.04165	0
ERC_USD	2019-02-12	0.04352	0.04333	0.05026	0.04291	0
ERC_USD	2019-02-11	0.04333	0.05598	0.05869	0.04283	0
ERC_USD	2019-02-10	0.05598	0.05615	0.05832	0.05514	0
ERC_USD	2019-02-09	0.05615	0.04893	0.07995	0.04865	0
ERC_USD	2019-02-08	0.04893	0.09147	0.09157	0.04562	0
ERC_USD	2019-02-07	0.09147	0.05174	0.09157	0.04159	0
ERC_USD	2019-02-06	0.05174	0.04250	0.06632	0.04157	0
ERC_USD	2019-02-05	0.04250	0.04328	0.04421	0.04225	0
ERC_USD	2019-02-04	0.04328	0.04479	0.04486	0.04324	0
ERC_USD	2019-02-03	0.04479	0.04427	0.05470	0.04322	0
ERC_USD	2019-02-02	0.04427	0.05940	0.05940	0.04354	0
ERC_USD	2019-02-01	0.05940	0.04729	0.07023	0.04336	0
ERC_USD	2019-01-31	0.04729	0.06117	0.06182	0.04361	0
ERC_USD	2019-01-30	0.06117	0.06180	0.06247	0.06058	0
ERC_USD	2019-01-29	0.06180	0.06260	0.06280	0.06120	0
ERC_USD	2019-01-28	0.06260	0.07076	0.07077	0.06180	0
ERC_USD	2019-01-27	0.07076	0.06870	0.07726	0.06336	0
ERC_USD	2019-01-26	0.06870	0.06209	0.10489	0.06203	0
ERC_USD	2019-01-25	0.06209	0.06252	0.10635	0.06196	0
ERC_USD	2019-01-24	0.06252	0.07240	0.14415	0.05464	0
ERC_USD	2019-01-23	0.07240	0.04603	0.41863	0.04497	0
ERC_USD	2019-01-22	0.04603	0.05511	0.07282	0.04535	0
ERC_USD	2019-01-21	0.05511	0.04310	0.08875	0.04279	0
ERC_USD	2019-01-20	0.04310	0.04525	0.04563	0.04264	0
ERC_USD	2019-01-19	0.04525	0.04962	0.04995	0.04448	0
ERC_USD	2019-01-18	0.04962	0.04446	0.04989	0.04368	0
ERC_USD	2019-01-17	0.04446	0.04597	0.04714	0.04295	0
ERC_USD	2019-01-16	0.04597	0.04578	0.04663	0.04306	0
ERC_USD	2019-01-15	0.04578	0.05174	0.05306	0.04364	0
ERC_USD	2019-01-14	0.05174	0.04957	0.05240	0.04940	0
ERC_USD	2019-01-13	0.04957	0.05180	0.05194	0.04929	0
ERC_USD	2019-01-12	0.05180	0.04644	0.09221	0.04630	0
ERC_USD	2019-01-11	0.04644	0.04641	0.04711	0.04583	0
ERC_USD	2019-01-10	0.04641	0.05513	0.05584	0.04636	0
ERC_USD	2019-01-09	0.05513	0.14348	0.14563	0.05497	0
ERC_USD	2019-01-08	0.14348	0.05233	0.14728	0.05163	0
ERC_USD	2019-01-07	0.05233	0.05511	0.05856	0.05201	0
ERC_USD	2019-01-06	0.05511	0.05477	0.10905	0.05435	0
ERC_USD	2019-01-05	0.05477	0.07384	0.07474	0.05466	0
ERC_USD	2019-01-04	0.07384	0.07316	0.07437	0.07202	0
ERC_USD	2019-01-03	0.07316	0.06338	0.07521	0.06305	0
ERC_USD	2019-01-02	0.06338	0.07880	0.08008	0.06223	0
ERC_USD	2019-01-01	0.07880	0.07626	0.07926	0.07544	0
ERC_USD	2018-12-31	0.07626	0.04434	0.07926	0.04432	0
ERC_USD	2018-12-30	0.04434	0.04100	0.04448	0.04061	0
ERC_USD	2018-12-29	0.04100	0.04263	0.04317	0.04085	0
ERC_USD	2018-12-28	0.04263	0.03922	0.04313	0.03904	0
ERC_USD	2018-12-27	0.03922	0.04150	0.04184	0.03895	0
ERC_USD	2018-12-26	0.04150	0.03905	0.04172	0.03883	0
ERC_USD	2018-12-25	0.03905	0.03946	0.03956	0.03641	0
ERC_USD	2018-12-24	0.03946	0.03876	0.04173	0.03876	0
ERC_USD	2018-12-23	0.03876	0.10298	0.10508	0.03844	0
ERC_USD	2018-12-22	0.10298	0.09914	0.10350	0.09784	0
ERC_USD	2018-12-21	0.09914	0.10520	0.10703	0.09748	0
ERC_USD	2018-12-20	0.10520	0.09510	0.10722	0.09440	0
ERC_USD	2018-12-19	0.09510	0.02018	0.11839	0.02009	0
ERC_USD	2018-12-18	0.02018	0.01813	0.03834	0.01775	0
ERC_USD	2018-12-17	0.01813	0.05422	0.05552	0.01673	0
ERC_USD	2018-12-16	0.05422	0.05401	0.05549	0.05385	0
ERC_USD	2018-12-15	0.05401	0.05391	0.05454	0.05287	0
ERC_USD	2018-12-14	0.05391	0.05506	0.05564	0.05301	0
ERC_USD	2018-12-13	0.05506	0.05811	0.05822	0.05470	0
ERC_USD	2018-12-12	0.05811	0.05622	0.05924	0.05612	0
ERC_USD	2018-12-11	0.05672	0.05791	0.05832	0.05579	0
ERC_USD	2018-12-10	0.05791	0.05990	0.06079	0.05711	0
ERC_USD	2018-12-09	0.05990	0.05760	0.06206	0.05700	0
ERC_USD	2018-12-08	0.05760	0.05683	0.06008	0.05450	0
ERC_USD	2018-12-07	0.05683	0.05816	0.05914	0.05394	0
ERC_USD	2018-12-06	0.05816	0.06189	0.06434	0.05776	0
ERC_USD	2018-12-05	0.06189	0.06543	0.06567	0.06163	0
ERC_USD	2018-12-04	0.06543	0.06412	0.06792	0.06259	0
ERC_USD	2018-12-03	0.06412	0.06834	0.06865	0.06309	0
ERC_USD	2018-12-02	0.06834	0.06971	0.07152	0.06781	0
ERC_USD	2018-12-01	0.06971	0.06635	0.07129	0.06538	0
ERC_USD	2018-11-30	0.06635	0.07084	0.07159	0.06517	0
ERC_USD	2018-11-29	0.07084	0.07075	0.07341	0.06872	0
ERC_USD	2018-11-28	0.07075	0.06382	0.07280	0.06382	0
ERC_USD	2018-11-27	0.06382	0.06337	0.06478	0.06101	0
ERC_USD	2018-11-26	0.06337	0.06744	0.06893	0.06107	0
ERC_USD	2018-11-25	0.06744	0.06458	0.06901	0.06017	0
ERC_USD	2018-11-24	0.06458	0.07267	0.07418	0.06300	0
ERC_USD	2018-11-23	0.07267	0.07216	0.07363	0.06985	0
ERC_USD	2018-11-22	0.07216	0.07675	0.07750	0.07216	0
ERC_USD	2018-11-21	0.07675	0.07539	0.07841	0.07278	0
ERC_USD	2018-11-20	0.07539	0.08113	0.08291	0.07095	0
ERC_USD	2018-11-19	0.08113	0.09298	0.09298	0.08036	0
ERC_USD	2018-11-18	0.09298	0.09245	0.09382	0.09235	0
ERC_USD	2018-11-17	0.09245	0.09300	0.09300	0.09157	0
ERC_USD	2018-11-16	0.09300	0.09450	0.09459	0.09127	0
ERC_USD	2018-11-15	0.09450	0.09669	0.09742	0.08940	0
ERC_USD	2018-11-14	0.09669	0.10621	0.10655	0.09373	0
ERC_USD	2018-11-13	0.10621	0.10592	0.10675	0.10521	0
ERC_USD	2018-11-12	0.10592	0.10614	0.10646	0.10546	0
ERC_USD	2018-11-11	0.10614	0.10566	0.10614	0.10456	0
ERC_USD	2018-11-10	0.10566	0.10548	0.10617	0.10539	0
ERC_USD	2018-11-09	0.10548	0.10646	0.10684	0.10505	0
ERC_USD	2018-11-08	0.10646	0.10799	0.10819	0.10642	0
ERC_USD	2018-11-07	0.10799	0.10705	0.10856	0.10699	0
ERC_USD	2018-11-06	0.10705	0.10630	0.10705	0.10594	0
ERC_USD	2018-11-05	0.10630	0.10655	0.10672	0.10580	0
ERC_USD	2018-11-04	0.10655	0.10495	0.10695	0.10450	0
ERC_USD	2018-11-03	0.10495	0.10559	0.10568	0.10404	0
ERC_USD	2018-11-02	0.10559	0.10515	0.10605	0.10501	0
ERC_USD	2018-11-01	0.10515	0.10463	0.10553	0.10439	0
ERC_USD	2018-10-31	0.10463	0.10400	0.10512	0.10270	0
ERC_USD	2018-10-30	0.10400	0.10423	0.10482	0.10373	0
ERC_USD	2018-10-29	0.10423	0.10663	0.10683	0.10385	0
ERC_USD	2018-10-28	0.10663	0.10680	0.10696	0.10608	0
ERC_USD	2018-10-27	0.10680	0.10731	0.10768	0.10649	0
ERC_USD	2018-10-26	0.10731	0.10726	0.10822	0.10703	0
ERC_USD	2018-10-25	0.10726	0.10768	0.10785	0.10693	0
ERC_USD	2018-10-24	0.10768	0.10762	0.10881	0.10750	0
ERC_USD	2018-10-23	0.10762	0.10790	0.10818	0.10733	0
ERC_USD	2018-10-22	0.10790	0.10824	0.10889	0.10760	0
ERC_USD	2018-10-21	0.10824	0.10820	0.10934	0.10817	0
ERC_USD	2018-10-20	0.10820	0.10724	0.10858	0.10698	0
ERC_USD	2018-10-19	0.10724	0.10866	0.10893	0.10712	0
ERC_USD	2018-10-18	0.10866	0.11066	0.11136	0.10791	0
ERC_USD	2018-10-17	0.11066	0.11103	0.11159	0.10977	0
ERC_USD	2018-10-16	0.11103	0.11077	0.11323	0.10975	0
ERC_USD	2018-10-15	0.11077	0.10406	0.12351	0.10351	0
ERC_USD	2018-10-14	0.10406	0.10394	0.10514	0.10381	0
ERC_USD	2018-10-13	0.10394	0.10346	0.10403	0.10332	0
ERC_USD	2018-10-12	0.10346	0.08420	0.12100	0.07420	0
ERC_USD	2018-10-11	0.08420	0.13005	0.13005	0.08008	0
ERC_USD	2018-10-10	0.13005	0.16464	0.16653	0.12074	0
ERC_USD	2018-10-09	0.16464	0.12546	0.20222	0.11617	0
ERC_USD	2018-10-08	0.12546	0.15209	0.15256	0.12030	0
ERC_USD	2018-10-07	0.15209	0.15405	0.16073	0.14854	0
ERC_USD	2018-10-06	0.15405	0.16685	0.16780	0.13402	0
ERC_USD	2018-10-05	0.16685	0.17000	0.19669	0.15863	0
ERC_USD	2018-10-04	0.17000	0.17841	0.18246	0.16113	0
ERC_USD	2018-10-03	0.17841	0.15345	0.19514	0.14348	0
ERC_USD	2018-10-02	0.15345	0.14129	0.18379	0.13369	0
ERC_USD	2018-10-01	0.14129	0.14300	0.15923	0.12633	0
ERC_USD	2018-09-30	0.14300	0.15851	0.16998	0.11969	0
ERC_USD	2018-09-29	0.15851	0.17858	0.27041	0.13955	0
ERC_USD	2018-09-28	0.17858	0.25589	0.35845	0.17370	0
ERC_USD	2018-09-27	0.25589	0.22305	0.29447	0.22111	0
ERC_USD	2018-09-26	0.22305	0.21476	0.23110	0.20375	0
ERC_USD	2018-09-25	0.21476	0.21131	0.23634	0.20211	0
ERC_USD	2018-09-24	0.21131	0.18331	0.24992	0.17609	0
ERC_USD	2018-09-23	0.18331	0.19917	0.19941	0.17584	0
ERC_USD	2018-09-22	0.19917	0.16514	0.25450	0.16147	0
ERC_USD	2018-09-21	0.16514	0.16388	0.17760	0.16253	0
ERC_USD	2018-09-20	0.16388	0.16852	0.16967	0.15480	0
ERC_USD	2018-09-19	0.16852	0.14645	0.23003	0.14258	0
ERC_USD	2018-09-18	0.14645	0.12753	0.22311	0.12703	0
ERC_USD	2018-09-17	0.12753	0.12873	0.14939	0.12433	0
ERC_USD	2018-09-16	0.12873	0.13278	0.13278	0.12219	0
ERC_USD	2018-09-15	0.13278	0.13305	0.13539	0.13160	0
ERC_USD	2018-09-14	0.13305	0.13618	0.14115	0.13300	0
ERC_USD	2018-09-13	0.13618	0.13057	0.14649	0.13045	0
ERC_USD	2018-09-12	0.13057	0.13080	0.13545	0.11444	0
ERC_USD	2018-09-11	0.13080	0.12774	0.13337	0.12261	0
ERC_USD	2018-09-10	0.12774	0.13028	0.13251	0.12639	0
ERC_USD	2018-09-09	0.13028	0.12624	0.13477	0.12542	0
ERC_USD	2018-09-08	0.12624	0.12997	0.13857	0.12620	0
ERC_USD	2018-09-07	0.12997	0.14663	0.14725	0.12444	0
ERC_USD	2018-09-06	0.14663	0.15801	0.15830	0.14537	0
ERC_USD	2018-09-05	0.15801	0.18736	0.18736	0.15792	0
ERC_USD	2018-09-04	0.18736	0.17531	0.19141	0.17223	0
ERC_USD	2018-09-03	0.17531	0.19560	0.40817	0.17014	0
ERC_USD	2018-09-02	0.19560	0.16223	0.19829	0.16052	0
ERC_USD	2018-09-01	0.16223	0.17124	0.17634	0.15746	0
ERC_USD	2018-08-31	0.17124	0.17178	0.17414	0.16311	0
ERC_USD	2018-08-30	0.17178	0.17264	0.17975	0.15740	0
ERC_USD	2018-08-29	0.17264	0.16475	0.18184	0.16020	0
ERC_USD	2018-08-28	0.16475	0.17496	0.17989	0.15511	0
ERC_USD	2018-08-27	0.17496	0.17180	0.17516	0.16855	0
ERC_USD	2018-08-26	0.17180	0.17202	0.17577	0.16722	0
ERC_USD	2018-08-25	0.17202	0.17556	0.18471	0.16957	0
ERC_USD	2018-08-24	0.17556	0.18247	0.18280	0.16346	0
ERC_USD	2018-08-23	0.18247	0.15585	0.42041	0.15574	0
ERC_USD	2018-08-22	0.15585	0.15893	0.16844	0.15335	0
ERC_USD	2018-08-21	0.15893	0.16110	0.16276	0.15429	0
ERC_USD	2018-08-20	0.16110	0.16680	0.17498	0.16030	0
ERC_USD	2018-08-19	0.16680	0.16935	0.17125	0.16373	0
ERC_USD	2018-08-18	0.16935	0.17368	0.18230	0.16681	0
ERC_USD	2018-08-17	0.17368	0.16391	0.18298	0.16278	0
ERC_USD	2018-08-16	0.16391	0.15271	0.16962	0.15167	0
ERC_USD	2018-08-15	0.15271	0.14840	0.16431	0.14818	0
ERC_USD	2018-08-14	0.14840	0.15989	0.16271	0.14588	0
ERC_USD	2018-08-13	0.15989	0.17073	0.17782	0.15871	0
ERC_USD	2018-08-12	0.17073	0.16785	0.17376	0.16653	0
ERC_USD	2018-08-11	0.16785	0.18266	0.18336	0.16738	0
ERC_USD	2018-08-10	0.18266	0.19535	0.19707	0.17891	0
ERC_USD	2018-08-09	0.19535	0.19129	0.19821	0.18726	0
ERC_USD	2018-08-08	0.19129	0.20829	0.20829	0.18803	0
ERC_USD	2018-08-07	0.20829	0.21275	0.22497	0.20722	0
ERC_USD	2018-08-06	0.21275	0.22318	0.22676	0.20918	0
ERC_USD	2018-08-05	0.22318	0.22079	0.22405	0.21716	0
ERC_USD	2018-08-04	0.22079	0.23843	0.25406	0.21823	0
ERC_USD	2018-08-03	0.23843	0.23653	0.23930	0.21646	0
ERC_USD	2018-08-02	0.23653	0.24637	0.25583	0.23653	0
ERC_USD	2018-08-01	0.24637	0.25946	0.25979	0.23371	0
ERC_USD	2018-07-31	0.25946	0.27084	0.27980	0.25695	0
ERC_USD	2018-07-30	0.27084	0.28279	0.28826	0.24841	0
ERC_USD	2018-07-29	0.28279	0.28444	0.29950	0.27630	0
ERC_USD	2018-07-28	0.28444	0.28679	0.29013	0.28139	0
ERC_USD	2018-07-27	0.28679	0.29701	0.29837	0.28048	0
ERC_USD	2018-07-26	0.29701	0.30090	0.30561	0.29565	0
ERC_USD	2018-07-25	0.30090	0.31098	0.33055	0.29712	0
ERC_USD	2018-07-24	0.31098	0.27148	0.31319	0.26023	0
ERC_USD	2018-07-23	0.27148	0.26823	0.28524	0.26168	0
ERC_USD	2018-07-22	0.26823	0.25453	0.27411	0.25265	0
ERC_USD	2018-07-21	0.25453	0.26220	0.26392	0.25215	0
ERC_USD	2018-07-20	0.26220	0.27043	0.27505	0.26044	0
ERC_USD	2018-07-19	0.27043	0.26183	0.29834	0.26040	0
ERC_USD	2018-07-18	0.26183	0.25455	0.26943	0.25455	0
ERC_USD	2018-07-17	0.25455	0.23190	0.26128	0.22986	0
ERC_USD	2018-07-16	0.23190	0.22058	0.24671	0.21955	0
ERC_USD	2018-07-15	0.22058	0.21503	0.22471	0.21412	0
ERC_USD	2018-07-14	0.21503	0.21770	0.21996	0.20941	0
ERC_USD	2018-07-13	0.21770	0.21423	0.22025	0.21138	0
ERC_USD	2018-07-12	0.21423	0.22226	0.22276	0.20907	0
ERC_USD	2018-07-11	0.22226	0.21647	0.22798	0.21439	0
ERC_USD	2018-07-10	0.21647	0.28698	0.28721	0.21448	0
ERC_USD	2018-07-09	0.28698	0.28901	0.29283	0.28596	0
ERC_USD	2018-07-08	0.28901	0.29133	0.29258	0.28788	0
ERC_USD	2018-07-07	0.29133	0.27795	0.29410	0.27249	0
ERC_USD	2018-07-06	0.27795	0.27171	0.27988	0.26808	0
ERC_USD	2018-07-05	0.27171	0.27869	0.29616	0.27167	0
ERC_USD	2018-07-04	0.27869	0.27550	0.28591	0.27193	0
ERC_USD	2018-07-03	0.27550	0.28720	0.28936	0.00364	0
ERC_USD	2018-07-02	0.28720	0.27574	0.29266	0.00000	0
ERC_USD	2018-07-01	0.27577	0.29621	0.29805	0.27359	0
ERC_USD	2018-06-30	0.29622	0.23584	0.29749	0.23584	0
ERC_USD	2018-06-29	0.23603	0.24784	0.24950	0.21715	0
ERC_USD	2018-06-28	0.24826	0.22047	0.30540	0.21843	0
ERC_USD	2018-06-27	0.22045	0.22333	0.22496	0.21521	0
ERC_USD	2018-06-26	0.22403	0.22884	0.23130	0.22283	0
ERC_USD	2018-06-25	0.22869	0.24185	0.24185	0.22027	0
ERC_USD	2018-06-24	0.24193	0.25970	0.26057	0.23153	0
ERC_USD	2018-06-23	0.25943	0.25590	0.27130	0.25104	0
ERC_USD	2018-06-22	0.25590	0.28275	0.28482	0.25142	0
ERC_USD	2018-06-21	0.28274	0.28493	0.28894	0.28201	0
ERC_USD	2018-06-20	0.28495	0.28976	0.29286	0.27757	0
ERC_USD	2018-06-19	0.29009	0.29430	0.30158	0.28543	0
ERC_USD	2018-06-18	0.29376	0.28588	0.29546	0.26790	0
ERC_USD	2018-06-17	0.28565	0.28903	0.29068	0.27462	0
ERC_USD	2018-06-16	0.28898	0.28621	0.29493	0.28204	0
ERC_USD	2018-06-15	0.28607	0.30549	0.30549	0.28510	0
ERC_USD	2018-06-14	0.30491	0.26669	0.30548	0.26669	0
ERC_USD	2018-06-13	0.26647	0.31702	0.31816	0.26233	0
ERC_USD	2018-06-12	0.31694	0.33702	0.34200	0.31195	0
ERC_USD	2018-06-11	0.33719	0.33674	0.33900	0.32686	0
ERC_USD	2018-06-10	0.33635	0.38374	0.38618	0.33162	0
ERC_USD	2018-06-09	0.38180	0.39446	0.41063	0.38037	0
ERC_USD	2018-06-08	0.39393	0.40181	0.41202	0.38762	0
ERC_USD	2018-06-07	0.40198	0.41350	0.41905	0.39514	0
ERC_USD	2018-06-06	0.41348	0.41680	0.41724	0.40384	0
ERC_USD	2018-06-05	0.41645	0.40999	0.41882	0.40046	0
ERC_USD	2018-06-04	0.41029	0.43067	0.43494	0.40850	0
ERC_USD	2018-06-03	0.43063	0.41974	0.43630	0.41797	0
ERC_USD	2018-06-02	0.42005	0.43401	0.44336	0.41874	0
ERC_USD	2018-06-01	0.43366	0.42871	0.43528	0.42141	0
ERC_USD	2018-05-31	0.42875	0.41003	0.43694	0.40814	0
ERC_USD	2018-05-30	0.41021	0.42313	0.43530	0.40881	0
ERC_USD	2018-05-29	0.42263	0.41456	0.42740	0.40740	0
ERC_USD	2018-05-28	0.41431	0.44882	0.45432	0.41279	0
ERC_USD	2018-05-27	0.44886	0.45598	0.45810	0.44387	0
ERC_USD	2018-05-26	0.45588	0.46391	0.47363	0.45346	0
ERC_USD	2018-05-25	0.46400	0.46775	0.47524	0.45569	0
ERC_USD	2018-05-24	0.46755	0.45140	0.47035	0.43681	0
ERC_USD	2018-05-23	0.45174	0.51245	0.51955	0.44892	0
ERC_USD	2018-05-22	0.51247	0.51115	0.56599	0.50698	0
ERC_USD	2018-05-21	0.51115	0.49221	0.55125	0.46834	0
ERC_USD	2018-05-20	0.49221	0.46885	0.50164	0.44433	0
ERC_USD	2018-05-19	0.46885	0.44190	0.52557	0.43860	0
ERC_USD	2018-05-18	0.44190	0.44257	0.45490	0.42956	0
ERC_USD	2018-05-17	0.44315	0.40068	0.61932	0.37377	0
ERC_USD	2018-05-16	0.40033	0.40624	0.40705	0.38792	0
ERC_USD	2018-05-15	0.40688	0.41399	0.42323	0.40319	0
ERC_USD	2018-05-14	0.41402	0.41559	0.42643	0.39737	0
ERC_USD	2018-05-13	0.41559	0.41374	0.42638	0.40302	0
ERC_USD	2018-05-12	0.41276	0.41295	0.42441	0.40371	0
ERC_USD	2018-05-11	0.41295	0.47673	0.47673	0.41017	0
ERC_USD	2018-05-10	0.47673	0.49237	0.49858	0.47600	0
ERC_USD	2018-05-09	0.49237	0.52222	0.52308	0.47462	0
ERC_USD	2018-05-08	0.52241	0.54394	0.54460	0.00006	0
ERC_USD	2018-05-07	0.54092	0.56578	0.56676	0.52944	0
ERC_USD	2018-05-06	0.56578	0.55636	0.56679	0.52950	0
ERC_USD	2018-05-05	0.55592	0.60591	0.61515	0.55313	0
ERC_USD	2018-05-04	0.60591	0.62212	0.66712	0.58560	0
ERC_USD	2018-05-03	0.62212	0.60528	0.63698	0.58953	0
ERC_USD	2018-05-02	0.60528	0.57933	0.60753	0.57031	0
ERC_USD	2018-05-01	0.57933	0.59222	0.59239	0.56931	0
ERC_USD	2018-04-30	0.59222	0.60888	0.61874	0.58496	0
ERC_USD	2018-04-29	0.60888	0.58639	0.60963	0.57527	0
ERC_USD	2018-04-28	0.58639	0.56184	0.59169	0.55825	0
ERC_USD	2018-04-27	0.56184	0.58292	0.59246	0.56024	0
ERC_USD	2018-04-26	0.58292	0.53821	0.58367	0.52532	0
ERC_USD	2018-04-25	0.53821	0.62527	0.63115	0.52416	0
ERC_USD	2018-04-24	0.62527	0.59168	0.63083	0.58937	0
ERC_USD	2018-04-23	0.59168	0.58822	0.61106	0.57429	0
ERC_USD	2018-04-22	0.58822	0.52737	0.59975	0.51825	0
ERC_USD	2018-04-21	0.52737	0.53987	0.54311	0.51112	0
ERC_USD	2018-04-20	0.53987	0.53769	0.54702	0.50174	0
ERC_USD	2018-04-19	0.53769	0.53340	0.55213	0.52794	0
ERC_USD	2018-04-18	0.53340	0.45873	0.55326	0.45081	0
ERC_USD	2018-04-17	0.45873	0.48332	0.49650	0.45332	0
ERC_USD	2018-04-16	0.48332	0.51450	0.51870	0.47450	0
ERC_USD	2018-04-15	0.51450	0.46029	0.52089	0.43802	0
ERC_USD	2018-04-14	0.46029	0.43512	0.53624	0.43310	0
ERC_USD	2018-04-13	0.43512	0.42978	0.45502	0.41270	0
ERC_USD	2018-04-12	0.42978	0.37751	0.43552	0.36802	0
ERC_USD	2018-04-11	0.37751	0.37192	0.37903	0.35656	0
ERC_USD	2018-04-10	0.37192	0.33550	0.37769	0.32868	0
ERC_USD	2018-04-09	0.33550	0.33835	0.35942	0.32180	0
ERC_USD	2018-04-08	0.33835	0.29248	0.36010	0.28320	0
ERC_USD	2018-04-07	0.29248	0.29238	0.30487	0.29005	0
ERC_USD	2018-04-06	0.29238	0.29965	0.30717	0.28877	0
ERC_USD	2018-04-05	0.29965	0.30322	0.30854	0.29357	0
ERC_USD	2018-04-04	0.30322	0.32917	0.33520	0.29871	0
ERC_USD	2018-04-03	0.32917	0.30453	0.33154	0.30312	0
ERC_USD	2018-04-02	0.30453	0.28916	0.30484	0.28758	0
ERC_USD	2018-04-01	0.28916	0.28985	0.29877	0.27306	0
ERC_USD	2018-03-31	0.28985	0.29728	0.30640	0.28856	0
ERC_USD	2018-03-30	0.29728	0.30213	0.30762	0.27592	0
ERC_USD	2018-03-29	0.30213	0.34555	0.35048	0.29367	0
ERC_USD	2018-03-28	0.34555	0.33300	0.35941	0.32966	0
ERC_USD	2018-03-27	0.33300	0.36042	0.36402	0.33236	0
ERC_USD	2018-03-26	0.36042	0.38278	0.38278	0.34817	0
ERC_USD	2018-03-25	0.38278	0.39410	0.39735	0.37999	0
ERC_USD	2018-03-24	0.39410	0.42032	0.42526	0.39366	0
ERC_USD	2018-03-23	0.42032	0.41427	0.42036	0.39070	0
ERC_USD	2018-03-22	0.41427	0.41977	0.43336	0.39885	0
ERC_USD	2018-03-21	0.41977	0.41269	0.43659	0.41119	0
ERC_USD	2018-03-20	0.41269	0.39435	0.41871	0.38300	0
ERC_USD	2018-03-19	0.39435	0.37549	0.39670	0.35798	0
ERC_USD	2018-03-18	0.37549	0.38966	0.38966	0.33095	0
ERC_USD	2018-03-17	0.38966	0.46393	0.47267	0.38762	0
ERC_USD	2018-03-16	0.46393	0.47668	0.48137	0.43471	0
ERC_USD	2018-03-15	0.47668	0.49472	0.50624	0.46346	0
ERC_USD	2018-03-14	0.49472	0.55508	0.56832	0.48423	0
ERC_USD	2018-03-13	0.55508	0.54647	0.56431	0.51796	0
ERC_USD	2018-03-12	0.54647	0.57689	0.62195	0.53807	0
ERC_USD	2018-03-11	0.57689	0.56886	0.58532	0.51882	0
ERC_USD	2018-03-10	0.56886	0.59026	0.61837	0.56314	0
ERC_USD	2018-03-09	0.59026	0.58313	0.59776	0.51992	0
ERC_USD	2018-03-08	0.58313	0.71008	0.72217	0.57942	0
ERC_USD	2018-03-07	0.71008	0.72603	0.74401	0.64516	0
ERC_USD	2018-03-06	0.72603	0.81890	0.81890	0.70603	0
ERC_USD	2018-03-05	0.81890	0.84189	0.85147	0.81890	0
ERC_USD	2018-03-04	0.84189	0.86512	0.87099	0.80778	0
ERC_USD	2018-03-03	0.86512	0.79297	0.88043	0.79297	0
ERC_USD	2018-03-02	0.79297	0.68122	0.80281	0.68085	0
