EREAL_USD	2019-04-09	0.002493	0.002527	0.002527	0.002457	0
EREAL_USD	2019-04-08	0.002527	0.002492	0.002552	0.002446	0
EREAL_USD	2019-04-07	0.002492	0.002388	0.002518	0.002386	0
EREAL_USD	2019-04-06	0.002388	0.002390	0.002480	0.002335	0
EREAL_USD	2019-04-05	0.002390	0.002319	0.002405	0.002319	0
EREAL_USD	2019-04-04	0.002319	0.002664	0.002728	0.002272	0
EREAL_USD	2019-04-03	0.002664	0.002614	0.002849	0.002595	0
EREAL_USD	2019-04-02	0.002614	0.002204	0.002665	0.002200	0
EREAL_USD	2019-04-01	0.002204	0.002188	0.002216	0.002167	0
EREAL_USD	2019-03-31	0.002188	0.002187	0.002195	0.002181	0
EREAL_USD	2019-03-30	0.002187	0.002194	0.002210	0.002166	0
EREAL_USD	2019-03-29	0.002194	0.002149	0.002198	0.002145	0
EREAL_USD	2019-03-28	0.002149	0.002154	0.002155	0.002136	0
EREAL_USD	2019-03-27	0.002154	0.002096	0.002158	0.002089	0
EREAL_USD	2019-03-26	0.002096	0.002084	0.002097	0.002074	0
EREAL_USD	2019-03-25	0.002084	0.002122	0.002126	0.002068	0
EREAL_USD	2019-03-24	0.002122	0.002133	0.002133	0.002107	0
EREAL_USD	2019-03-23	0.002133	0.002126	0.002140	0.002119	0
EREAL_USD	2019-03-22	0.002126	0.002124	0.002136	0.002118	0
EREAL_USD	2019-03-21	0.002124	0.002167	0.002177	0.002103	0
EREAL_USD	2019-03-20	0.002167	0.002218	0.002234	0.002165	0
EREAL_USD	2019-03-19	0.002218	0.002200	0.002224	0.002191	0
EREAL_USD	2019-03-18	0.002200	0.002197	0.002224	0.002180	0
EREAL_USD	2019-03-17	0.002197	0.002208	0.002208	0.002182	0
EREAL_USD	2019-03-16	0.002208	0.002162	0.002242	0.002162	0
EREAL_USD	2019-03-15	0.002162	0.002133	0.002166	0.002132	0
EREAL_USD	2019-03-14	0.002133	0.002132	0.002160	0.002099	0
EREAL_USD	2019-03-13	0.002132	0.002135	0.002144	0.002120	0
EREAL_USD	2019-03-12	0.002135	0.002134	0.002149	0.002104	0
EREAL_USD	2019-03-11	0.002134	0.002160	0.002165	0.002117	0
EREAL_USD	2019-03-10	0.002160	0.002168	0.002169	0.002141	0
EREAL_USD	2019-03-09	0.002168	0.002128	0.002184	0.002124	0
EREAL_USD	2019-03-08	0.002128	0.002141	0.002171	0.002093	0
EREAL_USD	2019-03-07	0.002141	0.002154	0.002177	0.002133	0
EREAL_USD	2019-03-06	0.002154	0.002153	0.002168	0.002131	0
EREAL_USD	2019-03-05	0.002153	0.002071	0.002162	0.002064	0
EREAL_USD	2019-03-04	0.002071	0.002117	0.002129	0.002053	0
EREAL_USD	2019-03-03	0.002117	0.002133	0.002138	0.002104	0
EREAL_USD	2019-03-02	0.002133	0.002135	0.002138	0.002102	0
EREAL_USD	2019-03-01	0.002135	0.002123	0.002152	0.002122	0
EREAL_USD	2019-02-28	0.002123	0.002126	0.002173	0.002117	0
EREAL_USD	2019-02-27	0.002126	0.002125	0.002144	0.002056	0
EREAL_USD	2019-02-26	0.002125	0.002138	0.002144	0.002111	0
EREAL_USD	2019-02-25	0.002138	0.002089	0.002161	0.002088	0
EREAL_USD	2019-02-24	0.002089	0.002296	0.002334	0.002078	0
EREAL_USD	2019-02-23	0.002296	0.002215	0.002319	0.002188	0
EREAL_USD	2019-02-22	0.002215	0.002185	0.002220	0.002175	0
EREAL_USD	2019-02-21	0.002185	0.002213	0.002246	0.002167	0
EREAL_USD	2019-02-20	0.002213	0.002175	0.002216	0.002163	0
EREAL_USD	2019-02-19	0.002175	0.002169	0.002224	0.002149	0
EREAL_USD	2019-02-18	0.002169	0.002036	0.002185	0.002030	0
EREAL_USD	2019-02-17	0.002036	0.002004	0.002062	0.002000	0
EREAL_USD	2019-02-16	0.002004	0.001997	0.002029	0.001997	0
EREAL_USD	2019-02-15	0.001997	0.001993	0.002025	0.001986	0
EREAL_USD	2019-02-14	0.001993	0.002000	0.002006	0.001985	0
EREAL_USD	2019-02-13	0.002000	0.002013	0.002036	0.001989	0
EREAL_USD	2019-02-12	0.002013	0.002006	0.002029	0.001987	0
EREAL_USD	2019-02-11	0.002006	0.002042	0.002044	0.002004	0
EREAL_USD	2019-02-10	0.002042	0.002045	0.002066	0.001981	0
EREAL_USD	2019-02-09	0.002045	0.002011	0.002063	0.001995	0
EREAL_USD	2019-02-08	0.002011	0.001855	0.002049	0.001851	0
EREAL_USD	2019-02-07	0.001855	0.001864	0.001870	0.001853	0
EREAL_USD	2019-02-06	0.001864	0.001897	0.001901	0.001849	0
EREAL_USD	2019-02-05	0.001897	0.001885	0.001899	0.001877	0
EREAL_USD	2019-02-04	0.001885	0.001891	0.001901	0.001877	0
EREAL_USD	2019-02-03	0.001891	0.001922	0.001926	0.001874	0
EREAL_USD	2019-02-02	0.001922	0.001910	0.001929	0.001890	0
EREAL_USD	2019-02-01	0.001910	0.001891	0.001924	0.001872	0
EREAL_USD	2019-01-31	0.001891	0.002365	0.002390	0.001880	0
EREAL_USD	2019-01-30	0.002365	0.002330	0.002376	0.002313	0
EREAL_USD	2019-01-29	0.002330	0.002346	0.002353	0.002293	0
EREAL_USD	2019-01-28	0.002346	0.002446	0.002465	0.002316	0
EREAL_USD	2019-01-27	0.002446	0.003251	0.003278	0.002444	0
EREAL_USD	2019-01-26	0.003251	0.003429	0.003527	0.003249	0
EREAL_USD	2019-01-25	0.003429	0.003451	0.003480	0.003398	0
EREAL_USD	2019-01-24	0.003451	0.003638	0.004951	0.003431	0
EREAL_USD	2019-01-23	0.003638	0.003657	0.003690	0.003610	0
EREAL_USD	2019-01-22	0.003657	0.003599	0.003695	0.003519	0
EREAL_USD	2019-01-21	0.003599	0.003604	0.003624	0.003571	0
EREAL_USD	2019-01-20	0.003604	0.003784	0.003815	0.003566	0
EREAL_USD	2019-01-19	0.003784	0.003694	0.003868	0.003692	0
EREAL_USD	2019-01-18	0.003694	0.003739	0.003742	0.003672	0
EREAL_USD	2019-01-17	0.003739	0.003690	0.003741	0.003638	0
EREAL_USD	2019-01-16	0.003690	0.003675	0.003752	0.003661	0
EREAL_USD	2019-01-15	0.003675	0.003768	0.003793	0.003652	0
EREAL_USD	2019-01-14	0.003768	0.003643	0.003816	0.003625	0
EREAL_USD	2019-01-13	0.003610	0.003721	0.003737	0.003590	0
EREAL_USD	2019-01-12	0.003721	0.003733	0.003753	0.003689	0
EREAL_USD	2019-01-11	0.003733	0.003731	0.003787	0.003685	0
EREAL_USD	2019-01-10	0.003731	0.004104	0.004157	0.003706	0
EREAL_USD	2019-01-09	0.004104	0.004120	0.004182	0.004056	0
EREAL_USD	2019-01-08	0.004120	0.004135	0.004229	0.004079	0
EREAL_USD	2019-01-07	0.004135	0.004192	0.004218	0.004099	0
EREAL_USD	2019-01-06	0.004192	0.003931	0.007862	0.003908	0
EREAL_USD	2019-01-05	0.003931	0.003977	0.004035	0.003924	0
EREAL_USD	2019-01-04	0.003977	0.003940	0.004006	0.003879	0
EREAL_USD	2019-01-03	0.003940	0.004070	0.004075	0.003923	0
EREAL_USD	2019-01-02	0.004070	0.003978	0.004093	0.003940	0
EREAL_USD	2019-01-01	0.003978	0.003850	0.004001	0.003808	0
EREAL_USD	2018-12-31	0.003850	0.003993	0.004003	0.003801	0
EREAL_USD	2018-12-30	0.003993	0.003902	0.004009	0.003865	0
EREAL_USD	2018-12-29	0.003902	0.004057	0.004108	0.003887	0
EREAL_USD	2018-12-28	0.004057	0.003732	0.004105	0.003715	0
EREAL_USD	2018-12-27	0.003732	0.003950	0.003982	0.003706	0
EREAL_USD	2018-12-26	0.003950	0.003925	0.004010	0.003831	0
EREAL_USD	2018-12-25	0.003925	0.004166	0.004173	0.003840	0
EREAL_USD	2018-12-24	0.004166	0.004132	0.004459	0.004116	0
EREAL_USD	2018-12-23	0.004132	0.002682	0.004399	0.002665	0
EREAL_USD	2018-12-22	0.002682	0.002582	0.002695	0.002548	0
EREAL_USD	2018-12-21	0.002582	0.002739	0.002787	0.002538	0
EREAL_USD	2018-12-20	0.002739	0.002477	0.002792	0.002458	0
EREAL_USD	2018-12-19	0.002477	0.002457	0.002626	0.002445	0
EREAL_USD	2018-12-18	0.002457	0.002356	0.002468	0.002308	0
EREAL_USD	2018-12-17	0.002356	0.002145	0.002408	0.002135	0
EREAL_USD	2018-12-16	0.002145	0.003550	0.003679	0.002140	0
EREAL_USD	2018-12-15	0.003550	0.003150	0.003618	0.001801	0
EREAL_USD	2018-12-14	0.003150	0.003217	0.003251	0.003097	0
EREAL_USD	2018-12-13	0.003217	0.003396	0.003402	0.003196	0
EREAL_USD	2018-12-12	0.003396	0.003285	0.003461	0.003279	0
EREAL_USD	2018-12-11	0.003314	0.003384	0.003408	0.003260	0
EREAL_USD	2018-12-10	0.003384	0.003500	0.003552	0.003337	0
EREAL_USD	2018-12-09	0.003500	0.003366	0.003626	0.003330	0
EREAL_USD	2018-12-08	0.003366	0.003320	0.003511	0.003184	0
EREAL_USD	2018-12-07	0.003320	0.003398	0.003456	0.003152	0
EREAL_USD	2018-12-06	0.003398	0.004501	0.004571	0.003375	0
EREAL_USD	2018-12-05	0.004501	0.003285	0.004676	0.003095	0
EREAL_USD	2018-12-04	0.003285	0.003298	0.003470	0.003225	0
EREAL_USD	2018-12-03	0.003298	0.003931	0.003953	0.003182	0
EREAL_USD	2018-12-02	0.003931	0.004837	0.004966	0.003871	0
EREAL_USD	2018-12-01	0.004837	0.005028	0.006681	0.003937	0
EREAL_USD	2018-11-30	0.005028	0.005778	0.005839	0.003230	0
EREAL_USD	2018-11-29	0.005778	0.005770	0.005987	0.005605	0
EREAL_USD	2018-11-28	0.005770	0.005205	0.005937	0.005205	0
EREAL_USD	2018-11-27	0.005205	0.005400	0.005453	0.005102	0
EREAL_USD	2018-11-26	0.005400	0.005747	0.005874	0.005203	0
EREAL_USD	2018-11-25	0.005747	0.005503	0.005880	0.005127	0
EREAL_USD	2018-11-24	0.005503	0.006192	0.006321	0.005368	0
EREAL_USD	2018-11-23	0.006192	0.006149	0.006274	0.005952	0
EREAL_USD	2018-11-22	0.006149	0.007007	0.007075	0.006149	0
EREAL_USD	2018-11-21	0.007007	0.006883	0.007159	0.006645	0
EREAL_USD	2018-11-20	0.006883	0.007407	0.007569	0.006477	0
EREAL_USD	2018-11-19	0.007407	0.008489	0.008489	0.007337	0
EREAL_USD	2018-11-18	0.008489	0.008440	0.008566	0.008431	0
EREAL_USD	2018-11-17	0.008440	0.008491	0.008491	0.008360	0
EREAL_USD	2018-11-16	0.008491	0.008627	0.008635	0.008332	0
EREAL_USD	2018-11-15	0.008627	0.008827	0.008894	0.008162	0
EREAL_USD	2018-11-14	0.008827	0.009761	0.009761	0.008557	0
EREAL_USD	2018-11-13	0.009761	0.011057	0.011086	0.009714	0
EREAL_USD	2018-11-12	0.011057	0.011079	0.011113	0.011008	0
EREAL_USD	2018-11-11	0.011079	0.011029	0.011079	0.010914	0
EREAL_USD	2018-11-10	0.011029	0.011011	0.011082	0.011001	0
EREAL_USD	2018-11-09	0.011011	0.011112	0.011152	0.010965	0
EREAL_USD	2018-11-08	0.011112	0.011272	0.011293	0.011108	0
EREAL_USD	2018-11-07	0.011272	0.011174	0.011331	0.011168	0
EREAL_USD	2018-11-06	0.011174	0.011096	0.011174	0.011058	0
EREAL_USD	2018-11-05	0.011096	0.011284	0.011302	0.011043	0
EREAL_USD	2018-11-04	0.011284	0.011147	0.011326	0.011098	0
EREAL_USD	2018-11-03	0.011147	0.011311	0.011321	0.011111	0
EREAL_USD	2018-11-02	0.011311	0.009056	0.011337	0.009056	0
EREAL_USD	2018-11-01	0.009056	0.007960	0.009060	0.006300	0
EREAL_USD	2018-10-31	0.007960	0.007913	0.007997	0.007813	0
EREAL_USD	2018-10-30	0.007913	0.007930	0.007975	0.007891	0
EREAL_USD	2018-10-29	0.007930	0.008113	0.008128	0.007901	0
EREAL_USD	2018-10-28	0.008113	0.008125	0.008138	0.008070	0
EREAL_USD	2018-10-27	0.008125	0.008164	0.008192	0.008102	0
EREAL_USD	2018-10-26	0.008164	0.008160	0.008234	0.008143	0
EREAL_USD	2018-10-25	0.008160	0.008193	0.008205	0.008135	0
EREAL_USD	2018-10-24	0.008193	0.008188	0.008278	0.008179	0
EREAL_USD	2018-10-23	0.008188	0.008209	0.008230	0.008166	0
EREAL_USD	2018-10-22	0.008209	0.009124	0.009179	0.008186	0
EREAL_USD	2018-10-21	0.009124	0.009121	0.009217	0.009118	0
EREAL_USD	2018-10-20	0.009121	0.009040	0.009153	0.009018	0
EREAL_USD	2018-10-19	0.009040	0.009159	0.009183	0.009030	0
EREAL_USD	2018-10-18	0.009159	0.009328	0.009388	0.009096	0
EREAL_USD	2018-10-17	0.009328	0.009360	0.009407	0.009254	0
EREAL_USD	2018-10-16	0.009360	0.009338	0.009545	0.009252	0
EREAL_USD	2018-10-15	0.009338	0.009088	0.010788	0.009040	0
EREAL_USD	2018-10-14	0.009088	0.009078	0.009183	0.009067	0
EREAL_USD	2018-10-13	0.009078	0.009036	0.009086	0.009024	0
EREAL_USD	2018-10-12	0.009036	0.008976	0.009110	0.008930	0
EREAL_USD	2018-10-11	0.008976	0.009514	0.009514	0.008940	0
EREAL_USD	2018-10-10	0.009514	0.009561	0.009561	0.009370	0
EREAL_USD	2018-10-09	0.009561	0.009576	0.009586	0.009483	0
EREAL_USD	2018-10-08	0.009576	0.009472	0.009641	0.009451	0
EREAL_USD	2018-10-07	0.009472	0.009459	0.009519	0.009378	0
EREAL_USD	2018-10-06	0.009459	0.009535	0.009540	0.009419	0
EREAL_USD	2018-10-05	0.009535	0.009442	0.009564	0.009396	0
EREAL_USD	2018-10-04	0.009442	0.009332	0.009518	0.009327	0
EREAL_USD	2018-10-03	0.009332	0.009382	0.009403	0.009228	0
EREAL_USD	2018-10-02	0.009382	0.009472	0.009518	0.009348	0
EREAL_USD	2018-10-01	0.009472	0.010127	0.010189	0.009411	0
EREAL_USD	2018-09-30	0.010127	0.010105	0.010184	0.009994	0
EREAL_USD	2018-09-29	0.010105	0.010152	0.010152	0.009893	0
EREAL_USD	2018-09-28	0.010152	0.010234	0.010442	0.010014	0
EREAL_USD	2018-09-27	0.010234	0.010598	0.010701	0.009855	0
EREAL_USD	2018-09-26	0.010598	0.010070	0.013765	0.009994	0
EREAL_USD	2018-09-25	0.010070	0.011359	0.011359	0.008555	0
EREAL_USD	2018-09-24	0.011359	0.011073	0.011488	0.008925	0
EREAL_USD	2018-09-23	0.011073	0.009582	0.011134	0.009299	0
EREAL_USD	2018-09-22	0.009582	0.005790	0.013800	0.005680	0
EREAL_USD	2018-09-21	0.005790	0.005460	0.005797	0.005457	0
EREAL_USD	2018-09-20	0.005460	0.005369	0.005481	0.005340	0
EREAL_USD	2018-09-19	0.005369	0.005328	0.005434	0.005136	0
EREAL_USD	2018-09-18	0.005328	0.005254	0.005361	0.005233	0
EREAL_USD	2018-09-17	0.005254	0.005459	0.005487	0.005219	0
EREAL_USD	2018-09-16	0.005459	0.005477	0.005477	0.005359	0
EREAL_USD	2018-09-15	0.005477	0.005449	0.005518	0.005438	0
EREAL_USD	2018-09-14	0.005449	0.005439	0.005532	0.005353	0
EREAL_USD	2018-09-13	0.005439	0.005323	0.005480	0.005321	0
EREAL_USD	2018-09-12	0.005323	0.005284	0.005334	0.005211	0
EREAL_USD	2018-09-11	0.005284	0.005299	0.005364	0.005191	0
EREAL_USD	2018-09-10	0.005299	0.005241	0.005331	0.005241	0
EREAL_USD	2018-09-09	0.005241	0.005195	0.005391	0.005171	0
EREAL_USD	2018-09-08	0.005195	0.005379	0.005439	0.005158	0
EREAL_USD	2018-09-07	0.005379	0.005472	0.005488	0.005313	0
EREAL_USD	2018-09-06	0.005472	0.005631	0.005645	0.005301	0
EREAL_USD	2018-09-05	0.005631	0.006182	0.006212	0.005628	0
EREAL_USD	2018-09-04	0.006182	0.006107	0.006225	0.006087	0
EREAL_USD	2018-09-03	0.006107	0.006124	0.006163	0.006048	0
EREAL_USD	2018-09-02	0.006124	0.006046	0.006171	0.005995	0
EREAL_USD	2018-09-01	0.006046	0.005902	0.006099	0.005897	0
EREAL_USD	2018-08-31	0.005902	0.005875	0.005951	0.005792	0
EREAL_USD	2018-08-30	0.005875	0.005919	0.005930	0.005717	0
EREAL_USD	2018-08-29	0.005919	0.005911	0.005978	0.005820	0
EREAL_USD	2018-08-28	0.005911	0.005937	0.005969	0.005773	0
EREAL_USD	2018-08-27	0.005937	0.005769	0.005943	0.005727	0
EREAL_USD	2018-08-26	0.005769	0.005796	0.005832	0.005660	0
EREAL_USD	2018-08-25	0.005796	0.005757	0.005841	0.005736	0
EREAL_USD	2018-08-24	0.005757	0.005613	0.005784	0.005558	0
EREAL_USD	2018-08-23	0.005613	0.005465	0.005647	0.005461	0
EREAL_USD	2018-08-22	0.005465	0.005572	0.005905	0.005378	0
EREAL_USD	2018-08-21	0.005572	0.005379	0.005589	0.005375	0
EREAL_USD	2018-08-20	0.005379	0.005577	0.005608	0.005358	0
EREAL_USD	2018-08-19	0.005577	0.005496	0.005624	0.005426	0
EREAL_USD	2018-08-18	0.005496	0.005666	0.005685	0.005422	0
EREAL_USD	2018-08-17	0.005666	0.005428	0.005666	0.005412	0
EREAL_USD	2018-08-16	0.005428	0.005267	0.005559	0.005230	0
EREAL_USD	2018-08-15	0.005267	0.005475	0.005853	0.005242	0
EREAL_USD	2018-08-14	0.005475	0.005533	0.005533	0.005209	0
EREAL_USD	2018-08-13	0.005533	0.005588	0.005785	0.005452	0
EREAL_USD	2018-08-12	0.005588	0.005508	0.005708	0.005464	0
EREAL_USD	2018-08-11	0.005508	0.005652	0.005780	0.005434	0
EREAL_USD	2018-08-10	0.005652	0.006007	0.006048	0.005537	0
EREAL_USD	2018-08-09	0.006007	0.004300	0.007023	0.004240	0
EREAL_USD	2018-08-08	0.004300	0.004602	0.004602	0.004201	0
EREAL_USD	2018-08-07	0.004602	0.004752	0.004898	0.004577	0
EREAL_USD	2018-08-06	0.004752	0.005696	0.005724	0.004693	0
EREAL_USD	2018-08-05	0.005696	0.005675	0.005743	0.005582	0
EREAL_USD	2018-08-04	0.005675	0.006007	0.006066	0.005613	0
EREAL_USD	2018-08-03	0.006007	0.006405	0.006519	0.005970	0
EREAL_USD	2018-08-02	0.006405	0.006506	0.006584	0.006342	0
EREAL_USD	2018-08-01	0.006506	0.007474	0.007483	0.006165	0
EREAL_USD	2018-07-31	0.007474	0.006741	0.009615	0.006450	0
EREAL_USD	2018-07-30	0.006741	0.013073	0.013159	0.005907	0
EREAL_USD	2018-07-29	0.013073	0.013111	0.013159	0.012916	0
EREAL_USD	2018-07-28	0.013111	0.013152	0.013152	0.013111	0
EREAL_USD	2018-07-27	0.013564	0.013564	0.013564	0.013564	0
EREAL_USD	2018-07-26	0.013564	0.013452	0.013647	0.008914	0
EREAL_USD	2018-07-25	0.013452	0.013839	0.013959	0.013283	0
EREAL_USD	2018-07-24	0.013839	0.014309	0.014980	0.013346	0
EREAL_USD	2018-07-23	0.014309	0.013730	0.014433	0.013679	0
EREAL_USD	2018-07-22	0.013730	0.013733	0.014031	0.013628	0
EREAL_USD	2018-07-21	0.013733	0.013602	0.013813	0.013395	0
EREAL_USD	2018-07-20	0.013602	0.013901	0.014752	0.013504	0
EREAL_USD	2018-07-19	0.013901	0.014953	0.015065	0.009796	0
EREAL_USD	2018-07-18	0.014953	0.014860	0.015387	0.014718	0
EREAL_USD	2018-07-17	0.014860	0.013675	0.015150	0.013535	0
EREAL_USD	2018-07-16	0.013675	0.012884	0.013699	0.012854	0
EREAL_USD	2018-07-15	0.012884	0.012688	0.012968	0.012654	0
EREAL_USD	2018-07-14	0.012688	0.012533	0.012794	0.012452	0
EREAL_USD	2018-07-13	0.012533	0.013896	0.013985	0.012381	0
EREAL_USD	2018-07-12	0.013896	0.014095	0.014095	0.012848	0
EREAL_USD	2018-07-11	0.014095	0.013547	0.015021	0.013524	0
EREAL_USD	2018-07-10	0.013547	0.014086	0.014128	0.013502	0
EREAL_USD	2018-07-09	0.014086	0.014187	0.014373	0.014036	0
EREAL_USD	2018-07-08	0.014187	0.021029	0.021119	0.014132	0
EREAL_USD	2018-07-07	0.021029	0.020530	0.021229	0.020252	0
EREAL_USD	2018-07-06	0.020530	0.020340	0.020619	0.020068	0
EREAL_USD	2018-07-05	0.020340	0.020495	0.020829	0.020092	0
EREAL_USD	2018-07-04	0.020495	0.020215	0.020880	0.019960	0
EREAL_USD	2018-07-03	0.020215	0.020580	0.020743	0.000271	0
EREAL_USD	2018-07-02	0.020580	0.019746	0.020757	0.000000	0
EREAL_USD	2018-07-01	0.019747	0.019877	0.020003	0.019501	0
EREAL_USD	2018-06-30	0.019878	0.019291	0.020266	0.019291	0
EREAL_USD	2018-06-29	0.019307	0.018191	0.019509	0.018038	0
EREAL_USD	2018-06-28	0.018221	0.019075	0.019172	0.018131	0
EREAL_USD	2018-06-27	0.019074	0.018866	0.019217	0.018625	0
EREAL_USD	2018-06-26	0.018925	0.019440	0.019511	0.018824	0
EREAL_USD	2018-06-25	0.019427	0.019114	0.019640	0.018915	0
EREAL_USD	2018-06-24	0.019120	0.019157	0.019403	0.017957	0
EREAL_USD	2018-06-23	0.019133	0.018792	0.019434	0.018709	0
EREAL_USD	2018-06-22	0.018792	0.020880	0.020932	0.018463	0
EREAL_USD	2018-06-21	0.020879	0.021024	0.021104	0.020809	0
EREAL_USD	2018-06-20	0.021025	0.020938	0.021183	0.020404	0
EREAL_USD	2018-06-19	0.020962	0.020873	0.021234	0.020743	0
EREAL_USD	2018-06-18	0.020865	0.020038	0.021105	0.019867	0
EREAL_USD	2018-06-17	0.020022	0.020175	0.020433	0.019988	0
EREAL_USD	2018-06-16	0.020171	0.019857	0.020369	0.019686	0
EREAL_USD	2018-06-15	0.019848	0.020656	0.020656	0.019781	0
EREAL_USD	2018-06-14	0.020617	0.019578	0.020830	0.019508	0
EREAL_USD	2018-06-13	0.019566	0.020352	0.020543	0.019057	0
EREAL_USD	2018-06-12	0.020347	0.021367	0.021367	0.020032	0
EREAL_USD	2018-06-11	0.021377	0.021017	0.021450	0.020646	0
EREAL_USD	2018-06-10	0.020992	0.023320	0.023320	0.020655	0
EREAL_USD	2018-06-09	0.023314	0.023683	0.023900	0.023236	0
EREAL_USD	2018-06-08	0.023683	0.023903	0.023936	0.023462	0
EREAL_USD	2018-06-07	0.023913	0.023804	0.024121	0.023779	0
EREAL_USD	2018-06-06	0.023803	0.023724	0.023933	0.023310	0
EREAL_USD	2018-06-05	0.023703	0.023291	0.023859	0.022930	0
EREAL_USD	2018-06-04	0.023308	0.024025	0.024124	0.023194	0
EREAL_USD	2018-06-03	0.024003	0.023736	0.024183	0.023636	0
EREAL_USD	2018-06-02	0.023754	0.023409	0.023914	0.023183	0
EREAL_USD	2018-06-01	0.023390	0.023281	0.023635	0.022862	0
EREAL_USD	2018-05-31	0.023283	0.022927	0.023635	0.022821	0
EREAL_USD	2018-05-30	0.022937	0.023217	0.023504	0.022643	0
EREAL_USD	2018-05-29	0.023190	0.022094	0.023390	0.021921	0
EREAL_USD	2018-05-28	0.022080	0.022836	0.023108	0.021986	0
EREAL_USD	2018-05-27	0.022826	0.022793	0.022975	0.022461	0
EREAL_USD	2018-05-26	0.022788	0.023190	0.023681	0.022667	0
EREAL_USD	2018-05-25	0.023194	0.023562	0.023783	0.022803	0
EREAL_USD	2018-05-24	0.023552	0.023335	0.023998	0.022592	0
EREAL_USD	2018-05-23	0.023353	0.024809	0.024941	0.023162	0
EREAL_USD	2018-05-22	0.024818	0.026110	0.026139	0.024723	0
EREAL_USD	2018-05-21	0.026110	0.026507	0.026575	0.026009	0
EREAL_USD	2018-05-20	0.026507	0.025626	0.026693	0.025414	0
EREAL_USD	2018-05-19	0.025626	0.025623	0.026099	0.025326	0
EREAL_USD	2018-05-18	0.025623	0.025053	0.025734	0.024655	0
EREAL_USD	2018-05-17	0.025085	0.025963	0.026323	0.024866	0
EREAL_USD	2018-05-16	0.025941	0.026329	0.026398	0.025203	0
EREAL_USD	2018-05-15	0.026329	0.026952	0.027450	0.026204	0
EREAL_USD	2018-05-14	0.026955	0.027006	0.027612	0.025744	0
EREAL_USD	2018-05-13	0.027006	0.026357	0.027222	0.025900	0
EREAL_USD	2018-05-12	0.026297	0.026100	0.026830	0.025522	0
EREAL_USD	2018-05-11	0.026100	0.028048	0.028048	0.025954	0
EREAL_USD	2018-05-10	0.028048	0.028979	0.029203	0.028000	0
EREAL_USD	2018-05-09	0.028979	0.028564	0.029143	0.027927	0
EREAL_USD	2018-05-08	0.028582	0.029106	0.029205	0.000003	0
EREAL_USD	2018-05-07	0.029323	0.030040	0.030092	0.028611	0
EREAL_USD	2018-05-06	0.030040	0.030680	0.030988	0.029403	0
EREAL_USD	2018-05-05	0.030643	0.030191	0.031057	0.030124	0
EREAL_USD	2018-05-04	0.030191	0.030371	0.030514	0.029738	0
EREAL_USD	2018-05-03	0.030389	0.028722	0.030592	0.028527	0
EREAL_USD	2018-05-02	0.028722	0.028196	0.028828	0.027927	0
EREAL_USD	2018-05-01	0.028221	0.028724	0.028732	0.027481	0
EREAL_USD	2018-04-30	0.028724	0.029229	0.029390	0.028350	0
EREAL_USD	2018-04-29	0.029229	0.029046	0.029732	0.028564	0
EREAL_USD	2018-04-28	0.029046	0.027770	0.029340	0.027593	0
EREAL_USD	2018-04-27	0.027770	0.028909	0.029174	0.027691	0
EREAL_USD	2018-04-26	0.028911	0.027603	0.028946	0.026947	0
EREAL_USD	2018-04-25	0.027603	0.030014	0.030338	0.027319	0
EREAL_USD	2018-04-24	0.030083	0.027803	0.030285	0.027773	0
EREAL_USD	2018-04-23	0.027803	0.027367	0.028008	0.027283	0
EREAL_USD	2018-04-22	0.027367	0.027723	0.028071	0.027221	0
EREAL_USD	2018-04-21	0.027723	0.027588	0.028081	0.026806	0
EREAL_USD	2018-04-20	0.027588	0.025734	0.027773	0.025580	0
EREAL_USD	2018-04-19	0.025734	0.025398	0.025803	0.025221	0
EREAL_USD	2018-04-18	0.025396	0.024538	0.025576	0.024492	0
EREAL_USD	2018-04-17	0.024538	0.025054	0.025394	0.024343	0
EREAL_USD	2018-04-16	0.025054	0.025990	0.026139	0.024573	0
EREAL_USD	2018-04-15	0.025990	0.024896	0.026192	0.024890	0
EREAL_USD	2018-04-14	0.024896	0.024504	0.025444	0.024327	0
EREAL_USD	2018-04-13	0.024504	0.024606	0.025580	0.024127	0
EREAL_USD	2018-04-12	0.024608	0.021590	0.025077	0.021028	0
EREAL_USD	2018-04-11	0.021603	0.021272	0.021685	0.021133	0
EREAL_USD	2018-04-10	0.021272	0.021028	0.021428	0.020691	0
EREAL_USD	2018-04-09	0.021021	0.021815	0.022340	0.020566	0
EREAL_USD	2018-04-08	0.021815	0.021420	0.022102	0.021408	0
EREAL_USD	2018-04-07	0.021420	0.020570	0.021966	0.020525	0
EREAL_USD	2018-04-06	0.020570	0.021029	0.021285	0.020241	0
EREAL_USD	2018-04-05	0.021029	0.021106	0.021481	0.020439	0
EREAL_USD	2018-04-04	0.021106	0.023029	0.023066	0.020825	0
EREAL_USD	2018-04-03	0.023029	0.021934	0.023350	0.021832	0
EREAL_USD	2018-04-02	0.021934	0.021180	0.022131	0.021069	0
EREAL_USD	2018-04-01	0.021180	0.021537	0.021863	0.020013	0
EREAL_USD	2018-03-31	0.021537	0.021274	0.022460	0.021126	0
EREAL_USD	2018-03-30	0.021274	0.022057	0.022572	0.020459	0
EREAL_USD	2018-03-29	0.022057	0.024696	0.024761	0.021439	0
EREAL_USD	2018-03-28	0.024696	0.024208	0.025205	0.024040	0
EREAL_USD	2018-03-27	0.024212	0.025268	0.025521	0.024075	0
EREAL_USD	2018-03-26	0.025332	0.026265	0.026412	0.024409	0
EREAL_USD	2018-03-25	0.026265	0.026455	0.026924	0.026043	0
EREAL_USD	2018-03-24	0.026455	0.027686	0.028021	0.026425	0
EREAL_USD	2018-03-23	0.027686	0.027109	0.027689	0.025730	0
EREAL_USD	2018-03-22	0.027041	0.027679	0.028257	0.026369	0
EREAL_USD	2018-03-21	0.027679	0.027667	0.028506	0.027242	0
EREAL_USD	2018-03-20	0.027667	0.026746	0.028066	0.025858	0
EREAL_USD	2018-03-19	0.026817	0.025525	0.027053	0.025229	0
EREAL_USD	2018-03-18	0.025525	0.024477	0.025705	0.022776	0
EREAL_USD	2018-03-17	0.024477	0.025788	0.025938	0.024103	0
EREAL_USD	2018-03-16	0.025788	0.025671	0.026716	0.024581	0
EREAL_USD	2018-03-15	0.025671	0.025454	0.026137	0.023884	0
EREAL_USD	2018-03-14	0.025454	0.028273	0.028947	0.024641	0
EREAL_USD	2018-03-13	0.028273	0.028089	0.029086	0.027203	0
EREAL_USD	2018-03-12	0.028089	0.031051	0.032150	0.027113	0
EREAL_USD	2018-03-11	0.031051	0.029288	0.031760	0.028113	0
EREAL_USD	2018-03-10	0.029288	0.029089	0.031200	0.024270	0
EREAL_USD	2018-03-09	0.029089	0.038497	0.038998	0.026852	0
EREAL_USD	2018-03-08	0.038497	0.040909	0.041755	0.037446	0
EREAL_USD	2018-03-07	0.040909	0.044446	0.045118	0.039060	0
EREAL_USD	2018-03-06	0.044446	0.047559	0.047559	0.043862	0
EREAL_USD	2018-03-05	0.047559	0.044649	0.048084	0.044193	0
EREAL_USD	2018-03-04	0.044649	0.044368	0.044783	0.042920	0
EREAL_USD	2018-03-03	0.044368	0.042829	0.044695	0.042829	0
EREAL_USD	2018-03-02	0.042758	0.042723	0.043624	0.041923	0
