ESCE_USD	2019-04-09	0.001022	0.001038	0.001038	0.001009	0
ESCE_USD	2019-04-08	0.001038	0.001075	0.001099	0.001018	0
ESCE_USD	2019-04-07	0.001075	0.001041	0.001087	0.001040	0
ESCE_USD	2019-04-06	0.001041	0.001042	0.001082	0.001019	0
ESCE_USD	2019-04-05	0.001042	0.001110	0.001149	0.001026	0
ESCE_USD	2019-04-04	0.001110	0.001120	0.001147	0.001088	0
ESCE_USD	2019-04-03	0.001120	0.001110	0.001198	0.001091	0
ESCE_USD	2019-04-02	0.001110	0.000945	0.001142	0.000943	0
ESCE_USD	2019-04-01	0.000945	0.000943	0.000950	0.000923	0
ESCE_USD	2019-03-31	0.000938	0.000916	0.000940	0.000916	0
ESCE_USD	2019-03-30	0.000916	0.001003	0.001010	0.000909	0
ESCE_USD	2019-03-29	0.001003	0.000982	0.001005	0.000980	0
ESCE_USD	2019-03-28	0.000982	0.000985	0.000985	0.000976	0
ESCE_USD	2019-03-27	0.000985	0.000958	0.000986	0.000955	0
ESCE_USD	2019-03-26	0.000958	0.000933	0.000959	0.000933	0
ESCE_USD	2019-03-25	0.000933	0.000930	0.000952	0.000926	0
ESCE_USD	2019-03-24	0.000930	0.000935	0.000935	0.000923	0
ESCE_USD	2019-03-23	0.000935	0.000931	0.000938	0.000928	0
ESCE_USD	2019-03-22	0.000931	0.000930	0.000936	0.000929	0
ESCE_USD	2019-03-21	0.000930	0.000949	0.000954	0.000921	0
ESCE_USD	2019-03-20	0.000949	0.000945	0.000951	0.000937	0
ESCE_USD	2019-03-19	0.000945	0.000978	0.000980	0.000934	0
ESCE_USD	2019-03-18	0.000978	0.000977	0.000988	0.000969	0
ESCE_USD	2019-03-17	0.000977	0.000961	0.000979	0.000916	0
ESCE_USD	2019-03-16	0.000961	0.000941	0.000976	0.000921	0
ESCE_USD	2019-03-15	0.000941	0.000928	0.000943	0.000928	0
ESCE_USD	2019-03-14	0.000928	0.000927	0.000960	0.000907	0
ESCE_USD	2019-03-13	0.000928	0.000969	0.000973	0.000906	0
ESCE_USD	2019-03-12	0.000969	0.000869	0.000969	0.000862	0
ESCE_USD	2019-03-11	0.000869	0.000900	0.000900	0.000863	0
ESCE_USD	2019-03-10	0.000900	0.000924	0.000924	0.000892	0
ESCE_USD	2019-03-09	0.000924	0.000906	0.000991	0.000878	0
ESCE_USD	2019-03-08	0.000906	0.000952	0.000962	0.000883	0
ESCE_USD	2019-03-07	0.000952	0.000948	0.000958	0.000945	0
ESCE_USD	2019-03-06	0.000948	0.000948	0.000955	0.000939	0
ESCE_USD	2019-03-05	0.000948	0.000855	0.000952	0.000855	0
ESCE_USD	2019-03-04	0.000855	0.000796	0.000874	0.000772	0
ESCE_USD	2019-03-03	0.000796	0.000802	0.000804	0.000791	0
ESCE_USD	2019-03-02	0.000802	0.000803	0.000804	0.000791	0
ESCE_USD	2019-03-01	0.000803	0.000799	0.000809	0.000798	0
ESCE_USD	2019-02-28	0.000799	0.000800	0.000817	0.000796	0
ESCE_USD	2019-02-27	0.000800	0.000799	0.000806	0.000773	0
ESCE_USD	2019-02-26	0.000799	0.000804	0.000806	0.000794	0
ESCE_USD	2019-02-25	0.000804	0.000786	0.000813	0.000785	0
ESCE_USD	2019-02-24	0.000786	0.000864	0.000878	0.000782	0
ESCE_USD	2019-02-23	0.000864	0.000833	0.000872	0.000823	0
ESCE_USD	2019-02-22	0.000833	0.000822	0.000835	0.000818	0
ESCE_USD	2019-02-21	0.000822	0.000832	0.000845	0.000815	0
ESCE_USD	2019-02-20	0.000832	0.000818	0.000834	0.000813	0
ESCE_USD	2019-02-19	0.000818	0.000816	0.000837	0.000808	0
ESCE_USD	2019-02-18	0.000816	0.000747	0.000817	0.000745	0
ESCE_USD	2019-02-17	0.000747	0.000735	0.000757	0.000734	0
ESCE_USD	2019-02-16	0.000735	0.000733	0.000745	0.000733	0
ESCE_USD	2019-02-15	0.000733	0.000731	0.000743	0.000729	0
ESCE_USD	2019-02-14	0.000731	0.000734	0.000736	0.000729	0
ESCE_USD	2019-02-13	0.000734	0.000739	0.000747	0.000730	0
ESCE_USD	2019-02-12	0.000739	0.000736	0.000745	0.000729	0
ESCE_USD	2019-02-11	0.000736	0.000749	0.000750	0.000735	0
ESCE_USD	2019-02-10	0.000749	0.000762	0.000764	0.000738	0
ESCE_USD	2019-02-09	0.000762	0.000763	0.000766	0.000757	0
ESCE_USD	2019-02-08	0.000763	0.000704	0.000778	0.000703	0
ESCE_USD	2019-02-07	0.000704	0.000708	0.000710	0.000703	0
ESCE_USD	2019-02-06	0.000708	0.000720	0.000722	0.000702	0
ESCE_USD	2019-02-05	0.000720	0.000716	0.000721	0.000713	0
ESCE_USD	2019-02-04	0.000716	0.000718	0.000721	0.000712	0
ESCE_USD	2019-02-03	0.000718	0.000730	0.000731	0.000712	0
ESCE_USD	2019-02-02	0.000730	0.000725	0.000732	0.000718	0
ESCE_USD	2019-02-01	0.000725	0.000718	0.000729	0.000711	0
ESCE_USD	2019-01-31	0.000718	0.000724	0.000731	0.000714	0
ESCE_USD	2019-01-30	0.000724	0.000713	0.000727	0.000708	0
ESCE_USD	2019-01-29	0.000713	0.000718	0.000720	0.000702	0
ESCE_USD	2019-01-28	0.000718	0.000737	0.000738	0.000709	0
ESCE_USD	2019-01-27	0.000737	0.000745	0.000747	0.000726	0
ESCE_USD	2019-01-26	0.000745	0.000744	0.000765	0.000743	0
ESCE_USD	2019-01-25	0.000744	0.000749	0.000751	0.000737	0
ESCE_USD	2019-01-24	0.000749	0.000742	0.000752	0.000736	0
ESCE_USD	2019-01-23	0.000742	0.000746	0.000753	0.000736	0
ESCE_USD	2019-01-22	0.000746	0.000734	0.000754	0.000718	0
ESCE_USD	2019-01-21	0.000734	0.000735	0.000739	0.000728	0
ESCE_USD	2019-01-20	0.000735	0.000772	0.000778	0.000727	0
ESCE_USD	2019-01-19	0.000772	0.000754	0.000789	0.000753	0
ESCE_USD	2019-01-18	0.000754	0.000763	0.000763	0.000749	0
ESCE_USD	2019-01-17	0.000763	0.000753	0.000763	0.000742	0
ESCE_USD	2019-01-16	0.000753	0.000750	0.000765	0.000747	0
ESCE_USD	2019-01-15	0.000750	0.000769	0.000774	0.000745	0
ESCE_USD	2019-01-14	0.000769	0.000736	0.000778	0.000734	0
ESCE_USD	2019-01-13	0.000736	0.000759	0.000762	0.000732	0
ESCE_USD	2019-01-12	0.000759	0.000762	0.000765	0.000752	0
ESCE_USD	2019-01-11	0.000762	0.000761	0.000773	0.000752	0
ESCE_USD	2019-01-10	0.000761	0.000837	0.000848	0.000756	0
ESCE_USD	2019-01-09	0.000837	0.000840	0.000853	0.000827	0
ESCE_USD	2019-01-08	0.000840	0.000843	0.000868	0.000832	0
ESCE_USD	2019-01-07	0.000843	0.000855	0.000862	0.000836	0
ESCE_USD	2019-01-06	0.000855	0.000802	0.001604	0.000797	0
ESCE_USD	2019-01-05	0.000802	0.000772	0.000806	0.000761	0
ESCE_USD	2019-01-04	0.000772	0.000765	0.000777	0.000753	0
ESCE_USD	2019-01-03	0.000765	0.000790	0.000791	0.000761	0
ESCE_USD	2019-01-02	0.000790	0.000772	0.000794	0.000764	0
ESCE_USD	2019-01-01	0.000772	0.000747	0.000776	0.000739	0
ESCE_USD	2018-12-31	0.000747	0.000775	0.000777	0.000737	0
ESCE_USD	2018-12-30	0.000775	0.000757	0.000778	0.000750	0
ESCE_USD	2018-12-29	0.000757	0.000787	0.000797	0.000754	0
ESCE_USD	2018-12-28	0.000787	0.000724	0.000796	0.000721	0
ESCE_USD	2018-12-27	0.000724	0.000766	0.000773	0.000719	0
ESCE_USD	2018-12-26	0.000766	0.000762	0.000778	0.000743	0
ESCE_USD	2018-12-25	0.000762	0.000808	0.000810	0.000745	0
ESCE_USD	2018-12-24	0.000808	0.000794	0.000855	0.000794	0
ESCE_USD	2018-12-23	0.000794	0.000805	0.000821	0.000787	0
ESCE_USD	2018-12-22	0.000805	0.000775	0.000809	0.000764	0
ESCE_USD	2018-12-21	0.000775	0.000822	0.000836	0.000762	0
ESCE_USD	2018-12-20	0.000822	0.000743	0.000838	0.000738	0
ESCE_USD	2018-12-19	0.000743	0.000737	0.000788	0.000734	0
ESCE_USD	2018-12-18	0.000737	0.000707	0.000741	0.000692	0
ESCE_USD	2018-12-17	0.000707	0.000643	0.000722	0.000641	0
ESCE_USD	2018-12-16	0.000643	0.000641	0.000659	0.000639	0
ESCE_USD	2018-12-15	0.000641	0.000640	0.000647	0.000627	0
ESCE_USD	2018-12-14	0.000640	0.000654	0.000660	0.000619	0
ESCE_USD	2018-12-13	0.000654	0.000690	0.000691	0.000649	0
ESCE_USD	2018-12-12	0.000690	0.000667	0.000703	0.000666	0
ESCE_USD	2018-12-11	0.000673	0.000687	0.000692	0.000662	0
ESCE_USD	2018-12-10	0.000687	0.000711	0.000721	0.000678	0
ESCE_USD	2018-12-09	0.000711	0.000684	0.000737	0.000676	0
ESCE_USD	2018-12-08	0.000684	0.000674	0.000713	0.000647	0
ESCE_USD	2018-12-07	0.000674	0.000690	0.000702	0.000640	0
ESCE_USD	2018-12-06	0.000690	0.000735	0.000764	0.000686	0
ESCE_USD	2018-12-05	0.000735	0.000777	0.000779	0.000731	0
ESCE_USD	2018-12-04	0.000777	0.000761	0.000806	0.000743	0
ESCE_USD	2018-12-03	0.000761	0.000811	0.000815	0.000749	0
ESCE_USD	2018-12-02	0.000811	0.000827	0.000849	0.000805	0
ESCE_USD	2018-12-01	0.000827	0.000787	0.000846	0.000776	0
ESCE_USD	2018-11-30	0.000787	0.000841	0.000850	0.000773	0
ESCE_USD	2018-11-29	0.000841	0.000840	0.000871	0.000816	0
ESCE_USD	2018-11-28	0.000840	0.000719	0.000864	0.000719	0
ESCE_USD	2018-11-27	0.000719	0.000714	0.000729	0.000687	0
ESCE_USD	2018-11-26	0.000714	0.000759	0.000776	0.000688	0
ESCE_USD	2018-11-25	0.000759	0.000727	0.000777	0.000678	0
ESCE_USD	2018-11-24	0.000727	0.000818	0.000835	0.000709	0
ESCE_USD	2018-11-23	0.000818	0.000856	0.000874	0.000802	0
ESCE_USD	2018-11-22	0.000856	0.000888	0.000896	0.000856	0
ESCE_USD	2018-11-21	0.000888	0.000872	0.000907	0.000842	0
ESCE_USD	2018-11-20	0.000872	0.000938	0.000959	0.000820	0
ESCE_USD	2018-11-19	0.000938	0.001075	0.001075	0.000929	0
ESCE_USD	2018-11-18	0.001075	0.001069	0.001085	0.001068	0
ESCE_USD	2018-11-17	0.001069	0.001075	0.001075	0.001059	0
ESCE_USD	2018-11-16	0.001075	0.001093	0.001094	0.001055	0
ESCE_USD	2018-11-15	0.001093	0.001118	0.001127	0.001034	0
ESCE_USD	2018-11-14	0.001118	0.001228	0.001232	0.001084	0
ESCE_USD	2018-11-13	0.001228	0.001225	0.001235	0.001217	0
ESCE_USD	2018-11-12	0.001225	0.001227	0.001231	0.001220	0
ESCE_USD	2018-11-11	0.001227	0.001222	0.001227	0.001209	0
ESCE_USD	2018-11-10	0.001222	0.001220	0.001228	0.001219	0
ESCE_USD	2018-11-09	0.001220	0.001199	0.001235	0.001199	0
ESCE_USD	2018-11-08	0.001199	0.001216	0.001218	0.001198	0
ESCE_USD	2018-11-07	0.001216	0.001108	0.001222	0.001107	0
ESCE_USD	2018-11-06	0.001108	0.001100	0.001108	0.001096	0
ESCE_USD	2018-11-05	0.001100	0.001102	0.001104	0.001095	0
ESCE_USD	2018-11-04	0.001102	0.001086	0.001107	0.001081	0
ESCE_USD	2018-11-03	0.001086	0.001093	0.001093	0.001076	0
ESCE_USD	2018-11-02	0.001093	0.001088	0.001097	0.001087	0
ESCE_USD	2018-11-01	0.001088	0.001083	0.001092	0.001080	0
ESCE_USD	2018-10-31	0.001083	0.001076	0.001088	0.001063	0
ESCE_USD	2018-10-30	0.001076	0.001078	0.001085	0.001073	0
ESCE_USD	2018-10-29	0.001078	0.001103	0.001105	0.001075	0
ESCE_USD	2018-10-28	0.001103	0.001138	0.001139	0.001098	0
ESCE_USD	2018-10-27	0.001138	0.001143	0.001147	0.001134	0
ESCE_USD	2018-10-26	0.001143	0.001142	0.001153	0.001140	0
ESCE_USD	2018-10-25	0.001142	0.001147	0.001149	0.001139	0
ESCE_USD	2018-10-24	0.001147	0.001146	0.001159	0.001145	0
ESCE_USD	2018-10-23	0.001146	0.001149	0.001152	0.001143	0
ESCE_USD	2018-10-22	0.001149	0.001153	0.001160	0.001146	0
ESCE_USD	2018-10-21	0.001153	0.001152	0.001165	0.001152	0
ESCE_USD	2018-10-20	0.001152	0.001142	0.001156	0.001139	0
ESCE_USD	2018-10-19	0.001142	0.001190	0.001193	0.001141	0
ESCE_USD	2018-10-18	0.001190	0.001179	0.001220	0.001177	0
ESCE_USD	2018-10-17	0.001179	0.001115	0.001181	0.001102	0
ESCE_USD	2018-10-16	0.001115	0.001112	0.001137	0.001102	0
ESCE_USD	2018-10-15	0.001112	0.001045	0.001240	0.001039	0
ESCE_USD	2018-10-14	0.001045	0.001044	0.001056	0.001043	0
ESCE_USD	2018-10-13	0.001044	0.001039	0.001045	0.001038	0
ESCE_USD	2018-10-12	0.001039	0.001032	0.001047	0.001027	0
ESCE_USD	2018-10-11	0.001032	0.001094	0.001094	0.001028	0
ESCE_USD	2018-10-10	0.001094	0.001099	0.001099	0.001077	0
ESCE_USD	2018-10-09	0.001099	0.001168	0.001169	0.001090	0
ESCE_USD	2018-10-08	0.001168	0.001155	0.001176	0.001153	0
ESCE_USD	2018-10-07	0.001155	0.001154	0.001161	0.001144	0
ESCE_USD	2018-10-06	0.001154	0.001163	0.001163	0.001149	0
ESCE_USD	2018-10-05	0.001163	0.001152	0.001166	0.001146	0
ESCE_USD	2018-10-04	0.001152	0.001106	0.001157	0.001105	0
ESCE_USD	2018-10-03	0.001106	0.001111	0.001114	0.001093	0
ESCE_USD	2018-10-02	0.001112	0.000990	0.001183	0.000977	0
ESCE_USD	2018-10-01	0.000990	0.000993	0.000999	0.000978	0
ESCE_USD	2018-09-30	0.000993	0.000991	0.000998	0.000980	0
ESCE_USD	2018-09-29	0.000991	0.000995	0.000995	0.000970	0
ESCE_USD	2018-09-28	0.000995	0.001003	0.001024	0.000982	0
ESCE_USD	2018-09-27	0.001003	0.000969	0.001009	0.000966	0
ESCE_USD	2018-09-26	0.000969	0.000965	0.000983	0.000958	0
ESCE_USD	2018-09-25	0.000965	0.000988	0.000988	0.000953	0
ESCE_USD	2018-09-24	0.000988	0.001007	0.001008	0.000983	0
ESCE_USD	2018-09-23	0.001007	0.001009	0.001017	0.001000	0
ESCE_USD	2018-09-22	0.001009	0.001016	0.001026	0.000997	0
ESCE_USD	2018-09-21	0.001016	0.000943	0.001017	0.000942	0
ESCE_USD	2018-09-20	0.000943	0.001278	0.001284	0.000942	0
ESCE_USD	2018-09-19	0.001278	0.001300	0.001304	0.001223	0
ESCE_USD	2018-09-18	0.001300	0.001282	0.001308	0.001277	0
ESCE_USD	2018-09-17	0.001282	0.001332	0.001339	0.001254	0
ESCE_USD	2018-09-16	0.001332	0.001467	0.001467	0.001297	0
ESCE_USD	2018-09-15	0.001467	0.001460	0.001531	0.001457	0
ESCE_USD	2018-09-14	0.001460	0.001489	0.001548	0.001453	0
ESCE_USD	2018-09-13	0.001489	0.001457	0.001501	0.001435	0
ESCE_USD	2018-09-12	0.001457	0.001447	0.001477	0.001427	0
ESCE_USD	2018-09-11	0.001447	0.001451	0.001469	0.001402	0
ESCE_USD	2018-09-10	0.001451	0.001435	0.001484	0.001435	0
ESCE_USD	2018-09-09	0.001435	0.001453	0.001508	0.001429	0
ESCE_USD	2018-09-08	0.001453	0.001505	0.001522	0.001443	0
ESCE_USD	2018-09-07	0.001505	0.001531	0.001535	0.001472	0
ESCE_USD	2018-09-06	0.001531	0.001575	0.001579	0.001471	0
ESCE_USD	2018-09-05	0.001575	0.001693	0.001701	0.001541	0
ESCE_USD	2018-09-04	0.001693	0.001672	0.001704	0.001667	0
ESCE_USD	2018-09-03	0.001672	0.001677	0.001687	0.001656	0
ESCE_USD	2018-09-02	0.001677	0.001655	0.001690	0.001642	0
ESCE_USD	2018-09-01	0.001655	0.001616	0.001670	0.001615	0
ESCE_USD	2018-08-31	0.001616	0.001609	0.001649	0.001589	0
ESCE_USD	2018-08-30	0.001609	0.001585	0.001624	0.001533	0
ESCE_USD	2018-08-29	0.001585	0.001593	0.001633	0.001559	0
ESCE_USD	2018-08-28	0.001593	0.001588	0.001632	0.001577	0
ESCE_USD	2018-08-27	0.001588	0.001543	0.001590	0.001532	0
ESCE_USD	2018-08-26	0.001543	0.001550	0.001571	0.001521	0
ESCE_USD	2018-08-25	0.001550	0.001540	0.001588	0.001536	0
ESCE_USD	2018-08-24	0.001540	0.001567	0.001607	0.001539	0
ESCE_USD	2018-08-23	0.001567	0.001525	0.001576	0.001524	0
ESCE_USD	2018-08-22	0.001525	0.001555	0.001648	0.001501	0
ESCE_USD	2018-08-21	0.001555	0.001501	0.001560	0.001500	0
ESCE_USD	2018-08-20	0.001501	0.001556	0.001565	0.001495	0
ESCE_USD	2018-08-19	0.001556	0.001534	0.001569	0.001514	0
ESCE_USD	2018-08-18	0.001534	0.001581	0.001586	0.001513	0
ESCE_USD	2018-08-17	0.001581	0.001515	0.001581	0.001510	0
ESCE_USD	2018-08-16	0.001515	0.001536	0.001565	0.001496	0
ESCE_USD	2018-08-15	0.001536	0.001485	0.001587	0.001484	0
ESCE_USD	2018-08-14	0.001485	0.001626	0.001626	0.001456	0
ESCE_USD	2018-08-13	0.001626	0.001863	0.001928	0.001602	0
ESCE_USD	2018-08-12	0.001863	0.001836	0.001903	0.001821	0
ESCE_USD	2018-08-11	0.001836	0.001812	0.001905	0.001773	0
ESCE_USD	2018-08-10	0.001812	0.001926	0.001939	0.001775	0
ESCE_USD	2018-08-09	0.001926	0.001852	0.001953	0.001826	0
ESCE_USD	2018-08-08	0.001852	0.002015	0.002015	0.001516	0
ESCE_USD	2018-08-07	0.002015	0.002047	0.002109	0.001971	0
ESCE_USD	2018-08-06	0.002047	0.002075	0.002108	0.002021	0
ESCE_USD	2018-08-05	0.002075	0.002067	0.002091	0.002033	0
ESCE_USD	2018-08-04	0.002067	0.002188	0.002209	0.002044	0
ESCE_USD	2018-08-03	0.002188	0.002449	0.002449	0.002149	0
ESCE_USD	2018-08-02	0.002449	0.002473	0.002503	0.002425	0
ESCE_USD	2018-08-01	0.002473	0.002517	0.002520	0.002420	0
ESCE_USD	2018-07-31	0.002517	0.002615	0.002616	0.002457	0
ESCE_USD	2018-07-30	0.002615	0.002631	0.002648	0.002517	0
ESCE_USD	2018-07-29	0.002631	0.002617	0.002648	0.002599	0
ESCE_USD	2018-07-27	0.002639	0.002639	0.002639	0.002639	0
ESCE_USD	2018-07-26	0.002639	0.002658	0.002699	0.002639	0
ESCE_USD	2018-07-25	0.002658	0.002734	0.002758	0.002624	0
ESCE_USD	2018-07-24	0.002734	0.002545	0.002754	0.002469	0
ESCE_USD	2018-07-23	0.002545	0.002442	0.002568	0.002433	0
ESCE_USD	2018-07-22	0.002442	0.002406	0.002496	0.002390	0
ESCE_USD	2018-07-21	0.002406	0.002420	0.002457	0.002383	0
ESCE_USD	2018-07-20	0.002420	0.002466	0.002535	0.002402	0
ESCE_USD	2018-07-19	0.002466	0.002431	0.002494	0.002404	0
ESCE_USD	2018-07-18	0.002431	0.002379	0.002501	0.002379	0
ESCE_USD	2018-07-17	0.002379	0.002189	0.002425	0.002167	0
ESCE_USD	2018-07-16	0.002189	0.002063	0.002193	0.002058	0
ESCE_USD	2018-07-15	0.002063	0.002031	0.002076	0.002026	0
ESCE_USD	2018-07-14	0.002031	0.002022	0.002048	0.002001	0
ESCE_USD	2018-07-13	0.002022	0.002025	0.002057	0.001997	0
ESCE_USD	2018-07-12	0.002025	0.002073	0.002073	0.001976	0
ESCE_USD	2018-07-11	0.002073	0.002048	0.002078	0.002044	0
ESCE_USD	2018-07-10	0.002048	0.002165	0.002171	0.002041	0
ESCE_USD	2018-07-09	0.002165	0.002180	0.002209	0.002157	0
ESCE_USD	2018-07-08	0.002180	0.002198	0.002207	0.002172	0
ESCE_USD	2018-07-07	0.002198	0.002145	0.002219	0.002116	0
ESCE_USD	2018-07-06	0.002145	0.002158	0.002188	0.002129	0
ESCE_USD	2018-07-05	0.002158	0.002142	0.002205	0.002121	0
ESCE_USD	2018-07-04	0.002142	0.002177	0.002216	0.002134	0
ESCE_USD	2018-07-03	0.002177	0.002283	0.002415	0.000029	0
ESCE_USD	2018-07-02	0.002283	0.002444	0.002447	0.000000	0
ESCE_USD	2018-07-01	0.002445	0.002461	0.002476	0.002414	0
ESCE_USD	2018-06-30	0.002461	0.002388	0.002509	0.002388	0
ESCE_USD	2018-06-29	0.002390	0.002281	0.002415	0.002241	0
ESCE_USD	2018-06-28	0.002285	0.002453	0.002463	0.002274	0
ESCE_USD	2018-06-27	0.002453	0.002487	0.002519	0.002443	0
ESCE_USD	2018-06-26	0.002495	0.002625	0.002666	0.002310	0
ESCE_USD	2018-06-25	0.002624	0.002643	0.002684	0.002464	0
ESCE_USD	2018-06-24	0.002644	0.003142	0.003152	0.002541	0
ESCE_USD	2018-06-23	0.003137	0.003263	0.003325	0.003132	0
ESCE_USD	2018-06-22	0.003263	0.003625	0.003635	0.003206	0
ESCE_USD	2018-06-21	0.003625	0.003650	0.003664	0.003613	0
ESCE_USD	2018-06-20	0.003651	0.003636	0.003678	0.003543	0
ESCE_USD	2018-06-19	0.003640	0.003490	0.003687	0.003468	0
ESCE_USD	2018-06-18	0.003489	0.003350	0.003529	0.003322	0
ESCE_USD	2018-06-17	0.003348	0.002887	0.003380	0.002867	0
ESCE_USD	2018-06-16	0.002886	0.002841	0.002915	0.002817	0
ESCE_USD	2018-06-15	0.002840	0.002956	0.002956	0.002830	0
ESCE_USD	2018-06-14	0.002950	0.002801	0.002981	0.002791	0
ESCE_USD	2018-06-13	0.002800	0.003501	0.003534	0.002770	0
ESCE_USD	2018-06-12	0.003500	0.003676	0.003676	0.003446	0
ESCE_USD	2018-06-11	0.003677	0.003615	0.003690	0.003552	0
ESCE_USD	2018-06-10	0.003611	0.004012	0.004012	0.003553	0
ESCE_USD	2018-06-09	0.004011	0.004074	0.004111	0.003997	0
ESCE_USD	2018-06-08	0.004074	0.004112	0.004118	0.004036	0
ESCE_USD	2018-06-07	0.004114	0.004095	0.004149	0.004091	0
ESCE_USD	2018-06-06	0.004095	0.003395	0.004117	0.003339	0
ESCE_USD	2018-06-05	0.003392	0.003295	0.003414	0.003244	0
ESCE_USD	2018-06-04	0.003298	0.003360	0.003388	0.003281	0
ESCE_USD	2018-06-03	0.003357	0.003358	0.003421	0.003344	0
ESCE_USD	2018-06-02	0.003361	0.003312	0.003383	0.003280	0
ESCE_USD	2018-06-01	0.003309	0.003443	0.003496	0.003235	0
ESCE_USD	2018-05-31	0.003444	0.003317	0.003496	0.003302	0
ESCE_USD	2018-05-30	0.003319	0.003434	0.003439	0.003240	0
ESCE_USD	2018-05-29	0.003430	0.003303	0.003460	0.003248	0
ESCE_USD	2018-05-28	0.003301	0.003414	0.003455	0.003287	0
ESCE_USD	2018-05-27	0.003413	0.003408	0.003435	0.003358	0
ESCE_USD	2018-05-26	0.003407	0.003467	0.003541	0.003389	0
ESCE_USD	2018-05-25	0.003468	0.003788	0.003824	0.003418	0
ESCE_USD	2018-05-24	0.003786	0.003827	0.003926	0.003531	0
ESCE_USD	2018-05-23	0.003830	0.004148	0.004170	0.003761	0
ESCE_USD	2018-05-22	0.004150	0.004282	0.004298	0.004112	0
ESCE_USD	2018-05-21	0.004282	0.004475	0.004486	0.003716	0
ESCE_USD	2018-05-20	0.004475	0.004367	0.004592	0.004351	0
ESCE_USD	2018-05-19	0.004367	0.004449	0.004569	0.004058	0
ESCE_USD	2018-05-18	0.004449	0.004350	0.004468	0.004281	0
ESCE_USD	2018-05-17	0.004356	0.004508	0.004571	0.004318	0
ESCE_USD	2018-05-16	0.004504	0.004572	0.004584	0.004376	0
ESCE_USD	2018-05-15	0.004572	0.004810	0.004855	0.004550	0
ESCE_USD	2018-05-14	0.004810	0.004472	0.004928	0.004263	0
ESCE_USD	2018-05-13	0.004472	0.004068	0.004940	0.004015	0
ESCE_USD	2018-05-12	0.004059	0.003777	0.004128	0.003652	0
ESCE_USD	2018-05-11	0.003777	0.003878	0.003916	0.003608	0
ESCE_USD	2018-05-10	0.003878	0.004100	0.004129	0.003825	0
ESCE_USD	2018-05-09	0.004100	0.004271	0.004332	0.004064	0
ESCE_USD	2018-05-08	0.004271	0.004024	0.004432	0.000000	0
ESCE_USD	2018-05-07	0.004054	0.004733	0.004741	0.003818	0
ESCE_USD	2018-05-06	0.004733	0.005080	0.005132	0.004506	0
ESCE_USD	2018-05-05	0.005074	0.004563	0.005092	0.003940	0
ESCE_USD	2018-05-04	0.004563	0.004443	0.004661	0.003797	0
ESCE_USD	2018-05-03	0.004443	0.004248	0.004476	0.003654	0
ESCE_USD	2018-05-02	0.004248	0.004306	0.004322	0.004164	0
ESCE_USD	2018-05-01	0.004306	0.004526	0.004705	0.003864	0
ESCE_USD	2018-04-30	0.004526	0.004605	0.004725	0.004519	0
ESCE_USD	2018-04-29	0.004605	0.004670	0.004780	0.004546	0
ESCE_USD	2018-04-28	0.004670	0.005179	0.005319	0.004396	0
ESCE_USD	2018-04-27	0.005179	0.004462	0.005441	0.004377	0
ESCE_USD	2018-04-26	0.004462	0.005725	0.005774	0.003421	0
ESCE_USD	2018-04-25	0.005725	0.005935	0.005999	0.005102	0
ESCE_USD	2018-04-24	0.005949	0.004515	0.006468	0.004510	0
ESCE_USD	2018-04-23	0.004515	0.004620	0.004703	0.004515	0
ESCE_USD	2018-04-22	0.004620	0.005259	0.005477	0.004595	0
ESCE_USD	2018-04-21	0.005259	0.005633	0.005633	0.004482	0
ESCE_USD	2018-04-20	0.005633	0.005130	0.005671	0.005100	0
ESCE_USD	2018-04-19	0.005130	0.005145	0.005266	0.005056	0
ESCE_USD	2018-04-18	0.005145	0.004971	0.005260	0.004949	0
ESCE_USD	2018-04-17	0.004971	0.004874	0.005093	0.004501	0
ESCE_USD	2018-04-16	0.004874	0.005014	0.005043	0.004780	0
ESCE_USD	2018-04-15	0.005014	0.004723	0.005018	0.004722	0
ESCE_USD	2018-04-14	0.004723	0.004688	0.004810	0.004445	0
ESCE_USD	2018-04-13	0.004688	0.004708	0.004906	0.004616	0
ESCE_USD	2018-04-12	0.004708	0.004235	0.004838	0.004102	0
ESCE_USD	2018-04-11	0.004235	0.004104	0.004253	0.004101	0
ESCE_USD	2018-04-10	0.004104	0.004124	0.004191	0.003998	0
ESCE_USD	2018-04-09	0.004124	0.004314	0.004411	0.004034	0
ESCE_USD	2018-04-08	0.004314	0.004305	0.004447	0.004201	0
ESCE_USD	2018-04-07	0.004305	0.004167	0.004520	0.004157	0
ESCE_USD	2018-04-06	0.004167	0.004159	0.004243	0.004035	0
ESCE_USD	2018-04-05	0.004159	0.003868	0.004381	0.003746	0
ESCE_USD	2018-04-04	0.003868	0.004443	0.004507	0.003783	0
ESCE_USD	2018-04-03	0.004443	0.004549	0.004838	0.004440	0
ESCE_USD	2018-04-02	0.004549	0.004393	0.004590	0.004370	0
ESCE_USD	2018-04-01	0.004393	0.004813	0.004886	0.004151	0
ESCE_USD	2018-03-31	0.004813	0.004686	0.005056	0.004551	0
ESCE_USD	2018-03-30	0.004686	0.004539	0.004795	0.004246	0
ESCE_USD	2018-03-29	0.004539	0.005003	0.005016	0.004412	0
ESCE_USD	2018-03-28	0.005003	0.004787	0.005063	0.004754	0
ESCE_USD	2018-03-27	0.004787	0.005687	0.006368	0.004772	0
ESCE_USD	2018-03-26	0.005687	0.005954	0.005987	0.005535	0
ESCE_USD	2018-03-25	0.005954	0.005827	0.006103	0.005815	0
ESCE_USD	2018-03-24	0.005827	0.005920	0.006485	0.005772	0
ESCE_USD	2018-03-23	0.005920	0.006276	0.006896	0.005650	0
ESCE_USD	2018-03-22	0.006276	0.007164	0.007314	0.005816	0
ESCE_USD	2018-03-21	0.007164	0.007206	0.007572	0.006855	0
ESCE_USD	2018-03-20	0.007206	0.006880	0.007310	0.006319	0
ESCE_USD	2018-03-19	0.006880	0.006361	0.007173	0.006044	0
ESCE_USD	2018-03-18	0.006361	0.005824	0.006703	0.004820	0
ESCE_USD	2018-03-17	0.005824	0.006219	0.006243	0.005735	0
ESCE_USD	2018-03-16	0.006219	0.006273	0.006400	0.005967	0
ESCE_USD	2018-03-15	0.006273	0.006670	0.006807	0.005948	0
ESCE_USD	2018-03-14	0.006670	0.006257	0.006767	0.004808	0
ESCE_USD	2018-03-13	0.006257	0.006202	0.006839	0.006089	0
ESCE_USD	2018-03-12	0.006202	0.005944	0.006628	0.005944	0
ESCE_USD	2018-03-11	0.005944	0.006304	0.006402	0.005606	0
ESCE_USD	2018-03-10	0.006304	0.005716	0.006366	0.005381	0
ESCE_USD	2018-03-09	0.005716	0.005951	0.006113	0.004614	0
ESCE_USD	2018-03-08	0.005951	0.006275	0.007428	0.005653	0
ESCE_USD	2018-03-07	0.006275	0.006648	0.007023	0.005944	0
ESCE_USD	2018-03-06	0.006648	0.007237	0.007237	0.006561	0
ESCE_USD	2018-03-05	0.007237	0.008861	0.008861	0.006914	0
ESCE_USD	2018-03-04	0.008855	0.009091	0.009091	0.008436	0
ESCE_USD	2018-03-03	0.009051	0.009205	0.009758	0.008984	0
ESCE_USD	2018-03-02	0.009234	0.008796	0.010582	0.008715	0
