ETHD_USD	2019-04-09	0.036591	0.037164	0.037164	0.036130	0
ETHD_USD	2019-04-08	0.037164	0.036640	0.037447	0.035972	0
ETHD_USD	2019-04-07	0.036640	0.035485	0.037023	0.035453	0
ETHD_USD	2019-04-06	0.035485	0.035513	0.036856	0.034704	0
ETHD_USD	2019-04-05	0.035513	0.034470	0.035748	0.034457	0
ETHD_USD	2019-04-04	0.034470	0.034776	0.035618	0.033766	0
ETHD_USD	2019-04-03	0.034776	0.034447	0.037202	0.033881	0
ETHD_USD	2019-04-02	0.034447	0.029329	0.035461	0.029265	0
ETHD_USD	2019-04-01	0.029329	0.029110	0.029481	0.028832	0
ETHD_USD	2019-03-31	0.029110	0.029092	0.029206	0.029011	0
ETHD_USD	2019-03-30	0.029092	0.029191	0.029406	0.028819	0
ETHD_USD	2019-03-29	0.029191	0.028586	0.029248	0.028536	0
ETHD_USD	2019-03-28	0.028586	0.028656	0.028666	0.028413	0
ETHD_USD	2019-03-27	0.028656	0.027882	0.028706	0.027797	0
ETHD_USD	2019-03-26	0.027882	0.027730	0.027904	0.027598	0
ETHD_USD	2019-03-25	0.027730	0.028230	0.028288	0.027521	0
ETHD_USD	2019-03-24	0.028230	0.028381	0.028381	0.028032	0
ETHD_USD	2019-03-23	0.028381	0.028281	0.028473	0.028191	0
ETHD_USD	2019-03-22	0.028281	0.028253	0.028424	0.028184	0
ETHD_USD	2019-03-21	0.028253	0.028828	0.028959	0.027982	0
ETHD_USD	2019-03-20	0.028828	0.028692	0.028891	0.028449	0
ETHD_USD	2019-03-19	0.028692	0.028455	0.028764	0.028335	0
ETHD_USD	2019-03-18	0.028455	0.028422	0.028769	0.028204	0
ETHD_USD	2019-03-17	0.028422	0.028567	0.028567	0.028228	0
ETHD_USD	2019-03-16	0.028567	0.027962	0.029006	0.027962	0
ETHD_USD	2019-03-15	0.027962	0.027590	0.028016	0.027582	0
ETHD_USD	2019-03-14	0.027590	0.027576	0.027940	0.027157	0
ETHD_USD	2019-03-13	0.027576	0.027619	0.027734	0.027418	0
ETHD_USD	2019-03-12	0.027619	0.027603	0.027796	0.027215	0
ETHD_USD	2019-03-11	0.027603	0.027935	0.028004	0.027389	0
ETHD_USD	2019-03-10	0.027935	0.028047	0.028060	0.027694	0
ETHD_USD	2019-03-09	0.028047	0.027525	0.028254	0.027479	0
ETHD_USD	2019-03-08	0.027525	0.027693	0.028078	0.027074	0
ETHD_USD	2019-03-07	0.027693	0.027601	0.027895	0.027489	0
ETHD_USD	2019-03-06	0.027601	0.027591	0.027781	0.027318	0
ETHD_USD	2019-03-05	0.027591	0.026543	0.027708	0.026448	0
ETHD_USD	2019-03-04	0.026543	0.027134	0.027292	0.026316	0
ETHD_USD	2019-03-03	0.027134	0.027333	0.027405	0.026962	0
ETHD_USD	2019-03-02	0.027333	0.027360	0.027407	0.026936	0
ETHD_USD	2019-03-01	0.027360	0.027210	0.027576	0.027193	0
ETHD_USD	2019-02-28	0.027210	0.027247	0.027849	0.027134	0
ETHD_USD	2019-02-27	0.027247	0.027230	0.027479	0.026353	0
ETHD_USD	2019-02-26	0.027230	0.027407	0.027479	0.027060	0
ETHD_USD	2019-02-25	0.027407	0.026772	0.027692	0.026756	0
ETHD_USD	2019-02-24	0.026772	0.029423	0.029912	0.026632	0
ETHD_USD	2019-02-23	0.029423	0.028393	0.029721	0.028044	0
ETHD_USD	2019-02-22	0.028393	0.028010	0.028457	0.027880	0
ETHD_USD	2019-02-21	0.028010	0.028363	0.028788	0.027773	0
ETHD_USD	2019-02-20	0.028363	0.027880	0.028406	0.027717	0
ETHD_USD	2019-02-19	0.027880	0.027793	0.028508	0.027544	0
ETHD_USD	2019-02-18	0.027793	0.026094	0.028003	0.026015	0
ETHD_USD	2019-02-17	0.026094	0.025680	0.026427	0.025628	0
ETHD_USD	2019-02-16	0.025680	0.025594	0.026006	0.025593	0
ETHD_USD	2019-02-15	0.025594	0.025547	0.025958	0.025459	0
ETHD_USD	2019-02-14	0.025547	0.025628	0.025713	0.025444	0
ETHD_USD	2019-02-13	0.025628	0.025804	0.026091	0.025498	0
ETHD_USD	2019-02-12	0.025804	0.025712	0.026010	0.025463	0
ETHD_USD	2019-02-11	0.025712	0.026173	0.026191	0.025680	0
ETHD_USD	2019-02-10	0.026173	0.025973	0.026179	0.025619	0
ETHD_USD	2019-02-09	0.025973	0.026012	0.026113	0.025802	0
ETHD_USD	2019-02-08	0.026012	0.024001	0.026499	0.023944	0
ETHD_USD	2019-02-07	0.024001	0.024112	0.024184	0.023966	0
ETHD_USD	2019-02-06	0.024112	0.024532	0.024594	0.023912	0
ETHD_USD	2019-02-05	0.024532	0.024381	0.024560	0.024280	0
ETHD_USD	2019-02-04	0.024381	0.024460	0.024583	0.024275	0
ETHD_USD	2019-02-03	0.024460	0.024860	0.024914	0.024246	0
ETHD_USD	2019-02-02	0.024860	0.024711	0.024951	0.024453	0
ETHD_USD	2019-02-01	0.024711	0.024467	0.024829	0.024211	0
ETHD_USD	2019-01-31	0.024467	0.024655	0.024918	0.024324	0
ETHD_USD	2019-01-30	0.024655	0.024293	0.024771	0.024113	0
ETHD_USD	2019-01-29	0.024293	0.024456	0.024534	0.023910	0
ETHD_USD	2019-01-28	0.024456	0.025126	0.025131	0.024143	0
ETHD_USD	2019-01-27	0.025126	0.025375	0.025442	0.024752	0
ETHD_USD	2019-01-26	0.025375	0.025348	0.026068	0.025321	0
ETHD_USD	2019-01-25	0.025348	0.025510	0.025588	0.025114	0
ETHD_USD	2019-01-24	0.025510	0.025285	0.025621	0.025075	0
ETHD_USD	2019-01-23	0.025285	0.025419	0.025647	0.025091	0
ETHD_USD	2019-01-22	0.025419	0.025013	0.025679	0.024461	0
ETHD_USD	2019-01-21	0.025013	0.025049	0.025187	0.024818	0
ETHD_USD	2019-01-20	0.025049	0.026297	0.026515	0.024781	0
ETHD_USD	2019-01-19	0.026297	0.025675	0.026886	0.025663	0
ETHD_USD	2019-01-18	0.025675	0.025987	0.026011	0.025522	0
ETHD_USD	2019-01-17	0.025987	0.025645	0.026001	0.025285	0
ETHD_USD	2019-01-16	0.025645	0.025539	0.026078	0.025445	0
ETHD_USD	2019-01-15	0.025539	0.026187	0.026363	0.025380	0
ETHD_USD	2019-01-14	0.026187	0.024478	0.026524	0.024398	0
ETHD_USD	2019-01-13	0.024478	0.026712	0.027230	0.024185	0
ETHD_USD	2019-01-12	0.026712	0.024072	0.026746	0.022723	0
ETHD_USD	2019-01-11	0.024072	0.025155	0.026360	0.023778	0
ETHD_USD	2019-01-10	0.025155	0.028604	0.028725	0.022805	0
ETHD_USD	2019-01-09	0.028604	0.028122	0.029673	0.027531	0
ETHD_USD	2019-01-08	0.028122	0.026864	0.028494	0.025709	0
ETHD_USD	2019-01-07	0.026864	0.026281	0.026903	0.025310	0
ETHD_USD	2019-01-06	0.026281	0.025447	0.050851	0.025325	0
ETHD_USD	2019-01-05	0.025447	0.027482	0.027880	0.023593	0
ETHD_USD	2019-01-04	0.027482	0.027209	0.027681	0.026787	0
ETHD_USD	2019-01-03	0.027209	0.028330	0.028365	0.027107	0
ETHD_USD	2019-01-02	0.028330	0.027757	0.028485	0.027420	0
ETHD_USD	2019-01-01	0.027687	0.026947	0.027847	0.025840	0
ETHD_USD	2018-12-31	0.026947	0.029141	0.029216	0.026741	0
ETHD_USD	2018-12-30	0.029141	0.028479	0.029262	0.028208	0
ETHD_USD	2018-12-29	0.028479	0.029973	0.030282	0.028372	0
ETHD_USD	2018-12-28	0.029973	0.032236	0.032474	0.028487	0
ETHD_USD	2018-12-27	0.032236	0.034111	0.034391	0.032012	0
ETHD_USD	2018-12-26	0.034111	0.031321	0.034294	0.031143	0
ETHD_USD	2018-12-25	0.031321	0.033223	0.033277	0.030583	0
ETHD_USD	2018-12-24	0.033223	0.032649	0.035460	0.032649	0
ETHD_USD	2018-12-23	0.032649	0.032346	0.034010	0.032164	0
ETHD_USD	2018-12-22	0.032346	0.028776	0.032815	0.028301	0
ETHD_USD	2018-12-21	0.028776	0.030534	0.031196	0.028294	0
ETHD_USD	2018-12-20	0.030534	0.028290	0.031574	0.028030	0
ETHD_USD	2018-12-19	0.028290	0.029442	0.031182	0.028162	0
ETHD_USD	2018-12-18	0.029442	0.029438	0.029791	0.027283	0
ETHD_USD	2018-12-17	0.029438	0.029238	0.030077	0.026920	0
ETHD_USD	2018-12-16	0.029238	0.029436	0.030192	0.029165	0
ETHD_USD	2018-12-15	0.029436	0.029384	0.029726	0.028815	0
ETHD_USD	2018-12-14	0.029384	0.030313	0.030631	0.028893	0
ETHD_USD	2018-12-13	0.030313	0.030490	0.033787	0.029662	0
ETHD_USD	2018-12-12	0.030490	0.025631	0.030702	0.024851	0
ETHD_USD	2018-12-11	0.025855	0.027370	0.027436	0.025292	0
ETHD_USD	2018-12-10	0.027370	0.026522	0.029701	0.025808	0
ETHD_USD	2018-12-09	0.026522	0.025507	0.027271	0.023017	0
ETHD_USD	2018-12-08	0.025507	0.025283	0.026603	0.024130	0
ETHD_USD	2018-12-07	0.025283	0.025878	0.026709	0.024113	0
ETHD_USD	2018-12-06	0.025878	0.028627	0.030015	0.025841	0
ETHD_USD	2018-12-05	0.028627	0.030025	0.031083	0.025929	0
ETHD_USD	2018-12-04	0.030025	0.024763	0.030029	0.024134	0
ETHD_USD	2018-12-03	0.024763	0.025852	0.025968	0.022141	0
ETHD_USD	2018-12-02	0.025852	0.023697	0.026645	0.021035	0
ETHD_USD	2018-12-01	0.023697	0.019404	0.024856	0.019200	0
ETHD_USD	2018-11-30	0.019404	0.022378	0.022773	0.018448	0
ETHD_USD	2018-11-29	0.022378	0.026720	0.027752	0.020043	0
ETHD_USD	2018-11-28	0.026720	0.024161	0.028268	0.024161	0
ETHD_USD	2018-11-27	0.024161	0.026959	0.027071	0.023296	0
ETHD_USD	2018-11-26	0.026959	0.025861	0.027957	0.024916	0
ETHD_USD	2018-11-25	0.025861	0.026394	0.026636	0.022853	0
ETHD_USD	2018-11-24	0.026394	0.031800	0.032441	0.025768	0
ETHD_USD	2018-11-23	0.031800	0.031645	0.032112	0.030096	0
ETHD_USD	2018-11-22	0.031645	0.033306	0.033654	0.031207	0
ETHD_USD	2018-11-21	0.033306	0.033819	0.034392	0.032085	0
ETHD_USD	2018-11-20	0.033819	0.035578	0.036632	0.030982	0
ETHD_USD	2018-11-19	0.035578	0.039220	0.039842	0.034219	0
ETHD_USD	2018-11-18	0.039220	0.038908	0.039311	0.038575	0
ETHD_USD	2018-11-17	0.038908	0.041236	0.042640	0.038660	0
ETHD_USD	2018-11-16	0.041236	0.042504	0.043644	0.039897	0
ETHD_USD	2018-11-15	0.042504	0.042105	0.043288	0.039220	0
ETHD_USD	2018-11-14	0.042105	0.048580	0.048768	0.040817	0
ETHD_USD	2018-11-13	0.048580	0.048384	0.048858	0.048058	0
ETHD_USD	2018-11-12	0.048384	0.047706	0.048788	0.047087	0
ETHD_USD	2018-11-11	0.047706	0.047590	0.047732	0.046998	0
ETHD_USD	2018-11-10	0.047590	0.047541	0.047785	0.046435	0
ETHD_USD	2018-11-09	0.047541	0.049374	0.050090	0.046558	0
ETHD_USD	2018-11-08	0.049374	0.052187	0.053091	0.047154	0
ETHD_USD	2018-11-07	0.052187	0.048245	0.052300	0.048222	0
ETHD_USD	2018-11-06	0.048245	0.050597	0.050711	0.047947	0
ETHD_USD	2018-11-05	0.050597	0.044812	0.052944	0.044172	0
ETHD_USD	2018-11-04	0.044812	0.044076	0.044980	0.043352	0
ETHD_USD	2018-11-03	0.044076	0.045471	0.045714	0.043838	0
ETHD_USD	2018-11-02	0.045471	0.045630	0.045990	0.045335	0
ETHD_USD	2018-11-01	0.045630	0.044483	0.047596	0.043957	0
ETHD_USD	2018-10-31	0.044483	0.043519	0.045170	0.042075	0
ETHD_USD	2018-10-30	0.043519	0.045898	0.045995	0.043403	0
ETHD_USD	2018-10-29	0.045898	0.042705	0.045898	0.042371	0
ETHD_USD	2018-10-28	0.042705	0.043584	0.043650	0.042514	0
ETHD_USD	2018-10-27	0.043584	0.045492	0.045661	0.043469	0
ETHD_USD	2018-10-26	0.045492	0.046382	0.046551	0.045454	0
ETHD_USD	2018-10-25	0.046382	0.046206	0.046965	0.046170	0
ETHD_USD	2018-10-24	0.046206	0.046342	0.047467	0.046129	0
ETHD_USD	2018-10-23	0.046342	0.046890	0.047073	0.046027	0
ETHD_USD	2018-10-22	0.046890	0.046512	0.047709	0.045211	0
ETHD_USD	2018-10-21	0.046512	0.046494	0.050516	0.043779	0
ETHD_USD	2018-10-20	0.046494	0.047257	0.047582	0.044096	0
ETHD_USD	2018-10-19	0.047257	0.049467	0.049594	0.046339	0
ETHD_USD	2018-10-18	0.049467	0.049771	0.051597	0.048156	0
ETHD_USD	2018-10-17	0.049771	0.048252	0.052030	0.046307	0
ETHD_USD	2018-10-16	0.048252	0.049183	0.050104	0.047606	0
ETHD_USD	2018-10-15	0.049183	0.041863	0.050344	0.041643	0
ETHD_USD	2018-10-14	0.041863	0.042640	0.042905	0.041256	0
ETHD_USD	2018-10-13	0.042640	0.040365	0.042667	0.040310	0
ETHD_USD	2018-10-12	0.040365	0.044694	0.045391	0.040283	0
ETHD_USD	2018-10-11	0.044694	0.044025	0.047233	0.041393	0
ETHD_USD	2018-10-10	0.044025	0.052738	0.053984	0.039702	0
ETHD_USD	2018-10-09	0.052738	0.052886	0.055817	0.047711	0
ETHD_USD	2018-10-08	0.052886	0.053666	0.058987	0.047226	0
ETHD_USD	2018-10-07	0.053666	0.044627	0.054654	0.044244	0
ETHD_USD	2018-10-06	0.044627	0.043722	0.048412	0.043322	0
ETHD_USD	2018-10-05	0.043722	0.041882	0.043888	0.041646	0
ETHD_USD	2018-10-04	0.041882	0.042335	0.043247	0.040320	0
ETHD_USD	2018-10-03	0.042335	0.043774	0.044629	0.038618	0
ETHD_USD	2018-10-02	0.043774	0.048252	0.048488	0.038662	0
ETHD_USD	2018-10-01	0.048252	0.048881	0.050513	0.047669	0
ETHD_USD	2018-09-30	0.048881	0.042633	0.049073	0.042332	0
ETHD_USD	2018-09-29	0.042633	0.043128	0.043128	0.040400	0
ETHD_USD	2018-09-28	0.043128	0.046823	0.047060	0.038924	0
ETHD_USD	2018-09-27	0.046823	0.040939	0.047848	0.037481	0
ETHD_USD	2018-09-26	0.040939	0.034522	0.042517	0.034292	0
ETHD_USD	2018-09-25	0.034522	0.038457	0.038457	0.034043	0
ETHD_USD	2018-09-24	0.038457	0.040333	0.042240	0.038282	0
ETHD_USD	2018-09-23	0.040333	0.041925	0.042318	0.040154	0
ETHD_USD	2018-09-22	0.041925	0.043885	0.046208	0.041502	0
ETHD_USD	2018-09-21	0.043885	0.040140	0.045987	0.040113	0
ETHD_USD	2018-09-20	0.040140	0.037328	0.040691	0.037328	0
ETHD_USD	2018-09-19	0.037328	0.037073	0.040461	0.036812	0
ETHD_USD	2018-09-18	0.037073	0.036747	0.039114	0.036633	0
ETHD_USD	2018-09-17	0.036747	0.039965	0.040143	0.036631	0
ETHD_USD	2018-09-16	0.039965	0.041728	0.042049	0.039013	0
ETHD_USD	2018-09-15	0.041728	0.034642	0.043045	0.034578	0
ETHD_USD	2018-09-14	0.034642	0.034677	0.035170	0.034033	0
ETHD_USD	2018-09-13	0.034677	0.033679	0.034901	0.033665	0
ETHD_USD	2018-09-12	0.033679	0.031984	0.033750	0.031543	0
ETHD_USD	2018-09-11	0.031984	0.032171	0.032532	0.031425	0
ETHD_USD	2018-09-10	0.032171	0.029670	0.032261	0.029670	0
ETHD_USD	2018-09-09	0.029670	0.027338	0.029917	0.027260	0
ETHD_USD	2018-09-08	0.027338	0.028018	0.028441	0.027139	0
ETHD_USD	2018-09-07	0.028018	0.026935	0.028635	0.024403	0
ETHD_USD	2018-09-06	0.026935	0.029933	0.030344	0.022948	0
ETHD_USD	2018-09-05	0.029933	0.036022	0.036187	0.028915	0
ETHD_USD	2018-09-04	0.036022	0.037804	0.038507	0.033155	0
ETHD_USD	2018-09-03	0.037804	0.038748	0.039175	0.036623	0
ETHD_USD	2018-09-02	0.038748	0.036635	0.039257	0.036211	0
ETHD_USD	2018-09-01	0.036635	0.035941	0.037264	0.035109	0
ETHD_USD	2018-08-31	0.035941	0.035495	0.036518	0.034892	0
ETHD_USD	2018-08-30	0.035495	0.036466	0.036772	0.029685	0
ETHD_USD	2018-08-29	0.036466	0.033021	0.037220	0.032841	0
ETHD_USD	2018-08-28	0.033021	0.034929	0.035015	0.033015	0
ETHD_USD	2018-08-27	0.034929	0.036259	0.036715	0.034169	0
ETHD_USD	2018-08-26	0.036259	0.036054	0.038422	0.035274	0
ETHD_USD	2018-08-25	0.036054	0.035580	0.036284	0.035575	0
ETHD_USD	2018-08-24	0.035580	0.033125	0.035744	0.030490	0
ETHD_USD	2018-08-23	0.033125	0.041847	0.042273	0.030441	0
ETHD_USD	2018-08-22	0.041847	0.035570	0.049427	0.035356	0
ETHD_USD	2018-08-21	0.035570	0.035153	0.036126	0.035072	0
ETHD_USD	2018-08-20	0.035153	0.034728	0.039906	0.033967	0
ETHD_USD	2018-08-19	0.034728	0.038984	0.038986	0.034561	0
ETHD_USD	2018-08-18	0.038984	0.039895	0.043704	0.035872	0
ETHD_USD	2018-08-17	0.039895	0.040773	0.042293	0.037274	0
ETHD_USD	2018-08-16	0.040773	0.039345	0.040994	0.037283	0
ETHD_USD	2018-08-15	0.039345	0.038291	0.042432	0.036483	0
ETHD_USD	2018-08-14	0.038291	0.045420	0.045612	0.038291	0
ETHD_USD	2018-08-13	0.045420	0.048649	0.049080	0.045092	0
ETHD_USD	2018-08-12	0.048649	0.049882	0.052200	0.047724	0
ETHD_USD	2018-08-11	0.049882	0.052253	0.052653	0.046547	0
ETHD_USD	2018-08-10	0.052253	0.056802	0.056941	0.050791	0
ETHD_USD	2018-08-09	0.056802	0.047242	0.065380	0.045369	0
ETHD_USD	2018-08-08	0.047242	0.049981	0.056518	0.046150	0
ETHD_USD	2018-08-07	0.049981	0.041731	0.060373	0.035138	0
ETHD_USD	2018-08-06	0.041731	0.045290	0.046017	0.041342	0
ETHD_USD	2018-08-05	0.045290	0.047991	0.048144	0.042547	0
ETHD_USD	2018-08-04	0.047991	0.047798	0.051208	0.047505	0
ETHD_USD	2018-08-03	0.047798	0.048489	0.048502	0.046834	0
ETHD_USD	2018-08-02	0.048489	0.047295	0.051466	0.047247	0
ETHD_USD	2018-08-01	0.047295	0.048290	0.048313	0.046344	0
ETHD_USD	2018-07-31	0.048290	0.055932	0.057054	0.048290	0
ETHD_USD	2018-07-30	0.055932	0.059979	0.060209	0.050144	0
ETHD_USD	2018-07-29	0.059979	0.062956	0.062956	0.059838	0
ETHD_USD	2018-07-28	0.062956	0.067162	0.067162	0.060647	0
ETHD_USD	2018-07-27	0.067162	0.062255	0.067450	0.062255	0
ETHD_USD	2018-07-26	0.062255	0.065626	0.072209	0.062255	0
ETHD_USD	2018-07-25	0.065626	0.065747	0.073425	0.059371	0
ETHD_USD	2018-07-24	0.065747	0.060320	0.067118	0.060157	0
ETHD_USD	2018-07-23	0.060320	0.069722	0.070131	0.060036	0
ETHD_USD	2018-07-22	0.069722	0.065705	0.074145	0.065117	0
ETHD_USD	2018-07-21	0.065705	0.063645	0.069885	0.061508	0
ETHD_USD	2018-07-20	0.063645	0.069728	0.069729	0.059694	0
ETHD_USD	2018-07-19	0.069728	0.069205	0.070574	0.066199	0
ETHD_USD	2018-07-18	0.069205	0.069210	0.071588	0.065396	0
ETHD_USD	2018-07-17	0.069210	0.052678	0.070495	0.052429	0
ETHD_USD	2018-07-16	0.052678	0.050202	0.053681	0.046296	0
ETHD_USD	2018-07-15	0.050202	0.053938	0.053938	0.048529	0
ETHD_USD	2018-07-14	0.053938	0.057224	0.057704	0.052402	0
ETHD_USD	2018-07-13	0.057224	0.057328	0.057696	0.052381	0
ETHD_USD	2018-07-12	0.057328	0.058739	0.059635	0.054527	0
ETHD_USD	2018-07-11	0.058739	0.061244	0.062220	0.057929	0
ETHD_USD	2018-07-10	0.061244	0.058142	0.062634	0.055071	0
ETHD_USD	2018-07-09	0.058142	0.058862	0.059361	0.057934	0
ETHD_USD	2018-07-08	0.058862	0.060213	0.060472	0.058665	0
ETHD_USD	2018-07-07	0.060213	0.057300	0.060787	0.056994	0
ETHD_USD	2018-07-06	0.057300	0.058535	0.060012	0.056623	0
ETHD_USD	2018-07-05	0.058535	0.057662	0.061047	0.057110	0
ETHD_USD	2018-07-04	0.057662	0.054795	0.058594	0.052883	0
ETHD_USD	2018-07-03	0.054795	0.055455	0.056982	0.000745	0
ETHD_USD	2018-07-02	0.055455	0.053173	0.056064	0.000001	0
ETHD_USD	2018-07-01	0.053178	0.052538	0.054988	0.050759	0
ETHD_USD	2018-06-30	0.052539	0.051454	0.054052	0.051454	0
ETHD_USD	2018-06-29	0.051497	0.044046	0.051878	0.043645	0
ETHD_USD	2018-06-28	0.044116	0.046339	0.046574	0.043900	0
ETHD_USD	2018-06-27	0.046335	0.049045	0.049462	0.044916	0
ETHD_USD	2018-06-26	0.049200	0.052255	0.052904	0.048936	0
ETHD_USD	2018-06-25	0.052221	0.046526	0.053304	0.041829	0
ETHD_USD	2018-06-24	0.046541	0.049464	0.051787	0.043564	0
ETHD_USD	2018-06-23	0.049400	0.049760	0.052068	0.048746	0
ETHD_USD	2018-06-22	0.049760	0.054886	0.057420	0.048354	0
ETHD_USD	2018-06-21	0.054882	0.052221	0.056944	0.052084	0
ETHD_USD	2018-06-20	0.052224	0.051301	0.053359	0.049992	0
ETHD_USD	2018-06-19	0.051359	0.050604	0.051472	0.047872	0
ETHD_USD	2018-06-18	0.050587	0.040333	0.052300	0.039771	0
ETHD_USD	2018-06-17	0.040301	0.039539	0.041960	0.039368	0
ETHD_USD	2018-06-16	0.039531	0.040832	0.042875	0.038550	0
ETHD_USD	2018-06-15	0.040813	0.043371	0.043460	0.039864	0
ETHD_USD	2018-06-14	0.043288	0.041327	0.043871	0.040766	0
ETHD_USD	2018-06-13	0.041303	0.045644	0.045808	0.040290	0
ETHD_USD	2018-06-12	0.045633	0.047955	0.051657	0.044411	0
ETHD_USD	2018-06-11	0.047978	0.049771	0.050172	0.042894	0
ETHD_USD	2018-06-10	0.049713	0.054552	0.054552	0.048881	0
ETHD_USD	2018-06-09	0.054537	0.057990	0.059497	0.054354	0
ETHD_USD	2018-06-08	0.057989	0.057259	0.059348	0.055788	0
ETHD_USD	2018-06-07	0.057360	0.062724	0.063366	0.053859	0
ETHD_USD	2018-06-06	0.062720	0.065564	0.065934	0.059195	0
ETHD_USD	2018-06-05	0.065508	0.064780	0.066666	0.064107	0
ETHD_USD	2018-06-04	0.064828	0.067246	0.067486	0.064546	0
ETHD_USD	2018-06-03	0.067186	0.069682	0.070108	0.065408	0
ETHD_USD	2018-06-02	0.069735	0.062098	0.070402	0.061534	0
ETHD_USD	2018-06-01	0.062054	0.066362	0.068604	0.057975	0
ETHD_USD	2018-05-31	0.066368	0.072687	0.074437	0.065770	0
ETHD_USD	2018-05-30	0.072719	0.073981	0.075347	0.068160	0
ETHD_USD	2018-05-29	0.073889	0.071077	0.076479	0.070396	0
ETHD_USD	2018-05-28	0.071069	0.078314	0.080134	0.070887	0
ETHD_USD	2018-05-27	0.078241	0.074354	0.081336	0.073297	0
ETHD_USD	2018-05-26	0.074337	0.076691	0.082418	0.073393	0
ETHD_USD	2018-05-25	0.076705	0.076897	0.083928	0.071617	0
ETHD_USD	2018-05-24	0.076864	0.076572	0.078667	0.074460	0
ETHD_USD	2018-05-23	0.076630	0.083959	0.084407	0.075966	0
ETHD_USD	2018-05-22	0.083989	0.098939	0.101194	0.083083	0
ETHD_USD	2018-05-21	0.098939	0.084933	0.099360	0.081278	0
ETHD_USD	2018-05-20	0.084933	0.079804	0.086058	0.075387	0
ETHD_USD	2018-05-19	0.079804	0.085520	0.087234	0.076957	0
ETHD_USD	2018-05-18	0.085520	0.082731	0.087461	0.080924	0
ETHD_USD	2018-05-17	0.082838	0.092792	0.093289	0.081913	0
ETHD_USD	2018-05-16	0.092712	0.091983	0.092789	0.084019	0
ETHD_USD	2018-05-15	0.091984	0.098233	0.099860	0.091548	0
ETHD_USD	2018-05-14	0.098241	0.097603	0.104676	0.089176	0
ETHD_USD	2018-05-13	0.097603	0.095215	0.100151	0.089914	0
ETHD_USD	2018-05-12	0.095083	0.095547	0.097116	0.088662	0
ETHD_USD	2018-05-11	0.095547	0.111878	0.112382	0.094508	0
ETHD_USD	2018-05-10	0.111878	0.127053	0.127268	0.110717	0
ETHD_USD	2018-05-09	0.127053	0.119903	0.127172	0.112703	0
ETHD_USD	2018-05-08	0.119903	0.131774	0.131922	0.000013	0
ETHD_USD	2018-05-07	0.120262	0.128320	0.130632	0.115073	0
ETHD_USD	2018-05-06	0.128320	0.141758	0.142815	0.127116	0
ETHD_USD	2018-05-05	0.141590	0.140666	0.142214	0.137268	0
ETHD_USD	2018-05-04	0.140666	0.138379	0.141345	0.128498	0
ETHD_USD	2018-05-03	0.138379	0.123199	0.141284	0.117983	0
ETHD_USD	2018-05-02	0.123199	0.121124	0.125648	0.115510	0
ETHD_USD	2018-05-01	0.121234	0.126074	0.126109	0.112637	0
ETHD_USD	2018-04-30	0.126074	0.119455	0.128438	0.117163	0
ETHD_USD	2018-04-29	0.119455	0.111703	0.124587	0.105315	0
ETHD_USD	2018-04-28	0.111703	0.116484	0.121096	0.111640	0
ETHD_USD	2018-04-27	0.116484	0.123675	0.125199	0.112759	0
ETHD_USD	2018-04-26	0.123675	0.128739	0.129994	0.122458	0
ETHD_USD	2018-04-25	0.128739	0.141092	0.145597	0.122936	0
ETHD_USD	2018-04-24	0.141092	0.113267	0.146253	0.110048	0
ETHD_USD	2018-04-23	0.113267	0.096621	0.114769	0.096324	0
ETHD_USD	2018-04-22	0.096621	0.095650	0.108337	0.092309	0
ETHD_USD	2018-04-21	0.095650	0.091413	0.097461	0.088087	0
ETHD_USD	2018-04-20	0.091413	0.099173	0.100528	0.088695	0
ETHD_USD	2018-04-19	0.099173	0.100857	0.103472	0.093930	0
ETHD_USD	2018-04-18	0.100857	0.114644	0.117399	0.098688	0
ETHD_USD	2018-04-17	0.114644	0.114436	0.119765	0.109140	0
ETHD_USD	2018-04-16	0.114436	0.120132	0.120861	0.112847	0
ETHD_USD	2018-04-15	0.120132	0.122839	0.125484	0.118408	0
ETHD_USD	2018-04-14	0.122839	0.125236	0.130942	0.114512	0
ETHD_USD	2018-04-13	0.125236	0.125643	0.134435	0.110455	0
ETHD_USD	2018-04-12	0.125643	0.114335	0.129011	0.102944	0
ETHD_USD	2018-04-11	0.114335	0.100000	0.117267	0.094744	0
ETHD_USD	2018-04-10	0.100000	0.097093	0.106700	0.093677	0
ETHD_USD	2018-04-09	0.097134	0.103570	0.117849	0.094921	0
ETHD_USD	2018-04-08	0.103570	0.091260	0.103840	0.090620	0
ETHD_USD	2018-04-07	0.091260	0.097460	0.101798	0.076553	0
ETHD_USD	2018-04-06	0.097460	0.107648	0.108244	0.096224	0
ETHD_USD	2018-04-05	0.107648	0.110825	0.114503	0.099638	0
ETHD_USD	2018-04-04	0.110825	0.134839	0.137219	0.103195	0
ETHD_USD	2018-04-03	0.134839	0.129875	0.144714	0.127097	0
ETHD_USD	2018-04-02	0.129875	0.137360	0.143456	0.125645	0
ETHD_USD	2018-04-01	0.137360	0.132756	0.138157	0.122620	0
ETHD_USD	2018-03-31	0.132756	0.130755	0.138586	0.127338	0
ETHD_USD	2018-03-30	0.130755	0.130887	0.134904	0.119226	0
ETHD_USD	2018-03-29	0.130887	0.150282	0.152354	0.128361	0
ETHD_USD	2018-03-28	0.150282	0.155678	0.161561	0.148507	0
ETHD_USD	2018-03-27	0.155678	0.164202	0.167832	0.149411	0
ETHD_USD	2018-03-26	0.164202	0.174056	0.176501	0.157070	0
ETHD_USD	2018-03-25	0.174056	0.178420	0.182699	0.167716	0
ETHD_USD	2018-03-24	0.178420	0.170702	0.192345	0.156552	0
ETHD_USD	2018-03-23	0.170702	0.171374	0.171374	0.156077	0
ETHD_USD	2018-03-22	0.171374	0.173327	0.180580	0.164036	0
ETHD_USD	2018-03-21	0.173327	0.180945	0.183729	0.166726	0
ETHD_USD	2018-03-20	0.180945	0.174708	0.184415	0.166126	0
ETHD_USD	2018-03-19	0.174708	0.169279	0.179889	0.164024	0
ETHD_USD	2018-03-18	0.169279	0.170549	0.171626	0.156039	0
ETHD_USD	2018-03-17	0.170549	0.177488	0.186447	0.166098	0
ETHD_USD	2018-03-16	0.177488	0.192076	0.194340	0.171437	0
ETHD_USD	2018-03-15	0.192076	0.174988	0.195215	0.161508	0
ETHD_USD	2018-03-14	0.174988	0.186626	0.199835	0.169941	0
ETHD_USD	2018-03-13	0.186626	0.200958	0.208243	0.176176	0
ETHD_USD	2018-03-12	0.200958	0.225820	0.236064	0.194031	0
ETHD_USD	2018-03-11	0.225820	0.199632	0.225885	0.188708	0
ETHD_USD	2018-03-10	0.199632	0.206251	0.238569	0.197134	0
ETHD_USD	2018-03-09	0.206251	0.204482	0.212956	0.168883	0
ETHD_USD	2018-03-08	0.204482	0.203409	0.213698	0.192022	0
ETHD_USD	2018-03-07	0.203409	0.231503	0.251298	0.192304	0
ETHD_USD	2018-03-06	0.231503	0.260023	0.260023	0.230057	0
ETHD_USD	2018-03-05	0.260023	0.267952	0.271347	0.260023	0
ETHD_USD	2018-03-04	0.267952	0.255232	0.269818	0.248276	0
ETHD_USD	2018-03-03	0.255232	0.259012	0.271831	0.245915	0
ETHD_USD	2018-03-02	0.259041	0.277098	0.292099	0.249000	0
