ETT_USD	2019-04-09	0.015457	0.015642	0.015642	0.015207	0
ETT_USD	2019-04-08	0.015642	0.015422	0.015761	0.015141	0
ETT_USD	2019-04-07	0.015422	0.014936	0.015583	0.014922	0
ETT_USD	2019-04-06	0.014936	0.014948	0.015513	0.014607	0
ETT_USD	2019-04-05	0.014948	0.014508	0.015046	0.014503	0
ETT_USD	2019-04-04	0.014508	0.014637	0.014992	0.014212	0
ETT_USD	2019-04-03	0.014637	0.014499	0.015659	0.014260	0
ETT_USD	2019-04-02	0.014499	0.012345	0.014925	0.012318	0
ETT_USD	2019-04-01	0.012345	0.012253	0.012408	0.012136	0
ETT_USD	2019-03-31	0.012253	0.012245	0.012293	0.012211	0
ETT_USD	2019-03-30	0.012245	0.012286	0.012377	0.012130	0
ETT_USD	2019-03-29	0.012286	0.012032	0.012311	0.012011	0
ETT_USD	2019-03-28	0.012032	0.012061	0.012066	0.011959	0
ETT_USD	2019-03-27	0.012061	0.011735	0.012082	0.011700	0
ETT_USD	2019-03-26	0.011735	0.011672	0.011745	0.011616	0
ETT_USD	2019-03-25	0.011672	0.011882	0.011907	0.011583	0
ETT_USD	2019-03-24	0.011882	0.011946	0.011946	0.011799	0
ETT_USD	2019-03-23	0.011946	0.011903	0.011984	0.011866	0
ETT_USD	2019-03-22	0.011903	0.011892	0.011964	0.011863	0
ETT_USD	2019-03-21	0.011892	0.012134	0.012189	0.011777	0
ETT_USD	2019-03-20	0.012134	0.012076	0.012160	0.011974	0
ETT_USD	2019-03-19	0.012076	0.011977	0.012107	0.011926	0
ETT_USD	2019-03-18	0.011977	0.011963	0.012109	0.011871	0
ETT_USD	2019-03-17	0.011963	0.012024	0.012024	0.011881	0
ETT_USD	2019-03-16	0.012024	0.011769	0.012209	0.011769	0
ETT_USD	2019-03-15	0.011769	0.011613	0.011792	0.011609	0
ETT_USD	2019-03-14	0.011613	0.011607	0.011760	0.011430	0
ETT_USD	2019-03-13	0.011607	0.011625	0.011673	0.011540	0
ETT_USD	2019-03-12	0.011625	0.011618	0.011700	0.011455	0
ETT_USD	2019-03-11	0.011618	0.011758	0.011787	0.011528	0
ETT_USD	2019-03-10	0.011758	0.011805	0.011811	0.011656	0
ETT_USD	2019-03-09	0.011805	0.011585	0.011892	0.011566	0
ETT_USD	2019-03-08	0.011585	0.011656	0.011818	0.011395	0
ETT_USD	2019-03-07	0.011656	0.011617	0.011741	0.011570	0
ETT_USD	2019-03-06	0.011617	0.011613	0.011693	0.011498	0
ETT_USD	2019-03-05	0.011613	0.011172	0.011662	0.011132	0
ETT_USD	2019-03-04	0.011172	0.011421	0.011487	0.011076	0
ETT_USD	2019-03-03	0.011421	0.011504	0.011535	0.011349	0
ETT_USD	2019-03-02	0.011504	0.011516	0.011536	0.011337	0
ETT_USD	2019-03-01	0.011516	0.011453	0.011607	0.011446	0
ETT_USD	2019-02-28	0.011453	0.011468	0.011722	0.011421	0
ETT_USD	2019-02-27	0.011468	0.011461	0.011566	0.011092	0
ETT_USD	2019-02-26	0.011461	0.011536	0.011566	0.011389	0
ETT_USD	2019-02-25	0.011536	0.011269	0.011656	0.011262	0
ETT_USD	2019-02-24	0.011269	0.012384	0.012590	0.011209	0
ETT_USD	2019-02-23	0.012384	0.011951	0.012510	0.011804	0
ETT_USD	2019-02-22	0.011951	0.011789	0.011977	0.011735	0
ETT_USD	2019-02-21	0.011789	0.011938	0.012117	0.011690	0
ETT_USD	2019-02-20	0.011938	0.011735	0.011956	0.011666	0
ETT_USD	2019-02-19	0.011735	0.011698	0.011999	0.011593	0
ETT_USD	2019-02-18	0.011698	0.010983	0.011786	0.010950	0
ETT_USD	2019-02-17	0.010983	0.010809	0.011123	0.010787	0
ETT_USD	2019-02-16	0.010809	0.010773	0.010946	0.010772	0
ETT_USD	2019-02-15	0.010773	0.010753	0.010926	0.010716	0
ETT_USD	2019-02-14	0.010753	0.010787	0.010823	0.010710	0
ETT_USD	2019-02-13	0.010787	0.010861	0.010982	0.010732	0
ETT_USD	2019-02-12	0.010861	0.010822	0.010948	0.010717	0
ETT_USD	2019-02-11	0.010822	0.011016	0.011024	0.010809	0
ETT_USD	2019-02-10	0.011016	0.010932	0.011019	0.010783	0
ETT_USD	2019-02-09	0.010932	0.010949	0.010991	0.010860	0
ETT_USD	2019-02-08	0.010949	0.010102	0.011153	0.010078	0
ETT_USD	2019-02-07	0.010102	0.010149	0.010179	0.010087	0
ETT_USD	2019-02-06	0.010149	0.010325	0.010352	0.010065	0
ETT_USD	2019-02-05	0.010325	0.010262	0.010337	0.010219	0
ETT_USD	2019-02-04	0.010262	0.010295	0.010347	0.010218	0
ETT_USD	2019-02-03	0.010295	0.010464	0.010486	0.010205	0
ETT_USD	2019-02-02	0.010464	0.010401	0.010502	0.010293	0
ETT_USD	2019-02-01	0.010401	0.010298	0.010450	0.010190	0
ETT_USD	2019-01-31	0.010298	0.010377	0.010488	0.010238	0
ETT_USD	2019-01-30	0.010377	0.010225	0.010426	0.010149	0
ETT_USD	2019-01-29	0.010225	0.010293	0.010327	0.010064	0
ETT_USD	2019-01-28	0.010293	0.010576	0.010578	0.010162	0
ETT_USD	2019-01-27	0.010576	0.010681	0.010709	0.010418	0
ETT_USD	2019-01-26	0.010681	0.010669	0.010972	0.010658	0
ETT_USD	2019-01-25	0.010669	0.010737	0.010770	0.010570	0
ETT_USD	2019-01-24	0.010737	0.010642	0.010784	0.010554	0
ETT_USD	2019-01-23	0.010642	0.010699	0.010795	0.010561	0
ETT_USD	2019-01-22	0.010699	0.010528	0.010808	0.010296	0
ETT_USD	2019-01-21	0.010528	0.010543	0.010601	0.010446	0
ETT_USD	2019-01-20	0.010543	0.011069	0.011160	0.010431	0
ETT_USD	2019-01-19	0.011069	0.010807	0.011316	0.010801	0
ETT_USD	2019-01-18	0.010807	0.010938	0.010948	0.010742	0
ETT_USD	2019-01-17	0.010938	0.010794	0.010944	0.010642	0
ETT_USD	2019-01-16	0.010794	0.010749	0.010976	0.010710	0
ETT_USD	2019-01-15	0.010749	0.011022	0.011096	0.010683	0
ETT_USD	2019-01-14	0.011022	0.015157	0.015255	0.010027	0
ETT_USD	2019-01-13	0.015157	0.015457	0.015694	0.015074	0
ETT_USD	2019-01-12	0.015457	0.014024	0.017193	0.013526	0
ETT_USD	2019-01-11	0.014024	0.012549	0.017377	0.011813	0
ETT_USD	2019-01-10	0.012549	0.012903	0.013239	0.012177	0
ETT_USD	2019-01-09	0.012903	0.017504	0.018987	0.012257	0
ETT_USD	2019-01-08	0.017504	0.017381	0.018610	0.013095	0
ETT_USD	2019-01-07	0.017381	0.020607	0.021679	0.017339	0
ETT_USD	2019-01-06	0.020607	0.016332	0.032818	0.015663	0
ETT_USD	2019-01-05	0.016332	0.011931	0.016592	0.011515	0
ETT_USD	2019-01-04	0.011931	0.011938	0.012017	0.011676	0
ETT_USD	2019-01-03	0.011938	0.013001	0.013018	0.011925	0
ETT_USD	2019-01-02	0.013001	0.016347	0.016420	0.010814	0
ETT_USD	2019-01-01	0.016347	0.012947	0.017058	0.011333	0
ETT_USD	2018-12-31	0.012947	0.022188	0.022245	0.010340	0
ETT_USD	2018-12-30	0.022188	0.023471	0.024220	0.021558	0
ETT_USD	2018-12-29	0.023471	0.024564	0.024861	0.023266	0
ETT_USD	2018-12-28	0.024564	0.025328	0.027553	0.023466	0
ETT_USD	2018-12-27	0.025328	0.021929	0.031418	0.021303	0
ETT_USD	2018-12-26	0.021929	0.012770	0.022014	0.012180	0
ETT_USD	2018-12-25	0.012770	0.009243	0.021974	0.006832	0
ETT_USD	2018-12-24	0.009243	0.009526	0.010934	0.007311	0
ETT_USD	2018-12-23	0.009526	0.006168	0.011583	0.006086	0
ETT_USD	2018-12-22	0.006168	0.007229	0.007286	0.005803	0
ETT_USD	2018-12-21	0.007229	0.006912	0.007700	0.006629	0
ETT_USD	2018-12-20	0.006912	0.005982	0.007930	0.005938	0
ETT_USD	2018-12-19	0.005982	0.005612	0.007352	0.004735	0
ETT_USD	2018-12-18	0.005612	0.003988	0.006009	0.003678	0
ETT_USD	2018-12-17	0.003988	0.003597	0.004013	0.003525	0
ETT_USD	2018-12-16	0.003597	0.003336	0.003669	0.003198	0
ETT_USD	2018-12-15	0.003336	0.003265	0.003487	0.003204	0
ETT_USD	2018-12-14	0.003265	0.003385	0.003489	0.003215	0
ETT_USD	2018-12-13	0.003385	0.003732	0.003908	0.003381	0
ETT_USD	2018-12-12	0.003732	0.003696	0.005745	0.003409	0
ETT_USD	2018-12-11	0.003763	0.004036	0.004046	0.003753	0
ETT_USD	2018-12-10	0.004036	0.004229	0.004254	0.003962	0
ETT_USD	2018-12-09	0.004229	0.004137	0.004381	0.004007	0
ETT_USD	2018-12-08	0.004137	0.004150	0.004669	0.003914	0
ETT_USD	2018-12-07	0.004150	0.004124	0.004531	0.003350	0
ETT_USD	2018-12-06	0.004124	0.005142	0.006657	0.003432	0
ETT_USD	2018-12-05	0.005142	0.006431	0.007468	0.005142	0
ETT_USD	2018-12-04	0.006431	0.007493	0.007999	0.006382	0
ETT_USD	2018-12-03	0.007493	0.008444	0.008482	0.007484	0
ETT_USD	2018-12-02	0.008444	0.008592	0.008815	0.008378	0
ETT_USD	2018-12-01	0.008592	0.008177	0.008786	0.008058	0
ETT_USD	2018-11-30	0.008177	0.008516	0.008824	0.008032	0
ETT_USD	2018-11-29	0.008516	0.008720	0.009101	0.008275	0
ETT_USD	2018-11-28	0.008720	0.007769	0.009039	0.007769	0
ETT_USD	2018-11-27	0.007769	0.008697	0.008738	0.007134	0
ETT_USD	2018-11-26	0.008697	0.011124	0.011572	0.008177	0
ETT_USD	2018-11-25	0.011124	0.006780	0.011349	0.006263	0
ETT_USD	2018-11-24	0.006780	0.008248	0.008534	0.005908	0
ETT_USD	2018-11-23	0.008248	0.009311	0.009590	0.008196	0
ETT_USD	2018-11-22	0.009311	0.009249	0.009990	0.008285	0
ETT_USD	2018-11-21	0.009249	0.009086	0.009449	0.008771	0
ETT_USD	2018-11-20	0.009086	0.009678	0.010402	0.008361	0
ETT_USD	2018-11-19	0.009678	0.011630	0.011630	0.009678	0
ETT_USD	2018-11-18	0.011630	0.011675	0.011853	0.011564	0
ETT_USD	2018-11-17	0.011675	0.011972	0.011972	0.011591	0
ETT_USD	2018-11-16	0.011972	0.011877	0.011972	0.010977	0
ETT_USD	2018-11-15	0.011877	0.012181	0.012222	0.011237	0
ETT_USD	2018-11-14	0.012181	0.014836	0.015953	0.011894	0
ETT_USD	2018-11-13	0.014836	0.015988	0.016335	0.014836	0
ETT_USD	2018-11-12	0.015988	0.016343	0.016394	0.015206	0
ETT_USD	2018-11-11	0.016343	0.017042	0.017053	0.015922	0
ETT_USD	2018-11-10	0.017042	0.017142	0.017377	0.016965	0
ETT_USD	2018-11-09	0.017142	0.017009	0.017301	0.016640	0
ETT_USD	2018-11-08	0.017009	0.019094	0.019149	0.014839	0
ETT_USD	2018-11-07	0.019094	0.019513	0.019821	0.017925	0
ETT_USD	2018-11-06	0.019513	0.016822	0.020038	0.016822	0
ETT_USD	2018-11-05	0.016822	0.019909	0.032297	0.016704	0
ETT_USD	2018-11-04	0.019909	0.016161	0.039249	0.016059	0
ETT_USD	2018-11-03	0.016161	0.016839	0.016971	0.016148	0
ETT_USD	2018-11-02	0.016839	0.016863	0.017149	0.016628	0
ETT_USD	2018-11-01	0.016863	0.018818	0.019177	0.016790	0
ETT_USD	2018-10-31	0.018818	0.018832	0.021626	0.016939	0
ETT_USD	2018-10-30	0.018832	0.017351	0.043103	0.017216	0
ETT_USD	2018-10-29	0.017351	0.014473	0.017448	0.014390	0
ETT_USD	2018-10-28	0.014473	0.014885	0.015387	0.014473	0
ETT_USD	2018-10-27	0.014885	0.018811	0.021450	0.014255	0
ETT_USD	2018-10-26	0.018811	0.023958	0.024058	0.017058	0
ETT_USD	2018-10-25	0.023958	0.023300	0.024136	0.023266	0
ETT_USD	2018-10-24	0.023300	0.023154	0.024317	0.022896	0
ETT_USD	2018-10-23	0.023154	0.023379	0.023618	0.022050	0
ETT_USD	2018-10-22	0.023379	0.021543	0.023396	0.021416	0
ETT_USD	2018-10-21	0.021543	0.021535	0.021762	0.021529	0
ETT_USD	2018-10-20	0.021535	0.021409	0.021709	0.021357	0
ETT_USD	2018-10-19	0.021409	0.023246	0.023421	0.021409	0
ETT_USD	2018-10-18	0.023246	0.022057	0.023954	0.021771	0
ETT_USD	2018-10-17	0.022057	0.021659	0.022278	0.021593	0
ETT_USD	2018-10-16	0.021659	0.021608	0.022089	0.021409	0
ETT_USD	2018-10-15	0.021608	0.020266	0.024018	0.020160	0
ETT_USD	2018-10-14	0.020266	0.021636	0.021692	0.020266	0
ETT_USD	2018-10-13	0.021636	0.022827	0.025604	0.021636	0
ETT_USD	2018-10-12	0.022827	0.026179	0.026734	0.022827	0
ETT_USD	2018-10-11	0.026179	0.027714	0.027748	0.024833	0
ETT_USD	2018-10-10	0.027714	0.027985	0.030917	0.027425	0
ETT_USD	2018-10-09	0.027985	0.028061	0.028090	0.027756	0
ETT_USD	2018-10-08	0.028061	0.025777	0.028200	0.025718	0
ETT_USD	2018-10-07	0.025777	0.025741	0.025905	0.025520	0
ETT_USD	2018-10-06	0.025741	0.025948	0.025961	0.025632	0
ETT_USD	2018-10-05	0.025948	0.025695	0.026026	0.025570	0
ETT_USD	2018-10-04	0.025695	0.025395	0.025902	0.025380	0
ETT_USD	2018-10-03	0.025395	0.025532	0.025588	0.025113	0
ETT_USD	2018-10-02	0.025532	0.025776	0.025902	0.025437	0
ETT_USD	2018-10-01	0.025776	0.025847	0.026006	0.025465	0
ETT_USD	2018-09-30	0.025847	0.025791	0.025993	0.025507	0
ETT_USD	2018-09-29	0.025791	0.025910	0.025910	0.025250	0
ETT_USD	2018-09-28	0.025910	0.026120	0.026652	0.025560	0
ETT_USD	2018-09-27	0.026120	0.025235	0.026270	0.025152	0
ETT_USD	2018-09-26	0.025235	0.025128	0.025583	0.024937	0
ETT_USD	2018-09-25	0.025128	0.025715	0.025715	0.024802	0
ETT_USD	2018-09-24	0.025715	0.026207	0.026248	0.025598	0
ETT_USD	2018-09-23	0.026207	0.026258	0.026488	0.026031	0
ETT_USD	2018-09-22	0.026258	0.026446	0.026712	0.025943	0
ETT_USD	2018-09-21	0.026446	0.025384	0.026475	0.025367	0
ETT_USD	2018-09-20	0.025384	0.024960	0.025480	0.024825	0
ETT_USD	2018-09-19	0.024960	0.024768	0.025260	0.023875	0
ETT_USD	2018-09-18	0.024768	0.024425	0.024923	0.024328	0
ETT_USD	2018-09-17	0.024425	0.025376	0.025506	0.024262	0
ETT_USD	2018-09-16	0.025376	0.025461	0.025461	0.024915	0
ETT_USD	2018-09-15	0.025461	0.025333	0.025652	0.025280	0
ETT_USD	2018-09-14	0.025333	0.025287	0.025719	0.024887	0
ETT_USD	2018-09-13	0.025287	0.024745	0.025474	0.024734	0
ETT_USD	2018-09-12	0.024745	0.024562	0.024797	0.024223	0
ETT_USD	2018-09-11	0.024562	0.024633	0.024934	0.024133	0
ETT_USD	2018-09-10	0.024633	0.024366	0.024782	0.024366	0
ETT_USD	2018-09-09	0.024366	0.024152	0.025060	0.024039	0
ETT_USD	2018-09-08	0.024152	0.025008	0.025285	0.023977	0
ETT_USD	2018-09-07	0.025008	0.025437	0.025512	0.024700	0
ETT_USD	2018-09-06	0.025437	0.026179	0.026243	0.024645	0
ETT_USD	2018-09-05	0.026179	0.028737	0.028877	0.026164	0
ETT_USD	2018-09-04	0.028737	0.028389	0.028937	0.028297	0
ETT_USD	2018-09-03	0.028389	0.028469	0.028649	0.028117	0
ETT_USD	2018-09-02	0.028469	0.028106	0.028690	0.027871	0
ETT_USD	2018-09-01	0.028106	0.027439	0.028352	0.027415	0
ETT_USD	2018-08-31	0.027439	0.027312	0.027663	0.026925	0
ETT_USD	2018-08-30	0.027312	0.027517	0.027569	0.026579	0
ETT_USD	2018-08-29	0.027517	0.027641	0.027833	0.027054	0
ETT_USD	2018-08-28	0.027641	0.026956	0.027831	0.026835	0
ETT_USD	2018-08-27	0.026956	0.026197	0.026988	0.026005	0
ETT_USD	2018-08-26	0.026197	0.026316	0.026480	0.025699	0
ETT_USD	2018-08-25	0.026316	0.026141	0.026523	0.026047	0
ETT_USD	2018-08-24	0.026141	0.025489	0.026261	0.025237	0
ETT_USD	2018-08-23	0.025489	0.024816	0.025639	0.024799	0
ETT_USD	2018-08-22	0.024816	0.025301	0.026814	0.024418	0
ETT_USD	2018-08-21	0.025301	0.024426	0.025380	0.024406	0
ETT_USD	2018-08-20	0.024426	0.025325	0.025463	0.024329	0
ETT_USD	2018-08-19	0.025325	0.024956	0.025537	0.024638	0
ETT_USD	2018-08-18	0.024956	0.025729	0.025813	0.024620	0
ETT_USD	2018-08-17	0.025729	0.024647	0.025729	0.024574	0
ETT_USD	2018-08-16	0.024647	0.024485	0.025272	0.024314	0
ETT_USD	2018-08-15	0.024485	0.024156	0.025825	0.024141	0
ETT_USD	2018-08-14	0.024156	0.024414	0.024414	0.022986	0
ETT_USD	2018-08-13	0.024414	0.024656	0.025525	0.024055	0
ETT_USD	2018-08-12	0.024656	0.024303	0.025187	0.024112	0
ETT_USD	2018-08-11	0.024303	0.023992	0.025218	0.023469	0
ETT_USD	2018-08-10	0.023992	0.025496	0.025670	0.023500	0
ETT_USD	2018-08-09	0.025496	0.024515	0.025857	0.024170	0
ETT_USD	2018-08-08	0.024515	0.026233	0.026233	0.023949	0
ETT_USD	2018-08-07	0.026233	0.027092	0.027921	0.026092	0
ETT_USD	2018-08-06	0.027092	0.027462	0.027903	0.026753	0
ETT_USD	2018-08-05	0.027462	0.027358	0.027685	0.026908	0
ETT_USD	2018-08-04	0.027358	0.028960	0.029242	0.027061	0
ETT_USD	2018-08-03	0.028960	0.029425	0.029425	0.028443	0
ETT_USD	2018-08-02	0.029425	0.029716	0.030069	0.029137	0
ETT_USD	2018-08-01	0.029716	0.030244	0.030283	0.029072	0
ETT_USD	2018-07-31	0.030244	0.031909	0.031928	0.029952	0
ETT_USD	2018-07-30	0.031909	0.032107	0.032319	0.030715	0
ETT_USD	2018-07-29	0.032107	0.031935	0.032317	0.031721	0
ETT_USD	2018-07-27	0.032200	0.032200	0.032200	0.032200	0
ETT_USD	2018-07-26	0.032200	0.031934	0.032430	0.031924	0
ETT_USD	2018-07-25	0.031934	0.032853	0.033136	0.031533	0
ETT_USD	2018-07-24	0.032853	0.030121	0.033085	0.030040	0
ETT_USD	2018-07-23	0.030121	0.028903	0.030383	0.028796	0
ETT_USD	2018-07-22	0.028903	0.028910	0.029537	0.028689	0
ETT_USD	2018-07-21	0.028910	0.028633	0.029078	0.028198	0
ETT_USD	2018-07-20	0.028633	0.029184	0.029994	0.028428	0
ETT_USD	2018-07-19	0.029184	0.028765	0.029507	0.028450	0
ETT_USD	2018-07-18	0.028765	0.028584	0.029599	0.028311	0
ETT_USD	2018-07-17	0.028584	0.026305	0.029143	0.026036	0
ETT_USD	2018-07-16	0.026305	0.024784	0.026351	0.024726	0
ETT_USD	2018-07-15	0.024784	0.024406	0.024946	0.024341	0
ETT_USD	2018-07-14	0.024406	0.024289	0.024612	0.024132	0
ETT_USD	2018-07-13	0.024289	0.024333	0.024715	0.023994	0
ETT_USD	2018-07-12	0.024333	0.024905	0.024905	0.023747	0
ETT_USD	2018-07-11	0.024905	0.024605	0.024971	0.024563	0
ETT_USD	2018-07-10	0.024605	0.026007	0.026086	0.024524	0
ETT_USD	2018-07-09	0.026007	0.026195	0.026537	0.025915	0
ETT_USD	2018-07-08	0.026195	0.026405	0.026518	0.026092	0
ETT_USD	2018-07-07	0.026405	0.025778	0.026656	0.025430	0
ETT_USD	2018-07-06	0.025778	0.025540	0.025890	0.025198	0
ETT_USD	2018-07-05	0.025540	0.025734	0.026153	0.025228	0
ETT_USD	2018-07-04	0.025734	0.025382	0.026218	0.025062	0
ETT_USD	2018-07-03	0.025382	0.025841	0.026045	0.000340	0
ETT_USD	2018-07-02	0.025841	0.024793	0.026063	0.000000	0
ETT_USD	2018-07-01	0.024795	0.024959	0.025116	0.024486	0
ETT_USD	2018-06-30	0.024959	0.024223	0.025446	0.024223	0
ETT_USD	2018-06-29	0.024243	0.022842	0.024496	0.022649	0
ETT_USD	2018-06-28	0.022878	0.023952	0.024073	0.022766	0
ETT_USD	2018-06-27	0.023950	0.023688	0.024130	0.023386	0
ETT_USD	2018-06-26	0.023763	0.024409	0.024498	0.023636	0
ETT_USD	2018-06-25	0.024393	0.024000	0.024660	0.023750	0
ETT_USD	2018-06-24	0.024008	0.024055	0.024362	0.022547	0
ETT_USD	2018-06-23	0.024023	0.023596	0.024402	0.023491	0
ETT_USD	2018-06-22	0.023596	0.026218	0.026283	0.023182	0
ETT_USD	2018-06-21	0.026216	0.026398	0.026499	0.026128	0
ETT_USD	2018-06-20	0.026399	0.026290	0.026598	0.025619	0
ETT_USD	2018-06-19	0.026320	0.026208	0.026662	0.026045	0
ETT_USD	2018-06-18	0.026199	0.025160	0.026500	0.024945	0
ETT_USD	2018-06-17	0.025140	0.025332	0.025656	0.025097	0
ETT_USD	2018-06-16	0.025327	0.024933	0.025576	0.024719	0
ETT_USD	2018-06-15	0.024922	0.025936	0.025936	0.024837	0
ETT_USD	2018-06-14	0.025887	0.024582	0.026155	0.024494	0
ETT_USD	2018-06-13	0.024568	0.025554	0.025795	0.023929	0
ETT_USD	2018-06-12	0.025548	0.026829	0.026829	0.025152	0
ETT_USD	2018-06-11	0.026842	0.026389	0.026933	0.025924	0
ETT_USD	2018-06-10	0.026359	0.029282	0.029282	0.025935	0
ETT_USD	2018-06-09	0.029274	0.029738	0.030010	0.029176	0
ETT_USD	2018-06-08	0.029737	0.030013	0.030055	0.029459	0
ETT_USD	2018-06-07	0.030025	0.029889	0.030287	0.029857	0
ETT_USD	2018-06-06	0.029887	0.029788	0.030051	0.029269	0
ETT_USD	2018-06-05	0.029763	0.029245	0.029957	0.028791	0
ETT_USD	2018-06-04	0.029266	0.030166	0.030291	0.029123	0
ETT_USD	2018-06-03	0.030139	0.029804	0.030364	0.029679	0
ETT_USD	2018-06-02	0.029827	0.029393	0.030027	0.029109	0
ETT_USD	2018-06-01	0.029370	0.029232	0.029677	0.028706	0
ETT_USD	2018-05-31	0.029235	0.029377	0.030275	0.028971	0
ETT_USD	2018-05-30	0.029390	0.029749	0.030116	0.029013	0
ETT_USD	2018-05-29	0.029714	0.028239	0.029970	0.028018	0
ETT_USD	2018-05-28	0.028222	0.029298	0.029572	0.028101	0
ETT_USD	2018-05-27	0.029285	0.031075	0.031079	0.028558	0
ETT_USD	2018-05-26	0.031068	0.032585	0.033390	0.028644	0
ETT_USD	2018-05-25	0.032591	0.032691	0.033520	0.031512	0
ETT_USD	2018-05-24	0.032828	0.037292	0.038234	0.029903	0
ETT_USD	2018-05-23	0.037395	0.040963	0.041181	0.037161	0
ETT_USD	2018-05-22	0.040977	0.044034	0.044063	0.040741	0
ETT_USD	2018-05-21	0.044034	0.045215	0.045331	0.043710	0
ETT_USD	2018-05-20	0.045215	0.043589	0.045447	0.043285	0
ETT_USD	2018-05-19	0.043589	0.046797	0.048793	0.039218	0
ETT_USD	2018-05-18	0.046797	0.049864	0.055196	0.045893	0
ETT_USD	2018-05-17	0.050090	0.039529	0.063055	0.039234	0
ETT_USD	2018-05-16	0.039495	0.039367	0.039545	0.037683	0
ETT_USD	2018-05-15	0.039367	0.037135	0.040897	0.036948	0
ETT_USD	2018-05-14	0.037138	0.036254	0.037955	0.034197	0
ETT_USD	2018-05-13	0.036254	0.040298	0.040540	0.035462	0
ETT_USD	2018-05-12	0.040206	0.038563	0.041022	0.036034	0
ETT_USD	2018-05-11	0.038563	0.045815	0.045815	0.037554	0
ETT_USD	2018-05-10	0.045815	0.047336	0.047701	0.045736	0
ETT_USD	2018-05-09	0.047336	0.047713	0.047779	0.046650	0
ETT_USD	2018-05-08	0.047744	0.048666	0.048831	0.000005	0
ETT_USD	2018-05-07	0.049029	0.050324	0.050450	0.046780	0
ETT_USD	2018-05-06	0.050324	0.051396	0.051922	0.049258	0
ETT_USD	2018-05-05	0.051335	0.050481	0.051977	0.050368	0
ETT_USD	2018-05-04	0.050481	0.053613	0.054523	0.050125	0
ETT_USD	2018-05-03	0.053613	0.053288	0.055972	0.049986	0
ETT_USD	2018-05-02	0.053288	0.049955	0.054463	0.049689	0
ETT_USD	2018-05-01	0.050000	0.050060	0.050187	0.048139	0
ETT_USD	2018-04-30	0.050060	0.051974	0.052121	0.049544	0
ETT_USD	2018-04-29	0.051974	0.052302	0.053537	0.051421	0
ETT_USD	2018-04-28	0.052302	0.050496	0.053302	0.050173	0
ETT_USD	2018-04-27	0.050496	0.049777	0.052814	0.048913	0
ETT_USD	2018-04-26	0.049777	0.051256	0.052972	0.048940	0
ETT_USD	2018-04-25	0.051256	0.056022	0.056629	0.050729	0
ETT_USD	2018-04-24	0.056152	0.051672	0.056529	0.051572	0
ETT_USD	2018-04-23	0.051672	0.061070	0.061187	0.051161	0
ETT_USD	2018-04-22	0.061070	0.064940	0.065259	0.058555	0
ETT_USD	2018-04-21	0.064940	0.065466	0.066411	0.063222	0
ETT_USD	2018-04-20	0.065466	0.055068	0.065949	0.053744	0
ETT_USD	2018-04-19	0.055068	0.058718	0.065596	0.052714	0
ETT_USD	2018-04-18	0.058718	0.041542	0.061116	0.041463	0
ETT_USD	2018-04-17	0.041542	0.042254	0.042786	0.041210	0
ETT_USD	2018-04-16	0.042254	0.044752	0.045008	0.041482	0
ETT_USD	2018-04-15	0.044752	0.046029	0.046706	0.042698	0
ETT_USD	2018-04-14	0.046029	0.043689	0.046423	0.041863	0
ETT_USD	2018-04-13	0.043689	0.041301	0.044176	0.040854	0
ETT_USD	2018-04-12	0.041301	0.039153	0.045154	0.037931	0
ETT_USD	2018-04-11	0.039153	0.045109	0.046995	0.039122	0
ETT_USD	2018-04-10	0.045109	0.047262	0.047342	0.041832	0
ETT_USD	2018-04-09	0.047313	0.050260	0.050397	0.043622	0
ETT_USD	2018-04-08	0.050260	0.049074	0.051433	0.045744	0
ETT_USD	2018-04-07	0.049074	0.047821	0.051561	0.046254	0
ETT_USD	2018-04-06	0.047821	0.049631	0.050730	0.043833	0
ETT_USD	2018-04-05	0.049631	0.053444	0.060096	0.049598	0
ETT_USD	2018-04-04	0.053444	0.053684	0.058398	0.048901	0
ETT_USD	2018-04-03	0.053684	0.040059	0.064420	0.037408	0
ETT_USD	2018-04-02	0.040059	0.037149	0.055388	0.035954	0
ETT_USD	2018-04-01	0.037149	0.037154	0.038464	0.034363	0
ETT_USD	2018-03-31	0.037154	0.037964	0.040083	0.035242	0
ETT_USD	2018-03-30	0.037964	0.039468	0.040776	0.035688	0
ETT_USD	2018-03-29	0.039468	0.044231	0.048276	0.037640	0
ETT_USD	2018-03-28	0.044231	0.046003	0.047347	0.042843	0
ETT_USD	2018-03-27	0.046003	0.057727	0.058428	0.045194	0
ETT_USD	2018-03-26	0.057727	0.066168	0.069812	0.055647	0
ETT_USD	2018-03-25	0.066168	0.053462	0.084436	0.050311	0
ETT_USD	2018-03-24	0.053462	0.058043	0.058948	0.053462	0
ETT_USD	2018-03-23	0.058043	0.048640	0.061457	0.046393	0
ETT_USD	2018-03-22	0.048640	0.052554	0.052735	0.047270	0
ETT_USD	2018-03-21	0.052554	0.051197	0.053917	0.050486	0
ETT_USD	2018-03-20	0.051197	0.052245	0.053064	0.048645	0
ETT_USD	2018-03-19	0.052245	0.052897	0.055454	0.044900	0
ETT_USD	2018-03-18	0.052897	0.045412	0.053731	0.042776	0
ETT_USD	2018-03-17	0.045412	0.047512	0.047957	0.043922	0
ETT_USD	2018-03-16	0.047512	0.053694	0.054180	0.046834	0
ETT_USD	2018-03-15	0.053694	0.051809	0.054322	0.048230	0
ETT_USD	2018-03-14	0.051809	0.063351	0.065750	0.049704	0
ETT_USD	2018-03-13	0.063351	0.058413	0.064852	0.057948	0
ETT_USD	2018-03-12	0.058413	0.063243	0.064627	0.056778	0
ETT_USD	2018-03-11	0.063243	0.057000	0.065511	0.053545	0
ETT_USD	2018-03-10	0.057000	0.074129	0.075749	0.050032	0
ETT_USD	2018-03-09	0.074129	0.074856	0.075829	0.067307	0
ETT_USD	2018-03-08	0.074856	0.079595	0.081089	0.072992	0
ETT_USD	2018-03-07	0.079595	0.085782	0.087075	0.065808	0
ETT_USD	2018-03-06	0.085782	0.094601	0.094601	0.084868	0
ETT_USD	2018-03-05	0.094601	0.095742	0.096914	0.094601	0
ETT_USD	2018-03-04	0.095742	0.097027	0.097663	0.089165	0
ETT_USD	2018-03-03	0.097027	0.102965	0.115769	0.095391	0
ETT_USD	2018-03-02	0.102965	0.102764	0.104380	0.098610	0
