EXY_USD	2019-04-09	0.03388	0.03429	0.03429	0.03334	0
EXY_USD	2019-04-08	0.03429	0.03381	0.03455	0.03319	0
EXY_USD	2019-04-07	0.03381	0.03274	0.03416	0.03271	0
EXY_USD	2019-04-06	0.03274	0.03277	0.03401	0.03202	0
EXY_USD	2019-04-05	0.03277	0.03181	0.03298	0.03179	0
EXY_USD	2019-04-04	0.03181	0.03209	0.03286	0.03116	0
EXY_USD	2019-04-03	0.03209	0.03178	0.03433	0.03126	0
EXY_USD	2019-04-02	0.03178	0.02706	0.03272	0.02700	0
EXY_USD	2019-04-01	0.02706	0.02686	0.02720	0.02660	0
EXY_USD	2019-03-31	0.02686	0.02684	0.02695	0.02677	0
EXY_USD	2019-03-30	0.02684	0.02693	0.02713	0.02659	0
EXY_USD	2019-03-29	0.02693	0.02638	0.02699	0.02633	0
EXY_USD	2019-03-28	0.02638	0.02644	0.02645	0.02622	0
EXY_USD	2019-03-27	0.02644	0.02573	0.02649	0.02565	0
EXY_USD	2019-03-26	0.02573	0.02559	0.02575	0.02546	0
EXY_USD	2019-03-25	0.02559	0.02605	0.02610	0.02539	0
EXY_USD	2019-03-24	0.02605	0.02619	0.02619	0.02586	0
EXY_USD	2019-03-23	0.02619	0.02609	0.02627	0.02601	0
EXY_USD	2019-03-22	0.02609	0.02607	0.02623	0.02601	0
EXY_USD	2019-03-21	0.02607	0.02660	0.02672	0.02582	0
EXY_USD	2019-03-20	0.02660	0.02647	0.02666	0.02625	0
EXY_USD	2019-03-19	0.02647	0.02626	0.02654	0.02614	0
EXY_USD	2019-03-18	0.02626	0.02622	0.02654	0.02602	0
EXY_USD	2019-03-17	0.02622	0.02636	0.02636	0.02605	0
EXY_USD	2019-03-16	0.02636	0.02580	0.02676	0.02580	0
EXY_USD	2019-03-15	0.02580	0.02546	0.02585	0.02545	0
EXY_USD	2019-03-14	0.02546	0.02543	0.02578	0.02506	0
EXY_USD	2019-03-13	0.02544	0.02548	0.02559	0.02530	0
EXY_USD	2019-03-12	0.02548	0.02547	0.02565	0.02511	0
EXY_USD	2019-03-11	0.02547	0.02578	0.02584	0.02527	0
EXY_USD	2019-03-10	0.02578	0.02588	0.02589	0.02555	0
EXY_USD	2019-03-09	0.02588	0.02540	0.02607	0.02535	0
EXY_USD	2019-03-08	0.02540	0.02555	0.02591	0.02498	0
EXY_USD	2019-03-07	0.02555	0.02547	0.02574	0.02536	0
EXY_USD	2019-03-06	0.02547	0.02546	0.02563	0.02521	0
EXY_USD	2019-03-05	0.02546	0.02449	0.02557	0.02440	0
EXY_USD	2019-03-04	0.02449	0.02504	0.02518	0.02428	0
EXY_USD	2019-03-03	0.02504	0.02522	0.02529	0.02488	0
EXY_USD	2019-03-02	0.02522	0.02524	0.02529	0.02485	0
EXY_USD	2019-03-01	0.02524	0.02511	0.02544	0.02509	0
EXY_USD	2019-02-28	0.02511	0.02514	0.02570	0.02504	0
EXY_USD	2019-02-27	0.02514	0.02512	0.02535	0.02432	0
EXY_USD	2019-02-26	0.02512	0.02529	0.02535	0.02497	0
EXY_USD	2019-02-25	0.02529	0.02470	0.02555	0.02469	0
EXY_USD	2019-02-24	0.02470	0.02715	0.02760	0.02457	0
EXY_USD	2019-02-23	0.02715	0.02620	0.02742	0.02588	0
EXY_USD	2019-02-22	0.02620	0.02584	0.02626	0.02572	0
EXY_USD	2019-02-21	0.02584	0.02617	0.02656	0.02563	0
EXY_USD	2019-02-20	0.02617	0.02572	0.02621	0.02557	0
EXY_USD	2019-02-19	0.02572	0.02564	0.02630	0.02541	0
EXY_USD	2019-02-18	0.02564	0.02408	0.02584	0.02400	0
EXY_USD	2019-02-17	0.02408	0.02369	0.02438	0.02365	0
EXY_USD	2019-02-16	0.02369	0.02362	0.02400	0.02361	0
EXY_USD	2019-02-15	0.02362	0.02357	0.02395	0.02349	0
EXY_USD	2019-02-14	0.02357	0.02365	0.02373	0.02348	0
EXY_USD	2019-02-13	0.02365	0.02381	0.02407	0.02353	0
EXY_USD	2019-02-12	0.02381	0.02372	0.02400	0.02349	0
EXY_USD	2019-02-11	0.02372	0.02415	0.02417	0.02369	0
EXY_USD	2019-02-10	0.02415	0.02396	0.02415	0.02364	0
EXY_USD	2019-02-09	0.02396	0.02400	0.02409	0.02381	0
EXY_USD	2019-02-08	0.02400	0.02215	0.02445	0.02209	0
EXY_USD	2019-02-07	0.02215	0.02225	0.02231	0.02211	0
EXY_USD	2019-02-06	0.02225	0.02264	0.02269	0.02206	0
EXY_USD	2019-02-05	0.02264	0.02250	0.02266	0.02240	0
EXY_USD	2019-02-04	0.02250	0.02257	0.02268	0.02240	0
EXY_USD	2019-02-03	0.02257	0.02294	0.02299	0.02237	0
EXY_USD	2019-02-02	0.02294	0.02280	0.02302	0.02256	0
EXY_USD	2019-02-01	0.02280	0.02258	0.02291	0.02234	0
EXY_USD	2019-01-31	0.02258	0.02275	0.02299	0.02244	0
EXY_USD	2019-01-30	0.02275	0.02242	0.02286	0.02225	0
EXY_USD	2019-01-29	0.02242	0.02256	0.02264	0.02206	0
EXY_USD	2019-01-28	0.02256	0.02318	0.02319	0.02228	0
EXY_USD	2019-01-27	0.02318	0.02341	0.02347	0.02284	0
EXY_USD	2019-01-26	0.02341	0.02339	0.02405	0.02336	0
EXY_USD	2019-01-25	0.02339	0.02354	0.02361	0.02317	0
EXY_USD	2019-01-24	0.02354	0.02333	0.02364	0.02314	0
EXY_USD	2019-01-23	0.02333	0.02345	0.02366	0.02315	0
EXY_USD	2019-01-22	0.02345	0.02308	0.02369	0.02257	0
EXY_USD	2019-01-21	0.02308	0.02311	0.02324	0.02290	0
EXY_USD	2019-01-20	0.02311	0.02426	0.02447	0.02287	0
EXY_USD	2019-01-19	0.02426	0.02369	0.02481	0.02368	0
EXY_USD	2019-01-18	0.02369	0.02398	0.02400	0.02355	0
EXY_USD	2019-01-17	0.02398	0.02366	0.02399	0.02333	0
EXY_USD	2019-01-16	0.02366	0.02356	0.02406	0.02348	0
EXY_USD	2019-01-15	0.02356	0.02416	0.02433	0.02342	0
EXY_USD	2019-01-14	0.02416	0.02331	0.02447	0.02320	0
EXY_USD	2019-01-13	0.02331	0.02351	0.02402	0.02277	0
EXY_USD	2019-01-12	0.02351	0.02361	0.02389	0.02340	0
EXY_USD	2019-01-11	0.02361	0.02395	0.02419	0.02330	0
EXY_USD	2019-01-10	0.02395	0.02628	0.02662	0.02365	0
EXY_USD	2019-01-09	0.02628	0.02652	0.02688	0.02563	0
EXY_USD	2019-01-08	0.02652	0.02635	0.02708	0.02583	0
EXY_USD	2019-01-07	0.02635	0.02860	0.02874	0.02618	0
EXY_USD	2019-01-06	0.02860	0.02482	0.05022	0.02479	0
EXY_USD	2019-01-05	0.02482	0.02610	0.02631	0.02482	0
EXY_USD	2019-01-04	0.02610	0.02662	0.02685	0.02510	0
EXY_USD	2019-01-03	0.02662	0.02671	0.03045	0.02564	0
EXY_USD	2019-01-02	0.02671	0.02816	0.02829	0.02577	0
EXY_USD	2019-01-01	0.02816	0.02844	0.02898	0.02726	0
EXY_USD	2018-12-31	0.02844	0.03103	0.03114	0.02750	0
EXY_USD	2018-12-30	0.03103	0.02832	0.03134	0.02792	0
EXY_USD	2018-12-29	0.02832	0.03355	0.03415	0.02824	0
EXY_USD	2018-12-28	0.03355	0.03008	0.03459	0.02985	0
EXY_USD	2018-12-27	0.03008	0.03291	0.03318	0.02977	0
EXY_USD	2018-12-26	0.03291	0.03372	0.03445	0.03214	0
EXY_USD	2018-12-25	0.03372	0.03654	0.03672	0.03288	0
EXY_USD	2018-12-24	0.03654	0.03503	0.04170	0.03503	0
EXY_USD	2018-12-23	0.03503	0.03594	0.03677	0.03470	0
EXY_USD	2018-12-22	0.03594	0.03606	0.03639	0.03349	0
EXY_USD	2018-12-21	0.03606	0.03625	0.03765	0.03308	0
EXY_USD	2018-12-20	0.03625	0.03006	0.04115	0.02984	0
EXY_USD	2018-12-19	0.03006	0.03059	0.03426	0.02993	0
EXY_USD	2018-12-18	0.03059	0.03033	0.03197	0.02887	0
EXY_USD	2018-12-17	0.03033	0.02485	0.03321	0.02483	0
EXY_USD	2018-12-16	0.02485	0.02419	0.02689	0.02418	0
EXY_USD	2018-12-15	0.02419	0.02863	0.02886	0.02419	0
EXY_USD	2018-12-14	0.02863	0.02899	0.03010	0.02826	0
EXY_USD	2018-12-13	0.02899	0.03079	0.03085	0.02871	0
EXY_USD	2018-12-12	0.03079	0.03020	0.03182	0.02974	0
EXY_USD	2018-12-11	0.03048	0.03231	0.03253	0.02998	0
EXY_USD	2018-12-10	0.03231	0.03509	0.03801	0.03200	0
EXY_USD	2018-12-09	0.03509	0.03247	0.03685	0.03231	0
EXY_USD	2018-12-08	0.03247	0.03293	0.03386	0.03061	0
EXY_USD	2018-12-07	0.03293	0.03220	0.03505	0.02785	0
EXY_USD	2018-12-06	0.03220	0.03806	0.04047	0.03201	0
EXY_USD	2018-12-05	0.03806	0.04004	0.04019	0.03787	0
EXY_USD	2018-12-04	0.04004	0.03934	0.04280	0.03879	0
EXY_USD	2018-12-03	0.03934	0.04357	0.04488	0.03906	0
EXY_USD	2018-12-02	0.04357	0.04430	0.04944	0.04347	0
EXY_USD	2018-12-01	0.04430	0.04616	0.04961	0.04324	0
EXY_USD	2018-11-30	0.04616	0.04879	0.04936	0.04309	0
EXY_USD	2018-11-29	0.04879	0.04978	0.05208	0.04779	0
EXY_USD	2018-11-28	0.04978	0.04708	0.05269	0.04702	0
EXY_USD	2018-11-27	0.04708	0.04842	0.04901	0.04484	0
EXY_USD	2018-11-26	0.04842	0.05182	0.05340	0.04526	0
EXY_USD	2018-11-25	0.05182	0.05088	0.06763	0.04070	0
EXY_USD	2018-11-24	0.05088	0.06291	0.06643	0.05088	0
EXY_USD	2018-11-23	0.06291	0.06226	0.06549	0.05851	0
EXY_USD	2018-11-22	0.06226	0.05921	0.08769	0.05885	0
EXY_USD	2018-11-21	0.05921	0.05816	0.06049	0.05615	0
EXY_USD	2018-11-20	0.05816	0.06259	0.06396	0.05473	0
EXY_USD	2018-11-19	0.06259	0.07173	0.07173	0.06199	0
EXY_USD	2018-11-18	0.07173	0.07132	0.07238	0.07125	0
EXY_USD	2018-11-17	0.07132	0.07175	0.07175	0.07064	0
EXY_USD	2018-11-16	0.07175	0.07290	0.07297	0.07041	0
EXY_USD	2018-11-15	0.07290	0.07459	0.07515	0.06897	0
EXY_USD	2018-11-14	0.07459	0.08194	0.08220	0.07231	0
EXY_USD	2018-11-13	0.08194	0.08172	0.08236	0.08116	0
EXY_USD	2018-11-12	0.08172	0.08188	0.08213	0.08136	0
EXY_USD	2018-11-11	0.08188	0.08151	0.08188	0.08066	0
EXY_USD	2018-11-10	0.08151	0.08138	0.08190	0.08130	0
EXY_USD	2018-11-09	0.08138	0.08213	0.08242	0.08104	0
EXY_USD	2018-11-08	0.08213	0.08331	0.08346	0.08210	0
EXY_USD	2018-11-07	0.08331	0.08258	0.08375	0.08254	0
EXY_USD	2018-11-06	0.08258	0.08201	0.08258	0.08173	0
EXY_USD	2018-11-05	0.08201	0.08220	0.08233	0.08162	0
EXY_USD	2018-11-04	0.08220	0.08097	0.08251	0.08061	0
EXY_USD	2018-11-03	0.08097	0.08146	0.08153	0.08026	0
EXY_USD	2018-11-02	0.08146	0.08112	0.08181	0.08101	0
EXY_USD	2018-11-01	0.08112	0.08072	0.08141	0.08053	0
EXY_USD	2018-10-31	0.08072	0.08023	0.08109	0.07923	0
EXY_USD	2018-10-30	0.08023	0.08041	0.08087	0.08002	0
EXY_USD	2018-10-29	0.08041	0.08226	0.08242	0.08012	0
EXY_USD	2018-10-28	0.08226	0.08239	0.08251	0.08183	0
EXY_USD	2018-10-27	0.08239	0.08279	0.08307	0.08215	0
EXY_USD	2018-10-26	0.08279	0.08274	0.08349	0.08257	0
EXY_USD	2018-10-25	0.08274	0.08261	0.08319	0.08124	0
EXY_USD	2018-10-24	0.08261	0.08263	0.09075	0.08104	0
EXY_USD	2018-10-23	0.08263	0.08183	0.09006	0.07889	0
EXY_USD	2018-10-22	0.08183	0.08228	0.08937	0.08084	0
EXY_USD	2018-10-21	0.08228	0.08861	0.09195	0.08076	0
EXY_USD	2018-10-20	0.08861	0.07718	0.10087	0.07649	0
EXY_USD	2018-10-19	0.07718	0.07926	0.08307	0.07664	0
EXY_USD	2018-10-18	0.07926	0.07941	0.08310	0.07799	0
EXY_USD	2018-10-17	0.07941	0.08103	0.08174	0.07701	0
EXY_USD	2018-10-16	0.08103	0.08138	0.09212	0.07767	0
EXY_USD	2018-10-15	0.08138	0.06900	0.08593	0.06828	0
EXY_USD	2018-10-14	0.06900	0.07927	0.07990	0.06336	0
EXY_USD	2018-10-13	0.07927	0.08293	0.08421	0.07536	0
EXY_USD	2018-10-12	0.08293	0.08992	0.09607	0.07556	0
EXY_USD	2018-10-11	0.08992	0.10688	0.10698	0.08367	0
EXY_USD	2018-10-10	0.10688	0.10654	0.11032	0.09906	0
EXY_USD	2018-10-09	0.10654	0.11325	0.11342	0.09946	0
EXY_USD	2018-10-08	0.11325	0.11793	0.11829	0.09886	0
EXY_USD	2018-10-07	0.11793	0.11783	0.12526	0.11130	0
EXY_USD	2018-10-06	0.11783	0.12210	0.12525	0.11766	0
EXY_USD	2018-10-05	0.12210	0.11614	0.12741	0.11358	0
EXY_USD	2018-10-04	0.11614	0.11647	0.11880	0.11507	0
EXY_USD	2018-10-03	0.11647	0.11824	0.11830	0.11456	0
EXY_USD	2018-10-02	0.11824	0.11819	0.12266	0.11582	0
EXY_USD	2018-10-01	0.11819	0.11490	0.11961	0.11312	0
EXY_USD	2018-09-30	0.11490	0.11991	0.11991	0.11150	0
EXY_USD	2018-09-29	0.11991	0.11611	0.12408	0.11006	0
EXY_USD	2018-09-28	0.11611	0.12171	0.12501	0.11259	0
EXY_USD	2018-09-27	0.12171	0.10850	0.12171	0.10766	0
EXY_USD	2018-09-26	0.10850	0.10865	0.11034	0.10502	0
EXY_USD	2018-09-25	0.10865	0.11484	0.11933	0.10557	0
EXY_USD	2018-09-24	0.11484	0.13204	0.13204	0.11338	0
EXY_USD	2018-09-23	0.13204	0.12820	0.13488	0.12295	0
EXY_USD	2018-09-22	0.12820	0.11723	0.13729	0.10546	0
EXY_USD	2018-09-21	0.11723	0.08597	0.12219	0.08520	0
EXY_USD	2018-09-20	0.08597	0.07792	0.08888	0.07667	0
EXY_USD	2018-09-19	0.07792	0.07757	0.07960	0.07480	0
EXY_USD	2018-09-18	0.07757	0.07609	0.08076	0.07558	0
EXY_USD	2018-09-17	0.07609	0.07753	0.08384	0.07465	0
EXY_USD	2018-09-16	0.07753	0.07987	0.08656	0.07482	0
EXY_USD	2018-09-15	0.07987	0.07259	0.08510	0.07000	0
EXY_USD	2018-09-14	0.07259	0.07240	0.08337	0.06814	0
EXY_USD	2018-09-13	0.07240	0.06983	0.07426	0.06623	0
EXY_USD	2018-09-12	0.06983	0.08174	0.08188	0.06532	0
EXY_USD	2018-09-11	0.08174	0.08443	0.08522	0.07995	0
EXY_USD	2018-09-10	0.08443	0.09138	0.09539	0.08152	0
EXY_USD	2018-09-09	0.09138	0.09046	0.09611	0.08984	0
EXY_USD	2018-09-08	0.09046	0.09270	0.10170	0.08974	0
EXY_USD	2018-09-07	0.09270	0.09595	0.09614	0.08282	0
EXY_USD	2018-09-06	0.09595	0.08956	0.09740	0.08538	0
EXY_USD	2018-09-05	0.08956	0.11149	0.11529	0.08890	0
EXY_USD	2018-09-04	0.11149	0.10996	0.11738	0.10750	0
EXY_USD	2018-09-03	0.10996	0.10997	0.12356	0.10968	0
EXY_USD	2018-09-02	0.10997	0.10901	0.11021	0.09908	0
EXY_USD	2018-09-01	0.10901	0.10248	0.11076	0.10180	0
EXY_USD	2018-08-31	0.10248	0.10858	0.10991	0.09807	0
EXY_USD	2018-08-30	0.10858	0.11172	0.11327	0.10492	0
EXY_USD	2018-08-29	0.11172	0.11375	0.11822	0.11009	0
EXY_USD	2018-08-28	0.11375	0.11173	0.11836	0.08530	0
EXY_USD	2018-08-27	0.11173	0.11736	0.11739	0.10783	0
EXY_USD	2018-08-26	0.11736	0.11430	0.11776	0.11245	0
EXY_USD	2018-08-25	0.11430	0.11611	0.11763	0.11311	0
EXY_USD	2018-08-24	0.11611	0.11524	0.12185	0.11314	0
EXY_USD	2018-08-23	0.11524	0.11528	0.11838	0.11274	0
EXY_USD	2018-08-22	0.11528	0.12032	0.12789	0.10971	0
EXY_USD	2018-08-21	0.12032	0.11406	0.12092	0.11118	0
EXY_USD	2018-08-20	0.11406	0.12409	0.12571	0.11376	0
EXY_USD	2018-08-19	0.12409	0.12235	0.12558	0.11724	0
EXY_USD	2018-08-18	0.12235	0.11863	0.12705	0.11549	0
EXY_USD	2018-08-17	0.11863	0.10749	0.12562	0.10701	0
EXY_USD	2018-08-16	0.10749	0.10656	0.11677	0.10368	0
EXY_USD	2018-08-15	0.10656	0.10278	0.11246	0.10174	0
EXY_USD	2018-08-14	0.10278	0.10631	0.10643	0.09933	0
EXY_USD	2018-08-13	0.10631	0.11558	0.11991	0.10521	0
EXY_USD	2018-08-12	0.11558	0.11706	0.11849	0.11365	0
EXY_USD	2018-08-11	0.11706	0.11738	0.12626	0.11040	0
EXY_USD	2018-08-10	0.11738	0.12457	0.12736	0.11600	0
EXY_USD	2018-08-09	0.12457	0.10045	0.13062	0.09994	0
EXY_USD	2018-08-08	0.10045	0.11955	0.11955	0.09862	0
EXY_USD	2018-08-07	0.11955	0.13730	0.13889	0.11819	0
EXY_USD	2018-08-06	0.13730	0.12550	0.14092	0.11607	0
EXY_USD	2018-08-05	0.12550	0.13931	0.14246	0.12538	0
EXY_USD	2018-08-04	0.13931	0.16368	0.16784	0.13762	0
EXY_USD	2018-08-03	0.16368	0.17116	0.17116	0.15483	0
EXY_USD	2018-08-02	0.17116	0.17190	0.17632	0.16471	0
EXY_USD	2018-08-01	0.17190	0.16423	0.17875	0.15609	0
EXY_USD	2018-07-31	0.16423	0.19100	0.19112	0.16195	0
EXY_USD	2018-07-30	0.19100	0.20452	0.20658	0.18362	0
EXY_USD	2018-07-29	0.20452	0.21493	0.22457	0.20378	0
EXY_USD	2018-07-28	0.21493	0.20536	0.24082	0.20165	0
EXY_USD	2018-07-27	0.20536	0.17972	0.21534	0.17522	0
EXY_USD	2018-07-26	0.17972	0.19259	0.21174	0.16679	0
EXY_USD	2018-07-25	0.19259	0.22551	0.22865	0.19224	0
EXY_USD	2018-07-24	0.22551	0.20773	0.22624	0.20670	0
EXY_USD	2018-07-23	0.20773	0.20295	0.22717	0.20220	0
EXY_USD	2018-07-22	0.20295	0.19445	0.21296	0.19313	0
EXY_USD	2018-07-21	0.19445	0.19585	0.20194	0.19212	0
EXY_USD	2018-07-20	0.19585	0.19872	0.20716	0.19477	0
EXY_USD	2018-07-19	0.19872	0.20758	0.20792	0.19431	0
EXY_USD	2018-07-18	0.20758	0.19782	0.20853	0.19620	0
EXY_USD	2018-07-17	0.19782	0.19620	0.21027	0.18708	0
EXY_USD	2018-07-16	0.19620	0.18862	0.19740	0.18381	0
EXY_USD	2018-07-15	0.18862	0.18747	0.19254	0.18090	0
EXY_USD	2018-07-14	0.18747	0.18766	0.19587	0.18715	0
EXY_USD	2018-07-13	0.18766	0.18903	0.20078	0.18114	0
EXY_USD	2018-07-12	0.18903	0.17832	0.19170	0.17036	0
EXY_USD	2018-07-11	0.17832	0.18950	0.19130	0.16882	0
EXY_USD	2018-07-10	0.18950	0.20180	0.20241	0.16903	0
EXY_USD	2018-07-09	0.20180	0.20999	0.21573	0.19858	0
EXY_USD	2018-07-08	0.20999	0.20529	0.21984	0.18971	0
EXY_USD	2018-07-07	0.20529	0.22243	0.23219	0.19463	0
EXY_USD	2018-07-06	0.22243	0.22812	0.22835	0.21156	0
EXY_USD	2018-07-05	0.22812	0.23154	0.23804	0.22508	0
EXY_USD	2018-07-04	0.23154	0.23585	0.24661	0.22984	0
EXY_USD	2018-07-03	0.23585	0.24111	0.24982	0.00314	0
EXY_USD	2018-07-02	0.24111	0.23142	0.24835	0.00000	0
EXY_USD	2018-07-01	0.23144	0.25259	0.25440	0.22307	0
EXY_USD	2018-06-30	0.25247	0.25298	0.27506	0.23588	0
EXY_USD	2018-06-29	0.25304	0.23269	0.25963	0.22768	0
EXY_USD	2018-06-28	0.23306	0.24630	0.24884	0.23192	0
EXY_USD	2018-06-27	0.24640	0.24183	0.25452	0.23573	0
EXY_USD	2018-06-26	0.24259	0.25284	0.26626	0.24129	0
EXY_USD	2018-06-25	0.25267	0.24366	0.26772	0.23668	0
EXY_USD	2018-06-24	0.24395	0.26214	0.26933	0.23284	0
EXY_USD	2018-06-23	0.26189	0.25992	0.27919	0.25487	0
EXY_USD	2018-06-22	0.25992	0.29329	0.29356	0.25483	0
EXY_USD	2018-06-21	0.29328	0.30900	0.30909	0.28880	0
EXY_USD	2018-06-20	0.30902	0.30922	0.33357	0.29307	0
EXY_USD	2018-06-19	0.30957	0.32808	0.33562	0.30634	0
EXY_USD	2018-06-18	0.32811	0.33092	0.34066	0.30076	0
EXY_USD	2018-06-17	0.33065	0.32539	0.34120	0.32313	0
EXY_USD	2018-06-16	0.32533	0.32519	0.33273	0.31707	0
EXY_USD	2018-06-15	0.32503	0.34372	0.34903	0.32148	0
EXY_USD	2018-06-14	0.34306	0.29373	0.37245	0.28899	0
EXY_USD	2018-06-13	0.29356	0.30953	0.31672	0.26711	0
EXY_USD	2018-06-12	0.30945	0.27450	0.36392	0.26759	0
EXY_USD	2018-06-11	0.27464	0.27322	0.28328	0.26181	0
EXY_USD	2018-06-10	0.27290	0.27265	0.30066	0.25893	0
EXY_USD	2018-06-09	0.27257	0.29475	0.30124	0.27166	0
EXY_USD	2018-06-08	0.29292	0.31231	0.31257	0.29074	0
EXY_USD	2018-06-07	0.31244	0.30692	0.31476	0.30321	0
EXY_USD	2018-06-06	0.30691	0.30654	0.32270	0.26832	0
EXY_USD	2018-06-05	0.30631	0.32574	0.33981	0.29118	0
EXY_USD	2018-06-04	0.32598	0.33218	0.33876	0.29903	0
EXY_USD	2018-06-03	0.33203	0.32815	0.33329	0.32681	0
EXY_USD	2018-06-02	0.32840	0.32871	0.33817	0.32556	0
EXY_USD	2018-06-01	0.32844	0.34577	0.34653	0.31844	0
EXY_USD	2018-05-31	0.34610	0.30922	0.36560	0.30397	0
EXY_USD	2018-05-30	0.30935	0.32851	0.33012	0.30035	0
EXY_USD	2018-05-29	0.32987	0.30189	0.33316	0.29763	0
EXY_USD	2018-05-28	0.30170	0.34284	0.35793	0.30032	0
EXY_USD	2018-05-27	0.34335	0.36048	0.37312	0.32023	0
EXY_USD	2018-05-26	0.35992	0.37167	0.38625	0.35853	0
EXY_USD	2018-05-25	0.37167	0.38270	0.38664	0.36624	0
EXY_USD	2018-05-24	0.38099	0.37607	0.38488	0.36104	0
EXY_USD	2018-05-23	0.37605	0.39650	0.40972	0.36508	0
EXY_USD	2018-05-22	0.39664	0.42745	0.44587	0.39664	0
EXY_USD	2018-05-21	0.42745	0.45066	0.45225	0.42388	0
EXY_USD	2018-05-20	0.45066	0.41410	0.45288	0.40964	0
EXY_USD	2018-05-19	0.41410	0.40906	0.41866	0.40021	0
EXY_USD	2018-05-18	0.40906	0.41313	0.41505	0.39519	0
EXY_USD	2018-05-17	0.41367	0.43583	0.43888	0.40685	0
EXY_USD	2018-05-16	0.43545	0.44340	0.44340	0.41300	0
EXY_USD	2018-05-15	0.44349	0.45854	0.46419	0.43426	0
EXY_USD	2018-05-14	0.45857	0.46240	0.46707	0.42497	0
EXY_USD	2018-05-13	0.46240	0.44290	0.46756	0.42579	0
EXY_USD	2018-05-12	0.44193	0.43733	0.45822	0.42591	0
EXY_USD	2018-05-11	0.43733	0.48985	0.48985	0.43546	0
EXY_USD	2018-05-10	0.48985	0.52019	0.52540	0.48793	0
EXY_USD	2018-05-09	0.52019	0.49647	0.52652	0.48429	0
EXY_USD	2018-05-08	0.49665	0.53912	0.54189	0.00006	0
EXY_USD	2018-05-07	0.55219	0.57549	0.57649	0.53312	0
EXY_USD	2018-05-06	0.57549	0.59455	0.59893	0.56174	0
EXY_USD	2018-05-05	0.59380	0.59057	0.61156	0.57831	0
EXY_USD	2018-05-04	0.59057	0.60156	0.60156	0.56859	0
EXY_USD	2018-05-03	0.60156	0.57361	0.60795	0.55818	0
EXY_USD	2018-05-02	0.57361	0.54687	0.57620	0.54090	0
EXY_USD	2018-05-01	0.54687	0.56724	0.56740	0.53147	0
EXY_USD	2018-04-30	0.56724	0.57711	0.57901	0.54595	0
EXY_USD	2018-04-29	0.57711	0.57444	0.59914	0.56052	0
EXY_USD	2018-04-28	0.57444	0.54572	0.59850	0.54223	0
EXY_USD	2018-04-27	0.54572	0.58422	0.58975	0.54176	0
EXY_USD	2018-04-26	0.58422	0.54238	0.58498	0.51363	0
EXY_USD	2018-04-25	0.54238	0.66416	0.68037	0.53799	0
EXY_USD	2018-04-24	0.66570	0.53156	0.67630	0.53108	0
EXY_USD	2018-04-23	0.53156	0.50594	0.54799	0.50312	0
EXY_USD	2018-04-22	0.50594	0.50593	0.51883	0.49580	0
EXY_USD	2018-04-21	0.50593	0.50772	0.53153	0.49947	0
EXY_USD	2018-04-20	0.50772	0.47969	0.52856	0.47944	0
EXY_USD	2018-04-19	0.47969	0.43038	0.50696	0.42738	0
EXY_USD	2018-04-18	0.43038	0.41680	0.43769	0.40994	0
EXY_USD	2018-04-17	0.41680	0.43781	0.44852	0.41328	0
EXY_USD	2018-04-16	0.43781	0.48341	0.48673	0.41701	0
EXY_USD	2018-04-15	0.48341	0.47334	0.49062	0.46127	0
EXY_USD	2018-04-14	0.47334	0.45773	0.51405	0.45447	0
EXY_USD	2018-04-13	0.45773	0.48647	0.49125	0.44166	0
EXY_USD	2018-04-12	0.48647	0.44662	0.50657	0.42759	0
EXY_USD	2018-04-11	0.44662	0.44846	0.45624	0.42393	0
EXY_USD	2018-04-10	0.44846	0.42590	0.45110	0.41088	0
EXY_USD	2018-04-09	0.42590	0.45153	0.45915	0.41554	0
EXY_USD	2018-04-08	0.45153	0.43980	0.45502	0.43956	0
EXY_USD	2018-04-07	0.43980	0.43875	0.46127	0.43270	0
EXY_USD	2018-04-06	0.43875	0.45115	0.47297	0.42909	0
EXY_USD	2018-04-05	0.45115	0.49131	0.49359	0.44252	0
EXY_USD	2018-04-04	0.49131	0.54787	0.54970	0.47546	0
EXY_USD	2018-04-03	0.54787	0.52412	0.56631	0.51940	0
EXY_USD	2018-04-02	0.52412	0.48321	0.53276	0.47957	0
EXY_USD	2018-04-01	0.48321	0.49623	0.52153	0.45569	0
EXY_USD	2018-03-31	0.49623	0.46857	0.54004	0.46593	0
EXY_USD	2018-03-30	0.46857	0.47404	0.49780	0.44589	0
EXY_USD	2018-03-29	0.47404	0.53613	0.58288	0.45481	0
EXY_USD	2018-03-28	0.53613	0.49206	0.59564	0.46939	0
EXY_USD	2018-03-27	0.49206	0.51462	0.51605	0.47159	0
EXY_USD	2018-03-26	0.51462	0.57132	0.57741	0.48064	0
EXY_USD	2018-03-25	0.57132	0.56265	0.60948	0.54580	0
EXY_USD	2018-03-24	0.56265	0.55680	0.58711	0.53863	0
EXY_USD	2018-03-23	0.55680	0.53809	0.56127	0.51667	0
EXY_USD	2018-03-22	0.53809	0.57120	0.58386	0.52566	0
EXY_USD	2018-03-21	0.57120	0.64767	0.66978	0.56466	0
EXY_USD	2018-03-20	0.64767	0.42131	0.73140	0.40778	0
EXY_USD	2018-03-19	0.42131	0.46007	0.47348	0.40605	0
EXY_USD	2018-03-18	0.46007	0.46761	0.46761	0.40487	0
EXY_USD	2018-03-17	0.46761	0.44163	0.49906	0.41936	0
EXY_USD	2018-03-16	0.44163	0.44878	0.48525	0.42930	0
EXY_USD	2018-03-15	0.44878	0.48048	0.48632	0.42173	0
EXY_USD	2018-03-14	0.48048	0.53156	0.59557	0.46015	0
EXY_USD	2018-03-13	0.53156	0.54159	0.59853	0.47302	0
EXY_USD	2018-03-12	0.54159	0.66334	0.67106	0.53580	0
EXY_USD	2018-03-11	0.66334	0.63602	0.69214	0.57547	0
EXY_USD	2018-03-10	0.63602	0.64669	0.67631	0.61107	0
EXY_USD	2018-03-09	0.64669	0.66557	0.68871	0.56590	0
EXY_USD	2018-03-08	0.66557	0.73157	0.74949	0.65491	0
EXY_USD	2018-03-07	0.73157	0.80431	0.86482	0.70337	0
EXY_USD	2018-03-06	0.80431	0.85864	0.87031	0.78630	0
EXY_USD	2018-03-05	0.85864	0.87290	0.93876	0.84756	0
EXY_USD	2018-03-04	0.87290	0.92430	0.93860	0.84313	0
EXY_USD	2018-03-03	0.92430	0.95050	0.99727	0.90963	0
EXY_USD	2018-03-02	0.95050	0.98907	1.04614	0.93520	0
