F1C_USD	2019-04-09	0.000026	0.000027	0.000027	0.000026	0
F1C_USD	2019-04-08	0.000027	0.000026	0.000027	0.000026	0
F1C_USD	2019-04-07	0.000026	0.000025	0.000026	0.000025	0
F1C_USD	2019-04-06	0.000025	0.000025	0.000026	0.000025	0
F1C_USD	2019-04-05	0.000025	0.000025	0.000026	0.000025	0
F1C_USD	2019-04-04	0.000025	0.000025	0.000025	0.000024	0
F1C_USD	2019-04-03	0.000025	0.000025	0.000027	0.000024	0
F1C_USD	2019-04-02	0.000025	0.000021	0.000025	0.000021	0
F1C_USD	2019-04-01	0.000021	0.000021	0.000021	0.000021	0
F1C_USD	2019-03-31	0.000021	0.000021	0.000021	0.000021	0
F1C_USD	2019-03-30	0.000021	0.000021	0.000021	0.000021	0
F1C_USD	2019-03-29	0.000021	0.000020	0.000021	0.000020	0
F1C_USD	2019-03-28	0.000020	0.000021	0.000021	0.000020	0
F1C_USD	2019-03-27	0.000021	0.000020	0.000021	0.000020	0
F1C_USD	2019-03-26	0.000020	0.000020	0.000020	0.000020	0
F1C_USD	2019-03-25	0.000020	0.000020	0.000020	0.000020	0
F1C_USD	2019-03-24	0.000020	0.000020	0.000020	0.000020	0
F1C_USD	2019-03-23	0.000020	0.000020	0.000020	0.000020	0
F1C_USD	2019-03-22	0.000020	0.000020	0.000020	0.000020	0
F1C_USD	2019-03-21	0.000020	0.000021	0.000021	0.000020	0
F1C_USD	2019-03-20	0.000020	0.000021	0.000021	0.000020	0
F1C_USD	2019-03-19	0.000020	0.000020	0.000020	0.000020	0
F1C_USD	2019-03-18	0.000020	0.000020	0.000021	0.000020	0
F1C_USD	2019-03-17	0.000020	0.000020	0.000020	0.000020	0
F1C_USD	2019-03-16	0.000020	0.000020	0.000021	0.000020	0
F1C_USD	2019-03-15	0.000020	0.000020	0.000020	0.000020	0
F1C_USD	2019-03-14	0.000020	0.000020	0.000020	0.000019	0
F1C_USD	2019-03-13	0.000020	0.000020	0.000020	0.000020	0
F1C_USD	2019-03-12	0.000020	0.000020	0.000020	0.000019	0
F1C_USD	2019-03-11	0.000020	0.000020	0.000020	0.000020	0
F1C_USD	2019-03-10	0.000020	0.000020	0.000020	0.000020	0
F1C_USD	2019-03-09	0.000020	0.000039	0.000040	0.000020	0
F1C_USD	2019-03-08	0.000039	0.000040	0.000040	0.000039	0
F1C_USD	2019-03-07	0.000040	0.000040	0.000040	0.000039	0
F1C_USD	2019-03-06	0.000040	0.000039	0.000040	0.000039	0
F1C_USD	2019-03-05	0.000039	0.000038	0.000040	0.000038	0
F1C_USD	2019-03-04	0.000038	0.000039	0.000039	0.000038	0
F1C_USD	2019-03-03	0.000039	0.000039	0.000039	0.000039	0
F1C_USD	2019-03-02	0.000039	0.000039	0.000039	0.000039	0
F1C_USD	2019-03-01	0.000039	0.000039	0.000039	0.000039	0
F1C_USD	2019-02-28	0.000039	0.000039	0.000040	0.000039	0
F1C_USD	2019-02-27	0.000038	0.000039	0.000039	0.000038	0
F1C_USD	2019-02-26	0.000039	0.000039	0.000039	0.000039	0
F1C_USD	2019-02-25	0.000039	0.000038	0.000040	0.000038	0
F1C_USD	2019-02-24	0.000038	0.000042	0.000043	0.000038	0
F1C_USD	2019-02-23	0.000042	0.000041	0.000043	0.000040	0
F1C_USD	2019-02-22	0.000040	0.000040	0.000041	0.000040	0
F1C_USD	2019-02-21	0.000040	0.000041	0.000041	0.000040	0
F1C_USD	2019-02-20	0.000041	0.000040	0.000041	0.000040	0
F1C_USD	2019-02-19	0.000040	0.000020	0.000041	0.000020	0
F1C_USD	2019-02-18	0.000020	0.000056	0.000060	0.000020	0
F1C_USD	2019-02-17	0.000056	0.000092	0.000092	0.000055	0
F1C_USD	2019-02-16	0.000092	0.000092	0.000093	0.000092	0
F1C_USD	2019-02-15	0.000092	0.000055	0.000093	0.000055	0
F1C_USD	2019-02-14	0.000055	0.000055	0.000092	0.000055	0
F1C_USD	2019-02-13	0.000055	0.000055	0.000056	0.000055	0
F1C_USD	2019-02-12	0.000055	0.000055	0.000092	0.000055	0
F1C_USD	2019-02-11	0.000055	0.000094	0.000094	0.000055	0
F1C_USD	2019-02-10	0.000094	0.000056	0.000094	0.000055	0
F1C_USD	2019-02-09	0.000056	0.000056	0.000112	0.000055	0
F1C_USD	2019-02-08	0.000056	0.000052	0.000057	0.000051	0
F1C_USD	2019-02-07	0.000052	0.000052	0.000052	0.000051	0
F1C_USD	2019-02-06	0.000052	0.000053	0.000053	0.000051	0
F1C_USD	2019-02-05	0.000053	0.000052	0.000053	0.000052	0
F1C_USD	2019-02-04	0.000052	0.000053	0.000053	0.000052	0
F1C_USD	2019-02-03	0.000053	0.000053	0.000053	0.000052	0
F1C_USD	2019-02-02	0.000053	0.000053	0.000054	0.000053	0
F1C_USD	2019-02-01	0.000053	0.000053	0.000053	0.000052	0
F1C_USD	2019-01-31	0.000053	0.000053	0.000054	0.000052	0
F1C_USD	2019-01-30	0.000053	0.000052	0.000053	0.000052	0
F1C_USD	2019-01-29	0.000052	0.000053	0.000053	0.000051	0
F1C_USD	2019-01-28	0.000053	0.000054	0.000054	0.000052	0
F1C_USD	2019-01-27	0.000054	0.000018	0.000091	0.000018	0
F1C_USD	2019-01-26	0.000018	0.000018	0.000019	0.000018	0
F1C_USD	2019-01-25	0.000018	0.000018	0.000018	0.000018	0
F1C_USD	2019-01-24	0.000018	0.000018	0.000018	0.000018	0
F1C_USD	2019-01-23	0.000018	0.000018	0.000018	0.000018	0
F1C_USD	2019-01-22	0.000018	0.000018	0.000018	0.000018	0
F1C_USD	2019-01-21	0.000018	0.000018	0.000018	0.000018	0
F1C_USD	2019-01-20	0.000018	0.000019	0.000019	0.000018	0
F1C_USD	2019-01-19	0.000019	0.000018	0.000019	0.000018	0
F1C_USD	2019-01-18	0.000018	0.000019	0.000019	0.000018	0
F1C_USD	2019-01-17	0.000019	0.000018	0.000019	0.000018	0
F1C_USD	2019-01-16	0.000018	0.000018	0.000019	0.000018	0
F1C_USD	2019-01-15	0.000018	0.000019	0.000019	0.000018	0
F1C_USD	2019-01-14	0.000019	0.000018	0.000019	0.000018	0
F1C_USD	2019-01-13	0.000018	0.000019	0.000019	0.000018	0
F1C_USD	2019-01-12	0.000019	0.000019	0.000019	0.000018	0
F1C_USD	2019-01-11	0.000019	0.000056	0.000057	0.000018	0
F1C_USD	2019-01-10	0.000056	0.000061	0.000062	0.000055	0
F1C_USD	2019-01-09	0.000061	0.000061	0.000062	0.000061	0
F1C_USD	2019-01-08	0.000061	0.000062	0.000063	0.000061	0
F1C_USD	2019-01-07	0.000062	0.000063	0.000063	0.000061	0
F1C_USD	2019-01-06	0.000063	0.000059	0.000117	0.000058	0
F1C_USD	2019-01-05	0.000059	0.000059	0.000060	0.000059	0
F1C_USD	2019-01-04	0.000059	0.000059	0.000060	0.000058	0
F1C_USD	2019-01-03	0.000059	0.000061	0.000061	0.000059	0
F1C_USD	2019-01-02	0.000061	0.000059	0.000061	0.000059	0
F1C_USD	2019-01-01	0.000059	0.000057	0.000060	0.000057	0
F1C_USD	2018-12-31	0.000057	0.000060	0.000060	0.000057	0
F1C_USD	2018-12-30	0.000060	0.000058	0.000060	0.000058	0
F1C_USD	2018-12-29	0.000058	0.000061	0.000061	0.000058	0
F1C_USD	2018-12-28	0.000061	0.000056	0.000061	0.000055	0
F1C_USD	2018-12-27	0.000056	0.000059	0.000059	0.000055	0
F1C_USD	2018-12-26	0.000059	0.000059	0.000060	0.000057	0
F1C_USD	2018-12-25	0.000059	0.000062	0.000062	0.000057	0
F1C_USD	2018-12-24	0.000062	0.000061	0.000066	0.000061	0
F1C_USD	2018-12-23	0.000061	0.000062	0.000063	0.000061	0
F1C_USD	2018-12-22	0.000062	0.000060	0.000062	0.000059	0
F1C_USD	2018-12-21	0.000060	0.000063	0.000064	0.000059	0
F1C_USD	2018-12-20	0.000063	0.000057	0.000064	0.000057	0
F1C_USD	2018-12-19	0.000057	0.000057	0.000061	0.000019	0
F1C_USD	2018-12-18	0.000057	0.000054	0.000057	0.000053	0
F1C_USD	2018-12-17	0.000054	0.000049	0.000056	0.000049	0
F1C_USD	2018-12-16	0.000049	0.000049	0.000051	0.000049	0
F1C_USD	2018-12-15	0.000049	0.000049	0.000050	0.000048	0
F1C_USD	2018-12-14	0.000049	0.000050	0.000051	0.000048	0
F1C_USD	2018-12-13	0.000050	0.000053	0.000053	0.000050	0
F1C_USD	2018-12-12	0.000053	0.000051	0.000054	0.000051	0
F1C_USD	2018-12-11	0.000052	0.000053	0.000053	0.000051	0
F1C_USD	2018-12-10	0.000053	0.000055	0.000056	0.000052	0
F1C_USD	2018-12-09	0.000055	0.000053	0.000057	0.000052	0
F1C_USD	2018-12-08	0.000053	0.000052	0.000055	0.000050	0
F1C_USD	2018-12-07	0.000052	0.000053	0.000054	0.000049	0
F1C_USD	2018-12-06	0.000053	0.000057	0.000059	0.000053	0
F1C_USD	2018-12-05	0.000057	0.000060	0.000060	0.000056	0
F1C_USD	2018-12-04	0.000060	0.000059	0.000062	0.000057	0
F1C_USD	2018-12-03	0.000059	0.000062	0.000063	0.000058	0
F1C_USD	2018-12-02	0.000062	0.000064	0.000065	0.000062	0
F1C_USD	2018-12-01	0.000064	0.000061	0.000065	0.000060	0
F1C_USD	2018-11-30	0.000061	0.000065	0.000065	0.000059	0
F1C_USD	2018-11-29	0.000065	0.000065	0.000067	0.000063	0
F1C_USD	2018-11-28	0.000065	0.000058	0.000066	0.000058	0
F1C_USD	2018-11-27	0.000058	0.000058	0.000059	0.000056	0
F1C_USD	2018-11-26	0.000058	0.000062	0.000063	0.000056	0
F1C_USD	2018-11-25	0.000062	0.000059	0.000063	0.000055	0
F1C_USD	2018-11-24	0.000059	0.000066	0.000068	0.000058	0
F1C_USD	2018-11-23	0.000066	0.000066	0.000067	0.000064	0
F1C_USD	2018-11-22	0.000066	0.000070	0.000071	0.000066	0
F1C_USD	2018-11-21	0.000070	0.000069	0.000072	0.000066	0
F1C_USD	2018-11-20	0.000069	0.000074	0.000076	0.000065	0
F1C_USD	2018-11-19	0.000074	0.000085	0.000085	0.000073	0
F1C_USD	2018-11-18	0.000085	0.000084	0.000086	0.000084	0
F1C_USD	2018-11-17	0.000084	0.000085	0.000085	0.000084	0
F1C_USD	2018-11-16	0.000085	0.000086	0.000086	0.000083	0
F1C_USD	2018-11-15	0.000086	0.000088	0.000089	0.000082	0
F1C_USD	2018-11-14	0.000088	0.000097	0.000097	0.000086	0
F1C_USD	2018-11-13	0.000097	0.000097	0.000097	0.000096	0
F1C_USD	2018-11-12	0.000097	0.000097	0.000097	0.000096	0
F1C_USD	2018-11-11	0.000097	0.000096	0.000097	0.000095	0
F1C_USD	2018-11-10	0.000096	0.000096	0.000097	0.000096	0
F1C_USD	2018-11-09	0.000096	0.000097	0.000098	0.000096	0
F1C_USD	2018-11-08	0.000097	0.000099	0.000099	0.000097	0
F1C_USD	2018-11-07	0.000099	0.000098	0.000099	0.000098	0
F1C_USD	2018-11-06	0.000098	0.000097	0.000098	0.000097	0
F1C_USD	2018-11-05	0.000097	0.000097	0.000097	0.000097	0
F1C_USD	2018-11-04	0.000098	0.000096	0.000098	0.000095	0
F1C_USD	2018-11-03	0.000095	0.000096	0.000096	0.000095	0
F1C_USD	2018-11-02	0.000096	0.000096	0.000097	0.000096	0
F1C_USD	2018-11-01	0.000096	0.000096	0.000096	0.000095	0
F1C_USD	2018-10-31	0.000096	0.000095	0.000096	0.000094	0
F1C_USD	2018-10-30	0.000095	0.000095	0.000096	0.000095	0
F1C_USD	2018-10-29	0.000095	0.000097	0.000098	0.000095	0
F1C_USD	2018-10-28	0.000098	0.000098	0.000098	0.000097	0
F1C_USD	2018-10-27	0.000097	0.000098	0.000098	0.000097	0
F1C_USD	2018-10-26	0.000099	0.000098	0.000099	0.000098	0
F1C_USD	2018-10-25	0.000098	0.000098	0.000098	0.000098	0
F1C_USD	2018-10-24	0.000098	0.000098	0.000099	0.000098	0
F1C_USD	2018-10-23	0.000098	0.000099	0.000099	0.000098	0
F1C_USD	2018-10-22	0.000099	0.000099	0.000099	0.000098	0
F1C_USD	2018-10-21	0.000099	0.000099	0.000100	0.000099	0
F1C_USD	2018-10-20	0.000099	0.000098	0.000099	0.000098	0
F1C_USD	2018-10-19	0.000098	0.000099	0.000099	0.000098	0
F1C_USD	2018-10-18	0.000099	0.000101	0.000102	0.000099	0
F1C_USD	2018-10-17	0.000101	0.000101	0.000102	0.000100	0
F1C_USD	2018-10-16	0.000101	0.000101	0.000103	0.000100	0
F1C_USD	2018-10-15	0.000101	0.000095	0.000113	0.000095	0
F1C_USD	2018-10-14	0.000095	0.000095	0.000096	0.000095	0
F1C_USD	2018-10-13	0.000095	0.000094	0.000095	0.000094	0
F1C_USD	2018-10-12	0.000094	0.000094	0.000095	0.000093	0
F1C_USD	2018-10-11	0.000094	0.000099	0.000099	0.000093	0
F1C_USD	2018-10-10	0.000099	0.000100	0.000100	0.000098	0
F1C_USD	2018-10-09	0.000100	0.000100	0.000100	0.000099	0
F1C_USD	2018-10-08	0.000100	0.000099	0.000101	0.000099	0
F1C_USD	2018-10-07	0.000099	0.000099	0.000100	0.000098	0
F1C_USD	2018-10-06	0.000099	0.000100	0.000100	0.000098	0
F1C_USD	2018-10-05	0.000100	0.000099	0.000100	0.000098	0
F1C_USD	2018-10-04	0.000099	0.000098	0.000099	0.000097	0
F1C_USD	2018-10-03	0.000098	0.000098	0.000098	0.000096	0
F1C_USD	2018-10-02	0.000098	0.000099	0.000100	0.000098	0
F1C_USD	2018-10-01	0.000099	0.000099	0.000100	0.000098	0
F1C_USD	2018-09-30	0.000099	0.000099	0.000100	0.000098	0
F1C_USD	2018-09-29	0.000099	0.000100	0.000100	0.000097	0
F1C_USD	2018-09-28	0.000100	0.000100	0.000102	0.000098	0
F1C_USD	2018-09-27	0.000100	0.000097	0.000101	0.000097	0
F1C_USD	2018-09-26	0.000097	0.000097	0.000098	0.000096	0
F1C_USD	2018-09-25	0.000097	0.000099	0.000099	0.000095	0
F1C_USD	2018-09-24	0.000099	0.000101	0.000101	0.000098	0
F1C_USD	2018-09-23	0.000101	0.000101	0.000102	0.000100	0
F1C_USD	2018-09-22	0.000101	0.000102	0.000103	0.000100	0
F1C_USD	2018-09-21	0.000102	0.000098	0.000102	0.000097	0
F1C_USD	2018-09-20	0.000098	0.000096	0.000098	0.000095	0
F1C_USD	2018-09-19	0.000096	0.000095	0.000097	0.000092	0
F1C_USD	2018-09-18	0.000095	0.000094	0.000096	0.000093	0
F1C_USD	2018-09-17	0.000094	0.000097	0.000098	0.000093	0
F1C_USD	2018-09-16	0.000097	0.000098	0.000098	0.000096	0
F1C_USD	2018-09-15	0.000098	0.000097	0.000099	0.000097	0
F1C_USD	2018-09-14	0.000097	0.000162	0.000162	0.000096	0
F1C_USD	2018-09-13	0.000163	0.000190	0.000194	0.000159	0
F1C_USD	2018-09-12	0.000190	0.000157	0.000190	0.000155	0
F1C_USD	2018-09-11	0.000157	0.000126	0.000158	0.000124	0
F1C_USD	2018-09-10	0.000126	0.000125	0.000127	0.000125	0
F1C_USD	2018-09-09	0.000125	0.000124	0.000128	0.000123	0
F1C_USD	2018-09-08	0.000124	0.000160	0.000161	0.000123	0
F1C_USD	2018-09-07	0.000160	0.000163	0.000163	0.000158	0
F1C_USD	2018-09-06	0.000163	0.000168	0.000168	0.000158	0
F1C_USD	2018-09-05	0.000168	0.000184	0.000185	0.000168	0
F1C_USD	2018-09-04	0.000184	0.000182	0.000185	0.000181	0
F1C_USD	2018-09-03	0.000182	0.000292	0.000293	0.000181	0
F1C_USD	2018-09-02	0.000292	0.000288	0.000294	0.000252	0
F1C_USD	2018-09-01	0.000288	0.000351	0.000356	0.000287	0
F1C_USD	2018-08-31	0.000351	0.000315	0.000354	0.000312	0
F1C_USD	2018-08-30	0.000315	0.000317	0.000318	0.000306	0
F1C_USD	2018-08-29	0.000317	0.000319	0.000321	0.000312	0
F1C_USD	2018-08-28	0.000319	0.000311	0.000321	0.000309	0
F1C_USD	2018-08-27	0.000311	0.000302	0.000311	0.000300	0
F1C_USD	2018-08-26	0.000302	0.000303	0.000305	0.000296	0
F1C_USD	2018-08-25	0.000303	0.000301	0.000306	0.000300	0
F1C_USD	2018-08-24	0.000301	0.000359	0.000362	0.000291	0
F1C_USD	2018-08-23	0.000359	0.000350	0.000361	0.000349	0
F1C_USD	2018-08-22	0.000350	0.000389	0.000412	0.000344	0
F1C_USD	2018-08-21	0.000389	0.000375	0.000390	0.000375	0
F1C_USD	2018-08-20	0.000375	0.000357	0.000390	0.000319	0
F1C_USD	2018-08-19	0.000357	0.000351	0.000360	0.000347	0
F1C_USD	2018-08-18	0.000351	0.000362	0.000364	0.000347	0
F1C_USD	2018-08-17	0.000362	0.000347	0.000362	0.000346	0
F1C_USD	2018-08-16	0.000347	0.000345	0.000356	0.000319	0
F1C_USD	2018-08-15	0.000345	0.000340	0.000364	0.000340	0
F1C_USD	2018-08-14	0.000340	0.000344	0.000344	0.000324	0
F1C_USD	2018-08-13	0.000344	0.000347	0.000360	0.000339	0
F1C_USD	2018-08-12	0.000347	0.000342	0.000355	0.000340	0
F1C_USD	2018-08-11	0.000342	0.000338	0.000355	0.000331	0
F1C_USD	2018-08-10	0.000338	0.000359	0.000362	0.000331	0
F1C_USD	2018-08-09	0.000359	0.000345	0.000364	0.000340	0
F1C_USD	2018-08-08	0.000345	0.000369	0.000369	0.000337	0
F1C_USD	2018-08-07	0.000369	0.000382	0.000393	0.000367	0
F1C_USD	2018-08-06	0.000382	0.000387	0.000393	0.000377	0
F1C_USD	2018-08-05	0.000387	0.000385	0.000390	0.000379	0
F1C_USD	2018-08-04	0.000385	0.000408	0.000412	0.000381	0
F1C_USD	2018-08-03	0.000408	0.000452	0.000452	0.000405	0
F1C_USD	2018-08-02	0.000452	0.000457	0.000462	0.000448	0
F1C_USD	2018-08-01	0.000457	0.000542	0.000543	0.000447	0
F1C_USD	2018-07-31	0.000542	0.000572	0.000572	0.000537	0
F1C_USD	2018-07-30	0.000572	0.000576	0.000579	0.000551	0
F1C_USD	2018-07-29	0.000576	0.000536	0.000579	0.000528	0
F1C_USD	2018-07-28	0.000536	0.000536	0.000577	0.000536	0
F1C_USD	2018-07-27	0.000495	0.000495	0.000495	0.000495	0
F1C_USD	2018-07-26	0.000495	0.000491	0.000498	0.000491	0
F1C_USD	2018-07-25	0.000491	0.000505	0.000509	0.000485	0
F1C_USD	2018-07-24	0.000505	0.000463	0.000508	0.000462	0
F1C_USD	2018-07-23	0.000463	0.000518	0.000545	0.000460	0
F1C_USD	2018-07-22	0.000518	0.000555	0.000566	0.000514	0
F1C_USD	2018-07-21	0.000555	0.000550	0.000558	0.000542	0
F1C_USD	2018-07-20	0.000550	0.000561	0.000576	0.000546	0
F1C_USD	2018-07-19	0.000561	0.000516	0.000567	0.000510	0
F1C_USD	2018-07-18	0.000516	0.000512	0.000531	0.000508	0
F1C_USD	2018-07-17	0.000512	0.000472	0.000522	0.000436	0
F1C_USD	2018-07-16	0.000472	0.000444	0.000472	0.000443	0
F1C_USD	2018-07-15	0.000444	0.000438	0.000447	0.000436	0
F1C_USD	2018-07-14	0.000438	0.000498	0.000502	0.000433	0
F1C_USD	2018-07-13	0.000498	0.000436	0.000506	0.000435	0
F1C_USD	2018-07-12	0.000436	0.000446	0.000446	0.000426	0
F1C_USD	2018-07-11	0.000446	0.000441	0.000448	0.000440	0
F1C_USD	2018-07-10	0.000441	0.000500	0.000501	0.000433	0
F1C_USD	2018-07-09	0.000500	0.000503	0.000510	0.000498	0
F1C_USD	2018-07-08	0.000503	0.000473	0.000508	0.000470	0
F1C_USD	2018-07-07	0.000473	0.000462	0.000478	0.000427	0
F1C_USD	2018-07-06	0.000462	0.000491	0.000497	0.000460	0
F1C_USD	2018-07-05	0.000491	0.000494	0.000502	0.000485	0
F1C_USD	2018-07-04	0.000494	0.001072	0.001082	0.000492	0
F1C_USD	2018-07-03	0.001072	0.001092	0.001100	0.000014	0
F1C_USD	2018-07-02	0.001092	0.001048	0.001101	0.000000	0
F1C_USD	2018-07-01	0.001048	0.001055	0.001061	0.001035	0
F1C_USD	2018-06-30	0.001055	0.001023	0.001075	0.001023	0
F1C_USD	2018-06-29	0.001024	0.000965	0.001035	0.000957	0
F1C_USD	2018-06-28	0.000967	0.001012	0.001017	0.000962	0
F1C_USD	2018-06-27	0.001012	0.001001	0.001020	0.000988	0
F1C_USD	2018-06-26	0.001004	0.001031	0.001035	0.000999	0
F1C_USD	2018-06-25	0.001031	0.001014	0.001042	0.001004	0
F1C_USD	2018-06-24	0.001014	0.001016	0.001029	0.000953	0
F1C_USD	2018-06-23	0.001015	0.000997	0.001031	0.000993	0
F1C_USD	2018-06-22	0.000997	0.001108	0.001111	0.000980	0
F1C_USD	2018-06-21	0.001108	0.001115	0.001120	0.001104	0
F1C_USD	2018-06-20	0.001115	0.001111	0.001124	0.001083	0
F1C_USD	2018-06-19	0.001112	0.001107	0.001127	0.001101	0
F1C_USD	2018-06-18	0.001107	0.001063	0.001120	0.001054	0
F1C_USD	2018-06-17	0.001062	0.001070	0.001084	0.001060	0
F1C_USD	2018-06-16	0.001070	0.001054	0.001081	0.001044	0
F1C_USD	2018-06-15	0.001053	0.001096	0.001096	0.001049	0
F1C_USD	2018-06-14	0.001094	0.001039	0.001105	0.001035	0
F1C_USD	2018-06-13	0.001038	0.001080	0.001090	0.001011	0
F1C_USD	2018-06-12	0.001079	0.001134	0.001134	0.001063	0
F1C_USD	2018-06-11	0.001134	0.001115	0.001138	0.001095	0
F1C_USD	2018-06-10	0.001114	0.001237	0.001237	0.001096	0
F1C_USD	2018-06-09	0.001237	0.001257	0.001268	0.001233	0
F1C_USD	2018-06-08	0.001257	0.001268	0.001270	0.001245	0
F1C_USD	2018-06-07	0.001269	0.001263	0.001280	0.001262	0
F1C_USD	2018-06-06	0.001263	0.001259	0.001270	0.001237	0
F1C_USD	2018-06-05	0.001258	0.001236	0.001266	0.001217	0
F1C_USD	2018-06-04	0.001237	0.001275	0.001280	0.001231	0
F1C_USD	2018-06-03	0.001273	0.001259	0.001283	0.001254	0
F1C_USD	2018-06-02	0.001260	0.001242	0.001269	0.001230	0
F1C_USD	2018-06-01	0.001242	0.001235	0.001254	0.001213	0
F1C_USD	2018-05-31	0.001235	0.001216	0.001254	0.001211	0
F1C_USD	2018-05-30	0.001217	0.001232	0.001247	0.001201	0
F1C_USD	2018-05-29	0.001230	0.001172	0.001241	0.001163	0
F1C_USD	2018-05-28	0.001171	0.001212	0.001226	0.001166	0
F1C_USD	2018-05-27	0.001211	0.001209	0.001219	0.001192	0
F1C_USD	2018-05-26	0.001209	0.001230	0.001256	0.001203	0
F1C_USD	2018-05-25	0.001231	0.001250	0.001262	0.001210	0
F1C_USD	2018-05-24	0.001250	0.001238	0.001273	0.001199	0
F1C_USD	2018-05-23	0.001239	0.001316	0.001323	0.001229	0
F1C_USD	2018-05-22	0.001317	0.001385	0.001387	0.001312	0
F1C_USD	2018-05-21	0.001385	0.001406	0.001410	0.001380	0
F1C_USD	2018-05-20	0.001406	0.001360	0.001416	0.001348	0
F1C_USD	2018-05-19	0.001360	0.001359	0.001385	0.001344	0
F1C_USD	2018-05-18	0.001359	0.001329	0.001365	0.001308	0
F1C_USD	2018-05-17	0.001331	0.001377	0.001397	0.001319	0
F1C_USD	2018-05-16	0.001376	0.001397	0.001401	0.001337	0
F1C_USD	2018-05-15	0.001397	0.001430	0.001456	0.001390	0
F1C_USD	2018-05-14	0.001430	0.001433	0.001465	0.001366	0
F1C_USD	2018-05-13	0.001433	0.001398	0.001444	0.001374	0
F1C_USD	2018-05-12	0.001395	0.001385	0.001423	0.001354	0
F1C_USD	2018-05-11	0.001385	0.001488	0.001488	0.001377	0
F1C_USD	2018-05-10	0.001488	0.001537	0.001549	0.001486	0
F1C_USD	2018-05-09	0.001537	0.001515	0.001546	0.001482	0
F1C_USD	2018-05-08	0.001516	0.001544	0.001549	0.000000	0
F1C_USD	2018-05-07	0.001556	0.001594	0.001597	0.001518	0
F1C_USD	2018-05-06	0.001594	0.001628	0.001644	0.001560	0
F1C_USD	2018-05-05	0.001626	0.001602	0.001648	0.001598	0
F1C_USD	2018-05-04	0.001602	0.001611	0.001619	0.001578	0
F1C_USD	2018-05-03	0.001612	0.001524	0.001623	0.001513	0
F1C_USD	2018-05-02	0.001524	0.001496	0.001529	0.001482	0
F1C_USD	2018-05-01	0.001497	0.001524	0.001524	0.001458	0
F1C_USD	2018-04-30	0.001524	0.001551	0.001559	0.001504	0
F1C_USD	2018-04-29	0.001551	0.001541	0.001577	0.001515	0
F1C_USD	2018-04-28	0.001541	0.001473	0.001557	0.001464	0
F1C_USD	2018-04-27	0.001473	0.001534	0.001548	0.001469	0
F1C_USD	2018-04-26	0.001534	0.001464	0.001536	0.001430	0
F1C_USD	2018-04-25	0.001464	0.001592	0.001610	0.001449	0
F1C_USD	2018-04-24	0.001596	0.001475	0.001607	0.001473	0
F1C_USD	2018-04-23	0.001475	0.001452	0.001486	0.001447	0
F1C_USD	2018-04-22	0.001452	0.001471	0.001489	0.001444	0
F1C_USD	2018-04-21	0.001471	0.001464	0.001490	0.001422	0
F1C_USD	2018-04-20	0.001464	0.001365	0.001473	0.001357	0
F1C_USD	2018-04-19	0.001368	0.001347	0.001369	0.001338	0
F1C_USD	2018-04-18	0.001347	0.001302	0.001357	0.001299	0
F1C_USD	2018-04-17	0.001302	0.001329	0.001347	0.001291	0
F1C_USD	2018-04-16	0.001329	0.001379	0.001387	0.001304	0
F1C_USD	2018-04-15	0.001379	0.001321	0.001390	0.001321	0
F1C_USD	2018-04-14	0.001321	0.001300	0.001350	0.001291	0
F1C_USD	2018-04-13	0.001300	0.001305	0.001357	0.001280	0
F1C_USD	2018-04-12	0.001306	0.001145	0.001330	0.001116	0
F1C_USD	2018-04-11	0.001146	0.001129	0.001150	0.001121	0
F1C_USD	2018-04-10	0.001129	0.001116	0.001137	0.001098	0
F1C_USD	2018-04-09	0.001115	0.001157	0.001185	0.001091	0
F1C_USD	2018-04-08	0.001157	0.001136	0.001173	0.001136	0
F1C_USD	2018-04-07	0.001136	0.001091	0.001165	0.001089	0
F1C_USD	2018-04-06	0.001091	0.001116	0.001129	0.001074	0
F1C_USD	2018-04-05	0.001116	0.001120	0.001140	0.001084	0
F1C_USD	2018-04-04	0.001120	0.001222	0.001224	0.001105	0
F1C_USD	2018-04-03	0.001222	0.001164	0.001239	0.001158	0
F1C_USD	2018-04-02	0.001164	0.001124	0.001174	0.001118	0
F1C_USD	2018-04-01	0.001124	0.001143	0.001160	0.001062	0
F1C_USD	2018-03-31	0.001143	0.001129	0.001192	0.001121	0
F1C_USD	2018-03-30	0.001129	0.001170	0.001198	0.001085	0
F1C_USD	2018-03-29	0.001170	0.001310	0.001314	0.001137	0
F1C_USD	2018-03-28	0.001310	0.001284	0.001337	0.001275	0
F1C_USD	2018-03-27	0.001284	0.001341	0.001354	0.001277	0
F1C_USD	2018-03-26	0.001344	0.001393	0.001401	0.001295	0
F1C_USD	2018-03-25	0.001393	0.001404	0.001428	0.001382	0
F1C_USD	2018-03-24	0.001404	0.001469	0.001487	0.001402	0
F1C_USD	2018-03-23	0.001469	0.001438	0.001469	0.001365	0
F1C_USD	2018-03-22	0.001438	0.001468	0.001499	0.001399	0
F1C_USD	2018-03-21	0.001468	0.001468	0.001512	0.001445	0
F1C_USD	2018-03-20	0.001468	0.001419	0.001489	0.001372	0
F1C_USD	2018-03-19	0.001419	0.001354	0.001435	0.001339	0
F1C_USD	2018-03-18	0.001354	0.001299	0.001364	0.001208	0
F1C_USD	2018-03-17	0.001299	0.001368	0.001376	0.001279	0
F1C_USD	2018-03-16	0.001368	0.001362	0.001417	0.001304	0
F1C_USD	2018-03-15	0.001362	0.001350	0.001387	0.001267	0
F1C_USD	2018-03-14	0.001350	0.001644	0.001684	0.001307	0
F1C_USD	2018-03-13	0.001644	0.001596	0.001684	0.001567	0
F1C_USD	2018-03-12	0.001596	0.001712	0.001745	0.001540	0
F1C_USD	2018-03-11	0.001712	0.001620	0.001748	0.001536	0
F1C_USD	2018-03-10	0.001620	0.001706	0.001757	0.001612	0
F1C_USD	2018-03-09	0.001706	0.001720	0.001743	0.001545	0
F1C_USD	2018-03-08	0.001720	0.001877	0.002055	0.001673	0
F1C_USD	2018-03-07	0.001877	0.002466	0.002507	0.001845	0
F1C_USD	2018-03-06	0.002466	0.002642	0.002642	0.002218	0
F1C_USD	2018-03-05	0.002642	0.002762	0.002762	0.002637	0
F1C_USD	2018-03-04	0.002750	0.002859	0.002859	0.002627	0
F1C_USD	2018-03-03	0.002858	0.002370	0.002869	0.001884	0
F1C_USD	2018-03-02	0.002353	0.002349	0.002361	0.002323	0
