FCT_USD	2019-04-09	9.0653	9.5151	9.5151	8.9345	0
FCT_USD	2019-04-08	9.5151	9.1592	9.5287	8.8573	0
FCT_USD	2019-04-07	9.1592	8.6248	9.2789	8.5871	0
FCT_USD	2019-04-06	8.6062	8.5123	8.8440	8.3376	0
FCT_USD	2019-04-05	8.5143	8.2673	8.6850	8.1875	0
FCT_USD	2019-04-04	8.2673	8.0478	8.6061	7.9551	0
FCT_USD	2019-04-03	8.0478	8.4131	8.8213	7.8392	0
FCT_USD	2019-04-02	8.4131	7.6957	8.6707	7.5944	0
FCT_USD	2019-04-01	7.6957	7.1094	7.8502	7.0417	0
FCT_USD	2019-03-31	7.1094	7.1737	7.3376	7.0130	0
FCT_USD	2019-03-30	7.1739	6.9415	7.2003	6.9321	0
FCT_USD	2019-03-29	6.9415	6.9606	7.1794	6.9173	0
FCT_USD	2019-03-28	6.9606	6.9515	7.2734	6.8068	0
FCT_USD	2019-03-27	6.9515	6.2947	6.9842	6.2690	0
FCT_USD	2019-03-26	6.2947	6.1413	6.3042	6.0211	0
FCT_USD	2019-03-25	6.1413	6.3170	6.3865	6.0654	0
FCT_USD	2019-03-24	6.3170	6.2983	6.3410	6.1829	0
FCT_USD	2019-03-23	6.2988	6.3080	6.3689	6.1012	0
FCT_USD	2019-03-22	6.3080	6.2119	6.3341	6.2074	0
FCT_USD	2019-03-21	6.2119	6.6105	6.6437	6.1693	0
FCT_USD	2019-03-20	6.6105	6.5298	6.6158	6.4605	0
FCT_USD	2019-03-19	6.5298	6.6710	6.6710	6.4496	0
FCT_USD	2019-03-18	6.6710	6.5761	6.7753	6.5284	0
FCT_USD	2019-03-17	6.5761	6.6370	6.6679	6.4702	0
FCT_USD	2019-03-16	6.6398	6.6721	6.9116	6.6317	0
FCT_USD	2019-03-15	6.6721	6.5208	6.7233	6.4911	0
FCT_USD	2019-03-14	6.5208	6.6169	6.6501	6.4599	0
FCT_USD	2019-03-13	6.6169	6.6048	6.8157	6.4766	0
FCT_USD	2019-03-12	6.6048	6.6106	6.6355	6.3497	0
FCT_USD	2019-03-11	6.6106	6.6621	6.7288	6.4707	0
FCT_USD	2019-03-10	6.6621	6.6624	6.7121	6.3228	0
FCT_USD	2019-03-09	6.6624	6.2618	6.7527	6.1405	0
FCT_USD	2019-03-08	6.2618	6.4182	6.4300	6.2022	0
FCT_USD	2019-03-07	6.4182	6.3889	6.5143	6.3135	0
FCT_USD	2019-03-06	6.3889	6.2620	6.4610	6.1963	0
FCT_USD	2019-03-05	6.2620	5.9796	6.4150	5.9052	0
FCT_USD	2019-03-04	5.9796	6.1582	6.2289	5.7633	0
FCT_USD	2019-03-03	6.1582	5.9472	6.2256	5.8891	0
FCT_USD	2019-03-02	5.9472	6.3326	6.3657	5.6207	0
FCT_USD	2019-03-01	6.3326	6.4526	6.4830	6.3123	0
FCT_USD	2019-02-28	6.4526	6.4262	6.5693	6.2942	0
FCT_USD	2019-02-27	6.4262	6.6012	6.6479	6.2104	0
FCT_USD	2019-02-26	6.6012	6.7021	6.7290	6.3795	0
FCT_USD	2019-02-25	6.7021	6.5931	6.8166	6.5876	0
FCT_USD	2019-02-24	6.5955	7.0910	7.6146	6.5512	0
FCT_USD	2019-02-23	7.0910	6.8780	7.1687	6.7363	0
FCT_USD	2019-02-22	6.8892	6.5920	7.2976	6.5609	0
FCT_USD	2019-02-21	6.5920	7.0046	7.1150	6.4860	0
FCT_USD	2019-02-20	7.0046	6.4389	7.1238	6.3694	0
FCT_USD	2019-02-19	6.4389	6.3664	6.5741	6.2351	0
FCT_USD	2019-02-18	6.3664	6.1641	6.4855	6.1261	0
FCT_USD	2019-02-17	6.1641	6.1011	6.2919	6.0610	0
FCT_USD	2019-02-16	6.1011	6.0521	6.2678	6.0422	0
FCT_USD	2019-02-15	6.0424	6.0921	6.2178	6.0356	0
FCT_USD	2019-02-14	6.0921	6.1430	6.2642	6.0704	0
FCT_USD	2019-02-13	6.1430	6.1537	6.2514	6.0886	0
FCT_USD	2019-02-12	6.1537	6.2858	6.2867	6.1011	0
FCT_USD	2019-02-11	6.2858	6.4596	6.4639	6.1772	0
FCT_USD	2019-02-10	6.4596	6.2460	6.6005	6.0601	0
FCT_USD	2019-02-09	6.2460	6.2391	6.4164	6.0735	0
FCT_USD	2019-02-08	6.2391	5.8824	6.5324	5.8540	0
FCT_USD	2019-02-07	5.8824	6.0744	6.1491	5.7763	0
FCT_USD	2019-02-06	6.0744	6.1006	6.1160	5.7873	0
FCT_USD	2019-02-05	6.1006	5.9665	6.3035	5.7471	0
FCT_USD	2019-02-04	5.9665	5.9513	6.1021	5.8766	0
FCT_USD	2019-02-03	5.9513	6.2311	6.2355	5.9314	0
FCT_USD	2019-02-02	6.2226	5.9631	6.4492	5.9609	0
FCT_USD	2019-02-01	5.9631	5.9910	6.1124	5.6046	0
FCT_USD	2019-01-31	5.9910	6.0998	6.3499	5.8376	0
FCT_USD	2019-01-30	6.0998	5.8735	6.5079	5.8352	0
FCT_USD	2019-01-29	5.8735	5.8346	6.3389	5.6022	0
FCT_USD	2019-01-28	5.8346	6.7123	6.7123	5.5612	0
FCT_USD	2019-01-27	6.7123	6.8323	7.2895	6.4525	0
FCT_USD	2019-01-26	6.8324	7.0416	7.1163	6.7981	0
FCT_USD	2019-01-25	7.0416	7.7254	7.7254	6.9770	0
FCT_USD	2019-01-24	7.7254	7.9490	7.9612	7.6424	0
FCT_USD	2019-01-23	7.9490	8.7682	8.7790	7.6926	0
FCT_USD	2019-01-22	8.7682	7.4678	8.8782	7.4265	0
FCT_USD	2019-01-21	7.4678	6.3539	7.6050	6.2534	0
FCT_USD	2019-01-20	6.3539	6.6459	6.9362	6.2795	0
FCT_USD	2019-01-19	6.6459	6.2478	6.7668	6.2478	0
FCT_USD	2019-01-18	6.2478	6.2158	6.2599	6.0449	0
FCT_USD	2019-01-17	6.2158	6.1978	6.4639	6.1555	0
FCT_USD	2019-01-16	6.1978	6.0418	6.3142	5.7359	0
FCT_USD	2019-01-15	6.0418	6.9409	6.9655	6.0418	0
FCT_USD	2019-01-14	6.9409	6.7352	7.0115	6.6237	0
FCT_USD	2019-01-13	6.7352	6.9333	6.9679	6.5618	0
FCT_USD	2019-01-12	6.9333	6.9670	7.0926	6.8846	0
FCT_USD	2019-01-11	6.9653	6.8226	7.2390	6.8121	0
FCT_USD	2019-01-10	6.8226	8.0172	8.0826	6.8166	0
FCT_USD	2019-01-09	8.0172	7.7071	8.1887	7.5385	0
FCT_USD	2019-01-08	7.7071	7.9017	7.9557	7.6383	0
FCT_USD	2019-01-07	7.9017	8.1581	8.1902	7.5895	0
FCT_USD	2019-01-06	8.1581	7.7038	15.6810	7.6354	0
FCT_USD	2019-01-05	7.7050	8.2098	8.3975	7.5767	0
FCT_USD	2019-01-04	8.2147	8.2877	8.3530	7.9338	0
FCT_USD	2019-01-03	8.2877	8.9160	8.9497	8.2802	0
FCT_USD	2019-01-02	8.9160	13.7182	13.7794	8.6870	0
FCT_USD	2019-01-01	13.7182	13.7127	13.9252	8.0640	0
FCT_USD	2018-12-31	13.7127	10.3338	14.0924	10.0254	0
FCT_USD	2018-12-30	10.3338	10.1104	10.3764	10.0028	0
FCT_USD	2018-12-29	10.0992	10.4997	10.6326	10.0612	0
FCT_USD	2018-12-28	10.4997	9.6576	10.6240	9.6153	0
FCT_USD	2018-12-27	9.6576	10.2197	10.3027	9.5905	0
FCT_USD	2018-12-26	10.2197	10.1518	10.3699	9.9123	0
FCT_USD	2018-12-25	10.1518	10.7683	10.7970	9.9353	0
FCT_USD	2018-12-24	10.7794	10.5891	11.4006	10.5891	0
FCT_USD	2018-12-23	10.5891	10.7724	10.9118	10.4774	0
FCT_USD	2018-12-22	10.7482	10.3558	10.8015	10.2075	0
FCT_USD	2018-12-21	10.3442	10.9740	11.1662	10.1705	0
FCT_USD	2018-12-20	10.9740	9.9133	11.1838	9.8405	0
FCT_USD	2018-12-19	9.9133	9.8345	10.5102	9.7885	0
FCT_USD	2018-12-18	9.8345	10.9178	11.0768	9.3285	0
FCT_USD	2018-12-17	10.9178	5.8438	11.1371	5.8094	0
FCT_USD	2018-12-16	5.8438	5.8188	5.9809	5.8025	0
FCT_USD	2018-12-15	5.8188	5.8043	5.8743	5.6960	0
FCT_USD	2018-12-14	5.8031	5.9332	9.1716	5.7051	0
FCT_USD	2018-12-13	5.9332	5.8611	10.0141	5.1898	0
FCT_USD	2018-12-12	5.8611	5.8596	10.4656	5.8166	0
FCT_USD	2018-12-11	5.9114	9.4260	15.2342	5.8967	0
FCT_USD	2018-12-10	9.4260	14.4812	15.5894	9.3163	0
FCT_USD	2018-12-09	14.4812	12.2502	15.7804	11.9436	0
FCT_USD	2018-12-08	12.2512	12.5377	15.6790	9.0763	0
FCT_USD	2018-12-07	12.5377	14.3345	14.4081	11.9015	0
FCT_USD	2018-12-06	14.3345	14.9293	18.5964	13.5767	0
FCT_USD	2018-12-05	14.9293	11.5326	15.4092	11.5115	0
FCT_USD	2018-12-04	11.5326	10.9102	14.5889	10.8213	0
FCT_USD	2018-12-03	10.9102	10.8903	11.4187	10.4714	0
FCT_USD	2018-12-02	10.8903	11.1003	11.3914	10.8041	0
FCT_USD	2018-12-01	11.1002	11.4893	11.7590	9.7740	0
FCT_USD	2018-11-30	11.4893	10.1401	11.5418	9.0303	0
FCT_USD	2018-11-29	10.1401	9.4593	10.3532	9.1897	0
FCT_USD	2018-11-28	9.4593	8.4949	9.7292	6.1039	0
FCT_USD	2018-11-27	8.4949	8.4027	10.6729	7.5583	0
FCT_USD	2018-11-26	8.4027	11.4065	12.6854	8.4027	0
FCT_USD	2018-11-25	11.4065	7.7639	11.6702	7.2444	0
FCT_USD	2018-11-24	7.7639	10.0602	10.9242	3.8450	0
FCT_USD	2018-11-23	10.0602	6.0717	10.1707	5.8769	0
FCT_USD	2018-11-22	6.0717	6.6048	6.6711	5.8531	0
FCT_USD	2018-11-21	6.6048	5.5781	8.6713	5.2071	0
FCT_USD	2018-11-20	5.5781	6.4032	8.3609	5.0757	0
FCT_USD	2018-11-19	6.4032	6.0331	7.1430	5.7774	0
FCT_USD	2018-11-18	6.0331	4.4814	8.5896	4.4814	0
FCT_USD	2018-11-17	4.4813	4.5076	4.5081	2.7342	0
FCT_USD	2018-11-16	4.5076	4.3754	4.5226	4.2420	0
FCT_USD	2018-11-15	4.3754	4.4764	4.5101	4.1395	0
FCT_USD	2018-11-14	4.4764	4.9172	4.9328	4.3394	0
FCT_USD	2018-11-13	4.9172	4.9040	4.9430	4.8709	0
FCT_USD	2018-11-12	4.9040	4.9211	4.9363	4.8826	0
FCT_USD	2018-11-11	4.9211	4.8950	4.9211	4.8466	0
FCT_USD	2018-11-10	4.8950	4.8836	4.9172	4.8793	0
FCT_USD	2018-11-09	4.8836	5.7180	5.7388	4.8634	0
FCT_USD	2018-11-08	5.7180	5.7973	5.8082	4.9390	0
FCT_USD	2018-11-07	5.7973	5.7426	5.8238	5.7399	0
FCT_USD	2018-11-06	5.7426	5.7008	5.7426	5.4621	0
FCT_USD	2018-11-05	5.7008	5.7120	5.7209	5.4435	0
FCT_USD	2018-11-04	5.7120	5.8472	5.8721	4.5005	0
FCT_USD	2018-11-03	5.8472	5.8804	5.8853	5.7952	0
FCT_USD	2018-11-02	5.8804	5.8511	5.9013	5.8449	0
FCT_USD	2018-11-01	5.8511	5.8203	6.0931	5.8072	0
FCT_USD	2018-10-31	5.8203	5.7826	5.8467	5.7121	0
FCT_USD	2018-10-30	5.7826	5.7930	5.8266	5.7671	0
FCT_USD	2018-10-29	5.7930	4.5107	5.9351	4.5090	0
FCT_USD	2018-10-28	4.5107	4.5263	4.7259	4.3170	0
FCT_USD	2018-10-27	4.5263	4.5470	4.5638	4.5119	0
FCT_USD	2018-10-26	4.5469	4.5431	4.5867	4.5362	0
FCT_USD	2018-10-25	4.5431	4.2620	4.5639	4.2320	0
FCT_USD	2018-10-24	4.2620	4.2594	4.3067	4.2549	0
FCT_USD	2018-10-23	4.2594	4.2702	4.2816	4.2472	0
FCT_USD	2018-10-22	4.2702	4.5787	4.5807	4.2585	0
FCT_USD	2018-10-21	4.5787	3.9858	4.8030	3.9839	0
FCT_USD	2018-10-20	3.9851	3.8519	3.9982	3.7148	0
FCT_USD	2018-10-19	3.8516	3.8831	3.8999	3.8472	0
FCT_USD	2018-10-18	3.8831	3.9558	3.9809	3.8565	0
FCT_USD	2018-10-17	3.9558	3.9705	3.9923	3.9249	0
FCT_USD	2018-10-16	3.9705	3.9622	4.0501	3.1867	0
FCT_USD	2018-10-15	3.9622	3.3825	4.0435	3.3647	0
FCT_USD	2018-10-14	3.3825	5.3573	5.4147	3.3773	0
FCT_USD	2018-10-13	5.3573	5.3292	5.3616	5.3252	0
FCT_USD	2018-10-12	5.3325	5.2971	5.3759	5.2698	0
FCT_USD	2018-10-11	5.2971	5.6146	5.6146	5.2757	0
FCT_USD	2018-10-10	5.6146	5.6424	5.6424	5.5294	0
FCT_USD	2018-10-09	5.6424	5.6510	5.6569	5.5962	0
FCT_USD	2018-10-08	5.6510	5.5898	5.6892	5.5771	0
FCT_USD	2018-10-07	5.5898	5.5821	5.6176	5.5341	0
FCT_USD	2018-10-06	5.5821	5.6269	5.6298	5.5584	0
FCT_USD	2018-10-05	5.6269	5.5721	5.6439	5.5450	0
FCT_USD	2018-10-04	5.5721	5.5069	5.6169	5.5037	0
FCT_USD	2018-10-03	5.5069	5.5367	5.5488	5.4458	0
FCT_USD	2018-10-02	5.5367	5.5897	5.6170	5.5162	0
FCT_USD	2018-10-01	5.5897	5.6050	5.6394	5.5221	0
FCT_USD	2018-09-30	5.6050	5.5929	5.6368	5.5312	0
FCT_USD	2018-09-29	5.5929	5.6187	5.6187	5.4755	0
FCT_USD	2018-09-28	5.6187	5.6643	5.7796	5.5427	0
FCT_USD	2018-09-27	5.6643	5.4724	5.6967	5.4544	0
FCT_USD	2018-09-26	5.4724	5.4490	5.5479	5.4076	0
FCT_USD	2018-09-25	5.4490	5.5763	5.5763	5.3784	0
FCT_USD	2018-09-24	5.5763	5.6830	5.6920	5.5510	0
FCT_USD	2018-09-23	5.6830	5.6932	5.7441	5.6448	0
FCT_USD	2018-09-22	5.6941	5.7349	5.7926	5.6259	0
FCT_USD	2018-09-21	5.7349	5.5047	5.7412	5.5010	0
FCT_USD	2018-09-20	5.5047	5.4126	5.5254	5.3834	0
FCT_USD	2018-09-19	5.4126	5.3711	5.4777	5.1773	0
FCT_USD	2018-09-18	5.3711	5.2966	5.4047	5.2757	0
FCT_USD	2018-09-17	5.2966	5.5030	5.5312	5.2612	0
FCT_USD	2018-09-16	5.5030	5.5170	5.5192	5.4029	0
FCT_USD	2018-09-15	5.5213	5.4875	5.5627	5.4820	0
FCT_USD	2018-09-14	5.4935	5.4836	5.5772	5.3969	0
FCT_USD	2018-09-13	5.4836	5.3660	5.5242	5.3637	0
FCT_USD	2018-09-12	5.3660	5.3264	5.3772	5.2528	0
FCT_USD	2018-09-11	5.3264	5.3418	5.4070	5.2333	0
FCT_USD	2018-09-10	5.3418	5.2838	5.3740	5.2838	0
FCT_USD	2018-09-09	5.2838	5.2376	5.4343	5.2130	0
FCT_USD	2018-09-08	5.2376	5.4230	5.4832	5.1995	0
FCT_USD	2018-09-07	5.4230	5.5161	5.5325	5.3562	0
FCT_USD	2018-09-06	5.5161	5.6770	5.6909	5.3444	0
FCT_USD	2018-09-05	5.6770	6.2317	6.2620	5.6737	0
FCT_USD	2018-09-04	6.2317	6.1563	6.2752	6.1362	0
FCT_USD	2018-09-03	6.1563	6.1736	6.2126	6.0972	0
FCT_USD	2018-09-02	6.1736	6.0949	6.2215	6.0439	0
FCT_USD	2018-09-01	6.0949	5.9503	6.1482	5.9450	0
FCT_USD	2018-08-31	5.9503	5.9183	5.9988	5.8387	0
FCT_USD	2018-08-30	5.9183	5.9755	5.9833	5.7546	0
FCT_USD	2018-08-29	5.9755	5.9997	6.0405	5.8744	0
FCT_USD	2018-08-28	5.9997	5.2048	6.0037	5.1814	0
FCT_USD	2018-08-27	5.2048	5.0553	5.2108	4.7407	0
FCT_USD	2018-08-26	5.0553	5.6938	5.7293	4.8364	0
FCT_USD	2018-08-25	5.6938	4.6799	5.7221	4.6626	0
FCT_USD	2018-08-24	4.6788	4.5606	4.7003	4.5163	0
FCT_USD	2018-08-23	4.5606	4.4381	4.5874	4.4352	0
FCT_USD	2018-08-22	4.4381	4.5235	4.7940	4.3668	0
FCT_USD	2018-08-21	4.5235	4.3663	4.5377	4.3628	0
FCT_USD	2018-08-20	4.3663	6.4202	6.4553	4.3663	0
FCT_USD	2018-08-19	6.4202	6.3271	6.4741	6.2462	0
FCT_USD	2018-08-18	6.3267	6.5174	6.5441	6.2416	0
FCT_USD	2018-08-17	6.5228	3.8817	6.5228	3.8702	0
FCT_USD	2018-08-16	3.8817	5.7060	5.7466	3.8335	0
FCT_USD	2018-08-15	5.7060	4.4848	7.1687	4.4819	0
FCT_USD	2018-08-14	4.4848	4.5326	4.5326	4.0770	0
FCT_USD	2018-08-13	4.5326	5.4456	6.3065	4.5287	0
FCT_USD	2018-08-12	5.4456	5.3741	5.5631	5.3269	0
FCT_USD	2018-08-11	5.3692	6.4365	6.4585	4.9710	0
FCT_USD	2018-08-10	6.4337	6.9874	7.0351	5.5178	0
FCT_USD	2018-08-09	6.9874	6.7188	7.0864	6.6241	0
FCT_USD	2018-08-08	6.7188	7.1897	7.1897	6.5635	0
FCT_USD	2018-08-07	7.1897	6.5381	7.6177	6.2599	0
FCT_USD	2018-08-06	6.5381	6.3498	6.6250	6.2126	0
FCT_USD	2018-08-05	6.3498	6.3334	6.4033	6.2215	0
FCT_USD	2018-08-04	6.3268	6.7000	6.7620	6.2571	0
FCT_USD	2018-08-03	6.6966	8.0849	8.0849	6.5960	0
FCT_USD	2018-08-02	8.0849	7.1213	8.1203	6.9717	0
FCT_USD	2018-08-01	7.1213	8.2531	8.3520	6.9692	0
FCT_USD	2018-07-31	8.2531	8.7071	8.7124	8.1734	0
FCT_USD	2018-07-30	8.7071	8.7611	8.8190	8.3815	0
FCT_USD	2018-07-29	8.7611	8.4516	10.4324	8.3227	0
FCT_USD	2018-07-28	8.4517	5.4173	9.6518	5.0177	0
FCT_USD	2018-07-27	5.4173	5.3827	9.5951	4.6509	0
FCT_USD	2018-07-26	5.3827	5.2722	5.4899	4.6266	0
FCT_USD	2018-07-25	5.2722	7.8757	10.6441	4.7682	0
FCT_USD	2018-07-24	7.8757	8.7013	9.0572	3.4332	0
FCT_USD	2018-07-23	8.7013	8.4006	8.8296	8.3694	0
FCT_USD	2018-07-22	8.4006	8.5576	10.3104	8.3386	0
FCT_USD	2018-07-21	8.5576	10.0834	11.9895	5.0587	0
FCT_USD	2018-07-20	10.0823	10.2960	10.6445	10.0102	0
FCT_USD	2018-07-19	10.2960	11.2554	11.4646	10.1831	0
FCT_USD	2018-07-18	11.2554	11.7038	12.1473	11.2325	0
FCT_USD	2018-07-17	11.7038	10.8446	13.0496	10.7421	0
FCT_USD	2018-07-16	10.8446	10.1520	11.5313	9.2209	0
FCT_USD	2018-07-15	10.1520	9.3725	10.2182	9.3472	0
FCT_USD	2018-07-14	9.3725	9.3298	9.4521	9.2696	0
FCT_USD	2018-07-13	9.3298	10.2694	11.2425	9.2997	0
FCT_USD	2018-07-12	10.2694	10.5259	11.3890	10.0225	0
FCT_USD	2018-07-11	10.5259	10.4583	10.8109	10.4404	0
FCT_USD	2018-07-10	10.4583	10.2328	11.5180	10.2328	0
FCT_USD	2018-07-09	10.2328	9.9765	10.4413	9.9445	0
FCT_USD	2018-07-08	9.9765	9.6040	10.0665	9.5413	0
FCT_USD	2018-07-07	9.6040	9.1712	9.6953	9.1244	0
FCT_USD	2018-07-06	9.1701	9.0844	9.2091	8.2015	0
FCT_USD	2018-07-05	9.0844	6.2097	9.2168	6.1503	0
FCT_USD	2018-07-04	6.2097	6.1249	6.3266	6.0476	0
FCT_USD	2018-07-03	6.1249	6.2357	6.2848	0.0820	0
FCT_USD	2018-07-02	6.2357	5.9827	6.2892	0.0001	0
FCT_USD	2018-07-01	5.9833	6.0227	6.0606	5.9086	0
FCT_USD	2018-06-30	6.0228	5.8451	6.1403	5.8451	0
FCT_USD	2018-06-29	5.8499	8.8593	8.9692	4.9254	0
FCT_USD	2018-06-28	8.8736	9.2898	9.3369	8.8300	0
FCT_USD	2018-06-27	9.2890	9.9508	10.0851	9.2730	0
FCT_USD	2018-06-26	9.9823	10.2588	10.2975	8.9077	0
FCT_USD	2018-06-25	10.2521	10.2679	11.4597	9.9795	0
FCT_USD	2018-06-24	10.2712	10.2911	10.4227	9.3503	0
FCT_USD	2018-06-23	10.2777	10.0948	10.4398	10.0172	0
FCT_USD	2018-06-22	10.0950	11.1220	11.1498	9.9180	0
FCT_USD	2018-06-21	11.1214	11.2014	11.2462	11.0841	0
FCT_USD	2018-06-20	11.2020	11.1387	11.2805	10.8544	0
FCT_USD	2018-06-19	11.1513	11.1035	11.2965	11.0354	0
FCT_USD	2018-06-18	11.0997	11.2621	12.1782	10.6356	0
FCT_USD	2018-06-17	11.2530	11.3698	11.5040	11.2346	0
FCT_USD	2018-06-16	11.3677	10.8388	11.4828	9.9424	0
FCT_USD	2018-06-15	10.8337	10.1380	11.5098	10.0045	0
FCT_USD	2018-06-14	10.1185	10.4321	10.8428	9.0529	0
FCT_USD	2018-06-13	10.4260	10.9013	11.0001	9.4303	0
FCT_USD	2018-06-12	10.8986	11.4576	11.4576	10.7333	0
FCT_USD	2018-06-11	11.4632	12.5004	12.5856	9.8383	0
FCT_USD	2018-06-10	12.4860	13.8719	13.8719	12.2853	0
FCT_USD	2018-06-09	13.8681	14.0882	14.2168	13.8216	0
FCT_USD	2018-06-08	14.0880	15.6885	15.7108	13.4191	0
FCT_USD	2018-06-07	15.6950	15.8819	16.0936	15.6550	0
FCT_USD	2018-06-06	15.8811	15.6373	17.6470	15.5491	0
FCT_USD	2018-06-05	15.6240	15.1842	15.6243	12.1771	0
FCT_USD	2018-06-04	15.1953	16.2402	19.5610	12.4727	0
FCT_USD	2018-06-03	16.2403	16.5746	18.3508	15.7145	0
FCT_USD	2018-06-02	16.5745	14.4727	16.6570	12.9146	0
FCT_USD	2018-06-01	14.4612	14.3878	14.6171	14.1402	0
FCT_USD	2018-05-31	14.3891	13.6202	14.8791	13.5542	0
FCT_USD	2018-05-30	13.6202	13.5640	13.7342	0.0000	0
FCT_USD	2018-05-29	13.5478	14.5602	18.4066	13.5205	0
FCT_USD	2018-05-28	14.5512	17.5158	17.5987	14.4912	0
FCT_USD	2018-05-27	17.5158	17.5260	17.6390	17.2701	0
FCT_USD	2018-05-26	17.5221	17.1234	18.2148	15.9752	0
FCT_USD	2018-05-25	17.1265	17.4687	17.6159	16.8758	0
FCT_USD	2018-05-24	17.4614	17.3647	17.8432	16.7877	0
FCT_USD	2018-05-23	17.3779	19.0142	19.1156	17.2521	0
FCT_USD	2018-05-22	19.0208	21.0225	21.0460	18.9478	0
FCT_USD	2018-05-21	21.0225	21.9694	22.0258	19.9035	0
FCT_USD	2018-05-20	21.9694	19.0548	22.0051	18.8970	0
FCT_USD	2018-05-19	19.0548	20.3398	21.3066	18.4529	0
FCT_USD	2018-05-18	20.3398	19.8818	20.4351	19.5648	0
FCT_USD	2018-05-17	19.9078	20.6429	20.9233	19.7365	0
FCT_USD	2018-05-16	20.6251	20.8537	21.2628	19.1728	0
FCT_USD	2018-05-15	20.8539	20.8297	21.3483	18.9238	0
FCT_USD	2018-05-14	20.8310	22.6776	23.6917	16.7390	0
FCT_USD	2018-05-13	22.6776	22.3230	22.8589	21.8956	0
FCT_USD	2018-05-12	22.2719	21.9144	23.8636	21.0481	0
FCT_USD	2018-05-11	21.8621	24.2025	24.5066	21.7396	0
FCT_USD	2018-05-10	24.2025	23.9862	25.6666	23.7366	0
FCT_USD	2018-05-09	23.9862	25.5097	25.7278	22.9171	0
FCT_USD	2018-05-08	25.5191	25.4506	26.4970	0.0028	0
FCT_USD	2018-05-07	25.7879	28.1405	28.2467	23.7552	0
FCT_USD	2018-05-06	28.1405	29.2138	30.0038	27.1363	0
FCT_USD	2018-05-05	29.4566	29.6478	31.6969	24.3075	0
FCT_USD	2018-05-04	30.0278	30.3566	31.3310	29.1098	0
FCT_USD	2018-05-03	30.3566	30.0581	31.6363	29.7202	0
FCT_USD	2018-05-02	30.0581	29.1960	30.6531	28.6934	0
FCT_USD	2018-05-01	29.1960	29.9287	30.0263	28.7065	0
FCT_USD	2018-04-30	29.9287	31.0742	31.2612	29.3137	0
FCT_USD	2018-04-29	31.0742	30.2555	31.2199	29.7768	0
FCT_USD	2018-04-28	30.2555	29.5014	30.7849	28.8048	0
FCT_USD	2018-04-27	29.5321	30.0675	31.1676	29.4221	0
FCT_USD	2018-04-26	30.0675	27.9556	30.6071	27.2670	0
FCT_USD	2018-04-25	27.9556	30.3990	31.5068	27.7301	0
FCT_USD	2018-04-24	30.3990	29.8927	32.3292	29.8614	0
FCT_USD	2018-04-23	29.8927	30.4419	31.1643	29.5190	0
FCT_USD	2018-04-22	30.4419	30.7804	31.9158	29.5668	0
FCT_USD	2018-04-21	30.8138	30.3959	30.8873	28.6055	0
FCT_USD	2018-04-20	30.3963	29.9981	31.4742	29.4978	0
FCT_USD	2018-04-19	29.9981	29.1681	30.8290	28.9502	0
FCT_USD	2018-04-18	29.1681	26.8232	29.9010	26.7709	0
FCT_USD	2018-04-17	26.8232	26.1442	28.3037	26.0152	0
FCT_USD	2018-04-16	26.1442	27.2838	28.0067	25.1802	0
FCT_USD	2018-04-15	27.2838	25.5264	28.2021	25.5264	0
FCT_USD	2018-04-14	25.5325	25.3997	27.1795	25.0594	0
FCT_USD	2018-04-13	25.3940	26.3354	27.8001	25.1241	0
FCT_USD	2018-04-12	26.3354	20.8518	26.5551	20.6701	0
FCT_USD	2018-04-11	20.8518	20.2058	20.8697	19.8567	0
FCT_USD	2018-04-10	20.2058	19.7335	20.5325	18.5112	0
FCT_USD	2018-04-09	19.7335	20.6913	21.5189	19.3453	0
FCT_USD	2018-04-08	20.6913	20.3810	21.1427	20.3228	0
FCT_USD	2018-04-07	20.4474	19.0653	20.6661	18.9162	0
FCT_USD	2018-04-06	18.9520	19.5804	21.1626	18.7066	0
FCT_USD	2018-04-05	19.5804	19.4408	19.9208	18.8262	0
FCT_USD	2018-04-04	19.4408	21.5048	21.7271	19.1817	0
FCT_USD	2018-04-03	21.5048	20.6415	22.3372	20.1626	0
FCT_USD	2018-04-02	20.6415	19.1580	20.6527	18.9448	0
FCT_USD	2018-04-01	19.1580	19.1926	19.4344	17.2497	0
FCT_USD	2018-03-31	19.1926	17.6343	20.3240	17.6295	0
FCT_USD	2018-03-30	17.6124	19.4085	19.7106	17.0317	0
FCT_USD	2018-03-29	19.4085	23.3088	24.3034	18.9734	0
FCT_USD	2018-03-28	23.3088	23.6411	25.1296	23.2106	0
FCT_USD	2018-03-27	23.6411	24.2120	25.5056	22.8112	0
FCT_USD	2018-03-26	24.2120	23.6581	27.3416	22.7830	0
FCT_USD	2018-03-25	23.6581	22.3737	24.1024	21.6771	0
FCT_USD	2018-03-24	22.3125	23.2804	24.4324	22.2864	0
FCT_USD	2018-03-23	23.2390	25.3115	25.3787	21.6155	0
FCT_USD	2018-03-22	25.3115	26.3274	26.7241	22.8174	0
FCT_USD	2018-03-21	26.3274	23.1620	27.1171	23.1107	0
FCT_USD	2018-03-20	23.1620	27.4084	27.4084	21.6661	0
FCT_USD	2018-03-19	27.4084	21.1702	31.8748	20.6919	0
FCT_USD	2018-03-18	21.1702	21.0304	22.9995	16.0679	0
FCT_USD	2018-03-17	21.0441	27.1271	27.3265	20.7661	0
FCT_USD	2018-03-16	27.2621	22.0136	31.9783	20.6381	0
FCT_USD	2018-03-15	22.0136	22.9213	23.2139	20.5365	0
FCT_USD	2018-03-14	22.9213	26.4166	27.3842	22.2072	0
FCT_USD	2018-03-13	26.4166	26.1738	27.4520	25.5367	0
FCT_USD	2018-03-12	26.1738	26.8055	28.1381	25.2280	0
FCT_USD	2018-03-11	26.8055	25.0714	28.2428	24.1192	0
FCT_USD	2018-03-10	25.0451	25.7391	27.0590	24.8845	0
FCT_USD	2018-03-09	25.7742	25.4483	26.0614	22.7716	0
FCT_USD	2018-03-08	25.4483	32.6179	37.6202	25.1641	0
FCT_USD	2018-03-07	32.6179	29.5680	35.5864	25.4300	0
FCT_USD	2018-03-06	29.5680	34.7334	41.6047	29.4785	0
FCT_USD	2018-03-05	34.7334	35.8327	35.9158	34.6649	0
FCT_USD	2018-03-04	35.8327	35.2559	39.2415	33.2109	0
FCT_USD	2018-03-03	35.2991	36.2785	36.9962	35.0309	0
FCT_USD	2018-03-02	36.0437	33.9177	36.7580	33.2883	0
FCT_USD	2018-03-01	33.9177	31.4491	34.3403	31.1211	0
FCT_USD	2018-02-28	31.4491	34.4596	36.1282	31.3480	0
FCT_USD	2018-02-27	34.4596	32.9229	36.4415	31.4889	0
FCT_USD	2018-02-26	32.9229	29.7076	33.3860	29.3758	0
