FLO_USD	2019-04-09	0.107992	0.115669	0.115669	0.105529	0
FLO_USD	2019-04-08	0.115669	0.120438	0.122395	0.109071	0
FLO_USD	2019-04-07	0.120438	0.112729	0.121245	0.100622	0
FLO_USD	2019-04-06	0.112729	0.100134	0.120668	0.099210	0
FLO_USD	2019-04-05	0.100134	0.094206	0.102432	0.092350	0
FLO_USD	2019-04-04	0.094206	0.102785	0.108620	0.092099	0
FLO_USD	2019-04-03	0.102785	0.090716	0.118184	0.085835	0
FLO_USD	2019-04-02	0.090716	0.076566	0.093741	0.076398	0
FLO_USD	2019-04-01	0.076566	0.079434	0.081131	0.075690	0
FLO_USD	2019-03-31	0.079434	0.081987	0.085255	0.078403	0
FLO_USD	2019-03-30	0.081987	0.083790	0.086369	0.080392	0
FLO_USD	2019-03-29	0.083790	0.088501	0.090481	0.082080	0
FLO_USD	2019-03-28	0.088501	0.084164	0.093351	0.077956	0
FLO_USD	2019-03-27	0.084164	0.082627	0.084556	0.076757	0
FLO_USD	2019-03-26	0.082627	0.083369	0.091329	0.079078	0
FLO_USD	2019-03-25	0.083369	0.075494	0.084024	0.072706	0
FLO_USD	2019-03-24	0.075494	0.079049	0.089982	0.068339	0
FLO_USD	2019-03-23	0.079049	0.059740	0.080225	0.059679	0
FLO_USD	2019-03-22	0.059740	0.057781	0.060587	0.056109	0
FLO_USD	2019-03-21	0.057781	0.055490	0.057864	0.051871	0
FLO_USD	2019-03-20	0.055490	0.056480	0.056480	0.052877	0
FLO_USD	2019-03-19	0.056480	0.053345	0.056502	0.050380	0
FLO_USD	2019-03-18	0.053345	0.060770	0.061573	0.050774	0
FLO_USD	2019-03-17	0.060770	0.057318	0.062546	0.056064	0
FLO_USD	2019-03-16	0.057318	0.057825	0.058895	0.056085	0
FLO_USD	2019-03-15	0.057825	0.055634	0.060583	0.052133	0
FLO_USD	2019-03-14	0.055634	0.056179	0.058358	0.051573	0
FLO_USD	2019-03-13	0.056179	0.052431	0.060133	0.052364	0
FLO_USD	2019-03-12	0.052431	0.064749	0.067778	0.052016	0
FLO_USD	2019-03-11	0.064749	0.073008	0.073132	0.058295	0
FLO_USD	2019-03-10	0.073008	0.077817	0.084097	0.070223	0
FLO_USD	2019-03-09	0.077817	0.059207	0.086191	0.059008	0
FLO_USD	2019-03-08	0.059207	0.050450	0.066231	0.049820	0
FLO_USD	2019-03-07	0.050450	0.053107	0.057918	0.046257	0
FLO_USD	2019-03-06	0.053107	0.045663	0.058890	0.045488	0
FLO_USD	2019-03-05	0.045663	0.040319	0.046324	0.039515	0
FLO_USD	2019-03-04	0.040319	0.041623	0.042327	0.038265	0
FLO_USD	2019-03-03	0.041623	0.041596	0.043252	0.041124	0
FLO_USD	2019-03-02	0.041596	0.040443	0.044478	0.040364	0
FLO_USD	2019-03-01	0.040443	0.039967	0.041823	0.038998	0
FLO_USD	2019-02-28	0.039967	0.041115	0.045618	0.039125	0
FLO_USD	2019-02-27	0.041115	0.040855	0.044231	0.039302	0
FLO_USD	2019-02-26	0.040855	0.040394	0.041272	0.038711	0
FLO_USD	2019-02-25	0.040394	0.040226	0.041735	0.038849	0
FLO_USD	2019-02-24	0.040226	0.045303	0.045518	0.037523	0
FLO_USD	2019-02-23	0.045303	0.047518	0.047518	0.042135	0
FLO_USD	2019-02-22	0.047518	0.044450	0.047580	0.043526	0
FLO_USD	2019-02-21	0.044450	0.046920	0.049647	0.041125	0
FLO_USD	2019-02-20	0.046920	0.046919	0.047862	0.044373	0
FLO_USD	2019-02-19	0.046919	0.045062	0.048767	0.042883	0
FLO_USD	2019-02-18	0.045062	0.048246	0.049982	0.042842	0
FLO_USD	2019-02-17	0.048246	0.047720	0.049315	0.040721	0
FLO_USD	2019-02-16	0.047720	0.051115	0.051353	0.041934	0
FLO_USD	2019-02-15	0.051115	0.052356	0.055790	0.049675	0
FLO_USD	2019-02-14	0.052356	0.054704	0.065841	0.051552	0
FLO_USD	2019-02-13	0.054704	0.047747	0.055860	0.044077	0
FLO_USD	2019-02-12	0.047747	0.050228	0.050235	0.046863	0
FLO_USD	2019-02-11	0.050228	0.051371	0.051432	0.049084	0
FLO_USD	2019-02-10	0.051371	0.053191	0.053297	0.048425	0
FLO_USD	2019-02-09	0.053191	0.052509	0.054724	0.051961	0
FLO_USD	2019-02-08	0.052509	0.045974	0.058381	0.042646	0
FLO_USD	2019-02-07	0.045974	0.055611	0.055848	0.044534	0
FLO_USD	2019-02-06	0.055611	0.070680	0.071101	0.053662	0
FLO_USD	2019-02-05	0.070680	0.070856	0.077505	0.068263	0
FLO_USD	2019-02-04	0.070856	0.074605	0.081245	0.070467	0
FLO_USD	2019-02-03	0.074605	0.066341	0.077965	0.065788	0
FLO_USD	2019-02-02	0.066341	0.068455	0.069815	0.065457	0
FLO_USD	2019-02-01	0.068455	0.076745	0.076899	0.067976	0
FLO_USD	2019-01-31	0.076745	0.076629	0.083214	0.070574	0
FLO_USD	2019-01-30	0.076629	0.067194	0.081465	0.064926	0
FLO_USD	2019-01-29	0.067194	0.067607	0.069165	0.058972	0
FLO_USD	2019-01-28	0.067607	0.071008	0.071291	0.060518	0
FLO_USD	2019-01-27	0.071008	0.074837	0.075027	0.068784	0
FLO_USD	2019-01-26	0.074837	0.083157	0.084848	0.069976	0
FLO_USD	2019-01-25	0.083157	0.097129	0.099648	0.076772	0
FLO_USD	2019-01-24	0.097129	0.090496	0.098357	0.086501	0
FLO_USD	2019-01-23	0.090496	0.075456	0.093338	0.075456	0
FLO_USD	2019-01-22	0.075456	0.070634	0.078186	0.070634	0
FLO_USD	2019-01-21	0.070634	0.072420	0.084805	0.067910	0
FLO_USD	2019-01-20	0.072420	0.067334	0.085860	0.064099	0
FLO_USD	2019-01-19	0.067334	0.059749	0.069980	0.059001	0
FLO_USD	2019-01-18	0.059749	0.058876	0.060873	0.054983	0
FLO_USD	2019-01-17	0.058876	0.056302	0.061245	0.056032	0
FLO_USD	2019-01-16	0.056302	0.053290	0.056767	0.051306	0
FLO_USD	2019-01-15	0.053290	0.046038	0.058181	0.044232	0
FLO_USD	2019-01-14	0.046038	0.049333	0.050468	0.040740	0
FLO_USD	2019-01-13	0.049333	0.051536	0.054856	0.047770	0
FLO_USD	2019-01-12	0.051536	0.060292	0.062283	0.051232	0
FLO_USD	2019-01-11	0.060292	0.050291	0.063437	0.049275	0
FLO_USD	2019-01-10	0.050291	0.061087	0.061087	0.048135	0
FLO_USD	2019-01-09	0.061087	0.073276	0.074978	0.055517	0
FLO_USD	2019-01-08	0.073276	0.076519	0.080713	0.072166	0
FLO_USD	2019-01-07	0.076519	0.072147	0.081152	0.069692	0
FLO_USD	2019-01-06	0.072147	0.071724	0.146254	0.069364	0
FLO_USD	2019-01-05	0.071724	0.065787	0.076212	0.065436	0
FLO_USD	2019-01-04	0.065787	0.062025	0.068104	0.061058	0
FLO_USD	2019-01-03	0.062025	0.071220	0.071916	0.060727	0
FLO_USD	2019-01-02	0.071220	0.062755	0.073239	0.061227	0
FLO_USD	2019-01-01	0.062616	0.063892	0.071173	0.056809	0
FLO_USD	2018-12-31	0.063892	0.053951	0.066822	0.049822	0
FLO_USD	2018-12-30	0.053951	0.047194	0.053951	0.046567	0
FLO_USD	2018-12-29	0.047194	0.046524	0.049955	0.042341	0
FLO_USD	2018-12-28	0.046524	0.037863	0.048933	0.037862	0
FLO_USD	2018-12-27	0.037863	0.039141	0.046217	0.036251	0
FLO_USD	2018-12-26	0.039141	0.037628	0.040199	0.037000	0
FLO_USD	2018-12-25	0.037628	0.040000	0.041356	0.035250	0
FLO_USD	2018-12-24	0.040000	0.037941	0.043567	0.037559	0
FLO_USD	2018-12-23	0.037941	0.038060	0.038329	0.036211	0
FLO_USD	2018-12-22	0.038060	0.040354	0.041592	0.036412	0
FLO_USD	2018-12-21	0.040354	0.032852	0.047850	0.031174	0
FLO_USD	2018-12-20	0.032852	0.030728	0.034007	0.030257	0
FLO_USD	2018-12-19	0.030728	0.035999	0.044295	0.030728	0
FLO_USD	2018-12-18	0.035999	0.032374	0.035999	0.031549	0
FLO_USD	2018-12-17	0.032374	0.028660	0.033121	0.028071	0
FLO_USD	2018-12-16	0.028660	0.024653	0.030662	0.024160	0
FLO_USD	2018-12-15	0.024653	0.026463	0.028598	0.024570	0
FLO_USD	2018-12-14	0.026463	0.027179	0.028043	0.025973	0
FLO_USD	2018-12-13	0.027179	0.027076	0.029539	0.025223	0
FLO_USD	2018-12-12	0.027076	0.026247	0.030033	0.025729	0
FLO_USD	2018-12-11	0.026598	0.027494	0.031682	0.025058	0
FLO_USD	2018-12-10	0.027494	0.024608	0.029867	0.024507	0
FLO_USD	2018-12-09	0.024608	0.022947	0.025887	0.021119	0
FLO_USD	2018-12-08	0.022947	0.021046	0.023952	0.021046	0
FLO_USD	2018-12-07	0.021046	0.021258	0.022750	0.019630	0
FLO_USD	2018-12-06	0.021258	0.025727	0.026023	0.021112	0
FLO_USD	2018-12-05	0.025727	0.028890	0.029599	0.024637	0
FLO_USD	2018-12-04	0.028890	0.024935	0.028894	0.024497	0
FLO_USD	2018-12-03	0.027715	0.027715	0.027715	0.027715	0
FLO_USD	2018-12-02	0.027715	0.027715	0.027715	0.027715	0
FLO_USD	2018-11-30	0.027715	0.027715	0.027715	0.027715	0
FLO_USD	2018-11-29	0.027715	0.027715	0.027715	0.027715	0
FLO_USD	2018-11-28	0.027715	0.027715	0.027715	0.027715	0
FLO_USD	2018-11-27	0.027715	0.027715	0.027715	0.027715	0
FLO_USD	2018-11-26	0.027715	0.027715	0.027715	0.027715	0
FLO_USD	2018-11-25	0.027715	0.027715	0.027715	0.027715	0
FLO_USD	2018-11-23	0.027715	0.027715	0.027715	0.027715	0
FLO_USD	2018-11-22	0.027715	0.027715	0.027715	0.027715	0
FLO_USD	2018-11-21	0.027715	0.027715	0.027715	0.027715	0
FLO_USD	2018-11-20	0.027715	0.027715	0.027715	0.027715	0
FLO_USD	2018-11-19	0.027715	0.027715	0.027715	0.027715	0
FLO_USD	2018-11-18	0.027715	0.027715	0.027715	0.027715	0
FLO_USD	2018-11-16	0.027715	0.027715	0.027715	0.027715	0
FLO_USD	2018-11-15	0.027715	0.027715	0.027715	0.027715	0
FLO_USD	2018-11-14	0.027715	0.027715	0.027715	0.027715	0
FLO_USD	2018-11-13	0.027715	0.027715	0.027715	0.027715	0
FLO_USD	2018-11-12	0.027715	0.027715	0.027715	0.027715	0
FLO_USD	2018-11-09	0.027715	0.027715	0.027715	0.027715	0
FLO_USD	2018-10-25	0.027715	0.027715	0.027715	0.027715	0
FLO_USD	2018-10-16	0.027715	0.027715	0.027715	0.027715	0
FLO_USD	2018-10-09	0.027715	0.027715	0.027715	0.027715	0
FLO_USD	2018-10-08	0.027715	0.027715	0.027715	0.027715	0
FLO_USD	2018-10-07	0.027715	0.027715	0.027715	0.027715	0
FLO_USD	2018-10-06	0.027715	0.027715	0.027715	0.027715	0
FLO_USD	2018-10-04	0.002602	0.002602	0.002602	0.002602	0
FLO_USD	2018-10-03	0.002602	0.028020	0.028020	0.002602	0
FLO_USD	2018-10-02	0.028020	0.028374	0.028374	0.028020	0
FLO_USD	2018-10-01	0.028374	0.028374	0.028374	0.028374	0
FLO_USD	2018-09-30	0.026500	0.026500	0.026500	0.026500	0
FLO_USD	2018-09-29	0.026500	0.026500	0.026500	0.026500	0
FLO_USD	2018-09-28	0.023215	0.023215	0.023215	0.023215	0
FLO_USD	2018-09-27	0.023215	0.026500	0.026500	0.023215	0
FLO_USD	2018-09-26	0.026500	0.027648	0.027648	0.026500	0
FLO_USD	2018-09-25	0.027648	0.031516	0.031516	0.027648	0
FLO_USD	2018-09-24	0.031516	0.033530	0.033530	0.031516	0
FLO_USD	2018-09-23	0.033530	0.032530	0.033530	0.032530	0
FLO_USD	2018-09-22	0.032489	0.032489	0.032489	0.032489	0
FLO_USD	2018-09-21	0.020209	0.020209	0.020209	0.020209	0
FLO_USD	2018-09-20	0.020209	0.029251	0.029251	0.020209	0
FLO_USD	2018-09-19	0.029251	0.029006	0.030985	0.029006	0
FLO_USD	2018-09-18	0.029006	0.032590	0.032590	0.024946	0
FLO_USD	2018-09-17	0.032590	0.032590	0.032590	0.032590	0
FLO_USD	2018-09-16	0.034971	0.034971	0.034971	0.034971	0
FLO_USD	2018-09-15	0.034971	0.032464	0.034971	0.032464	0
FLO_USD	2018-09-14	0.032464	0.033526	0.033526	0.032464	0
FLO_USD	2018-09-13	0.033526	0.033526	0.033526	0.033526	0
FLO_USD	2018-09-12	0.034781	0.034781	0.034781	0.034781	0
FLO_USD	2018-09-11	0.034781	0.033757	0.034781	0.033757	0
FLO_USD	2018-09-10	0.033757	0.033757	0.033757	0.033757	0
FLO_USD	2018-09-09	0.033345	0.033345	0.033345	0.033345	0
FLO_USD	2018-09-08	0.033345	0.041554	0.041554	0.033345	0
FLO_USD	2018-09-07	0.041554	0.041317	0.041554	0.041317	0
FLO_USD	2018-09-06	0.041317	0.042748	0.042748	0.041317	0
FLO_USD	2018-09-05	0.052499	0.052499	0.052499	0.052499	0
FLO_USD	2018-09-04	0.052499	0.052242	0.052499	0.052242	0
FLO_USD	2018-09-03	0.052242	0.052242	0.052242	0.052242	0
FLO_USD	2018-09-02	0.002602	0.002602	0.002602	0.002602	0
FLO_USD	2018-09-01	0.002602	0.053143	0.053143	0.002602	0
FLO_USD	2018-08-31	0.053143	0.053669	0.053669	0.053143	0
FLO_USD	2018-08-30	0.053669	0.056597	0.056597	0.053669	0
FLO_USD	2018-08-29	0.056597	0.058387	0.058387	0.056597	0
FLO_USD	2018-08-28	0.058387	0.059565	0.059565	0.058194	0
FLO_USD	2018-08-27	0.059565	0.049623	0.059565	0.049623	0
FLO_USD	2018-08-26	0.049623	0.049623	0.049623	0.049623	0
FLO_USD	2018-08-25	0.052666	0.052666	0.052666	0.052666	0
FLO_USD	2018-08-24	0.052666	0.056035	0.056035	0.052666	0
FLO_USD	2018-08-23	0.059906	0.059906	0.059906	0.059906	0
FLO_USD	2018-08-22	0.059906	0.057507	0.059906	0.057507	0
FLO_USD	2018-08-21	0.057507	0.061571	0.061571	0.057507	0
FLO_USD	2018-08-20	0.061571	0.053093	0.061571	0.053093	0
FLO_USD	2018-08-19	0.053093	0.055968	0.055968	0.053093	0
FLO_USD	2018-08-18	0.055968	0.052537	0.055968	0.051887	0
FLO_USD	2018-08-17	0.052537	0.052537	0.052537	0.052537	0
FLO_USD	2018-08-16	0.056254	0.056254	0.056254	0.056254	0
FLO_USD	2018-08-15	0.056254	0.056254	0.056254	0.056254	0
FLO_USD	2018-08-14	0.047675	0.047675	0.047675	0.047675	0
FLO_USD	2018-08-12	0.033476	0.033476	0.033476	0.033476	0
FLO_USD	2018-08-11	0.033476	0.033476	0.033476	0.033476	0
FLO_USD	2018-08-10	0.033476	0.034327	0.034327	0.033476	0
FLO_USD	2018-08-07	0.030955	0.030955	0.030955	0.030955	0
FLO_USD	2018-08-06	0.030955	0.030943	0.030955	0.030803	0
FLO_USD	2018-08-04	0.035426	0.035426	0.035426	0.035426	0
FLO_USD	2018-08-03	0.035426	0.027662	0.035426	0.027662	0
FLO_USD	2018-08-02	0.027662	0.030840	0.030840	0.027662	0
FLO_USD	2018-08-01	0.030840	0.030855	0.032732	0.030840	0
FLO_USD	2018-07-31	0.030855	0.032955	0.032955	0.030855	0
FLO_USD	2018-07-30	0.032955	0.030533	0.032955	0.030533	0
FLO_USD	2018-07-28	0.036743	0.036743	0.036743	0.036743	0
FLO_USD	2018-07-27	0.036743	0.038465	0.038465	0.036743	0
FLO_USD	2018-07-26	0.038465	0.050460	0.050460	0.038465	0
FLO_USD	2018-07-25	0.050460	0.053054	0.053054	0.050460	0
FLO_USD	2018-07-24	0.050449	0.050449	0.050449	0.050449	0
FLO_USD	2018-07-21	0.049348	0.049348	0.049348	0.049348	0
FLO_USD	2018-07-20	0.049348	0.051265	0.051265	0.049348	0
FLO_USD	2018-07-19	0.051265	0.052469	0.052469	0.050463	0
FLO_USD	2018-07-18	0.052469	0.043005	0.052469	0.043005	0
FLO_USD	2018-07-17	0.043005	0.039805	0.043005	0.039805	0
FLO_USD	2018-07-14	0.037409	0.037409	0.037409	0.037409	0
FLO_USD	2018-07-13	0.037409	0.038300	0.038300	0.037409	0
FLO_USD	2018-07-11	0.043776	0.043776	0.043776	0.043776	0
FLO_USD	2018-07-10	0.043776	0.047942	0.047942	0.040708	0
FLO_USD	2018-07-09	0.047942	0.047555	0.047942	0.047555	0
FLO_USD	2018-07-07	0.050115	0.050115	0.050115	0.050115	0
FLO_USD	2018-07-06	0.050115	0.048495	0.050115	0.048495	0
FLO_USD	2018-07-05	0.048495	0.048828	0.048828	0.048495	0
FLO_USD	2018-07-04	0.048068	0.048068	0.048068	0.048068	0
FLO_USD	2018-07-03	0.048068	0.048649	1.275194	0.047837	0
FLO_USD	2018-07-02	0.048649	0.044988	0.048649	0.044988	0
FLO_USD	2018-07-01	0.046895	0.000000	0.046895	0.000000	0
FLO_USD	2018-06-30	0.040712	0.040712	0.040712	0.040712	0
FLO_USD	2018-06-29	0.040712	0.045700	0.045700	0.000000	0
FLO_USD	2018-06-28	0.048007	0.000000	0.048007	0.000000	0
FLO_USD	2018-06-27	0.047966	0.058966	0.058966	0.047966	0
FLO_USD	2018-06-26	0.058966	0.000000	0.069062	0.000000	0
FLO_USD	2018-06-25	0.061036	0.000000	0.068092	0.000000	0
FLO_USD	2018-06-24	0.058660	0.000000	0.058660	0.000000	0
FLO_USD	2018-06-23	0.058660	0.056508	0.064466	0.000000	0
FLO_USD	2018-06-22	0.056508	0.061398	0.061398	0.000000	0
FLO_USD	2018-06-21	0.061064	0.064480	0.064480	0.060838	0
FLO_USD	2018-06-20	0.064005	0.060664	0.064005	0.060664	0
FLO_USD	2018-06-19	0.060664	0.059769	0.060664	0.059769	0
FLO_USD	2018-06-18	0.057458	0.055414	0.057458	0.055414	0
FLO_USD	2018-06-17	0.062942	0.000000	0.064031	0.000000	0
FLO_USD	2018-06-16	0.064031	0.061460	0.064031	0.000000	0
FLO_USD	2018-06-15	0.061460	0.064154	0.064154	0.000000	0
FLO_USD	2018-06-14	0.064154	0.060133	0.064154	0.000000	0
FLO_USD	2018-06-13	0.056155	0.062129	0.062129	0.000000	0
FLO_USD	2018-06-12	0.061910	0.060627	0.061910	0.060627	0
FLO_USD	2018-06-11	0.060627	0.062795	0.062795	0.000000	0
FLO_USD	2018-06-10	0.064036	0.076764	0.076764	0.064036	0
FLO_USD	2018-06-09	0.076764	0.000000	0.082201	0.000000	0
FLO_USD	2018-06-08	0.075771	0.000000	0.078132	0.000000	0
FLO_USD	2018-06-07	0.085813	0.000000	0.094592	0.000000	0
FLO_USD	2018-06-06	0.094592	0.079763	0.177434	0.079763	0
FLO_USD	2018-06-05	0.079763	0.000000	0.079763	0.000000	0
FLO_USD	2018-06-04	0.078838	0.000000	0.086181	0.000000	0
FLO_USD	2018-06-03	0.090304	0.094645	0.094645	0.090304	0
FLO_USD	2018-06-02	0.089635	0.090193	0.090193	0.088679	0
FLO_USD	2018-06-01	0.090193	0.000000	0.093309	0.000000	0
FLO_USD	2018-05-31	0.093309	0.094908	0.094908	0.089681	0
FLO_USD	2018-05-30	0.094908	0.098233	0.098233	0.094908	0
FLO_USD	2018-05-29	0.098233	0.095148	0.098233	0.095148	0
FLO_USD	2018-05-28	0.095386	0.000000	0.101602	0.000000	0
FLO_USD	2018-05-27	0.101501	0.101142	0.101501	0.101060	0
FLO_USD	2018-05-26	0.101142	0.102242	0.103993	0.101142	0
FLO_USD	2018-05-25	0.102242	0.000000	0.102242	0.000000	0
FLO_USD	2018-05-24	0.101150	0.000000	0.106619	0.000000	0
FLO_USD	2018-05-23	0.106619	0.111214	0.111214	0.104889	0
FLO_USD	2018-05-22	0.111214	0.173516	0.173516	0.111214	0
FLO_USD	2018-05-21	0.173516	0.115592	0.173516	0.115592	0
FLO_USD	2018-05-20	0.115592	0.101937	0.115592	0.101937	0
FLO_USD	2018-05-19	0.101937	0.101937	0.101937	0.101937	0
FLO_USD	2018-05-18	0.101937	0.101197	0.101937	0.100491	0
FLO_USD	2018-05-17	0.101197	0.096998	0.103295	0.096998	0
FLO_USD	2018-05-16	0.096621	0.100738	0.100738	0.096621	0
FLO_USD	2018-05-15	0.101467	0.106553	0.106553	0.101467	0
FLO_USD	2018-05-14	0.106553	0.043065	0.106553	0.043065	0
FLO_USD	2018-05-13	0.043065	0.100892	0.100892	0.043065	0
FLO_USD	2018-05-12	0.100892	0.099035	0.100892	0.094709	0
FLO_USD	2018-05-11	0.099035	0.120165	0.120165	0.099035	0
FLO_USD	2018-05-10	0.120165	0.133458	0.167343	0.118358	0
FLO_USD	2018-05-09	0.133458	0.138060	0.138060	0.118976	0
FLO_USD	2018-05-08	0.138060	0.141788	0.141788	0.138060	0
FLO_USD	2018-05-07	0.141788	0.141788	0.141788	0.141788	0
FLO_USD	2018-05-06	0.141788	0.141788	0.141788	0.141788	0
FLO_USD	2018-05-05	0.141788	0.141788	0.141788	0.141788	0
FLO_USD	2018-05-04	0.141788	0.140945	0.141800	0.140945	0
FLO_USD	2018-05-03	0.140945	0.145352	0.145352	0.136018	0
FLO_USD	2018-05-02	0.145352	0.112051	0.145352	0.112051	0
FLO_USD	2018-05-01	0.112051	0.108368	0.112051	0.108368	0
FLO_USD	2018-04-30	0.108368	0.123762	0.123762	0.108368	0
FLO_USD	2018-04-29	0.123762	0.123762	0.123762	0.123762	0
FLO_USD	2018-04-28	0.123762	0.123762	0.123762	0.123762	0
FLO_USD	2018-04-27	0.123762	0.107437	0.123762	0.107437	0
FLO_USD	2018-04-26	0.107437	0.108912	0.123762	0.107437	0
FLO_USD	2018-04-25	0.108912	0.125670	0.125670	0.108912	0
FLO_USD	2018-04-24	0.125670	0.124918	0.135399	0.124918	0
FLO_USD	2018-04-23	0.124918	0.091025	0.124918	0.091025	0
FLO_USD	2018-04-22	0.091025	0.092646	0.092646	0.091025	0
FLO_USD	2018-04-21	0.092646	0.100629	0.100629	0.091374	0
FLO_USD	2018-04-20	0.100629	0.095773	0.100629	0.095773	0
FLO_USD	2018-04-19	0.095773	0.096322	0.096322	0.092521	0
FLO_USD	2018-04-18	0.096322	0.079929	0.096322	0.079929	0
FLO_USD	2018-04-17	0.079929	0.076299	0.081251	0.076299	0
FLO_USD	2018-04-16	0.076299	0.077420	0.077732	0.075959	0
FLO_USD	2018-04-15	0.077420	0.075779	0.077420	0.075779	0
FLO_USD	2018-04-14	0.075779	0.077683	0.077683	0.074098	0
FLO_USD	2018-04-13	0.077683	0.069797	0.077683	0.069797	0
FLO_USD	2018-04-12	0.069797	0.064922	0.069987	0.064922	0
FLO_USD	2018-04-11	0.064922	0.057479	0.123762	0.057479	0
FLO_USD	2018-04-10	0.057479	0.057865	0.057865	0.057479	0
FLO_USD	2018-04-09	0.057865	0.059908	0.059908	0.053689	0
FLO_USD	2018-04-08	0.059908	0.123762	0.123762	0.055520	0
FLO_USD	2018-04-07	0.123762	0.051058	0.123762	0.051058	0
FLO_USD	2018-04-06	0.051058	0.053077	0.053077	0.050516	0
FLO_USD	2018-04-05	0.053077	0.053395	0.059277	0.052682	0
FLO_USD	2018-04-04	0.053395	0.064378	0.064378	0.053395	0
FLO_USD	2018-04-03	0.064378	0.062587	0.065986	0.059391	0
FLO_USD	2018-04-02	0.062587	0.063524	0.063524	0.062587	0
FLO_USD	2018-04-01	0.063524	0.065751	0.065751	0.062202	0
FLO_USD	2018-03-31	0.065751	0.061864	0.065751	0.061864	0
FLO_USD	2018-03-30	0.061864	0.069585	0.069585	0.061864	0
FLO_USD	2018-03-29	0.069585	0.077582	0.077582	0.069585	0
FLO_USD	2018-03-28	0.077582	0.078871	0.078871	0.077377	0
FLO_USD	2018-03-27	0.078871	0.082041	0.123762	0.078871	2831
FLO_USD	2018-03-26	0.082041	0.085618	0.089656	0.082041	2831
FLO_USD	2018-03-25	0.085618	0.091775	0.091775	0.085618	2831
FLO_USD	2018-03-24	0.091775	0.087143	0.091775	0.087143	2831
FLO_USD	2018-03-23	0.087143	0.091480	0.091480	0.087143	2831
FLO_USD	2018-03-22	0.091480	0.095037	0.095037	0.090414	2831
FLO_USD	2018-03-21	0.095037	0.093938	0.095037	0.093938	2831
FLO_USD	2018-03-20	0.093938	0.098175	0.098175	0.090155	2831
FLO_USD	2018-03-19	0.098175	0.079264	0.098175	0.079264	2831
FLO_USD	2018-03-18	0.079264	0.100662	0.100662	0.079264	2831
FLO_USD	2018-03-17	0.100662	0.104366	0.104366	0.100662	2831
FLO_USD	2018-03-16	0.104366	0.103566	0.104798	0.103566	2831
FLO_USD	2018-03-15	0.103566	0.110407	0.110407	0.103135	2831
FLO_USD	2018-03-14	0.110407	0.133921	0.133921	0.110407	2831
FLO_USD	2018-03-13	0.133921	0.108457	0.140719	0.108457	2831
FLO_USD	2018-03-12	0.108457	0.113468	0.123762	0.108457	2831
FLO_USD	2018-03-11	0.113468	0.107726	0.113468	0.107000	2831
FLO_USD	2018-03-10	0.107726	0.125372	0.125372	0.107726	1761
FLO_USD	2018-03-09	0.125372	0.111799	0.125372	0.111799	2421
FLO_USD	2018-03-08	0.111799	0.112725	0.123762	0.104813	2300
FLO_USD	2018-03-07	0.112725	0.119611	0.125401	0.112725	4234
FLO_USD	2018-03-06	0.119611	0.115362	0.123762	0.115362	2114
FLO_USD	2018-03-05	0.115362	0.119413	0.123762	0.114762	3021
FLO_USD	2018-03-04	0.119413	0.115490	0.119413	0.115490	1361
FLO_USD	2018-03-03	0.115490	0.113947	0.123762	0.113947	2938
FLO_USD	2018-03-02	0.113947	0.109860	0.123762	0.109860	1589
FLO_USD	2018-03-01	0.109860	0.104912	0.109860	0.100673	445
FLO_USD	2018-02-28	0.104912	0.101136	0.123762	0.100496	912
FLO_USD	2018-02-27	0.101136	0.104471	0.104471	0.101136	531
FLO_USD	2018-02-26	0.104471	0.092366	0.123762	0.092366	363
