FST_USD	2019-04-09	0.000782	0.000798	0.000798	0.000776	0
FST_USD	2019-04-08	0.000798	0.000787	0.000804	0.000772	0
FST_USD	2019-04-07	0.000787	0.000762	0.000795	0.000761	0
FST_USD	2019-04-06	0.000762	0.000763	0.000791	0.000745	0
FST_USD	2019-04-05	0.000763	0.000740	0.000768	0.000740	0
FST_USD	2019-04-04	0.000740	0.000747	0.000765	0.000725	0
FST_USD	2019-04-03	0.000747	0.000740	0.000799	0.000728	0
FST_USD	2019-04-02	0.000740	0.000630	0.000761	0.000628	0
FST_USD	2019-04-01	0.000630	0.000625	0.000633	0.000619	0
FST_USD	2019-03-31	0.000625	0.000625	0.000627	0.000623	0
FST_USD	2019-03-30	0.000625	0.000627	0.000631	0.000619	0
FST_USD	2019-03-29	0.000627	0.000614	0.000628	0.000613	0
FST_USD	2019-03-28	0.000614	0.000615	0.000616	0.000610	0
FST_USD	2019-03-27	0.000615	0.000599	0.000616	0.000597	0
FST_USD	2019-03-26	0.000599	0.000595	0.000599	0.000593	0
FST_USD	2019-03-25	0.000595	0.000606	0.000607	0.000591	0
FST_USD	2019-03-24	0.000606	0.000609	0.000609	0.000602	0
FST_USD	2019-03-23	0.000609	0.000607	0.000611	0.000605	0
FST_USD	2019-03-22	0.000607	0.000607	0.000610	0.000605	0
FST_USD	2019-03-21	0.000607	0.000619	0.000622	0.000601	0
FST_USD	2019-03-20	0.000619	0.000616	0.000620	0.000611	0
FST_USD	2019-03-19	0.000616	0.000611	0.000618	0.000608	0
FST_USD	2019-03-18	0.000611	0.000610	0.000618	0.000606	0
FST_USD	2019-03-17	0.000610	0.000613	0.000613	0.000606	0
FST_USD	2019-03-16	0.000613	0.000600	0.000623	0.000600	0
FST_USD	2019-03-15	0.000600	0.000592	0.000602	0.000592	0
FST_USD	2019-03-14	0.000592	0.000592	0.000600	0.000583	0
FST_USD	2019-03-13	0.000592	0.000593	0.000596	0.000589	0
FST_USD	2019-03-12	0.000593	0.000593	0.000597	0.000584	0
FST_USD	2019-03-11	0.000593	0.000600	0.000601	0.000588	0
FST_USD	2019-03-10	0.000600	0.000602	0.000603	0.000595	0
FST_USD	2019-03-09	0.000602	0.000591	0.000607	0.000591	0
FST_USD	2019-03-08	0.000591	0.000595	0.000603	0.000581	0
FST_USD	2019-03-07	0.000595	0.000593	0.000599	0.000590	0
FST_USD	2019-03-06	0.000593	0.000593	0.000597	0.000587	0
FST_USD	2019-03-05	0.000593	0.000570	0.000595	0.000568	0
FST_USD	2019-03-04	0.000570	0.000583	0.000586	0.000565	0
FST_USD	2019-03-03	0.000583	0.000587	0.000589	0.000579	0
FST_USD	2019-03-02	0.000587	0.000588	0.000589	0.000578	0
FST_USD	2019-03-01	0.000588	0.000584	0.000592	0.000584	0
FST_USD	2019-02-28	0.000584	0.000585	0.000598	0.000583	0
FST_USD	2019-02-27	0.000585	0.000585	0.000590	0.000566	0
FST_USD	2019-02-26	0.000585	0.000589	0.000590	0.000581	0
FST_USD	2019-02-25	0.000589	0.000575	0.000595	0.000575	0
FST_USD	2019-02-24	0.000575	0.000632	0.000642	0.000572	0
FST_USD	2019-02-23	0.000632	0.000610	0.000638	0.000602	0
FST_USD	2019-02-22	0.000610	0.000601	0.000611	0.000599	0
FST_USD	2019-02-21	0.000601	0.000609	0.000618	0.000596	0
FST_USD	2019-02-20	0.000609	0.000599	0.000610	0.000595	0
FST_USD	2019-02-19	0.000599	0.000597	0.000612	0.000592	0
FST_USD	2019-02-18	0.000597	0.000560	0.000601	0.000559	0
FST_USD	2019-02-17	0.000560	0.000551	0.000568	0.000550	0
FST_USD	2019-02-16	0.000551	0.000550	0.000558	0.000550	0
FST_USD	2019-02-15	0.000550	0.000549	0.000557	0.000547	0
FST_USD	2019-02-14	0.000549	0.000550	0.000552	0.000546	0
FST_USD	2019-02-13	0.000550	0.000554	0.000560	0.000548	0
FST_USD	2019-02-12	0.000554	0.000552	0.000559	0.000547	0
FST_USD	2019-02-11	0.000552	0.000562	0.000562	0.000551	0
FST_USD	2019-02-10	0.000562	0.000558	0.000562	0.000550	0
FST_USD	2019-02-09	0.000558	0.000559	0.000561	0.000554	0
FST_USD	2019-02-08	0.000559	0.000515	0.000569	0.000514	0
FST_USD	2019-02-07	0.000515	0.000518	0.000519	0.000515	0
FST_USD	2019-02-06	0.000518	0.000527	0.000528	0.000513	0
FST_USD	2019-02-05	0.000527	0.000524	0.000527	0.000521	0
FST_USD	2019-02-04	0.000524	0.000525	0.000528	0.000521	0
FST_USD	2019-02-03	0.000525	0.000534	0.000535	0.000521	0
FST_USD	2019-02-02	0.000534	0.000531	0.000536	0.000525	0
FST_USD	2019-02-01	0.000531	0.000525	0.000533	0.000520	0
FST_USD	2019-01-31	0.000525	0.000529	0.000535	0.000522	0
FST_USD	2019-01-30	0.000529	0.000522	0.000532	0.000518	0
FST_USD	2019-01-29	0.000522	0.000525	0.000527	0.000513	0
FST_USD	2019-01-28	0.000525	0.000540	0.000540	0.000518	0
FST_USD	2019-01-27	0.000540	0.000545	0.000546	0.000532	0
FST_USD	2019-01-26	0.000545	0.000544	0.000560	0.000544	0
FST_USD	2019-01-25	0.000544	0.000548	0.000548	0.000539	0
FST_USD	2019-01-24	0.000548	0.000543	0.000550	0.000538	0
FST_USD	2019-01-23	0.000542	0.000546	0.000551	0.000539	0
FST_USD	2019-01-22	0.000546	0.000537	0.000551	0.000525	0
FST_USD	2019-01-21	0.000537	0.000538	0.000541	0.000533	0
FST_USD	2019-01-20	0.000538	0.000565	0.000569	0.000532	0
FST_USD	2019-01-19	0.000565	0.000551	0.000577	0.000551	0
FST_USD	2019-01-18	0.000551	0.000558	0.000559	0.000548	0
FST_USD	2019-01-17	0.000558	0.000551	0.000558	0.000543	0
FST_USD	2019-01-16	0.000551	0.000548	0.000560	0.000546	0
FST_USD	2019-01-15	0.000548	0.000562	0.000566	0.000545	0
FST_USD	2019-01-14	0.000562	0.000557	0.000570	0.000537	0
FST_USD	2019-01-13	0.000557	0.000592	0.000595	0.000554	0
FST_USD	2019-01-12	0.000592	0.000539	0.000597	0.000532	0
FST_USD	2019-01-11	0.000539	0.000575	0.000578	0.000532	0
FST_USD	2019-01-10	0.000575	0.000633	0.000641	0.000572	0
FST_USD	2019-01-09	0.000633	0.000656	0.000666	0.000626	0
FST_USD	2019-01-08	0.000656	0.000679	0.000694	0.000656	0
FST_USD	2019-01-07	0.000679	0.000709	0.000713	0.000675	0
FST_USD	2019-01-06	0.000709	0.000645	0.001330	0.000644	0
FST_USD	2019-01-05	0.000645	0.000633	0.000662	0.000633	0
FST_USD	2019-01-04	0.000633	0.000647	0.000655	0.000618	0
FST_USD	2019-01-03	0.000647	0.000668	0.000669	0.000644	0
FST_USD	2019-01-02	0.000668	0.000673	0.000676	0.000572	0
FST_USD	2019-01-01	0.000673	0.000651	0.000677	0.000644	0
FST_USD	2018-12-31	0.000651	0.000675	0.000696	0.000643	0
FST_USD	2018-12-30	0.000675	0.000718	0.000738	0.000668	0
FST_USD	2018-12-29	0.000718	0.000727	0.000756	0.000716	0
FST_USD	2018-12-28	0.000727	0.000631	0.000728	0.000597	0
FST_USD	2018-12-27	0.000631	0.000727	0.000733	0.000627	0
FST_USD	2018-12-26	0.000727	0.000742	0.000758	0.000705	0
FST_USD	2018-12-25	0.000742	0.000850	0.000851	0.000718	0
FST_USD	2018-12-24	0.000850	0.000794	0.000959	0.000794	0
FST_USD	2018-12-23	0.000794	0.000784	0.000875	0.000782	0
FST_USD	2018-12-22	0.000784	0.000854	0.000872	0.000757	0
FST_USD	2018-12-21	0.000854	0.000927	0.000943	0.000820	0
FST_USD	2018-12-20	0.000927	0.000819	0.001004	0.000799	0
FST_USD	2018-12-19	0.000819	0.000794	0.000866	0.000783	0
FST_USD	2018-12-18	0.000794	0.000707	0.000798	0.000683	0
FST_USD	2018-12-17	0.000707	0.000643	0.000709	0.000624	0
FST_USD	2018-12-16	0.000643	0.000657	0.000690	0.000625	0
FST_USD	2018-12-15	0.000657	0.000705	0.000714	0.000627	0
FST_USD	2018-12-14	0.000705	0.000737	0.000759	0.000675	0
FST_USD	2018-12-13	0.000737	0.000849	0.000850	0.000733	0
FST_USD	2018-12-12	0.000849	0.000838	0.000871	0.000801	0
FST_USD	2018-12-11	0.000846	0.000828	0.000892	0.000786	0
FST_USD	2018-12-10	0.000828	0.000875	0.000888	0.000719	0
FST_USD	2018-12-09	0.000875	0.000543	0.000876	0.000542	0
FST_USD	2018-12-08	0.000543	0.000571	0.000586	0.000511	0
FST_USD	2018-12-07	0.000571	0.000602	0.000608	0.000542	0
FST_USD	2018-12-06	0.000602	0.000584	0.000634	0.000575	0
FST_USD	2018-12-05	0.000584	0.000597	0.000600	0.000563	0
FST_USD	2018-12-04	0.000597	0.000585	0.000620	0.000571	0
FST_USD	2018-12-03	0.000585	0.000624	0.000627	0.000576	0
FST_USD	2018-12-02	0.000624	0.000636	0.000653	0.000619	0
FST_USD	2018-12-01	0.000636	0.000646	0.000694	0.000636	0
FST_USD	2018-11-30	0.000646	0.000668	0.000675	0.000615	0
FST_USD	2018-11-29	0.000668	0.000689	0.000693	0.000649	0
FST_USD	2018-11-28	0.000689	0.000641	0.000709	0.000587	0
FST_USD	2018-11-27	0.000641	0.000598	0.000651	0.000576	0
FST_USD	2018-11-26	0.000598	0.000616	0.000629	0.000561	0
FST_USD	2018-11-25	0.000616	0.000570	0.000630	0.000512	0
FST_USD	2018-11-24	0.000570	0.000619	0.000655	0.000556	0
FST_USD	2018-11-23	0.000619	0.000637	0.000650	0.000565	0
FST_USD	2018-11-22	0.000637	0.000631	0.000664	0.000606	0
FST_USD	2018-11-21	0.000631	0.000642	0.000692	0.000605	0
FST_USD	2018-11-20	0.000642	0.000889	0.000900	0.000564	0
FST_USD	2018-11-19	0.000889	0.001047	0.001047	0.000880	0
FST_USD	2018-11-18	0.001047	0.001069	0.001080	0.001012	0
FST_USD	2018-11-17	0.001069	0.001132	0.001160	0.001065	0
FST_USD	2018-11-16	0.001132	0.000949	0.001169	0.000935	0
FST_USD	2018-11-15	0.000949	0.000912	0.000952	0.000876	0
FST_USD	2018-11-14	0.000912	0.001358	0.001362	0.000867	0
FST_USD	2018-11-13	0.001358	0.001354	0.001364	0.001320	0
FST_USD	2018-11-12	0.001354	0.001260	0.001390	0.001255	0
FST_USD	2018-11-11	0.001260	0.001158	0.001286	0.001158	0
FST_USD	2018-11-10	0.001158	0.000995	0.001161	0.000994	0
FST_USD	2018-11-09	0.000995	0.001037	0.001064	0.000991	0
FST_USD	2018-11-08	0.001037	0.001084	0.001087	0.001037	0
FST_USD	2018-11-07	0.001084	0.001075	0.001090	0.001018	0
FST_USD	2018-11-06	0.001075	0.001100	0.001138	0.001037	0
FST_USD	2018-11-05	0.001100	0.001135	0.001137	0.001095	0
FST_USD	2018-11-04	0.001135	0.001118	0.001139	0.001113	0
FST_USD	2018-11-03	0.001118	0.001125	0.001126	0.001108	0
FST_USD	2018-11-02	0.001125	0.001120	0.001130	0.001119	0
FST_USD	2018-11-01	0.001120	0.001146	0.001151	0.001112	0
FST_USD	2018-10-31	0.001146	0.001171	0.001172	0.001125	0
FST_USD	2018-10-30	0.001171	0.001110	0.001179	0.001110	0
FST_USD	2018-10-29	0.001110	0.001103	0.001138	0.001102	0
FST_USD	2018-10-28	0.001103	0.001138	0.001139	0.001069	0
FST_USD	2018-10-27	0.001138	0.001339	0.001344	0.001136	0
FST_USD	2018-10-26	0.001339	0.001371	0.001564	0.001305	0
FST_USD	2018-10-25	0.001371	0.001442	0.001444	0.001308	0
FST_USD	2018-10-24	0.001442	0.001408	0.001450	0.001408	0
FST_USD	2018-10-23	0.001408	0.001412	0.001416	0.001404	0
FST_USD	2018-10-22	0.001412	0.001416	0.001425	0.001408	0
FST_USD	2018-10-21	0.001416	0.001416	0.001431	0.001415	0
FST_USD	2018-10-20	0.001416	0.001403	0.001421	0.001400	0
FST_USD	2018-10-19	0.001403	0.001422	0.001425	0.001402	0
FST_USD	2018-10-18	0.001422	0.001448	0.001457	0.001412	0
FST_USD	2018-10-17	0.001448	0.001487	0.001490	0.001436	0
FST_USD	2018-10-16	0.001487	0.001483	0.001516	0.001436	0
FST_USD	2018-10-15	0.001483	0.001425	0.001654	0.001399	0
FST_USD	2018-10-14	0.001425	0.001423	0.001439	0.001365	0
FST_USD	2018-10-13	0.001423	0.001354	0.001424	0.001292	0
FST_USD	2018-10-12	0.001354	0.001345	0.001391	0.001323	0
FST_USD	2018-10-11	0.001345	0.001392	0.001420	0.001282	0
FST_USD	2018-10-10	0.001392	0.001066	0.001392	0.001061	0
FST_USD	2018-10-09	0.001066	0.001301	0.001303	0.001024	0
FST_USD	2018-10-08	0.001301	0.001254	0.001308	0.001251	0
FST_USD	2018-10-07	0.001254	0.001285	0.001287	0.001221	0
FST_USD	2018-10-06	0.001285	0.001296	0.001296	0.001252	0
FST_USD	2018-10-05	0.001296	0.001283	0.001300	0.001218	0
FST_USD	2018-10-04	0.001283	0.001301	0.001360	0.001279	0
FST_USD	2018-10-03	0.001301	0.001340	0.001396	0.001168	0
FST_USD	2018-10-02	0.001340	0.001452	0.001459	0.001338	0
FST_USD	2018-10-01	0.001452	0.001456	0.001465	0.001435	0
FST_USD	2018-09-30	0.001456	0.001486	0.001486	0.001413	0
FST_USD	2018-09-29	0.001486	0.001526	0.001526	0.001443	0
FST_USD	2018-09-28	0.001526	0.001538	0.001570	0.001505	0
FST_USD	2018-09-27	0.001538	0.001389	0.001547	0.001389	0
FST_USD	2018-09-26	0.001389	0.001383	0.001485	0.001377	0
FST_USD	2018-09-25	0.001383	0.001449	0.001449	0.001339	0
FST_USD	2018-09-24	0.001449	0.001476	0.001479	0.001442	0
FST_USD	2018-09-23	0.001476	0.001446	0.001684	0.001438	0
FST_USD	2018-09-22	0.001446	0.001456	0.001488	0.001430	0
FST_USD	2018-09-21	0.001456	0.001398	0.001457	0.001372	0
FST_USD	2018-09-20	0.001398	0.001374	0.001403	0.001336	0
FST_USD	2018-09-19	0.001374	0.001364	0.001391	0.001314	0
FST_USD	2018-09-18	0.001364	0.001345	0.001372	0.001339	0
FST_USD	2018-09-17	0.001345	0.001657	0.001666	0.001336	0
FST_USD	2018-09-16	0.001657	0.001663	0.001663	0.001627	0
FST_USD	2018-09-15	0.001663	0.001557	0.001671	0.001554	0
FST_USD	2018-09-14	0.001557	0.001587	0.001623	0.001530	0
FST_USD	2018-09-13	0.001587	0.001489	0.001659	0.001488	0
FST_USD	2018-09-12	0.001489	0.001698	0.001701	0.001482	0
FST_USD	2018-09-11	0.001698	0.001735	0.001756	0.001677	0
FST_USD	2018-09-10	0.001735	0.001560	0.001820	0.001560	0
FST_USD	2018-09-09	0.001560	0.001546	0.001604	0.001539	0
FST_USD	2018-09-08	0.001546	0.001569	0.001619	0.001535	0
FST_USD	2018-09-07	0.001569	0.001563	0.001583	0.001518	0
FST_USD	2018-09-06	0.001563	0.001777	0.001849	0.001514	0
FST_USD	2018-09-05	0.001777	0.001877	0.001976	0.001553	0
FST_USD	2018-09-04	0.001877	0.002181	0.002274	0.001871	0
FST_USD	2018-09-03	0.002181	0.001932	0.002600	0.001850	0
FST_USD	2018-09-02	0.001932	0.001547	0.002456	0.001535	0
FST_USD	2018-09-01	0.001547	0.001581	0.001634	0.001543	0
FST_USD	2018-08-31	0.001581	0.001574	0.001594	0.001551	0
FST_USD	2018-08-30	0.001574	0.001585	0.001588	0.001531	0
FST_USD	2018-08-29	0.001585	0.001557	0.001604	0.001557	0
FST_USD	2018-08-28	0.001557	0.001519	0.001568	0.001512	0
FST_USD	2018-08-27	0.001519	0.001610	0.001616	0.001474	0
FST_USD	2018-08-26	0.001610	0.001617	0.001650	0.001572	0
FST_USD	2018-08-25	0.001617	0.001372	0.001625	0.001334	0
FST_USD	2018-08-24	0.001372	0.001338	0.001379	0.001325	0
FST_USD	2018-08-23	0.001338	0.001239	0.001540	0.001238	0
FST_USD	2018-08-22	0.001239	0.001361	0.001623	0.001236	0
FST_USD	2018-08-21	0.001361	0.001345	0.001394	0.001321	0
FST_USD	2018-08-20	0.001345	0.001394	0.001430	0.001308	0
FST_USD	2018-08-19	0.001394	0.001374	0.001406	0.001240	0
FST_USD	2018-08-18	0.001374	0.001482	0.001482	0.001292	0
FST_USD	2018-08-17	0.001482	0.001452	0.001532	0.001359	0
FST_USD	2018-08-16	0.001452	0.001411	0.001547	0.001401	0
FST_USD	2018-08-15	0.001411	0.001454	0.001462	0.001355	0
FST_USD	2018-08-14	0.001454	0.001594	0.001594	0.001428	0
FST_USD	2018-08-13	0.001594	0.001673	0.001690	0.001571	0
FST_USD	2018-08-12	0.001673	0.001618	0.001709	0.001534	0
FST_USD	2018-08-11	0.001618	0.001597	0.001679	0.001563	0
FST_USD	2018-08-10	0.001597	0.001665	0.001709	0.001565	0
FST_USD	2018-08-09	0.001665	0.001664	0.001751	0.001640	0
FST_USD	2018-08-08	0.001664	0.001915	0.001915	0.001650	0
FST_USD	2018-08-07	0.001915	0.001977	0.002038	0.001904	0
FST_USD	2018-08-06	0.001977	0.002039	0.002072	0.001953	0
FST_USD	2018-08-05	0.002039	0.001997	0.002052	0.001964	0
FST_USD	2018-08-04	0.001997	0.002151	0.002172	0.001975	0
FST_USD	2018-08-03	0.002151	0.002223	0.002258	0.002149	0
FST_USD	2018-08-02	0.002223	0.002245	0.002272	0.002201	0
FST_USD	2018-08-01	0.002245	0.002401	0.002404	0.002219	0
FST_USD	2018-07-31	0.002401	0.002492	0.002494	0.002373	0
FST_USD	2018-07-30	0.002492	0.002754	0.002773	0.002464	0
FST_USD	2018-07-29	0.002754	0.002780	0.002803	0.002744	0
FST_USD	2018-07-28	0.002804	0.002804	0.002804	0.002804	0
FST_USD	2018-07-27	0.002804	0.002845	0.002845	0.002804	0
FST_USD	2018-07-26	0.002845	0.002862	0.002928	0.002845	0
FST_USD	2018-07-25	0.002862	0.003029	0.003055	0.002826	0
FST_USD	2018-07-24	0.003029	0.002507	0.003050	0.002500	0
FST_USD	2018-07-23	0.002507	0.002442	0.002545	0.002400	0
FST_USD	2018-07-22	0.002442	0.002332	0.002496	0.002316	0
FST_USD	2018-07-21	0.002332	0.002346	0.002375	0.002223	0
FST_USD	2018-07-20	0.002346	0.002317	0.002458	0.002270	0
FST_USD	2018-07-19	0.002317	0.002320	0.002470	0.002224	0
FST_USD	2018-07-18	0.002320	0.002233	0.002388	0.002233	0
FST_USD	2018-07-17	0.002233	0.002189	0.002351	0.002039	0
FST_USD	2018-07-16	0.002189	0.002031	0.002193	0.002026	0
FST_USD	2018-07-15	0.002031	0.002000	0.002044	0.001995	0
FST_USD	2018-07-14	0.002000	0.002053	0.002138	0.001993	0
FST_USD	2018-07-13	0.002053	0.002056	0.002101	0.002028	0
FST_USD	2018-07-12	0.002056	0.002041	0.002076	0.001968	0
FST_USD	2018-07-11	0.002041	0.002016	0.002066	0.002013	0
FST_USD	2018-07-10	0.002016	0.002264	0.002271	0.002010	0
FST_USD	2018-07-09	0.002264	0.002415	0.002421	0.002212	0
FST_USD	2018-07-08	0.002415	0.002434	0.002460	0.002291	0
FST_USD	2018-07-07	0.002434	0.002542	0.002549	0.002344	0
FST_USD	2018-07-06	0.002542	0.002387	0.002553	0.002279	0
FST_USD	2018-07-05	0.002387	0.002438	0.002486	0.002308	0
FST_USD	2018-07-04	0.002438	0.002567	0.002610	0.002343	0
FST_USD	2018-07-03	0.002567	0.002614	0.002626	0.000034	0
FST_USD	2018-07-02	0.002614	0.002476	0.002619	0.000000	0
FST_USD	2018-07-01	0.002476	0.002429	0.002492	0.002383	0
FST_USD	2018-06-30	0.002429	0.002419	0.002541	0.002408	0
FST_USD	2018-06-29	0.002421	0.002281	0.002446	0.002262	0
FST_USD	2018-06-28	0.002285	0.002484	0.002497	0.002274	0
FST_USD	2018-06-27	0.002484	0.002335	0.002503	0.002300	0
FST_USD	2018-06-26	0.002343	0.002875	0.002900	0.002330	0
FST_USD	2018-06-25	0.002873	0.002919	0.002968	0.002679	0
FST_USD	2018-06-24	0.002920	0.002988	0.002997	0.002598	0
FST_USD	2018-06-23	0.002984	0.003142	0.003201	0.002947	0
FST_USD	2018-06-22	0.003142	0.003793	0.003803	0.003087	0
FST_USD	2018-06-21	0.003793	0.003921	0.003921	0.003780	0
FST_USD	2018-06-20	0.003921	0.003063	0.004595	0.002985	0
FST_USD	2018-06-19	0.003067	0.002685	0.003067	0.002668	0
FST_USD	2018-06-18	0.002684	0.002352	0.002688	0.002153	0
FST_USD	2018-06-17	0.002350	0.002433	0.002456	0.002346	0
FST_USD	2018-06-16	0.002432	0.002458	0.002489	0.002405	0
FST_USD	2018-06-15	0.002457	0.002624	0.002624	0.002449	0
FST_USD	2018-06-14	0.002619	0.002487	0.002658	0.002478	0
FST_USD	2018-06-13	0.002485	0.002781	0.002807	0.002458	0
FST_USD	2018-06-12	0.002781	0.003057	0.003057	0.002699	0
FST_USD	2018-06-11	0.003059	0.003041	0.003069	0.002927	0
FST_USD	2018-06-10	0.003037	0.003262	0.003262	0.002972	0
FST_USD	2018-06-09	0.003261	0.003351	0.003381	0.003250	0
FST_USD	2018-06-08	0.003351	0.003459	0.003463	0.003321	0
FST_USD	2018-06-07	0.003460	0.003406	0.003508	0.003378	0
FST_USD	2018-06-06	0.003406	0.003662	0.003669	0.003112	0
FST_USD	2018-06-05	0.003658	0.003258	0.003721	0.003207	0
FST_USD	2018-06-04	0.003260	0.003322	0.003336	0.003210	0
FST_USD	2018-06-03	0.003319	0.003358	0.003439	0.003306	0
FST_USD	2018-06-02	0.003361	0.003462	0.003566	0.003351	0
FST_USD	2018-06-01	0.003460	0.003406	0.003466	0.003224	0
FST_USD	2018-05-31	0.003406	0.003428	0.003677	0.003339	0
FST_USD	2018-05-30	0.003429	0.003509	0.003564	0.003203	0
FST_USD	2018-05-29	0.003505	0.003659	0.003772	0.003431	0
FST_USD	2018-05-28	0.003656	0.003965	0.004045	0.003641	0
FST_USD	2018-05-27	0.003963	0.004214	0.004214	0.003889	0
FST_USD	2018-05-26	0.004213	0.004586	0.004705	0.004191	0
FST_USD	2018-05-25	0.004587	0.004735	0.004780	0.004532	0
FST_USD	2018-05-24	0.004733	0.004727	0.004861	0.004551	0
FST_USD	2018-05-23	0.004731	0.004946	0.005092	0.004637	0
FST_USD	2018-05-22	0.004948	0.010780	0.010780	0.000000	0
FST_USD	2018-05-21	0.000000	0.010780	0.010780	0.000000	0
FST_USD	2018-05-18	0.000000	0.010780	0.010780	0.000000	0
FST_USD	2018-05-17	0.000000	0.010780	0.010780	0.000000	0
FST_USD	2018-05-16	0.000000	0.010780	0.010780	0.000000	0
FST_USD	2018-05-15	0.000000	0.010780	0.010780	0.000000	0
FST_USD	2018-05-14	0.000000	0.000000	0.000000	0.000000	0
FST_USD	2018-05-13	0.010780	0.010780	0.010780	0.010780	0
FST_USD	2018-05-08	0.000000	0.000000	0.000000	0.000000	0
FST_USD	2018-05-06	0.010780	0.010780	0.010780	0.010780	0
FST_USD	2018-04-07	0.010780	0.010780	0.010780	0.010780	0
FST_USD	2018-03-25	0.010780	0.010780	0.010780	0.010780	0
FST_USD	2018-02-05	0.010780	0.011740	0.011740	0.010780	26630
FST_USD	2018-02-04	0.011740	0.014960	0.014960	0.010000	23603
FST_USD	2018-02-03	0.014960	0.010020	0.014960	0.010020	13825
FST_USD	2018-02-02	0.010020	0.011110	0.011110	0.010020	5560
