FYP_USD	2019-04-09	0.14904	0.15241	0.15258	0.14750	0
FYP_USD	2019-04-08	0.15268	0.14836	0.15716	0.14719	0
FYP_USD	2019-04-07	0.14883	0.14036	0.14978	0.13933	0
FYP_USD	2019-04-06	0.14021	0.14055	0.14622	0.13644	0
FYP_USD	2019-04-05	0.14078	0.13334	0.14279	0.13252	0
FYP_USD	2019-04-04	0.13328	0.13539	0.13885	0.13027	0
FYP_USD	2019-04-03	0.13489	0.13899	0.15077	0.12799	0
FYP_USD	2019-04-02	0.13903	0.12024	0.14130	0.12007	0
FYP_USD	2019-04-01	0.12054	0.12077	0.12207	0.11901	0
FYP_USD	2019-03-31	0.12078	0.12151	0.12153	0.11986	0
FYP_USD	2019-03-30	0.12151	0.12281	0.12475	0.11992	0
FYP_USD	2019-03-29	0.12281	0.11782	0.12290	0.11760	0
FYP_USD	2019-03-28	0.11782	0.11896	0.11896	0.11718	0
FYP_USD	2019-03-27	0.11897	0.11373	0.11943	0.11368	0
FYP_USD	2019-03-26	0.11373	0.11352	0.11441	0.11260	0
FYP_USD	2019-03-25	0.11352	0.11576	0.11637	0.11188	0
FYP_USD	2019-03-24	0.11576	0.11699	0.11704	0.11493	0
FYP_USD	2019-03-23	0.11699	0.11597	0.11794	0.11577	0
FYP_USD	2019-03-22	0.11601	0.11508	0.11710	0.11462	0
FYP_USD	2019-03-21	0.11508	0.11942	0.11986	0.11418	0
FYP_USD	2019-03-20	0.11938	0.11899	0.11991	0.11692	0
FYP_USD	2019-03-19	0.11909	0.11809	0.11952	0.11746	0
FYP_USD	2019-03-18	0.11809	0.11904	0.12156	0.11681	0
FYP_USD	2019-03-17	0.11904	0.12079	0.12079	0.11792	0
FYP_USD	2019-03-16	0.12079	0.11699	0.12360	0.11699	0
FYP_USD	2019-03-15	0.11698	0.11315	0.11844	0.11314	0
FYP_USD	2019-03-14	0.11324	0.11300	0.11547	0.11122	0
FYP_USD	2019-03-13	0.11300	0.11446	0.11447	0.11213	0
FYP_USD	2019-03-12	0.11446	0.11375	0.11571	0.11038	0
FYP_USD	2019-03-11	0.11370	0.11608	0.11655	0.11256	0
FYP_USD	2019-03-10	0.11608	0.11766	0.11783	0.11498	0
FYP_USD	2019-03-09	0.11765	0.11440	0.11897	0.11385	0
FYP_USD	2019-03-08	0.11440	0.11763	0.12000	0.11196	0
FYP_USD	2019-03-07	0.11764	0.11809	0.12035	0.11642	0
FYP_USD	2019-03-06	0.11806	0.11771	0.12057	0.11504	0
FYP_USD	2019-03-05	0.11760	0.10784	0.11838	0.10736	0
FYP_USD	2019-03-04	0.10785	0.11195	0.11245	0.10576	0
FYP_USD	2019-03-03	0.11184	0.11390	0.11567	0.10974	0
FYP_USD	2019-03-02	0.11391	0.11633	0.11702	0.11185	0
FYP_USD	2019-03-01	0.11641	0.11606	0.11872	0.11578	0
FYP_USD	2019-02-28	0.11608	0.11579	0.11973	0.11465	0
FYP_USD	2019-02-27	0.11578	0.11709	0.12069	0.10890	0
FYP_USD	2019-02-26	0.11731	0.11855	0.11903	0.11550	0
FYP_USD	2019-02-25	0.11857	0.11361	0.12153	0.11361	0
FYP_USD	2019-02-24	0.11345	0.13554	0.14232	0.11345	0
FYP_USD	2019-02-23	0.13571	0.12706	0.13726	0.12513	0
FYP_USD	2019-02-22	0.12726	0.12458	0.12778	0.12283	0
FYP_USD	2019-02-21	0.12461	0.12740	0.12898	0.12227	0
FYP_USD	2019-02-20	0.12789	0.12316	0.12807	0.12080	0
FYP_USD	2019-02-19	0.12316	0.12505	0.12886	0.12259	0
FYP_USD	2019-02-18	0.12518	0.11440	0.12743	0.11361	0
FYP_USD	2019-02-17	0.11440	0.10474	0.11615	0.10458	0
FYP_USD	2019-02-16	0.10474	0.10397	0.10668	0.10394	0
FYP_USD	2019-02-15	0.10395	0.10291	0.10623	0.10264	0
FYP_USD	2019-02-14	0.10296	0.10392	0.10605	0.10269	0
FYP_USD	2019-02-13	0.10404	0.10479	0.10862	0.10298	0
FYP_USD	2019-02-12	0.10448	0.10306	0.10590	0.10071	0
FYP_USD	2019-02-11	0.10306	0.10692	0.10692	0.10220	0
FYP_USD	2019-02-10	0.10710	0.10166	0.10761	0.09912	0
FYP_USD	2019-02-09	0.10177	0.10180	0.10364	0.10048	0
FYP_USD	2019-02-08	0.10194	0.08883	0.10467	0.08829	0
FYP_USD	2019-02-07	0.08879	0.08909	0.09039	0.08836	0
FYP_USD	2019-02-06	0.08909	0.09130	0.09151	0.08652	0
FYP_USD	2019-02-05	0.09130	0.09111	0.09167	0.09030	0
FYP_USD	2019-02-04	0.09113	0.09124	0.09265	0.09057	0
FYP_USD	2019-02-03	0.09116	0.09468	0.09529	0.09004	0
FYP_USD	2019-02-02	0.09441	0.09157	0.09484	0.09067	0
FYP_USD	2019-02-01	0.09156	0.09123	0.09282	0.08880	0
FYP_USD	2019-01-31	0.09105	0.09287	0.09490	0.09027	0
FYP_USD	2019-01-30	0.09293	0.08932	0.09377	0.08849	0
FYP_USD	2019-01-29	0.08949	0.09035	0.09089	0.08765	0
FYP_USD	2019-01-28	0.09029	0.09529	0.09604	0.08681	0
FYP_USD	2019-01-27	0.09530	0.09855	0.09912	0.09473	0
FYP_USD	2019-01-26	0.09858	0.09734	0.10038	0.09716	0
FYP_USD	2019-01-25	0.09733	0.10120	0.10145	0.09655	0
FYP_USD	2019-01-24	0.10121	0.10094	0.10195	0.09851	0
FYP_USD	2019-01-23	0.10094	0.10216	0.10296	0.09955	0
FYP_USD	2019-01-22	0.10216	0.09979	0.10335	0.09600	0
FYP_USD	2019-01-21	0.09988	0.10133	0.10211	0.09783	0
FYP_USD	2019-01-20	0.10118	0.10710	0.10754	0.10012	0
FYP_USD	2019-01-19	0.10710	0.10358	0.11069	0.10358	0
FYP_USD	2019-01-18	0.10355	0.10634	0.10670	0.10240	0
FYP_USD	2019-01-17	0.10646	0.10602	0.10740	0.10206	0
FYP_USD	2019-01-16	0.10553	0.10414	0.11039	0.10346	0
FYP_USD	2019-01-15	0.10430	0.11173	0.11328	0.10187	0
FYP_USD	2019-01-14	0.11174	0.10029	0.11422	0.10016	0
FYP_USD	2019-01-13	0.10020	0.10823	0.10855	0.09877	0
FYP_USD	2019-01-12	0.10825	0.10948	0.11044	0.10736	0
FYP_USD	2019-01-11	0.10948	0.11010	0.11202	0.10656	0
FYP_USD	2019-01-10	0.11006	0.12988	0.13129	0.10717	0
FYP_USD	2019-01-09	0.12984	0.12995	0.13446	0.12860	0
FYP_USD	2019-01-08	0.12995	0.13158	0.13362	0.12821	0
FYP_USD	2019-01-07	0.13155	0.13672	0.13820	0.13028	0
FYP_USD	2019-01-06	0.13669	0.13463	0.14015	0.13055	0
FYP_USD	2019-01-05	0.13459	0.13484	0.14162	0.13413	0
FYP_USD	2019-01-04	0.13485	0.12946	0.13761	0.12806	0
FYP_USD	2019-01-03	0.12941	0.13546	0.13651	0.12735	0
FYP_USD	2019-01-02	0.13551	0.12401	0.13858	0.12240	0
FYP_USD	2019-01-01	0.12290	0.11560	0.12521	0.11465	0
FYP_USD	2018-12-31	0.11560	0.12257	0.12278	0.11368	0
FYP_USD	2018-12-30	0.12241	0.11885	0.12335	0.11468	0
FYP_USD	2018-12-29	0.11948	0.12107	0.12995	0.11602	0
FYP_USD	2018-12-28	0.12114	0.10080	0.12193	0.09955	0
FYP_USD	2018-12-27	0.10053	0.11444	0.11555	0.09908	0
FYP_USD	2018-12-26	0.11438	0.11305	0.12008	0.10846	0
FYP_USD	2018-12-25	0.11304	0.12121	0.12197	0.10764	0
FYP_USD	2018-12-24	0.12130	0.11370	0.13879	0.11360	0
FYP_USD	2018-12-23	0.11372	0.10247	0.11722	0.10241	0
FYP_USD	2018-12-22	0.10230	0.09467	0.10247	0.09254	0
FYP_USD	2018-12-21	0.09467	0.10053	0.10424	0.09254	0
FYP_USD	2018-12-20	0.10095	0.08707	0.10258	0.08639	0
FYP_USD	2018-12-19	0.08700	0.08853	0.09423	0.08647	0
FYP_USD	2018-12-18	0.08829	0.08269	0.08942	0.08032	0
FYP_USD	2018-12-17	0.08270	0.07362	0.08528	0.07331	0
FYP_USD	2018-12-16	0.07358	0.07159	0.07560	0.07145	0
FYP_USD	2018-12-15	0.07160	0.07114	0.07235	0.06954	0
FYP_USD	2018-12-14	0.07113	0.07340	0.07383	0.06986	0
FYP_USD	2018-12-13	0.07323	0.07666	0.07759	0.07201	0
FYP_USD	2018-12-12	0.07666	0.07425	0.07843	0.07363	0
FYP_USD	2018-12-11	0.07464	0.07706	0.07859	0.07316	0
FYP_USD	2018-12-10	0.07695	0.08009	0.08159	0.07558	0
FYP_USD	2018-12-09	0.08023	0.07745	0.08530	0.07578	0
FYP_USD	2018-12-08	0.07751	0.07917	0.08318	0.07160	0
FYP_USD	2018-12-07	0.07919	0.07679	0.08253	0.06933	0
FYP_USD	2018-12-06	0.07716	0.08572	0.08791	0.07650	0
FYP_USD	2018-12-05	0.08554	0.09250	0.09289	0.08545	0
FYP_USD	2018-12-04	0.09251	0.09120	0.09621	0.08892	0
FYP_USD	2018-12-03	0.09120	0.09779	0.09802	0.08925	0
FYP_USD	2018-12-02	0.09760	0.09991	0.10187	0.09738	0
FYP_USD	2018-12-01	0.09991	0.09497	0.10228	0.09332	0
FYP_USD	2018-11-30	0.09497	0.09896	0.10074	0.09362	0
FYP_USD	2018-11-29	0.09896	0.10359	0.10428	0.09624	0
FYP_USD	2018-11-28	0.10359	0.09332	0.10666	0.09332	0
FYP_USD	2018-11-27	0.09332	0.09233	0.09551	0.08603	0
FYP_USD	2018-11-26	0.09233	0.09916	0.10118	0.08941	0
FYP_USD	2018-11-25	0.09948	0.09630	0.10099	0.08659	0
FYP_USD	2018-11-24	0.09630	0.10456	0.10827	0.09349	0
FYP_USD	2018-11-23	0.10456	0.10537	0.10721	0.10020	0
FYP_USD	2018-11-22	0.10639	0.11549	0.11706	0.10639	0
FYP_USD	2018-11-21	0.11584	0.11244	0.11806	0.10658	0
FYP_USD	2018-11-20	0.11237	0.12637	0.12873	0.10705	0
FYP_USD	2018-11-19	0.12637	0.14685	0.14685	0.12399	0
FYP_USD	2018-11-18	0.14685	0.14434	0.14927	0.14434	0
FYP_USD	2018-11-17	0.14434	0.14533	0.14573	0.14298	0
FYP_USD	2018-11-16	0.14533	0.15111	0.15154	0.14264	0
FYP_USD	2018-11-15	0.15111	0.15363	0.15535	0.14121	0
FYP_USD	2018-11-14	0.15255	0.17221	0.17336	0.14596	0
FYP_USD	2018-11-13	0.17244	0.17453	0.17508	0.17165	0
FYP_USD	2018-11-12	0.17453	0.17479	0.17576	0.17313	0
FYP_USD	2018-11-11	0.17508	0.17495	0.17535	0.17156	0
FYP_USD	2018-11-10	0.17495	0.17316	0.17687	0.17276	0
FYP_USD	2018-11-09	0.17316	0.17456	0.17673	0.17200	0
FYP_USD	2018-11-08	0.17456	0.17971	0.18095	0.17456	0
FYP_USD	2018-11-07	0.17971	0.18125	0.18464	0.17831	0
FYP_USD	2018-11-06	0.18125	0.17306	0.18130	0.17166	0
FYP_USD	2018-11-05	0.17306	0.17403	0.17453	0.17062	0
FYP_USD	2018-11-04	0.17403	0.16421	0.17918	0.16334	0
FYP_USD	2018-11-03	0.16421	0.16595	0.16616	0.16356	0
FYP_USD	2018-11-02	0.16595	0.16391	0.16700	0.16391	0
FYP_USD	2018-11-01	0.16391	0.16305	0.16428	0.16257	0
FYP_USD	2018-10-31	0.16305	0.16193	0.16402	0.15876	0
FYP_USD	2018-10-30	0.16211	0.16159	0.16281	0.16081	0
FYP_USD	2018-10-29	0.16159	0.16819	0.16845	0.16065	0
FYP_USD	2018-10-28	0.16819	0.16760	0.16854	0.16728	0
FYP_USD	2018-10-27	0.16760	0.16826	0.16879	0.16670	0
FYP_USD	2018-10-26	0.16826	0.16714	0.17075	0.16696	0
FYP_USD	2018-10-25	0.16714	0.16752	0.16817	0.04407	0
FYP_USD	2018-10-24	0.16752	0.16807	0.16969	0.16748	0
FYP_USD	2018-10-23	0.16807	0.16828	0.16954	0.16567	0
FYP_USD	2018-10-22	0.16828	0.16920	0.17039	0.16762	0
FYP_USD	2018-10-21	0.16908	0.16993	0.17244	0.16905	0
FYP_USD	2018-10-20	0.16991	0.18953	0.19319	0.16906	0
FYP_USD	2018-10-19	0.18949	0.19062	0.19170	0.18870	0
FYP_USD	2018-10-18	0.19062	0.19696	0.19857	0.18860	0
FYP_USD	2018-10-17	0.19696	0.19899	0.20044	0.19456	0
FYP_USD	2018-10-16	0.19906	0.19794	0.20202	0.19562	0
FYP_USD	2018-10-15	0.19794	0.18207	0.21986	0.17991	0
FYP_USD	2018-10-14	0.18194	0.18613	0.18796	0.18078	0
FYP_USD	2018-10-13	0.18616	0.18225	0.18738	0.18208	0
FYP_USD	2018-10-12	0.18241	0.17683	0.18611	0.17622	0
FYP_USD	2018-10-11	0.17655	0.20970	0.20970	0.17583	0
FYP_USD	2018-10-10	0.20970	0.21138	0.21148	0.20724	0
FYP_USD	2018-10-09	0.21138	0.21294	0.21370	0.21010	0
FYP_USD	2018-10-08	0.21294	0.20926	0.21494	0.20754	0
FYP_USD	2018-10-07	0.20926	0.20842	0.21045	0.20512	0
FYP_USD	2018-10-06	0.20842	0.21150	0.21183	0.20664	0
FYP_USD	2018-10-05	0.21150	0.20562	0.21400	0.20341	0
FYP_USD	2018-10-04	0.20562	0.20409	0.20954	0.20325	0
FYP_USD	2018-10-03	0.20399	0.20886	0.20942	0.20010	0
FYP_USD	2018-10-02	0.20913	0.21413	0.21485	0.20783	0
FYP_USD	2018-10-01	0.21409	0.21529	0.21737	0.20878	0
FYP_USD	2018-09-30	0.21529	0.21468	0.22089	0.20934	0
FYP_USD	2018-09-29	0.21468	0.20536	0.21945	0.19794	0
FYP_USD	2018-09-28	0.20536	0.21244	0.21615	0.19894	0
FYP_USD	2018-09-27	0.21208	0.19810	0.21522	0.19490	0
FYP_USD	2018-09-26	0.19845	0.20326	0.20584	0.19182	0
FYP_USD	2018-09-25	0.20210	0.21076	0.21076	0.18826	0
FYP_USD	2018-09-24	0.21076	0.22635	0.22745	0.20868	0
FYP_USD	2018-09-23	0.22630	0.22292	0.23074	0.21952	0
FYP_USD	2018-09-22	0.22284	0.22922	0.23578	0.21582	0
FYP_USD	2018-09-21	0.22950	0.20905	0.23273	0.20500	0
FYP_USD	2018-09-20	0.20905	0.19425	0.21182	0.19153	0
FYP_USD	2018-09-19	0.19409	0.19315	0.19749	0.18222	0
FYP_USD	2018-09-18	0.19315	0.18191	0.19814	0.17963	0
FYP_USD	2018-09-17	0.18191	0.20364	0.20789	0.17823	0
FYP_USD	2018-09-16	0.20364	0.20521	0.20666	0.18962	0
FYP_USD	2018-09-15	0.20607	0.19238	0.21045	0.19238	0
FYP_USD	2018-09-14	0.19437	0.19480	0.20665	0.18799	0
FYP_USD	2018-09-13	0.19480	0.16939	0.19869	0.16939	0
FYP_USD	2018-09-12	0.16939	0.17099	0.17110	0.15531	0
FYP_USD	2018-09-11	0.17143	0.18213	0.18410	0.16482	0
FYP_USD	2018-09-10	0.18213	0.18131	0.18739	0.17298	0
FYP_USD	2018-09-09	0.18093	0.18194	0.19274	0.17177	0
FYP_USD	2018-09-08	0.18194	0.19925	0.20337	0.17661	0
FYP_USD	2018-09-07	0.19925	0.21250	0.21660	0.19773	0
FYP_USD	2018-09-06	0.21252	0.21090	0.21440	0.19619	0
FYP_USD	2018-09-05	0.21090	0.26393	0.26600	0.20979	0
FYP_USD	2018-09-04	0.26393	0.26732	0.27085	0.26151	0
FYP_USD	2018-09-03	0.26758	0.27220	0.27415	0.26478	0
FYP_USD	2018-09-02	0.27220	0.27355	0.27690	0.26783	0
FYP_USD	2018-09-01	0.27355	0.26073	0.27951	0.26073	0
FYP_USD	2018-08-31	0.26073	0.26280	0.26351	0.25591	0
FYP_USD	2018-08-30	0.26293	0.26710	0.26919	0.25202	0
FYP_USD	2018-08-29	0.26742	0.27343	0.27456	0.26302	0
FYP_USD	2018-08-28	0.27343	0.26629	0.27553	0.26161	0
FYP_USD	2018-08-27	0.26542	0.25376	0.26542	0.25151	0
FYP_USD	2018-08-26	0.25376	0.25649	0.25681	0.24924	0
FYP_USD	2018-08-25	0.25649	0.26018	0.26153	0.25598	0
FYP_USD	2018-08-24	0.26018	0.25525	0.26178	0.25026	0
FYP_USD	2018-08-23	0.25517	0.25007	0.25900	0.24819	0
FYP_USD	2018-08-22	0.24966	0.26004	0.27671	0.24074	0
FYP_USD	2018-08-21	0.26000	0.25012	0.26434	0.24963	0
FYP_USD	2018-08-20	0.25000	0.27684	0.28092	0.24932	0
FYP_USD	2018-08-19	0.27691	0.27226	0.28346	0.26717	0
FYP_USD	2018-08-18	0.27197	0.29367	0.29692	0.26167	0
FYP_USD	2018-08-17	0.29341	0.26503	0.29427	0.26393	0
FYP_USD	2018-08-16	0.26540	0.26002	0.27632	0.25722	0
FYP_USD	2018-08-15	0.25981	0.25761	0.28122	0.25628	0
FYP_USD	2018-08-14	0.25729	0.26263	0.26263	0.23216	0
FYP_USD	2018-08-13	0.26263	0.29430	0.29770	0.25974	0
FYP_USD	2018-08-12	0.29430	0.29393	0.30266	0.29142	0
FYP_USD	2018-08-11	0.29427	0.30693	0.30742	0.28227	0
FYP_USD	2018-08-10	0.30702	0.33617	0.33818	0.30192	0
FYP_USD	2018-08-09	0.33596	0.32913	0.34219	0.32452	0
FYP_USD	2018-08-08	0.32895	0.34928	0.35173	0.32302	0
FYP_USD	2018-08-07	0.34948	0.37469	0.37976	0.34122	0
FYP_USD	2018-08-06	0.37475	0.37820	0.38189	0.37123	0
FYP_USD	2018-08-05	0.37809	0.37647	0.38238	0.36991	0
FYP_USD	2018-08-04	0.37616	0.38633	0.38757	0.37167	0
FYP_USD	2018-08-03	0.38633	0.38008	0.38818	0.36815	0
FYP_USD	2018-08-02	0.38008	0.38857	0.39231	0.37715	0
FYP_USD	2018-08-01	0.38832	0.40012	0.40231	0.37731	0
FYP_USD	2018-07-31	0.39992	0.42238	0.42324	0.39561	0
FYP_USD	2018-07-30	0.42239	0.43139	0.43381	0.41322	0
FYP_USD	2018-07-29	0.43163	0.44447	0.44447	0.42690	0
FYP_USD	2018-07-28	0.44447	0.44447	0.44447	0.44447	0
FYP_USD	2018-07-27	0.44447	0.44447	0.44447	0.44447	0
FYP_USD	2018-07-26	0.44447	0.43682	0.44817	0.43682	0
FYP_USD	2018-07-25	0.43649	0.44275	0.44862	0.42949	0
FYP_USD	2018-07-24	0.44425	0.41572	0.44817	0.41498	0
FYP_USD	2018-07-23	0.41556	0.42310	0.43477	0.41316	0
FYP_USD	2018-07-22	0.42365	0.42619	0.43648	0.42088	0
FYP_USD	2018-07-21	0.42619	0.41545	0.43317	0.40897	0
FYP_USD	2018-07-20	0.41545	0.43349	0.43386	0.40720	0
FYP_USD	2018-07-19	0.43349	0.44255	0.44777	0.42823	0
FYP_USD	2018-07-18	0.44254	0.46167	0.47663	0.43446	0
FYP_USD	2018-07-17	0.46167	0.44257	0.47298	0.43118	0
FYP_USD	2018-07-16	0.44317	0.41615	0.44456	0.41179	0
FYP_USD	2018-07-15	0.41615	0.41183	0.42098	0.39989	0
FYP_USD	2018-07-14	0.41183	0.41056	0.41733	0.40645	0
FYP_USD	2018-07-13	0.41042	0.40857	0.42002	0.40459	0
FYP_USD	2018-07-12	0.40781	0.41452	0.41452	0.39691	0
FYP_USD	2018-07-11	0.41400	0.41124	0.42461	0.40382	0
FYP_USD	2018-07-10	0.41083	0.44750	0.44949	0.40653	0
FYP_USD	2018-07-09	0.44680	0.46185	0.46355	0.44527	0
FYP_USD	2018-07-08	0.46185	0.46244	0.47064	0.45849	0
FYP_USD	2018-07-07	0.46244	0.44690	0.46433	0.43882	0
FYP_USD	2018-07-06	0.44653	0.44393	0.45081	0.42946	0
FYP_USD	2018-07-05	0.44483	0.44354	0.45470	0.43580	0
FYP_USD	2018-07-04	0.44415	0.43956	0.45325	0.42890	0
FYP_USD	2018-07-03	0.43875	0.45321	0.46226	0.43734	0
FYP_USD	2018-07-02	0.45301	0.42947	0.45800	0.00000	0
FYP_USD	2018-07-01	0.42948	0.43121	0.43411	0.42267	0
FYP_USD	2018-06-30	0.43132	0.41397	0.44009	0.41397	0
FYP_USD	2018-06-29	0.41404	0.39914	0.42054	0.38479	0
FYP_USD	2018-06-28	0.40058	0.42005	0.42137	0.39689	0
FYP_USD	2018-06-27	0.41963	0.40790	0.42356	0.39852	0
FYP_USD	2018-06-26	0.40873	0.43730	0.43829	0.40770	0
FYP_USD	2018-06-25	0.43611	0.43046	0.44934	0.42314	0
FYP_USD	2018-06-24	0.43261	0.45084	0.45176	0.40001	0
FYP_USD	2018-06-23	0.44986	0.43934	0.45664	0.43205	0
FYP_USD	2018-06-22	0.43873	0.49265	0.49275	0.42680	0
FYP_USD	2018-06-21	0.49275	0.50229	0.51073	0.48888	0
FYP_USD	2018-06-20	0.50226	0.50374	0.50764	0.48424	0
FYP_USD	2018-06-19	0.50434	0.48534	0.51318	0.48246	0
FYP_USD	2018-06-18	0.48483	0.46552	0.49010	0.45671	0
FYP_USD	2018-06-17	0.46445	0.46529	0.47553	0.46228	0
FYP_USD	2018-06-16	0.46529	0.45598	0.47109	0.45319	0
FYP_USD	2018-06-15	0.45638	0.48710	0.48783	0.45278	0
FYP_USD	2018-06-14	0.48542	0.44620	0.49163	0.43062	0
FYP_USD	2018-06-13	0.44597	0.46244	0.46933	0.42172	0
FYP_USD	2018-06-12	0.46223	0.49712	0.50577	0.45309	0
FYP_USD	2018-06-11	0.49733	0.49035	0.50135	0.47722	0
FYP_USD	2018-06-10	0.49016	0.55353	0.55353	0.46976	0
FYP_USD	2018-06-09	0.55559	0.56187	0.57086	0.55443	0
FYP_USD	2018-06-08	0.56184	0.56606	0.56985	0.55546	0
FYP_USD	2018-06-07	0.56701	0.56943	0.57802	0.56109	0
FYP_USD	2018-06-06	0.56820	0.57113	0.57295	0.55553	0
FYP_USD	2018-06-05	0.57012	0.55542	0.57439	0.53959	0
FYP_USD	2018-06-04	0.55362	0.58083	0.58537	0.54324	0
FYP_USD	2018-06-03	0.58013	0.55342	0.58818	0.55265	0
FYP_USD	2018-06-02	0.55301	0.54419	0.56184	0.53817	0
FYP_USD	2018-06-01	0.54251	0.54020	0.55225	0.52857	0
FYP_USD	2018-05-31	0.54136	0.52170	0.54906	0.51888	0
FYP_USD	2018-05-30	0.52200	0.53144	0.54807	0.50773	0
FYP_USD	2018-05-29	0.52886	0.47953	0.53600	0.47871	0
FYP_USD	2018-05-28	0.47950	0.53292	0.53760	0.47132	0
FYP_USD	2018-05-27	0.53292	0.54847	0.55343	0.51934	0
FYP_USD	2018-05-26	0.54847	0.54736	0.56812	0.54155	0
FYP_USD	2018-05-25	0.54734	0.56457	0.57675	0.53230	0
FYP_USD	2018-05-24	0.56462	0.54137	0.56992	0.50667	0
FYP_USD	2018-05-23	0.54054	0.59983	0.60826	0.52850	0
FYP_USD	2018-05-22	0.60070	0.65289	0.65385	0.59781	0
FYP_USD	2018-05-21	0.65184	0.67007	0.67331	0.64320	0
FYP_USD	2018-05-20	0.66992	0.65219	0.67684	0.64385	0
FYP_USD	2018-05-19	0.65165	0.64963	0.67155	0.63883	0
FYP_USD	2018-05-18	0.64945	0.62550	0.65069	0.61590	0
FYP_USD	2018-05-17	0.62659	0.66270	0.67255	0.61992	0
FYP_USD	2018-05-16	0.66204	0.66033	0.66468	0.63279	0
FYP_USD	2018-05-15	0.66035	0.68130	0.69196	0.65087	0
FYP_USD	2018-05-14	0.68130	0.68263	0.69494	0.64222	0
FYP_USD	2018-05-13	0.68262	0.63940	0.69249	0.62642	0
FYP_USD	2018-05-12	0.63869	0.63487	0.64666	0.59757	0
FYP_USD	2018-05-11	0.63274	0.67732	0.68936	0.62375	0
FYP_USD	2018-05-10	0.67755	0.70416	0.71912	0.67705	0
FYP_USD	2018-05-09	0.70416	0.70048	0.71207	0.66521	0
FYP_USD	2018-05-08	0.70139	0.70411	0.72582	0.00094	0
FYP_USD	2018-05-07	0.70760	0.74338	0.74729	0.64724	0
FYP_USD	2018-05-06	0.74335	0.76764	0.78479	0.70701	0
FYP_USD	2018-05-05	0.76718	0.73565	0.77729	0.73243	0
FYP_USD	2018-05-04	0.73565	0.72991	0.75656	0.71256	0
FYP_USD	2018-05-03	0.72991	0.64431	0.73983	0.64350	0
FYP_USD	2018-05-02	0.64431	0.62840	0.64761	0.62221	0
FYP_USD	2018-05-01	0.62845	0.62718	0.63223	0.58880	0
FYP_USD	2018-04-30	0.62646	0.64702	0.65024	0.62140	0
FYP_USD	2018-04-29	0.64664	0.63965	0.65555	0.62336	0
FYP_USD	2018-04-28	0.64030	0.60264	0.65013	0.59981	0
FYP_USD	2018-04-27	0.60320	0.62074	0.64248	0.60023	0
FYP_USD	2018-04-26	0.62063	0.57848	0.62313	0.56203	0
FYP_USD	2018-04-25	0.57848	0.65822	0.65884	0.55892	0
FYP_USD	2018-04-24	0.65969	0.62115	0.91061	0.62113	0
FYP_USD	2018-04-23	0.62143	0.59821	0.62544	0.59745	0
FYP_USD	2018-04-22	0.59889	0.58390	0.62079	0.57119	0
FYP_USD	2018-04-21	0.58390	0.59480	0.60250	0.55559	0
FYP_USD	2018-04-20	0.59383	0.54682	0.59871	0.53831	0
FYP_USD	2018-04-19	0.54625	0.50725	0.54986	0.50375	0
FYP_USD	2018-04-18	0.50701	0.48530	0.50816	0.48409	0
FYP_USD	2018-04-17	0.48586	0.45734	0.49912	0.45094	0
FYP_USD	2018-04-16	0.45750	0.47757	0.48051	0.44651	0
FYP_USD	2018-04-15	0.47665	0.44917	0.47769	0.44917	0
FYP_USD	2018-04-14	0.44926	0.44191	0.45983	0.43546	0
FYP_USD	2018-04-13	0.44059	0.44158	0.47244	0.43129	0
FYP_USD	2018-04-12	0.44224	0.38411	0.44564	0.37051	0
FYP_USD	2018-04-11	0.38449	0.37122	0.38733	0.36855	0
FYP_USD	2018-04-10	0.37121	0.35662	0.37362	0.34993	0
FYP_USD	2018-04-09	0.35563	0.35801	0.38518	0.34642	0
FYP_USD	2018-04-08	0.35854	0.34361	0.36120	0.34361	0
FYP_USD	2018-04-07	0.34406	0.33064	0.35286	0.32994	0
FYP_USD	2018-04-06	0.33066	0.34318	0.34649	0.32517	0
FYP_USD	2018-04-05	0.34261	0.33992	0.34770	0.32923	0
FYP_USD	2018-04-04	0.34032	0.37311	0.37431	0.33236	0
FYP_USD	2018-04-03	0.37359	0.34667	0.37578	0.34167	0
FYP_USD	2018-04-02	0.34667	0.34053	0.35431	0.33746	0
FYP_USD	2018-04-01	0.34061	0.35390	0.35867	0.32228	0
FYP_USD	2018-03-31	0.35384	0.35349	0.37624	0.35028	0
FYP_USD	2018-03-30	0.35333	0.34544	0.36914	0.32808	0
FYP_USD	2018-03-29	0.34538	0.40058	0.40287	0.34143	0
FYP_USD	2018-03-28	0.40047	0.40292	0.41829	0.39567	0
FYP_USD	2018-03-27	0.40298	0.43723	0.44184	0.40117	0
FYP_USD	2018-03-26	0.43840	0.47029	0.47244	0.41987	0
FYP_USD	2018-03-25	0.46978	0.53592	0.54870	0.46638	0
FYP_USD	2018-03-24	0.53587	0.56181	0.56301	0.53587	0
FYP_USD	2018-03-23	0.56036	0.50065	0.56036	0.47200	0
FYP_USD	2018-03-22	0.50047	0.51887	0.53584	0.47883	0
FYP_USD	2018-03-21	0.51914	0.51684	0.54685	0.50622	0
FYP_USD	2018-03-20	0.51640	0.51506	0.52556	0.47931	0
FYP_USD	2018-03-19	0.51528	0.49851	0.51788	0.47812	0
FYP_USD	2018-03-18	0.49798	0.50942	0.52056	0.42184	0
FYP_USD	2018-03-17	0.51112	0.64382	0.65372	0.50836	0
FYP_USD	2018-03-16	0.64523	0.65473	0.67117	0.62755	0
FYP_USD	2018-03-15	0.65392	0.65582	0.66520	0.61325	0
FYP_USD	2018-03-14	0.65487	0.73910	0.75399	0.62884	0
FYP_USD	2018-03-13	0.73878	0.74771	0.76645	0.72798	0
FYP_USD	2018-03-12	0.74695	0.77276	0.79421	0.72731	0
FYP_USD	2018-03-11	0.77299	0.72964	0.78853	0.70887	0
FYP_USD	2018-03-10	0.73031	0.77788	0.79974	0.72599	0
FYP_USD	2018-03-09	0.77920	0.74862	0.78126	0.68600	0
FYP_USD	2018-03-08	0.74847	0.80427	0.82659	0.73946	0
