GCR_USD	2019-04-09	0.017283	0.017478	0.017478	0.016992	0
GCR_USD	2019-04-08	0.017478	0.017232	0.017611	0.016917	0
GCR_USD	2019-04-07	0.017232	0.016688	0.017412	0.016673	0
GCR_USD	2019-04-06	0.016688	0.016702	0.017333	0.016321	0
GCR_USD	2019-04-05	0.016702	0.016211	0.016812	0.016205	0
GCR_USD	2019-04-04	0.016211	0.016355	0.016751	0.015880	0
GCR_USD	2019-04-03	0.016355	0.016200	0.017496	0.015934	0
GCR_USD	2019-04-02	0.016200	0.013793	0.016677	0.013763	0
GCR_USD	2019-04-01	0.013793	0.013690	0.013865	0.013560	0
GCR_USD	2019-03-31	0.013690	0.013682	0.013735	0.013644	0
GCR_USD	2019-03-30	0.013682	0.013728	0.013830	0.013553	0
GCR_USD	2019-03-29	0.013728	0.013444	0.013755	0.013420	0
GCR_USD	2019-03-28	0.013444	0.013477	0.013481	0.013362	0
GCR_USD	2019-03-27	0.013477	0.013113	0.013500	0.013073	0
GCR_USD	2019-03-26	0.013113	0.013041	0.013123	0.012979	0
GCR_USD	2019-03-25	0.013041	0.013276	0.013304	0.012943	0
GCR_USD	2019-03-24	0.013276	0.013347	0.013347	0.013183	0
GCR_USD	2019-03-23	0.013347	0.013300	0.013390	0.013258	0
GCR_USD	2019-03-22	0.013300	0.013287	0.013367	0.013255	0
GCR_USD	2019-03-21	0.013287	0.013558	0.013619	0.013160	0
GCR_USD	2019-03-20	0.013558	0.013494	0.013587	0.013379	0
GCR_USD	2019-03-19	0.013494	0.013382	0.013527	0.013326	0
GCR_USD	2019-03-18	0.013382	0.013366	0.013530	0.013264	0
GCR_USD	2019-03-17	0.013366	0.013435	0.013435	0.013276	0
GCR_USD	2019-03-16	0.013435	0.013150	0.013641	0.013150	0
GCR_USD	2019-03-15	0.013150	0.012975	0.013176	0.012972	0
GCR_USD	2019-03-14	0.012975	0.012969	0.013140	0.012772	0
GCR_USD	2019-03-13	0.012969	0.012989	0.013043	0.012895	0
GCR_USD	2019-03-12	0.012989	0.012981	0.013072	0.012799	0
GCR_USD	2019-03-11	0.012981	0.013138	0.013170	0.012881	0
GCR_USD	2019-03-10	0.013138	0.013190	0.013197	0.013024	0
GCR_USD	2019-03-09	0.013190	0.012945	0.013288	0.012923	0
GCR_USD	2019-03-08	0.012945	0.013024	0.013205	0.012733	0
GCR_USD	2019-03-07	0.013024	0.012981	0.013119	0.012928	0
GCR_USD	2019-03-06	0.012981	0.012976	0.013065	0.012847	0
GCR_USD	2019-03-05	0.012976	0.012483	0.013031	0.012438	0
GCR_USD	2019-03-04	0.012483	0.012761	0.012835	0.012376	0
GCR_USD	2019-03-03	0.012761	0.012854	0.012889	0.012680	0
GCR_USD	2019-03-02	0.012854	0.012867	0.012889	0.012668	0
GCR_USD	2019-03-01	0.012867	0.012797	0.012969	0.012789	0
GCR_USD	2019-02-28	0.012797	0.012814	0.013097	0.012761	0
GCR_USD	2019-02-27	0.012814	0.012806	0.012923	0.012394	0
GCR_USD	2019-02-26	0.012806	0.012889	0.012923	0.012726	0
GCR_USD	2019-02-25	0.012889	0.012591	0.013023	0.012583	0
GCR_USD	2019-02-24	0.012591	0.013837	0.014068	0.012525	0
GCR_USD	2019-02-23	0.013837	0.013353	0.013978	0.013189	0
GCR_USD	2019-02-22	0.013353	0.013173	0.013383	0.013112	0
GCR_USD	2019-02-21	0.013173	0.013339	0.013539	0.013061	0
GCR_USD	2019-02-20	0.013339	0.013112	0.013359	0.013035	0
GCR_USD	2019-02-19	0.013112	0.013071	0.013407	0.012954	0
GCR_USD	2019-02-18	0.013071	0.012272	0.013169	0.012234	0
GCR_USD	2019-02-17	0.012272	0.012077	0.012428	0.012053	0
GCR_USD	2019-02-16	0.012077	0.012037	0.012231	0.012036	0
GCR_USD	2019-02-15	0.012037	0.012015	0.012208	0.011973	0
GCR_USD	2019-02-14	0.012015	0.012052	0.012093	0.011966	0
GCR_USD	2019-02-13	0.012052	0.012135	0.012271	0.011992	0
GCR_USD	2019-02-12	0.012135	0.012092	0.012233	0.011975	0
GCR_USD	2019-02-11	0.012092	0.012309	0.012317	0.012077	0
GCR_USD	2019-02-10	0.012309	0.012215	0.012312	0.012049	0
GCR_USD	2019-02-09	0.012215	0.012234	0.012281	0.012134	0
GCR_USD	2019-02-08	0.012233	0.011287	0.012462	0.011260	0
GCR_USD	2019-02-07	0.011287	0.011340	0.011373	0.011271	0
GCR_USD	2019-02-06	0.011340	0.011537	0.011566	0.011246	0
GCR_USD	2019-02-05	0.011537	0.011466	0.011550	0.011418	0
GCR_USD	2019-02-04	0.011466	0.011503	0.011561	0.011417	0
GCR_USD	2019-02-03	0.011503	0.011691	0.011717	0.011403	0
GCR_USD	2019-02-02	0.011691	0.011622	0.011734	0.011500	0
GCR_USD	2019-02-01	0.011622	0.011507	0.011677	0.011386	0
GCR_USD	2019-01-31	0.011507	0.011595	0.011719	0.011439	0
GCR_USD	2019-01-30	0.011595	0.011425	0.011649	0.011340	0
GCR_USD	2019-01-29	0.011425	0.011501	0.011538	0.011245	0
GCR_USD	2019-01-28	0.011501	0.011817	0.011819	0.011354	0
GCR_USD	2019-01-27	0.011817	0.011934	0.011965	0.011641	0
GCR_USD	2019-01-26	0.011934	0.011921	0.012260	0.011908	0
GCR_USD	2019-01-25	0.011921	0.011997	0.012034	0.011811	0
GCR_USD	2019-01-24	0.011997	0.011891	0.012049	0.011793	0
GCR_USD	2019-01-23	0.011891	0.011954	0.012062	0.011800	0
GCR_USD	2019-01-22	0.011954	0.011763	0.012076	0.011504	0
GCR_USD	2019-01-21	0.011763	0.011780	0.011845	0.011672	0
GCR_USD	2019-01-20	0.011780	0.012368	0.012470	0.011655	0
GCR_USD	2019-01-19	0.012368	0.012075	0.012644	0.012069	0
GCR_USD	2019-01-18	0.012075	0.012222	0.012233	0.012003	0
GCR_USD	2019-01-17	0.012222	0.012061	0.012228	0.011891	0
GCR_USD	2019-01-16	0.012061	0.012011	0.012264	0.011967	0
GCR_USD	2019-01-15	0.012011	0.012316	0.012398	0.011936	0
GCR_USD	2019-01-14	0.012316	0.011799	0.012474	0.011760	0
GCR_USD	2019-01-13	0.011799	0.012162	0.012216	0.011734	0
GCR_USD	2019-01-12	0.012162	0.012203	0.012266	0.012057	0
GCR_USD	2019-01-11	0.012203	0.012197	0.012379	0.012045	0
GCR_USD	2019-01-10	0.012197	0.013414	0.013587	0.012112	0
GCR_USD	2019-01-09	0.013414	0.013466	0.013669	0.013258	0
GCR_USD	2019-01-08	0.013466	0.013514	0.013823	0.013333	0
GCR_USD	2019-01-07	0.013514	0.013704	0.013787	0.013399	0
GCR_USD	2019-01-06	0.013704	0.012850	0.025699	0.012773	0
GCR_USD	2019-01-05	0.012850	0.012999	0.013187	0.012826	0
GCR_USD	2019-01-04	0.012999	0.012879	0.013093	0.012679	0
GCR_USD	2019-01-03	0.012879	0.013304	0.013321	0.012822	0
GCR_USD	2019-01-02	0.013304	0.013002	0.013377	0.012877	0
GCR_USD	2019-01-01	0.013002	0.012583	0.013077	0.012447	0
GCR_USD	2018-12-31	0.012583	0.013051	0.013084	0.012423	0
GCR_USD	2018-12-30	0.013051	0.012755	0.013105	0.012633	0
GCR_USD	2018-12-29	0.012755	0.013261	0.013429	0.012707	0
GCR_USD	2018-12-28	0.013261	0.012200	0.013417	0.012144	0
GCR_USD	2018-12-27	0.012200	0.012910	0.013015	0.012115	0
GCR_USD	2018-12-26	0.012910	0.012829	0.013107	0.012523	0
GCR_USD	2018-12-25	0.012829	0.013616	0.013639	0.012550	0
GCR_USD	2018-12-24	0.013616	0.013373	0.014401	0.013373	0
GCR_USD	2018-12-23	0.013373	0.013553	0.013830	0.013264	0
GCR_USD	2018-12-22	0.013553	0.013048	0.013621	0.012876	0
GCR_USD	2018-12-21	0.013048	0.013845	0.014087	0.012829	0
GCR_USD	2018-12-20	0.013845	0.012516	0.014112	0.012424	0
GCR_USD	2018-12-19	0.012516	0.012415	0.013269	0.012357	0
GCR_USD	2018-12-18	0.012415	0.011909	0.012475	0.011662	0
GCR_USD	2018-12-17	0.011909	0.010840	0.012168	0.010791	0
GCR_USD	2018-12-16	0.010840	0.010798	0.011095	0.010766	0
GCR_USD	2018-12-15	0.010798	0.010779	0.010904	0.010570	0
GCR_USD	2018-12-14	0.010779	0.011009	0.011125	0.010599	0
GCR_USD	2018-12-13	0.011009	0.011619	0.011640	0.010937	0
GCR_USD	2018-12-12	0.011619	0.011241	0.011844	0.011221	0
GCR_USD	2018-12-11	0.011340	0.011579	0.011660	0.011155	0
GCR_USD	2018-12-10	0.011579	0.011976	0.012154	0.011418	0
GCR_USD	2018-12-09	0.011976	0.011517	0.012408	0.011396	0
GCR_USD	2018-12-08	0.011517	0.011362	0.012013	0.010896	0
GCR_USD	2018-12-07	0.011362	0.011629	0.011825	0.010785	0
GCR_USD	2018-12-06	0.011629	0.012374	0.012864	0.011549	0
GCR_USD	2018-12-05	0.012374	0.013081	0.013131	0.012323	0
GCR_USD	2018-12-04	0.013081	0.012821	0.013579	0.012515	0
GCR_USD	2018-12-03	0.012821	0.013664	0.013726	0.012615	0
GCR_USD	2018-12-02	0.013664	0.013938	0.014300	0.013558	0
GCR_USD	2018-12-01	0.013938	0.013266	0.014253	0.013072	0
GCR_USD	2018-11-30	0.013266	0.014164	0.014314	0.013029	0
GCR_USD	2018-11-29	0.014164	0.014146	0.014678	0.013740	0
GCR_USD	2018-11-28	0.014146	0.012760	0.014555	0.012760	0
GCR_USD	2018-11-27	0.012760	0.012670	0.012952	0.012198	0
GCR_USD	2018-11-26	0.012670	0.013484	0.013782	0.012210	0
GCR_USD	2018-11-25	0.013484	0.012912	0.013797	0.012031	0
GCR_USD	2018-11-24	0.012912	0.014529	0.014832	0.012597	0
GCR_USD	2018-11-23	0.014529	0.014428	0.014721	0.013965	0
GCR_USD	2018-11-22	0.014428	0.015345	0.015495	0.014428	0
GCR_USD	2018-11-21	0.015345	0.015074	0.015677	0.014552	0
GCR_USD	2018-11-20	0.015074	0.016221	0.016577	0.014185	0
GCR_USD	2018-11-19	0.016221	0.018591	0.018591	0.016067	0
GCR_USD	2018-11-18	0.018591	0.018484	0.018758	0.018465	0
GCR_USD	2018-11-17	0.018484	0.018595	0.018595	0.018309	0
GCR_USD	2018-11-16	0.018595	0.018894	0.018911	0.018248	0
GCR_USD	2018-11-15	0.018894	0.019331	0.019477	0.017875	0
GCR_USD	2018-11-14	0.019331	0.021236	0.021303	0.018740	0
GCR_USD	2018-11-13	0.021236	0.021178	0.021344	0.021035	0
GCR_USD	2018-11-12	0.021178	0.021221	0.021286	0.021086	0
GCR_USD	2018-11-11	0.021221	0.021126	0.021221	0.020906	0
GCR_USD	2018-11-10	0.021126	0.021090	0.021227	0.021071	0
GCR_USD	2018-11-09	0.021090	0.021285	0.021361	0.021003	0
GCR_USD	2018-11-08	0.021285	0.021591	0.021632	0.021277	0
GCR_USD	2018-11-07	0.021591	0.021403	0.021704	0.021392	0
GCR_USD	2018-11-06	0.021403	0.021254	0.021403	0.021181	0
GCR_USD	2018-11-05	0.021254	0.021304	0.021337	0.021153	0
GCR_USD	2018-11-04	0.021304	0.020984	0.021384	0.020893	0
GCR_USD	2018-11-03	0.020984	0.021113	0.021130	0.020801	0
GCR_USD	2018-11-02	0.021113	0.021023	0.021204	0.020996	0
GCR_USD	2018-11-01	0.021023	0.020920	0.021100	0.020871	0
GCR_USD	2018-10-31	0.020920	0.020794	0.021017	0.020533	0
GCR_USD	2018-10-30	0.020794	0.020840	0.020958	0.020739	0
GCR_USD	2018-10-29	0.020840	0.021320	0.021360	0.020764	0
GCR_USD	2018-10-28	0.021320	0.021353	0.021386	0.021209	0
GCR_USD	2018-10-27	0.021353	0.021456	0.021529	0.021292	0
GCR_USD	2018-10-26	0.021456	0.021445	0.021638	0.021400	0
GCR_USD	2018-10-25	0.021445	0.021530	0.021563	0.021379	0
GCR_USD	2018-10-24	0.021530	0.021517	0.021756	0.021494	0
GCR_USD	2018-10-23	0.021517	0.021573	0.021629	0.021459	0
GCR_USD	2018-10-22	0.021573	0.021642	0.021772	0.021514	0
GCR_USD	2018-10-21	0.021642	0.021634	0.021862	0.021627	0
GCR_USD	2018-10-20	0.021634	0.021442	0.021709	0.021390	0
GCR_USD	2018-10-19	0.021442	0.021725	0.021780	0.021418	0
GCR_USD	2018-10-18	0.021725	0.022124	0.022266	0.021575	0
GCR_USD	2018-10-17	0.022124	0.022200	0.022312	0.021948	0
GCR_USD	2018-10-16	0.022200	0.022147	0.022640	0.021944	0
GCR_USD	2018-10-15	0.022147	0.020805	0.024695	0.020695	0
GCR_USD	2018-10-14	0.020805	0.020782	0.021021	0.020756	0
GCR_USD	2018-10-13	0.020782	0.020686	0.020799	0.020658	0
GCR_USD	2018-10-12	0.020686	0.020549	0.020854	0.020443	0
GCR_USD	2018-10-11	0.020549	0.021780	0.021780	0.020466	0
GCR_USD	2018-10-10	0.021780	0.021888	0.021888	0.021450	0
GCR_USD	2018-10-09	0.021888	0.021922	0.021945	0.021709	0
GCR_USD	2018-10-08	0.021922	0.021684	0.022070	0.021635	0
GCR_USD	2018-10-07	0.021684	0.021654	0.021792	0.021468	0
GCR_USD	2018-10-06	0.021654	0.021828	0.021839	0.021562	0
GCR_USD	2018-10-05	0.021828	0.021615	0.021894	0.021510	0
GCR_USD	2018-10-04	0.021615	0.021363	0.021789	0.021350	0
GCR_USD	2018-10-03	0.021363	0.021478	0.021525	0.021126	0
GCR_USD	2018-10-02	0.021478	0.021684	0.021790	0.021399	0
GCR_USD	2018-10-01	0.021684	0.021743	0.021877	0.021422	0
GCR_USD	2018-09-30	0.021743	0.021696	0.021866	0.021457	0
GCR_USD	2018-09-29	0.021696	0.021796	0.021796	0.021241	0
GCR_USD	2018-09-28	0.021796	0.021973	0.022420	0.021501	0
GCR_USD	2018-09-27	0.021973	0.021229	0.022099	0.021159	0
GCR_USD	2018-09-26	0.021229	0.021138	0.021522	0.020978	0
GCR_USD	2018-09-25	0.021138	0.021632	0.021632	0.020864	0
GCR_USD	2018-09-24	0.021632	0.022046	0.022081	0.021534	0
GCR_USD	2018-09-23	0.022046	0.022089	0.022283	0.021898	0
GCR_USD	2018-09-22	0.022089	0.022247	0.022471	0.021824	0
GCR_USD	2018-09-21	0.022247	0.021354	0.022271	0.021340	0
GCR_USD	2018-09-20	0.021354	0.020997	0.021434	0.020884	0
GCR_USD	2018-09-19	0.020997	0.020836	0.021249	0.020084	0
GCR_USD	2018-09-18	0.020836	0.020547	0.020966	0.020466	0
GCR_USD	2018-09-17	0.020547	0.021347	0.021457	0.020410	0
GCR_USD	2018-09-16	0.021347	0.021418	0.021418	0.020959	0
GCR_USD	2018-09-15	0.021418	0.021311	0.021579	0.021266	0
GCR_USD	2018-09-14	0.021311	0.021272	0.021635	0.020936	0
GCR_USD	2018-09-13	0.021272	0.020816	0.021430	0.020807	0
GCR_USD	2018-09-12	0.020816	0.020662	0.020860	0.020377	0
GCR_USD	2018-09-11	0.020662	0.020722	0.020975	0.020301	0
GCR_USD	2018-09-10	0.020722	0.020497	0.020847	0.020497	0
GCR_USD	2018-09-09	0.020497	0.020318	0.021081	0.020223	0
GCR_USD	2018-09-08	0.020318	0.021037	0.021271	0.020170	0
GCR_USD	2018-09-07	0.021037	0.021398	0.021462	0.020778	0
GCR_USD	2018-09-06	0.021398	0.022022	0.022076	0.020732	0
GCR_USD	2018-09-05	0.022022	0.024174	0.024292	0.022010	0
GCR_USD	2018-09-04	0.024174	0.023882	0.024343	0.023804	0
GCR_USD	2018-09-03	0.023882	0.023949	0.024100	0.023652	0
GCR_USD	2018-09-02	0.023949	0.023644	0.024135	0.023446	0
GCR_USD	2018-09-01	0.023644	0.023083	0.023850	0.023062	0
GCR_USD	2018-08-31	0.023083	0.022976	0.023271	0.022650	0
GCR_USD	2018-08-30	0.022976	0.023148	0.023192	0.022359	0
GCR_USD	2018-08-29	0.023148	0.023253	0.023414	0.022759	0
GCR_USD	2018-08-28	0.023253	0.022677	0.023412	0.022575	0
GCR_USD	2018-08-27	0.022677	0.022037	0.022703	0.021876	0
GCR_USD	2018-08-26	0.022037	0.022138	0.022276	0.021619	0
GCR_USD	2018-08-25	0.022138	0.021990	0.022312	0.021911	0
GCR_USD	2018-08-24	0.021990	0.021442	0.022092	0.021230	0
GCR_USD	2018-08-23	0.021442	0.020876	0.021569	0.020861	0
GCR_USD	2018-08-22	0.020876	0.021284	0.022557	0.020541	0
GCR_USD	2018-08-21	0.021284	0.020548	0.021351	0.020531	0
GCR_USD	2018-08-20	0.020548	0.021304	0.021420	0.020466	0
GCR_USD	2018-08-19	0.021304	0.020994	0.021482	0.020726	0
GCR_USD	2018-08-18	0.020994	0.021644	0.021715	0.020711	0
GCR_USD	2018-08-17	0.021644	0.020734	0.021644	0.020672	0
GCR_USD	2018-08-16	0.020734	0.020597	0.021260	0.020453	0
GCR_USD	2018-08-15	0.020597	0.020321	0.021725	0.020308	0
GCR_USD	2018-08-14	0.020321	0.020538	0.020538	0.019336	0
GCR_USD	2018-08-13	0.020538	0.020741	0.021472	0.020236	0
GCR_USD	2018-08-12	0.020741	0.020444	0.021188	0.020283	0
GCR_USD	2018-08-11	0.020444	0.020182	0.021214	0.019743	0
GCR_USD	2018-08-10	0.020182	0.021448	0.021594	0.019769	0
GCR_USD	2018-08-09	0.021448	0.020623	0.021751	0.020333	0
GCR_USD	2018-08-08	0.020623	0.022068	0.022068	0.020146	0
GCR_USD	2018-08-07	0.022068	0.022791	0.023488	0.021949	0
GCR_USD	2018-08-06	0.022791	0.023102	0.023473	0.022506	0
GCR_USD	2018-08-05	0.023102	0.023015	0.023289	0.022636	0
GCR_USD	2018-08-04	0.023015	0.024362	0.024600	0.022765	0
GCR_USD	2018-08-03	0.024362	0.024753	0.024753	0.023927	0
GCR_USD	2018-08-02	0.024753	0.024998	0.025295	0.024511	0
GCR_USD	2018-08-01	0.024998	0.025442	0.025475	0.024456	0
GCR_USD	2018-07-31	0.025442	0.026843	0.026859	0.025196	0
GCR_USD	2018-07-30	0.026843	0.027009	0.027187	0.025839	0
GCR_USD	2018-07-29	0.027009	0.026864	0.027186	0.026684	0
GCR_USD	2018-07-27	0.027087	0.027087	0.027087	0.027087	0
GCR_USD	2018-07-26	0.027087	0.026864	0.027281	0.026855	0
GCR_USD	2018-07-25	0.026864	0.027637	0.027875	0.026527	0
GCR_USD	2018-07-24	0.027637	0.025339	0.027832	0.025270	0
GCR_USD	2018-07-23	0.025339	0.024314	0.025559	0.024224	0
GCR_USD	2018-07-22	0.024314	0.024320	0.024847	0.024134	0
GCR_USD	2018-07-21	0.024320	0.024087	0.024462	0.023721	0
GCR_USD	2018-07-20	0.024087	0.024551	0.025232	0.023915	0
GCR_USD	2018-07-19	0.024551	0.024198	0.024822	0.023933	0
GCR_USD	2018-07-18	0.024198	0.024046	0.024900	0.023816	0
GCR_USD	2018-07-17	0.024046	0.022129	0.024516	0.021903	0
GCR_USD	2018-07-16	0.022129	0.020849	0.022167	0.020800	0
GCR_USD	2018-07-15	0.020849	0.020531	0.020985	0.020477	0
GCR_USD	2018-07-14	0.020531	0.020433	0.020704	0.020301	0
GCR_USD	2018-07-13	0.020433	0.020470	0.020791	0.020185	0
GCR_USD	2018-07-12	0.020470	0.020951	0.020951	0.019977	0
GCR_USD	2018-07-11	0.020951	0.020698	0.021006	0.020663	0
GCR_USD	2018-07-10	0.020698	0.021878	0.021944	0.020630	0
GCR_USD	2018-07-09	0.021878	0.022036	0.022324	0.021800	0
GCR_USD	2018-07-08	0.022036	0.022212	0.022308	0.021949	0
GCR_USD	2018-07-07	0.022212	0.021685	0.022424	0.021392	0
GCR_USD	2018-07-06	0.021685	0.021485	0.021780	0.021198	0
GCR_USD	2018-07-05	0.021485	0.021648	0.022001	0.021223	0
GCR_USD	2018-07-04	0.021648	0.021352	0.022055	0.021083	0
GCR_USD	2018-07-03	0.021352	0.021738	0.021910	0.000286	0
GCR_USD	2018-07-02	0.021738	0.020857	0.021925	0.000000	0
GCR_USD	2018-07-01	0.020859	0.020996	0.021128	0.020598	0
GCR_USD	2018-06-30	0.020996	0.020377	0.021406	0.020377	0
GCR_USD	2018-06-29	0.020394	0.019215	0.020607	0.019053	0
GCR_USD	2018-06-28	0.019246	0.020149	0.020251	0.019151	0
GCR_USD	2018-06-27	0.020147	0.019927	0.020299	0.019673	0
GCR_USD	2018-06-26	0.019990	0.020533	0.020608	0.019883	0
GCR_USD	2018-06-25	0.020520	0.020190	0.020745	0.019980	0
GCR_USD	2018-06-24	0.020196	0.020235	0.020494	0.018967	0
GCR_USD	2018-06-23	0.020209	0.019849	0.020528	0.019761	0
GCR_USD	2018-06-22	0.019850	0.022055	0.022110	0.019502	0
GCR_USD	2018-06-21	0.022054	0.022207	0.022292	0.021980	0
GCR_USD	2018-06-20	0.022208	0.022116	0.022375	0.021552	0
GCR_USD	2018-06-19	0.022141	0.022047	0.022429	0.021910	0
GCR_USD	2018-06-18	0.022040	0.021165	0.022292	0.020985	0
GCR_USD	2018-06-17	0.021148	0.021310	0.021582	0.021113	0
GCR_USD	2018-06-16	0.021306	0.020975	0.021515	0.020794	0
GCR_USD	2018-06-15	0.020965	0.021818	0.021818	0.020894	0
GCR_USD	2018-06-14	0.021777	0.020679	0.022002	0.020605	0
GCR_USD	2018-06-13	0.020667	0.021497	0.021699	0.020130	0
GCR_USD	2018-06-12	0.021492	0.022569	0.022569	0.021159	0
GCR_USD	2018-06-11	0.022580	0.022199	0.022656	0.021808	0
GCR_USD	2018-06-10	0.022174	0.024633	0.024633	0.021817	0
GCR_USD	2018-06-09	0.024626	0.025016	0.025245	0.024543	0
GCR_USD	2018-06-08	0.025016	0.025248	0.025283	0.024782	0
GCR_USD	2018-06-07	0.025258	0.025143	0.025478	0.025117	0
GCR_USD	2018-06-06	0.025142	0.025058	0.025280	0.024622	0
GCR_USD	2018-06-05	0.025037	0.024602	0.025201	0.024220	0
GCR_USD	2018-06-04	0.024620	0.025376	0.025482	0.024499	0
GCR_USD	2018-06-03	0.025354	0.025072	0.025543	0.024966	0
GCR_USD	2018-06-02	0.025091	0.024726	0.025259	0.024487	0
GCR_USD	2018-06-01	0.024707	0.024591	0.024965	0.024149	0
GCR_USD	2018-05-31	0.024593	0.024217	0.024965	0.024105	0
GCR_USD	2018-05-30	0.024227	0.024523	0.024826	0.023917	0
GCR_USD	2018-05-29	0.024494	0.023337	0.024706	0.023154	0
GCR_USD	2018-05-28	0.023323	0.024121	0.024408	0.023223	0
GCR_USD	2018-05-27	0.024111	0.024076	0.024268	0.023725	0
GCR_USD	2018-05-26	0.024071	0.024495	0.025014	0.023943	0
GCR_USD	2018-05-25	0.024499	0.024887	0.025121	0.024086	0
GCR_USD	2018-05-24	0.024877	0.024649	0.025348	0.023863	0
GCR_USD	2018-05-23	0.024667	0.026205	0.026345	0.024466	0
GCR_USD	2018-05-22	0.026214	0.027579	0.027610	0.026114	0
GCR_USD	2018-05-21	0.027579	0.027998	0.028070	0.027473	0
GCR_USD	2018-05-20	0.027998	0.027068	0.028195	0.026844	0
GCR_USD	2018-05-19	0.027068	0.027065	0.027567	0.026751	0
GCR_USD	2018-05-18	0.027065	0.026462	0.027182	0.026043	0
GCR_USD	2018-05-17	0.026497	0.027424	0.027804	0.026265	0
GCR_USD	2018-05-16	0.027401	0.027811	0.027884	0.026621	0
GCR_USD	2018-05-15	0.027811	0.028469	0.028995	0.027678	0
GCR_USD	2018-05-14	0.028471	0.028525	0.029166	0.027192	0
GCR_USD	2018-05-13	0.028525	0.027840	0.028753	0.027358	0
GCR_USD	2018-05-12	0.027777	0.027569	0.028340	0.026958	0
GCR_USD	2018-05-11	0.027569	0.029627	0.029627	0.027414	0
GCR_USD	2018-05-10	0.029627	0.030610	0.030846	0.029576	0
GCR_USD	2018-05-09	0.030610	0.030160	0.030783	0.029499	0
GCR_USD	2018-05-08	0.030171	0.030744	0.030848	0.000003	0
GCR_USD	2018-05-07	0.030973	0.031730	0.031785	0.030221	0
GCR_USD	2018-05-06	0.031730	0.032406	0.032732	0.031058	0
GCR_USD	2018-05-05	0.032368	0.031890	0.032804	0.031819	0
GCR_USD	2018-05-04	0.031890	0.032080	0.032231	0.031411	0
GCR_USD	2018-05-03	0.032080	0.030338	0.032314	0.030132	0
GCR_USD	2018-05-02	0.030338	0.029782	0.030451	0.029499	0
GCR_USD	2018-05-01	0.029782	0.030341	0.030349	0.029027	0
GCR_USD	2018-04-30	0.030341	0.030874	0.031043	0.029945	0
GCR_USD	2018-04-29	0.030874	0.030681	0.031405	0.030171	0
GCR_USD	2018-04-28	0.030681	0.029333	0.030991	0.029146	0
GCR_USD	2018-04-27	0.029333	0.030535	0.030816	0.029249	0
GCR_USD	2018-04-26	0.030535	0.029156	0.030575	0.028464	0
GCR_USD	2018-04-25	0.029156	0.031702	0.032046	0.028856	0
GCR_USD	2018-04-24	0.031702	0.029367	0.031989	0.029336	0
GCR_USD	2018-04-23	0.029367	0.028907	0.029584	0.028818	0
GCR_USD	2018-04-22	0.028907	0.029283	0.029651	0.028753	0
GCR_USD	2018-04-21	0.029283	0.029140	0.029661	0.028314	0
GCR_USD	2018-04-20	0.029140	0.027182	0.029336	0.027019	0
GCR_USD	2018-04-19	0.027182	0.026827	0.027255	0.026640	0
GCR_USD	2018-04-18	0.026827	0.025919	0.027015	0.025870	0
GCR_USD	2018-04-17	0.025919	0.026464	0.026823	0.025712	0
GCR_USD	2018-04-16	0.026464	0.027453	0.027610	0.025956	0
GCR_USD	2018-04-15	0.027453	0.026297	0.027665	0.026291	0
GCR_USD	2018-04-14	0.026297	0.025882	0.026876	0.025696	0
GCR_USD	2018-04-13	0.025882	0.025991	0.027019	0.025485	0
GCR_USD	2018-04-12	0.025991	0.022805	0.026488	0.022211	0
GCR_USD	2018-04-11	0.022805	0.022469	0.022905	0.022323	0
GCR_USD	2018-04-10	0.022469	0.022211	0.022633	0.021855	0
GCR_USD	2018-04-09	0.022211	0.023043	0.023597	0.021723	0
GCR_USD	2018-04-08	0.023043	0.022626	0.023346	0.022613	0
GCR_USD	2018-04-07	0.022626	0.021728	0.023202	0.021680	0
GCR_USD	2018-04-06	0.021728	0.022212	0.022483	0.021380	0
GCR_USD	2018-04-05	0.022212	0.022294	0.022690	0.021589	0
GCR_USD	2018-04-04	0.022294	0.024324	0.024364	0.021997	0
GCR_USD	2018-04-03	0.024324	0.023168	0.024664	0.023061	0
GCR_USD	2018-04-02	0.023168	0.022371	0.023376	0.022255	0
GCR_USD	2018-04-01	0.022371	0.022749	0.023093	0.021139	0
GCR_USD	2018-03-31	0.022749	0.022471	0.023724	0.022315	0
GCR_USD	2018-03-30	0.022471	0.023298	0.023842	0.021610	0
GCR_USD	2018-03-29	0.023298	0.026086	0.026154	0.022646	0
GCR_USD	2018-03-28	0.026086	0.025570	0.026623	0.025392	0
GCR_USD	2018-03-27	0.025570	0.026690	0.026957	0.025430	0
GCR_USD	2018-03-26	0.026690	0.027743	0.027898	0.025783	0
GCR_USD	2018-03-25	0.027743	0.028005	0.028439	0.027508	0
GCR_USD	2018-03-24	0.027943	0.029244	0.029597	0.027912	0
GCR_USD	2018-03-23	0.029244	0.026717	0.031484	0.025500	0
GCR_USD	2018-03-22	0.026717	0.028257	0.029847	0.026471	0
GCR_USD	2018-03-21	0.028257	0.025976	0.031485	0.025946	0
GCR_USD	2018-03-20	0.025976	0.024381	0.033322	0.024045	0
GCR_USD	2018-03-19	0.024381	0.026059	0.026838	0.022960	0
GCR_USD	2018-03-18	0.026059	0.028097	0.028119	0.021828	0
GCR_USD	2018-03-17	0.028097	0.032380	0.032380	0.027544	0
GCR_USD	2018-03-16	0.032380	0.035039	0.036803	0.030601	0
GCR_USD	2018-03-15	0.035039	0.032943	0.035039	0.026143	0
GCR_USD	2018-03-14	0.032943	0.039509	0.040223	0.031693	0
GCR_USD	2018-03-13	0.039509	0.041496	0.042025	0.038069	0
GCR_USD	2018-03-12	0.041496	0.043414	0.045472	0.040327	0
GCR_USD	2018-03-11	0.043414	0.050609	0.051371	0.042374	0
GCR_USD	2018-03-10	0.050609	0.100083	0.104952	0.049261	0
GCR_USD	2018-03-09	0.100083	0.115445	0.116946	0.100083	0
GCR_USD	2018-03-08	0.115445	0.116749	0.137152	0.112667	0
GCR_USD	2018-03-07	0.116749	0.130066	0.137455	0.111234	0
GCR_USD	2018-03-06	0.130066	0.157725	0.159585	0.130066	0
GCR_USD	2018-03-05	0.157725	0.144994	0.167903	0.140970	0
GCR_USD	2018-03-04	0.144994	0.147170	0.156002	0.143639	0
GCR_USD	2018-03-03	0.147170	0.132235	0.163051	0.132235	0
GCR_USD	2018-03-02	0.132235	0.127131	0.135200	0.124648	0
