GEERT_USD	2019-01-27	0.001811	0.001811	0.001811	0.001811	0
GEERT_USD	2019-01-26	0.001811	0.001811	0.001811	0.001811	0
GEERT_USD	2019-01-25	0.001811	0.001811	0.001811	0.001811	0
GEERT_USD	2019-01-24	0.001811	0.001811	0.001811	0.001811	0
GEERT_USD	2019-01-23	0.001811	0.001811	0.001811	0.001811	0
GEERT_USD	2019-01-22	0.001811	0.001811	0.001811	0.001811	0
GEERT_USD	2019-01-21	0.001811	0.001811	0.001811	0.001811	0
GEERT_USD	2019-01-19	0.001811	0.001811	0.001811	0.001811	0
GEERT_USD	2019-01-18	0.001811	0.001811	0.001811	0.001811	0
GEERT_USD	2019-01-17	0.001811	0.001811	0.001811	0.001811	0
GEERT_USD	2019-01-16	0.001811	0.001811	0.001811	0.001811	0
GEERT_USD	2019-01-15	0.001811	0.001811	0.001811	0.001811	0
GEERT_USD	2019-01-14	0.001811	0.001796	0.001814	0.001790	0
GEERT_USD	2019-01-13	0.001796	0.001851	0.001859	0.001786	0
GEERT_USD	2019-01-12	0.001851	0.001857	0.001867	0.001835	0
GEERT_USD	2019-01-11	0.001857	0.001856	0.001884	0.001833	0
GEERT_USD	2019-01-10	0.001856	0.002042	0.002068	0.001844	0
GEERT_USD	2019-01-09	0.002042	0.002050	0.002080	0.002018	0
GEERT_USD	2019-01-08	0.002050	0.002057	0.002104	0.002029	0
GEERT_USD	2019-01-07	0.002057	0.002086	0.002098	0.002039	0
GEERT_USD	2019-01-06	0.002086	0.001956	0.003912	0.001944	0
GEERT_USD	2019-01-05	0.001956	0.001979	0.002007	0.001952	0
GEERT_USD	2019-01-04	0.001979	0.001960	0.001993	0.001930	0
GEERT_USD	2019-01-03	0.001960	0.002025	0.002028	0.001952	0
GEERT_USD	2019-01-02	0.002025	0.001979	0.002036	0.001960	0
GEERT_USD	2019-01-01	0.001979	0.001915	0.001990	0.001895	0
GEERT_USD	2018-12-31	0.001915	0.001986	0.001992	0.001891	0
GEERT_USD	2018-12-30	0.001986	0.001941	0.001995	0.001923	0
GEERT_USD	2018-12-29	0.001941	0.002018	0.002044	0.001934	0
GEERT_USD	2018-12-28	0.002018	0.001857	0.002042	0.001848	0
GEERT_USD	2018-12-27	0.001857	0.001965	0.001981	0.001844	0
GEERT_USD	2018-12-26	0.001965	0.001953	0.001995	0.001906	0
GEERT_USD	2018-12-25	0.001953	0.002073	0.002076	0.001910	0
GEERT_USD	2018-12-24	0.002073	0.002035	0.002192	0.002035	0
GEERT_USD	2018-12-23	0.002035	0.002063	0.002105	0.002019	0
GEERT_USD	2018-12-22	0.002063	0.001986	0.002073	0.001960	0
GEERT_USD	2018-12-21	0.001986	0.002107	0.002144	0.001953	0
GEERT_USD	2018-12-20	0.002107	0.001905	0.002148	0.001891	0
GEERT_USD	2018-12-19	0.001905	0.001890	0.002020	0.001881	0
GEERT_USD	2018-12-18	0.001890	0.001813	0.001899	0.001775	0
GEERT_USD	2018-12-17	0.001813	0.001650	0.001852	0.001643	0
GEERT_USD	2018-12-16	0.001650	0.001644	0.001689	0.001639	0
GEERT_USD	2018-12-15	0.001644	0.001641	0.001660	0.001609	0
GEERT_USD	2018-12-14	0.001641	0.001676	0.001693	0.001613	0
GEERT_USD	2018-12-13	0.001676	0.001769	0.001772	0.001665	0
GEERT_USD	2018-12-12	0.001769	0.001711	0.001803	0.001708	0
GEERT_USD	2018-12-11	0.001726	0.001762	0.001775	0.001698	0
GEERT_USD	2018-12-10	0.001762	0.001823	0.001850	0.001738	0
GEERT_USD	2018-12-09	0.001823	0.001753	0.001889	0.001735	0
GEERT_USD	2018-12-08	0.001753	0.001729	0.001828	0.001658	0
GEERT_USD	2018-12-07	0.001729	0.001770	0.001800	0.001642	0
GEERT_USD	2018-12-06	0.001770	0.001883	0.001958	0.001758	0
GEERT_USD	2018-12-05	0.001883	0.001991	0.001999	0.001876	0
GEERT_USD	2018-12-04	0.001991	0.001951	0.002067	0.001905	0
GEERT_USD	2018-12-03	0.001951	0.002080	0.002089	0.001920	0
GEERT_USD	2018-12-02	0.002080	0.002121	0.002177	0.002064	0
GEERT_USD	2018-12-01	0.002121	0.002019	0.002169	0.001990	0
GEERT_USD	2018-11-30	0.002019	0.002156	0.002179	0.001983	0
GEERT_USD	2018-11-29	0.002156	0.002153	0.002234	0.002091	0
GEERT_USD	2018-11-28	0.002153	0.001942	0.002215	0.001942	0
GEERT_USD	2018-11-27	0.001942	0.001928	0.001971	0.001857	0
GEERT_USD	2018-11-26	0.001928	0.002052	0.002098	0.001858	0
GEERT_USD	2018-11-25	0.002052	0.001965	0.002100	0.001831	0
GEERT_USD	2018-11-24	0.001965	0.002211	0.002258	0.001917	0
GEERT_USD	2018-11-23	0.002211	0.002196	0.002241	0.002126	0
GEERT_USD	2018-11-22	0.002196	0.002336	0.002358	0.002196	0
GEERT_USD	2018-11-21	0.002336	0.002294	0.002386	0.002215	0
GEERT_USD	2018-11-20	0.002294	0.002469	0.002523	0.002159	0
GEERT_USD	2018-11-19	0.002469	0.002830	0.002830	0.002446	0
GEERT_USD	2018-11-18	0.002830	0.002813	0.002855	0.002810	0
GEERT_USD	2018-11-17	0.002813	0.002830	0.002830	0.002787	0
GEERT_USD	2018-11-16	0.002830	0.002876	0.002878	0.002777	0
GEERT_USD	2018-11-15	0.002876	0.002942	0.002965	0.002721	0
GEERT_USD	2018-11-14	0.002942	0.003232	0.003243	0.002852	0
GEERT_USD	2018-11-13	0.003232	0.003223	0.003249	0.003202	0
GEERT_USD	2018-11-12	0.003223	0.003230	0.003240	0.003209	0
GEERT_USD	2018-11-11	0.003230	0.002798	0.003230	0.002768	0
GEERT_USD	2018-11-10	0.002798	0.002793	0.002811	0.002790	0
GEERT_USD	2018-11-09	0.002793	0.002819	0.002829	0.002781	0
GEERT_USD	2018-11-08	0.002819	0.002859	0.002864	0.002817	0
GEERT_USD	2018-11-07	0.002859	0.002834	0.002874	0.002833	0
GEERT_USD	2018-11-06	0.002834	0.002815	0.002834	0.002805	0
GEERT_USD	2018-11-05	0.002815	0.002821	0.002825	0.002801	0
GEERT_USD	2018-11-04	0.002821	0.002779	0.002832	0.002767	0
GEERT_USD	2018-11-03	0.002779	0.002796	0.002798	0.002754	0
GEERT_USD	2018-11-02	0.002796	0.002784	0.002808	0.002780	0
GEERT_USD	2018-11-01	0.002784	0.002770	0.002794	0.002764	0
GEERT_USD	2018-10-31	0.002770	0.002754	0.002783	0.002719	0
GEERT_USD	2018-10-30	0.002754	0.002664	0.002764	0.002664	0
GEERT_USD	2018-10-29	0.002664	0.002726	0.002731	0.002655	0
GEERT_USD	2018-10-28	0.002726	0.002730	0.002734	0.002712	0
GEERT_USD	2018-10-27	0.002730	0.002743	0.002753	0.002722	0
GEERT_USD	2018-10-26	0.002743	0.002742	0.002767	0.002736	0
GEERT_USD	2018-10-25	0.002742	0.002753	0.002757	0.002733	0
GEERT_USD	2018-10-24	0.002753	0.002751	0.002782	0.002748	0
GEERT_USD	2018-10-23	0.002751	0.002758	0.002765	0.002744	0
GEERT_USD	2018-10-22	0.002758	0.002767	0.002784	0.002751	0
GEERT_USD	2018-10-21	0.002767	0.002766	0.002795	0.002765	0
GEERT_USD	2018-10-20	0.002766	0.002285	0.002776	0.002279	0
GEERT_USD	2018-10-19	0.002285	0.002315	0.002321	0.002282	0
GEERT_USD	2018-10-18	0.002315	0.002357	0.002372	0.002299	0
GEERT_USD	2018-10-17	0.002357	0.002365	0.002377	0.002338	0
GEERT_USD	2018-10-16	0.002365	0.002360	0.002412	0.002338	0
GEERT_USD	2018-10-15	0.002360	0.002217	0.002631	0.002205	0
GEERT_USD	2018-10-14	0.002217	0.002214	0.002240	0.002211	0
GEERT_USD	2018-10-13	0.002214	0.002204	0.002216	0.002201	0
GEERT_USD	2018-10-12	0.002204	0.002189	0.002222	0.002178	0
GEERT_USD	2018-10-11	0.002189	0.002519	0.002519	0.002181	0
GEERT_USD	2018-10-10	0.002519	0.002532	0.002532	0.002481	0
GEERT_USD	2018-10-09	0.002532	0.002603	0.002605	0.002511	0
GEERT_USD	2018-10-08	0.002603	0.002772	0.002822	0.002596	0
GEERT_USD	2018-10-07	0.002772	0.002769	0.002820	0.002751	0
GEERT_USD	2018-10-06	0.002769	0.002791	0.002792	0.002757	0
GEERT_USD	2018-10-05	0.002791	0.002665	0.002799	0.002665	0
GEERT_USD	2018-10-04	0.002665	0.002796	0.002813	0.002665	0
GEERT_USD	2018-10-03	0.002796	0.002779	0.002808	0.002733	0
GEERT_USD	2018-10-02	0.002779	0.002772	0.002812	0.002766	0
GEERT_USD	2018-10-01	0.002772	0.002780	0.002842	0.002763	0
GEERT_USD	2018-09-30	0.002780	0.002840	0.002857	0.002692	0
GEERT_USD	2018-09-29	0.002840	0.002853	0.002853	0.002651	0
GEERT_USD	2018-09-28	0.002853	0.002843	0.002969	0.002814	0
GEERT_USD	2018-09-27	0.002843	0.002876	0.002904	0.002694	0
GEERT_USD	2018-09-26	0.002876	0.002831	0.002915	0.002820	0
GEERT_USD	2018-09-25	0.002831	0.002930	0.002930	0.002826	0
GEERT_USD	2018-09-24	0.002930	0.002986	0.002991	0.002917	0
GEERT_USD	2018-09-23	0.002986	0.002992	0.003019	0.002966	0
GEERT_USD	2018-09-22	0.002992	0.002946	0.003009	0.002926	0
GEERT_USD	2018-09-21	0.002946	0.002860	0.002982	0.002858	0
GEERT_USD	2018-09-20	0.002860	0.002876	0.002881	0.002797	0
GEERT_USD	2018-09-19	0.002876	0.002569	0.003006	0.002558	0
GEERT_USD	2018-09-18	0.002569	0.002627	0.002678	0.002568	0
GEERT_USD	2018-09-17	0.002627	0.002729	0.002743	0.002578	0
GEERT_USD	2018-09-16	0.002729	0.002836	0.002836	0.002648	0
GEERT_USD	2018-09-15	0.002836	0.002822	0.002857	0.002816	0
GEERT_USD	2018-09-14	0.002822	0.002817	0.002865	0.002772	0
GEERT_USD	2018-09-13	0.002817	0.002915	0.002982	0.002798	0
GEERT_USD	2018-09-12	0.002915	0.002893	0.002921	0.002822	0
GEERT_USD	2018-09-11	0.002893	0.003059	0.003078	0.002812	0
GEERT_USD	2018-09-10	0.003059	0.003120	0.003195	0.003055	0
GEERT_USD	2018-09-09	0.003120	0.003154	0.003273	0.003107	0
GEERT_USD	2018-09-08	0.003154	0.003330	0.003330	0.003101	0
GEERT_USD	2018-09-07	0.003330	0.003648	0.003659	0.003276	0
GEERT_USD	2018-09-06	0.003648	0.003687	0.003696	0.003410	0
GEERT_USD	2018-09-05	0.003687	0.004084	0.004104	0.003685	0
GEERT_USD	2018-09-04	0.004084	0.004035	0.004113	0.004022	0
GEERT_USD	2018-09-03	0.004035	0.004010	0.004072	0.003920	0
GEERT_USD	2018-09-02	0.004010	0.003815	0.004032	0.003783	0
GEERT_USD	2018-09-01	0.003815	0.003724	0.003848	0.003625	0
GEERT_USD	2018-08-31	0.003724	0.003392	0.003733	0.003362	0
GEERT_USD	2018-08-30	0.003392	0.003382	0.003392	0.003267	0
GEERT_USD	2018-08-29	0.003382	0.003539	0.003599	0.003354	0
GEERT_USD	2018-08-28	0.003539	0.003659	0.003683	0.003327	0
GEERT_USD	2018-08-27	0.003659	0.003555	0.003663	0.003530	0
GEERT_USD	2018-08-26	0.003555	0.003673	0.003696	0.003532	0
GEERT_USD	2018-08-25	0.003673	0.003615	0.003702	0.003607	0
GEERT_USD	2018-08-24	0.003615	0.003818	0.003835	0.003490	0
GEERT_USD	2018-08-23	0.003818	0.003781	0.003841	0.003729	0
GEERT_USD	2018-08-22	0.003781	0.003855	0.004086	0.003721	0
GEERT_USD	2018-08-21	0.003855	0.003722	0.003900	0.003719	0
GEERT_USD	2018-08-20	0.003722	0.003859	0.003880	0.003707	0
GEERT_USD	2018-08-19	0.003859	0.003611	0.003891	0.003565	0
GEERT_USD	2018-08-18	0.003611	0.003723	0.003735	0.003562	0
GEERT_USD	2018-08-17	0.003723	0.003566	0.003723	0.003556	0
GEERT_USD	2018-08-16	0.003566	0.003449	0.003684	0.003257	0
GEERT_USD	2018-08-15	0.003449	0.003619	0.003699	0.003267	0
GEERT_USD	2018-08-14	0.003619	0.004064	0.004159	0.003582	0
GEERT_USD	2018-08-13	0.004064	0.004104	0.004249	0.003941	0
GEERT_USD	2018-08-12	0.004104	0.004419	0.004517	0.004058	0
GEERT_USD	2018-08-11	0.004419	0.004362	0.004585	0.004267	0
GEERT_USD	2018-08-10	0.004362	0.004733	0.004766	0.004273	0
GEERT_USD	2018-08-09	0.004733	0.004457	0.004785	0.004395	0
GEERT_USD	2018-08-08	0.004457	0.004635	0.004635	0.004354	0
GEERT_USD	2018-08-07	0.004635	0.004822	0.005005	0.004492	0
GEERT_USD	2018-08-06	0.004822	0.004747	0.004823	0.004685	0
GEERT_USD	2018-08-05	0.004747	0.004729	0.005199	0.004115	0
GEERT_USD	2018-08-04	0.004729	0.005636	0.005691	0.004704	0
GEERT_USD	2018-08-03	0.005636	0.005538	0.005987	0.004973	0
GEERT_USD	2018-08-02	0.005538	0.004908	0.006699	0.004903	0
GEERT_USD	2018-08-01	0.004908	0.005344	0.005356	0.004863	0
GEERT_USD	2018-07-31	0.005344	0.005352	0.005455	0.005095	0
GEERT_USD	2018-07-30	0.005352	0.005344	0.005699	0.005214	0
GEERT_USD	2018-07-29	0.005344	0.005483	0.005962	0.005304	0
GEERT_USD	2018-07-28	0.005483	0.005236	0.005731	0.005195	0
GEERT_USD	2018-07-27	0.005236	0.005937	0.005978	0.005236	0
GEERT_USD	2018-07-26	0.005937	0.005479	0.006143	0.005479	0
GEERT_USD	2018-07-25	0.005479	0.005510	0.005583	0.005330	0
GEERT_USD	2018-07-24	0.005510	0.005052	0.005550	0.005039	0
GEERT_USD	2018-07-23	0.005052	0.005070	0.005322	0.004729	0
GEERT_USD	2018-07-22	0.005070	0.005886	0.006001	0.005033	0
GEERT_USD	2018-07-21	0.005886	0.006306	0.006307	0.005841	0
GEERT_USD	2018-07-20	0.006306	0.006838	0.006838	0.006253	0
GEERT_USD	2018-07-19	0.006838	0.006961	0.007108	0.006198	0
GEERT_USD	2018-07-18	0.006961	0.005893	0.006979	0.005868	0
GEERT_USD	2018-07-17	0.005893	0.005524	0.006045	0.005422	0
GEERT_USD	2018-07-16	0.005524	0.005077	0.005533	0.005077	0
GEERT_USD	2018-07-15	0.005077	0.005063	0.005172	0.005049	0
GEERT_USD	2018-07-14	0.005063	0.004976	0.005123	0.004964	0
GEERT_USD	2018-07-13	0.004976	0.004954	0.005063	0.004916	0
GEERT_USD	2018-07-12	0.004954	0.005038	0.005038	0.004826	0
GEERT_USD	2018-07-11	0.005038	0.004915	0.005339	0.004613	0
GEERT_USD	2018-07-10	0.004915	0.005095	0.005125	0.004898	0
GEERT_USD	2018-07-09	0.005095	0.005534	0.005559	0.005076	0
GEERT_USD	2018-07-08	0.005534	0.005714	0.005738	0.005506	0
GEERT_USD	2018-07-07	0.005714	0.005479	0.005768	0.005302	0
GEERT_USD	2018-07-06	0.005479	0.005167	0.005503	0.005148	0
GEERT_USD	2018-07-05	0.005167	0.005239	0.005616	0.005006	0
GEERT_USD	2018-07-04	0.005239	0.005427	0.005573	0.005083	0
GEERT_USD	2018-07-03	0.005427	0.005459	0.005614	0.000074	0
GEERT_USD	2018-07-02	0.005459	0.005428	0.005461	0.000000	0
GEERT_USD	2018-07-01	0.005429	0.005624	0.005660	0.005035	0
GEERT_USD	2018-06-30	0.005625	0.005366	0.005879	0.005366	0
GEERT_USD	2018-06-29	0.005370	0.004943	0.005426	0.004809	0
GEERT_USD	2018-06-28	0.004951	0.005152	0.005182	0.004926	0
GEERT_USD	2018-06-27	0.005152	0.005308	0.005325	0.004764	0
GEERT_USD	2018-06-26	0.005325	0.005282	0.005500	0.004996	0
GEERT_USD	2018-06-25	0.005278	0.004702	0.005281	0.004653	0
GEERT_USD	2018-06-24	0.004703	0.004682	0.004773	0.004408	0
GEERT_USD	2018-06-23	0.004675	0.004743	0.004833	0.004542	0
GEERT_USD	2018-06-22	0.004743	0.005640	0.005644	0.004631	0
GEERT_USD	2018-06-21	0.005572	0.004800	0.005882	0.004795	0
GEERT_USD	2018-06-20	0.004800	0.005218	0.005865	0.004504	0
GEERT_USD	2018-06-19	0.005224	0.005268	0.005326	0.005164	0
GEERT_USD	2018-06-18	0.005267	0.005026	0.005293	0.004983	0
GEERT_USD	2018-06-17	0.005022	0.005092	0.005157	0.004963	0
GEERT_USD	2018-06-16	0.005091	0.005204	0.005261	0.004969	0
GEERT_USD	2018-06-15	0.005201	0.005878	0.005878	0.005184	0
GEERT_USD	2018-06-14	0.005867	0.005603	0.006478	0.005096	0
GEERT_USD	2018-06-13	0.005599	0.006053	0.006108	0.005122	0
GEERT_USD	2018-06-12	0.006019	0.006012	0.006775	0.005788	0
GEERT_USD	2018-06-11	0.006014	0.006217	0.006261	0.005224	0
GEERT_USD	2018-06-10	0.006210	0.006524	0.007418	0.005976	0
GEERT_USD	2018-06-09	0.006522	0.007120	0.008722	0.006053	0
GEERT_USD	2018-06-08	0.007120	0.004919	0.011586	0.004627	0
GEERT_USD	2018-06-07	0.004921	0.005358	0.005429	0.004910	0
GEERT_USD	2018-06-06	0.005357	0.005340	0.005456	0.005296	0
GEERT_USD	2018-06-05	0.005335	0.005280	0.005370	0.005198	0
GEERT_USD	2018-06-04	0.005284	0.005910	0.005934	0.004997	0
GEERT_USD	2018-06-03	0.005904	0.005381	0.005951	0.005381	0
GEERT_USD	2018-06-02	0.005385	0.005570	0.005681	0.005150	0
GEERT_USD	2018-06-01	0.005566	0.005240	0.005576	0.005183	0
GEERT_USD	2018-05-31	0.005241	0.005308	0.005470	0.005193	0
GEERT_USD	2018-05-30	0.005310	0.005375	0.005441	0.005242	0
GEERT_USD	2018-05-29	0.005369	0.005222	0.005411	0.005099	0
GEERT_USD	2018-05-28	0.005218	0.004626	0.005696	0.004625	0
GEERT_USD	2018-05-27	0.004624	0.004214	0.005075	0.003932	0
GEERT_USD	2018-05-26	0.004287	0.004660	0.004700	0.004024	0
GEERT_USD	2018-05-25	0.004661	0.004697	0.004741	0.004572	0
GEERT_USD	2018-05-24	0.004695	0.004690	0.004823	0.004540	0
GEERT_USD	2018-05-23	0.004693	0.005065	0.005253	0.004635	0
GEERT_USD	2018-05-22	0.005067	0.005751	0.005755	0.004932	0
GEERT_USD	2018-05-21	0.005751	0.005455	0.005879	0.005268	0
GEERT_USD	2018-05-20	0.005455	0.006510	0.006510	0.004804	0
GEERT_USD	2018-05-19	0.006510	0.006715	0.006942	0.006316	0
GEERT_USD	2018-05-18	0.006715	0.005317	0.006865	0.005232	0
GEERT_USD	2018-05-17	0.005324	0.005886	0.006052	0.005097	0
GEERT_USD	2018-05-16	0.005881	0.005757	0.005888	0.005165	0
GEERT_USD	2018-05-15	0.005757	0.005156	0.006335	0.004940	0
GEERT_USD	2018-05-14	0.005157	0.005340	0.005431	0.003944	0
GEERT_USD	2018-05-13	0.005340	0.005339	0.005595	0.004911	0
GEERT_USD	2018-05-12	0.005327	0.005413	0.005564	0.005065	0
GEERT_USD	2018-05-11	0.005413	0.006629	0.006629	0.005087	0
GEERT_USD	2018-05-10	0.006629	0.006942	0.006996	0.006617	0
GEERT_USD	2018-05-09	0.006942	0.006980	0.007098	0.006920	0
GEERT_USD	2018-05-08	0.006985	0.006879	0.007490	0.000001	0
GEERT_USD	2018-05-07	0.008439	0.008500	0.008746	0.007320	0
GEERT_USD	2018-05-06	0.008500	0.008780	0.008868	0.008273	0
GEERT_USD	2018-05-05	0.008769	0.008397	0.008837	0.008387	0
GEERT_USD	2018-05-04	0.008397	0.008057	0.008499	0.007895	0
GEERT_USD	2018-05-03	0.008061	0.007804	0.008115	0.007711	0
GEERT_USD	2018-05-02	0.007804	0.007797	0.007866	0.007629	0
GEERT_USD	2018-05-01	0.007804	0.007620	0.008066	0.007431	0
GEERT_USD	2018-04-30	0.007620	0.008600	0.008828	0.007521	0
GEERT_USD	2018-04-29	0.008600	0.008873	0.009171	0.008504	0
GEERT_USD	2018-04-28	0.008873	0.008170	0.008966	0.008118	0
GEERT_USD	2018-04-27	0.008170	0.008970	0.009069	0.007981	0
GEERT_USD	2018-04-26	0.008971	0.007100	0.009117	0.006759	0
GEERT_USD	2018-04-25	0.007100	0.008686	0.008711	0.007027	0
GEERT_USD	2018-04-24	0.008706	0.008269	0.008764	0.007975	0
GEERT_USD	2018-04-23	0.008269	0.008140	0.008510	0.006939	0
GEERT_USD	2018-04-22	0.008140	0.006864	0.008864	0.006547	0
GEERT_USD	2018-04-21	0.006864	0.006653	0.007314	0.006538	0
GEERT_USD	2018-04-20	0.006653	0.006413	0.006742	0.006374	0
GEERT_USD	2018-04-19	0.006413	0.006533	0.006539	0.006244	0
GEERT_USD	2018-04-18	0.006533	0.005878	0.006579	0.005763	0
GEERT_USD	2018-04-17	0.005878	0.006042	0.006410	0.005753	0
GEERT_USD	2018-04-16	0.006042	0.006727	0.006766	0.005957	0
GEERT_USD	2018-04-15	0.006727	0.006484	0.006780	0.006483	0
GEERT_USD	2018-04-14	0.006484	0.006382	0.006627	0.006336	0
GEERT_USD	2018-04-13	0.006382	0.006409	0.006662	0.006284	0
GEERT_USD	2018-04-12	0.006409	0.005588	0.006531	0.005443	0
GEERT_USD	2018-04-11	0.005592	0.005746	0.005823	0.005540	0
GEERT_USD	2018-04-10	0.005746	0.005646	0.006010	0.005555	0
GEERT_USD	2018-04-09	0.005644	0.005471	0.006429	0.004940	0
GEERT_USD	2018-04-08	0.005471	0.005372	0.005614	0.005364	0
GEERT_USD	2018-04-07	0.005372	0.005589	0.005898	0.005348	0
GEERT_USD	2018-04-06	0.005589	0.005409	0.005749	0.005089	0
GEERT_USD	2018-04-05	0.005409	0.005803	0.006276	0.004963	0
GEERT_USD	2018-04-04	0.005803	0.005813	0.005900	0.005392	0
GEERT_USD	2018-04-03	0.005813	0.005431	0.005856	0.005185	0
GEERT_USD	2018-04-02	0.005431	0.005312	0.005550	0.005284	0
GEERT_USD	2018-04-01	0.005312	0.005575	0.005651	0.005019	0
GEERT_USD	2018-03-31	0.005575	0.005507	0.005814	0.005468	0
GEERT_USD	2018-03-30	0.005507	0.005532	0.005666	0.005175	0
GEERT_USD	2018-03-29	0.005532	0.006948	0.007086	0.005412	0
GEERT_USD	2018-03-28	0.006948	0.006967	0.007288	0.006755	0
GEERT_USD	2018-03-27	0.006967	0.007759	0.007837	0.006712	0
GEERT_USD	2018-03-26	0.007779	0.008192	0.008238	0.007444	0
GEERT_USD	2018-03-25	0.008192	0.008634	0.008848	0.008081	0
GEERT_USD	2018-03-24	0.008634	0.008146	0.011290	0.008068	0
GEERT_USD	2018-03-23	0.008146	0.008020	0.008353	0.007108	0
GEERT_USD	2018-03-22	0.008020	0.007876	0.008850	0.007138	0
GEERT_USD	2018-03-21	0.007876	0.008184	0.008393	0.007577	0
GEERT_USD	2018-03-20	0.008184	0.007912	0.008302	0.007733	0
GEERT_USD	2018-03-19	0.007912	0.007387	0.007959	0.007308	0
GEERT_USD	2018-03-18	0.007387	0.007162	0.007425	0.006557	0
GEERT_USD	2018-03-17	0.007162	0.007960	0.008307	0.007022	0
GEERT_USD	2018-03-16	0.007960	0.007429	0.008666	0.006992	0
GEERT_USD	2018-03-15	0.007429	0.006916	0.007855	0.006221	0
GEERT_USD	2018-03-14	0.006916	0.007491	0.008300	0.006595	0
GEERT_USD	2018-03-13	0.007491	0.007250	0.008271	0.007030	0
GEERT_USD	2018-03-12	0.007250	0.007608	0.008148	0.007028	0
GEERT_USD	2018-03-11	0.007608	0.007530	0.008228	0.006657	0
GEERT_USD	2018-03-10	0.007530	0.006869	0.007587	0.006272	0
GEERT_USD	2018-03-09	0.006869	0.007300	0.007395	0.006099	0
GEERT_USD	2018-03-08	0.007300	0.007510	0.007965	0.006207	0
GEERT_USD	2018-03-07	0.007510	0.008900	0.009111	0.007414	0
GEERT_USD	2018-03-06	0.008900	0.009994	0.010758	0.008813	0
GEERT_USD	2018-03-05	0.009994	0.009724	0.010790	0.009593	0
GEERT_USD	2018-03-04	0.009724	0.010120	0.010228	0.009529	0
GEERT_USD	2018-03-03	0.010149	0.009315	0.010360	0.008023	0
GEERT_USD	2018-03-02	0.009251	0.010435	0.010662	0.008947	0
