GNR_USD	2019-04-09	0.02345	0.02394	0.02394	0.02328	0
GNR_USD	2019-04-08	0.02394	0.02337	0.02636	0.02317	0
GNR_USD	2019-04-07	0.02337	0.02263	0.02361	0.02261	0
GNR_USD	2019-04-06	0.02263	0.02265	0.02351	0.02213	0
GNR_USD	2019-04-05	0.02265	0.02198	0.02280	0.02198	0
GNR_USD	2019-04-04	0.02198	0.02218	0.02272	0.02154	0
GNR_USD	2019-04-03	0.02218	0.02170	0.02461	0.02161	0
GNR_USD	2019-04-02	0.02170	0.01950	0.02269	0.01862	0
GNR_USD	2019-04-01	0.01950	0.01830	0.01952	0.01812	0
GNR_USD	2019-03-31	0.01830	0.01828	0.01836	0.01823	0
GNR_USD	2019-03-30	0.01828	0.01835	0.01949	0.01811	0
GNR_USD	2019-03-29	0.01835	0.01846	0.01888	0.01824	0
GNR_USD	2019-03-28	0.01846	0.01850	0.01851	0.01835	0
GNR_USD	2019-03-27	0.01850	0.01800	0.01853	0.01795	0
GNR_USD	2019-03-26	0.01800	0.01790	0.01802	0.01782	0
GNR_USD	2019-03-25	0.01790	0.01823	0.01826	0.01777	0
GNR_USD	2019-03-24	0.01823	0.01832	0.01832	0.01810	0
GNR_USD	2019-03-23	0.01832	0.01826	0.01838	0.01820	0
GNR_USD	2019-03-22	0.01826	0.01824	0.01835	0.01820	0
GNR_USD	2019-03-21	0.01824	0.01814	0.01829	0.01759	0
GNR_USD	2019-03-20	0.01814	0.01598	0.01818	0.01584	0
GNR_USD	2019-03-19	0.01598	0.01786	0.01814	0.01539	0
GNR_USD	2019-03-18	0.01786	0.01550	0.01787	0.01533	0
GNR_USD	2019-03-17	0.01550	0.01558	0.01558	0.01540	0
GNR_USD	2019-03-16	0.01558	0.01523	0.01584	0.01523	0
GNR_USD	2019-03-15	0.01523	0.01773	0.01796	0.01516	0
GNR_USD	2019-03-14	0.01773	0.01773	0.01796	0.01746	0
GNR_USD	2019-03-13	0.01773	0.01684	0.01782	0.01682	0
GNR_USD	2019-03-12	0.01684	0.01683	0.01695	0.01660	0
GNR_USD	2019-03-11	0.01683	0.02078	0.02082	0.01670	0
GNR_USD	2019-03-10	0.02078	0.02235	0.02236	0.02067	0
GNR_USD	2019-03-09	0.02235	0.02047	0.02251	0.02044	0
GNR_USD	2019-03-08	0.02047	0.02060	0.02088	0.02014	0
GNR_USD	2019-03-07	0.02060	0.02051	0.02073	0.02042	0
GNR_USD	2019-03-06	0.02051	0.01967	0.02055	0.01935	0
GNR_USD	2019-03-05	0.01967	0.01892	0.01975	0.01886	0
GNR_USD	2019-03-04	0.01892	0.01935	0.01946	0.01876	0
GNR_USD	2019-03-03	0.01935	0.01949	0.01954	0.01922	0
GNR_USD	2019-03-02	0.01949	0.01859	0.01949	0.01830	0
GNR_USD	2019-03-01	0.01859	0.01841	0.01865	0.01839	0
GNR_USD	2019-02-28	0.01841	0.01219	0.02044	0.01216	0
GNR_USD	2019-02-27	0.01219	0.01427	0.01439	0.01179	0
GNR_USD	2019-02-26	0.01427	0.01436	0.01440	0.01418	0
GNR_USD	2019-02-25	0.01436	0.01403	0.01451	0.01402	0
GNR_USD	2019-02-24	0.01403	0.01542	0.01567	0.01395	0
GNR_USD	2019-02-23	0.01542	0.01488	0.01557	0.01469	0
GNR_USD	2019-02-22	0.01488	0.02474	0.02479	0.01174	0
GNR_USD	2019-02-21	0.02474	0.01525	0.02817	0.01493	0
GNR_USD	2019-02-20	0.01525	0.03165	0.03220	0.01513	0
GNR_USD	2019-02-19	0.03165	0.03155	0.03237	0.03127	0
GNR_USD	2019-02-18	0.03155	0.02962	0.03179	0.02953	0
GNR_USD	2019-02-17	0.02962	0.03033	0.03042	0.02910	0
GNR_USD	2019-02-16	0.03033	0.03006	0.03060	0.03006	0
GNR_USD	2019-02-15	0.03006	0.03001	0.03049	0.02991	0
GNR_USD	2019-02-14	0.03001	0.03010	0.03020	0.02989	0
GNR_USD	2019-02-13	0.03010	0.03031	0.03065	0.02995	0
GNR_USD	2019-02-12	0.03031	0.03020	0.03055	0.02991	0
GNR_USD	2019-02-11	0.03020	0.03074	0.03077	0.03017	0
GNR_USD	2019-02-10	0.03074	0.03042	0.03075	0.03000	0
GNR_USD	2019-02-09	0.03042	0.03052	0.03064	0.03020	0
GNR_USD	2019-02-08	0.03052	0.02800	0.03109	0.02794	0
GNR_USD	2019-02-07	0.02800	0.03450	0.03461	0.02698	0
GNR_USD	2019-02-06	0.03450	0.03510	0.03519	0.03422	0
GNR_USD	2019-02-05	0.03510	0.03489	0.03514	0.03474	0
GNR_USD	2019-02-04	0.03489	0.03588	0.03606	0.03485	0
GNR_USD	2019-02-03	0.03588	0.03646	0.03654	0.03556	0
GNR_USD	2019-02-02	0.03646	0.03626	0.03660	0.03587	0
GNR_USD	2019-02-01	0.03626	0.04203	0.04240	0.03521	0
GNR_USD	2019-01-31	0.04203	0.04234	0.04281	0.04179	0
GNR_USD	2019-01-30	0.04236	0.04174	0.04256	0.04143	0
GNR_USD	2019-01-29	0.04174	0.04201	0.04215	0.04108	0
GNR_USD	2019-01-28	0.04201	0.04317	0.04317	0.04148	0
GNR_USD	2019-01-27	0.04317	0.04359	0.04371	0.04252	0
GNR_USD	2019-01-26	0.04359	0.04355	0.04478	0.04350	0
GNR_USD	2019-01-25	0.04355	0.04383	0.04396	0.04314	0
GNR_USD	2019-01-24	0.04383	0.04344	0.04402	0.04308	0
GNR_USD	2019-01-23	0.04344	0.04367	0.04406	0.04311	0
GNR_USD	2019-01-22	0.04367	0.04845	0.04886	0.04202	0
GNR_USD	2019-01-21	0.04845	0.04852	0.04879	0.04807	0
GNR_USD	2019-01-20	0.04852	0.05094	0.05136	0.04800	0
GNR_USD	2019-01-19	0.05094	0.04973	0.05208	0.04971	0
GNR_USD	2019-01-18	0.04973	0.05034	0.05038	0.04944	0
GNR_USD	2019-01-17	0.05034	0.04967	0.05036	0.04898	0
GNR_USD	2019-01-16	0.04967	0.04718	0.05006	0.04701	0
GNR_USD	2019-01-15	0.04718	0.04838	0.04871	0.04689	0
GNR_USD	2019-01-14	0.04838	0.04635	0.04900	0.04620	0
GNR_USD	2019-01-13	0.04635	0.04778	0.04799	0.04610	0
GNR_USD	2019-01-12	0.04778	0.04794	0.04819	0.04737	0
GNR_USD	2019-01-11	0.04794	0.04791	0.04863	0.04732	0
GNR_USD	2019-01-10	0.04791	0.05270	0.05338	0.04758	0
GNR_USD	2019-01-09	0.05270	0.05290	0.05370	0.05208	0
GNR_USD	2019-01-08	0.05290	0.05309	0.05430	0.05238	0
GNR_USD	2019-01-07	0.05309	0.05383	0.05416	0.05264	0
GNR_USD	2019-01-06	0.05383	0.05048	0.10096	0.05018	0
GNR_USD	2019-01-05	0.05048	0.05107	0.05181	0.05039	0
GNR_USD	2019-01-04	0.05107	0.05060	0.05144	0.04981	0
GNR_USD	2019-01-03	0.05060	0.05227	0.05233	0.05037	0
GNR_USD	2019-01-02	0.05227	0.05108	0.05255	0.05059	0
GNR_USD	2019-01-01	0.05108	0.04943	0.05137	0.04890	0
GNR_USD	2018-12-31	0.04943	0.05127	0.05140	0.04880	0
GNR_USD	2018-12-30	0.05127	0.05011	0.05148	0.04963	0
GNR_USD	2018-12-29	0.05011	0.05209	0.05275	0.04992	0
GNR_USD	2018-12-28	0.05209	0.04793	0.05271	0.04771	0
GNR_USD	2018-12-27	0.04793	0.05071	0.05113	0.04759	0
GNR_USD	2018-12-26	0.05071	0.05040	0.05149	0.04920	0
GNR_USD	2018-12-25	0.05040	0.05349	0.05358	0.04930	0
GNR_USD	2018-12-24	0.05349	0.05254	0.05657	0.05254	0
GNR_USD	2018-12-23	0.05254	0.05958	0.06079	0.05211	0
GNR_USD	2018-12-22	0.05958	0.05741	0.05987	0.05666	0
GNR_USD	2018-12-21	0.05741	0.06098	0.06199	0.05645	0
GNR_USD	2018-12-20	0.06098	0.04934	0.06212	0.04898	0
GNR_USD	2018-12-19	0.04934	0.05733	0.05834	0.04902	0
GNR_USD	2018-12-18	0.05733	0.05496	0.05761	0.05382	0
GNR_USD	2018-12-17	0.05496	0.04998	0.05615	0.04977	0
GNR_USD	2018-12-16	0.04998	0.03453	0.05016	0.03332	0
GNR_USD	2018-12-15	0.03453	0.03148	0.03479	0.03087	0
GNR_USD	2018-12-14	0.03148	0.03216	0.03249	0.03096	0
GNR_USD	2018-12-13	0.03216	0.03394	0.03400	0.03194	0
GNR_USD	2018-12-12	0.03394	0.03283	0.03459	0.03277	0
GNR_USD	2018-12-11	0.03312	0.03382	0.03406	0.03258	0
GNR_USD	2018-12-10	0.03382	0.03498	0.03550	0.03335	0
GNR_USD	2018-12-09	0.03498	0.03364	0.03624	0.03329	0
GNR_USD	2018-12-08	0.03364	0.03319	0.03509	0.03182	0
GNR_USD	2018-12-07	0.03319	0.03397	0.03454	0.03150	0
GNR_USD	2018-12-06	0.03397	0.03614	0.03757	0.03373	0
GNR_USD	2018-12-05	0.03614	0.03821	0.03835	0.03599	0
GNR_USD	2018-12-04	0.03821	0.03745	0.03966	0.03655	0
GNR_USD	2018-12-03	0.03745	0.03991	0.04009	0.03685	0
GNR_USD	2018-12-02	0.03991	0.04073	0.04179	0.03962	0
GNR_USD	2018-12-01	0.04073	0.03410	0.04148	0.03363	0
GNR_USD	2018-11-30	0.03410	0.04812	0.04863	0.03348	0
GNR_USD	2018-11-29	0.04812	0.04386	0.04830	0.04258	0
GNR_USD	2018-11-28	0.04386	0.03723	0.04508	0.03723	0
GNR_USD	2018-11-27	0.03723	0.03685	0.03779	0.03559	0
GNR_USD	2018-11-26	0.03685	0.03902	0.03988	0.03547	0
GNR_USD	2018-11-25	0.03902	0.03726	0.03992	0.03472	0
GNR_USD	2018-11-24	0.03726	0.04264	0.04353	0.03635	0
GNR_USD	2018-11-23	0.04264	0.04241	0.04329	0.04107	0
GNR_USD	2018-11-22	0.04241	0.04209	0.04410	0.04046	0
GNR_USD	2018-11-21	0.04209	0.04134	0.04298	0.03989	0
GNR_USD	2018-11-20	0.04134	0.06330	0.06346	0.03888	0
GNR_USD	2018-11-19	0.06330	0.05688	0.06561	0.04237	0
GNR_USD	2018-11-18	0.05688	0.05655	0.05739	0.05649	0
GNR_USD	2018-11-17	0.05655	0.05689	0.05689	0.05601	0
GNR_USD	2018-11-16	0.05689	0.05780	0.05786	0.05583	0
GNR_USD	2018-11-15	0.05780	0.05914	0.05959	0.05469	0
GNR_USD	2018-11-14	0.05914	0.06497	0.06517	0.05733	0
GNR_USD	2018-11-13	0.06497	0.06479	0.06530	0.06435	0
GNR_USD	2018-11-12	0.06479	0.06809	0.07116	0.06451	0
GNR_USD	2018-11-11	0.06809	0.06775	0.07121	0.06748	0
GNR_USD	2018-11-10	0.06775	0.06770	0.07739	0.06764	0
GNR_USD	2018-11-09	0.06770	0.06849	0.06870	0.06742	0
GNR_USD	2018-11-08	0.06849	0.06711	0.06935	0.06645	0
GNR_USD	2018-11-07	0.06711	0.06652	0.06746	0.06649	0
GNR_USD	2018-11-06	0.06652	0.07056	0.07061	0.06599	0
GNR_USD	2018-11-05	0.07056	0.07202	0.07213	0.07012	0
GNR_USD	2018-11-04	0.07202	0.07078	0.07229	0.07053	0
GNR_USD	2018-11-03	0.07078	0.07458	0.07497	0.07047	0
GNR_USD	2018-11-02	0.07458	0.08448	0.08514	0.07458	0
GNR_USD	2018-11-01	0.08448	0.09049	0.09059	0.06779	0
GNR_USD	2018-10-31	0.09049	0.09821	0.09926	0.09047	0
GNR_USD	2018-10-30	0.09821	0.10160	0.10218	0.09439	0
GNR_USD	2018-10-29	0.10160	0.10718	0.10729	0.10123	0
GNR_USD	2018-10-28	0.10718	0.11463	0.11480	0.10662	0
GNR_USD	2018-10-27	0.11463	0.11616	0.15473	0.11435	0
GNR_USD	2018-10-26	0.11616	0.12367	0.12627	0.11598	0
GNR_USD	2018-10-25	0.12367	0.12417	0.12435	0.12329	0
GNR_USD	2018-10-24	0.12417	0.12409	0.12547	0.12396	0
GNR_USD	2018-10-23	0.12409	0.12580	0.12609	0.12258	0
GNR_USD	2018-10-22	0.12580	0.12218	0.12746	0.10942	0
GNR_USD	2018-10-21	0.12218	0.10922	0.13059	0.10919	0
GNR_USD	2018-10-20	0.10922	0.12575	0.12615	0.09176	0
GNR_USD	2018-10-19	0.12575	0.12740	0.12773	0.12561	0
GNR_USD	2018-10-18	0.12740	0.12975	0.13058	0.12653	0
GNR_USD	2018-10-17	0.12975	0.13019	0.13085	0.12871	0
GNR_USD	2018-10-16	0.13019	0.12955	0.13243	0.12859	0
GNR_USD	2018-10-15	0.12955	0.13721	0.16287	0.12780	0
GNR_USD	2018-10-14	0.13721	0.13706	0.13864	0.13689	0
GNR_USD	2018-10-13	0.13706	0.11880	0.13717	0.11863	0
GNR_USD	2018-10-12	0.11880	0.11779	0.11960	0.11718	0
GNR_USD	2018-10-11	0.11779	0.12485	0.12485	0.11731	0
GNR_USD	2018-10-10	0.12485	0.12770	0.12770	0.12295	0
GNR_USD	2018-10-09	0.12770	0.13957	0.13972	0.12706	0
GNR_USD	2018-10-08	0.13957	0.13806	0.14051	0.13775	0
GNR_USD	2018-10-07	0.13806	0.13787	0.13874	0.13668	0
GNR_USD	2018-10-06	0.13787	0.14585	0.14593	0.13728	0
GNR_USD	2018-10-05	0.14585	0.13601	0.15063	0.13538	0
GNR_USD	2018-10-04	0.13601	0.12896	0.15351	0.12864	0
GNR_USD	2018-10-03	0.12896	0.14636	0.14651	0.12782	0
GNR_USD	2018-10-02	0.14636	0.14773	0.14845	0.14582	0
GNR_USD	2018-10-01	0.14773	0.14800	0.14891	0.14575	0
GNR_USD	2018-09-30	0.14800	0.14761	0.14877	0.14605	0
GNR_USD	2018-09-29	0.14761	0.14829	0.14829	0.14452	0
GNR_USD	2018-09-28	0.14829	0.14950	0.15254	0.14629	0
GNR_USD	2018-09-27	0.14950	0.14443	0.15035	0.14396	0
GNR_USD	2018-09-26	0.14443	0.12905	0.18470	0.12807	0
GNR_USD	2018-09-25	0.12905	0.13206	0.13206	0.12738	0
GNR_USD	2018-09-24	0.13206	0.13459	0.13480	0.13146	0
GNR_USD	2018-09-23	0.13459	0.10839	0.13539	0.10784	0
GNR_USD	2018-09-22	0.10839	0.10927	0.11037	0.10720	0
GNR_USD	2018-09-21	0.10927	0.13690	0.14278	0.10853	0
GNR_USD	2018-09-20	0.13690	0.13461	0.13742	0.13388	0
GNR_USD	2018-09-19	0.13461	0.13358	0.13623	0.12876	0
GNR_USD	2018-09-18	0.13358	0.13173	0.13441	0.13120	0
GNR_USD	2018-09-17	0.13173	0.12672	0.13683	0.12672	0
GNR_USD	2018-09-16	0.12672	0.10321	0.13136	0.10100	0
GNR_USD	2018-09-15	0.10321	0.10269	0.10399	0.10248	0
GNR_USD	2018-09-14	0.10269	0.10251	0.10426	0.10089	0
GNR_USD	2018-09-13	0.10251	0.10031	0.10327	0.10027	0
GNR_USD	2018-09-12	0.10031	0.12693	0.12715	0.09925	0
GNR_USD	2018-09-11	0.12693	0.10932	0.12746	0.10840	0
GNR_USD	2018-09-10	0.10932	0.10779	0.10966	0.09822	0
GNR_USD	2018-09-09	0.10779	0.10632	0.14866	0.10602	0
GNR_USD	2018-09-08	0.10632	0.09686	0.15367	0.09686	0
GNR_USD	2018-09-07	0.09686	0.09354	0.11600	0.09182	0
GNR_USD	2018-09-06	0.09354	0.09510	0.09533	0.08952	0
GNR_USD	2018-09-05	0.09510	0.10439	0.10489	0.09504	0
GNR_USD	2018-09-04	0.10439	0.10309	0.10512	0.10275	0
GNR_USD	2018-09-03	0.10309	0.14566	0.14628	0.09029	0
GNR_USD	2018-09-02	0.14566	0.12599	0.14597	0.12494	0
GNR_USD	2018-09-01	0.12599	0.12300	0.12709	0.12289	0
GNR_USD	2018-08-31	0.12300	0.12243	0.12400	0.12070	0
GNR_USD	2018-08-30	0.12243	0.12335	0.12358	0.11915	0
GNR_USD	2018-08-29	0.12335	0.12391	0.12477	0.12128	0
GNR_USD	2018-08-28	0.12391	0.12084	0.12476	0.12030	0
GNR_USD	2018-08-27	0.12084	0.11743	0.12098	0.11657	0
GNR_USD	2018-08-26	0.11743	0.11797	0.11870	0.11520	0
GNR_USD	2018-08-25	0.11797	0.11718	0.11889	0.11676	0
GNR_USD	2018-08-24	0.11718	0.08374	0.11772	0.08314	0
GNR_USD	2018-08-23	0.08374	0.08166	0.08427	0.07673	0
GNR_USD	2018-08-22	0.08166	0.13068	0.13850	0.08035	0
GNR_USD	2018-08-21	0.13068	0.12616	0.13109	0.12606	0
GNR_USD	2018-08-20	0.12616	0.13081	0.13152	0.12566	0
GNR_USD	2018-08-19	0.13081	0.12890	0.13190	0.12726	0
GNR_USD	2018-08-18	0.12890	0.13290	0.13333	0.12717	0
GNR_USD	2018-08-17	0.13290	0.12731	0.13290	0.12693	0
GNR_USD	2018-08-16	0.12731	0.12647	0.13054	0.12558	0
GNR_USD	2018-08-15	0.12647	0.12471	0.13339	0.12469	0
GNR_USD	2018-08-14	0.12471	0.13317	0.13317	0.11661	0
GNR_USD	2018-08-13	0.13317	0.13455	0.13929	0.13121	0
GNR_USD	2018-08-12	0.13455	0.12550	0.13745	0.12451	0
GNR_USD	2018-08-11	0.12550	0.12389	0.13022	0.12119	0
GNR_USD	2018-08-10	0.12389	0.13166	0.13256	0.12135	0
GNR_USD	2018-08-09	0.13166	0.12659	0.13352	0.12481	0
GNR_USD	2018-08-08	0.12659	0.13547	0.13547	0.12367	0
GNR_USD	2018-08-07	0.13547	0.13692	0.14886	0.13474	0
GNR_USD	2018-08-06	0.13692	0.13830	0.14052	0.13521	0
GNR_USD	2018-08-05	0.13830	0.13455	0.13942	0.13234	0
GNR_USD	2018-08-04	0.13455	0.14243	0.14382	0.13309	0
GNR_USD	2018-08-03	0.14243	0.14471	0.14471	0.13988	0
GNR_USD	2018-08-02	0.14471	0.14611	0.14784	0.14330	0
GNR_USD	2018-08-01	0.14611	0.17620	0.17639	0.10724	0
GNR_USD	2018-07-31	0.17620	0.19198	0.19210	0.16327	0
GNR_USD	2018-07-30	0.19198	0.20674	0.20831	0.19011	0
GNR_USD	2018-07-29	0.20674	0.19983	0.20815	0.19849	0
GNR_USD	2018-07-28	0.20148	0.20148	0.20148	0.20148	0
GNR_USD	2018-07-27	0.20148	0.20148	0.20153	0.20140	0
GNR_USD	2018-07-26	0.20148	0.20060	0.20375	0.20058	0
GNR_USD	2018-07-25	0.20060	0.20973	0.21155	0.19824	0
GNR_USD	2018-07-24	0.20973	0.19427	0.21126	0.19374	0
GNR_USD	2018-07-23	0.19427	0.18641	0.19595	0.18572	0
GNR_USD	2018-07-22	0.18641	0.18645	0.19050	0.18503	0
GNR_USD	2018-07-21	0.18645	0.19189	0.19191	0.18246	0
GNR_USD	2018-07-20	0.19189	0.18079	0.24734	0.17777	0
GNR_USD	2018-07-19	0.18079	0.17730	0.18278	0.17525	0
GNR_USD	2018-07-18	0.17730	0.20836	0.21688	0.14716	0
GNR_USD	2018-07-17	0.20836	0.19175	0.21243	0.18979	0
GNR_USD	2018-07-16	0.19175	0.18932	0.19208	0.18104	0
GNR_USD	2018-07-15	0.18932	0.18906	0.19317	0.18856	0
GNR_USD	2018-07-14	0.18906	0.18806	0.19066	0.18694	0
GNR_USD	2018-07-13	0.18806	0.17781	0.19136	0.17752	0
GNR_USD	2018-07-12	0.17781	0.18199	0.18199	0.17353	0
GNR_USD	2018-07-11	0.18199	0.19076	0.19360	0.17966	0
GNR_USD	2018-07-10	0.19076	0.20183	0.20244	0.19010	0
GNR_USD	2018-07-09	0.20183	0.20660	0.20753	0.20111	0
GNR_USD	2018-07-08	0.20660	0.21181	0.21272	0.20579	0
GNR_USD	2018-07-07	0.21181	0.20755	0.21383	0.20409	0
GNR_USD	2018-07-06	0.20755	0.21367	0.21391	0.20447	0
GNR_USD	2018-07-05	0.21367	0.21516	0.21867	0.21100	0
GNR_USD	2018-07-04	0.21516	0.57859	0.58368	0.20934	0
GNR_USD	2018-07-03	0.57859	0.58906	0.59370	0.00775	0
GNR_USD	2018-07-02	0.58906	0.56516	0.59411	0.00001	0
GNR_USD	2018-07-01	0.56521	0.56893	0.57252	0.55816	0
GNR_USD	2018-06-30	0.56894	0.55216	0.58004	0.55216	0
GNR_USD	2018-06-29	0.55262	0.52068	0.55840	0.51628	0
GNR_USD	2018-06-28	0.52152	0.54598	0.54875	0.51895	0
GNR_USD	2018-06-27	0.54593	0.53998	0.55005	0.53309	0
GNR_USD	2018-06-26	0.54169	0.55640	0.55844	0.53879	0
GNR_USD	2018-06-25	0.55604	0.54709	0.56213	0.54139	0
GNR_USD	2018-06-24	0.54727	0.54833	0.55534	0.51397	0
GNR_USD	2018-06-23	0.54762	0.53787	0.55625	0.53548	0
GNR_USD	2018-06-22	0.53788	0.59763	0.59912	0.52845	0
GNR_USD	2018-06-21	0.59760	0.60174	0.60405	0.59560	0
GNR_USD	2018-06-20	0.60177	0.59929	0.60631	0.58400	0
GNR_USD	2018-06-19	0.59997	0.59742	0.60777	0.59371	0
GNR_USD	2018-06-18	0.59721	0.57353	0.60406	0.56863	0
GNR_USD	2018-06-17	0.57307	0.57744	0.58482	0.57209	0
GNR_USD	2018-06-16	0.57734	0.56836	0.58301	0.56347	0
GNR_USD	2018-06-15	0.56809	0.59122	0.59122	0.56617	0
GNR_USD	2018-06-14	0.59009	0.56035	0.59621	0.55835	0
GNR_USD	2018-06-13	0.56003	0.58251	0.58799	0.54546	0
GNR_USD	2018-06-12	0.58237	0.61156	0.61156	0.57335	0
GNR_USD	2018-06-11	0.61186	0.60154	0.61393	0.59094	0
GNR_USD	2018-06-10	0.60085	0.66748	0.66748	0.59118	0
GNR_USD	2018-06-09	0.66730	0.67787	0.68408	0.66506	0
GNR_USD	2018-06-08	0.67786	0.68415	0.68511	0.67152	0
GNR_USD	2018-06-07	0.68443	0.68132	0.69040	0.68060	0
GNR_USD	2018-06-06	0.68128	0.67902	0.68501	0.66719	0
GNR_USD	2018-06-05	0.67844	0.66664	0.68288	0.65629	0
GNR_USD	2018-06-04	0.66713	0.68764	0.69049	0.66386	0
GNR_USD	2018-06-03	0.68702	0.67938	0.69216	0.67653	0
GNR_USD	2018-06-02	0.67990	0.67002	0.68446	0.66354	0
GNR_USD	2018-06-01	0.66949	0.66635	0.67649	0.65437	0
GNR_USD	2018-05-31	0.66642	0.65621	0.67648	0.65320	0
GNR_USD	2018-05-30	0.65650	0.66452	0.67273	0.64808	0
GNR_USD	2018-05-29	0.66374	0.63238	0.66946	0.62743	0
GNR_USD	2018-05-28	0.63198	0.65361	0.66139	0.62929	0
GNR_USD	2018-05-27	0.65334	0.65240	0.65759	0.64289	0
GNR_USD	2018-05-26	0.65225	0.66375	0.67781	0.64879	0
GNR_USD	2018-05-25	0.66387	0.67438	0.68072	0.65267	0
GNR_USD	2018-05-24	0.67410	0.66791	0.68686	0.64664	0
GNR_USD	2018-05-23	0.66842	0.71009	0.71387	0.66295	0
GNR_USD	2018-05-22	0.71034	0.74731	0.74816	0.70762	0
GNR_USD	2018-05-21	0.74731	0.75868	0.76063	0.74444	0
GNR_USD	2018-05-20	0.75868	0.73348	0.76401	0.72739	0
GNR_USD	2018-05-19	0.73348	0.73339	0.74700	0.72489	0
GNR_USD	2018-05-18	0.73339	0.71706	0.73655	0.70569	0
GNR_USD	2018-05-17	0.71800	0.74313	0.75342	0.71171	0
GNR_USD	2018-05-16	0.74249	0.75360	0.75557	0.72136	0
GNR_USD	2018-05-15	0.75361	0.77144	0.78569	0.75001	0
GNR_USD	2018-05-14	0.77150	0.77297	0.79031	0.73684	0
GNR_USD	2018-05-13	0.77297	0.75439	0.77914	0.74132	0
GNR_USD	2018-05-12	0.75268	0.74705	0.76794	0.73048	0
GNR_USD	2018-05-11	0.74705	0.80280	0.80280	0.74286	0
GNR_USD	2018-05-10	0.80280	0.82946	0.83585	0.80142	0
GNR_USD	2018-05-09	0.82946	0.81725	0.83415	0.79934	0
GNR_USD	2018-05-08	0.81755	0.83308	0.83590	0.00009	0
GNR_USD	2018-05-07	0.83929	0.85980	0.86130	0.81891	0
GNR_USD	2018-05-06	0.85980	0.87812	0.88696	0.84159	0
GNR_USD	2018-05-05	0.87708	0.86414	0.88891	0.86221	0
GNR_USD	2018-05-04	0.86414	0.86929	0.87338	0.85117	0
GNR_USD	2018-05-03	0.86929	0.82208	0.87561	0.81650	0
GNR_USD	2018-05-02	0.82208	0.80703	0.82513	0.79934	0
GNR_USD	2018-05-01	0.80703	0.82216	0.82239	0.78656	0
GNR_USD	2018-04-30	0.82216	0.83661	0.84119	0.81144	0
GNR_USD	2018-04-29	0.83661	0.83137	0.85100	0.81755	0
GNR_USD	2018-04-28	0.83137	0.79485	0.83976	0.78977	0
GNR_USD	2018-04-27	0.79485	0.82743	0.83504	0.79258	0
GNR_USD	2018-04-26	0.82743	0.79005	0.82851	0.77129	0
GNR_USD	2018-04-25	0.79005	0.85905	0.86835	0.78193	0
GNR_USD	2018-04-24	0.85905	0.79577	0.86683	0.79492	0
GNR_USD	2018-04-23	0.79577	0.78331	0.80165	0.78090	0
GNR_USD	2018-04-22	0.78331	0.79350	0.80346	0.77912	0
GNR_USD	2018-04-21	0.79350	0.78963	0.80375	0.76724	0
GNR_USD	2018-04-20	0.78963	0.73657	0.79492	0.73215	0
GNR_USD	2018-04-19	0.73657	0.72695	0.73853	0.72188	0
GNR_USD	2018-04-18	0.72695	0.70234	0.73203	0.70102	0
GNR_USD	2018-04-17	0.70234	0.71711	0.72683	0.69674	0
GNR_USD	2018-04-16	0.71711	0.74390	0.74815	0.70334	0
GNR_USD	2018-04-15	0.74390	0.71258	0.74966	0.71240	0
GNR_USD	2018-04-14	0.71258	0.70135	0.72826	0.69630	0
GNR_USD	2018-04-13	0.70135	0.70429	0.73215	0.69057	0
GNR_USD	2018-04-12	0.70429	0.61795	0.71775	0.60186	0
GNR_USD	2018-04-11	0.61795	0.60886	0.62066	0.60489	0
GNR_USD	2018-04-10	0.60886	0.60186	0.61330	0.59221	0
GNR_USD	2018-04-09	0.60186	0.62440	0.63943	0.58865	0
GNR_USD	2018-04-08	0.62440	0.61309	0.63261	0.61276	0
GNR_USD	2018-04-07	0.61309	0.58876	0.62873	0.58748	0
GNR_USD	2018-04-06	0.58876	0.60190	0.60923	0.57934	0
GNR_USD	2018-04-05	0.60190	0.60411	0.61483	0.58501	0
GNR_USD	2018-04-04	0.60411	0.65913	0.66020	0.59606	0
GNR_USD	2018-04-03	0.65913	0.62779	0.66833	0.62489	0
GNR_USD	2018-04-02	0.62779	0.60620	0.63342	0.60304	0
GNR_USD	2018-04-01	0.60620	0.61645	0.62576	0.57281	0
GNR_USD	2018-03-31	0.61645	0.60890	0.64285	0.60468	0
GNR_USD	2018-03-30	0.60890	0.63131	0.64607	0.58559	0
GNR_USD	2018-03-29	0.63131	0.70686	0.70872	0.61364	0
GNR_USD	2018-03-28	0.70686	0.69289	0.72141	0.68807	0
GNR_USD	2018-03-27	0.69289	0.72323	0.73047	0.68908	0
GNR_USD	2018-03-26	0.72323	0.75175	0.75597	0.69865	0
GNR_USD	2018-03-25	0.75175	0.75719	0.77063	0.74539	0
GNR_USD	2018-03-24	0.75719	0.79244	0.80201	0.75635	0
GNR_USD	2018-03-23	0.79244	0.77593	0.79251	0.73645	0
GNR_USD	2018-03-22	0.77593	0.79223	0.80879	0.75475	0
GNR_USD	2018-03-21	0.79223	0.79188	0.81590	0.77974	0
GNR_USD	2018-03-20	0.79188	0.76552	0.80331	0.74013	0
GNR_USD	2018-03-19	0.76552	0.73059	0.77431	0.72211	0
GNR_USD	2018-03-18	0.73059	0.70057	0.73572	0.65189	0
GNR_USD	2018-03-17	0.70057	0.73810	0.74241	0.68988	0
GNR_USD	2018-03-16	0.73810	0.73475	0.76467	0.70356	0
GNR_USD	2018-03-15	0.73475	0.72856	0.74809	0.68363	0
GNR_USD	2018-03-14	0.72856	0.80967	0.86046	0.70529	0
GNR_USD	2018-03-13	0.80967	0.88691	0.92136	0.75236	0
GNR_USD	2018-03-12	0.88691	0.98659	1.02607	0.85607	0
GNR_USD	2018-03-11	0.98659	0.90850	1.00762	0.87465	0
GNR_USD	2018-03-10	0.90850	0.97704	1.00655	0.90391	0
GNR_USD	2018-03-09	0.97704	0.99038	1.00325	0.88910	0
GNR_USD	2018-03-08	0.99038	1.12520	1.14561	0.98098	0
GNR_USD	2018-03-07	1.12520	1.21360	1.23338	1.06755	0
GNR_USD	2018-03-06	1.21360	1.26996	1.26996	1.19327	0
GNR_USD	2018-03-05	1.26996	1.09298	1.30758	1.08452	0
GNR_USD	2018-03-04	1.09298	1.37301	1.37553	1.08610	0
GNR_USD	2018-03-03	1.37301	1.32466	1.38599	1.20527	0
GNR_USD	2018-03-02	1.32466	1.43089	1.46454	1.29685	0
