GNT_USD	2019-04-09	0.09329	0.09840	0.09840	0.09220	3324406
GNT_USD	2019-04-08	0.09840	0.10260	0.10430	0.09229	3241545
GNT_USD	2019-04-07	0.10260	0.09815	0.10329	0.09715	3144735
GNT_USD	2019-04-06	0.09815	0.09987	0.10230	0.09699	1438864
GNT_USD	2019-04-05	0.09987	0.09500	0.10214	0.09500	2624509
GNT_USD	2019-04-04	0.09500	0.09660	0.09969	0.09222	3704323
GNT_USD	2019-04-03	0.09660	0.09990	0.10500	0.09350	5713027
GNT_USD	2019-04-02	0.09990	0.09090	0.10320	0.08850	6841050
GNT_USD	2019-04-01	0.09090	0.09260	0.09370	0.09020	3061542
GNT_USD	2019-03-31	0.09260	0.08870	0.09430	0.08630	5069617
GNT_USD	2019-03-30	0.08870	0.08990	0.09150	0.08660	2576195
GNT_USD	2019-03-29	0.08990	0.08970	0.09220	0.08690	4383725
GNT_USD	2019-03-28	0.08970	0.08400	0.08990	0.08230	6160695
GNT_USD	2019-03-27	0.08400	0.08170	0.08670	0.08040	3739224
GNT_USD	2019-03-26	0.08170	0.08040	0.08500	0.07720	6106442
GNT_USD	2019-03-25	0.08040	0.07950	0.09290	0.07920	12462164
GNT_USD	2019-03-24	0.07950	0.07839	0.08090	0.07730	2102949
GNT_USD	2019-03-23	0.07839	0.07820	0.07980	0.07770	2689620
GNT_USD	2019-03-22	0.07810	0.07870	0.08000	0.07720	2624727
GNT_USD	2019-03-21	0.07870	0.08210	0.08640	0.07520	7807746
GNT_USD	2019-03-20	0.08210	0.07590	0.09300	0.07480	12558763
GNT_USD	2019-03-19	0.07590	0.07430	0.07750	0.07340	1935021
GNT_USD	2019-03-18	0.07430	0.07460	0.07590	0.07320	1286625
GNT_USD	2019-03-17	0.07460	0.07480	0.07550	0.07380	555740
GNT_USD	2019-03-16	0.07480	0.07680	0.07720	0.07400	2493427
GNT_USD	2019-03-15	0.07680	0.07670	0.07800	0.07570	2121776
GNT_USD	2019-03-14	0.07670	0.07400	0.07670	0.07300	3441172
GNT_USD	2019-03-13	0.07390	0.07640	0.07780	0.07330	2793617
GNT_USD	2019-03-12	0.07640	0.07260	0.08850	0.07060	16587075
GNT_USD	2019-03-11	0.07260	0.07070	0.07390	0.06790	3942402
GNT_USD	2019-03-10	0.07070	0.07100	0.07500	0.06880	3890503
GNT_USD	2019-03-09	0.07100	0.06720	0.07280	0.06670	3487673
GNT_USD	2019-03-08	0.06720	0.06840	0.06920	0.06600	1170462
GNT_USD	2019-03-07	0.06850	0.06750	0.06920	0.06710	931143
GNT_USD	2019-03-06	0.06750	0.06550	0.06780	0.06410	560890
GNT_USD	2019-03-05	0.06550	0.06350	0.06560	0.06250	635291
GNT_USD	2019-03-04	0.06350	0.06570	0.06750	0.06190	1578458
GNT_USD	2019-03-03	0.06570	0.06650	0.06690	0.06520	350278
GNT_USD	2019-03-02	0.06650	0.06620	0.06880	0.06510	1655469
GNT_USD	2019-03-01	0.06620	0.06400	0.06760	0.06380	1217916
GNT_USD	2019-02-28	0.06390	0.06450	0.06510	0.06310	543412
GNT_USD	2019-02-27	0.06440	0.06500	0.06710	0.06280	1436994
GNT_USD	2019-02-26	0.06500	0.06230	0.06619	0.06230	2339600
GNT_USD	2019-02-25	0.06230	0.06071	0.06320	0.06051	1334582
GNT_USD	2019-02-24	0.06071	0.06890	0.07119	0.06022	3529340
GNT_USD	2019-02-23	0.06890	0.06800	0.06979	0.06670	2348533
GNT_USD	2019-02-22	0.06800	0.06590	0.06935	0.06550	892068
GNT_USD	2019-02-21	0.06590	0.06748	0.06828	0.06460	583890
GNT_USD	2019-02-20	0.06748	0.06780	0.06819	0.06600	1031733
GNT_USD	2019-02-19	0.06780	0.06750	0.07050	0.06600	2132055
GNT_USD	2019-02-18	0.06750	0.06410	0.07159	0.06380	4751802
GNT_USD	2019-02-17	0.06400	0.06160	0.06617	0.06083	4457765
GNT_USD	2019-02-16	0.06160	0.05830	0.06588	0.05830	3868408
GNT_USD	2019-02-15	0.05830	0.05770	0.05960	0.05770	327277
GNT_USD	2019-02-14	0.05770	0.05840	0.05870	0.05750	269996
GNT_USD	2019-02-13	0.05840	0.05950	0.06009	0.05800	584063
GNT_USD	2019-02-12	0.05950	0.06060	0.06060	0.05830	997126
GNT_USD	2019-02-11	0.06060	0.06050	0.06519	0.05980	3219825
GNT_USD	2019-02-10	0.06050	0.05941	0.06247	0.05790	1779498
GNT_USD	2019-02-09	0.05941	0.05901	0.06097	0.05849	1056162
GNT_USD	2019-02-08	0.05901	0.05560	0.06180	0.05560	4026475
GNT_USD	2019-02-07	0.05560	0.05329	0.05788	0.05320	635570
GNT_USD	2019-02-06	0.05329	0.05570	0.05610	0.05300	600410
GNT_USD	2019-02-05	0.05570	0.05691	0.05777	0.05550	345388
GNT_USD	2019-02-04	0.05691	0.05500	0.05909	0.05450	1182270
GNT_USD	2019-02-03	0.05500	0.05619	0.05649	0.05460	212020
GNT_USD	2019-02-02	0.05619	0.05625	0.05663	0.05520	282104
GNT_USD	2019-02-01	0.05644	0.05640	0.05701	0.05440	349182
GNT_USD	2019-01-31	0.05640	0.05770	0.05820	0.05550	1055343
GNT_USD	2019-01-30	0.05770	0.05612	0.05820	0.05564	396284
GNT_USD	2019-01-29	0.05612	0.05779	0.05789	0.05441	765501
GNT_USD	2019-01-28	0.05779	0.06349	0.06359	0.05583	1337889
GNT_USD	2019-01-27	0.06339	0.06553	0.06562	0.06075	785400
GNT_USD	2019-01-26	0.06553	0.06540	0.06664	0.06506	528017
GNT_USD	2019-01-25	0.06540	0.06700	0.06730	0.06420	631946
GNT_USD	2019-01-24	0.06700	0.06432	0.06769	0.06362	1227889
GNT_USD	2019-01-23	0.06441	0.06479	0.06547	0.06356	877119
GNT_USD	2019-01-22	0.06479	0.06380	0.06527	0.06241	1404446
GNT_USD	2019-01-21	0.06380	0.06380	0.06479	0.06330	1037328
GNT_USD	2019-01-20	0.06380	0.06850	0.07148	0.06272	2271904
GNT_USD	2019-01-19	0.06860	0.06710	0.06929	0.06622	1914257
GNT_USD	2019-01-18	0.06710	0.06620	0.06768	0.06310	1638653
GNT_USD	2019-01-17	0.06620	0.06371	0.06923	0.06351	4025902
GNT_USD	2019-01-16	0.06371	0.06151	0.06449	0.06122	948882
GNT_USD	2019-01-15	0.06151	0.06280	0.06356	0.06092	6476128
GNT_USD	2019-01-14	0.06280	0.05981	0.06369	0.05971	652085
GNT_USD	2019-01-13	0.05981	0.06409	0.06527	0.05933	908087
GNT_USD	2019-01-12	0.06409	0.06334	0.06495	0.06225	538208
GNT_USD	2019-01-11	0.06334	0.06249	0.06414	0.06166	566138
GNT_USD	2019-01-10	0.06249	0.07311	0.07362	0.06135	2577012
GNT_USD	2019-01-09	0.07311	0.07131	0.07400	0.07116	4198582
GNT_USD	2019-01-08	0.07131	0.07063	0.07273	0.06949	1913152
GNT_USD	2019-01-07	0.07063	0.07023	0.07108	0.06958	1166397
GNT_USD	2019-01-06	0.07023	0.06891	0.07141	0.06838	1594946
GNT_USD	2019-01-05	0.06891	0.07119	0.07208	0.06862	987657
GNT_USD	2019-01-04	0.07101	0.06681	0.07574	0.06617	3181069
GNT_USD	2019-01-03	0.06681	0.06913	0.06920	0.06588	1577286
GNT_USD	2019-01-02	0.06920	0.06631	0.06979	0.06612	1202670
GNT_USD	2019-01-01	0.06631	0.06473	0.06647	0.06402	917787
GNT_USD	2018-12-31	0.06473	0.06891	0.06977	0.06456	1019155
GNT_USD	2018-12-30	0.06900	0.06816	0.07432	0.06754	3245327
GNT_USD	2018-12-29	0.06816	0.06808	0.07932	0.06789	6493055
GNT_USD	2018-12-28	0.06808	0.06251	0.06883	0.06165	881922
GNT_USD	2018-12-27	0.06251	0.06696	0.06696	0.06178	932133
GNT_USD	2018-12-26	0.06696	0.06608	0.06825	0.06401	1176129
GNT_USD	2018-12-25	0.06608	0.07408	0.07463	0.06475	1613945
GNT_USD	2018-12-24	0.07430	0.07184	0.07992	0.07183	2381057
GNT_USD	2018-12-23	0.07184	0.07149	0.07414	0.07025	3335369
GNT_USD	2018-12-22	0.07141	0.06628	0.07173	0.06612	2031772
GNT_USD	2018-12-21	0.06628	0.07011	0.07219	0.06574	3407164
GNT_USD	2018-12-20	0.07011	0.06419	0.07155	0.06356	2507517
GNT_USD	2018-12-19	0.06410	0.06548	0.07216	0.06361	3926920
GNT_USD	2018-12-18	0.06548	0.06076	0.06745	0.05880	2404019
GNT_USD	2018-12-17	0.06076	0.05621	0.06220	0.05600	2325300
GNT_USD	2018-12-16	0.05621	0.05602	0.05745	0.05597	1750681
GNT_USD	2018-12-15	0.05602	0.05697	0.05758	0.05514	1555904
GNT_USD	2018-12-14	0.05697	0.06122	0.06143	0.05666	1112524
GNT_USD	2018-12-13	0.06122	0.06524	0.06542	0.06103	1153420
GNT_USD	2018-12-12	0.06524	0.06451	0.06639	0.06433	1039851
GNT_USD	2018-12-11	0.06491	0.06646	0.06726	0.06400	1941353
GNT_USD	2018-12-10	0.06646	0.06780	0.07137	0.06521	2348781
GNT_USD	2018-12-09	0.06780	0.06522	0.07023	0.06458	1155807
GNT_USD	2018-12-08	0.06522	0.06644	0.07234	0.06288	1262149
GNT_USD	2018-12-07	0.06644	0.07049	0.07239	0.06205	1884153
GNT_USD	2018-12-06	0.07049	0.08367	0.08479	0.06977	1569659
GNT_USD	2018-12-05	0.08367	0.09045	0.09099	0.08350	876768
GNT_USD	2018-12-04	0.09045	0.09313	0.09360	0.08584	1377599
GNT_USD	2018-12-03	0.09313	0.09531	0.11403	0.08841	6885329
GNT_USD	2018-12-02	0.09531	0.09118	0.09691	0.08919	1466330
GNT_USD	2018-12-01	0.09118	0.08743	0.09371	0.08532	1165000
GNT_USD	2018-11-30	0.08743	0.09128	0.09565	0.08380	2715558
GNT_USD	2018-11-29	0.09128	0.08927	0.09690	0.08738	1915976
GNT_USD	2018-11-28	0.08927	0.07932	0.09089	0.07932	1508341
GNT_USD	2018-11-27	0.07932	0.07924	0.08023	0.07581	1175719
GNT_USD	2018-11-26	0.07924	0.08639	0.08866	0.07821	1110460
GNT_USD	2018-11-25	0.08639	0.08332	0.08820	0.07930	1270994
GNT_USD	2018-11-24	0.08332	0.09288	0.09526	0.08074	948387
GNT_USD	2018-11-23	0.09288	0.09803	0.09913	0.09045	1002960
GNT_USD	2018-11-22	0.09803	0.09604	0.10670	0.09576	1719765
GNT_USD	2018-11-21	0.09604	0.08727	0.09740	0.08578	1188750
GNT_USD	2018-11-20	0.08756	0.09976	0.10348	0.08350	1976307
GNT_USD	2018-11-19	0.09981	0.12311	0.12348	0.09703	1316363
GNT_USD	2018-11-18	0.12311	0.12303	0.12672	0.12233	664037
GNT_USD	2018-11-17	0.12303	0.12396	0.12479	0.11998	879112
GNT_USD	2018-11-16	0.12396	0.13066	0.13403	0.12184	1956023
GNT_USD	2018-11-15	0.13066	0.13618	0.13738	0.12058	1460321
GNT_USD	2018-11-14	0.13612	0.15428	0.15501	0.13108	1198741
GNT_USD	2018-11-13	0.15428	0.16292	0.16316	0.15399	731256
GNT_USD	2018-11-12	0.16299	0.16420	0.16501	0.16045	708988
GNT_USD	2018-11-11	0.16420	0.16667	0.16737	0.16312	786408
GNT_USD	2018-11-10	0.16667	0.16567	0.17006	0.16423	559474
GNT_USD	2018-11-09	0.16579	0.17061	0.17264	0.16505	892168
GNT_USD	2018-11-08	0.17061	0.16929	0.17610	0.16757	1656061
GNT_USD	2018-11-07	0.16929	0.16487	0.17005	0.16472	912222
GNT_USD	2018-11-06	0.16487	0.16485	0.16560	0.16247	740251
GNT_USD	2018-11-05	0.16485	0.16934	0.16945	0.16278	593228
GNT_USD	2018-11-04	0.16934	0.16983	0.17055	0.16512	798295
GNT_USD	2018-11-03	0.16983	0.17405	0.17423	0.16864	427776
GNT_USD	2018-11-02	0.17405	0.17228	0.17552	0.17174	572113
GNT_USD	2018-11-01	0.17228	0.17268	0.17360	0.17100	427511
GNT_USD	2018-10-31	0.17268	0.17122	0.17510	0.16562	826257
GNT_USD	2018-10-30	0.17130	0.16348	0.17384	0.16214	1423305
GNT_USD	2018-10-29	0.16348	0.17469	0.17569	0.15604	1635933
GNT_USD	2018-10-28	0.17469	0.17245	0.17737	0.17236	683830
GNT_USD	2018-10-27	0.17245	0.18631	0.19068	0.17094	2168347
GNT_USD	2018-10-26	0.18631	0.18344	0.19225	0.17862	2515843
GNT_USD	2018-10-25	0.18344	0.17432	0.19260	0.16758	4696238
GNT_USD	2018-10-24	0.17439	0.17374	0.17439	0.16922	1277563
GNT_USD	2018-10-23	0.17374	0.16567	0.17683	0.16546	2442534
GNT_USD	2018-10-22	0.16574	0.16615	0.16740	0.16209	864207
GNT_USD	2018-10-21	0.16615	0.15894	0.17348	0.15878	1794679
GNT_USD	2018-10-20	0.15886	0.15522	0.15892	0.15454	602299
GNT_USD	2018-10-19	0.15522	0.15893	0.15968	0.15434	753618
GNT_USD	2018-10-18	0.15893	0.16131	0.16840	0.15725	1507553
GNT_USD	2018-10-17	0.16131	0.15489	0.16160	0.15390	658157
GNT_USD	2018-10-16	0.15489	0.15292	0.15851	0.15159	764370
GNT_USD	2018-10-15	0.15292	0.14696	0.16577	0.14610	2288700
GNT_USD	2018-10-14	0.14668	0.15028	0.15232	0.14620	1110625
GNT_USD	2018-10-13	0.15028	0.14815	0.15146	0.14768	979725
GNT_USD	2018-10-12	0.14824	0.14263	0.15775	0.14182	2783231
GNT_USD	2018-10-11	0.14263	0.16320	0.17339	0.14096	8032519
GNT_USD	2018-10-10	0.16336	0.16086	0.16400	0.15515	1547839
GNT_USD	2018-10-09	0.16086	0.15757	0.16554	0.15589	1694817
GNT_USD	2018-10-08	0.15757	0.15241	0.16032	0.15179	1367133
GNT_USD	2018-10-07	0.15241	0.15136	0.15280	0.14988	875097
GNT_USD	2018-10-06	0.15136	0.15063	0.15208	0.14987	628047
GNT_USD	2018-10-05	0.15063	0.15107	0.15224	0.14793	781389
GNT_USD	2018-10-04	0.15107	0.14928	0.15501	0.14894	884554
GNT_USD	2018-10-03	0.14911	0.15497	0.15593	0.14724	1067280
GNT_USD	2018-10-02	0.15497	0.15515	0.16222	0.15426	2593052
GNT_USD	2018-10-01	0.15515	0.15350	0.15573	0.15066	1213636
GNT_USD	2018-09-30	0.15350	0.15550	0.15696	0.15069	1042640
GNT_USD	2018-09-29	0.15550	0.15771	0.15845	0.14812	1866546
GNT_USD	2018-09-28	0.15771	0.14310	0.17258	0.14310	5224269
GNT_USD	2018-09-27	0.14316	0.13831	0.14434	0.13645	701722
GNT_USD	2018-09-26	0.13848	0.13866	0.14096	0.13528	679354
GNT_USD	2018-09-25	0.13866	0.14136	0.14662	0.13183	1553831
GNT_USD	2018-09-24	0.14113	0.14797	0.14859	0.14099	1046929
GNT_USD	2018-09-23	0.14797	0.14556	0.14953	0.14299	991923
GNT_USD	2018-09-22	0.14556	0.15259	0.15543	0.14218	1168647
GNT_USD	2018-09-21	0.15354	0.14234	0.15468	0.14207	2287388
GNT_USD	2018-09-20	0.14234	0.13903	0.14260	0.13619	762345
GNT_USD	2018-09-19	0.13903	0.14020	0.14043	0.13172	1359541
GNT_USD	2018-09-18	0.14020	0.12507	0.14405	0.12470	2551916
GNT_USD	2018-09-17	0.12507	0.13947	0.14071	0.12446	1117067
GNT_USD	2018-09-16	0.13947	0.13473	0.14235	0.13068	1258195
GNT_USD	2018-09-15	0.13489	0.12909	0.13657	0.12861	681783
GNT_USD	2018-09-14	0.12909	0.13127	0.13391	0.12573	763602
GNT_USD	2018-09-13	0.13127	0.12113	0.13311	0.12107	913733
GNT_USD	2018-09-12	0.12113	0.12307	0.12387	0.11628	802821
GNT_USD	2018-09-11	0.12302	0.13058	0.13231	0.12055	638786
GNT_USD	2018-09-10	0.13058	0.13160	0.13429	0.12960	548164
GNT_USD	2018-09-09	0.13156	0.13293	0.13716	0.12977	551985
GNT_USD	2018-09-08	0.13293	0.14382	0.14713	0.13044	812642
GNT_USD	2018-09-07	0.14382	0.14676	0.14994	0.13779	1292884
GNT_USD	2018-09-06	0.14675	0.14665	0.14716	0.13573	1032584
GNT_USD	2018-09-05	0.14665	0.18285	0.18763	0.14622	2241454
GNT_USD	2018-09-04	0.18285	0.17840	0.18375	0.17722	962479
GNT_USD	2018-09-03	0.17840	0.18420	0.18757	0.17407	1368725
GNT_USD	2018-09-02	0.18420	0.18545	0.19450	0.17933	2580748
GNT_USD	2018-09-01	0.18545	0.17666	0.19157	0.17373	2187432
GNT_USD	2018-08-31	0.17666	0.16026	0.19675	0.16012	4397913
GNT_USD	2018-08-30	0.16026	0.16839	0.16961	0.15345	1162287
GNT_USD	2018-08-29	0.16839	0.17143	0.18001	0.16140	2476066
GNT_USD	2018-08-28	0.17143	0.15578	0.17243	0.15489	1457626
GNT_USD	2018-08-27	0.15578	0.14720	0.15578	0.14694	836018
GNT_USD	2018-08-26	0.14707	0.15009	0.15050	0.14351	704566
GNT_USD	2018-08-25	0.15009	0.14999	0.15239	0.14740	1061679
GNT_USD	2018-08-24	0.14999	0.14735	0.15131	0.14462	747205
GNT_USD	2018-08-23	0.14735	0.14326	0.14765	0.13940	1060893
GNT_USD	2018-08-22	0.14326	0.14994	0.15986	0.13952	1804231
GNT_USD	2018-08-21	0.14994	0.13816	0.16041	0.13789	3527950
GNT_USD	2018-08-20	0.13813	0.15536	0.15661	0.13813	1412957
GNT_USD	2018-08-19	0.15536	0.15296	0.16041	0.14822	1464072
GNT_USD	2018-08-18	0.15296	0.17931	0.18830	0.14332	6832889
GNT_USD	2018-08-17	0.17931	0.13932	0.19061	0.13704	7736863
GNT_USD	2018-08-16	0.13932	0.13795	0.14897	0.13613	1687854
GNT_USD	2018-08-15	0.13795	0.13219	0.14885	0.13183	1742093
GNT_USD	2018-08-14	0.13218	0.13497	0.13514	0.12004	1795864
GNT_USD	2018-08-13	0.13497	0.15953	0.16219	0.13480	1472108
GNT_USD	2018-08-12	0.15981	0.16155	0.16564	0.15830	2190513
GNT_USD	2018-08-11	0.16202	0.16981	0.17433	0.15429	2300536
GNT_USD	2018-08-10	0.16981	0.19070	0.19276	0.16738	2219727
GNT_USD	2018-08-09	0.19070	0.18479	0.19565	0.18319	2081472
GNT_USD	2018-08-08	0.18479	0.20164	0.20194	0.18171	1583629
GNT_USD	2018-08-07	0.20164	0.21656	0.22174	0.20047	1290030
GNT_USD	2018-08-06	0.21656	0.22650	0.23202	0.21339	905083
GNT_USD	2018-08-05	0.22738	0.22432	0.23013	0.22021	630628
GNT_USD	2018-08-04	0.22432	0.22172	0.23102	0.20985	1221418
GNT_USD	2018-08-03	0.22311	0.23508	0.23508	0.21368	2545381
GNT_USD	2018-08-02	0.23508	0.25637	0.25771	0.23247	955763
GNT_USD	2018-08-01	0.25637	0.26565	0.27046	0.24900	1324315
GNT_USD	2018-07-31	0.26532	0.28865	0.29474	0.25974	1152051
GNT_USD	2018-07-30	0.28870	0.30061	0.30141	0.28087	630405
GNT_USD	2018-07-29	0.30085	0.30528	0.30774	0.29678	917138
GNT_USD	2018-07-28	0.30524	0.30278	0.31348	0.29389	817928
GNT_USD	2018-07-27	0.30312	0.29596	0.31477	0.28610	1325710
GNT_USD	2018-07-26	0.29596	0.30012	0.34409	0.29068	2506836
GNT_USD	2018-07-25	0.30012	0.30104	0.30912	0.28826	2154300
GNT_USD	2018-07-24	0.30104	0.29403	0.30481	0.28367	1411016
GNT_USD	2018-07-23	0.29531	0.31504	0.32265	0.29309	1172477
GNT_USD	2018-07-22	0.31503	0.30463	0.32183	0.30168	1199922
GNT_USD	2018-07-21	0.30463	0.29523	0.31078	0.28692	717546
GNT_USD	2018-07-20	0.29726	0.33776	0.34730	0.29348	1252031
GNT_USD	2018-07-19	0.33776	0.33074	0.36100	0.33007	1806033
GNT_USD	2018-07-18	0.33074	0.33253	0.36353	0.32709	1871329
GNT_USD	2018-07-17	0.33253	0.31077	0.33822	0.30383	1929451
GNT_USD	2018-07-16	0.31093	0.29511	0.31093	0.28499	1356444
GNT_USD	2018-07-15	0.29511	0.28308	0.29751	0.28199	746997
GNT_USD	2018-07-14	0.28308	0.27534	0.29198	0.27484	814312
GNT_USD	2018-07-13	0.27534	0.27931	0.28811	0.26938	1410560
GNT_USD	2018-07-12	0.27931	0.29747	0.29827	0.27393	627605
GNT_USD	2018-07-11	0.29747	0.29437	0.30522	0.28429	725939
GNT_USD	2018-07-10	0.29422	0.33059	0.33128	0.29306	768465
GNT_USD	2018-07-09	0.33059	0.34832	0.35040	0.32886	527368
GNT_USD	2018-07-08	0.34832	0.35566	0.36172	0.34734	486120
GNT_USD	2018-07-07	0.35566	0.35891	0.35970	0.33760	761761
GNT_USD	2018-07-06	0.35891	0.34339	0.37576	0.32699	1295006
GNT_USD	2018-07-05	0.34340	0.35845	0.37342	0.33949	1275700
GNT_USD	2018-07-04	0.35845	0.34320	0.36901	0.32812	1372794
GNT_USD	2018-07-03	0.34320	0.34633	0.37582	0.33964	1808636
GNT_USD	2018-07-02	0.34608	0.32566	9.55326	0.04490	1538698
GNT_USD	2018-07-01	0.32566	0.33694	0.33877	0.30798	1321646
GNT_USD	2018-06-30	0.33870	0.29807	0.33870	0.29687	2812051
GNT_USD	2018-06-29	0.29807	0.27298	0.30272	0.26302	2048084
GNT_USD	2018-06-28	0.27298	0.29528	0.31346	0.26959	2039903
GNT_USD	2018-06-27	0.29528	0.29042	0.30053	0.28259	1275616
GNT_USD	2018-06-26	0.28883	0.33937	0.33965	0.28487	3055130
GNT_USD	2018-06-25	0.33873	0.28164	0.34660	0.27421	3766814
GNT_USD	2018-06-24	0.28221	0.30792	0.31137	0.25910	2706833
GNT_USD	2018-06-23	0.30737	0.30797	0.31489	0.29941	1017776
GNT_USD	2018-06-22	0.30806	0.36075	0.36388	0.29906	1828088
GNT_USD	2018-06-21	0.36075	0.36708	0.37679	0.35731	686604
GNT_USD	2018-06-20	0.36689	0.38428	0.38617	0.35768	1398959
GNT_USD	2018-06-19	0.38532	0.38446	0.39116	0.37537	1085006
GNT_USD	2018-06-18	0.38438	0.37782	0.38662	0.36509	650884
GNT_USD	2018-06-17	0.37827	0.37953	0.38388	0.37274	706386
GNT_USD	2018-06-16	0.37935	0.37596	0.39198	0.37005	1157355
GNT_USD	2018-06-15	0.37596	0.39011	0.41109	0.37275	1932793
GNT_USD	2018-06-14	0.39011	0.36394	0.39324	0.35865	2336962
GNT_USD	2018-06-13	0.36394	0.39508	0.41067	0.34316	2550586
GNT_USD	2018-06-12	0.39589	0.44739	0.45952	0.39083	2144167
GNT_USD	2018-06-11	0.44720	0.42606	0.45133	0.40397	1826085
GNT_USD	2018-06-10	0.42606	0.51707	0.51707	0.40829	2250134
GNT_USD	2018-06-09	0.51708	0.54191	0.55225	0.51505	972325
GNT_USD	2018-06-08	0.54191	0.56502	0.56553	0.53145	1636313
GNT_USD	2018-06-07	0.56502	0.57384	0.58831	0.56096	1257010
GNT_USD	2018-06-06	0.57287	0.58058	0.59421	0.55910	1711276
GNT_USD	2018-06-05	0.58104	0.57739	0.58813	0.54975	2194443
GNT_USD	2018-06-04	0.57861	0.62010	0.64930	0.56134	4185003
GNT_USD	2018-06-03	0.62010	0.61291	0.62778	0.60380	4356008
GNT_USD	2018-06-02	0.61291	0.61094	0.63415	0.60040	3942233
GNT_USD	2018-06-01	0.61094	0.60286	0.63798	0.59067	5493358
GNT_USD	2018-05-31	0.60286	0.63305	0.66425	0.58558	8223720
GNT_USD	2018-05-30	0.63352	0.52391	0.64951	0.52391	7251136
GNT_USD	2018-05-29	0.52314	0.45833	0.54956	0.45782	4493702
GNT_USD	2018-05-28	0.45833	0.47522	0.49658	0.44791	3406652
GNT_USD	2018-05-27	0.47522	0.46029	0.48240	0.45004	2310040
GNT_USD	2018-05-26	0.46030	0.46661	0.48043	0.45632	2215726
GNT_USD	2018-05-25	0.46661	0.50327	0.53175	0.45761	3343105
GNT_USD	2018-05-24	0.50298	0.47694	0.51083	0.45319	2599112
GNT_USD	2018-05-23	0.47694	0.50950	0.52990	0.45591	3778571
GNT_USD	2018-05-22	0.51174	0.52766	0.55374	0.49666	1983409
GNT_USD	2018-05-21	0.52628	0.54397	0.55593	0.52225	1705043
GNT_USD	2018-05-20	0.54371	0.52621	0.55769	0.51452	1468847
GNT_USD	2018-05-19	0.52621	0.52721	0.53558	0.51113	1379984
GNT_USD	2018-05-18	0.52830	0.52897	0.53505	0.50790	2027140
GNT_USD	2018-05-17	0.52897	0.56584	0.59244	0.52254	2544943
GNT_USD	2018-05-16	0.56583	0.57965	0.60609	0.53359	2309396
GNT_USD	2018-05-15	0.57965	0.62083	0.63145	0.57012	1934988
GNT_USD	2018-05-14	0.62083	0.62304	0.65779	0.58096	3317538
GNT_USD	2018-05-13	0.62304	0.57943	0.63879	0.55713	2636060
GNT_USD	2018-05-12	0.57764	0.58167	0.61821	0.51499	4095395
GNT_USD	2018-05-11	0.58167	0.64088	0.69244	0.55720	4230641
GNT_USD	2018-05-10	0.64088	0.69764	0.71671	0.64070	3008469
GNT_USD	2018-05-09	0.69809	0.72619	0.72852	0.66710	2018996
GNT_USD	2018-05-08	0.72628	0.76962	0.77175	0.71297	3046871
GNT_USD	2018-05-07	0.79814	0.74467	0.81973	0.73152	4716768
GNT_USD	2018-05-06	0.74502	0.79501	0.79760	0.71982	2120667
GNT_USD	2018-05-05	0.79689	0.79062	0.80894	0.77584	2899144
GNT_USD	2018-05-04	0.78782	0.80458	0.86204	0.75214	5349726
GNT_USD	2018-05-03	0.80179	0.70312	0.92641	0.69794	12875749
GNT_USD	2018-05-02	0.69631	0.57462	0.76618	0.55618	8321358
GNT_USD	2018-05-01	0.57462	0.55188	0.59648	0.54019	4929352
GNT_USD	2018-04-30	0.55188	0.59097	0.59246	0.54673	4381369
GNT_USD	2018-04-29	0.59097	0.60242	0.61576	0.56127	6541701
GNT_USD	2018-04-28	0.60242	0.57625	0.63554	0.57488	6717072
GNT_USD	2018-04-27	0.57628	0.54497	0.73207	0.53047	13266238
GNT_USD	2018-04-26	0.54574	0.50951	0.57326	0.49225	8039402
GNT_USD	2018-04-25	0.50941	0.61057	0.61308	0.48986	7265716
GNT_USD	2018-04-24	0.61221	0.60365	0.62977	0.58407	8912783
GNT_USD	2018-04-23	0.60365	0.56388	0.66545	0.55650	10056454
GNT_USD	2018-04-22	0.56349	0.52556	0.60803	0.49097	10701080
GNT_USD	2018-04-21	0.52556	0.46253	0.54159	0.44054	14075653
GNT_USD	2018-04-20	0.46253	0.45034	0.46472	0.42663	8184446
GNT_USD	2018-04-19	0.45056	0.44640	0.45970	0.42838	9496641
GNT_USD	2018-04-18	0.44661	0.42169	0.44852	0.41754	7412025
GNT_USD	2018-04-17	0.42169	0.40801	0.42630	0.39950	7902005
GNT_USD	2018-04-16	0.40744	0.43492	0.43633	0.39492	7186405
GNT_USD	2018-04-15	0.43492	0.43628	0.45596	0.40165	10904846
GNT_USD	2018-04-14	0.43628	0.49835	0.50156	0.41689	12950296
GNT_USD	2018-04-13	0.49701	0.29871	1.23718	0.28587	40985364
GNT_USD	2018-04-12	0.29871	0.28046	0.30912	0.25490	12150594
GNT_USD	2018-04-11	0.28046	0.29357	0.29382	0.26457	8827571
GNT_USD	2018-04-10	0.29666	0.24571	0.29681	0.22310	16004325
GNT_USD	2018-04-09	0.24569	0.20293	0.25923	0.19541	10632204
GNT_USD	2018-04-08	0.20312	0.19444	0.20541	0.19082	7918844
GNT_USD	2018-04-07	0.19444	0.18644	0.21237	0.18490	8118632
GNT_USD	2018-04-06	0.18644	0.19471	0.19651	0.18195	7777682
GNT_USD	2018-04-05	0.19471	0.19712	0.19796	0.18912	7762809
GNT_USD	2018-04-04	0.19712	0.21853	0.21935	0.19430	7691706
GNT_USD	2018-04-03	0.21853	0.20751	0.22178	0.20343	8180752
GNT_USD	2018-04-02	0.20751	0.19305	0.20777	0.19192	7640590
GNT_USD	2018-04-01	0.19305	0.20006	0.20578	0.18076	7710926
GNT_USD	2018-03-31	0.20006	0.19313	0.20983	0.18907	7556477
GNT_USD	2018-03-30	0.19313	0.21372	0.21748	0.18806	8242341
GNT_USD	2018-03-29	0.21372	0.25828	0.26453	0.21083	7482865
GNT_USD	2018-03-28	0.25828	0.23478	0.25973	0.23380	7695611
GNT_USD	2018-03-27	0.23478	0.25044	0.25582	0.22581	5806132
GNT_USD	2018-03-26	0.25063	0.25360	0.25475	0.22160	7034817
GNT_USD	2018-03-25	0.25360	0.23994	0.26109	0.23570	6917318
GNT_USD	2018-03-24	0.23994	0.25039	0.25760	0.23409	7584646
GNT_USD	2018-03-23	0.25117	0.24629	0.25117	0.23309	6490068
GNT_USD	2018-03-22	0.24629	0.25012	0.27820	0.23224	6531475
GNT_USD	2018-03-21	0.25031	0.25227	0.26538	0.23958	6663378
GNT_USD	2018-03-20	0.25227	0.25045	0.25321	0.22073	7667334
GNT_USD	2018-03-19	0.25045	0.21716	0.29671	0.20095	6923599
GNT_USD	2018-03-18	0.21745	0.21542	0.22183	0.18302	8389961
GNT_USD	2018-03-17	0.21542	0.24803	0.25121	0.21532	6817827
GNT_USD	2018-03-16	0.24807	0.24915	0.25739	0.24005	6992544
GNT_USD	2018-03-15	0.24858	0.24861	0.25311	0.22170	7349157
GNT_USD	2018-03-14	0.24899	0.30486	0.30784	0.24141	7393961
GNT_USD	2018-03-13	0.30486	0.30544	0.31762	0.29431	5117402
GNT_USD	2018-03-12	0.30543	0.31059	0.33348	0.28691	23353972
GNT_USD	2018-03-11	0.31024	0.29615	0.31876	0.28373	2884536
GNT_USD	2018-03-10	0.29615	0.30737	0.33632	0.29359	3316056
GNT_USD	2018-03-09	0.30718	0.31399	0.31761	0.26346	4132028
GNT_USD	2018-03-08	0.31399	0.36623	0.37484	0.30044	3573744
GNT_USD	2018-03-07	0.36567	0.42304	0.42500	0.35048	3092742
GNT_USD	2018-03-06	0.42304	0.49569	0.49685	0.41433	4705535
GNT_USD	2018-03-05	0.49569	0.44045	0.49692	0.43470	4294674
GNT_USD	2018-03-04	0.44045	0.42966	0.45091	0.41283	3834236
GNT_USD	2018-03-03	0.42966	0.43444	0.44953	0.41561	4894292
GNT_USD	2018-03-02	0.43444	0.45258	0.46350	0.40633	6890381
GNT_USD	2018-03-01	0.45258	0.36298	0.46220	0.35858	8436052
GNT_USD	2018-02-28	0.36298	0.36705	0.36931	0.34706	2891531
GNT_USD	2018-02-27	0.36707	0.36838	0.39571	0.35379	3715641
GNT_USD	2018-02-26	0.36743	0.32101	0.40612	0.32048	5158195
GNT_USD	2018-02-25	0.32101	0.31417	0.33053	0.30567	3129409
GNT_USD	2018-02-24	0.31417	0.33259	0.33777	0.30515	3463837
GNT_USD	2018-02-23	0.33259	0.32756	0.34981	0.31044	5636405
GNT_USD	2018-02-22	0.32756	0.33484	0.36135	0.32681	3887231
GNT_USD	2018-02-21	0.33539	0.36932	0.38515	0.33070	3312472
GNT_USD	2018-02-20	0.36932	0.43375	0.44594	0.36501	3190675
GNT_USD	2018-02-19	0.43375	0.44288	0.45272	0.42628	3101348
GNT_USD	2018-02-18	0.44288	0.47269	0.47638	0.41765	4220691
GNT_USD	2018-02-17	0.47269	0.46081	0.50010	0.45191	4308935
GNT_USD	2018-02-16	0.46100	0.43337	0.46211	0.42721	3588107
GNT_USD	2018-02-15	0.43337	0.41927	0.46990	0.41117	4345820
GNT_USD	2018-02-14	0.41937	0.35401	0.42354	0.35310	4302011
GNT_USD	2018-02-13	0.35401	0.37625	0.37909	0.34866	2788768
GNT_USD	2018-02-12	0.37625	0.32780	0.37969	0.32780	3135902
GNT_USD	2018-02-11	0.32799	0.33803	0.35053	0.30748	2893051
GNT_USD	2018-02-10	0.33803	0.36183	0.37654	0.32411	3359869
GNT_USD	2018-02-09	0.36183	0.32807	0.36264	0.30751	684498
GNT_USD	2018-02-08	0.32807	0.32863	0.36647	0.32208	617819
GNT_USD	2018-02-07	0.32863	0.30504	0.38004	0.28848	922551
GNT_USD	2018-02-06	0.30504	0.26954	0.30787	0.22198	1461209
GNT_USD	2018-02-05	0.26955	0.34184	0.34847	0.26907	870682
GNT_USD	2018-02-04	0.34184	0.42132	0.42672	0.33408	527937
GNT_USD	2018-02-03	0.42132	0.37292	0.43403	0.34179	539616
GNT_USD	2018-02-02	0.37292	0.43756	0.43917	0.30567	1822021
GNT_USD	2018-02-01	0.43755	0.47073	0.47894	0.39327	4968665
GNT_USD	2018-01-31	0.47075	0.46321	0.47516	0.42395	4439672
GNT_USD	2018-01-30	0.46321	0.55112	0.55112	0.46148	1757903
GNT_USD	2018-01-29	0.55726	0.60404	0.60812	0.53678	7144276
GNT_USD	2018-01-28	0.60403	0.58477	0.62100	0.58170	7243121
GNT_USD	2018-01-27	0.58477	0.54895	0.59550	0.54244	8242677
GNT_USD	2018-01-26	0.54895	0.57865	0.59343	0.51835	9272944
GNT_USD	2018-01-25	0.57865	0.61552	0.63773	0.55613	8054607
GNT_USD	2018-01-24	0.61552	0.58777	0.62318	0.56646	7579658
GNT_USD	2018-01-23	0.58777	0.56313	0.60248	0.54453	5679643
GNT_USD	2018-01-22	0.56313	0.61592	0.66565	0.54055	9234357
GNT_USD	2018-01-21	0.61884	0.75446	0.75446	0.60449	9649012
GNT_USD	2018-01-20	0.75446	0.68091	0.77391	0.67837	8375136
GNT_USD	2018-01-19	0.68091	0.61881	0.69182	0.59819	10192604
GNT_USD	2018-01-18	0.61881	0.63860	0.70424	0.61086	10847311
GNT_USD	2018-01-17	0.63860	0.64667	0.68490	0.50440	12281561
GNT_USD	2018-01-16	0.64667	0.97351	0.97351	0.52933	11830243
GNT_USD	2018-01-15	0.97351	0.87288	0.99875	0.86330	7732844
GNT_USD	2018-01-14	0.87288	0.91934	0.97122	0.84835	8856510
GNT_USD	2018-01-13	0.91934	0.85047	0.96109	0.83062	9221325
GNT_USD	2018-01-12	0.85047	0.80704	0.86545	0.78285	8971327
GNT_USD	2018-01-11	0.80704	0.93135	0.95014	0.76393	10441659
GNT_USD	2018-01-10	0.93135	1.05658	1.06324	0.86632	14398105
GNT_USD	2018-01-09	1.05658	1.07640	1.15258	1.01737	14171702
GNT_USD	2018-01-08	1.07478	1.06566	1.21208	0.92600	16112517
GNT_USD	2018-01-07	1.06566	0.99975	1.08611	0.99975	12719593
GNT_USD	2018-01-06	0.99975	0.95662	1.03788	0.86541	12756292
GNT_USD	2018-01-05	0.95662	1.03169	1.04235	0.88777	10626825
GNT_USD	2018-01-04	1.03169	0.94210	1.03788	0.86936	10003917
GNT_USD	2018-01-03	0.94210	0.97220	1.08611	0.94210	9628575
GNT_USD	2018-01-02	0.97220	0.91131	1.13261	0.89400	12055847
GNT_USD	2018-01-01	0.91131	0.82420	0.92163	0.78455	11790204
GNT_USD	2017-12-31	0.82420	0.70494	0.83866	0.68312	13670907
GNT_USD	2017-12-30	0.70494	0.82489	0.82489	0.65279	13797376
GNT_USD	2017-12-29	0.82489	0.80610	0.87763	0.78559	10946592
GNT_USD	2017-12-28	0.80610	0.87152	0.87152	0.68759	14616449
GNT_USD	2017-12-27	0.87152	0.75213	0.90884	0.70844	15715468
GNT_USD	2017-12-26	0.75213	0.69125	0.75521	0.62380	17389406
GNT_USD	2017-12-25	0.69125	0.61341	0.69689	0.59979	16088922
GNT_USD	2017-12-24	0.61341	0.61300	0.62481	0.51295	19704330
GNT_USD	2017-12-23	0.61300	0.56369	0.70424	0.53736	18152650
GNT_USD	2017-12-22	0.56369	0.48506	0.57909	0.38651	20024096
GNT_USD	2017-12-21	0.48506	0.51922	0.59610	0.36423	21984080
GNT_USD	2017-12-20	0.51922	0.53791	0.60525	0.43985	21438416
GNT_USD	2017-12-19	0.53791	0.55145	0.58112	0.49679	20367276
GNT_USD	2017-12-18	0.55145	0.46682	0.56708	0.44294	20645770
GNT_USD	2017-12-17	0.46682	0.39007	0.48175	0.39007	14087594
GNT_USD	2017-12-16	0.39007	0.39069	0.42579	0.38382	20481040
GNT_USD	2017-12-15	0.39069	0.41375	0.42037	0.35831	25896748
GNT_USD	2017-12-14	0.41375	0.34288	0.41552	0.34083	25529790
GNT_USD	2017-12-13	0.34288	0.32873	0.35260	0.32680	24596590
GNT_USD	2017-12-12	0.32873	0.31862	0.35137	0.31280	26001000
GNT_USD	2017-12-11	0.31862	0.28322	0.32537	0.28322	22045208
GNT_USD	2017-12-10	0.28322	0.30357	0.30447	0.26226	22540340
GNT_USD	2017-12-09	0.30357	0.31388	0.34528	0.29023	22491880
GNT_USD	2017-12-08	0.31388	0.27254	0.31456	0.25326	27975176
GNT_USD	2017-12-07	0.27254	0.33438	0.33981	0.24628	25395008
GNT_USD	2017-12-06	0.33438	0.35667	0.35798	0.32570	18363264
GNT_USD	2017-12-05	0.35667	0.35300	0.36441	0.34549	13216503
GNT_USD	2017-12-04	0.35300	0.31530	0.35330	0.31461	14361551
GNT_USD	2017-12-03	0.31530	0.31446	0.33226	0.30700	16476026
GNT_USD	2017-12-02	0.31446	0.30824	0.32911	0.30478	17601434
GNT_USD	2017-12-01	0.30824	0.29202	0.33572	0.28222	18460910
GNT_USD	2017-11-30	0.29202	0.26833	0.32880	0.25732	22357134
GNT_USD	2017-11-29	0.26833	0.34005	0.34914	0.26782	23821620
GNT_USD	2017-11-28	0.34005	0.32022	0.37424	0.31894	25914388
GNT_USD	2017-11-27	0.32022	0.26983	0.32085	0.26925	22475072
GNT_USD	2017-11-26	0.26983	0.25027	0.26988	0.24814	18910048
GNT_USD	2017-11-25	0.25027	0.24362	0.25327	0.24270	17401096
GNT_USD	2017-11-24	0.24362	0.23234	0.24438	0.22255	17002158
GNT_USD	2017-11-23	0.23234	0.23202	0.24517	0.23100	18743940
GNT_USD	2017-11-22	0.23202	0.21858	0.23265	0.21793	19051220
GNT_USD	2017-11-21	0.21858	0.21869	0.22783	0.21045	19935270
GNT_USD	2017-11-20	0.21869	0.21915	0.22310	0.21245	19937630
GNT_USD	2017-11-19	0.21915	0.21067	0.22166	0.20971	21090664
GNT_USD	2017-11-18	0.21156	0.20760	0.21206	0.20076	17848820
GNT_USD	2017-11-17	0.20760	0.21079	0.21423	0.20536	19880276
GNT_USD	2017-11-16	0.21079	0.21266	0.21451	0.20608	14878100
GNT_USD	2017-11-15	0.21266	0.21116	0.21536	0.20788	13381559
GNT_USD	2017-11-14	0.21148	0.20553	0.21148	0.20181	14767493
GNT_USD	2017-11-13	0.20553	0.19645	0.20804	0.19564	9306195
GNT_USD	2017-11-12	0.19645	0.19876	0.20139	0.18300	12352563
GNT_USD	2017-11-11	0.19876	0.19420	0.20732	0.19083	13689674
GNT_USD	2017-11-10	0.19420	0.21305	0.23534	0.19120	14411572
GNT_USD	2017-11-09	0.21305	0.20291	0.21899	0.20291	16172195
GNT_USD	2017-11-08	0.20291	0.19193	0.20373	0.19083	12656104
GNT_USD	2017-11-07	0.19193	0.19025	0.19699	0.18930	8452237
GNT_USD	2017-11-06	0.19025	0.18927	0.19400	0.18513	15642868
GNT_USD	2017-11-05	0.18927	0.19594	0.19676	0.18779	15526853
GNT_USD	2017-11-04	0.19594	0.20322	0.20444	0.19555	15488230
GNT_USD	2017-11-03	0.20322	0.22489	0.22489	0.18000	16728928
GNT_USD	2017-11-02	0.22489	0.22806	0.23452	0.18753	18781764
GNT_USD	2017-11-01	0.22806	0.19742	0.26109	0.19742	21433988
GNT_USD	2017-10-31	0.19673	0.19196	0.19673	0.18477	14617393
GNT_USD	2017-10-30	0.19196	0.19083	0.19400	0.18785	13543312
GNT_USD	2017-10-29	0.19083	0.19665	0.20188	0.19083	15661490
GNT_USD	2017-10-28	0.19665	0.20546	0.20660	0.19413	12658137
GNT_USD	2017-10-27	0.20546	0.19487	0.21245	0.19450	17552466
GNT_USD	2017-10-26	0.19487	0.20125	0.20231	0.19438	12762354
GNT_USD	2017-10-25	0.20125	0.19921	0.20302	0.19352	14042219
GNT_USD	2017-10-24	0.19921	0.19669	0.22001	0.19319	13431617
GNT_USD	2017-10-23	0.19669	0.20094	0.20231	0.18874	14646360
GNT_USD	2017-10-22	0.20094	0.20551	0.20739	0.19884	12563829
GNT_USD	2017-10-21	0.20551	0.21948	0.22067	0.19831	14593253
GNT_USD	2017-10-20	0.21948	0.25122	0.29986	0.21793	17017040
GNT_USD	2017-10-19	0.25122	0.21571	0.25197	0.21566	14362313
GNT_USD	2017-10-18	0.21571	0.22031	0.22155	0.20417	11408146
GNT_USD	2017-10-17	0.22031	0.21260	0.22388	0.20441	11930177
GNT_USD	2017-10-16	0.21260	0.20421	0.21962	0.20034	13851790
GNT_USD	2017-10-15	0.20421	0.21044	0.21044	0.19574	11118509
GNT_USD	2017-10-14	0.21044	0.21131	0.21689	0.20892	9850731
GNT_USD	2017-10-13	0.21131	0.21149	0.21917	0.20269	8505489
GNT_USD	2017-10-12	0.21149	0.23349	0.23419	0.20602	8982980
GNT_USD	2017-10-11	0.23349	0.22019	0.24079	0.21334	6822767
GNT_USD	2017-10-10	0.22019	0.19487	0.22930	0.18423	9534377
GNT_USD	2017-10-09	0.19560	0.19815	0.20367	0.17915	8190623
GNT_USD	2017-10-08	0.19815	0.21994	0.22449	0.19797	11096874
GNT_USD	2017-10-07	0.21994	0.23375	0.23375	0.21813	10352796
GNT_USD	2017-10-06	0.23375	0.23036	0.23586	0.22957	7393112
GNT_USD	2017-10-05	0.23036	0.24205	0.24254	0.22878	9314907
GNT_USD	2017-10-04	0.24205	0.24199	0.25029	0.24025	7593633
GNT_USD	2017-10-03	0.24199	0.25385	0.25508	0.23527	10369458
GNT_USD	2017-10-02	0.25385	0.26087	0.26192	0.24967	9531182
GNT_USD	2017-10-01	0.26087	0.26638	0.26689	0.25764	8271028
GNT_USD	2017-09-30	0.26638	0.26496	0.26840	0.26218	8712218
GNT_USD	2017-09-29	0.26496	0.27234	0.27314	0.25054	11480746
GNT_USD	2017-09-28	0.27234	0.27645	0.28285	0.27059	8352594
GNT_USD	2017-09-27	0.27645	0.26067	0.27892	0.25780	4499821
GNT_USD	2017-09-26	0.26067	0.25867	0.26192	0.25407	5431751
GNT_USD	2017-09-25	0.25867	0.24700	0.26010	0.24364	7986835
GNT_USD	2017-09-24	0.24700	0.25844	0.25961	0.24131	5969753
GNT_USD	2017-09-23	0.25844	0.23868	0.25871	0.23868	6811550
GNT_USD	2017-09-22	0.23868	0.24216	0.25601	0.23405	7328135
GNT_USD	2017-09-21	0.24216	0.27392	0.27392	0.23683	7358119
GNT_USD	2017-09-20	0.27392	0.26299	0.28830	0.25896	6870937
GNT_USD	2017-09-19	0.26299	0.27938	0.28430	0.26126	7470576
GNT_USD	2017-09-18	0.27938	0.24650	0.27938	0.24650	8238648
GNT_USD	2017-09-17	0.24650	0.24014	0.24895	0.23158	9886704
GNT_USD	2017-09-16	0.24014	0.24367	0.26131	0.23355	7162462
GNT_USD	2017-09-15	0.24367	0.20867	0.25246	0.17598	9922061
GNT_USD	2017-09-14	0.20867	0.27393	0.27393	0.20867	6635930
GNT_USD	2017-09-13	0.27393	0.28931	0.28931	0.25398	6041772
GNT_USD	2017-09-12	0.28931	0.29840	0.31220	0.28795	8250083
GNT_USD	2017-09-11	0.29840	0.31984	0.32241	0.29207	4164699
GNT_USD	2017-09-10	0.31984	0.34316	0.34316	0.28902	6000644
GNT_USD	2017-09-09	0.34316	0.35644	0.36055	0.33579	3350853
GNT_USD	2017-09-08	0.35644	0.40300	0.43024	0.33703	7205949
GNT_USD	2017-09-07	0.40300	0.44675	0.51507	0.40139	12182534
GNT_USD	2017-09-06	0.44675	0.34782	0.44675	0.34604	10246365
GNT_USD	2017-09-05	0.34782	0.29941	0.36181	0.26972	7661042
GNT_USD	2017-09-04	0.29941	0.35804	0.36952	0.25045	11346473
GNT_USD	2017-09-03	0.35804	0.32113	0.36055	0.30886	9114277
GNT_USD	2017-09-02	0.32113	0.36814	0.40461	0.31269	8173961
GNT_USD	2017-09-01	0.36814	0.33043	0.36947	0.32819	6651539
