GOLOS_USD	2019-04-09	0.005393	0.005400	0.005574	0.005344	0
GOLOS_USD	2019-04-08	0.005400	0.005639	0.006074	0.005188	0
GOLOS_USD	2019-04-07	0.005639	0.005563	0.006122	0.005294	0
GOLOS_USD	2019-04-06	0.005563	0.013244	0.013244	0.004528	0
GOLOS_USD	2019-04-05	0.013244	0.012066	0.014022	0.012066	0
GOLOS_USD	2019-04-04	0.012066	0.012098	0.012626	0.011771	0
GOLOS_USD	2019-04-03	0.012098	0.011934	0.013353	0.011787	0
GOLOS_USD	2019-04-02	0.011934	0.010476	0.012692	0.010453	0
GOLOS_USD	2019-04-01	0.010476	0.010336	0.010629	0.010237	0
GOLOS_USD	2019-03-31	0.010336	0.011016	0.011079	0.010325	0
GOLOS_USD	2019-03-30	0.011016	0.009695	0.011894	0.009469	0
GOLOS_USD	2019-03-29	0.009695	0.009290	0.009814	0.009274	0
GOLOS_USD	2019-03-28	0.009290	0.009395	0.009398	0.009264	0
GOLOS_USD	2019-03-27	0.009395	0.009041	0.009448	0.009014	0
GOLOS_USD	2019-03-26	0.009041	0.008972	0.009048	0.008870	0
GOLOS_USD	2019-03-25	0.008972	0.009174	0.009375	0.008904	0
GOLOS_USD	2019-03-24	0.009174	0.009244	0.009383	0.009062	0
GOLOS_USD	2019-03-23	0.009244	0.008988	0.009338	0.008969	0
GOLOS_USD	2019-03-22	0.008988	0.009000	0.009013	0.008797	0
GOLOS_USD	2019-03-21	0.009000	0.009286	0.009349	0.008867	0
GOLOS_USD	2019-03-20	0.009286	0.009242	0.009368	0.009160	0
GOLOS_USD	2019-03-19	0.009242	0.009145	0.009265	0.009117	0
GOLOS_USD	2019-03-18	0.009145	0.009155	0.009308	0.009038	0
GOLOS_USD	2019-03-17	0.009155	0.009509	0.009509	0.009114	0
GOLOS_USD	2019-03-16	0.009509	0.009387	0.009738	0.009387	0
GOLOS_USD	2019-03-15	0.009387	0.009223	0.009538	0.009099	0
GOLOS_USD	2019-03-14	0.009223	0.009120	0.009243	0.008981	0
GOLOS_USD	2019-03-13	0.009120	0.008956	0.009372	0.008910	0
GOLOS_USD	2019-03-12	0.008956	0.008812	0.008978	0.008686	0
GOLOS_USD	2019-03-11	0.008812	0.008979	0.009017	0.008666	0
GOLOS_USD	2019-03-10	0.008979	0.009095	0.009099	0.008910	0
GOLOS_USD	2019-03-09	0.009095	0.008886	0.009121	0.008871	0
GOLOS_USD	2019-03-08	0.008886	0.008802	0.008892	0.008566	0
GOLOS_USD	2019-03-07	0.008802	0.008792	0.008967	0.008659	0
GOLOS_USD	2019-03-06	0.008792	0.008473	0.008972	0.008389	0
GOLOS_USD	2019-03-05	0.008473	0.008170	0.008618	0.008109	0
GOLOS_USD	2019-03-04	0.008170	0.008643	0.008694	0.007968	0
GOLOS_USD	2019-03-03	0.008643	0.008628	0.008775	0.008558	0
GOLOS_USD	2019-03-02	0.008628	0.008676	0.008733	0.008503	0
GOLOS_USD	2019-03-01	0.008676	0.008940	0.009018	0.008626	0
GOLOS_USD	2019-02-28	0.008940	0.008933	0.009150	0.008864	0
GOLOS_USD	2019-02-27	0.008933	0.008888	0.009001	0.008659	0
GOLOS_USD	2019-02-26	0.008888	0.008966	0.009083	0.008761	0
GOLOS_USD	2019-02-25	0.008966	0.008892	0.009071	0.008797	0
GOLOS_USD	2019-02-24	0.008892	0.009793	0.009956	0.008846	0
GOLOS_USD	2019-02-23	0.009793	0.009634	0.010025	0.009523	0
GOLOS_USD	2019-02-22	0.009634	0.009463	0.009697	0.009330	0
GOLOS_USD	2019-02-21	0.009463	0.009360	0.009545	0.009153	0
GOLOS_USD	2019-02-20	0.009360	0.008801	0.009496	0.008750	0
GOLOS_USD	2019-02-19	0.008801	0.008813	0.009200	0.008705	0
GOLOS_USD	2019-02-18	0.008813	0.008461	0.008931	0.008428	0
GOLOS_USD	2019-02-17	0.008461	0.008603	0.008853	0.008296	0
GOLOS_USD	2019-02-16	0.008603	0.008464	0.008775	0.008464	0
GOLOS_USD	2019-02-15	0.008464	0.008613	0.008629	0.008401	0
GOLOS_USD	2019-02-14	0.008613	0.008824	0.008859	0.008402	0
GOLOS_USD	2019-02-13	0.008824	0.009032	0.009133	0.008732	0
GOLOS_USD	2019-02-12	0.009032	0.008982	0.009105	0.008895	0
GOLOS_USD	2019-02-11	0.008982	0.009218	0.009219	0.008956	0
GOLOS_USD	2019-02-10	0.009218	0.009259	0.009277	0.009078	0
GOLOS_USD	2019-02-09	0.009259	0.009273	0.009309	0.009198	0
GOLOS_USD	2019-02-08	0.009273	0.008539	0.009446	0.008502	0
GOLOS_USD	2019-02-07	0.008539	0.008440	0.008618	0.008356	0
GOLOS_USD	2019-02-06	0.008440	0.008692	0.008714	0.008308	0
GOLOS_USD	2019-02-05	0.008692	0.008587	0.008782	0.008429	0
GOLOS_USD	2019-02-04	0.008587	0.008702	0.008761	0.008458	0
GOLOS_USD	2019-02-03	0.008702	0.008933	0.009290	0.008540	0
GOLOS_USD	2019-02-02	0.008933	0.008384	0.008966	0.008266	0
GOLOS_USD	2019-02-01	0.008384	0.008407	0.008600	0.008176	0
GOLOS_USD	2019-01-31	0.008407	0.008697	0.008793	0.008299	0
GOLOS_USD	2019-01-30	0.008701	0.008382	0.008714	0.008243	0
GOLOS_USD	2019-01-29	0.008382	0.008333	0.008384	0.008164	0
GOLOS_USD	2019-01-28	0.008333	0.008867	0.008869	0.008226	0
GOLOS_USD	2019-01-27	0.008867	0.008955	0.008978	0.008717	0
GOLOS_USD	2019-01-26	0.008955	0.008909	0.009144	0.008874	0
GOLOS_USD	2019-01-25	0.008909	0.009149	0.009310	0.008757	0
GOLOS_USD	2019-01-24	0.009149	0.008832	0.009226	0.008636	0
GOLOS_USD	2019-01-23	0.008832	0.008497	0.010563	0.008423	0
GOLOS_USD	2019-01-22	0.008497	0.008917	0.009021	0.008247	0
GOLOS_USD	2019-01-21	0.008917	0.008929	0.009069	0.008847	0
GOLOS_USD	2019-01-20	0.008929	0.009520	0.009623	0.008853	0
GOLOS_USD	2019-01-19	0.009525	0.009281	0.009671	0.009240	0
GOLOS_USD	2019-01-18	0.009281	0.009487	0.009496	0.009145	0
GOLOS_USD	2019-01-17	0.009487	0.009344	0.009746	0.009255	0
GOLOS_USD	2019-01-16	0.009344	0.009232	0.009520	0.009198	0
GOLOS_USD	2019-01-15	0.009232	0.009335	0.009585	0.009157	0
GOLOS_USD	2019-01-14	0.009335	0.009033	0.009471	0.008811	0
GOLOS_USD	2019-01-13	0.009033	0.009145	0.009418	0.008950	0
GOLOS_USD	2019-01-12	0.009145	0.009324	0.009357	0.009053	0
GOLOS_USD	2019-01-11	0.009324	0.009579	0.009856	0.009203	0
GOLOS_USD	2019-01-10	0.009579	0.011045	0.011762	0.009577	0
GOLOS_USD	2019-01-09	0.011045	0.010392	0.011753	0.010365	0
GOLOS_USD	2019-01-08	0.010392	0.009442	0.011207	0.009315	0
GOLOS_USD	2019-01-07	0.009442	0.009449	0.009570	0.009296	0
GOLOS_USD	2019-01-06	0.009449	0.009036	0.018032	0.008904	0
GOLOS_USD	2019-01-05	0.009036	0.009161	0.009281	0.009020	0
GOLOS_USD	2019-01-04	0.009161	0.009292	0.009355	0.008934	0
GOLOS_USD	2019-01-03	0.009292	0.009761	0.009773	0.009211	0
GOLOS_USD	2019-01-02	0.009761	0.009638	0.009871	0.009463	0
GOLOS_USD	2019-01-01	0.009638	0.009346	0.009694	0.009283	0
GOLOS_USD	2018-12-31	0.009346	0.010111	0.010137	0.009274	0
GOLOS_USD	2018-12-30	0.010111	0.009862	0.010140	0.009667	0
GOLOS_USD	2018-12-29	0.009862	0.010193	0.010495	0.009825	0
GOLOS_USD	2018-12-28	0.010193	0.009340	0.010252	0.009205	0
GOLOS_USD	2018-12-27	0.009340	0.010001	0.010083	0.009250	0
GOLOS_USD	2018-12-26	0.010001	0.009998	0.010214	0.009721	0
GOLOS_USD	2018-12-25	0.009998	0.010446	0.010463	0.009647	0
GOLOS_USD	2018-12-24	0.010446	0.010381	0.011458	0.010381	0
GOLOS_USD	2018-12-23	0.010381	0.010933	0.011212	0.010316	0
GOLOS_USD	2018-12-22	0.010933	0.009890	0.011536	0.009643	0
GOLOS_USD	2018-12-21	0.009890	0.010557	0.010657	0.009674	0
GOLOS_USD	2018-12-20	0.010557	0.008858	0.011036	0.008793	0
GOLOS_USD	2018-12-19	0.008858	0.008844	0.009452	0.008746	0
GOLOS_USD	2018-12-18	0.008844	0.008556	0.008887	0.008346	0
GOLOS_USD	2018-12-17	0.008556	0.008101	0.008797	0.007959	0
GOLOS_USD	2018-12-16	0.008101	0.008316	0.008514	0.008032	0
GOLOS_USD	2018-12-15	0.008316	0.008564	0.008688	0.008221	0
GOLOS_USD	2018-12-14	0.008564	0.008764	0.008856	0.008260	0
GOLOS_USD	2018-12-13	0.008764	0.009214	0.009230	0.008706	0
GOLOS_USD	2018-12-12	0.009214	0.008983	0.009464	0.008954	0
GOLOS_USD	2018-12-11	0.009027	0.008847	0.009120	0.008744	0
GOLOS_USD	2018-12-10	0.008847	0.010372	0.010482	0.008337	0
GOLOS_USD	2018-12-09	0.010372	0.007433	0.010680	0.007432	0
GOLOS_USD	2018-12-08	0.007433	0.006692	0.007588	0.006654	0
GOLOS_USD	2018-12-07	0.006692	0.006762	0.006966	0.006226	0
GOLOS_USD	2018-12-06	0.006762	0.007176	0.007488	0.006715	0
GOLOS_USD	2018-12-05	0.007176	0.007526	0.007548	0.007115	0
GOLOS_USD	2018-12-04	0.007526	0.007318	0.008001	0.007105	0
GOLOS_USD	2018-12-03	0.007318	0.007945	0.007981	0.007277	0
GOLOS_USD	2018-12-02	0.007945	0.008168	0.008380	0.007843	0
GOLOS_USD	2018-12-01	0.008168	0.007531	0.008419	0.007237	0
GOLOS_USD	2018-11-30	0.007531	0.007998	0.008126	0.007185	0
GOLOS_USD	2018-11-29	0.007998	0.007988	0.008356	0.007759	0
GOLOS_USD	2018-11-28	0.007988	0.007089	0.008211	0.007080	0
GOLOS_USD	2018-11-27	0.007089	0.007231	0.007285	0.006788	0
GOLOS_USD	2018-11-26	0.007231	0.007594	0.007762	0.006890	0
GOLOS_USD	2018-11-25	0.007594	0.007213	0.007770	0.006739	0
GOLOS_USD	2018-11-24	0.007213	0.008204	0.008366	0.007036	0
GOLOS_USD	2018-11-23	0.008204	0.008235	0.008425	0.007935	0
GOLOS_USD	2018-11-22	0.008235	0.008665	0.008773	0.008201	0
GOLOS_USD	2018-11-21	0.008665	0.008397	0.008733	0.007907	0
GOLOS_USD	2018-11-20	0.008397	0.008987	0.009310	0.007794	0
GOLOS_USD	2018-11-19	0.008987	0.011121	0.011215	0.008805	0
GOLOS_USD	2018-11-18	0.011121	0.011422	0.011569	0.010248	0
GOLOS_USD	2018-11-17	0.011422	0.011378	0.011433	0.011231	0
GOLOS_USD	2018-11-16	0.011378	0.011819	0.011830	0.011165	0
GOLOS_USD	2018-11-15	0.011819	0.011681	0.011897	0.010774	0
GOLOS_USD	2018-11-14	0.011681	0.013091	0.013132	0.011154	0
GOLOS_USD	2018-11-13	0.013091	0.013023	0.013166	0.012935	0
GOLOS_USD	2018-11-12	0.013023	0.013243	0.013456	0.012966	0
GOLOS_USD	2018-11-11	0.013243	0.012959	0.013309	0.012824	0
GOLOS_USD	2018-11-10	0.012959	0.012744	0.013295	0.012594	0
GOLOS_USD	2018-11-09	0.012744	0.013089	0.013428	0.012691	0
GOLOS_USD	2018-11-08	0.013089	0.013671	0.013697	0.013072	0
GOLOS_USD	2018-11-07	0.013671	0.013259	0.013671	0.012989	0
GOLOS_USD	2018-11-06	0.013259	0.013523	0.013555	0.013039	0
GOLOS_USD	2018-11-05	0.013523	0.013813	0.014036	0.013472	0
GOLOS_USD	2018-11-04	0.013813	0.013351	0.014028	0.013189	0
GOLOS_USD	2018-11-03	0.013351	0.013175	0.013458	0.012907	0
GOLOS_USD	2018-11-02	0.013175	0.013311	0.013528	0.012900	0
GOLOS_USD	2018-11-01	0.013311	0.013469	0.013898	0.013103	0
GOLOS_USD	2018-10-31	0.013469	0.013072	0.013711	0.013072	0
GOLOS_USD	2018-10-30	0.013072	0.013735	0.014238	0.012634	0
GOLOS_USD	2018-10-29	0.013735	0.014181	0.015245	0.013527	0
GOLOS_USD	2018-10-28	0.014181	0.014170	0.014778	0.013988	0
GOLOS_USD	2018-10-27	0.014170	0.014369	0.014517	0.013871	0
GOLOS_USD	2018-10-26	0.014369	0.013742	0.014688	0.013742	0
GOLOS_USD	2018-10-25	0.013742	0.013993	0.014195	0.013503	0
GOLOS_USD	2018-10-24	0.013993	0.014083	0.014653	0.012588	0
GOLOS_USD	2018-10-23	0.014083	0.013726	0.014312	0.013021	0
GOLOS_USD	2018-10-22	0.013726	0.014955	0.014982	0.013251	0
GOLOS_USD	2018-10-21	0.014955	0.014916	0.015165	0.014144	0
GOLOS_USD	2018-10-20	0.014916	0.014001	0.015093	0.013929	0
GOLOS_USD	2018-10-19	0.014001	0.014913	0.015381	0.013434	0
GOLOS_USD	2018-10-18	0.014913	0.015389	0.015420	0.014734	0
GOLOS_USD	2018-10-17	0.015389	0.015476	0.015518	0.015034	0
GOLOS_USD	2018-10-16	0.015476	0.015877	0.016414	0.014629	0
GOLOS_USD	2018-10-15	0.015877	0.015991	0.019057	0.015632	0
GOLOS_USD	2018-10-14	0.015991	0.016069	0.016376	0.015966	0
GOLOS_USD	2018-10-13	0.016069	0.017002	0.017002	0.015948	0
GOLOS_USD	2018-10-12	0.017002	0.015075	0.018729	0.014189	0
GOLOS_USD	2018-10-11	0.015075	0.017404	0.017404	0.014275	0
GOLOS_USD	2018-10-10	0.017404	0.017690	0.017690	0.017075	0
GOLOS_USD	2018-10-09	0.017690	0.018018	0.018192	0.017288	0
GOLOS_USD	2018-10-08	0.018018	0.017724	0.018205	0.017617	0
GOLOS_USD	2018-10-07	0.017724	0.017633	0.017812	0.017423	0
GOLOS_USD	2018-10-06	0.017633	0.017675	0.017987	0.017497	0
GOLOS_USD	2018-10-05	0.017675	0.017404	0.017894	0.017287	0
GOLOS_USD	2018-10-04	0.017404	0.017331	0.017697	0.017276	0
GOLOS_USD	2018-10-03	0.017331	0.017065	0.017643	0.016472	0
GOLOS_USD	2018-10-02	0.017065	0.017987	0.018425	0.016905	0
GOLOS_USD	2018-10-01	0.017987	0.017739	0.019023	0.017313	0
GOLOS_USD	2018-09-30	0.017739	0.017601	0.018274	0.017215	0
GOLOS_USD	2018-09-29	0.017601	0.017881	0.017881	0.017028	0
GOLOS_USD	2018-09-28	0.017881	0.017759	0.018737	0.017693	0
GOLOS_USD	2018-09-27	0.017759	0.017125	0.017960	0.016849	0
GOLOS_USD	2018-09-26	0.017125	0.016956	0.017983	0.016737	0
GOLOS_USD	2018-09-25	0.016956	0.017483	0.017723	0.016625	0
GOLOS_USD	2018-09-24	0.017483	0.018556	0.018835	0.017273	0
GOLOS_USD	2018-09-23	0.018556	0.018559	0.019096	0.017813	0
GOLOS_USD	2018-09-22	0.018559	0.019200	0.019344	0.017989	0
GOLOS_USD	2018-09-21	0.019200	0.019339	0.020193	0.018154	0
GOLOS_USD	2018-09-20	0.019339	0.022179	0.022435	0.017702	0
GOLOS_USD	2018-09-19	0.022179	0.020519	0.024554	0.019121	0
GOLOS_USD	2018-09-18	0.020519	0.020735	0.021093	0.019800	0
GOLOS_USD	2018-09-17	0.020735	0.022322	0.022608	0.019596	0
GOLOS_USD	2018-09-16	0.022322	0.022201	0.025521	0.021982	0
GOLOS_USD	2018-09-15	0.022201	0.017256	0.028900	0.016939	0
GOLOS_USD	2018-09-14	0.017256	0.017905	0.018613	0.016356	0
GOLOS_USD	2018-09-13	0.017905	0.017489	0.018330	0.016694	0
GOLOS_USD	2018-09-12	0.017489	0.017360	0.018334	0.015424	0
GOLOS_USD	2018-09-11	0.017360	0.018798	0.019478	0.017254	0
GOLOS_USD	2018-09-10	0.018798	0.016878	0.021371	0.016180	0
GOLOS_USD	2018-09-09	0.016878	0.017689	0.018095	0.016374	0
GOLOS_USD	2018-09-08	0.017689	0.021966	0.022414	0.015811	0
GOLOS_USD	2018-09-07	0.021966	0.022636	0.023323	0.021293	0
GOLOS_USD	2018-09-06	0.022636	0.024872	0.025000	0.022047	0
GOLOS_USD	2018-09-05	0.024872	0.028663	0.029200	0.024865	0
GOLOS_USD	2018-09-04	0.028663	0.028753	0.029574	0.028368	0
GOLOS_USD	2018-09-03	0.028753	0.029344	0.030060	0.027968	0
GOLOS_USD	2018-09-02	0.029344	0.028394	0.030401	0.027557	0
GOLOS_USD	2018-09-01	0.028394	0.029371	0.029443	0.026813	0
GOLOS_USD	2018-08-31	0.029371	0.027732	0.029706	0.026027	0
GOLOS_USD	2018-08-30	0.027732	0.029032	0.029193	0.026821	0
GOLOS_USD	2018-08-29	0.029032	0.029906	0.029934	0.028769	0
GOLOS_USD	2018-08-28	0.029906	0.028510	0.031019	0.028510	0
GOLOS_USD	2018-08-27	0.028510	0.028679	0.028959	0.027700	0
GOLOS_USD	2018-08-26	0.028679	0.029585	0.029711	0.028065	0
GOLOS_USD	2018-08-25	0.029585	0.027948	0.030103	0.027944	0
GOLOS_USD	2018-08-24	0.027948	0.032701	0.035813	0.027417	0
GOLOS_USD	2018-08-23	0.032701	0.025547	0.032936	0.025374	0
GOLOS_USD	2018-08-22	0.025547	0.030257	0.032752	0.024322	0
GOLOS_USD	2018-08-21	0.030257	0.029242	0.030346	0.029219	0
GOLOS_USD	2018-08-20	0.029242	0.031583	0.031704	0.029126	0
GOLOS_USD	2018-08-19	0.031583	0.032561	0.032563	0.030157	0
GOLOS_USD	2018-08-18	0.032561	0.032779	0.034287	0.031209	0
GOLOS_USD	2018-08-17	0.032779	0.033610	0.034214	0.030545	0
GOLOS_USD	2018-08-16	0.033610	0.031163	0.035597	0.027935	0
GOLOS_USD	2018-08-15	0.031163	0.028672	0.032071	0.028341	0
GOLOS_USD	2018-08-14	0.028672	0.032510	0.032510	0.025653	0
GOLOS_USD	2018-08-13	0.032510	0.036716	0.038009	0.032275	0
GOLOS_USD	2018-08-12	0.036716	0.036408	0.037385	0.035940	0
GOLOS_USD	2018-08-11	0.036408	0.036341	0.038294	0.035459	0
GOLOS_USD	2018-08-10	0.036341	0.040643	0.040829	0.035596	0
GOLOS_USD	2018-08-09	0.040643	0.040681	0.041617	0.039310	0
GOLOS_USD	2018-08-08	0.040681	0.046589	0.046589	0.039741	0
GOLOS_USD	2018-08-07	0.046589	0.050959	0.051915	0.045870	0
GOLOS_USD	2018-08-06	0.050959	0.054608	0.054608	0.050321	0
GOLOS_USD	2018-08-05	0.054608	0.053911	0.055312	0.052278	0
GOLOS_USD	2018-08-04	0.053911	0.057884	0.059082	0.053575	0
GOLOS_USD	2018-08-03	0.057884	0.064426	0.064426	0.057301	0
GOLOS_USD	2018-08-02	0.064426	0.058481	0.072951	0.053178	0
GOLOS_USD	2018-08-01	0.058481	0.055338	0.063278	0.049131	0
GOLOS_USD	2018-07-31	0.055338	0.054461	0.059919	0.048333	0
GOLOS_USD	2018-07-30	0.054461	0.054142	0.058875	0.047613	0
GOLOS_USD	2018-07-29	0.054142	0.048691	0.056204	0.046706	0
GOLOS_USD	2018-07-28	0.048691	0.048155	0.049681	0.048114	0
GOLOS_USD	2018-07-27	0.048155	0.052237	0.052319	0.047454	0
GOLOS_USD	2018-07-26	0.052237	0.048862	0.054669	0.047289	0
GOLOS_USD	2018-07-25	0.048862	0.050898	0.051370	0.048076	0
GOLOS_USD	2018-07-24	0.050898	0.046783	0.051191	0.046467	0
GOLOS_USD	2018-07-23	0.046783	0.046111	0.048868	0.045214	0
GOLOS_USD	2018-07-22	0.046111	0.046567	0.048156	0.045519	0
GOLOS_USD	2018-07-21	0.046567	0.044984	0.051861	0.042315	0
GOLOS_USD	2018-07-20	0.044984	0.046074	0.046280	0.042957	0
GOLOS_USD	2018-07-19	0.046074	0.042098	0.046573	0.039551	0
GOLOS_USD	2018-07-18	0.042098	0.042346	0.044797	0.040890	0
GOLOS_USD	2018-07-17	0.042346	0.040351	0.045673	0.038961	0
GOLOS_USD	2018-07-16	0.040351	0.038397	0.041175	0.038245	0
GOLOS_USD	2018-07-15	0.038397	0.038344	0.038892	0.037841	0
GOLOS_USD	2018-07-14	0.038344	0.034988	0.038507	0.034527	0
GOLOS_USD	2018-07-13	0.034988	0.034833	0.036423	0.032820	0
GOLOS_USD	2018-07-12	0.034833	0.034376	0.036837	0.030932	0
GOLOS_USD	2018-07-11	0.034376	0.034277	0.035011	0.033720	0
GOLOS_USD	2018-07-10	0.034277	0.038195	0.038477	0.033883	0
GOLOS_USD	2018-07-09	0.038195	0.037397	0.039008	0.035552	0
GOLOS_USD	2018-07-08	0.037397	0.038035	0.038267	0.037300	0
GOLOS_USD	2018-07-07	0.038035	0.037991	0.039793	0.036246	0
GOLOS_USD	2018-07-06	0.037991	0.037378	0.038151	0.036829	0
GOLOS_USD	2018-07-05	0.037378	0.039507	0.040151	0.036907	0
GOLOS_USD	2018-07-04	0.039507	0.037732	0.040158	0.037027	0
GOLOS_USD	2018-07-03	0.037732	0.039308	0.040507	0.000510	0
GOLOS_USD	2018-07-02	0.039308	0.035936	0.041861	0.000000	0
GOLOS_USD	2018-07-01	0.035749	0.035729	0.036873	0.034935	0
GOLOS_USD	2018-06-30	0.035697	0.032876	0.036508	0.032814	0
GOLOS_USD	2018-06-29	0.032841	0.031382	0.033109	0.030177	0
GOLOS_USD	2018-06-28	0.031491	0.033854	0.036910	0.031349	0
GOLOS_USD	2018-06-27	0.033824	0.036640	0.037145	0.033643	0
GOLOS_USD	2018-06-26	0.036756	0.037566	0.038689	0.036559	0
GOLOS_USD	2018-06-25	0.037604	0.037952	0.039062	0.037131	0
GOLOS_USD	2018-06-24	0.037964	0.037976	0.039018	0.031203	0
GOLOS_USD	2018-06-23	0.037927	0.037916	0.039541	0.036955	0
GOLOS_USD	2018-06-22	0.037917	0.045016	0.045276	0.036568	0
GOLOS_USD	2018-06-21	0.045047	0.045393	0.047260	0.043275	0
GOLOS_USD	2018-06-20	0.045396	0.043660	0.046216	0.040178	0
GOLOS_USD	2018-06-19	0.043709	0.040772	0.044386	0.040581	0
GOLOS_USD	2018-06-18	0.040758	0.039979	0.041782	0.038809	0
GOLOS_USD	2018-06-17	0.039947	0.039409	0.041750	0.038558	0
GOLOS_USD	2018-06-16	0.039402	0.039842	0.040696	0.038012	0
GOLOS_USD	2018-06-15	0.039823	0.042973	0.044239	0.039299	0
GOLOS_USD	2018-06-14	0.042857	0.037770	0.043511	0.037697	0
GOLOS_USD	2018-06-13	0.037748	0.045709	0.046409	0.037004	0
GOLOS_USD	2018-06-12	0.045666	0.047886	0.048932	0.044959	0
GOLOS_USD	2018-06-11	0.047909	0.049602	0.051601	0.045652	0
GOLOS_USD	2018-06-10	0.049680	0.057551	0.057551	0.048442	0
GOLOS_USD	2018-06-09	0.057536	0.058714	0.060519	0.057343	0
GOLOS_USD	2018-06-08	0.058713	0.061448	0.061534	0.058546	0
GOLOS_USD	2018-06-07	0.061473	0.061882	0.064078	0.060204	0
GOLOS_USD	2018-06-06	0.061879	0.061559	0.062362	0.059013	0
GOLOS_USD	2018-06-05	0.061507	0.059650	0.062358	0.057939	0
GOLOS_USD	2018-06-04	0.059694	0.061606	0.063072	0.059061	0
GOLOS_USD	2018-06-03	0.061551	0.060066	0.062615	0.059813	0
GOLOS_USD	2018-06-02	0.060111	0.061647	0.062007	0.059645	0
GOLOS_USD	2018-06-01	0.061597	0.062207	0.062867	0.060107	0
GOLOS_USD	2018-05-31	0.062213	0.061851	0.063571	0.060838	0
GOLOS_USD	2018-05-30	0.061878	0.066254	0.068063	0.060421	0
GOLOS_USD	2018-05-29	0.066176	0.059639	0.067817	0.057339	0
GOLOS_USD	2018-05-28	0.059602	0.058852	0.072845	0.056739	0
GOLOS_USD	2018-05-27	0.058827	0.055151	0.061334	0.054348	0
GOLOS_USD	2018-05-26	0.055139	0.057900	0.058061	0.054846	0
GOLOS_USD	2018-05-25	0.057911	0.058070	0.058540	0.055724	0
GOLOS_USD	2018-05-24	0.058046	0.058188	0.061595	0.056335	0
GOLOS_USD	2018-05-23	0.058270	0.063418	0.063756	0.057710	0
GOLOS_USD	2018-05-22	0.063441	0.067037	0.067130	0.063317	0
GOLOS_USD	2018-05-21	0.067037	0.070102	0.070282	0.066175	0
GOLOS_USD	2018-05-20	0.070102	0.069092	0.070380	0.067386	0
GOLOS_USD	2018-05-19	0.069092	0.067848	0.071371	0.067097	0
GOLOS_USD	2018-05-18	0.067848	0.067626	0.069265	0.065433	0
GOLOS_USD	2018-05-17	0.067714	0.067413	0.070840	0.064954	0
GOLOS_USD	2018-05-16	0.067396	0.068236	0.068414	0.063785	0
GOLOS_USD	2018-05-15	0.068236	0.071844	0.073357	0.067911	0
GOLOS_USD	2018-05-14	0.071850	0.074461	0.075218	0.070178	0
GOLOS_USD	2018-05-13	0.074461	0.072926	0.078327	0.071220	0
GOLOS_USD	2018-05-12	0.072760	0.073895	0.075014	0.070056	0
GOLOS_USD	2018-05-11	0.073895	0.079726	0.080146	0.070777	0
GOLOS_USD	2018-05-10	0.079726	0.083025	0.084687	0.077662	0
GOLOS_USD	2018-05-09	0.083025	0.084557	0.085291	0.079889	0
GOLOS_USD	2018-05-08	0.084589	0.088535	0.088635	0.000009	0
GOLOS_USD	2018-05-07	0.089525	0.092968	0.093130	0.085934	0
GOLOS_USD	2018-05-06	0.092968	0.097317	0.099395	0.092300	0
GOLOS_USD	2018-05-05	0.097202	0.097224	0.100150	0.093817	0
GOLOS_USD	2018-05-04	0.097224	0.096777	0.102538	0.094833	0
GOLOS_USD	2018-05-03	0.096777	0.098033	0.098178	0.090488	0
GOLOS_USD	2018-05-02	0.098033	0.098096	0.099973	0.092647	0
GOLOS_USD	2018-05-01	0.098096	0.098688	0.099132	0.094946	0
GOLOS_USD	2018-04-30	0.098688	0.103430	0.105042	0.098302	0
GOLOS_USD	2018-04-29	0.103430	0.101756	0.106176	0.098473	0
GOLOS_USD	2018-04-28	0.101756	0.098937	0.106897	0.096592	0
GOLOS_USD	2018-04-27	0.098937	0.102807	0.103164	0.096456	0
GOLOS_USD	2018-04-26	0.102807	0.101491	0.102863	0.092331	0
GOLOS_USD	2018-04-25	0.101491	0.108329	0.108538	0.093640	0
GOLOS_USD	2018-04-24	0.108329	0.107769	0.111024	0.103607	0
GOLOS_USD	2018-04-23	0.107769	0.110876	0.120354	0.102780	0
GOLOS_USD	2018-04-22	0.110876	0.105277	0.118119	0.098850	0
GOLOS_USD	2018-04-21	0.105277	0.096602	0.106814	0.093524	0
GOLOS_USD	2018-04-20	0.096602	0.092015	0.097473	0.086277	0
GOLOS_USD	2018-04-19	0.092015	0.089547	0.098610	0.085430	0
GOLOS_USD	2018-04-18	0.089547	0.077797	0.089803	0.077650	0
GOLOS_USD	2018-04-17	0.077797	0.081930	0.083639	0.076589	0
GOLOS_USD	2018-04-16	0.081930	0.084072	0.084552	0.075293	0
GOLOS_USD	2018-04-15	0.084072	0.075688	0.086089	0.075688	0
GOLOS_USD	2018-04-14	0.075688	0.074575	0.077529	0.072513	0
GOLOS_USD	2018-04-13	0.074575	0.078448	0.080235	0.074235	0
GOLOS_USD	2018-04-12	0.078448	0.063693	0.079054	0.060770	0
GOLOS_USD	2018-04-11	0.063693	0.061662	0.064365	0.059648	0
GOLOS_USD	2018-04-10	0.061662	0.057843	0.062988	0.055967	0
GOLOS_USD	2018-04-09	0.057843	0.058958	0.062504	0.056176	0
GOLOS_USD	2018-04-08	0.058958	0.057855	0.060526	0.057039	0
GOLOS_USD	2018-04-07	0.057855	0.056155	0.058687	0.055647	0
GOLOS_USD	2018-04-06	0.056155	0.056326	0.056911	0.050827	0
GOLOS_USD	2018-04-05	0.056326	0.055955	0.058452	0.054911	0
GOLOS_USD	2018-04-04	0.055955	0.065087	0.065153	0.055754	0
GOLOS_USD	2018-04-03	0.065087	0.058467	0.066334	0.058165	0
GOLOS_USD	2018-04-02	0.058467	0.058601	0.061077	0.056415	0
GOLOS_USD	2018-04-01	0.058601	0.057756	0.061047	0.052725	0
GOLOS_USD	2018-03-31	0.057756	0.051200	0.065201	0.050785	0
GOLOS_USD	2018-03-30	0.051200	0.053475	0.054326	0.049043	0
GOLOS_USD	2018-03-29	0.053475	0.065155	0.065393	0.051703	0
GOLOS_USD	2018-03-28	0.065155	0.058613	0.083439	0.057054	0
GOLOS_USD	2018-03-27	0.058613	0.061870	0.063218	0.056533	0
GOLOS_USD	2018-03-26	0.061870	0.070222	0.070714	0.059267	0
GOLOS_USD	2018-03-25	0.070222	0.069071	0.072662	0.068846	0
GOLOS_USD	2018-03-24	0.069071	0.073756	0.083534	0.068678	0
GOLOS_USD	2018-03-23	0.073756	0.069256	0.083807	0.064121	0
GOLOS_USD	2018-03-22	0.069256	0.069286	0.073683	0.067184	0
GOLOS_USD	2018-03-21	0.069286	0.071213	0.073748	0.068016	0
GOLOS_USD	2018-03-20	0.071213	0.064800	0.071244	0.063391	0
GOLOS_USD	2018-03-19	0.064800	0.065578	0.067537	0.057477	0
GOLOS_USD	2018-03-18	0.065578	0.068511	0.068511	0.052938	0
GOLOS_USD	2018-03-17	0.068511	0.075166	0.075234	0.064491	0
GOLOS_USD	2018-03-16	0.075166	0.079117	0.079978	0.074183	0
GOLOS_USD	2018-03-15	0.079117	0.084466	0.085183	0.072193	0
GOLOS_USD	2018-03-14	0.084466	0.096419	0.099674	0.082283	0
GOLOS_USD	2018-03-13	0.096419	0.099544	0.102243	0.092268	0
GOLOS_USD	2018-03-12	0.099544	0.103091	0.108089	0.095070	0
GOLOS_USD	2018-03-11	0.103091	0.097759	0.105672	0.094281	0
GOLOS_USD	2018-03-10	0.097759	0.101789	0.113887	0.097512	0
GOLOS_USD	2018-03-09	0.101789	0.106286	0.108429	0.088058	0
GOLOS_USD	2018-03-08	0.106286	0.112352	0.119095	0.103911	0
GOLOS_USD	2018-03-07	0.112352	0.128619	0.130636	0.109301	0
GOLOS_USD	2018-03-06	0.128619	0.144055	0.147767	0.128512	0
GOLOS_USD	2018-03-05	0.144055	0.149655	0.150912	0.142178	0
GOLOS_USD	2018-03-04	0.149655	0.155346	0.155834	0.145971	0
GOLOS_USD	2018-03-03	0.155346	0.138022	0.165170	0.136836	0
GOLOS_USD	2018-03-02	0.138022	0.134998	0.151457	0.132326	0
