GRC_USD	2019-01-27	0.012906	0.012906	0.012906	0.012906	0
GRC_USD	2019-01-26	0.012906	0.012906	0.012906	0.012906	0
GRC_USD	2019-01-25	0.012906	0.012906	0.012906	0.012906	0
GRC_USD	2019-01-24	0.012906	0.012906	0.012906	0.012906	0
GRC_USD	2019-01-23	0.012906	0.012906	0.012906	0.012906	0
GRC_USD	2019-01-22	0.012906	0.012906	0.012906	0.012906	0
GRC_USD	2019-01-21	0.012906	0.012906	0.012906	0.012906	0
GRC_USD	2019-01-20	0.012906	0.012906	0.012906	0.012906	0
GRC_USD	2019-01-19	0.012906	0.012906	0.012906	0.012906	0
GRC_USD	2019-01-18	0.012906	0.012906	0.012906	0.012906	0
GRC_USD	2019-01-17	0.012906	0.012906	0.012906	0.012906	0
GRC_USD	2019-01-16	0.012906	0.012906	0.012906	0.012906	0
GRC_USD	2019-01-15	0.012906	0.012906	0.012906	0.012906	0
GRC_USD	2019-01-14	0.012906	0.012906	0.012906	0.012906	0
GRC_USD	2019-01-13	0.012906	0.012906	0.012906	0.012906	0
GRC_USD	2019-01-12	0.012906	0.012906	0.012906	0.012906	0
GRC_USD	2019-01-11	0.012906	0.012906	0.012906	0.012906	0
GRC_USD	2019-01-10	0.012906	0.012906	0.012906	0.012906	0
GRC_USD	2019-01-09	0.012906	0.012906	0.012906	0.012906	0
GRC_USD	2019-01-08	0.012906	0.012906	0.012906	0.012906	0
GRC_USD	2019-01-07	0.012906	0.012906	0.012906	0.012906	0
GRC_USD	2019-01-06	0.012906	0.012906	0.012906	0.012906	0
GRC_USD	2019-01-05	0.012906	0.012906	0.012906	0.012906	0
GRC_USD	2019-01-04	0.012906	0.012906	0.012906	0.012906	0
GRC_USD	2019-01-03	0.012906	0.012906	0.012906	0.012906	0
GRC_USD	2019-01-02	0.012906	0.012906	0.012906	0.012906	0
GRC_USD	2019-01-01	0.012906	0.012906	0.012906	0.012906	0
GRC_USD	2018-12-31	0.012906	0.012906	0.012906	0.012906	0
GRC_USD	2018-12-30	0.012906	0.012906	0.012906	0.012906	0
GRC_USD	2018-12-29	0.012906	0.012906	0.012906	0.012906	0
GRC_USD	2018-12-28	0.012906	0.012906	0.012906	0.012906	0
GRC_USD	2018-12-27	0.012906	0.012906	0.012906	0.012906	0
GRC_USD	2018-12-26	0.012906	0.012906	0.012906	0.012906	0
GRC_USD	2018-12-25	0.012906	0.012906	0.012906	0.012906	0
GRC_USD	2018-12-24	0.012906	0.012906	0.012906	0.012906	0
GRC_USD	2018-12-23	0.012906	0.012906	0.012906	0.012906	0
GRC_USD	2018-12-22	0.012906	0.012906	0.012906	0.012906	0
GRC_USD	2018-12-20	0.012906	0.012906	0.012906	0.012906	0
GRC_USD	2018-12-19	0.012906	0.012906	0.012906	0.012906	0
GRC_USD	2018-12-18	0.012906	0.012906	0.012906	0.012906	0
GRC_USD	2018-12-17	0.012906	0.012906	0.012906	0.012906	0
GRC_USD	2018-12-16	0.012906	0.012906	0.012906	0.012906	0
GRC_USD	2018-12-15	0.012906	0.012906	0.012906	0.012906	0
GRC_USD	2018-12-14	0.012906	0.012906	0.012906	0.012906	0
GRC_USD	2018-12-13	0.012906	0.012906	0.012906	0.012906	0
GRC_USD	2018-12-12	0.012906	0.012906	0.012906	0.012906	0
GRC_USD	2018-12-11	0.012906	0.012906	0.012906	0.012906	0
GRC_USD	2018-12-10	0.012906	0.012906	0.012906	0.012906	0
GRC_USD	2018-12-09	0.012906	0.012906	0.012906	0.012906	0
GRC_USD	2018-12-08	0.012906	0.012906	0.012906	0.012906	0
GRC_USD	2018-12-07	0.012906	0.012906	0.012906	0.012906	0
GRC_USD	2018-12-05	0.012906	0.012906	0.012906	0.012906	0
GRC_USD	2018-12-03	0.012906	0.012906	0.012906	0.012906	0
GRC_USD	2018-12-02	0.012906	0.012906	0.012906	0.012906	0
GRC_USD	2018-11-30	0.012906	0.012906	0.012906	0.012906	0
GRC_USD	2018-11-29	0.012906	0.012906	0.012906	0.012906	0
GRC_USD	2018-11-28	0.012906	0.012906	0.012906	0.012906	0
GRC_USD	2018-11-27	0.012906	0.012906	0.012906	0.012906	0
GRC_USD	2018-11-26	0.012906	0.012906	0.012906	0.012906	0
GRC_USD	2018-11-25	0.012906	0.012906	0.012906	0.012906	0
GRC_USD	2018-11-23	0.012906	0.012906	0.012906	0.012906	0
GRC_USD	2018-11-22	0.012906	0.012906	0.012906	0.012906	0
GRC_USD	2018-11-21	0.012906	0.012906	0.012906	0.012906	0
GRC_USD	2018-11-20	0.012906	0.012906	0.012906	0.012906	0
GRC_USD	2018-11-19	0.012906	0.012906	0.012906	0.012906	0
GRC_USD	2018-11-18	0.012906	0.012906	0.012906	0.012906	0
GRC_USD	2018-11-16	0.012906	0.012906	0.012906	0.012906	0
GRC_USD	2018-11-15	0.012906	0.012906	0.012906	0.012906	0
GRC_USD	2018-11-14	0.012906	0.012906	0.012906	0.012906	0
GRC_USD	2018-11-13	0.012906	0.012906	0.012906	0.012906	0
GRC_USD	2018-11-12	0.012906	0.012906	0.012906	0.012906	0
GRC_USD	2018-11-09	0.012906	0.012906	0.012906	0.012906	0
GRC_USD	2018-10-25	0.012906	0.012906	0.012906	0.012906	0
GRC_USD	2018-10-16	0.012906	0.012906	0.012906	0.012906	0
GRC_USD	2018-10-09	0.012906	0.012906	0.012906	0.012906	0
GRC_USD	2018-10-08	0.012906	0.012906	0.012906	0.012906	0
GRC_USD	2018-10-07	0.012906	0.012906	0.012906	0.012906	0
GRC_USD	2018-10-06	0.012906	0.012906	0.012906	0.012906	0
GRC_USD	2018-10-05	0.012241	0.012241	0.012241	0.012241	0
GRC_USD	2018-10-04	0.012241	0.012369	0.012369	0.012241	0
GRC_USD	2018-10-03	0.012369	0.012319	0.012369	0.012319	0
GRC_USD	2018-10-02	0.012319	0.011727	0.012319	0.011727	0
GRC_USD	2018-10-01	0.011727	0.011727	0.011727	0.011727	0
GRC_USD	2018-09-29	0.015775	0.015775	0.015775	0.015775	0
GRC_USD	2018-09-28	0.015775	0.013058	0.015775	0.013058	0
GRC_USD	2018-09-27	0.013058	0.013915	0.013915	0.013058	0
GRC_USD	2018-09-26	0.015140	0.015140	0.015140	0.015140	0
GRC_USD	2018-09-25	0.015140	0.015543	0.015543	0.012952	0
GRC_USD	2018-09-24	0.015543	0.014233	0.015543	0.014233	0
GRC_USD	2018-09-23	0.014233	0.014233	0.014233	0.014233	0
GRC_USD	2018-09-22	0.013659	0.013659	0.013659	0.013659	0
GRC_USD	2018-09-21	0.013921	0.013921	0.013921	0.013921	0
GRC_USD	2018-09-20	0.013921	0.013841	0.013921	0.013841	0
GRC_USD	2018-09-19	0.013841	0.019436	0.019436	0.013841	0
GRC_USD	2018-09-18	0.019436	0.017875	0.019882	0.017875	0
GRC_USD	2018-09-17	0.017875	0.017875	0.017875	0.017875	0
GRC_USD	2018-09-16	0.019957	0.019957	0.019957	0.019957	0
GRC_USD	2018-09-15	0.019957	0.019514	0.020035	0.019514	0
GRC_USD	2018-09-14	0.019514	0.020546	0.020546	0.019514	0
GRC_USD	2018-09-13	0.020546	0.020546	0.020546	0.020546	0
GRC_USD	2018-09-12	0.018614	0.018614	0.018614	0.018614	0
GRC_USD	2018-09-11	0.018614	0.018126	0.018614	0.018126	0
GRC_USD	2018-09-10	0.018126	0.018126	0.018126	0.018126	0
GRC_USD	2018-09-09	0.018627	0.018627	0.018627	0.018627	0
GRC_USD	2018-09-08	0.018627	0.024151	0.024151	0.018627	0
GRC_USD	2018-09-07	0.024151	0.020135	0.024151	0.020135	0
GRC_USD	2018-09-06	0.020135	0.019460	0.020135	0.019460	0
GRC_USD	2018-09-05	0.023650	0.023650	0.023650	0.023650	0
GRC_USD	2018-09-04	0.023650	0.022459	0.023650	0.022459	0
GRC_USD	2018-09-03	0.022459	0.022459	0.022459	0.022459	0
GRC_USD	2018-09-02	0.021673	0.021673	0.021673	0.021673	0
GRC_USD	2018-09-01	0.021673	0.020751	0.021673	0.020751	0
GRC_USD	2018-08-31	0.020751	0.020854	0.020854	0.020751	0
GRC_USD	2018-08-30	0.020854	0.021198	0.021198	0.020854	0
GRC_USD	2018-08-29	0.021198	0.021008	0.021198	0.020919	0
GRC_USD	2018-08-28	0.021008	0.020172	0.021008	0.020172	0
GRC_USD	2018-08-27	0.020172	0.020760	0.021228	0.020172	0
GRC_USD	2018-08-26	0.020760	0.020760	0.020760	0.020760	0
GRC_USD	2018-08-25	0.020527	0.020527	0.020527	0.020527	0
GRC_USD	2018-08-24	0.020527	0.020818	0.020818	0.020527	0
GRC_USD	2018-08-22	0.025455	0.025455	0.025455	0.025455	0
GRC_USD	2018-08-21	0.025455	0.022544	0.025455	0.022096	0
GRC_USD	2018-08-20	0.022544	0.022183	0.022544	0.022183	0
GRC_USD	2018-08-19	0.022183	0.022423	0.022423	0.022183	0
GRC_USD	2018-08-18	0.022423	0.022903	0.023034	0.022423	0
GRC_USD	2018-08-17	0.022903	0.022903	0.022903	0.022903	0
GRC_USD	2018-08-16	0.022269	0.022269	0.022269	0.022269	0
GRC_USD	2018-08-15	0.022269	0.021311	0.022269	0.021311	0
GRC_USD	2018-08-12	0.023159	0.023159	0.023159	0.023159	0
GRC_USD	2018-08-11	0.023159	0.023159	0.023159	0.023159	0
GRC_USD	2018-08-10	0.023159	0.023880	0.023880	0.023159	0
GRC_USD	2018-08-07	0.024921	0.024921	0.024921	0.024921	0
GRC_USD	2018-08-06	0.024921	0.025073	0.025879	0.024921	0
GRC_USD	2018-08-05	0.029036	0.029036	0.029036	0.029036	0
GRC_USD	2018-08-04	0.029036	0.032498	0.032498	0.029036	0
GRC_USD	2018-08-03	0.032498	0.027432	0.032498	0.027432	0
GRC_USD	2018-08-02	0.027432	0.029341	0.029341	0.027432	0
GRC_USD	2018-08-01	0.029341	0.030853	0.030853	0.029341	0
GRC_USD	2018-07-31	0.030853	0.031670	0.031670	0.030012	0
GRC_USD	2018-07-30	0.031670	0.032000	0.032000	0.031670	0
GRC_USD	2018-07-28	0.034355	0.034355	0.034355	0.034355	0
GRC_USD	2018-07-27	0.034355	0.032225	0.034355	0.031763	0
GRC_USD	2018-07-26	0.032225	0.032179	0.032225	0.032179	0
GRC_USD	2018-07-25	0.032179	0.032862	0.032862	0.032179	0
GRC_USD	2018-07-24	0.032984	0.032984	0.032984	0.032984	0
GRC_USD	2018-07-21	0.032324	0.032324	0.032324	0.032324	0
GRC_USD	2018-07-20	0.032324	0.032411	0.032411	0.032324	0
GRC_USD	2018-07-19	0.032411	0.033779	0.034578	0.032411	0
GRC_USD	2018-07-18	0.033779	0.036332	0.036332	0.032830	0
GRC_USD	2018-07-17	0.036332	0.028503	0.036332	0.028503	0
GRC_USD	2018-07-14	0.024817	0.024817	0.024817	0.024817	0
GRC_USD	2018-07-13	0.024817	31.000000	31.000000	0.000421	0
GRC_USD	2018-07-11	0.029005	0.029005	0.029005	0.029005	0
GRC_USD	2018-07-10	0.029005	0.027957	0.029005	0.025513	0
GRC_USD	2018-07-09	0.027957	0.027833	0.027957	0.027833	0
GRC_USD	2018-07-07	0.026128	0.026128	0.026128	0.026128	0
GRC_USD	2018-07-06	0.026128	0.026914	0.026914	0.026128	0
GRC_USD	2018-07-05	0.026914	0.027183	0.027183	0.026914	0
GRC_USD	2018-07-04	0.027616	0.027616	0.027616	0.027616	0
GRC_USD	2018-07-03	0.027616	0.027455	1.275194	0.027455	0
GRC_USD	2018-07-02	0.027455	0.025779	0.027455	0.025779	0
GRC_USD	2018-07-01	0.024667	0.000000	0.024667	0.000000	0
GRC_USD	2018-06-30	0.022008	0.022008	0.022008	0.022008	0
GRC_USD	2018-06-29	0.022008	0.022322	0.022322	0.000000	0
GRC_USD	2018-06-28	0.023218	0.000000	0.023605	0.000000	0
GRC_USD	2018-06-27	0.023587	0.023733	0.023937	0.023587	0
GRC_USD	2018-06-26	0.023733	0.000000	0.025623	0.000000	0
GRC_USD	2018-06-25	0.025623	0.000000	0.029274	0.000000	0
GRC_USD	2018-06-24	0.026191	0.000000	0.026191	0.000000	0
GRC_USD	2018-06-23	0.026191	0.026389	0.026389	0.000000	0
GRC_USD	2018-06-22	0.026389	0.028392	0.028392	0.000000	0
GRC_USD	2018-06-21	0.029606	0.031961	0.031961	0.028993	0
GRC_USD	2018-06-20	0.038753	0.028197	0.038753	0.028197	0
GRC_USD	2018-06-19	0.028197	0.028826	0.028826	0.028197	0
GRC_USD	2018-06-18	0.029961	0.029052	0.029961	0.027873	0
GRC_USD	2018-06-17	0.028958	0.000000	0.031078	0.000000	0
GRC_USD	2018-06-16	0.030180	0.032265	0.032792	0.000000	0
GRC_USD	2018-06-15	0.032265	0.027341	0.032336	0.000000	0
GRC_USD	2018-06-14	0.027341	0.027705	0.027705	0.000000	0
GRC_USD	2018-06-13	31.000000	0.031014	31.000000	0.000000	0
GRC_USD	2018-06-12	0.031436	0.032711	0.032711	0.031436	0
GRC_USD	2018-06-11	0.032711	0.033827	0.034538	0.000000	0
GRC_USD	2018-06-10	0.034544	0.040693	0.040693	0.034544	0
GRC_USD	2018-06-09	0.040693	0.000000	0.041291	0.000000	0
GRC_USD	2018-06-08	0.041291	0.000000	0.041807	0.000000	0
GRC_USD	2018-06-07	0.046693	0.000000	0.046693	0.000000	0
GRC_USD	2018-06-06	0.036435	0.037267	0.037267	0.036435	0
GRC_USD	2018-06-05	0.037267	0.000000	0.039763	0.000000	0
GRC_USD	2018-06-04	0.039763	0.000000	0.039763	0.000000	0
GRC_USD	2018-06-03	0.043341	0.039094	0.043341	0.039094	0
GRC_USD	2018-06-02	0.038481	0.037119	0.038481	0.037119	0
GRC_USD	2018-06-01	0.037119	0.000000	0.039896	0.000000	0
GRC_USD	2018-05-31	0.039896	0.036834	0.042703	0.036834	0
GRC_USD	2018-05-30	0.036834	0.037770	0.037770	0.036834	0
GRC_USD	2018-05-29	0.037770	0.034753	0.037770	0.034753	0
GRC_USD	2018-05-28	0.035132	0.000000	0.038851	0.000000	0
GRC_USD	2018-05-27	0.038851	0.038150	0.038851	0.038150	0
GRC_USD	2018-05-26	0.038150	0.038904	0.039826	0.038150	0
GRC_USD	2018-05-25	0.038904	0.000000	0.038904	0.000000	0
GRC_USD	2018-05-24	0.037096	0.000000	0.039644	0.000000	0
GRC_USD	2018-05-23	0.039644	0.044818	0.044818	0.038508	0
GRC_USD	2018-05-22	0.044818	0.044288	0.053655	0.042820	0
GRC_USD	2018-05-21	0.044288	0.049211	0.049211	0.044288	0
GRC_USD	2018-05-20	0.049211	0.044077	0.049211	0.044077	0
GRC_USD	2018-05-19	0.044077	0.044077	0.044077	0.044077	0
GRC_USD	2018-05-18	0.044077	0.043962	0.044269	0.043002	0
GRC_USD	2018-05-17	0.043962	0.044065	0.049631	0.043962	0
GRC_USD	2018-05-16	0.044576	0.046548	0.046548	0.044232	0
GRC_USD	2018-05-15	0.045904	0.048819	0.048819	0.045904	0
GRC_USD	2018-05-14	0.048819	0.047793	0.048819	0.047394	0
GRC_USD	2018-05-13	0.047793	0.049843	0.049843	0.047793	0
GRC_USD	2018-05-12	0.049843	0.045895	0.049843	0.045065	0
GRC_USD	2018-05-11	0.045895	0.053300	0.053300	0.045895	0
GRC_USD	2018-05-10	0.053300	0.056557	0.059435	0.053300	0
GRC_USD	2018-05-09	0.056557	0.048472	0.056557	0.048472	0
GRC_USD	2018-05-08	0.048472	0.054660	0.054660	0.048472	0
GRC_USD	2018-05-07	0.054660	0.054660	0.054660	0.054660	0
GRC_USD	2018-05-06	0.054660	0.054660	0.054660	0.054660	0
GRC_USD	2018-05-05	0.054660	0.054660	0.054660	0.054660	0
GRC_USD	2018-05-04	0.054660	0.002637	0.076453	0.002637	0
GRC_USD	2018-05-03	0.002637	0.041616	152.620911	0.001000	0
GRC_USD	2018-05-02	0.041616	0.052041	0.052041	0.041616	0
GRC_USD	2018-05-01	0.052041	0.042472	0.052041	0.042472	0
GRC_USD	2018-04-30	0.042472	0.076453	0.076453	0.042472	0
GRC_USD	2018-04-29	0.076453	0.076453	0.076453	0.076453	0
GRC_USD	2018-04-28	0.076453	0.076453	0.076453	0.076453	0
GRC_USD	2018-04-27	0.076453	0.054986	0.076453	0.054986	0
GRC_USD	2018-04-26	0.054986	0.052211	0.054986	0.052211	0
GRC_USD	2018-04-25	0.052211	0.059665	0.059665	0.052211	0
GRC_USD	2018-04-24	0.059665	0.057479	0.059749	0.057479	0
GRC_USD	2018-04-23	0.057479	0.055209	0.058989	0.055209	0
GRC_USD	2018-04-22	0.055209	0.055403	0.055403	0.055209	0
GRC_USD	2018-04-21	0.055403	0.049515	0.055403	0.049515	0
GRC_USD	2018-04-20	0.049515	0.050724	0.050724	0.048444	0
GRC_USD	2018-04-19	0.050724	0.050113	0.050724	0.050096	0
GRC_USD	2018-04-18	0.050113	0.048248	0.050113	0.047976	0
GRC_USD	2018-04-17	0.048248	0.048162	0.050022	0.047489	0
GRC_USD	2018-04-16	0.048162	0.049603	0.050182	0.047036	0
GRC_USD	2018-04-15	0.049603	0.048092	0.049603	0.047913	0
GRC_USD	2018-04-14	0.048092	0.050965	0.050965	0.048092	0
GRC_USD	2018-04-13	0.050965	0.044138	0.050965	0.044138	0
GRC_USD	2018-04-12	0.044138	0.040112	0.044138	0.039846	0
GRC_USD	2018-04-11	0.040112	0.039055	0.076453	0.039055	0
GRC_USD	2018-04-10	0.039055	0.038915	0.039055	0.038915	0
GRC_USD	2018-04-09	0.038915	0.042348	0.042348	0.038193	0
GRC_USD	2018-04-08	0.042348	0.076453	0.076453	0.039073	0
GRC_USD	2018-04-07	0.076453	0.038909	0.076453	0.038909	0
GRC_USD	2018-04-06	0.038909	0.041102	0.041102	0.037709	0
GRC_USD	2018-04-05	0.041102	0.037957	0.041942	0.037957	0
GRC_USD	2018-04-04	0.037957	0.040519	0.041447	0.037957	0
GRC_USD	2018-04-03	0.040519	0.040264	0.040519	0.038826	0
GRC_USD	2018-04-02	0.040264	0.037629	0.040264	0.037629	0
GRC_USD	2018-04-01	0.037629	0.035205	0.037629	0.035205	0
GRC_USD	2018-03-31	0.035205	0.032973	0.035205	0.032973	0
GRC_USD	2018-03-30	0.032973	0.043931	0.043931	0.032973	0
GRC_USD	2018-03-29	0.043931	0.045841	0.045841	0.043931	0
GRC_USD	2018-03-28	0.045841	0.042538	0.046105	0.040668	0
GRC_USD	2018-03-27	0.042538	0.043287	0.076453	0.041105	910
GRC_USD	2018-03-26	0.043287	0.044192	0.044192	0.043287	910
GRC_USD	2018-03-25	0.044192	0.045336	0.045336	0.042834	910
GRC_USD	2018-03-24	0.045336	0.048375	0.048375	0.045336	910
GRC_USD	2018-03-23	0.048375	0.046629	0.048375	0.000075	910
GRC_USD	2018-03-22	0.046629	0.047349	0.047349	0.044319	910
GRC_USD	2018-03-21	0.047349	0.046926	0.047349	0.045930	910
GRC_USD	2018-03-20	0.046926	0.042080	0.046926	0.042080	910
GRC_USD	2018-03-19	0.042080	0.037852	0.042080	0.037852	910
GRC_USD	2018-03-18	0.037852	0.043989	0.043989	0.037852	910
GRC_USD	2018-03-17	0.043989	0.044462	0.044462	0.043989	910
GRC_USD	2018-03-16	0.044462	0.044087	0.049995	0.044087	910
GRC_USD	2018-03-15	0.044087	0.045604	0.045604	0.043057	910
GRC_USD	2018-03-14	0.045604	0.049624	0.049624	0.045604	910
GRC_USD	2018-03-13	0.049624	0.048302	0.076453	0.048302	910
GRC_USD	2018-03-12	0.048302	0.053690	0.076453	0.048302	910
GRC_USD	2018-03-11	0.053690	0.047732	0.053690	0.047732	910
GRC_USD	2018-03-10	0.047732	0.051089	0.052691	0.047732	642
GRC_USD	2018-03-09	0.051089	0.054495	0.076453	0.050189	1328
GRC_USD	2018-03-08	0.054495	0.057898	0.076453	0.053998	850
GRC_USD	2018-03-07	0.057898	0.067606	0.076453	0.056864	1582
GRC_USD	2018-03-06	0.067606	0.070677	0.076453	0.067006	1394
GRC_USD	2018-03-05	0.070677	0.064461	0.076453	0.064461	1479
GRC_USD	2018-03-04	0.064461	0.065808	0.076453	0.064461	193
GRC_USD	2018-03-03	0.065808	0.066486	0.076453	0.065808	1610
GRC_USD	2018-03-02	0.066486	0.065177	0.076453	0.063663	845
GRC_USD	2018-03-01	0.065177	0.063207	0.065177	0.062645	306
GRC_USD	2018-02-28	0.063207	0.065762	0.076453	0.063207	245
GRC_USD	2018-02-27	0.065762	0.066045	0.066045	0.065762	253
GRC_USD	2018-02-26	0.066045	0.060208	0.076453	0.060208	246
