HAV_USD	2018-12-05	0.04002	0.04710	0.04710	0.04002	21603
HAV_USD	2018-12-04	0.04710	0.04914	0.04914	0.04667	17747
HAV_USD	2018-12-03	0.04914	0.05765	0.05805	0.04500	81219
HAV_USD	2018-12-02	0.05765	0.05849	0.06095	0.05500	549803
HAV_USD	2018-12-01	0.05849	0.05716	0.06284	0.05500	816802
HAV_USD	2018-11-30	0.05738	0.06164	0.06339	0.05646	837554
HAV_USD	2018-11-29	0.06124	0.06258	0.06400	0.05836	822162
HAV_USD	2018-11-28	0.06258	0.06024	0.06659	0.05627	955276
HAV_USD	2018-11-27	0.06024	0.05877	0.06580	0.05486	906936
HAV_USD	2018-11-26	0.05877	0.06578	0.06982	0.05358	978613
HAV_USD	2018-11-25	0.06578	0.06798	0.06838	0.05422	863431
HAV_USD	2018-11-24	0.06798	0.07045	0.07468	0.06337	937809
HAV_USD	2018-11-23	0.07045	0.08111	0.08446	0.06689	912528
HAV_USD	2018-11-22	0.08369	0.08473	0.08576	0.07406	465003
HAV_USD	2018-11-21	0.08512	0.08427	0.09500	0.07694	162207
HAV_USD	2018-11-20	0.08427	0.11412	0.11412	0.07839	758298
HAV_USD	2018-11-19	0.11424	0.13819	0.14195	0.10976	949339
HAV_USD	2018-11-18	0.13819	0.12187	0.15691	0.11875	925059
HAV_USD	2018-11-17	0.12187	0.12155	0.13178	0.11448	944016
HAV_USD	2018-11-16	0.12155	0.13201	0.13993	0.12060	943626
HAV_USD	2018-11-15	0.13246	0.12427	0.15699	0.11535	932819
HAV_USD	2018-11-14	0.12427	0.14425	0.15874	0.11741	952509
HAV_USD	2018-11-13	0.14534	0.14350	0.15534	0.13377	944157
HAV_USD	2018-11-12	0.14350	0.13611	0.16197	0.13107	897413
HAV_USD	2018-11-11	0.13611	0.12967	0.15238	0.12967	53498
HAV_USD	2018-11-10	0.12967	0.12342	0.16771	0.12040	872134
HAV_USD	2018-11-09	0.12342	0.12953	0.13369	0.12201	240524
HAV_USD	2018-11-08	0.12953	0.13149	0.14023	0.12804	86421
HAV_USD	2018-11-07	0.13149	0.12976	0.13967	0.12800	830078
HAV_USD	2018-11-06	0.12939	0.12437	0.13172	0.12274	1015867
HAV_USD	2018-11-05	0.12459	0.12680	0.12713	0.12278	934926
HAV_USD	2018-11-04	0.12680	0.12175	0.13801	0.11999	880474
HAV_USD	2018-11-03	0.12175	0.12192	0.12421	0.11874	684531
HAV_USD	2018-11-02	0.12192	0.11887	0.12427	0.11874	780445
HAV_USD	2018-11-01	0.11887	0.12159	0.12492	0.11839	773218
HAV_USD	2018-10-31	0.12148	0.12225	0.14600	0.11839	652515
HAV_USD	2018-10-30	0.12225	0.11921	0.14542	0.10729	669955
HAV_USD	2018-10-29	0.11921	0.12642	0.13096	0.11796	559675
HAV_USD	2018-10-28	0.12659	0.12914	0.13238	0.12513	575120
HAV_USD	2018-10-27	0.12872	0.12829	0.13856	0.12701	688152
HAV_USD	2018-10-26	0.13025	0.12964	0.14203	0.11961	988507
HAV_USD	2018-10-25	0.12824	0.13059	0.13540	0.12044	856590
HAV_USD	2018-10-24	0.13059	0.13697	0.13798	0.12819	944915
HAV_USD	2018-10-23	0.13697	0.13233	0.15101	0.13233	605539
HAV_USD	2018-10-22	0.13233	0.13897	0.14694	0.13225	13495
HAV_USD	2018-10-21	0.14158	0.13431	0.15700	0.13018	58640
HAV_USD	2018-10-20	0.13431	0.13492	0.13702	0.12656	278055
HAV_USD	2018-10-19	0.13492	0.13011	0.14567	0.12609	524473
HAV_USD	2018-10-18	0.13127	0.12840	0.14602	0.12355	900580
HAV_USD	2018-10-17	0.12916	0.13750	0.13999	0.12539	1002146
HAV_USD	2018-10-16	0.13750	0.14961	0.15700	0.13109	988325
HAV_USD	2018-10-15	0.14761	0.13939	0.18034	0.12812	1102388
HAV_USD	2018-10-14	0.13939	0.13185	0.16504	0.12855	1038393
HAV_USD	2018-10-13	0.13185	0.16058	0.16511	0.12512	991267
HAV_USD	2018-10-12	0.15385	0.19899	0.19899	0.14297	1087373
HAV_USD	2018-10-11	0.19899	0.11024	0.19899	0.08964	1240995
HAV_USD	2018-10-10	0.11024	0.08697	0.11024	0.08505	975021
HAV_USD	2018-10-09	0.08697	0.09017	0.09214	0.08501	824157
HAV_USD	2018-10-08	0.09017	0.08581	0.09213	0.08514	952444
HAV_USD	2018-10-07	0.08561	0.09116	0.09585	0.08150	940877
HAV_USD	2018-10-06	0.08842	0.10283	0.10364	0.08342	1128245
HAV_USD	2018-10-05	0.10248	0.09290	0.12351	0.07961	1039888
HAV_USD	2018-10-04	0.09290	0.07941	0.09343	0.07730	1075461
HAV_USD	2018-10-03	0.07946	0.08110	0.09733	0.07712	1008408
HAV_USD	2018-10-02	0.08085	0.07971	0.08896	0.07637	913630
HAV_USD	2018-10-01	0.07971	0.07974	0.08072	0.07609	893079
HAV_USD	2018-09-30	0.07918	0.08283	0.08313	0.07569	740669
HAV_USD	2018-09-29	0.08237	0.07407	0.09146	0.07053	1022437
HAV_USD	2018-09-28	0.07407	0.07727	0.07766	0.07047	1083301
HAV_USD	2018-09-27	0.07563	0.07323	0.07762	0.07001	1040491
HAV_USD	2018-09-26	0.07403	0.07040	0.07507	0.06973	963886
HAV_USD	2018-09-25	0.07040	0.07444	0.07791	0.06973	1025999
HAV_USD	2018-09-24	0.07444	0.08065	0.08200	0.07444	1035047
HAV_USD	2018-09-23	0.08151	0.08397	0.08610	0.07662	1028642
HAV_USD	2018-09-22	0.08383	0.08171	0.09246	0.07638	1109056
HAV_USD	2018-09-21	0.08227	0.08001	0.08816	0.07455	1089975
HAV_USD	2018-09-20	0.07840	0.07771	0.08107	0.07401	990088
HAV_USD	2018-09-19	0.07771	0.07549	0.08047	0.07377	1082899
HAV_USD	2018-09-18	0.07549	0.07316	0.09523	0.07199	1103977
HAV_USD	2018-09-17	0.07316	0.08093	0.08227	0.07198	951340
HAV_USD	2018-09-16	0.08093	0.07976	0.09735	0.06983	967473
HAV_USD	2018-09-15	0.07946	0.07587	0.08379	0.07340	1043721
HAV_USD	2018-09-14	0.07587	0.08458	0.09448	0.07509	1066527
HAV_USD	2018-09-13	0.08458	0.07504	0.09602	0.06092	840910
HAV_USD	2018-09-12	0.07504	0.07587	0.07985	0.05804	853319
HAV_USD	2018-09-11	0.07587	0.07837	0.08148	0.07001	842858
HAV_USD	2018-09-10	0.07837	0.07532	0.08528	0.07012	768631
HAV_USD	2018-09-09	0.07532	0.07306	0.07993	0.06873	831862
HAV_USD	2018-09-08	0.07306	0.08445	0.08752	0.06992	1265726
HAV_USD	2018-09-07	0.08445	0.09029	0.09968	0.08170	1155624
HAV_USD	2018-09-06	0.08923	0.08098	0.10011	0.05357	1188554
HAV_USD	2018-09-05	0.08796	0.10099	0.11000	0.06058	1163698
HAV_USD	2018-09-04	0.10000	0.10364	0.11539	0.09525	973413
HAV_USD	2018-09-03	0.10364	0.10720	0.10874	0.10142	1151773
HAV_USD	2018-09-02	0.10701	0.11238	0.11862	0.10512	1136049
HAV_USD	2018-09-01	0.11238	0.10906	0.11998	0.10545	1153350
HAV_USD	2018-08-31	0.10896	0.11093	0.12668	0.09861	1159810
HAV_USD	2018-08-30	0.11092	0.11418	0.11642	0.09957	1124735
HAV_USD	2018-08-29	0.11490	0.11773	0.12660	0.11116	1065982
HAV_USD	2018-08-28	0.11773	0.12210	0.12765	0.11000	1107385
HAV_USD	2018-08-27	0.12268	0.12493	0.12835	0.09525	1104146
HAV_USD	2018-08-26	0.12493	0.12308	0.13803	0.11044	1142870
