HBZ_USD	2019-04-09	0.000640	0.000689	0.000689	0.000640	480347
HBZ_USD	2019-04-08	0.000689	0.000636	0.000693	0.000625	1463345
HBZ_USD	2019-04-07	0.000636	0.000601	0.000658	0.000601	930247
HBZ_USD	2019-04-06	0.000601	0.000669	0.000669	0.000601	440142
HBZ_USD	2019-04-05	0.000669	0.000620	0.000670	0.000520	6971702
HBZ_USD	2019-04-04	0.000620	0.000643	0.000708	0.000614	4230375
HBZ_USD	2019-04-03	0.000643	0.000670	0.000700	0.000630	4003651
HBZ_USD	2019-04-02	0.000670	0.000597	0.000690	0.000597	6082020
HBZ_USD	2019-04-01	0.000597	0.000630	0.000630	0.000589	1824677
HBZ_USD	2019-03-31	0.000630	0.000630	0.000630	0.000600	206392
HBZ_USD	2019-03-30	0.000630	0.000610	0.000630	0.000610	3238232
HBZ_USD	2019-03-29	0.000610	0.000593	0.000627	0.000593	286167
HBZ_USD	2019-03-28	0.000593	0.000597	0.000622	0.000592	1223279
HBZ_USD	2019-03-27	0.000597	0.000580	0.000610	0.000580	668165
HBZ_USD	2019-03-26	0.000580	0.000605	0.000630	0.000580	1241669
HBZ_USD	2019-03-25	0.000605	0.000637	0.000637	0.000605	246988
HBZ_USD	2019-03-24	0.000637	0.000603	0.000637	0.000603	201947
HBZ_USD	2019-03-23	0.000603	0.000606	0.000644	0.000600	735801
HBZ_USD	2019-03-22	0.000606	0.000617	0.000623	0.000600	536705
HBZ_USD	2019-03-21	0.000617	0.000615	0.000650	0.000609	1617417
HBZ_USD	2019-03-20	0.000615	0.000624	0.000650	0.000590	1598841
HBZ_USD	2019-03-19	0.000624	0.000625	0.000656	0.000613	459910
HBZ_USD	2019-03-18	0.000625	0.000610	0.000689	0.000591	2170759
HBZ_USD	2019-03-17	0.000610	0.000640	0.000640	0.000590	1414653
HBZ_USD	2019-03-16	0.000640	0.000610	0.000672	0.000610	512587
HBZ_USD	2019-03-15	0.000610	0.000610	0.000650	0.000604	2623803
HBZ_USD	2019-03-14	0.000610	0.000600	0.000632	0.000580	899253
HBZ_USD	2019-03-13	0.000600	0.000598	0.000635	0.000571	3010423
HBZ_USD	2019-03-12	0.000590	0.000590	0.000600	0.000570	6013490
HBZ_USD	2019-03-11	0.000590	0.000523	0.000600	0.000499	7694860
HBZ_USD	2019-03-10	0.000523	0.000510	0.000523	0.000499	688373
HBZ_USD	2019-03-09	0.000510	0.000481	0.000519	0.000481	1476780
HBZ_USD	2019-03-08	0.000481	0.000515	0.000531	0.000481	3653779
HBZ_USD	2019-03-07	0.000515	0.000510	0.000533	0.000491	1823851
HBZ_USD	2019-03-06	0.000510	0.000500	0.000511	0.000485	1072394
HBZ_USD	2019-03-05	0.000500	0.000481	0.000509	0.000470	2266443
HBZ_USD	2019-03-04	0.000481	0.000494	0.000509	0.000470	985767
HBZ_USD	2019-03-03	0.000494	0.000483	0.000509	0.000483	65169
HBZ_USD	2019-03-02	0.000483	0.000500	0.000510	0.000483	1377046
HBZ_USD	2019-03-01	0.000500	0.000511	0.000511	0.000470	1644367
HBZ_USD	2019-02-28	0.000511	0.000505	0.000530	0.000485	443800
HBZ_USD	2019-02-27	0.000505	0.000519	0.000540	0.000480	2762081
HBZ_USD	2019-02-26	0.000519	0.000563	0.000563	0.000481	7450765
HBZ_USD	2019-02-25	0.000563	0.000572	0.000589	0.000563	1490102
HBZ_USD	2019-02-24	0.000572	0.000588	0.000629	0.000563	5181357
HBZ_USD	2019-02-23	0.000588	0.000590	0.000590	0.000560	1245774
HBZ_USD	2019-02-22	0.000590	0.000590	0.000594	0.000559	2650166
HBZ_USD	2019-02-21	0.000590	0.000594	0.000594	0.000540	1103806
HBZ_USD	2019-02-20	0.000571	0.000561	0.000595	0.000561	2868375
HBZ_USD	2019-02-19	0.000561	0.000560	0.000579	0.000550	1691497
HBZ_USD	2019-02-18	0.000560	0.000540	0.000570	0.000532	5071345
HBZ_USD	2019-02-17	0.000540	0.000540	0.000555	0.000520	5777910
HBZ_USD	2019-02-16	0.000540	0.000523	0.000550	0.000523	1241538
HBZ_USD	2019-02-15	0.000523	0.000549	0.000550	0.000523	477941
HBZ_USD	2019-02-14	0.000549	0.000520	0.000549	0.000510	2878535
HBZ_USD	2019-02-13	0.000520	0.000520	0.000549	0.000510	1435778
HBZ_USD	2019-02-12	0.000520	0.000521	0.000569	0.000510	493930
HBZ_USD	2019-02-11	0.000521	0.000535	0.000570	0.000510	2414058
HBZ_USD	2019-02-10	0.000535	0.000510	0.000535	0.000510	871890
HBZ_USD	2019-02-09	0.000510	0.000520	0.000537	0.000509	553739
HBZ_USD	2019-02-08	0.000520	0.000510	0.000550	0.000491	3035678
HBZ_USD	2019-02-07	0.000510	0.000498	0.000519	0.000460	2630647
HBZ_USD	2019-02-06	0.000498	0.000491	0.000516	0.000480	1278078
HBZ_USD	2019-02-05	0.000491	0.000510	0.000520	0.000491	794680
HBZ_USD	2019-02-04	0.000510	0.000498	0.000510	0.000481	165522
HBZ_USD	2019-02-03	0.000498	0.000500	0.000500	0.000478	309864
HBZ_USD	2019-02-02	0.000500	0.000488	0.000500	0.000475	600010
HBZ_USD	2019-02-01	0.000488	0.000480	0.000522	0.000464	3533717
HBZ_USD	2019-01-31	0.000480	0.000490	0.000514	0.000480	782732
HBZ_USD	2019-01-30	0.000490	0.000480	0.000515	0.000475	983652
HBZ_USD	2019-01-29	0.000480	0.000496	0.000500	0.000470	1555661
HBZ_USD	2019-01-28	0.000496	0.000484	0.000508	0.000455	2915512
HBZ_USD	2019-01-27	0.000484	0.000490	0.000517	0.000483	731754
HBZ_USD	2019-01-26	0.000490	0.000500	0.000518	0.000490	498317
HBZ_USD	2019-01-25	0.000500	0.000483	0.000517	0.000483	1484588
HBZ_USD	2019-01-24	0.000483	0.000527	0.000527	0.000475	1826756
HBZ_USD	2019-01-23	0.000510	0.000499	0.000530	0.000491	2790810
HBZ_USD	2019-01-22	0.000499	0.000485	0.000508	0.000474	1502178
HBZ_USD	2019-01-21	0.000485	0.000495	0.000529	0.000481	1846042
HBZ_USD	2019-01-20	0.000495	0.000500	0.000530	0.000480	4717063
HBZ_USD	2019-01-19	0.000500	0.000500	0.000530	0.000500	1147745
HBZ_USD	2019-01-18	0.000500	0.000502	0.000552	0.000500	1817993
HBZ_USD	2019-01-17	0.000502	0.000545	0.000564	0.000502	4306025
HBZ_USD	2019-01-16	0.000545	0.000538	0.000569	0.000521	3804983
HBZ_USD	2019-01-15	0.000538	0.000559	0.000580	0.000532	5005570
HBZ_USD	2019-01-14	0.000559	0.000529	0.000560	0.000507	8186969
HBZ_USD	2019-01-13	0.000529	0.000521	0.000568	0.000500	6149494
HBZ_USD	2019-01-12	0.000521	0.000515	0.000532	0.000500	1760916
HBZ_USD	2019-01-11	0.000515	0.000520	0.000533	0.000470	7340531
HBZ_USD	2019-01-10	0.000520	0.000585	0.000585	0.000482	9641317
HBZ_USD	2019-01-09	0.000585	0.000540	0.000610	0.000531	10801601
HBZ_USD	2019-01-08	0.000540	0.000660	0.000660	0.000520	13140034
HBZ_USD	2019-01-07	0.000660	0.000650	0.000690	0.000615	10837140
HBZ_USD	2019-01-06	0.000650	0.000530	0.000730	0.000502	37569016
HBZ_USD	2019-01-05	0.000530	0.000470	0.000610	0.000470	12609020
HBZ_USD	2019-01-04	0.000470	0.000481	0.000540	0.000470	3118520
HBZ_USD	2019-01-03	0.000481	0.000452	0.000548	0.000441	3234740
HBZ_USD	2019-01-02	0.000452	0.000460	0.000480	0.000441	3426446
HBZ_USD	2019-01-01	0.000460	0.000469	0.000469	0.000442	597454
HBZ_USD	2018-12-31	0.000469	0.000494	0.000496	0.000446	3267799
HBZ_USD	2018-12-30	0.000494	0.000452	0.000500	0.000440	5298905
HBZ_USD	2018-12-29	0.000452	0.000490	0.000548	0.000452	4459296
HBZ_USD	2018-12-28	0.000490	0.000480	0.000530	0.000431	5901539
HBZ_USD	2018-12-27	0.000480	0.000545	0.000545	0.000459	6387092
HBZ_USD	2018-12-26	0.000545	0.000570	0.000600	0.000502	8437228
HBZ_USD	2018-12-25	0.000570	0.000563	0.000580	0.000500	8030510
HBZ_USD	2018-12-24	0.000563	0.000595	0.000628	0.000551	3139665
HBZ_USD	2018-12-23	0.000595	0.000570	0.000612	0.000515	15547182
HBZ_USD	2018-12-22	0.000570	0.000570	0.000619	0.000550	3188657
HBZ_USD	2018-12-21	0.000570	0.000616	0.000690	0.000570	8092264
HBZ_USD	2018-12-20	0.000616	0.000628	0.000680	0.000585	6877670
HBZ_USD	2018-12-19	0.000628	0.000614	0.000700	0.000565	11299404
HBZ_USD	2018-12-18	0.000614	0.000620	0.000710	0.000560	3054630
HBZ_USD	2018-12-17	0.000620	0.000602	0.000712	0.000510	3292460
HBZ_USD	2018-12-16	0.000602	0.000540	0.000602	0.000540	2041917
HBZ_USD	2018-12-15	0.000540	0.000580	0.000628	0.000540	1748786
HBZ_USD	2018-12-14	0.000580	0.000670	0.000720	0.000558	4381355
HBZ_USD	2018-12-13	0.000670	0.000745	0.000770	0.000670	924225
HBZ_USD	2018-12-12	0.000745	0.000770	0.000770	0.000711	5490891
HBZ_USD	2018-12-11	0.000770	0.000850	0.000850	0.000750	4347741
HBZ_USD	2018-12-10	0.000850	0.000790	0.000870	0.000788	618051
HBZ_USD	2018-12-09	0.000790	0.000830	0.000879	0.000790	3250006
HBZ_USD	2018-12-08	0.000830	0.000810	0.000894	0.000761	2987318
HBZ_USD	2018-12-07	0.000810	0.000820	0.000879	0.000750	777922
HBZ_USD	2018-12-06	0.000820	0.000867	0.000895	0.000820	1336700
HBZ_USD	2018-12-05	0.000867	0.000920	0.000920	0.000839	701801
HBZ_USD	2018-12-04	0.000920	0.000913	0.000940	0.000822	640111
HBZ_USD	2018-12-03	0.000913	0.000834	0.000935	0.000810	1758137
HBZ_USD	2018-12-02	0.000834	0.001000	0.001000	0.000680	5984631
HBZ_USD	2018-12-01	0.000932	0.000844	0.001000	0.000796	9175330
HBZ_USD	2018-11-30	0.000844	0.000820	0.000846	0.000761	875287
HBZ_USD	2018-11-29	0.000820	0.000800	0.000860	0.000710	2827594
HBZ_USD	2018-11-28	0.000800	0.000730	0.000900	0.000671	9165586
HBZ_USD	2018-11-27	0.000730	0.000672	0.000759	0.000625	3537537
HBZ_USD	2018-11-26	0.000672	0.000715	0.000778	0.000603	5380728
HBZ_USD	2018-11-25	0.000715	0.000694	0.000800	0.000652	3336956
HBZ_USD	2018-11-24	0.000694	0.000800	0.000895	0.000686	2243624
HBZ_USD	2018-11-23	0.000800	0.000782	0.000860	0.000730	2098756
HBZ_USD	2018-11-22	0.000782	0.000900	0.000900	0.000782	2083864
HBZ_USD	2018-11-21	0.000900	0.000920	0.000950	0.000807	3228918
HBZ_USD	2018-11-20	0.000920	0.000951	0.001119	0.000773	10201980
HBZ_USD	2018-11-19	0.000951	0.001230	0.001230	0.000951	8645960
HBZ_USD	2018-11-18	0.001230	0.001170	0.001290	0.001170	1064317
HBZ_USD	2018-11-17	0.001170	0.001150	0.001280	0.001150	863957
HBZ_USD	2018-11-16	0.001150	0.001150	0.001350	0.001130	2844309
HBZ_USD	2018-11-15	0.001150	0.001219	0.001288	0.001102	3469473
HBZ_USD	2018-11-14	0.001219	0.001422	0.001750	0.001011	15836093
HBZ_USD	2018-11-13	0.001422	0.001600	0.001600	0.001347	11739035
HBZ_USD	2018-11-12	0.001600	0.001824	0.001824	0.001500	8467286
HBZ_USD	2018-11-11	0.001824	0.001812	0.001840	0.001704	5596864
HBZ_USD	2018-11-10	0.001812	0.001740	0.001900	0.001702	7543140
HBZ_USD	2018-11-09	0.001740	0.001812	0.001861	0.001691	4934723
HBZ_USD	2018-11-08	0.001812	0.001840	0.001868	0.001785	4681948
HBZ_USD	2018-11-07	0.001840	0.001990	0.002010	0.001807	6334558
HBZ_USD	2018-11-06	0.001990	0.002190	0.002190	0.001961	8670731
HBZ_USD	2018-11-05	0.002190	0.002244	0.002250	0.002062	5705548
HBZ_USD	2018-11-04	0.002244	0.002291	0.002326	0.002110	3128596
HBZ_USD	2018-11-03	0.002291	0.002300	0.002430	0.002224	2378609
HBZ_USD	2018-11-02	0.002300	0.002113	0.002430	0.002113	4237485
HBZ_USD	2018-11-01	0.002113	0.002328	0.002439	0.002002	12035244
HBZ_USD	2018-10-31	0.002329	0.002400	0.002488	0.002310	5459750
HBZ_USD	2018-10-30	0.002400	0.002751	0.002753	0.002400	5291410
HBZ_USD	2018-10-29	0.002751	0.002812	0.003011	0.002708	6361632
HBZ_USD	2018-10-28	0.002812	0.002740	0.002847	0.002702	3073066
HBZ_USD	2018-10-27	0.002740	0.002765	0.002785	0.002651	1845122
HBZ_USD	2018-10-26	0.002765	0.002768	0.002827	0.002679	13010732
HBZ_USD	2018-10-25	0.002768	0.002730	0.002790	0.002706	25919922
HBZ_USD	2018-10-24	0.002730	0.002716	0.002770	0.002656	27250284
HBZ_USD	2018-10-23	0.002716	0.002738	0.002770	0.002624	26177032
HBZ_USD	2018-10-22	0.002738	0.002674	0.002840	0.002625	27499928
HBZ_USD	2018-10-21	0.002674	0.002655	0.002683	0.002637	10992397
HBZ_USD	2018-10-20	0.002655	0.002594	0.002699	0.002561	28275532
HBZ_USD	2018-10-19	0.002594	0.002699	0.002900	0.002540	23378320
HBZ_USD	2018-10-18	0.002699	0.002534	0.002781	0.002533	30450460
HBZ_USD	2018-10-17	0.002534	0.002534	0.002600	0.002470	29600504
HBZ_USD	2018-10-16	0.002534	0.002470	0.002549	0.002422	27806836
HBZ_USD	2018-10-15	0.002453	0.002486	0.002650	0.002407	34862904
HBZ_USD	2018-10-14	0.002486	0.002447	0.002570	0.002446	26398354
HBZ_USD	2018-10-13	0.002447	0.002383	0.002640	0.002360	29094396
HBZ_USD	2018-10-12	0.002383	0.002348	0.002447	0.002325	29401088
HBZ_USD	2018-10-11	0.002348	0.002628	0.002654	0.002332	38071460
HBZ_USD	2018-10-10	0.002627	0.002661	0.002700	0.002611	31135256
HBZ_USD	2018-10-09	0.002661	0.002678	0.002700	0.002626	31805900
HBZ_USD	2018-10-08	0.002678	0.002625	0.002700	0.002559	32923050
HBZ_USD	2018-10-07	0.002626	0.002811	0.002811	0.002500	38097540
HBZ_USD	2018-10-06	0.002811	0.002552	0.002980	0.002501	42659112
HBZ_USD	2018-10-05	0.002552	0.002614	0.002720	0.002380	30098038
HBZ_USD	2018-10-04	0.002614	0.002250	0.003400	0.002245	57858352
HBZ_USD	2018-10-03	0.002247	0.002299	0.002310	0.002200	33929312
HBZ_USD	2018-10-02	0.002299	0.002284	0.002390	0.002250	22353728
HBZ_USD	2018-10-01	0.002295	0.002292	0.002359	0.002200	28909732
HBZ_USD	2018-09-30	0.002311	0.002393	0.002400	0.002252	33223168
HBZ_USD	2018-09-29	0.002393	0.002409	0.002409	0.002300	22520300
HBZ_USD	2018-09-28	0.002409	0.002376	0.002480	0.002200	33466180
HBZ_USD	2018-09-27	0.002376	0.002242	0.002430	0.002238	33321880
HBZ_USD	2018-09-26	0.002242	0.002278	0.002291	0.002110	34568812
HBZ_USD	2018-09-25	0.002278	0.002408	0.002450	0.002192	39616400
HBZ_USD	2018-09-24	0.002405	0.002430	0.002550	0.002300	41245948
HBZ_USD	2018-09-23	0.002430	0.002448	0.002530	0.002400	38056632
HBZ_USD	2018-09-22	0.002448	0.002374	0.002490	0.002230	37781172
HBZ_USD	2018-09-21	0.002374	0.002280	0.002500	0.002243	37801000
HBZ_USD	2018-09-20	0.002280	0.002245	0.002300	0.002150	36750936
HBZ_USD	2018-09-19	0.002245	0.002221	0.002279	0.002170	38873400
HBZ_USD	2018-09-18	0.002221	0.002217	0.002300	0.002105	38039904
HBZ_USD	2018-09-17	0.002217	0.002214	0.002272	0.002105	37231532
HBZ_USD	2018-09-16	0.002214	0.002293	0.002299	0.002001	40137088
HBZ_USD	2018-09-15	0.002293	0.002296	0.002340	0.002100	40151812
HBZ_USD	2018-09-14	0.002296	0.002182	0.002450	0.002155	37533904
HBZ_USD	2018-09-13	0.002182	0.001988	0.002190	0.001913	37992628
HBZ_USD	2018-09-12	0.001988	0.001943	0.002100	0.001803	35915116
HBZ_USD	2018-09-11	0.001952	0.002212	0.002237	0.001801	32860942
HBZ_USD	2018-09-10	0.002212	0.002233	0.002449	0.002000	36822864
HBZ_USD	2018-09-09	0.002233	0.002342	0.002490	0.001975	33046540
HBZ_USD	2018-09-08	0.002342	0.002582	0.002601	0.002210	35246444
HBZ_USD	2018-09-07	0.002582	0.002790	0.002842	0.002480	33259968
HBZ_USD	2018-09-06	0.002790	0.002525	0.002980	0.002463	30612332
HBZ_USD	2018-09-05	0.002525	0.003530	0.003740	0.002525	44334264
HBZ_USD	2018-09-04	0.003520	0.003852	0.003996	0.003500	32243760
HBZ_USD	2018-09-03	0.003852	0.004093	0.004096	0.003810	32362278
HBZ_USD	2018-09-02	0.004093	0.004136	0.004384	0.004050	35446164
HBZ_USD	2018-09-01	0.004177	0.004051	0.004248	0.003950	37194248
HBZ_USD	2018-08-31	0.004051	0.004024	0.004121	0.003840	36671740
HBZ_USD	2018-08-30	0.004073	0.004387	0.004400	0.003900	43697760
HBZ_USD	2018-08-29	0.004387	0.004412	0.004554	0.004320	35235536
HBZ_USD	2018-08-28	0.004409	0.004311	0.004500	0.004250	38641100
HBZ_USD	2018-08-27	0.004318	0.004213	0.004400	0.004150	27799686
HBZ_USD	2018-08-26	0.004213	0.004526	0.004559	0.004200	28931840
HBZ_USD	2018-08-25	0.004526	0.004803	0.005000	0.004450	31006852
HBZ_USD	2018-08-24	0.004800	0.004996	0.005090	0.004752	26611162
HBZ_USD	2018-08-23	0.004980	0.004908	0.005003	0.004750	28321204
HBZ_USD	2018-08-22	0.004908	0.004634	0.005100	0.004600	29155662
HBZ_USD	2018-08-21	0.004634	0.004140	0.004649	0.004131	29919548
HBZ_USD	2018-08-20	0.004140	0.004183	0.004350	0.004011	33537612
HBZ_USD	2018-08-19	0.004183	0.004121	0.004200	0.003900	33178236
HBZ_USD	2018-08-18	0.004121	0.004300	0.004380	0.003850	33790056
HBZ_USD	2018-08-17	0.004300	0.003785	0.004451	0.003692	31725456
HBZ_USD	2018-08-16	0.003785	0.004278	0.004600	0.003501	35754428
HBZ_USD	2018-08-15	0.004278	0.004179	0.004700	0.004020	34229940
HBZ_USD	2018-08-14	0.004179	0.004461	0.004900	0.003800	34930016
HBZ_USD	2018-08-13	0.004366	0.005509	0.005780	0.004200	39982092
HBZ_USD	2018-08-12	0.005509	0.005753	0.006100	0.005413	33592972
HBZ_USD	2018-08-11	0.005753	0.006005	0.006400	0.004920	34507944
HBZ_USD	2018-08-10	0.006003	0.006611	0.006700	0.005950	37155348
HBZ_USD	2018-08-09	0.006611	0.006272	0.007580	0.006000	32320016
HBZ_USD	2018-08-08	0.006272	0.006946	0.007061	0.006160	37911352
HBZ_USD	2018-08-07	0.006946	0.006870	0.008800	0.006510	51536360
HBZ_USD	2018-08-06	0.006870	0.007250	0.007250	0.006520	34628544
HBZ_USD	2018-08-05	0.007210	0.006454	0.007350	0.006330	34269252
HBZ_USD	2018-08-04	0.006454	0.006646	0.006730	0.006260	33280930
HBZ_USD	2018-08-03	0.006646	0.006316	0.006735	0.006000	34321400
HBZ_USD	2018-08-02	0.006316	0.006740	0.006765	0.006100	35234612
HBZ_USD	2018-08-01	0.006740	0.006681	0.006788	0.006400	34143512
HBZ_USD	2018-07-31	0.006774	0.006751	0.006810	0.006522	31530878
HBZ_USD	2018-07-30	0.006751	0.006736	0.006820	0.006420	36840636
HBZ_USD	2018-07-29	0.006736	0.006659	0.006900	0.006510	36260092
HBZ_USD	2018-07-28	0.006659	0.006684	0.006970	0.006413	36163932
HBZ_USD	2018-07-27	0.006684	0.006781	0.007100	0.006400	39616932
HBZ_USD	2018-07-26	0.006781	0.007287	0.007370	0.006602	40466664
HBZ_USD	2018-07-25	0.007287	0.007600	0.007600	0.007200	39106600
HBZ_USD	2018-07-24	0.007600	0.007416	0.007600	0.007300	40637280
HBZ_USD	2018-07-23	0.007358	0.007543	0.007700	0.007350	41831992
HBZ_USD	2018-07-22	0.007543	0.007593	0.007740	0.007421	43420960
HBZ_USD	2018-07-21	0.007593	0.007375	0.007700	0.007235	42225632
HBZ_USD	2018-07-20	0.007375	0.007829	0.007990	0.007320	43988464
HBZ_USD	2018-07-19	0.007784	0.007700	0.008490	0.007650	45064420
HBZ_USD	2018-07-18	0.007700	0.007999	0.008100	0.007600	43494340
HBZ_USD	2018-07-17	0.007999	0.007743	0.008000	0.007510	47562688
HBZ_USD	2018-07-16	0.007743	0.007373	0.007790	0.007205	40845960
HBZ_USD	2018-07-15	0.007373	0.007208	0.007500	0.007100	20490124
HBZ_USD	2018-07-14	0.007208	0.007234	0.007310	0.007030	40528580
HBZ_USD	2018-07-13	0.007234	0.007234	0.007350	0.007000	40899440
HBZ_USD	2018-07-12	0.007234	0.007197	0.007560	0.006900	40528300
HBZ_USD	2018-07-11	0.007197	0.007156	0.007380	0.007050	40372984
HBZ_USD	2018-07-10	0.007110	0.007696	0.007706	0.007110	39969160
HBZ_USD	2018-07-09	0.007696	0.007747	0.007820	0.007603	43459996
HBZ_USD	2018-07-08	0.007747	0.007833	0.007850	0.007603	40557876
HBZ_USD	2018-07-07	0.007813	0.007712	0.007813	0.007573	43203992
HBZ_USD	2018-07-06	0.007712	0.007572	0.008000	0.007500	46291140
HBZ_USD	2018-07-05	0.007572	0.007627	0.007744	0.007500	45788404
HBZ_USD	2018-07-04	0.007627	0.007616	0.007749	0.007525	46022128
HBZ_USD	2018-07-03	0.007571	0.007600	0.007780	0.007410	20403560
HBZ_USD	2018-07-02	0.007600	0.007334	0.007680	0.007223	20672428
HBZ_USD	2018-07-01	0.007334	0.007168	0.007500	0.006957	37318888
HBZ_USD	2018-06-30	0.007168	0.007284	0.008200	0.006825	49607680
HBZ_USD	2018-06-29	0.007284	0.007181	0.007303	0.006400	41505240
HBZ_USD	2018-06-28	0.007181	0.007330	0.007420	0.007100	39600232
HBZ_USD	2018-06-27	0.007330	0.007306	0.007420	0.007000	41419864
HBZ_USD	2018-06-26	0.007306	0.007950	0.008035	0.007208	49741544
HBZ_USD	2018-06-25	0.007950	0.008600	0.008780	0.007900	49667440
HBZ_USD	2018-06-24	0.008600	0.009172	0.009380	0.008260	49165820
HBZ_USD	2018-06-23	0.009075	0.008600	0.009700	0.008440	40993448
HBZ_USD	2018-06-22	0.008669	0.009474	0.009490	0.008390	54598136
HBZ_USD	2018-06-21	0.009474	0.009600	0.009889	0.009310	46190012
HBZ_USD	2018-06-20	0.009587	0.010175	0.010588	0.009511	54843652
HBZ_USD	2018-06-19	0.010175	0.010180	0.010600	0.009900	58263120
HBZ_USD	2018-06-18	0.010180	0.010021	0.010500	0.009900	51156872
HBZ_USD	2018-06-17	0.010036	0.010037	0.010200	0.009902	49384928
HBZ_USD	2018-06-16	0.010037	0.009872	0.010298	0.009620	52531476
HBZ_USD	2018-06-15	0.009917	0.010724	0.010730	0.009860	57287968
HBZ_USD	2018-06-14	0.010724	0.010059	0.010848	0.010001	62893736
HBZ_USD	2018-06-13	0.010059	0.011369	0.011424	0.009400	68113552
