HGT_USD	2019-04-09	0.154764	0.156983	0.156983	0.152616	0
HGT_USD	2019-04-08	0.156983	0.154770	0.158178	0.151946	0
HGT_USD	2019-04-07	0.154770	0.149890	0.156388	0.149754	0
HGT_USD	2019-04-06	0.149890	0.150011	0.155682	0.146591	0
HGT_USD	2019-04-05	0.150011	0.145603	0.151002	0.145550	0
HGT_USD	2019-04-04	0.145603	0.146897	0.150450	0.142629	0
HGT_USD	2019-04-03	0.146897	0.145505	0.157145	0.143114	0
HGT_USD	2019-04-02	0.145505	0.123887	0.149788	0.123616	0
HGT_USD	2019-04-01	0.123887	0.123596	0.124527	0.123536	0
HGT_USD	2019-03-31	0.122964	0.122887	0.123368	0.122545	0
HGT_USD	2019-03-30	0.122887	0.123303	0.124215	0.121733	0
HGT_USD	2019-03-29	0.123303	0.120751	0.123545	0.120538	0
HGT_USD	2019-03-28	0.120751	0.121046	0.121087	0.120016	0
HGT_USD	2019-03-27	0.121046	0.117774	0.121255	0.117417	0
HGT_USD	2019-03-26	0.117774	0.117133	0.117868	0.116576	0
HGT_USD	2019-03-25	0.117133	0.119243	0.119491	0.116248	0
HGT_USD	2019-03-24	0.119243	0.119883	0.119883	0.118408	0
HGT_USD	2019-03-23	0.119883	0.119460	0.120270	0.119081	0
HGT_USD	2019-03-22	0.119460	0.119343	0.120063	0.119051	0
HGT_USD	2019-03-21	0.119343	0.121772	0.122326	0.118196	0
HGT_USD	2019-03-20	0.121772	0.121196	0.122037	0.120169	0
HGT_USD	2019-03-19	0.121196	0.120195	0.121500	0.119689	0
HGT_USD	2019-03-18	0.120195	0.120054	0.121521	0.119137	0
HGT_USD	2019-03-17	0.120054	0.120668	0.120668	0.119237	0
HGT_USD	2019-03-16	0.120668	0.118113	0.122524	0.118113	0
HGT_USD	2019-03-15	0.118113	0.116540	0.118343	0.116508	0
HGT_USD	2019-03-14	0.116540	0.116484	0.118021	0.114712	0
HGT_USD	2019-03-13	0.116484	0.116664	0.117150	0.115816	0
HGT_USD	2019-03-12	0.116664	0.116596	0.117414	0.114956	0
HGT_USD	2019-03-11	0.116596	0.118001	0.118290	0.115691	0
HGT_USD	2019-03-10	0.118001	0.118473	0.118529	0.116980	0
HGT_USD	2019-03-09	0.118473	0.116266	0.119346	0.116071	0
HGT_USD	2019-03-08	0.116266	0.116977	0.118603	0.114361	0
HGT_USD	2019-03-07	0.116977	0.116588	0.117831	0.116115	0
HGT_USD	2019-03-06	0.116588	0.116546	0.117349	0.115393	0
HGT_USD	2019-03-05	0.116546	0.112120	0.117040	0.111716	0
HGT_USD	2019-03-04	0.112120	0.114614	0.115283	0.111159	0
HGT_USD	2019-03-03	0.114614	0.115455	0.115761	0.113891	0
HGT_USD	2019-03-02	0.115455	0.115570	0.115769	0.113779	0
HGT_USD	2019-03-01	0.115570	0.114935	0.116484	0.114864	0
HGT_USD	2019-02-28	0.114935	0.115095	0.117635	0.114614	0
HGT_USD	2019-02-27	0.115095	0.115021	0.116071	0.111318	0
HGT_USD	2019-02-26	0.115021	0.115767	0.116074	0.114301	0
HGT_USD	2019-02-25	0.115767	0.113088	0.116973	0.113017	0
HGT_USD	2019-02-24	0.113088	0.124282	0.126351	0.112495	0
HGT_USD	2019-02-23	0.124282	0.119933	0.125542	0.118461	0
HGT_USD	2019-02-22	0.119933	0.118314	0.120202	0.117768	0
HGT_USD	2019-02-21	0.118314	0.119808	0.121603	0.117313	0
HGT_USD	2019-02-20	0.119808	0.117768	0.119989	0.117077	0
HGT_USD	2019-02-19	0.117768	0.117400	0.120420	0.116349	0
HGT_USD	2019-02-18	0.117400	0.110220	0.118284	0.109887	0
HGT_USD	2019-02-17	0.110220	0.108474	0.111628	0.108255	0
HGT_USD	2019-02-16	0.108474	0.108111	0.109852	0.108108	0
HGT_USD	2019-02-15	0.108111	0.107912	0.109648	0.107540	0
HGT_USD	2019-02-14	0.107912	0.108252	0.108612	0.107478	0
HGT_USD	2019-02-13	0.108252	0.108996	0.110211	0.107707	0
HGT_USD	2019-02-12	0.108996	0.108609	0.109869	0.107556	0
HGT_USD	2019-02-11	0.108609	0.110555	0.110630	0.108474	0
HGT_USD	2019-02-10	0.110555	0.109710	0.110580	0.108217	0
HGT_USD	2019-02-09	0.109710	0.109878	0.110303	0.108987	0
HGT_USD	2019-02-08	0.109878	0.101381	0.111932	0.101139	0
HGT_USD	2019-02-07	0.101381	0.101850	0.102154	0.101233	0
HGT_USD	2019-02-06	0.101850	0.103623	0.103886	0.101004	0
HGT_USD	2019-02-05	0.103623	0.102986	0.103741	0.102558	0
HGT_USD	2019-02-04	0.102986	0.103319	0.103841	0.102540	0
HGT_USD	2019-02-03	0.103319	0.105010	0.105237	0.102416	0
HGT_USD	2019-02-02	0.105010	0.104381	0.105393	0.103293	0
HGT_USD	2019-02-01	0.104381	0.103349	0.104877	0.102269	0
HGT_USD	2019-01-31	0.103349	0.104142	0.105253	0.102744	0
HGT_USD	2019-01-30	0.104142	0.102617	0.104632	0.101856	0
HGT_USD	2019-01-29	0.102617	0.103301	0.103635	0.100997	0
HGT_USD	2019-01-28	0.103301	0.106134	0.106155	0.101983	0
HGT_USD	2019-01-27	0.106134	0.107187	0.107468	0.104555	0
HGT_USD	2019-01-26	0.107187	0.107072	0.110114	0.106957	0
HGT_USD	2019-01-25	0.107072	0.107757	0.108087	0.106081	0
HGT_USD	2019-01-24	0.107757	0.106804	0.108223	0.105919	0
HGT_USD	2019-01-23	0.106804	0.107370	0.108335	0.105986	0
HGT_USD	2019-01-22	0.107370	0.105656	0.108468	0.103325	0
HGT_USD	2019-01-21	0.105656	0.105806	0.106391	0.104833	0
HGT_USD	2019-01-20	0.105806	0.111082	0.112002	0.104678	0
HGT_USD	2019-01-19	0.111082	0.108453	0.113569	0.108400	0
HGT_USD	2019-01-18	0.108453	0.109772	0.109872	0.107807	0
HGT_USD	2019-01-17	0.109772	0.108326	0.109831	0.106805	0
HGT_USD	2019-01-16	0.108326	0.107878	0.110155	0.107481	0
HGT_USD	2019-01-15	0.107878	0.110616	0.111359	0.107208	0
HGT_USD	2019-01-14	0.110616	0.105976	0.112038	0.105629	0
HGT_USD	2019-01-13	0.105976	0.109236	0.109725	0.105390	0
HGT_USD	2019-01-12	0.109236	0.109607	0.110170	0.108297	0
HGT_USD	2019-01-11	0.109607	0.109548	0.111188	0.108185	0
HGT_USD	2019-01-10	0.109548	0.120479	0.122034	0.108789	0
HGT_USD	2019-01-09	0.120479	0.120951	0.122769	0.119081	0
HGT_USD	2019-01-08	0.120951	0.121382	0.124156	0.119756	0
HGT_USD	2019-01-07	0.121382	0.123082	0.123828	0.120349	0
HGT_USD	2019-01-06	0.123082	0.115419	0.230822	0.114723	0
HGT_USD	2019-01-05	0.115419	0.116754	0.118446	0.115204	0
HGT_USD	2019-01-04	0.116754	0.115679	0.117600	0.113882	0
HGT_USD	2019-01-03	0.115679	0.119497	0.119644	0.115162	0
HGT_USD	2019-01-02	0.119497	0.116782	0.120152	0.115660	0
HGT_USD	2019-01-01	0.116782	0.113017	0.117458	0.111799	0
HGT_USD	2018-12-31	0.113017	0.117219	0.117520	0.111578	0
HGT_USD	2018-12-30	0.117219	0.114558	0.117706	0.113466	0
HGT_USD	2018-12-29	0.114558	0.119104	0.120615	0.114127	0
HGT_USD	2018-12-28	0.119104	0.109577	0.120512	0.109070	0
HGT_USD	2018-12-27	0.109577	0.115950	0.116900	0.108816	0
HGT_USD	2018-12-26	0.115950	0.115227	0.117723	0.112477	0
HGT_USD	2018-12-25	0.115227	0.122300	0.122499	0.112722	0
HGT_USD	2018-12-24	0.122300	0.120113	0.129347	0.120113	0
HGT_USD	2018-12-23	0.120113	0.121730	0.124215	0.119131	0
HGT_USD	2018-12-22	0.121730	0.117189	0.122341	0.115652	0
HGT_USD	2018-12-21	0.117189	0.124350	0.126522	0.115227	0
HGT_USD	2018-12-20	0.124350	0.112416	0.126746	0.111589	0
HGT_USD	2018-12-19	0.112416	0.111511	0.119180	0.110989	0
HGT_USD	2018-12-18	0.111511	0.106966	0.112050	0.104747	0
HGT_USD	2018-12-17	0.106966	0.097365	0.109289	0.096925	0
HGT_USD	2018-12-16	0.097365	0.096984	0.099655	0.096695	0
HGT_USD	2018-12-15	0.096984	0.096813	0.097940	0.094940	0
HGT_USD	2018-12-14	0.096813	0.098882	0.099920	0.095196	0
HGT_USD	2018-12-13	0.098882	0.104362	0.104547	0.098230	0
HGT_USD	2018-12-12	0.104362	0.100968	0.106377	0.100782	0
HGT_USD	2018-12-11	0.101850	0.104001	0.104729	0.100195	0
HGT_USD	2018-12-10	0.104001	0.107565	0.109160	0.102555	0
HGT_USD	2018-12-09	0.107565	0.103446	0.111443	0.102356	0
HGT_USD	2018-12-08	0.103446	0.102047	0.107894	0.097862	0
HGT_USD	2018-12-07	0.102047	0.104449	0.106211	0.096866	0
HGT_USD	2018-12-06	0.104449	0.111136	0.115537	0.103734	0
HGT_USD	2018-12-05	0.111136	0.117492	0.117937	0.110678	0
HGT_USD	2018-12-04	0.117492	0.115152	0.121965	0.112404	0
HGT_USD	2018-12-03	0.115152	0.122730	0.123282	0.113304	0
HGT_USD	2018-12-02	0.122730	0.125188	0.128440	0.121773	0
HGT_USD	2018-12-01	0.125188	0.119149	0.128015	0.117411	0
HGT_USD	2018-11-30	0.119149	0.127220	0.128564	0.117024	0
HGT_USD	2018-11-29	0.127220	0.127053	0.131836	0.123405	0
HGT_USD	2018-11-28	0.127053	0.114611	0.130731	0.114611	0
HGT_USD	2018-11-27	0.114611	0.113795	0.116331	0.109561	0
HGT_USD	2018-11-26	0.113795	0.121114	0.123788	0.109663	0
HGT_USD	2018-11-25	0.121114	0.115972	0.123922	0.108058	0
HGT_USD	2018-11-24	0.115972	0.130493	0.133219	0.113138	0
HGT_USD	2018-11-23	0.130493	0.129589	0.132222	0.125430	0
HGT_USD	2018-11-22	0.129589	0.137824	0.139168	0.129589	0
HGT_USD	2018-11-21	0.137824	0.135390	0.140808	0.130706	0
HGT_USD	2018-11-20	0.135390	0.145694	0.148888	0.127404	0
HGT_USD	2018-11-19	0.145694	0.166982	0.166982	0.144309	0
HGT_USD	2018-11-18	0.166982	0.166014	0.168484	0.165846	0
HGT_USD	2018-11-17	0.166014	0.167012	0.167012	0.164448	0
HGT_USD	2018-11-16	0.167012	0.169699	0.169856	0.163899	0
HGT_USD	2018-11-15	0.169699	0.173630	0.174940	0.160553	0
HGT_USD	2018-11-14	0.173630	0.190734	0.191341	0.168319	0
HGT_USD	2018-11-13	0.190734	0.190217	0.191707	0.188934	0
HGT_USD	2018-11-12	0.190217	0.190598	0.191185	0.189388	0
HGT_USD	2018-11-11	0.190598	0.189748	0.190598	0.187768	0
HGT_USD	2018-11-10	0.189748	0.189427	0.190654	0.189258	0
HGT_USD	2018-11-09	0.189427	0.191179	0.191858	0.188642	0
HGT_USD	2018-11-08	0.191179	0.193926	0.194289	0.191102	0
HGT_USD	2018-11-07	0.193926	0.192232	0.194944	0.192141	0
HGT_USD	2018-11-06	0.192232	0.190902	0.192232	0.190241	0
HGT_USD	2018-11-05	0.190902	0.191344	0.191642	0.189989	0
HGT_USD	2018-11-04	0.191344	0.188474	0.192061	0.187656	0
HGT_USD	2018-11-03	0.188474	0.189627	0.189784	0.186827	0
HGT_USD	2018-11-02	0.189627	0.188825	0.190447	0.188583	0
HGT_USD	2018-11-01	0.188825	0.187898	0.189518	0.187461	0
HGT_USD	2018-10-31	0.187898	0.186768	0.188772	0.184425	0
HGT_USD	2018-10-30	0.186768	0.187178	0.188243	0.186269	0
HGT_USD	2018-10-29	0.187178	0.191492	0.191849	0.186497	0
HGT_USD	2018-10-28	0.191492	0.191787	0.192079	0.190492	0
HGT_USD	2018-10-27	0.191787	0.192710	0.193371	0.191241	0
HGT_USD	2018-10-26	0.192710	0.192610	0.194348	0.192206	0
HGT_USD	2018-10-25	0.192610	0.193377	0.193669	0.192017	0
HGT_USD	2018-10-24	0.193377	0.193259	0.195403	0.193056	0
HGT_USD	2018-10-23	0.193259	0.193767	0.194268	0.192743	0
HGT_USD	2018-10-22	0.193767	0.194380	0.195549	0.193233	0
HGT_USD	2018-10-21	0.194380	0.194307	0.196357	0.194251	0
HGT_USD	2018-10-20	0.194307	0.192584	0.194982	0.192117	0
HGT_USD	2018-10-19	0.192584	0.195124	0.195623	0.192371	0
HGT_USD	2018-10-18	0.195124	0.198715	0.199986	0.193780	0
HGT_USD	2018-10-17	0.198715	0.199393	0.200401	0.197130	0
HGT_USD	2018-10-16	0.199393	0.198921	0.203347	0.197092	0
HGT_USD	2018-10-15	0.198921	0.186863	0.221803	0.185880	0
HGT_USD	2018-10-14	0.186863	0.186662	0.188804	0.186429	0
HGT_USD	2018-10-13	0.186662	0.185797	0.186809	0.185544	0
HGT_USD	2018-10-12	0.185797	0.184564	0.187308	0.183611	0
HGT_USD	2018-10-11	0.184564	0.195626	0.195626	0.183818	0
HGT_USD	2018-10-10	0.195626	0.196593	0.196593	0.192657	0
HGT_USD	2018-10-09	0.196593	0.196894	0.197101	0.194985	0
HGT_USD	2018-10-08	0.196894	0.194761	0.198225	0.194318	0
HGT_USD	2018-10-07	0.194761	0.194493	0.195729	0.192823	0
HGT_USD	2018-10-06	0.194493	0.196053	0.196154	0.193666	0
HGT_USD	2018-10-05	0.196053	0.194144	0.196646	0.193200	0
HGT_USD	2018-10-04	0.194144	0.191874	0.195705	0.191763	0
HGT_USD	2018-10-03	0.191874	0.192911	0.193333	0.189745	0
HGT_USD	2018-10-02	0.192911	0.194758	0.195708	0.192197	0
HGT_USD	2018-10-01	0.194758	0.195292	0.196490	0.192404	0
HGT_USD	2018-09-30	0.195292	0.194870	0.196399	0.192721	0
HGT_USD	2018-09-29	0.194870	0.195767	0.195767	0.190781	0
HGT_USD	2018-09-28	0.195767	0.197357	0.201373	0.193121	0
HGT_USD	2018-09-27	0.197357	0.190672	0.198488	0.190043	0
HGT_USD	2018-09-26	0.190672	0.189857	0.193301	0.188414	0
HGT_USD	2018-09-25	0.189857	0.194292	0.194292	0.187397	0
HGT_USD	2018-09-24	0.194292	0.198010	0.198322	0.193410	0
HGT_USD	2018-09-23	0.198010	0.198396	0.200137	0.196679	0
HGT_USD	2018-09-22	0.198396	3.386209	3.420284	0.197540	0
HGT_USD	2018-09-21	3.386209	3.250257	3.389909	3.248057	0
HGT_USD	2018-09-20	3.250257	3.195907	3.262508	3.178657	0
HGT_USD	2018-09-19	3.195907	3.171407	3.234307	3.056981	0
HGT_USD	2018-09-18	3.171407	3.127406	3.191207	3.115056	0
HGT_USD	2018-09-17	3.127406	3.249258	3.265908	3.106506	0
HGT_USD	2018-09-16	3.249258	3.260058	3.260058	3.190157	0
HGT_USD	2018-09-15	3.260058	3.243657	3.284508	3.236857	0
HGT_USD	2018-09-14	3.243657	3.237807	3.293058	3.186632	0
HGT_USD	2018-09-13	3.237807	0.000032	3.258808	0.000032	0
HGT_USD	2018-09-12	0.000032	0.000031	0.000032	0.000031	0
HGT_USD	2018-09-11	0.000031	0.000032	0.000032	0.000031	0
HGT_USD	2018-09-10	0.000032	0.000031	0.000157	0.000031	0
HGT_USD	2018-09-09	0.000031	0.000031	0.000032	0.000031	0
HGT_USD	2018-09-08	0.000031	0.000032	0.000032	0.000031	0
HGT_USD	2018-09-07	0.000032	0.000033	0.000033	0.000032	0
HGT_USD	2018-09-06	0.000033	0.000034	0.000034	0.000032	0
HGT_USD	2018-09-05	0.000035	0.000037	0.000037	0.000035	0
HGT_USD	2018-09-04	0.000037	0.000036	0.000037	0.000036	0
HGT_USD	2018-09-03	0.000037	0.000036	0.000037	0.000036	0
HGT_USD	2018-09-02	0.000036	0.000036	0.000037	0.000036	0
HGT_USD	2018-09-01	0.000036	0.000035	0.000036	0.000035	0
HGT_USD	2018-08-31	0.000035	0.000035	0.000035	0.000034	0
HGT_USD	2018-08-30	0.000035	0.008315	0.008331	0.000034	0
HGT_USD	2018-08-29	0.008315	0.008353	0.008410	0.008175	0
HGT_USD	2018-08-28	0.008353	0.008146	0.008410	0.008109	0
HGT_USD	2018-08-27	0.008146	0.007916	0.008155	0.007858	0
HGT_USD	2018-08-26	0.007916	0.007952	0.008002	0.007766	0
HGT_USD	2018-08-25	0.007952	0.007899	0.008015	0.007871	0
HGT_USD	2018-08-24	0.007899	0.007702	0.007936	0.007626	0
HGT_USD	2018-08-23	0.007702	0.007499	0.007748	0.007494	0
HGT_USD	2018-08-22	0.007499	0.007645	0.008103	0.007378	0
HGT_USD	2018-08-21	0.007645	0.484954	0.502825	0.007566	0
HGT_USD	2018-08-20	0.484954	0.502794	0.505546	0.483024	0
HGT_USD	2018-08-19	0.502794	0.495475	0.507011	0.489164	0
HGT_USD	2018-08-18	0.495475	0.510797	0.512467	0.488776	0
HGT_USD	2018-08-17	0.510797	0.489248	0.510797	0.487798	0
HGT_USD	2018-08-16	0.489248	0.486031	0.501658	0.482628	0
HGT_USD	2018-08-15	0.486031	0.479504	0.512626	0.479194	0
HGT_USD	2018-08-14	0.479504	0.484620	0.484620	0.456273	0
HGT_USD	2018-08-13	0.484620	0.000032	0.500157	0.000032	0
HGT_USD	2018-08-12	0.000032	0.000031	0.000032	0.000031	0
HGT_USD	2018-08-11	0.000031	0.007956	0.007987	0.000030	0
HGT_USD	2018-08-10	0.007956	0.008455	0.008513	0.007793	0
HGT_USD	2018-08-09	0.008455	0.008099	0.008575	0.008015	0
HGT_USD	2018-08-08	0.008099	0.008666	0.008666	0.007911	0
HGT_USD	2018-08-07	0.008666	0.008950	0.009223	0.008619	0
HGT_USD	2018-08-06	0.008950	0.009072	0.009218	0.008838	0
HGT_USD	2018-08-05	0.009072	0.009038	0.009146	0.008889	0
HGT_USD	2018-08-04	0.009038	0.009567	0.009660	0.008940	0
HGT_USD	2018-08-03	0.009567	0.009720	0.009720	0.009396	0
HGT_USD	2018-08-02	0.009720	0.009817	0.009933	0.009625	0
HGT_USD	2018-08-01	0.009817	0.009991	0.010004	0.009604	0
HGT_USD	2018-07-31	0.009991	0.010541	0.010547	0.009894	0
HGT_USD	2018-07-30	0.010541	0.010647	0.010718	0.010147	0
HGT_USD	2018-07-29	0.010647	0.419255	0.419255	0.010519	0
HGT_USD	2018-07-28	0.419255	0.419255	0.419255	0.413071	0
HGT_USD	2018-07-27	0.007751	0.007751	0.007751	0.007751	0
HGT_USD	2018-07-26	0.007751	0.007646	0.007806	0.007644	0
HGT_USD	2018-07-25	0.007646	0.009128	0.009207	0.000530	0
HGT_USD	2018-07-24	0.009128	0.008331	0.009193	0.008308	0
HGT_USD	2018-07-23	0.008331	0.006809	0.008392	0.006784	0
HGT_USD	2018-07-22	0.006809	0.006774	0.006959	0.006728	0
HGT_USD	2018-07-21	0.006774	0.006709	0.006814	0.006607	0
HGT_USD	2018-07-20	0.006709	0.006838	0.007028	0.006661	0
HGT_USD	2018-07-19	0.006838	0.006666	0.006914	0.006593	0
HGT_USD	2018-07-18	0.006666	0.006625	0.006860	0.006561	0
HGT_USD	2018-07-17	0.006625	0.006096	0.006754	0.006034	0
HGT_USD	2018-07-16	0.006096	0.005744	0.006107	0.005730	0
HGT_USD	2018-07-15	0.005744	0.005563	0.005781	0.005548	0
HGT_USD	2018-07-14	0.005563	0.005411	0.005609	0.005376	0
HGT_USD	2018-07-13	0.005411	0.025019	0.025226	0.005315	0
HGT_USD	2018-07-12	0.025019	0.025607	0.025607	0.024416	0
HGT_USD	2018-07-11	0.025607	0.025298	0.025706	0.025255	0
HGT_USD	2018-07-10	0.025298	329.672577	330.662567	0.025214	0
HGT_USD	2018-07-09	329.672577	332.043640	336.389740	328.494476	0
HGT_USD	2018-07-08	332.043640	334.706726	336.142212	330.741760	0
HGT_USD	2018-07-07	334.706726	326.766876	337.894531	322.346558	0
HGT_USD	2018-07-06	326.766876	0.008208	327.482178	0.000032	0
HGT_USD	2018-07-05	0.008208	0.008270	0.008405	0.008108	0
HGT_USD	2018-07-04	0.008270	0.008157	0.008426	0.008055	0
HGT_USD	2018-07-03	0.008157	0.008305	0.008370	0.000109	0
HGT_USD	2018-07-02	0.008305	0.007936	0.008376	0.000000	0
HGT_USD	2018-07-01	0.007937	0.007989	0.008040	0.007838	0
HGT_USD	2018-06-30	0.007989	0.007754	0.008145	0.007754	0
HGT_USD	2018-06-29	0.007760	0.007312	0.007841	0.007250	0
HGT_USD	2018-06-28	0.007323	0.007667	0.007706	0.007287	0
HGT_USD	2018-06-27	0.007666	0.007613	0.007724	0.007516	0
HGT_USD	2018-06-26	0.007637	0.007845	0.007873	0.007596	0
HGT_USD	2018-06-25	0.007839	0.007683	0.007925	0.007603	0
HGT_USD	2018-06-24	0.007685	0.007700	0.007798	0.007217	0
HGT_USD	2018-06-23	0.007690	0.007553	0.007811	0.007520	0
HGT_USD	2018-06-22	0.007553	0.008392	0.008413	0.007421	0
HGT_USD	2018-06-21	0.008392	0.045968	0.046144	0.008370	0
HGT_USD	2018-06-20	0.045970	0.045814	0.046317	0.044645	0
HGT_USD	2018-06-19	0.045866	0.045671	0.046463	0.045388	0
HGT_USD	2018-06-18	0.045656	0.043845	0.046179	0.043471	0
HGT_USD	2018-06-17	0.043810	0.044144	0.044709	0.043735	0
HGT_USD	2018-06-16	0.044136	0.043450	0.044570	0.043076	0
HGT_USD	2018-06-15	0.043429	0.045198	0.045198	0.043282	0
HGT_USD	2018-06-14	0.045111	0.042838	0.045579	0.042685	0
HGT_USD	2018-06-13	0.042813	0.044532	0.044951	0.041699	0
HGT_USD	2018-06-12	0.044521	0.046753	0.046753	0.043831	0
HGT_USD	2018-06-11	0.046775	0.045986	0.046934	0.045176	0
HGT_USD	2018-06-10	0.045933	0.051028	0.051028	0.045195	0
HGT_USD	2018-06-09	0.051014	0.051822	0.052296	0.050843	0
HGT_USD	2018-06-08	0.051821	0.052302	0.052375	0.051337	0
HGT_USD	2018-06-07	0.052323	0.052085	0.052779	0.052030	0
HGT_USD	2018-06-06	0.052082	0.051910	0.052368	0.051005	0
HGT_USD	2018-06-05	0.051865	0.050963	0.052205	0.050172	0
HGT_USD	2018-06-04	0.051000	0.052568	0.052787	0.050751	0
HGT_USD	2018-06-03	0.052521	0.051937	0.052914	0.051719	0
HGT_USD	2018-06-02	0.051977	0.051222	0.052325	0.050726	0
HGT_USD	2018-06-01	0.051181	0.050941	0.051716	0.050025	0
HGT_USD	2018-05-31	0.050946	0.050129	0.051716	0.049929	0
HGT_USD	2018-05-30	0.050151	0.050764	0.051391	0.049508	0
HGT_USD	2018-05-29	0.050704	0.067489	0.071400	0.050320	0
HGT_USD	2018-05-28	0.067448	0.024231	0.069071	0.023621	0
HGT_USD	2018-05-27	0.024221	0.023233	0.024379	0.022895	0
HGT_USD	2018-05-26	0.023228	0.023637	0.024138	0.023105	0
HGT_USD	2018-05-25	0.023642	0.024016	0.024242	0.023243	0
HGT_USD	2018-05-24	0.024006	0.023786	0.024461	0.023028	0
HGT_USD	2018-05-23	0.023804	0.025288	0.025422	0.023609	0
HGT_USD	2018-05-22	0.025296	0.026613	0.026643	0.025200	0
HGT_USD	2018-05-21	0.026613	0.027018	0.027087	0.026511	0
HGT_USD	2018-05-20	0.027018	0.026079	0.027165	0.025863	0
HGT_USD	2018-05-19	0.026079	0.025912	0.026393	0.025611	0
HGT_USD	2018-05-18	0.025912	0.025335	0.026023	0.024933	0
HGT_USD	2018-05-17	0.025368	0.026256	0.026619	0.025146	0
HGT_USD	2018-05-16	0.026233	0.026541	0.026610	0.025405	0
HGT_USD	2018-05-15	0.026541	0.027169	0.027671	0.026414	0
HGT_USD	2018-05-14	0.027171	0.027223	0.027834	0.025951	0
HGT_USD	2018-05-13	0.027223	0.026569	0.027440	0.026108	0
HGT_USD	2018-05-12	0.026508	0.026310	0.027046	0.025727	0
HGT_USD	2018-05-11	0.026310	0.028364	0.028364	0.026246	0
HGT_USD	2018-05-10	0.028364	0.029212	0.029484	0.028315	0
HGT_USD	2018-05-09	0.029212	0.028783	0.029378	0.028152	0
HGT_USD	2018-05-08	0.028793	0.029340	0.029439	0.000003	0
HGT_USD	2018-05-07	0.029559	0.030281	0.030334	0.028841	0
HGT_USD	2018-05-06	0.030281	0.030926	0.031238	0.029640	0
HGT_USD	2018-05-05	0.030890	0.030434	0.031306	0.030366	0
HGT_USD	2018-05-04	0.030434	0.030518	0.030661	0.029881	0
HGT_USD	2018-05-03	0.030518	0.029738	0.030740	0.028664	0
HGT_USD	2018-05-02	0.029738	0.029102	0.029848	0.028825	0
HGT_USD	2018-05-01	0.029102	0.029463	0.029472	0.028188	0
HGT_USD	2018-04-30	0.029463	0.029793	0.029957	0.028897	0
HGT_USD	2018-04-29	0.029793	0.029420	0.030163	0.029023	0
HGT_USD	2018-04-28	0.029420	0.028038	0.029717	0.027859	0
HGT_USD	2018-04-27	0.028038	0.044014	0.044436	0.027958	0
HGT_USD	2018-04-26	0.044014	0.041670	0.044071	0.040681	0
HGT_USD	2018-04-25	0.041670	0.073345	0.073558	0.041110	0
HGT_USD	2018-04-24	0.073345	0.067942	0.074009	0.067869	0
HGT_USD	2018-04-23	0.067942	0.042283	0.068444	0.042153	0
HGT_USD	2018-04-22	0.042283	0.029551	0.043094	0.029181	0
HGT_USD	2018-04-21	0.029551	0.029318	0.029842	0.028486	0
HGT_USD	2018-04-20	0.029318	0.027638	0.029514	0.027436	0
HGT_USD	2018-04-19	0.027638	0.027072	0.027688	0.026883	0
HGT_USD	2018-04-18	0.027072	0.026077	0.027262	0.026028	0
HGT_USD	2018-04-17	0.026077	0.026504	0.026864	0.025791	0
HGT_USD	2018-04-16	0.026504	0.027495	0.027652	0.025996	0
HGT_USD	2018-04-15	0.027495	0.026337	0.027708	0.026331	0
HGT_USD	2018-04-14	0.026337	0.025882	0.026876	0.025696	0
HGT_USD	2018-04-13	0.025882	0.028365	0.047662	0.025507	0
HGT_USD	2018-04-12	0.028365	0.024887	0.028907	0.024239	0
HGT_USD	2018-04-11	0.024887	0.024521	0.024997	0.024361	0
HGT_USD	2018-04-10	0.024521	0.025930	0.041087	0.023851	0
HGT_USD	2018-04-09	0.025930	0.026866	0.027512	0.025360	0
HGT_USD	2018-04-08	0.026866	0.026379	0.027219	0.026365	0
HGT_USD	2018-04-07	0.026379	0.025332	0.027052	0.025277	0
HGT_USD	2018-04-06	0.025332	0.025898	0.026213	0.024927	0
HGT_USD	2018-04-05	0.025898	0.025959	0.026427	0.025138	0
HGT_USD	2018-04-04	0.025959	0.028323	0.028369	0.025613	0
HGT_USD	2018-04-03	0.028323	0.057127	0.059077	0.027845	0
HGT_USD	2018-04-02	0.057127	0.014778	0.060713	0.014701	0
HGT_USD	2018-04-01	0.014778	0.015028	0.015255	0.013964	0
HGT_USD	2018-03-31	0.015028	0.014878	0.015707	0.014775	0
HGT_USD	2018-03-30	0.014878	0.015426	0.015786	0.014308	0
HGT_USD	2018-03-29	0.015426	0.017272	0.017317	0.014994	0
HGT_USD	2018-03-28	0.017272	0.016930	0.028879	0.016812	0
HGT_USD	2018-03-27	0.016930	0.017671	0.017848	0.016837	0
HGT_USD	2018-03-26	0.017671	0.018326	0.018438	0.017071	0
HGT_USD	2018-03-25	0.018326	0.025136	0.025516	0.018192	0
HGT_USD	2018-03-24	0.025136	0.026306	0.026624	0.025108	0
HGT_USD	2018-03-23	0.026306	0.026194	0.026309	0.024861	0
HGT_USD	2018-03-22	0.026194	0.026744	0.027303	0.025479	0
HGT_USD	2018-03-21	0.026744	0.026733	0.027544	0.026323	0
HGT_USD	2018-03-20	0.026733	0.025843	0.027118	0.024985	0
HGT_USD	2018-03-19	0.025843	0.024663	0.026140	0.024377	0
HGT_USD	2018-03-18	0.024663	0.023650	0.024837	0.022007	0
HGT_USD	2018-03-17	0.023650	0.022844	0.024125	0.021657	0
HGT_USD	2018-03-16	0.022844	0.022740	0.023666	0.021775	0
HGT_USD	2018-03-15	0.022740	0.022549	0.023153	0.021158	0
HGT_USD	2018-03-14	0.022549	0.025167	0.025767	0.021829	0
HGT_USD	2018-03-13	0.025167	0.025125	0.026101	0.024372	0
HGT_USD	2018-03-12	0.025125	0.026201	0.027253	0.024252	0
HGT_USD	2018-03-11	0.026201	0.024472	0.026758	0.023513	0
HGT_USD	2018-03-10	0.024472	0.025770	0.026548	0.024349	0
HGT_USD	2018-03-09	0.025770	0.028362	0.028730	0.022294	0
HGT_USD	2018-03-08	0.028362	0.029200	0.031313	0.004410	0
HGT_USD	2018-03-07	0.029200	0.031686	0.032204	0.027880	0
HGT_USD	2018-03-06	0.031686	0.033946	0.033946	0.031270	0
HGT_USD	2018-03-05	0.033946	0.074914	0.075575	0.033541	0
HGT_USD	2018-03-04	0.074914	0.074443	0.075139	0.072013	0
HGT_USD	2018-03-03	0.074443	0.089351	0.146853	0.073360	0
HGT_USD	2018-03-02	0.089361	0.088560	0.090660	0.087348	0
