HOT_USD	2019-04-09	0.001282	0.001310	0.001310	0.001271	2711597
HOT_USD	2019-04-08	0.001310	0.001308	0.001345	0.001258	3172135
HOT_USD	2019-04-07	0.001308	0.001335	0.001340	0.001302	803958
HOT_USD	2019-04-06	0.001335	0.001310	0.001349	0.001310	832904
HOT_USD	2019-04-05	0.001310	0.001201	0.001314	0.001201	1894245
HOT_USD	2019-04-04	0.001201	0.001295	0.001295	0.001201	3127197
HOT_USD	2019-04-03	0.001295	0.001254	0.001316	0.001254	1467346
HOT_USD	2019-04-02	0.001254	0.001151	0.001254	0.001151	1700730
HOT_USD	2019-04-01	0.001151	0.001154	0.001154	0.001151	1095069
HOT_USD	2019-03-31	0.001156	0.001152	0.001158	0.001147	515740
HOT_USD	2019-03-30	0.001152	0.001162	0.001162	0.001152	513622
HOT_USD	2019-03-29	0.001162	0.001151	0.001162	0.001138	389279
HOT_USD	2019-03-28	0.001151	0.001104	0.001180	0.001098	1633545
HOT_USD	2019-03-27	0.001104	0.001080	0.001104	0.001080	698047
HOT_USD	2019-03-26	0.001080	0.001100	0.001120	0.001080	623482
HOT_USD	2019-03-25	0.001100	0.001150	0.001150	0.001100	641298
HOT_USD	2019-03-24	0.001150	0.001170	0.001180	0.001130	83052
HOT_USD	2019-03-23	0.001170	0.001190	0.001210	0.001170	1465925
HOT_USD	2019-03-22	0.001190	0.001160	0.001190	0.001160	244716
HOT_USD	2019-03-21	0.001160	0.001190	0.001230	0.001150	418856
HOT_USD	2019-03-20	0.001190	0.001170	0.001200	0.001160	973514
HOT_USD	2019-03-19	0.001170	0.001140	0.001170	0.001140	117195
HOT_USD	2019-03-18	0.001140	0.001190	0.001200	0.001140	555510
HOT_USD	2019-03-17	0.001190	0.001230	0.001230	0.001150	1257991
HOT_USD	2019-03-16	0.001230	0.001120	0.001350	0.001120	4294180
HOT_USD	2019-03-15	0.001120	0.001050	0.001120	0.001050	400643
HOT_USD	2019-03-14	0.001050	0.001040	0.001050	0.001030	407628
HOT_USD	2019-03-13	0.001040	0.001060	0.001070	0.001040	251784
HOT_USD	2019-03-12	0.001060	0.001030	0.001180	0.001000	960702
HOT_USD	2019-03-11	0.001030	0.001060	0.001090	0.001030	389453
HOT_USD	2019-03-10	0.001060	0.001070	0.001080	0.001060	597169
HOT_USD	2019-03-09	0.001070	0.001120	0.001130	0.001070	1705398
HOT_USD	2019-03-08	0.001120	0.001030	0.001180	0.001030	5389573
HOT_USD	2019-03-07	0.001030	0.001050	0.001060	0.001000	1154371
HOT_USD	2019-03-06	0.001050	0.001080	0.001100	0.001030	365199
HOT_USD	2019-03-05	0.001080	0.001000	0.001110	0.001000	2687208
HOT_USD	2019-03-04	0.001000	0.001060	0.001080	0.000980	1325165
HOT_USD	2019-03-03	0.001060	0.001120	0.001150	0.001060	908061
HOT_USD	2019-03-02	0.001120	0.001070	0.001200	0.001070	3810931
HOT_USD	2019-03-01	0.001070	0.001080	0.001090	0.001060	1369123
HOT_USD	2019-02-28	0.001080	0.001090	0.001120	0.001050	7591534
HOT_USD	2019-02-27	0.001090	0.001170	0.001170	0.001050	8223617
HOT_USD	2019-02-26	0.001170	0.001200	0.001200	0.001130	929865
HOT_USD	2019-02-25	0.001200	0.001170	0.001250	0.001160	2508524
HOT_USD	2019-02-24	0.001170	0.001380	0.001400	0.001170	4446712
HOT_USD	2019-02-23	0.001380	0.001340	0.001390	0.001330	2569827
HOT_USD	2019-02-22	0.001340	0.001360	0.001370	0.001320	2852875
HOT_USD	2019-02-21	0.001360	0.001400	0.001400	0.001330	2065118
HOT_USD	2019-02-20	0.001400	0.001450	0.001460	0.001400	1065790
HOT_USD	2019-02-19	0.001450	0.001470	0.001520	0.001440	1065412
HOT_USD	2019-02-18	0.001470	0.001250	0.001510	0.001250	4935613
HOT_USD	2019-02-17	0.001250	0.001350	0.001350	0.001220	1905416
HOT_USD	2019-02-16	0.001350	0.001310	0.001400	0.001260	3065007
HOT_USD	2019-02-15	0.001310	0.001200	0.001320	0.001150	1650107
HOT_USD	2019-02-14	0.001200	0.001170	0.001210	0.001170	152238
HOT_USD	2019-02-13	0.001170	0.001170	0.001210	0.001160	844167
HOT_USD	2019-02-12	0.001170	0.001250	0.001260	0.001170	5255447
HOT_USD	2019-02-11	0.001250	0.001170	0.001250	0.001150	4133941
HOT_USD	2019-02-10	0.001170	0.001130	0.001180	0.001100	989824
HOT_USD	2019-02-09	0.001130	0.001100	0.001210	0.001100	2819458
HOT_USD	2019-02-08	0.001100	0.001070	0.001150	0.001050	2287148
HOT_USD	2019-02-07	0.001070	0.001140	0.001150	0.001070	5781787
HOT_USD	2019-02-06	0.001140	0.001240	0.001240	0.001090	2470457
HOT_USD	2019-02-05	0.001240	0.001190	0.001380	0.001170	5614980
HOT_USD	2019-02-04	0.001190	0.001140	0.001270	0.001140	2694219
HOT_USD	2019-02-03	0.001140	0.001210	0.001210	0.001140	521681
HOT_USD	2019-02-02	0.001210	0.001280	0.001290	0.001150	2824190
HOT_USD	2019-02-01	0.001280	0.001050	0.001310	0.001050	6159525
HOT_USD	2019-01-31	0.001050	0.001090	0.001130	0.000990	1937136
HOT_USD	2019-01-30	0.001090	0.001170	0.001290	0.001090	4600284
HOT_USD	2019-01-29	0.001170	0.001462	0.001462	0.001130	18183446
HOT_USD	2019-01-28	0.001462	0.001462	0.001462	0.001462	0
HOT_USD	2019-01-27	0.001462	0.001261	0.001532	0.001184	4772727
HOT_USD	2019-01-26	0.001261	0.001018	0.001282	0.000985	7529109
HOT_USD	2019-01-25	0.001018	0.001046	0.001057	0.001010	2075066
HOT_USD	2019-01-24	0.001046	0.000775	0.001046	0.000775	9971020
HOT_USD	2019-01-23	0.000775	0.000702	0.000775	0.000692	3215338
HOT_USD	2019-01-22	0.000702	0.000702	0.000715	0.000696	1041459
HOT_USD	2019-01-21	0.000702	0.000715	0.000725	0.000702	1591480
HOT_USD	2019-01-20	0.000715	0.000728	0.000739	0.000623	5545107
HOT_USD	2019-01-19	0.000728	0.000588	0.000728	0.000588	1699441
HOT_USD	2019-01-18	0.000588	0.000584	0.000588	0.000576	750153
HOT_USD	2019-01-17	0.000584	0.000599	0.000601	0.000582	985889
HOT_USD	2019-01-16	0.000599	0.000582	0.000599	0.000580	1188363
HOT_USD	2019-01-15	0.000582	0.000609	0.000627	0.000582	2826773
HOT_USD	2019-01-14	0.000609	0.000537	0.000609	0.000537	3563930
HOT_USD	2019-01-13	0.000537	0.000584	0.000584	0.000531	2125891
HOT_USD	2019-01-12	0.000584	0.000579	0.000584	0.000570	1005140
HOT_USD	2019-01-11	0.000579	0.000546	0.000585	0.000543	28416436
HOT_USD	2019-01-10	0.000546	0.000647	0.000650	0.000541	33228196
HOT_USD	2019-01-09	0.000647	0.000683	0.000752	0.000647	34052112
HOT_USD	2019-01-08	0.000683	0.000560	0.000697	0.000550	54294520
HOT_USD	2019-01-07	0.000560	0.000504	0.000564	0.000504	53913832
HOT_USD	2019-01-06	0.000504	0.000449	0.000510	0.000445	53384888
HOT_USD	2019-01-05	0.000449	0.000447	0.000453	0.000443	52905704
HOT_USD	2019-01-04	0.000447	0.000443	0.000452	0.000436	56486264
HOT_USD	2019-01-03	0.000443	0.000455	0.000457	0.000441	58745772
HOT_USD	2019-01-02	0.000455	0.000449	0.000458	0.000449	65585752
HOT_USD	2019-01-01	0.000449	0.000447	0.000451	0.000435	64361616
HOT_USD	2018-12-31	0.000447	0.000454	0.000456	0.000445	69491480
HOT_USD	2018-12-30	0.000454	0.000443	0.000456	0.000435	67485608
HOT_USD	2018-12-29	0.000443	0.000459	0.000465	0.000443	76895000
HOT_USD	2018-12-28	0.000459	0.000425	0.000460	0.000418	56746368
HOT_USD	2018-12-27	0.000425	0.000454	0.000456	0.000425	81742792
HOT_USD	2018-12-26	0.000454	0.000453	0.000462	0.000442	68048688
HOT_USD	2018-12-25	0.000453	0.000489	0.000490	0.000445	72121080
HOT_USD	2018-12-24	0.000489	0.000505	0.000541	0.000486	80644232
HOT_USD	2018-12-23	0.000505	0.000492	0.000517	0.000491	74475504
HOT_USD	2018-12-22	0.000492	0.000476	0.000492	0.000473	71799120
HOT_USD	2018-12-21	0.000476	0.000505	0.000520	0.000475	63075360
HOT_USD	2018-12-20	0.000505	0.000466	0.000513	0.000463	62919432
HOT_USD	2018-12-19	0.000466	0.000470	0.000497	0.000464	65789036
HOT_USD	2018-12-18	0.000470	0.000469	0.000473	0.000461	65958576
HOT_USD	2018-12-17	0.000469	0.000418	0.000469	0.000416	64418056
HOT_USD	2018-12-16	0.000418	0.000414	0.000422	0.000414	59789552
HOT_USD	2018-12-15	0.000414	0.000419	0.000420	0.000407	54758880
HOT_USD	2018-12-14	0.000419	0.000428	0.000428	0.000416	71010080
HOT_USD	2018-12-13	0.000428	0.000443	0.000443	0.000427	70367200
HOT_USD	2018-12-12	0.000443	0.000433	0.000445	0.000430	51965136
HOT_USD	2018-12-11	0.000433	0.000462	0.000463	0.000431	66290588
HOT_USD	2018-12-10	0.000462	0.000490	0.000498	0.000457	938379313152
HOT_USD	2018-12-09	0.000490	0.000473	0.000521	0.000463	0
HOT_USD	2018-12-08	0.000473	0.000484	0.000508	0.000437	0
HOT_USD	2018-12-07	0.000484	0.000416	0.000504	0.000374	0
HOT_USD	2018-12-06	0.000416	0.000461	0.000474	0.000412	0
HOT_USD	2018-12-05	0.000461	0.000499	0.000501	0.000461	0
HOT_USD	2018-12-04	0.000499	0.000492	0.000519	0.000479	0
HOT_USD	2018-12-03	0.000492	0.000526	0.000528	0.000481	0
HOT_USD	2018-12-02	0.000526	0.000538	0.000549	0.000525	0
HOT_USD	2018-12-01	0.000538	0.000512	0.000551	0.000503	0
HOT_USD	2018-11-30	0.000512	0.000533	0.000543	0.000505	0
HOT_USD	2018-11-29	0.000533	0.000558	0.000562	0.000519	0
HOT_USD	2018-11-28	0.000558	0.000503	0.000575	0.000503	0
HOT_USD	2018-11-27	0.000503	0.000498	0.000515	0.000464	0
HOT_USD	2018-11-26	0.000498	0.000536	0.000545	0.000482	0
HOT_USD	2018-11-25	0.000536	0.000519	0.000544	0.000467	0
HOT_USD	2018-11-24	0.000519	0.000564	0.000583	0.000504	0
HOT_USD	2018-11-23	0.000564	0.000573	0.000578	0.000540	0
HOT_USD	2018-11-22	0.000573	0.000624	0.000631	0.000573	0
HOT_USD	2018-11-21	0.000624	0.000606	0.000636	0.000574	0
HOT_USD	2018-11-20	0.000606	0.000681	0.000694	0.000577	0
HOT_USD	2018-11-19	0.000681	0.000805	0.000805	0.000668	0
HOT_USD	2018-11-18	0.000805	0.000792	0.000819	0.000792	0
HOT_USD	2018-11-17	0.000792	0.000797	0.000799	0.000784	0
HOT_USD	2018-11-16	0.000797	0.000829	0.000831	0.000782	0
HOT_USD	2018-11-15	0.000829	0.000837	0.000852	0.000774	0
HOT_USD	2018-11-14	0.000837	0.000946	0.000951	0.000800	0
HOT_USD	2018-11-13	0.000946	0.000957	0.000960	0.000941	0
HOT_USD	2018-11-12	0.000957	0.000960	0.000964	0.000949	0
HOT_USD	2018-11-11	0.000960	0.000959	0.000962	0.000941	0
HOT_USD	2018-11-10	0.000959	0.000950	0.000970	0.000947	0
HOT_USD	2018-11-09	0.000950	0.000957	0.000969	0.000943	0
HOT_USD	2018-11-08	0.000957	0.000985	0.000992	0.000957	0
HOT_USD	2018-11-07	0.000985	0.000994	0.001013	0.000978	0
HOT_USD	2018-11-06	0.000994	0.000949	0.000994	0.000941	0
HOT_USD	2018-11-05	0.000949	0.000954	0.000957	0.000936	0
HOT_USD	2018-11-04	0.000954	0.000900	0.000983	0.000896	0
HOT_USD	2018-11-03	0.000900	0.000910	0.000911	0.000897	0
HOT_USD	2018-11-02	0.000910	0.000899	0.000920	0.000885	0
HOT_USD	2018-11-01	0.000899	0.001166	0.001169	0.000880	0
HOT_USD	2018-10-31	0.001166	0.000891	0.001173	0.000873	0
HOT_USD	2018-10-30	0.000891	0.000888	0.000895	0.000884	0
HOT_USD	2018-10-29	0.000888	0.000924	0.000926	0.000883	0
HOT_USD	2018-10-28	0.000924	0.000921	0.000926	0.000919	0
HOT_USD	2018-10-27	0.000921	0.000925	0.000928	0.000916	0
HOT_USD	2018-10-26	0.000925	0.000919	0.000938	0.000918	0
HOT_USD	2018-10-25	0.000919	0.000926	0.000928	0.000915	0
HOT_USD	2018-10-24	0.000926	0.000929	0.000938	0.000925	0
HOT_USD	2018-10-23	0.000929	0.001214	0.001223	0.000918	0
HOT_USD	2018-10-22	0.001214	0.001226	0.001236	0.001209	0
HOT_USD	2018-10-21	0.001226	0.001232	0.001251	0.001226	0
HOT_USD	2018-10-20	0.001232	0.001127	0.001236	0.001120	0
HOT_USD	2018-10-19	0.001127	0.001133	0.001140	0.001122	0
HOT_USD	2018-10-18	0.001133	0.001065	0.001181	0.000972	0
HOT_USD	2018-10-17	0.001065	0.001184	0.001192	0.001060	0
HOT_USD	2018-10-16	0.001184	0.001265	0.001291	0.001166	0
HOT_USD	2018-10-15	0.001265	0.001162	0.001405	0.001149	0
HOT_USD	2018-10-14	0.001162	0.001193	0.001201	0.001155	0
HOT_USD	2018-10-13	0.001193	0.001169	0.001201	0.001167	0
HOT_USD	2018-10-12	0.001169	0.000794	0.001190	0.000792	0
HOT_USD	2018-10-11	0.000794	0.000932	0.001205	0.000791	0
HOT_USD	2018-10-10	0.000932	0.001371	0.001372	0.000929	0
HOT_USD	2018-10-09	0.001371	0.001402	0.001406	0.001363	0
HOT_USD	2018-10-08	0.001402	0.001398	0.001415	0.001149	0
HOT_USD	2018-10-07	0.001398	0.001194	0.001406	0.001138	0
HOT_USD	2018-10-06	0.001194	0.001258	0.001308	0.001184	0
HOT_USD	2018-10-05	0.001258	0.001176	0.001272	0.001020	0
HOT_USD	2018-10-04	0.001176	0.000975	0.001182	0.000971	0
HOT_USD	2018-10-03	0.000975	0.000981	0.001004	0.000933	0
HOT_USD	2018-10-02	0.000981	0.000972	0.001069	0.000960	0
HOT_USD	2018-10-01	0.000972	0.000982	0.001089	0.000960	0
HOT_USD	2018-09-30	0.000982	0.001079	0.001110	0.000970	0
HOT_USD	2018-09-29	0.001079	0.001008	0.001097	0.000971	0
HOT_USD	2018-09-28	0.001008	0.001004	0.001056	0.000961	0
HOT_USD	2018-09-27	0.001004	0.000987	0.001056	0.000963	0
HOT_USD	2018-09-26	0.000987	0.000994	0.001016	0.000960	0
HOT_USD	2018-09-25	0.000994	0.001044	0.001044	0.000946	0
HOT_USD	2018-09-24	0.001044	0.001084	0.001099	0.001033	0
HOT_USD	2018-09-23	0.001084	0.001062	0.001137	0.001053	0
HOT_USD	2018-09-22	0.001062	0.001099	0.001129	0.001043	0
HOT_USD	2018-09-21	0.001099	0.001001	0.001157	0.000982	0
HOT_USD	2018-09-20	0.001001	0.001120	0.001130	0.000868	0
HOT_USD	2018-09-19	0.001120	0.001115	0.001140	0.001052	0
HOT_USD	2018-09-18	0.001115	0.000938	0.001144	0.000926	0
HOT_USD	2018-09-17	0.000938	0.001092	0.001115	0.000919	0
HOT_USD	2018-09-16	0.001092	0.001107	0.001121	0.001019	0
HOT_USD	2018-09-15	0.001107	0.001044	0.001131	0.001034	0
HOT_USD	2018-09-14	0.001044	0.001047	0.001110	0.001010	0
HOT_USD	2018-09-13	0.001047	0.000910	0.001068	0.000910	0
HOT_USD	2018-09-12	0.000910	0.000921	0.000921	0.000834	0
HOT_USD	2018-09-11	0.000921	0.000979	0.000989	0.000886	0
HOT_USD	2018-09-10	0.000979	0.000972	0.001007	0.000929	0
HOT_USD	2018-09-09	0.000972	0.000978	0.001036	0.000923	0
HOT_USD	2018-09-08	0.000978	0.001071	0.001093	0.000949	0
HOT_USD	2018-09-07	0.001071	0.001142	0.001164	0.001062	0
HOT_USD	2018-09-06	0.001142	0.001133	0.001152	0.001054	0
HOT_USD	2018-09-05	0.001133	0.001418	0.001429	0.001127	0
HOT_USD	2018-09-04	0.001418	0.001438	0.001455	0.001405	0
HOT_USD	2018-09-03	0.001438	0.001136	0.001599	0.001104	0
HOT_USD	2018-09-02	0.001136	0.000861	0.001196	0.000848	0
HOT_USD	2018-09-01	0.000861	0.000801	0.000889	0.000789	0
HOT_USD	2018-08-31	0.000801	0.000833	0.000833	0.000760	0
HOT_USD	2018-08-30	0.000833	0.000847	0.000853	0.000798	0
HOT_USD	2018-08-29	0.000847	0.000783	0.000869	0.000770	0
HOT_USD	2018-08-28	0.000783	0.000620	0.000789	0.000611	0
HOT_USD	2018-08-27	0.000620	0.000593	0.000620	0.000587	0
HOT_USD	2018-08-26	0.000593	0.000599	0.000600	0.000582	0
HOT_USD	2018-08-25	0.000599	0.000608	0.000611	0.000598	0
HOT_USD	2018-08-24	0.000608	0.000593	0.000611	0.000584	0
HOT_USD	2018-08-23	0.000593	0.000564	0.000602	0.000561	0
HOT_USD	2018-08-22	0.000564	0.000579	0.000616	0.000544	0
HOT_USD	2018-08-21	0.000579	0.000543	0.000588	0.000542	0
HOT_USD	2018-08-20	0.000543	0.000590	0.000651	0.000542	0
HOT_USD	2018-08-19	0.000590	0.000588	0.000619	0.000575	0
HOT_USD	2018-08-18	0.000588	0.000631	0.000642	0.000554	0
HOT_USD	2018-08-17	0.000631	0.000548	0.000662	0.000545	0
HOT_USD	2018-08-16	0.000548	0.000559	0.000597	0.000528	0
HOT_USD	2018-08-15	0.000559	0.000562	0.000608	0.000551	0
HOT_USD	2018-08-14	0.000562	0.000579	0.000579	0.000512	0
HOT_USD	2018-08-13	0.000579	0.000671	0.000681	0.000579	0
HOT_USD	2018-08-12	0.000671	0.000636	0.000689	0.000630	0
HOT_USD	2018-08-11	0.000636	0.000661	0.000661	0.000611	0
HOT_USD	2018-08-10	0.000661	0.000745	0.000751	0.000650	0
HOT_USD	2018-08-09	0.000745	0.000644	0.000771	0.000615	0
HOT_USD	2018-08-08	0.000644	0.000661	0.000716	0.000636	0
HOT_USD	2018-08-07	0.000661	0.000794	0.000798	0.000661	0
HOT_USD	2018-08-06	0.000794	0.000572	0.000798	0.000572	0
HOT_USD	2018-08-05	0.000572	0.000545	0.000575	0.000544	0
HOT_USD	2018-08-04	0.000545	0.000601	0.000612	0.000540	0
HOT_USD	2018-08-03	0.000601	0.000608	0.000609	0.000533	0
HOT_USD	2018-08-02	0.000608	0.000617	0.000641	0.000590	0
HOT_USD	2018-08-01	0.000617	0.000605	0.000625	0.000564	0
HOT_USD	2018-07-31	0.000605	0.000708	0.000709	0.000582	0
HOT_USD	2018-07-30	0.000708	0.000723	0.000727	0.000679	0
HOT_USD	2018-07-29	0.000723	0.000798	0.000798	0.000720	0
HOT_USD	2018-07-28	0.000798	0.000802	0.000807	0.000764	0
HOT_USD	2018-07-27	0.000802	0.000802	0.000807	0.000774	0
HOT_USD	2018-07-26	0.000802	0.000835	0.000846	0.000757	0
HOT_USD	2018-07-25	0.000835	0.000922	0.000931	0.000822	0
HOT_USD	2018-07-24	0.000922	0.001105	0.001107	0.000738	0
HOT_USD	2018-07-23	0.001105	0.000605	0.001139	0.000562	0
HOT_USD	2018-07-22	0.000605	0.000521	0.000744	0.000517	0
HOT_USD	2018-07-21	0.000521	0.000503	0.000589	0.000468	0
HOT_USD	2018-07-20	0.000503	0.000455	0.000504	0.000417	0
HOT_USD	2018-07-19	0.000455	0.000493	0.000493	0.000427	0
HOT_USD	2018-07-18	0.000493	0.000434	0.000525	0.000398	0
HOT_USD	2018-07-17	0.000434	0.000417	0.000460	0.000397	0
HOT_USD	2018-07-16	0.000417	0.000463	0.000491	0.000398	0
HOT_USD	2018-07-15	0.000463	0.000425	0.000469	0.000425	0
HOT_USD	2018-07-14	0.000425	0.000363	0.000430	0.000342	0
HOT_USD	2018-07-13	0.000363	0.000395	0.000438	0.000358	0
HOT_USD	2018-07-12	0.000395	0.000396	0.000443	0.000358	0
HOT_USD	2018-07-11	0.000396	0.000398	0.000407	0.000381	0
HOT_USD	2018-07-10	0.000398	0.000428	0.000431	0.000394	0
HOT_USD	2018-07-09	0.000428	0.000472	0.000473	0.000426	0
HOT_USD	2018-07-08	0.000472	0.000448	0.000476	0.000444	0
HOT_USD	2018-07-07	0.000448	0.000451	0.000457	0.000430	0
HOT_USD	2018-07-06	0.000451	0.000459	0.000465	0.000438	0
HOT_USD	2018-07-05	0.000459	0.000467	0.000506	0.000442	0
HOT_USD	2018-07-04	0.000467	0.000416	0.000566	0.000406	0
HOT_USD	2018-07-03	0.000416	0.000505	0.000515	0.000414	0
HOT_USD	2018-07-02	0.000505	0.000416	0.000511	0.000000	0
HOT_USD	2018-07-01	0.000418	0.000418	0.000418	0.000418	0
HOT_USD	2018-06-30	0.000366	0.000366	0.000366	0.000366	0
HOT_USD	2018-06-29	0.000351	0.000378	0.000378	0.000344	0
