ICN_USD	2019-03-19	0.38134	0.38134	0.38134	0.38134	0
ICN_USD	2019-01-31	0.38134	0.38134	0.38134	0.38134	0
ICN_USD	2019-01-30	0.38134	0.38134	0.38134	0.38134	0
ICN_USD	2019-01-29	0.38134	0.38134	0.38134	0.38134	0
ICN_USD	2019-01-28	0.38134	0.38134	0.38134	0.38134	0
ICN_USD	2019-01-27	0.38134	0.38134	0.38134	0.38134	0
ICN_USD	2019-01-26	0.38134	0.38134	0.38134	0.38134	0
ICN_USD	2019-01-25	0.38134	0.38134	0.38134	0.38134	0
ICN_USD	2019-01-24	0.38134	0.38134	0.38134	0.38134	0
ICN_USD	2019-01-23	0.38134	0.38134	0.38134	0.38134	0
ICN_USD	2019-01-22	0.38134	0.38134	0.38134	0.38134	0
ICN_USD	2019-01-21	0.38134	0.38134	0.38134	0.38134	0
ICN_USD	2019-01-20	0.38134	0.38134	0.38134	0.38134	0
ICN_USD	2019-01-19	0.38134	0.38134	0.38134	0.38134	0
ICN_USD	2019-01-18	0.38134	0.38134	0.38134	0.38134	0
ICN_USD	2019-01-17	0.38134	0.38134	0.38134	0.38134	0
ICN_USD	2019-01-16	0.38134	0.38134	0.38134	0.38134	0
ICN_USD	2019-01-15	0.38134	0.38134	0.38134	0.38134	0
ICN_USD	2019-01-14	0.38134	0.38134	0.38134	0.38134	0
ICN_USD	2019-01-13	0.38134	0.38134	0.38134	0.38134	0
ICN_USD	2019-01-12	0.38134	0.38134	0.38134	0.38134	0
ICN_USD	2019-01-11	0.38134	0.38134	0.38134	0.38134	0
ICN_USD	2019-01-10	0.38134	0.38134	0.38134	0.38134	0
ICN_USD	2019-01-09	0.38134	0.38134	0.38134	0.38134	0
ICN_USD	2019-01-08	0.38134	0.38134	0.38134	0.38134	0
ICN_USD	2019-01-07	0.38134	0.38134	0.38134	0.38134	0
ICN_USD	2019-01-06	0.38134	0.38134	0.38134	0.38134	0
ICN_USD	2019-01-05	0.38134	0.38134	0.38134	0.38134	0
ICN_USD	2019-01-04	0.38134	0.38134	0.38134	0.38134	0
ICN_USD	2019-01-03	0.38134	0.38134	0.38134	0.38134	0
ICN_USD	2019-01-02	0.38134	0.38134	0.38134	0.38134	0
ICN_USD	2019-01-01	0.38134	0.38134	0.38134	0.38134	0
ICN_USD	2018-12-31	0.38134	0.38134	0.38134	0.38134	0
ICN_USD	2018-12-30	0.38134	0.38134	0.38134	0.38134	0
ICN_USD	2018-12-29	0.38134	0.38134	0.38134	0.38134	0
ICN_USD	2018-12-28	0.38134	0.38134	0.38134	0.38134	0
ICN_USD	2018-12-27	0.38134	0.38134	0.38134	0.38134	0
ICN_USD	2018-12-26	0.38134	0.38134	0.38134	0.38134	0
ICN_USD	2018-12-25	0.38134	0.38134	0.38134	0.38134	0
ICN_USD	2018-12-24	0.38134	0.38134	0.38134	0.38134	0
ICN_USD	2018-12-23	0.38134	0.38134	0.38134	0.38134	0
ICN_USD	2018-12-22	0.38134	0.38134	0.38134	0.38134	0
ICN_USD	2018-12-21	0.38134	0.38134	0.38134	0.38134	0
ICN_USD	2018-12-20	0.38134	0.38134	0.38134	0.38134	0
ICN_USD	2018-12-19	0.38134	0.38134	0.38134	0.38134	0
ICN_USD	2018-12-18	0.38134	0.38134	0.38134	0.38134	0
ICN_USD	2018-12-17	0.38134	0.38134	0.38134	0.38134	0
ICN_USD	2018-12-16	0.38134	0.38134	0.38134	0.38134	0
ICN_USD	2018-12-15	0.38134	0.38134	0.38134	0.38134	0
ICN_USD	2018-12-14	0.38134	0.38134	0.38134	0.38134	0
ICN_USD	2018-12-13	0.38134	0.38134	0.38134	0.38134	0
ICN_USD	2018-12-12	0.38134	0.38134	0.38134	0.38134	0
ICN_USD	2018-12-11	0.38134	0.38134	0.38134	0.38134	0
ICN_USD	2018-12-10	0.38134	0.38134	0.38134	0.38134	0
ICN_USD	2018-12-09	0.38134	0.38134	0.38134	0.38134	0
ICN_USD	2018-12-08	0.38134	0.38134	0.38134	0.38134	0
ICN_USD	2018-12-07	0.38134	0.38134	0.38134	0.38134	0
ICN_USD	2018-12-06	0.38134	0.38134	0.38134	0.38134	0
ICN_USD	2018-12-05	0.38134	0.38134	0.38134	0.38134	0
ICN_USD	2018-12-04	0.38134	0.38134	0.38134	0.38134	0
ICN_USD	2018-12-03	0.38134	0.38134	0.38134	0.38134	0
ICN_USD	2018-12-02	0.38134	0.38134	0.38134	0.38134	0
ICN_USD	2018-12-01	0.38134	0.38134	0.38134	0.38134	0
ICN_USD	2018-11-30	0.38134	0.38134	0.38134	0.38134	0
ICN_USD	2018-11-29	0.38134	0.38134	0.38134	0.38134	0
ICN_USD	2018-11-28	0.38134	0.38134	0.38134	0.38134	0
ICN_USD	2018-11-27	0.38134	0.38134	0.38134	0.38134	0
ICN_USD	2018-11-26	0.38134	0.38134	0.38134	0.38134	0
ICN_USD	2018-11-25	0.38134	0.38134	0.38134	0.38134	0
ICN_USD	2018-11-24	0.38134	0.38134	0.38134	0.38134	0
ICN_USD	2018-11-23	0.38134	0.38134	0.38134	0.38134	0
ICN_USD	2018-11-22	0.38134	0.38134	0.38134	0.38134	0
ICN_USD	2018-11-21	0.38134	0.38134	0.38134	0.38134	0
ICN_USD	2018-11-20	0.38134	0.38134	0.38134	0.38134	0
ICN_USD	2018-11-19	0.38134	0.38134	0.38134	0.38134	0
ICN_USD	2018-11-18	0.38134	0.38134	0.38134	0.38134	0
ICN_USD	2018-11-17	0.38134	0.38134	0.38134	0.38134	0
ICN_USD	2018-11-16	0.38134	0.38134	0.38134	0.38134	0
ICN_USD	2018-11-15	0.38134	0.38134	0.38134	0.38134	0
ICN_USD	2018-11-14	0.38134	0.38134	0.38134	0.38134	0
ICN_USD	2018-11-13	0.38134	0.38134	0.38134	0.38134	0
ICN_USD	2018-11-12	0.38134	0.38134	0.38134	0.38134	0
ICN_USD	2018-11-11	0.38134	0.38134	0.38134	0.38134	0
ICN_USD	2018-11-08	0.38134	0.38134	0.38134	0.38134	0
ICN_USD	2018-10-24	0.38134	0.38134	0.38134	0.38134	0
ICN_USD	2018-10-16	0.38134	0.38134	0.38134	0.38134	0
ICN_USD	2018-10-08	0.38134	0.38134	0.38134	0.38134	0
ICN_USD	2018-10-07	0.38134	0.38134	0.38134	0.38134	0
ICN_USD	2018-10-03	0.38134	0.38134	0.38134	0.38134	0
ICN_USD	2018-09-29	0.38134	0.38134	0.38134	0.38134	0
ICN_USD	2018-09-28	0.38134	0.39936	0.40200	0.38030	102250
ICN_USD	2018-09-27	0.39936	0.38946	0.40863	0.38565	92589
ICN_USD	2018-09-26	0.38946	0.38288	0.39744	0.37730	91240
ICN_USD	2018-09-25	0.38288	0.40935	0.40935	0.37467	97429
ICN_USD	2018-09-24	0.40935	0.42138	0.42138	0.40751	82112
ICN_USD	2018-09-23	0.42138	0.41857	0.42807	0.41760	66983
ICN_USD	2018-09-22	0.41857	0.39946	0.43667	0.39425	106962
ICN_USD	2018-09-21	0.39946	0.38431	0.40526	0.38251	87203
ICN_USD	2018-09-20	0.38431	0.38481	0.38481	0.37049	91696
ICN_USD	2018-09-19	0.38481	0.36248	0.39567	0.35599	130884
ICN_USD	2018-09-18	0.36248	0.36389	0.36971	0.35175	106858
ICN_USD	2018-09-17	0.36389	0.38026	0.43895	0.36378	118662
ICN_USD	2018-09-16	0.38026	0.37440	0.38171	0.36649	91315
ICN_USD	2018-09-15	0.37440	0.36720	0.38806	0.36462	81313
ICN_USD	2018-09-14	0.36720	0.37035	0.37644	0.36317	74281
ICN_USD	2018-09-13	0.37035	0.34557	0.37326	0.34557	89299
ICN_USD	2018-09-12	0.34557	0.35531	0.35676	0.33673	70145
ICN_USD	2018-09-11	0.35531	0.37294	0.38334	0.35326	99498
ICN_USD	2018-09-10	0.37294	0.37005	0.37678	0.36910	87364
ICN_USD	2018-09-09	0.37005	0.36975	0.39685	0.36437	90139
ICN_USD	2018-09-08	0.36975	0.39152	0.39296	0.36876	83635
ICN_USD	2018-09-07	0.39152	0.41155	0.41481	0.39152	86773
ICN_USD	2018-09-06	0.41155	0.42940	0.42940	0.39941	102517
ICN_USD	2018-09-05	0.42940	0.50749	0.50749	0.42746	96510
ICN_USD	2018-09-04	0.50749	0.50565	0.51254	0.50147	83578
ICN_USD	2018-09-03	0.50565	0.50260	0.50646	0.49748	82978
ICN_USD	2018-09-02	0.50260	0.50013	0.50644	0.49723	73705
ICN_USD	2018-09-01	0.50013	0.48014	0.50217	0.47968	70695
ICN_USD	2018-08-31	0.48014	0.46691	0.48251	0.46461	69037
ICN_USD	2018-08-30	0.46691	0.47381	0.47381	0.45725	88445
ICN_USD	2018-08-29	0.47381	0.47954	0.48217	0.47020	71084
ICN_USD	2018-08-28	0.47954	0.45628	0.48059	0.45628	74983
ICN_USD	2018-08-27	0.45628	0.46517	0.47677	0.45450	79975
ICN_USD	2018-08-26	0.46517	0.47118	0.47118	0.46027	57179
ICN_USD	2018-08-25	0.47118	0.48605	0.48660	0.46872	34855
ICN_USD	2018-08-24	0.48605	0.44916	0.48711	0.44169	61144
ICN_USD	2018-08-23	0.44916	0.43119	0.45275	0.43119	54470
ICN_USD	2018-08-22	0.43119	0.45667	0.47682	0.42802	65285
ICN_USD	2018-08-21	0.45667	0.44437	0.46989	0.43556	70886
ICN_USD	2018-08-20	0.44437	0.47509	0.47817	0.44437	63690
ICN_USD	2018-08-19	0.47509	0.46290	0.48573	0.45105	44103
ICN_USD	2018-08-18	0.46290	0.48233	0.60222	0.43102	117019
ICN_USD	2018-08-17	0.48233	0.42178	0.48322	0.42061	82427
ICN_USD	2018-08-16	0.42178	0.42669	0.44590	0.41914	73161
ICN_USD	2018-08-15	0.42669	0.44876	0.46402	0.41780	67290
ICN_USD	2018-08-14	0.44876	0.52091	0.52091	0.42751	74213
ICN_USD	2018-08-13	0.52091	0.58662	0.58764	0.50794	50652
ICN_USD	2018-08-12	0.58413	0.58925	0.61494	0.58209	60313
ICN_USD	2018-08-11	0.58925	0.56885	0.61066	0.54661	44721
ICN_USD	2018-08-10	0.56885	0.58424	0.61280	0.56211	57695
ICN_USD	2018-08-09	0.58424	0.53579	0.58764	0.52600	51599
ICN_USD	2018-08-08	0.53579	0.56803	0.60219	0.53341	85059
ICN_USD	2018-08-07	0.56803	0.59253	0.61710	0.56803	45040
ICN_USD	2018-08-06	0.59253	0.56351	0.59799	0.56085	59145
ICN_USD	2018-08-05	0.56351	0.52946	0.56379	0.52052	58070
ICN_USD	2018-08-04	0.52946	0.51255	0.53939	0.49394	54475
ICN_USD	2018-08-03	0.51255	0.51769	0.51895	0.47707	57333
ICN_USD	2018-08-02	0.51769	0.51826	0.58764	0.51761	77899
ICN_USD	2018-08-01	0.51826	0.50195	0.58423	0.47532	71763
ICN_USD	2018-07-31	0.50195	0.55868	0.55868	0.50089	64177
ICN_USD	2018-07-30	0.55868	0.56334	0.57960	0.53367	84734
ICN_USD	2018-07-29	0.56334	0.56252	0.59710	0.55884	83990
ICN_USD	2018-07-28	0.56252	0.57025	0.58261	0.56015	80611
ICN_USD	2018-07-27	0.57025	0.56682	0.57230	0.55045	100834
ICN_USD	2018-07-26	0.56682	0.59592	0.61850	0.56605	106856
ICN_USD	2018-07-25	0.59592	0.59176	0.60219	0.57002	108224
ICN_USD	2018-07-24	0.59176	0.57015	0.60492	0.56803	92424
ICN_USD	2018-07-23	0.57015	0.61711	0.62981	0.56803	101809
ICN_USD	2018-07-22	0.61711	0.64119	0.64270	0.61558	84245
ICN_USD	2018-07-21	0.64119	0.61349	0.64296	0.60490	97257
ICN_USD	2018-07-20	0.61349	0.66750	0.66750	0.61128	116234
ICN_USD	2018-07-19	0.66750	0.67040	0.67185	0.66062	89257
ICN_USD	2018-07-18	0.67040	0.68477	0.70226	0.66940	95497
ICN_USD	2018-07-17	0.68477	0.63992	0.68769	0.61347	94713
ICN_USD	2018-07-16	0.63992	0.57040	0.68181	0.56239	116977
ICN_USD	2018-07-15	0.57040	0.55237	0.57746	0.55045	92606
ICN_USD	2018-07-14	0.55237	0.55384	0.55614	0.54091	98385
ICN_USD	2018-07-13	0.55384	0.53287	0.55575	0.53139	88813
ICN_USD	2018-07-12	0.53287	0.59112	0.59176	0.52785	94118
ICN_USD	2018-07-11	0.59112	0.60885	0.61632	0.58823	57057
ICN_USD	2018-07-10	0.60885	0.67504	0.67504	0.60702	59091
ICN_USD	2018-07-09	0.67504	0.69251	0.69251	0.67410	81643
ICN_USD	2018-07-08	0.69251	0.68735	0.69493	0.68598	71788
ICN_USD	2018-07-07	0.68735	0.68884	0.69170	0.66940	73264
ICN_USD	2018-07-06	0.68884	0.67107	0.69170	0.66707	74404
ICN_USD	2018-07-05	0.67107	0.69376	0.70471	0.65781	94422
ICN_USD	2018-07-04	0.69376	0.66253	0.70718	0.64868	88268
ICN_USD	2018-07-03	0.66253	0.69203	0.70226	0.66011	99615
ICN_USD	2018-07-02	0.69203	0.61636	0.69493	0.61390	105339
ICN_USD	2018-07-01	0.61636	0.62258	0.63017	0.61507	97866
ICN_USD	2018-06-30	0.62258	0.58303	0.63276	0.58047	84672
ICN_USD	2018-06-29	0.58303	0.55987	0.58559	0.54471	71319
ICN_USD	2018-06-28	0.55987	0.59859	0.60072	0.55876	89926
ICN_USD	2018-06-27	0.59859	0.58230	0.64352	0.57402	87283
ICN_USD	2018-06-26	0.58230	0.61408	0.61408	0.58191	91465
ICN_USD	2018-06-25	0.61408	0.58145	0.61665	0.56803	89054
ICN_USD	2018-06-24	0.58145	0.64192	0.64397	0.56782	82171
ICN_USD	2018-06-23	0.64192	0.64389	0.65030	0.63743	29319
ICN_USD	2018-06-22	0.64596	0.73045	0.73489	0.64417	40152
ICN_USD	2018-06-21	0.73045	0.73223	0.74263	0.72754	39424
ICN_USD	2018-06-20	0.73223	0.71678	0.73489	0.68838	37148
ICN_USD	2018-06-19	0.71678	0.71130	0.72723	0.71130	42576
ICN_USD	2018-06-18	0.71130	0.69196	0.71235	0.68025	35110
ICN_USD	2018-06-17	0.69196	0.70167	0.70718	0.68899	31389
ICN_USD	2018-06-16	0.70167	0.70673	0.70673	0.69321	78300
ICN_USD	2018-06-15	0.70673	0.72424	0.72424	0.70507	28501
ICN_USD	2018-06-14	0.72424	0.66731	0.72613	0.66731	49262
ICN_USD	2018-06-13	0.66731	0.70662	0.71355	0.66655	73598
ICN_USD	2018-06-12	0.70662	0.74994	0.79638	0.70542	99209
ICN_USD	2018-06-11	0.74994	0.75347	0.75347	0.72796	106208
ICN_USD	2018-06-10	0.75347	0.88614	0.88638	0.75121	81934
ICN_USD	2018-06-09	0.88614	0.89299	0.91188	0.88614	87142
ICN_USD	2018-06-08	0.89299	0.91541	0.91752	0.88838	83875
ICN_USD	2018-06-07	0.91541	0.92950	0.93613	0.91324	96060
ICN_USD	2018-06-06	0.92950	0.95738	0.95738	0.92425	88790
ICN_USD	2018-06-05	0.95738	0.95104	0.96354	0.91356	78081
ICN_USD	2018-06-04	0.95104	0.98059	1.05320	0.93291	111087
ICN_USD	2018-06-03	0.98059	0.97436	0.99480	0.97436	84581
ICN_USD	2018-06-02	0.97824	0.94678	0.98556	0.94678	80110
ICN_USD	2018-06-01	0.94678	0.96069	0.96497	0.93343	77550
ICN_USD	2018-05-31	0.96069	0.87514	0.96890	0.87168	86103
ICN_USD	2018-05-30	0.87514	0.89381	0.90666	0.87031	98777
ICN_USD	2018-05-29	0.89381	0.83262	0.89721	0.82876	68055
ICN_USD	2018-05-28	0.83262	0.89222	0.91302	0.82876	82696
ICN_USD	2018-05-27	0.89222	0.92925	0.92925	0.88875	73076
ICN_USD	2018-05-26	0.92925	0.93848	0.95705	0.92680	56130
ICN_USD	2018-05-25	0.93848	0.96353	0.98942	0.93657	63049
ICN_USD	2018-05-24	0.96353	0.95406	0.97569	0.92680	49674
ICN_USD	2018-05-23	0.95406	1.08976	1.08976	0.92603	72257
ICN_USD	2018-05-22	1.08460	1.16810	1.16810	1.08460	62351
ICN_USD	2018-05-21	1.16810	1.21290	1.22018	1.16310	64233
ICN_USD	2018-05-20	1.21290	1.14181	1.22445	1.14181	72553
ICN_USD	2018-05-19	1.14181	1.16170	1.16600	1.13782	81695
ICN_USD	2018-05-18	1.16170	1.11316	1.18017	1.09220	81624
ICN_USD	2018-05-17	1.11316	1.15610	1.17143	1.11145	74058
ICN_USD	2018-05-16	1.15153	1.20148	1.20148	1.13897	75733
ICN_USD	2018-05-15	1.20148	1.24635	1.28250	1.19788	66803
ICN_USD	2018-05-14	1.24635	1.34204	1.34204	1.21715	76726
ICN_USD	2018-05-13	1.34204	1.11925	1.36452	1.09220	88039
ICN_USD	2018-05-12	1.12373	1.12914	1.21603	1.09000	74781
ICN_USD	2018-05-11	1.12914	1.25689	1.27243	1.11534	78971
ICN_USD	2018-05-10	1.25689	1.36880	1.37409	1.25689	61564
ICN_USD	2018-05-09	1.36880	1.44158	1.44158	1.36113	62587
ICN_USD	2018-05-08	1.44158	1.51683	1.51683	1.42936	66307
ICN_USD	2018-05-07	1.51325	1.57008	1.58019	1.45964	70166
ICN_USD	2018-05-06	1.57008	1.59439	1.63067	1.53818	64025
ICN_USD	2018-05-05	1.59439	1.60933	1.64210	1.58732	59144
ICN_USD	2018-05-04	1.60933	1.62816	1.62816	1.51683	62699
ICN_USD	2018-05-03	1.62816	1.58381	1.65460	1.57076	54314
ICN_USD	2018-05-02	1.57729	1.53007	1.58381	1.52350	65352
ICN_USD	2018-05-01	1.53007	1.54011	1.54741	1.45964	64523
ICN_USD	2018-04-30	1.54011	1.59561	1.63067	1.52214	56974
ICN_USD	2018-04-29	1.59561	1.54952	1.59684	1.49269	53956
ICN_USD	2018-04-28	1.54952	1.42438	1.55549	1.41446	57001
ICN_USD	2018-04-27	1.42438	1.44888	1.53663	1.41941	61900
ICN_USD	2018-04-26	1.44888	1.32928	1.45309	1.30069	68563
ICN_USD	2018-04-25	1.32928	1.57626	1.58033	1.25165	81641
ICN_USD	2018-04-24	1.57626	1.50164	1.60365	1.50164	66526
ICN_USD	2018-04-23	1.50164	1.48985	1.52593	1.48536	62763
ICN_USD	2018-04-22	1.48985	1.42295	1.56919	1.41668	58757
ICN_USD	2018-04-21	1.42295	1.52896	1.58122	1.34224	73710
ICN_USD	2018-04-20	1.52896	1.27252	1.53197	1.27252	78124
ICN_USD	2018-04-19	1.27252	1.23209	1.27688	1.23209	59583
ICN_USD	2018-04-18	1.23209	1.14235	1.23304	1.13897	69143
ICN_USD	2018-04-17	1.14235	1.16127	1.20746	1.13897	62291
ICN_USD	2018-04-16	1.16127	1.21594	1.22874	1.13104	69150
ICN_USD	2018-04-15	1.21594	1.14766	1.24168	1.13933	55555
ICN_USD	2018-04-14	1.14766	1.19917	1.23158	1.13853	79957
ICN_USD	2018-04-13	1.19917	1.04701	1.21168	1.04007	79050
ICN_USD	2018-04-12	1.04701	0.93878	1.04997	0.90758	65684
ICN_USD	2018-04-11	0.93878	0.92135	0.94549	0.91292	84369
ICN_USD	2018-04-10	0.92135	0.85805	0.96215	0.85524	83568
ICN_USD	2018-04-09	0.85805	0.86157	0.90984	0.81255	92006
ICN_USD	2018-04-08	0.86157	0.83548	0.90350	0.82299	87921
ICN_USD	2018-04-07	0.83548	0.82310	0.84770	0.82310	98108
ICN_USD	2018-04-06	0.82310	0.87336	0.87683	0.81157	84233
ICN_USD	2018-04-05	0.87336	0.86846	1.03706	0.79474	125407
ICN_USD	2018-04-04	0.86846	0.84395	1.25000	0.76721	133281
ICN_USD	2018-04-03	0.84395	0.75426	0.84747	0.74158	99155
ICN_USD	2018-04-02	0.75426	0.71880	0.83083	0.71565	108095
ICN_USD	2018-04-01	0.71880	0.74168	0.74851	0.68149	99024
ICN_USD	2018-03-31	0.74168	0.72652	0.76719	0.72319	86680
ICN_USD	2018-03-30	0.72652	0.78645	0.80793	0.71315	88949
ICN_USD	2018-03-29	0.78645	0.94470	0.94685	0.77825	89340
ICN_USD	2018-03-28	0.94470	0.96096	0.96096	0.92436	72053
ICN_USD	2018-03-27	0.96096	0.97797	0.98942	0.94644	80475
ICN_USD	2018-03-26	0.97797	1.08505	1.09876	0.93579	90420
ICN_USD	2018-03-25	1.08505	1.08839	1.10646	1.05839	70049
ICN_USD	2018-03-24	1.08839	1.08730	1.15616	1.07329	72495
ICN_USD	2018-03-23	1.08730	1.08217	1.13386	1.00725	81102
ICN_USD	2018-03-22	1.08217	1.10395	1.14982	1.05897	80356
ICN_USD	2018-03-21	1.10395	1.13160	1.23304	1.08460	84536
ICN_USD	2018-03-20	1.13160	1.08680	1.13395	1.07313	33713
ICN_USD	2018-03-19	1.08680	1.04549	1.08680	1.01370	58919
ICN_USD	2018-03-18	1.04549	1.08167	1.08167	0.88524	67571
ICN_USD	2018-03-17	1.08167	1.20269	1.32167	1.07655	68389
ICN_USD	2018-03-16	1.20269	1.12418	1.23374	1.09140	63331
ICN_USD	2018-03-15	1.12418	1.13759	1.14254	1.04616	48031
ICN_USD	2018-03-14	1.13759	1.37100	1.38792	1.13052	53578
ICN_USD	2018-03-13	1.37100	1.38308	1.42598	1.36526	49648
ICN_USD	2018-03-12	1.38308	1.50039	1.53057	1.34162	54049
ICN_USD	2018-03-11	1.50039	1.44881	1.50933	1.39906	56328
ICN_USD	2018-03-10	1.44881	1.52374	1.58499	1.44375	57624
ICN_USD	2018-03-09	1.52374	1.52144	1.52523	1.33830	47055
ICN_USD	2018-03-08	1.52144	1.83181	1.83858	1.52144	49629
ICN_USD	2018-03-07	1.83181	1.83094	2.30349	1.67195	68068
ICN_USD	2018-03-06	1.83094	1.83735	2.00272	1.64299	52057
ICN_USD	2018-03-05	1.83735	1.89414	1.89414	1.79924	33892
ICN_USD	2018-03-04	1.89414	2.02415	2.09316	1.85024	56695
ICN_USD	2018-03-03	2.02415	1.98599	2.51827	1.94299	78655
ICN_USD	2018-03-02	1.98599	1.66000	2.08881	1.57553	72182
ICN_USD	2018-03-01	1.66000	1.39579	1.88754	1.37272	78872
ICN_USD	2018-02-28	1.39579	1.45174	1.48319	1.38994	49235
ICN_USD	2018-02-27	1.45174	1.47673	1.49663	1.43491	58726
ICN_USD	2018-02-26	1.47673	1.46170	1.54669	1.44375	20087
ICN_USD	2018-02-25	1.46170	1.40746	1.47286	1.39692	59296
ICN_USD	2018-02-24	1.40746	1.49359	1.56846	1.39906	63270
ICN_USD	2018-02-23	1.49359	1.43286	1.54669	1.40553	43831
ICN_USD	2018-02-22	1.43286	1.43024	1.55211	1.36526	47202
ICN_USD	2018-02-21	1.43024	1.60330	1.61442	1.38932	42964
ICN_USD	2018-02-20	1.60330	1.88986	1.94286	1.60330	36052
ICN_USD	2018-02-19	1.88986	1.79296	1.90742	1.78047	25657
ICN_USD	2018-02-18	1.79296	1.90579	1.94015	1.75576	28447
ICN_USD	2018-02-17	1.90579	1.79660	1.91992	1.79000	34063
ICN_USD	2018-02-16	1.79660	1.79034	1.80558	1.73666	9848
ICN_USD	2018-02-15	1.79034	1.72681	1.80289	1.72457	22155
ICN_USD	2018-02-14	1.72681	1.58114	1.72887	1.58114	33003
ICN_USD	2018-02-13	1.58114	1.62716	1.62716	1.56217	45365
ICN_USD	2018-02-12	1.62716	1.55491	1.64059	1.54754	26090
ICN_USD	2018-02-11	1.55491	1.60358	1.60358	1.47882	27019
ICN_USD	2018-02-10	1.60358	1.71897	1.78409	1.56932	27562
ICN_USD	2018-02-09	1.71897	1.62770	1.75320	1.57695	25469
ICN_USD	2018-02-08	1.62770	1.55839	1.71084	1.51543	24079
ICN_USD	2018-02-07	1.55839	1.57323	1.71084	1.45214	34036
ICN_USD	2018-02-06	1.57323	1.30500	1.57323	1.07605	95472
ICN_USD	2018-02-05	1.30500	1.69989	1.69989	1.21178	71341
ICN_USD	2018-02-04	1.69989	2.03695	2.04454	1.65954	37535
ICN_USD	2018-02-03	2.03695	1.91864	2.15455	1.56932	115156
ICN_USD	2018-02-02	1.91864	2.13954	2.13954	1.68290	63089
ICN_USD	2018-02-01	2.13954	2.41939	2.46425	1.96943	76207
ICN_USD	2018-01-31	2.41939	2.48402	2.48402	2.31637	44945
ICN_USD	2018-01-30	2.48402	2.81288	2.82556	2.30427	45768
