INK_USD	2019-04-09	0.010504	0.010911	0.011402	0.009762	2527001
INK_USD	2019-04-08	0.010911	0.011806	0.012120	0.010736	3438932
INK_USD	2019-04-07	0.011806	0.011012	0.012656	0.010917	3576116
INK_USD	2019-04-06	0.011012	0.011407	0.011896	0.010621	1583592
INK_USD	2019-04-05	0.011407	0.010520	0.011506	0.010520	733941
INK_USD	2019-04-04	0.010520	0.010796	0.011546	0.010096	1219007
INK_USD	2019-04-03	0.010796	0.011008	0.012272	0.010721	309354
INK_USD	2019-04-02	0.011008	0.009389	0.011754	0.009340	674031
INK_USD	2019-04-01	0.009389	0.008600	0.009433	0.008279	80552
INK_USD	2019-03-31	0.008600	0.008840	0.009082	0.008478	253236
INK_USD	2019-03-30	0.008840	0.008570	0.009446	0.008333	101467
INK_USD	2019-03-29	0.008570	0.008702	0.008703	0.008177	10316
INK_USD	2019-03-28	0.008702	0.008467	0.008706	0.008292	98919
INK_USD	2019-03-27	0.008467	0.008666	0.008702	0.007877	294537
INK_USD	2019-03-26	0.008666	0.007760	0.008684	0.007736	137010
INK_USD	2019-03-25	0.007760	0.007871	0.008216	0.007750	133311
INK_USD	2019-03-24	0.007871	0.008120	0.008121	0.007664	74466
INK_USD	2019-03-23	0.008120	0.008054	0.008252	0.007763	88075
INK_USD	2019-03-22	0.008054	0.007796	0.008279	0.007437	51251
INK_USD	2019-03-21	0.007796	0.008233	0.009281	0.007704	460265
INK_USD	2019-03-20	0.008233	0.008068	0.008236	0.007637	91479
INK_USD	2019-03-19	0.008068	0.007343	0.008491	0.007343	250360
INK_USD	2019-03-18	0.007343	0.007200	0.008179	0.006887	239413
INK_USD	2019-03-17	0.007200	0.007160	0.007200	0.007024	85902
INK_USD	2019-03-16	0.007160	0.006883	0.007166	0.006883	228284
INK_USD	2019-03-15	0.006883	0.006873	0.007200	0.006809	88630
INK_USD	2019-03-14	0.006873	0.007061	0.007084	0.006815	17068
INK_USD	2019-03-13	0.007061	0.006919	0.007063	0.006806	6303
INK_USD	2019-03-12	0.006919	0.006800	0.007000	0.006800	1360
INK_USD	2019-03-11	0.006800	0.006946	0.007100	0.006700	2097
INK_USD	2019-03-10	0.006946	0.007022	0.007296	0.006780	5222
INK_USD	2019-03-09	0.007022	0.007182	0.007571	0.006979	7362
INK_USD	2019-03-08	0.007182	0.007563	0.007582	0.006800	26366
INK_USD	2019-03-07	0.007563	0.006718	0.007582	0.006709	142502
INK_USD	2019-03-06	0.006718	0.006857	0.007332	0.006694	166484
INK_USD	2019-03-05	0.006857	0.006211	0.007545	0.006209	159922
INK_USD	2019-03-04	0.006211	0.006500	0.006615	0.005857	108661
INK_USD	2019-03-03	0.006500	0.005900	0.006631	0.005900	1228
INK_USD	2019-03-02	0.005900	0.006482	0.006521	0.005900	1644
INK_USD	2019-03-01	0.006482	0.006709	0.006857	0.005500	21926
INK_USD	2019-02-28	0.006709	0.006730	0.006829	0.006672	6703
INK_USD	2019-02-27	0.006730	0.006332	0.006783	0.006331	5760
INK_USD	2019-02-26	0.006332	0.006666	0.006990	0.006332	35713
INK_USD	2019-02-25	0.006666	0.006219	0.006667	0.006219	345834
INK_USD	2019-02-24	0.006219	0.006817	0.007419	0.006138	1525965
INK_USD	2019-02-23	0.006817	0.006900	0.007100	0.006800	132197
INK_USD	2019-02-22	0.006900	0.007000	0.007000	0.006600	389815
INK_USD	2019-02-21	0.007000	0.006690	0.007017	0.006603	192271
INK_USD	2019-02-20	0.006690	0.007043	0.007043	0.006554	158454
INK_USD	2019-02-19	0.007043	0.006707	0.007194	0.006509	278798
INK_USD	2019-02-18	0.006707	0.006400	0.006804	0.006400	352625
INK_USD	2019-02-17	0.006400	0.006599	0.006800	0.006201	340948
INK_USD	2019-02-16	0.006599	0.006404	0.006747	0.006300	55576
INK_USD	2019-02-15	0.006404	0.006452	0.006727	0.006400	154943
INK_USD	2019-02-14	0.006452	0.006806	0.006895	0.006355	387851
INK_USD	2019-02-13	0.006806	0.006996	0.006996	0.006409	362932
INK_USD	2019-02-12	0.006996	0.006744	0.007106	0.006533	928697
INK_USD	2019-02-11	0.006744	0.006641	0.007306	0.006641	103700
INK_USD	2019-02-10	0.006641	0.006983	0.007252	0.006641	142627
INK_USD	2019-02-09	0.006983	0.006692	0.007516	0.006691	129182
INK_USD	2019-02-08	0.006692	0.006696	0.007148	0.006417	491982
INK_USD	2019-02-07	0.006696	0.006887	0.007114	0.006333	350992
INK_USD	2019-02-06	0.006887	0.006900	0.007300	0.006887	95835
INK_USD	2019-02-05	0.006900	0.007175	0.007200	0.006900	93537
INK_USD	2019-02-04	0.007175	0.006903	0.007175	0.006872	127952
INK_USD	2019-02-03	0.006903	0.006835	0.007001	0.006835	87720
INK_USD	2019-02-02	0.006835	0.006912	0.007202	0.006423	120227
INK_USD	2019-02-01	0.006912	0.006999	0.007106	0.006506	273650
INK_USD	2019-01-31	0.006999	0.006723	0.007114	0.006500	54268
INK_USD	2019-01-30	0.006723	0.007272	0.007272	0.006522	487836
INK_USD	2019-01-29	0.007272	0.007390	0.007436	0.006717	260033
INK_USD	2019-01-28	0.007390	0.007884	0.008984	0.006899	6140363
INK_USD	2019-01-27	0.007884	0.007792	0.007884	0.007395	776340
INK_USD	2019-01-26	0.007792	0.007598	0.007899	0.007379	518836
INK_USD	2019-01-25	0.007598	0.007479	0.008087	0.007230	429129
INK_USD	2019-01-24	0.007479	0.007400	0.007912	0.007203	474411
INK_USD	2019-01-23	0.007400	0.007500	0.008800	0.007400	1305210
INK_USD	2019-01-22	0.007500	0.007400	0.007500	0.007000	147819
INK_USD	2019-01-21	0.007400	0.007300	0.007400	0.007000	189058
INK_USD	2019-01-20	0.007300	0.007413	0.007667	0.006900	708307
INK_USD	2019-01-19	0.007413	0.007407	0.007948	0.007296	871943
INK_USD	2019-01-18	0.007407	0.006829	0.007487	0.006829	178688
INK_USD	2019-01-17	0.006829	0.007109	0.007294	0.006804	363450
INK_USD	2019-01-16	0.007109	0.006999	0.007524	0.006702	959499
INK_USD	2019-01-15	0.006999	0.006801	0.007184	0.006704	478857
INK_USD	2019-01-14	0.006801	0.006828	0.006857	0.006320	698333
INK_USD	2019-01-13	0.006828	0.006985	0.007947	0.006404	1394999
INK_USD	2019-01-12	0.006985	0.006600	0.006991	0.006011	1425524
INK_USD	2019-01-11	0.006600	0.006196	0.006605	0.006016	486409
INK_USD	2019-01-10	0.006196	0.006587	0.006835	0.006106	1409652
INK_USD	2019-01-09	0.006587	0.006609	0.007084	0.006402	1657295
INK_USD	2019-01-08	0.006609	0.006519	0.006666	0.006372	737786
INK_USD	2019-01-07	0.006519	0.006699	0.006902	0.006400	462531
INK_USD	2019-01-06	0.006699	0.006644	0.006916	0.006353	1005133
INK_USD	2019-01-05	0.006644	0.006825	0.007012	0.006465	1473258
INK_USD	2019-01-04	0.006825	0.006644	0.006825	0.006484	286872
INK_USD	2019-01-03	0.006644	0.006498	0.006887	0.006420	533134
INK_USD	2019-01-02	0.006498	0.006300	0.006902	0.006300	145519
INK_USD	2019-01-01	0.006300	0.006275	0.007100	0.006159	268803
INK_USD	2018-12-31	0.006275	0.006911	0.006927	0.006275	115918
INK_USD	2018-12-30	0.006911	0.007086	0.007334	0.006597	233461
INK_USD	2018-12-29	0.007086	0.006837	0.007327	0.006600	399521
INK_USD	2018-12-28	0.006837	0.006200	0.007458	0.006200	1270995
INK_USD	2018-12-27	0.006200	0.006300	0.007271	0.006102	688880
INK_USD	2018-12-26	0.006300	0.006372	0.007564	0.005810	1020854
INK_USD	2018-12-25	0.006372	0.007814	0.007814	0.006128	1232488
INK_USD	2018-12-24	0.007814	0.006848	0.008867	0.006848	2490324
INK_USD	2018-12-23	0.006848	0.005753	0.007163	0.005607	1947990
INK_USD	2018-12-22	0.005753	0.005994	0.006007	0.005589	156638
INK_USD	2018-12-21	0.005994	0.006204	0.006223	0.005785	502688
INK_USD	2018-12-20	0.006204	0.005354	0.006204	0.005148	1044946
INK_USD	2018-12-19	0.005354	0.005130	0.006083	0.005130	919660
INK_USD	2018-12-18	0.005130	0.005297	0.005597	0.005035	235469
INK_USD	2018-12-17	0.005297	0.004652	0.005506	0.004413	589052
INK_USD	2018-12-16	0.004652	0.004615	0.004728	0.004615	192112
INK_USD	2018-12-15	0.004615	0.005248	0.005248	0.004566	422695
INK_USD	2018-12-14	0.005248	0.005343	0.005584	0.004791	209534
INK_USD	2018-12-13	0.005343	0.005559	0.005575	0.005131	99597
INK_USD	2018-12-12	0.005559	0.005779	0.005779	0.005110	374477
INK_USD	2018-12-11	0.005779	0.004819	0.006533	0.004791	1502831
INK_USD	2018-12-10	0.004819	0.005002	0.005474	0.004818	365301
INK_USD	2018-12-09	0.005002	0.004948	0.005487	0.004801	956049
INK_USD	2018-12-08	0.004948	0.004996	0.006411	0.004473	666289
INK_USD	2018-12-07	0.004996	0.005502	0.005502	0.004389	770697
INK_USD	2018-12-06	0.005502	0.006028	0.006658	0.005502	681359
INK_USD	2018-12-05	0.006028	0.006667	0.006928	0.006027	624527
INK_USD	2018-12-04	0.006667	0.006889	0.006998	0.006659	247129
INK_USD	2018-12-03	0.006889	0.006987	0.007477	0.006707	230883
INK_USD	2018-12-02	0.006987	0.007108	0.007469	0.006891	320417
INK_USD	2018-12-01	0.007108	0.007000	0.007403	0.006442	383629
INK_USD	2018-11-30	0.007000	0.007692	0.008231	0.006832	870191
INK_USD	2018-11-29	0.007692	0.007308	0.008492	0.006494	861573
INK_USD	2018-11-28	0.007308	0.006562	0.007555	0.006383	792295
INK_USD	2018-11-27	0.006562	0.006502	0.006819	0.005900	457784
INK_USD	2018-11-26	0.006502	0.007389	0.007874	0.006072	589635
INK_USD	2018-11-25	0.007389	0.008009	0.008009	0.006313	1682229
INK_USD	2018-11-24	0.008009	0.008603	0.008808	0.007924	192539
INK_USD	2018-11-23	0.008603	0.009134	0.009216	0.007619	485440
INK_USD	2018-11-22	0.009134	0.009382	0.009705	0.008851	555836
INK_USD	2018-11-21	0.009382	0.009410	0.010988	0.008344	1732752
INK_USD	2018-11-20	0.009410	0.009549	0.010701	0.008365	1799550
INK_USD	2018-11-19	0.009549	0.011600	0.011995	0.008516	2498381
INK_USD	2018-11-18	0.011600	0.011475	0.012500	0.011339	272447
INK_USD	2018-11-17	0.011475	0.012680	0.013031	0.011122	988670
INK_USD	2018-11-16	0.012680	0.012719	0.014000	0.012628	320665
INK_USD	2018-11-15	0.012719	0.013558	0.014758	0.011912	745188
INK_USD	2018-11-14	0.013558	0.016398	0.016398	0.013206	714557
INK_USD	2018-11-13	0.016398	0.017036	0.017311	0.015930	288676
INK_USD	2018-11-12	0.017036	0.016289	0.017989	0.015764	1268063
INK_USD	2018-11-11	0.016289	0.017157	0.017157	0.016093	957760
INK_USD	2018-11-10	0.017157	0.017184	0.017192	0.016601	296083
INK_USD	2018-11-09	0.017184	0.017652	0.017653	0.016801	271725
INK_USD	2018-11-08	0.017652	0.017575	0.017843	0.016245	871555
INK_USD	2018-11-07	0.017575	0.017483	0.017690	0.016222	795484
INK_USD	2018-11-06	0.017483	0.017940	0.017941	0.016904	1010979
INK_USD	2018-11-05	0.017940	0.017831	0.018021	0.017462	273245
INK_USD	2018-11-04	0.017831	0.018122	0.018122	0.017471	508958
INK_USD	2018-11-03	0.018122	0.018103	0.018297	0.017423	355639
INK_USD	2018-11-02	0.018103	0.018352	0.018432	0.017614	1016091
INK_USD	2018-11-01	0.018352	0.018142	0.018627	0.018009	228636
INK_USD	2018-10-31	0.018142	0.017602	0.019599	0.017602	757455
INK_USD	2018-10-30	0.017602	0.017890	0.018689	0.017266	926178
INK_USD	2018-10-29	0.017890	0.018778	0.020081	0.017618	2383694
INK_USD	2018-10-28	0.018778	0.017720	0.019026	0.017345	1039386
INK_USD	2018-10-27	0.017720	0.017599	0.018291	0.017138	507165
INK_USD	2018-10-26	0.017599	0.018393	0.018693	0.017599	596789
INK_USD	2018-10-25	0.018393	0.018890	0.018890	0.017802	540844
INK_USD	2018-10-24	0.018890	0.018636	0.019113	0.018340	415817
INK_USD	2018-10-23	0.018636	0.018507	0.019241	0.018506	390629
INK_USD	2018-10-22	0.018507	0.019214	0.019791	0.018001	819816
INK_USD	2018-10-21	0.019214	0.019491	0.020095	0.018823	834669
INK_USD	2018-10-20	0.019491	0.018401	0.021477	0.018007	3535780
INK_USD	2018-10-19	0.018401	0.018917	0.019665	0.018205	624688
INK_USD	2018-10-18	0.018917	0.019320	0.019714	0.018122	493406
INK_USD	2018-10-17	0.019320	0.019901	0.020184	0.018934	653721
INK_USD	2018-10-16	0.019901	0.019714	0.020588	0.019026	1188805
INK_USD	2018-10-15	0.019714	0.018996	0.021084	0.017610	3420980
INK_USD	2018-10-14	0.018996	0.019299	0.019994	0.018303	4061836
INK_USD	2018-10-13	0.019299	0.017476	0.022052	0.017312	6999892
INK_USD	2018-10-12	0.017476	0.016808	0.018252	0.016134	1527205
INK_USD	2018-10-11	0.016904	0.021191	0.021290	0.016710	2420463
INK_USD	2018-10-10	0.021191	0.020793	0.021466	0.019804	1644082
INK_USD	2018-10-09	0.020793	0.022201	0.022201	0.019996	3790648
INK_USD	2018-10-08	0.022201	0.021700	0.022591	0.021103	3000605
INK_USD	2018-10-07	0.021700	0.021500	0.022800	0.020801	2372032
INK_USD	2018-10-06	0.021500	0.022498	0.023099	0.021500	3272674
INK_USD	2018-10-05	0.022498	0.021403	0.024687	0.021303	6572517
INK_USD	2018-10-04	0.021403	0.021100	0.023798	0.021005	4712809
INK_USD	2018-10-03	0.021100	0.021600	0.021999	0.020002	1402169
INK_USD	2018-10-02	0.021600	0.020943	0.022536	0.020426	1416091
INK_USD	2018-10-01	0.020943	0.021185	0.022565	0.019989	419932
INK_USD	2018-09-30	0.021185	0.021264	0.022443	0.020018	928583
INK_USD	2018-09-29	0.021264	0.021040	0.021264	0.019791	277328
INK_USD	2018-09-28	0.021040	0.021489	0.022394	0.019956	267551
INK_USD	2018-09-27	0.021489	0.021231	0.022299	0.019832	263513
INK_USD	2018-09-26	0.021231	0.019594	0.021890	0.019180	256192
INK_USD	2018-09-25	0.019594	0.021073	0.021456	0.018954	346012
INK_USD	2018-09-24	0.021073	0.023530	0.023678	0.020692	415349
INK_USD	2018-09-23	0.023530	0.022408	0.024704	0.021968	575099
INK_USD	2018-09-22	0.022408	0.023635	0.024972	0.021483	1131673
INK_USD	2018-09-21	0.023635	0.019993	0.027931	0.019497	1921407
INK_USD	2018-09-20	0.019993	0.019202	0.019993	0.018600	213447
INK_USD	2018-09-19	0.019202	0.019206	0.019699	0.017816	299327
INK_USD	2018-09-18	0.019206	0.018388	0.019384	0.018386	110603
INK_USD	2018-09-17	0.018388	0.020300	0.020484	0.018388	497895
INK_USD	2018-09-16	0.020300	0.019545	0.020699	0.019410	272158
INK_USD	2018-09-15	0.019545	0.018800	0.020886	0.018800	290414
INK_USD	2018-09-14	0.018800	0.020784	0.021584	0.018600	377029
INK_USD	2018-09-13	0.020784	0.019695	0.021086	0.019314	298929
INK_USD	2018-09-12	0.019695	0.019279	0.019696	0.017947	351866
INK_USD	2018-09-11	0.019279	0.019306	0.019690	0.018350	465672
INK_USD	2018-09-10	0.019306	0.019325	0.020224	0.018444	504156
INK_USD	2018-09-09	0.019325	0.021273	0.021273	0.017816	2240418
INK_USD	2018-09-08	0.021273	0.022220	0.023545	0.019285	1246688
INK_USD	2018-09-07	0.022220	0.023562	0.023915	0.021441	505814
INK_USD	2018-09-06	0.023562	0.023448	0.024050	0.020542	1301993
INK_USD	2018-09-05	0.023448	0.027188	0.034772	0.023448	5668776
INK_USD	2018-09-04	0.027188	0.025238	0.028992	0.023507	2161496
INK_USD	2018-09-03	0.025238	0.023817	0.025246	0.023282	1192491
INK_USD	2018-09-02	0.023817	0.025517	0.027423	0.022593	1071716
INK_USD	2018-09-01	0.025517	0.022139	0.025987	0.021473	1307580
INK_USD	2018-08-31	0.022139	0.020826	0.022976	0.020826	619499
INK_USD	2018-08-30	0.020826	0.021601	0.022438	0.019385	408208
INK_USD	2018-08-29	0.021601	0.021811	0.022736	0.020287	427343
INK_USD	2018-08-28	0.021811	0.020198	0.021905	0.019490	472535
INK_USD	2018-08-27	0.020198	0.019406	0.020198	0.018598	314123
INK_USD	2018-08-26	0.019406	0.019933	0.019933	0.018617	232870
INK_USD	2018-08-25	0.019933	0.019625	0.020254	0.019268	165366
INK_USD	2018-08-24	0.019625	0.019980	0.020015	0.016321	395172
INK_USD	2018-08-23	0.019980	0.018999	0.019980	0.018703	275730
INK_USD	2018-08-22	0.018999	0.020061	0.021001	0.018801	625480
INK_USD	2018-08-21	0.020061	0.019569	0.020570	0.018876	429196
INK_USD	2018-08-20	0.019569	0.021082	0.022335	0.019569	521591
INK_USD	2018-08-19	0.021082	0.019882	0.022289	0.019096	385666
INK_USD	2018-08-18	0.019882	0.022705	0.024821	0.019873	718103
INK_USD	2018-08-17	0.022705	0.019191	0.022897	0.019188	677634
INK_USD	2018-08-16	0.019191	0.020251	0.020305	0.018847	327146
INK_USD	2018-08-15	0.020251	0.019214	0.020712	0.018257	443324
INK_USD	2018-08-14	0.019214	0.020943	0.020943	0.017039	670565
INK_USD	2018-08-13	0.020943	0.024460	0.024460	0.020247	324418
INK_USD	2018-08-12	0.024460	0.024179	0.025066	0.023037	532418
INK_USD	2018-08-11	0.024179	0.024825	0.025541	0.021690	910849
INK_USD	2018-08-10	0.024825	0.028389	0.029403	0.024825	1321481
INK_USD	2018-08-09	0.028389	0.025481	0.028948	0.024852	479693
INK_USD	2018-08-08	0.025481	0.029041	0.030615	0.024932	751043
INK_USD	2018-08-07	0.029041	0.032718	0.034139	0.025684	1472664
INK_USD	2018-08-06	0.032718	0.034915	0.034915	0.031564	629542
INK_USD	2018-08-05	0.034915	0.034896	0.036053	0.030939	468593
INK_USD	2018-08-04	0.034896	0.037480	0.041128	0.033234	806409
INK_USD	2018-08-03	0.037480	0.040515	0.040515	0.033388	1057318
INK_USD	2018-08-02	0.040515	0.043184	0.045876	0.039574	415971
INK_USD	2018-08-01	0.043184	0.042632	0.044545	0.042018	486848
INK_USD	2018-07-31	0.042632	0.048574	0.048574	0.042440	536320
INK_USD	2018-07-30	0.048574	0.049385	0.050682	0.046092	502050
INK_USD	2018-07-29	0.049385	0.050600	0.050782	0.048792	208464
INK_USD	2018-07-28	0.050600	0.050955	0.051437	0.049360	228349
INK_USD	2018-07-27	0.050955	0.050406	0.051919	0.048198	681923
INK_USD	2018-07-26	0.050406	0.051913	0.054260	0.049777	1238868
INK_USD	2018-07-25	0.051913	0.054878	0.056177	0.051151	710289
INK_USD	2018-07-24	0.054878	0.050860	0.054891	0.049497	776720
INK_USD	2018-07-23	0.050860	0.052298	0.054999	0.050672	333695
INK_USD	2018-07-22	0.052298	0.055895	0.056241	0.048969	2313344
INK_USD	2018-07-21	0.055895	0.055651	0.056585	0.053590	281694
INK_USD	2018-07-20	0.055651	0.059112	0.061390	0.054915	612306
INK_USD	2018-07-19	0.059112	0.061953	0.062796	0.057911	887220
INK_USD	2018-07-18	0.061953	0.061732	0.065673	0.060948	1655267
INK_USD	2018-07-17	0.061732	0.058616	0.065543	0.056228	1866112
INK_USD	2018-07-16	0.058616	0.057462	0.061065	0.055527	1363806
INK_USD	2018-07-15	0.057462	0.055833	0.058022	0.055663	237920
INK_USD	2018-07-14	0.055833	0.056786	0.056786	0.055079	195585
INK_USD	2018-07-13	0.056786	0.054025	0.057922	0.054025	684209
INK_USD	2018-07-12	0.054025	0.056964	0.056964	0.052850	377845
INK_USD	2018-07-11	0.056964	0.056274	0.060950	0.052832	729768
INK_USD	2018-07-10	0.056274	0.064250	0.064341	0.055385	539300
INK_USD	2018-07-09	0.064250	0.066619	0.067609	0.064240	512593
INK_USD	2018-07-08	0.066619	0.067845	0.069722	0.064977	415605
INK_USD	2018-07-07	0.067845	0.067699	0.068646	0.064203	556083
INK_USD	2018-07-06	0.067699	0.069022	0.070910	0.062673	348776
INK_USD	2018-07-05	0.069022	0.070764	0.072062	0.065835	511328
INK_USD	2018-07-04	0.070764	0.064855	0.074258	0.062128	1136330
INK_USD	2018-07-03	0.064855	0.063677	0.073462	0.063120	1913142
INK_USD	2018-07-02	0.063677	0.058560	0.066530	0.056623	1023105
INK_USD	2018-07-01	0.058560	0.058924	0.059554	0.055989	479267
INK_USD	2018-06-30	0.058924	0.056463	0.060199	0.056463	658178
INK_USD	2018-06-29	0.056463	0.053114	0.058211	0.052024	603608
INK_USD	2018-06-28	0.053904	0.056378	0.060205	0.053888	1156498
INK_USD	2018-06-27	0.056375	0.056765	0.060379	0.052010	666273
INK_USD	2018-06-26	0.057014	0.060397	0.061719	0.057014	452368
INK_USD	2018-06-25	0.060397	0.057411	0.062609	0.054568	1220941
INK_USD	2018-06-24	0.057411	0.064186	0.066687	0.050817	2594652
INK_USD	2018-06-23	0.064186	0.064178	0.064665	0.061450	567214
INK_USD	2018-06-22	0.064175	0.074118	0.075066	0.061508	1379289
INK_USD	2018-06-21	0.074770	0.072432	0.076792	0.072432	1056037
INK_USD	2018-06-20	0.072432	0.075109	0.075109	0.072253	785436
INK_USD	2018-06-19	0.075142	0.074162	0.079774	0.073723	1433639
INK_USD	2018-06-18	0.074161	0.073715	0.075402	0.070534	1140150
INK_USD	2018-06-17	0.073718	0.074790	0.076770	0.073400	793414
INK_USD	2018-06-16	0.074818	0.073807	0.075414	0.071264	794570
INK_USD	2018-06-15	0.073807	0.074870	0.077166	0.072562	1552578
INK_USD	2018-06-14	0.073908	0.071623	0.076294	0.070169	2016462
INK_USD	2018-06-13	0.072248	0.074483	0.076329	0.069801	1140652
INK_USD	2018-06-12	0.074392	0.084605	0.085894	0.073370	2078702
INK_USD	2018-06-11	0.084604	0.079687	0.091756	0.074870	2457519
INK_USD	2018-06-10	0.079532	0.105497	0.105497	0.073144	2241997
INK_USD	2018-06-09	0.105234	0.106439	0.109820	0.105152	705791
INK_USD	2018-06-08	0.106437	0.111367	0.113003	0.105244	1441588
INK_USD	2018-06-07	0.111271	0.114621	0.117011	0.109331	4571565
INK_USD	2018-06-06	0.114621	0.116867	0.118433	0.109889	1688097
INK_USD	2018-06-05	0.118041	0.114030	0.121273	0.108760	3233869
INK_USD	2018-06-04	0.114030	0.124123	0.126189	0.109856	4624598
INK_USD	2018-06-03	0.124123	0.122500	0.134668	0.121603	3764659
INK_USD	2018-06-02	0.122500	0.115138	0.124203	0.114633	3983772
INK_USD	2018-06-01	0.114949	0.113624	0.119860	0.112249	4325894
INK_USD	2018-05-31	0.113624	0.112610	0.118026	0.109089	6069143
INK_USD	2018-05-30	0.112611	0.120973	0.126328	0.107856	7858431
INK_USD	2018-05-29	0.120973	0.117027	0.126499	0.107446	3382518
INK_USD	2018-05-28	0.115820	0.128176	0.130742	0.112787	4320872
INK_USD	2018-05-27	0.128176	0.137110	0.137110	0.122302	1098696
INK_USD	2018-05-26	0.133285	0.137191	0.139915	0.129627	2781940
INK_USD	2018-05-25	0.137191	0.146688	0.146991	0.133840	714197
INK_USD	2018-05-24	0.146961	0.134241	0.147049	0.127835	1377796
INK_USD	2018-05-23	0.134386	0.160602	0.163738	0.132320	2858883
INK_USD	2018-05-22	0.160602	0.177388	0.177919	0.160602	2114334
INK_USD	2018-05-21	0.177388	0.183689	0.184000	0.174952	3315112
INK_USD	2018-05-20	0.183689	0.184054	0.188642	0.175611	2171448
INK_USD	2018-05-19	0.184054	0.187605	0.194637	0.179347	2819006
INK_USD	2018-05-18	0.187605	0.175804	0.203529	0.171349	7008557
INK_USD	2018-05-17	0.176331	0.155535	0.217817	0.155535	10226173
INK_USD	2018-05-16	0.151087	0.156835	0.164243	0.146210	2495299
INK_USD	2018-05-15	0.157097	0.167089	0.186469	0.154200	4004161
INK_USD	2018-05-14	0.166201	0.148469	0.177455	0.136157	4115292
INK_USD	2018-05-13	0.148469	0.140186	0.151905	0.137907	2035044
INK_USD	2018-05-12	0.141673	0.135556	0.150877	0.100679	4050998
INK_USD	2018-05-11	0.135556	0.160288	0.165969	0.133355	2851829
INK_USD	2018-05-10	0.160288	0.172509	0.177073	0.160288	2477769
INK_USD	2018-05-09	0.172671	0.173171	0.177258	0.160846	2330383
INK_USD	2018-05-08	0.173171	0.178457	0.178458	0.165233	2002436
INK_USD	2018-05-07	0.173799	0.184609	0.187599	0.161889	4337915
INK_USD	2018-05-06	0.184609	0.192721	0.194227	0.159292	4754467
INK_USD	2018-05-05	0.192893	0.222823	0.229328	0.189497	6028351
INK_USD	2018-05-04	0.222823	0.162694	0.233469	0.160809	18054376
INK_USD	2018-05-03	0.162428	0.149148	0.169032	0.142700	6483869
INK_USD	2018-05-02	0.149148	0.145029	0.151500	0.141077	4820006
INK_USD	2018-05-01	0.145029	0.153469	0.158735	0.142054	3483474
INK_USD	2018-04-30	0.153469	0.155292	0.160926	0.145570	3677752
INK_USD	2018-04-29	0.155292	0.163091	0.170381	0.148469	4747117
INK_USD	2018-04-28	0.163091	0.154825	0.181026	0.148250	5201508
INK_USD	2018-04-27	0.154825	0.149787	0.171965	0.146366	5484551
INK_USD	2018-04-26	0.149787	0.137192	0.149787	0.125754	4053871
INK_USD	2018-04-25	0.137192	0.173089	0.174811	0.124330	6282663
INK_USD	2018-04-24	0.173091	0.166964	0.184903	0.161556	4632139
INK_USD	2018-04-23	0.166964	0.182218	0.196185	0.142690	6392308
INK_USD	2018-04-22	0.182218	0.120911	0.230724	0.113432	16050910
INK_USD	2018-04-21	0.120911	0.116462	0.127316	0.100093	6842269
INK_USD	2018-04-20	0.116462	0.080521	0.117942	0.065817	6563799
INK_USD	2018-04-19	0.080521	0.068544	0.081689	0.068544	3348009
INK_USD	2018-04-18	0.068544	0.068681	0.069548	0.065243	1338155
INK_USD	2018-04-17	0.068681	0.068715	0.069738	0.065990	810875
INK_USD	2018-04-16	0.068715	0.071331	0.074106	0.063880	1052593
INK_USD	2018-04-15	0.071331	0.068879	0.074909	0.068257	1236268
INK_USD	2018-04-14	0.068879	0.065604	0.072043	0.060680	1569765
INK_USD	2018-04-13	0.065604	0.061260	0.077824	0.060483	3804360
INK_USD	2018-04-12	0.061260	0.051916	0.061347	0.050358	3099296
INK_USD	2018-04-11	0.051916	0.049104	0.053731	0.049104	711819
INK_USD	2018-04-10	0.049104	0.050318	0.052464	0.048735	425905
INK_USD	2018-04-09	0.050318	0.050728	0.054230	0.049227	639492
INK_USD	2018-04-08	0.050728	0.053883	0.053883	0.048169	1165503
INK_USD	2018-04-07	0.053883	0.051083	0.054222	0.050253	611691
INK_USD	2018-04-06	0.051083	0.054177	0.055000	0.049733	541433
INK_USD	2018-04-05	0.054177	0.057548	0.057677	0.051301	522591
INK_USD	2018-04-04	0.057548	0.060852	0.062821	0.056037	481223
INK_USD	2018-04-03	0.060852	0.060428	0.064561	0.056960	875261
INK_USD	2018-04-02	0.060428	0.058897	0.060773	0.055624	672733
INK_USD	2018-04-01	0.058897	0.061983	0.064400	0.056372	434004
INK_USD	2018-03-31	0.061983	0.061921	0.068056	0.061921	248374
INK_USD	2018-03-30	0.061921	0.061914	0.073918	0.060431	307501
INK_USD	2018-03-29	0.061914	0.070188	0.072737	0.061765	605018
INK_USD	2018-03-28	0.070188	0.067000	0.076442	0.064110	694275
INK_USD	2018-03-27	0.067000	0.068267	0.070315	0.063452	417306
INK_USD	2018-03-26	0.068267	0.075265	0.075632	0.065928	411454
INK_USD	2018-03-25	0.075265	0.076859	0.077656	0.073973	249755
INK_USD	2018-03-24	0.076859	0.074578	0.078249	0.074563	217291
INK_USD	2018-03-23	0.074578	0.074882	0.076499	0.072420	393124
INK_USD	2018-03-22	0.074882	0.077000	0.078575	0.070700	977517
INK_USD	2018-03-21	0.077000	0.075496	0.081114	0.074977	1509995
INK_USD	2018-03-20	0.075496	0.073771	0.079942	0.072452	975193
INK_USD	2018-03-19	0.073771	0.060727	0.074190	0.060432	1463825
INK_USD	2018-03-18	0.060727	0.086327	0.086327	0.058305	1489701
INK_USD	2018-03-17	0.086327	0.089464	0.090776	0.084942	747814
INK_USD	2018-03-16	0.089464	0.092975	0.094950	0.088089	970684
INK_USD	2018-03-15	0.092976	0.092990	0.094780	0.083883	2365990
INK_USD	2018-03-14	0.092987	0.099928	0.106876	0.089525	1726897
INK_USD	2018-03-13	0.099930	0.099229	0.103263	0.092675	1662518
INK_USD	2018-03-12	0.099229	0.102982	0.107200	0.099110	603072
INK_USD	2018-03-11	0.102977	0.099074	0.104220	0.098175	623078
INK_USD	2018-03-10	0.099073	0.101348	0.108704	0.099073	750043
INK_USD	2018-03-09	0.101348	0.105427	0.107579	0.091857	1048752
INK_USD	2018-03-08	0.105427	0.109536	0.121010	0.105395	1415182
INK_USD	2018-03-07	0.109536	0.133057	0.140856	0.109536	4172142
INK_USD	2018-03-06	0.133057	0.157455	0.157455	0.129105	17358140
INK_USD	2018-03-05	0.157455	0.160684	0.163273	0.152118	1301465
INK_USD	2018-03-04	0.160625	0.164593	0.164593	0.151856	2517197
INK_USD	2018-03-03	0.164593	0.171399	0.174457	0.151999	2034702
INK_USD	2018-03-02	0.171396	0.175885	0.178622	0.169620	464980
INK_USD	2018-03-01	0.175885	0.175899	0.180372	0.173381	474651
INK_USD	2018-02-28	0.175899	0.178560	0.188798	0.174255	645669
INK_USD	2018-02-27	0.178560	0.178459	0.187631	0.174000	1009623
INK_USD	2018-02-26	0.178459	0.183627	0.187996	0.172563	741799
INK_USD	2018-02-25	0.183627	0.183594	0.190430	0.172276	598237
INK_USD	2018-02-24	0.183594	0.184553	0.194797	0.180081	921711
INK_USD	2018-02-23	0.184553	0.180772	0.193452	0.174457	795727
INK_USD	2018-02-22	0.180772	0.182180	0.193591	0.171799	1457154
INK_USD	2018-02-21	0.182180	0.196607	0.200991	0.181437	1092090
INK_USD	2018-02-20	0.196607	0.205568	0.213710	0.196607	972663
INK_USD	2018-02-19	0.205568	0.200538	0.213323	0.198455	835664
INK_USD	2018-02-18	0.200538	0.228150	0.234209	0.188669	2668614
INK_USD	2018-02-17	0.228150	0.209292	0.231202	0.205047	2423840
INK_USD	2018-02-16	0.209292	0.212803	0.212803	0.195415	1129853
INK_USD	2018-02-15	0.212803	0.216234	0.219215	0.188462	2427004
INK_USD	2018-02-14	0.216238	0.193667	0.219576	0.183676	2335223
INK_USD	2018-02-13	0.193667	0.204454	0.208298	0.186649	2493810
INK_USD	2018-02-12	0.204454	0.197799	0.217146	0.193291	1601008
INK_USD	2018-02-11	0.197799	0.208753	0.210332	0.184169	2065253
INK_USD	2018-02-10	0.208753	0.216403	0.241833	0.202000	2981858
INK_USD	2018-02-09	0.216403	0.205883	0.222420	0.194928	3002407
INK_USD	2018-02-08	0.205883	0.193268	0.218628	0.191867	2226749
INK_USD	2018-02-07	0.193268	0.200029	0.215098	0.175160	5262345
INK_USD	2018-02-06	0.200029	0.167780	0.203950	0.144602	5415471
INK_USD	2018-02-05	0.164999	0.234416	0.234442	0.164804	4335966
INK_USD	2018-02-04	0.234416	0.272853	0.278842	0.229947	2374223
INK_USD	2018-02-03	0.272853	0.273952	0.286801	0.248914	18606036
INK_USD	2018-02-02	0.273952	0.295563	0.299567	0.236082	4927860
INK_USD	2018-02-01	0.295563	0.333153	0.345683	0.290570	3937796
INK_USD	2018-01-31	0.333153	0.302816	0.347763	0.292077	4689832
INK_USD	2018-01-30	0.302816	0.349909	0.350263	0.293367	3443498
