IPSX_USD	2019-04-09	0.009510	0.010215	0.010216	0.009508	0
IPSX_USD	2019-04-08	0.010215	0.010281	0.010408	0.009235	0
IPSX_USD	2019-04-07	0.010281	0.009373	0.010323	0.009364	0
IPSX_USD	2019-04-06	0.009373	0.009355	0.009952	0.009142	0
IPSX_USD	2019-04-05	0.009355	0.008932	0.009655	0.008904	0
IPSX_USD	2019-04-04	0.008932	0.008414	0.009466	0.008209	0
IPSX_USD	2019-04-03	0.008414	0.008803	0.009187	0.008343	0
IPSX_USD	2019-04-02	0.008803	0.007621	0.009341	0.007583	0
IPSX_USD	2019-04-01	0.007621	0.007981	0.008089	0.007621	0
IPSX_USD	2019-03-31	0.007981	0.008142	0.008174	0.007776	0
IPSX_USD	2019-03-30	0.008142	0.008504	0.008916	0.007872	0
IPSX_USD	2019-03-29	0.008504	0.006998	0.008571	0.006998	0
IPSX_USD	2019-03-28	0.006998	0.006215	0.007156	0.006182	0
IPSX_USD	2019-03-27	0.006215	0.006027	0.006399	0.006009	0
IPSX_USD	2019-03-26	0.006027	0.006094	0.006276	0.005871	0
IPSX_USD	2019-03-25	0.006094	0.006103	0.006496	0.005903	0
IPSX_USD	2019-03-24	0.006103	0.006237	0.006237	0.005702	0
IPSX_USD	2019-03-23	0.006237	0.006195	0.006242	0.005851	0
IPSX_USD	2019-03-22	0.006195	0.006128	0.006312	0.005826	0
IPSX_USD	2019-03-21	0.006128	0.006170	0.006290	0.006046	0
IPSX_USD	2019-03-20	0.006170	0.005977	0.006784	0.005804	0
IPSX_USD	2019-03-19	0.005977	0.006111	0.006294	0.005812	0
IPSX_USD	2019-03-18	0.006111	0.006246	0.006338	0.005670	0
IPSX_USD	2019-03-17	0.006246	0.005848	0.006823	0.005705	0
IPSX_USD	2019-03-16	0.005848	0.006105	0.006187	0.005681	0
IPSX_USD	2019-03-15	0.006105	0.005629	0.006182	0.005627	0
IPSX_USD	2019-03-14	0.005629	0.005646	0.005727	0.005557	0
IPSX_USD	2019-03-13	0.005646	0.005832	0.005928	0.005563	0
IPSX_USD	2019-03-12	0.005832	0.005631	0.005924	0.005505	0
IPSX_USD	2019-03-11	0.005631	0.005559	0.005656	0.005354	0
IPSX_USD	2019-03-10	0.005559	0.005521	0.005623	0.005491	0
IPSX_USD	2019-03-09	0.005521	0.005536	0.005643	0.005482	0
IPSX_USD	2019-03-08	0.005536	0.005769	0.005855	0.005446	0
IPSX_USD	2019-03-07	0.005769	0.005789	0.005859	0.005608	0
IPSX_USD	2019-03-06	0.005789	0.005431	0.005961	0.005383	0
IPSX_USD	2019-03-05	0.005431	0.005244	0.005494	0.005206	0
IPSX_USD	2019-03-04	0.005244	0.005846	0.005954	0.005157	0
IPSX_USD	2019-03-03	0.005846	0.005928	0.006031	0.005616	0
IPSX_USD	2019-03-02	0.005928	0.005954	0.005958	0.005664	0
IPSX_USD	2019-03-01	0.005954	0.006038	0.006268	0.005754	0
IPSX_USD	2019-02-28	0.006038	0.006202	0.006278	0.005975	0
IPSX_USD	2019-02-27	0.006202	0.006354	0.006382	0.006018	0
IPSX_USD	2019-02-26	0.006354	0.006572	0.006665	0.006057	0
IPSX_USD	2019-02-25	0.006572	0.006228	0.006730	0.006089	0
IPSX_USD	2019-02-24	0.006228	0.006697	0.007397	0.006120	0
IPSX_USD	2019-02-23	0.006697	0.006219	0.006775	0.006128	0
IPSX_USD	2019-02-22	0.006219	0.006155	0.006302	0.006141	0
IPSX_USD	2019-02-21	0.006155	0.006213	0.006347	0.006123	0
IPSX_USD	2019-02-20	0.006213	0.006167	0.006242	0.006104	0
IPSX_USD	2019-02-19	0.006167	0.006088	0.006240	0.006047	0
IPSX_USD	2019-02-18	0.006088	0.005846	0.006239	0.005786	0
IPSX_USD	2019-02-17	0.005846	0.005699	0.005867	0.005631	0
IPSX_USD	2019-02-16	0.005699	0.005826	0.005901	0.005685	0
IPSX_USD	2019-02-15	0.005826	0.005779	0.005872	0.005759	0
IPSX_USD	2019-02-14	0.005779	0.005889	0.005908	0.005751	0
IPSX_USD	2019-02-13	0.005889	0.005929	0.006034	0.005790	0
IPSX_USD	2019-02-12	0.005929	0.005871	0.005985	0.005778	0
IPSX_USD	2019-02-11	0.005871	0.006033	0.006133	0.005866	0
IPSX_USD	2019-02-10	0.006033	0.005931	0.006083	0.005860	0
IPSX_USD	2019-02-09	0.005931	0.006145	0.006226	0.005865	0
IPSX_USD	2019-02-08	0.006145	0.005463	0.006291	0.005345	0
IPSX_USD	2019-02-07	0.005463	0.005540	0.005592	0.005375	0
IPSX_USD	2019-02-06	0.005540	0.005830	0.005845	0.005254	0
IPSX_USD	2019-02-05	0.005830	0.006248	0.006248	0.005786	0
IPSX_USD	2019-02-04	0.006248	0.006391	0.006469	0.006048	0
IPSX_USD	2019-02-03	0.006391	0.005855	0.006687	0.005419	0
IPSX_USD	2019-02-02	0.005855	0.005943	0.006489	0.005471	0
IPSX_USD	2019-02-01	0.005943	0.006515	0.006530	0.005730	0
IPSX_USD	2019-01-31	0.006515	0.006953	0.006953	0.006490	0
IPSX_USD	2019-01-30	0.006953	0.006799	0.007200	0.006608	0
IPSX_USD	2019-01-29	0.006799	0.006565	0.007069	0.006384	0
IPSX_USD	2019-01-28	0.006565	0.007212	0.007304	0.006526	0
IPSX_USD	2019-01-27	0.007212	0.007883	0.007932	0.007182	0
IPSX_USD	2019-01-26	0.007883	0.008256	0.008507	0.007732	0
IPSX_USD	2019-01-25	0.008256	0.008418	0.008421	0.007685	0
IPSX_USD	2019-01-24	0.008418	0.008163	0.008892	0.007981	0
IPSX_USD	2019-01-23	0.008163	0.008079	0.009933	0.007848	0
IPSX_USD	2019-01-22	0.008079	0.007806	0.008321	0.007748	0
IPSX_USD	2019-01-21	0.007806	0.008158	0.008182	0.007019	0
IPSX_USD	2019-01-20	0.008158	0.006118	0.008760	0.005710	0
IPSX_USD	2019-01-19	0.006117	0.006322	0.006549	0.006032	0
IPSX_USD	2019-01-18	0.006322	0.006139	0.006528	0.005576	0
IPSX_USD	2019-01-17	0.006139	0.005636	0.006827	0.005582	0
IPSX_USD	2019-01-16	0.005636	0.005850	0.005922	0.005564	0
IPSX_USD	2019-01-15	0.005850	0.005942	0.006337	0.005744	0
IPSX_USD	2019-01-14	0.005942	0.005190	0.005999	0.005128	0
IPSX_USD	2019-01-13	0.005190	0.005739	0.005967	0.005073	0
IPSX_USD	2019-01-12	0.005739	0.005851	0.006043	0.005629	0
IPSX_USD	2019-01-11	0.005851	0.006108	0.006213	0.005808	0
IPSX_USD	2019-01-10	0.006108	0.006921	0.007335	0.005814	0
IPSX_USD	2019-01-09	0.006921	0.007850	0.008020	0.006863	0
IPSX_USD	2019-01-08	0.007850	0.007817	0.008335	0.007626	0
IPSX_USD	2019-01-07	0.007817	0.009407	0.009508	0.007813	0
IPSX_USD	2019-01-06	0.009407	0.008978	0.018815	0.008960	0
IPSX_USD	2019-01-05	0.008978	0.010229	0.010699	0.008318	0
IPSX_USD	2019-01-04	0.010229	0.010272	0.010783	0.009190	0
IPSX_USD	2019-01-03	0.010272	0.008323	0.010594	0.008155	0
IPSX_USD	2019-01-02	0.008323	0.008035	0.008728	0.007937	0
IPSX_USD	2019-01-01	0.008035	0.007354	0.008139	0.007299	0
IPSX_USD	2018-12-31	0.007354	0.007727	0.007902	0.007087	0
IPSX_USD	2018-12-30	0.007727	0.007358	0.008471	0.006606	0
IPSX_USD	2018-12-29	0.007358	0.008780	0.011339	0.007339	0
IPSX_USD	2018-12-28	0.008780	0.005682	0.009146	0.005569	0
IPSX_USD	2018-12-27	0.005682	0.005561	0.006023	0.005317	0
IPSX_USD	2018-12-26	0.005561	0.005018	0.005695	0.004990	0
IPSX_USD	2018-12-25	0.005018	0.005347	0.005356	0.004878	0
IPSX_USD	2018-12-24	0.005347	0.005313	0.005686	0.005295	0
IPSX_USD	2018-12-23	0.005313	0.004992	0.005433	0.004981	0
IPSX_USD	2018-12-22	0.004992	0.004587	0.005334	0.004469	0
IPSX_USD	2018-12-21	0.004587	0.004446	0.004721	0.004325	0
IPSX_USD	2018-12-20	0.004446	0.004020	0.004661	0.003990	0
IPSX_USD	2018-12-19	0.004020	0.003798	0.004282	0.003781	0
IPSX_USD	2018-12-18	0.003798	0.003607	0.003817	0.003568	0
IPSX_USD	2018-12-17	0.003607	0.003316	0.003797	0.003298	0
IPSX_USD	2018-12-16	0.003316	0.003221	0.003411	0.003212	0
IPSX_USD	2018-12-15	0.003221	0.003216	0.003248	0.003107	0
IPSX_USD	2018-12-14	0.003216	0.003485	0.003522	0.003150	0
IPSX_USD	2018-12-13	0.003485	0.003679	0.003782	0.003424	0
IPSX_USD	2018-12-12	0.003679	0.003319	0.003809	0.003313	0
IPSX_USD	2018-12-11	0.003348	0.003454	0.003496	0.003275	0
IPSX_USD	2018-12-10	0.003454	0.003555	0.003728	0.003429	0
IPSX_USD	2018-12-09	0.003555	0.003243	0.003610	0.003218	0
IPSX_USD	2018-12-08	0.003243	0.003078	0.003506	0.002990	0
IPSX_USD	2018-12-07	0.003078	0.003310	0.003316	0.002919	0
IPSX_USD	2018-12-06	0.003310	0.003936	0.004000	0.003287	0
IPSX_USD	2018-12-05	0.003936	0.004161	0.004188	0.003920	0
IPSX_USD	2018-12-04	0.004161	0.004020	0.004270	0.003905	0
IPSX_USD	2018-12-03	0.004020	0.004680	0.004698	0.003932	0
IPSX_USD	2018-12-02	0.004680	0.004964	0.005204	0.004631	0
IPSX_USD	2018-12-01	0.004964	0.003937	0.005063	0.003906	0
IPSX_USD	2018-11-30	0.003937	0.004592	0.004734	0.003891	0
IPSX_USD	2018-11-29	0.004592	0.003746	0.005648	0.003618	0
IPSX_USD	2018-11-28	0.003746	0.003205	0.004076	0.003205	0
IPSX_USD	2018-11-27	0.003205	0.003085	0.003225	0.002887	0
IPSX_USD	2018-11-26	0.003085	0.003202	0.003547	0.002953	0
IPSX_USD	2018-11-25	0.003202	0.003498	0.003530	0.002574	0
IPSX_USD	2018-11-24	0.003498	0.003958	0.004110	0.003336	0
IPSX_USD	2018-11-23	0.003958	0.004216	0.004307	0.003808	0
IPSX_USD	2018-11-22	0.004216	0.004414	0.004518	0.004199	0
IPSX_USD	2018-11-21	0.004414	0.004313	0.004891	0.004120	0
IPSX_USD	2018-11-20	0.004313	0.005012	0.005487	0.003908	0
IPSX_USD	2018-11-19	0.005012	0.006367	0.006367	0.004915	0
IPSX_USD	2018-11-18	0.006367	0.006471	0.006594	0.006234	0
IPSX_USD	2018-11-17	0.006471	0.006425	0.006618	0.006346	0
IPSX_USD	2018-11-16	0.006425	0.006672	0.006984	0.006298	0
IPSX_USD	2018-11-15	0.006672	0.006885	0.006958	0.006194	0
IPSX_USD	2018-11-14	0.006885	0.008598	0.008650	0.006589	0
IPSX_USD	2018-11-13	0.008598	0.008446	0.008927	0.008292	0
IPSX_USD	2018-11-12	0.008446	0.008462	0.008509	0.007909	0
IPSX_USD	2018-11-11	0.008462	0.008521	0.008629	0.008305	0
IPSX_USD	2018-11-10	0.008521	0.008603	0.008840	0.008477	0
IPSX_USD	2018-11-09	0.008603	0.008877	0.009006	0.008603	0
IPSX_USD	2018-11-08	0.008877	0.008873	0.009021	0.008587	0
IPSX_USD	2018-11-07	0.008873	0.008828	0.009273	0.008714	0
IPSX_USD	2018-11-06	0.008828	0.008929	0.009069	0.008790	0
IPSX_USD	2018-11-05	0.008929	0.008852	0.009113	0.008728	0
IPSX_USD	2018-11-04	0.008852	0.008751	0.009182	0.008554	0
IPSX_USD	2018-11-03	0.008751	0.008869	0.008974	0.008566	0
IPSX_USD	2018-11-02	0.008869	0.008704	0.009077	0.008681	0
IPSX_USD	2018-11-01	0.008704	0.008629	0.009195	0.008559	0
IPSX_USD	2018-10-31	0.008629	0.008577	0.008832	0.008443	0
IPSX_USD	2018-10-30	0.008577	0.008913	0.008975	0.008523	0
IPSX_USD	2018-10-29	0.008913	0.009086	0.009380	0.008881	0
IPSX_USD	2018-10-28	0.009086	0.008840	0.009197	0.008799	0
IPSX_USD	2018-10-27	0.008840	0.008785	0.009381	0.008335	0
IPSX_USD	2018-10-26	0.008785	0.008846	0.009579	0.008363	0
IPSX_USD	2018-10-25	0.008846	0.008848	0.009136	0.008678	0
IPSX_USD	2018-10-24	0.008848	0.008319	0.009364	0.008317	0
IPSX_USD	2018-10-23	0.008319	0.009063	0.009063	0.007895	0
IPSX_USD	2018-10-22	0.009063	0.009289	0.009916	0.008839	0
IPSX_USD	2018-10-21	0.009289	0.008397	0.010363	0.008385	0
IPSX_USD	2018-10-20	0.008397	0.008257	0.008675	0.008053	0
IPSX_USD	2018-10-19	0.008257	0.009093	0.009116	0.008006	0
IPSX_USD	2018-10-18	0.009093	0.009665	0.009670	0.008434	0
IPSX_USD	2018-10-17	0.009665	0.008954	0.010207	0.008848	0
IPSX_USD	2018-10-16	0.008954	0.009135	0.009476	0.008438	0
IPSX_USD	2018-10-15	0.009135	0.008708	0.010600	0.008634	0
IPSX_USD	2018-10-14	0.008708	0.008636	0.008851	0.008572	0
IPSX_USD	2018-10-13	0.008636	0.009036	0.009088	0.008268	0
IPSX_USD	2018-10-12	0.009036	0.008976	0.009455	0.008855	0
IPSX_USD	2018-10-11	0.008976	0.009514	0.009542	0.008645	0
IPSX_USD	2018-10-10	0.009514	0.009561	0.010114	0.009223	0
IPSX_USD	2018-10-09	0.009561	0.009710	0.010020	0.009438	0
IPSX_USD	2018-10-08	0.009710	0.009868	0.010028	0.009649	0
IPSX_USD	2018-10-07	0.009868	0.010020	0.010362	0.009834	0
IPSX_USD	2018-10-06	0.010020	0.010067	0.010178	0.009665	0
IPSX_USD	2018-10-05	0.010067	0.010035	0.010138	0.009594	0
IPSX_USD	2018-10-04	0.010035	0.010177	0.010546	0.009920	0
IPSX_USD	2018-10-03	0.010177	0.010429	0.010439	0.009901	0
IPSX_USD	2018-10-02	0.010429	0.010429	0.010910	0.009954	0
IPSX_USD	2018-10-01	0.010429	0.011385	0.011759	0.009384	0
IPSX_USD	2018-09-30	0.011385	0.011393	0.011576	0.011083	0
IPSX_USD	2018-09-29	0.011393	0.011512	0.011544	0.011055	0
IPSX_USD	2018-09-28	0.011512	0.011739	0.011801	0.011208	0
IPSX_USD	2018-09-27	0.011739	0.011438	0.011781	0.010988	0
IPSX_USD	2018-09-26	0.011438	0.011872	0.011872	0.010945	0
IPSX_USD	2018-09-25	0.011872	0.012347	0.012347	0.011528	0
IPSX_USD	2018-09-24	0.012347	0.012717	0.012717	0.012160	0
IPSX_USD	2018-09-23	0.012717	0.012810	0.012990	0.012544	0
IPSX_USD	2018-09-22	0.012810	0.012834	0.013127	0.012592	0
IPSX_USD	2018-09-21	0.012834	0.012156	0.012877	0.012074	0
IPSX_USD	2018-09-20	0.012156	0.011665	0.012627	0.011665	0
IPSX_USD	2018-09-19	0.011665	0.011861	0.011958	0.011250	0
IPSX_USD	2018-09-18	0.011861	0.011384	0.012232	0.011308	0
IPSX_USD	2018-09-17	0.011384	0.011795	0.012510	0.011328	0
IPSX_USD	2018-09-16	0.011795	0.011573	0.012201	0.011421	0
IPSX_USD	2018-09-15	0.011573	0.011515	0.011660	0.011458	0
IPSX_USD	2018-09-14	0.011515	0.011883	0.011954	0.011426	0
IPSX_USD	2018-09-13	0.011883	0.011026	0.012245	0.011021	0
IPSX_USD	2018-09-12	0.011026	0.010945	0.011874	0.010454	0
IPSX_USD	2018-09-11	0.010945	0.011228	0.011621	0.010738	0
IPSX_USD	2018-09-10	0.011228	0.011075	0.011972	0.010723	0
IPSX_USD	2018-09-09	0.011075	0.011195	0.011523	0.011031	0
IPSX_USD	2018-09-08	0.011195	0.011367	0.012263	0.010994	0
IPSX_USD	2018-09-07	0.011367	0.011725	0.012801	0.011333	0
IPSX_USD	2018-09-06	0.011725	0.011564	0.011763	0.010984	0
IPSX_USD	2018-09-05	0.011564	0.013872	0.015006	0.011558	0
IPSX_USD	2018-09-04	0.013872	0.012541	0.014383	0.012518	0
IPSX_USD	2018-09-03	0.012541	0.013232	0.013299	0.012074	0
IPSX_USD	2018-09-02	0.013232	0.012991	0.013641	0.011986	0
IPSX_USD	2018-09-01	0.012991	0.011313	0.013545	0.011223	0
IPSX_USD	2018-08-31	0.011313	0.011925	0.012018	0.010019	0
IPSX_USD	2018-08-30	0.011925	0.012120	0.012235	0.011129	0
IPSX_USD	2018-08-29	0.012120	0.012352	0.012400	0.011722	0
IPSX_USD	2018-08-28	0.012352	0.011735	0.012609	0.011466	0
IPSX_USD	2018-08-27	0.011735	0.011304	0.011749	0.011055	0
IPSX_USD	2018-08-26	0.011304	0.011288	0.011684	0.011096	0
IPSX_USD	2018-08-25	0.011288	0.012619	0.012803	0.010887	0
IPSX_USD	2018-08-24	0.012619	0.012238	0.013183	0.011893	0
IPSX_USD	2018-08-23	0.012238	0.012042	0.012320	0.011449	0
IPSX_USD	2018-08-22	0.012042	0.012343	0.013427	0.011568	0
IPSX_USD	2018-08-21	0.012343	0.011697	0.012433	0.011688	0
IPSX_USD	2018-08-20	0.011697	0.013132	0.013185	0.011697	0
IPSX_USD	2018-08-19	0.013132	0.013165	0.013338	0.012320	0
IPSX_USD	2018-08-18	0.013165	0.013145	0.014351	0.012530	0
IPSX_USD	2018-08-17	0.013145	0.011677	0.013410	0.011532	0
IPSX_USD	2018-08-16	0.011677	0.011506	0.012328	0.011370	0
IPSX_USD	2018-08-15	0.011506	0.010485	0.012348	0.010478	0
IPSX_USD	2018-08-14	0.010485	0.012004	0.012151	0.010208	0
IPSX_USD	2018-08-13	0.012004	0.012754	0.013400	0.011703	0
IPSX_USD	2018-08-12	0.012754	0.014408	0.014651	0.012369	0
IPSX_USD	2018-08-11	0.014408	0.015114	0.015172	0.012978	0
IPSX_USD	2018-08-10	0.015114	0.017269	0.017354	0.014774	0
IPSX_USD	2018-08-09	0.017269	0.016103	0.030043	0.015721	0
IPSX_USD	2018-08-08	0.016103	0.017534	0.017534	0.015907	0
IPSX_USD	2018-08-07	0.017534	0.018489	0.018821	0.017272	0
IPSX_USD	2018-08-06	0.018489	0.018671	0.021562	0.018260	0
IPSX_USD	2018-08-05	0.018671	0.018601	0.019136	0.017828	0
IPSX_USD	2018-08-04	0.018601	0.020506	0.020723	0.017981	0
IPSX_USD	2018-08-03	0.020506	0.021061	0.021061	0.019266	0
IPSX_USD	2018-08-02	0.021061	0.020699	0.021731	0.019710	0
IPSX_USD	2018-08-01	0.020699	0.021493	0.021520	0.019974	0
IPSX_USD	2018-07-31	0.021493	0.022961	0.023011	0.020654	0
IPSX_USD	2018-07-30	0.022961	0.023186	0.023256	0.021984	0
IPSX_USD	2018-07-29	0.023186	0.023418	0.023748	0.022662	0
IPSX_USD	2018-07-28	0.023418	0.023954	0.023954	0.023418	0
IPSX_USD	2018-07-27	0.023954	0.023542	0.024160	0.023542	0
IPSX_USD	2018-07-26	0.023542	0.023715	0.024496	0.023542	0
IPSX_USD	2018-07-25	0.023715	0.023935	0.024603	0.022988	0
IPSX_USD	2018-07-24	0.023935	0.022871	0.024671	0.022065	0
IPSX_USD	2018-07-23	0.022871	0.022537	0.024042	0.022454	0
IPSX_USD	2018-07-22	0.022537	0.023802	0.024070	0.022393	0
IPSX_USD	2018-07-21	0.023802	0.023427	0.024705	0.022963	0
IPSX_USD	2018-07-20	0.023427	0.026606	0.027117	0.023097	0
IPSX_USD	2018-07-19	0.026606	0.023829	0.027030	0.023384	0
IPSX_USD	2018-07-18	0.023829	0.021594	0.024845	0.021381	0
IPSX_USD	2018-07-17	0.021594	0.019636	0.021937	0.019176	0
IPSX_USD	2018-07-16	0.019636	0.017898	0.020745	0.017856	0
IPSX_USD	2018-07-15	0.017898	0.017719	0.018200	0.017330	0
IPSX_USD	2018-07-14	0.017719	0.017820	0.017984	0.017555	0
IPSX_USD	2018-07-13	0.017820	0.017136	0.018109	0.017058	0
IPSX_USD	2018-07-12	0.017136	0.017858	0.017858	0.016723	0
IPSX_USD	2018-07-11	0.017858	0.018241	0.018704	0.017176	0
IPSX_USD	2018-07-10	0.018241	0.018082	0.021476	0.017092	0
IPSX_USD	2018-07-09	0.018082	0.018682	0.018725	0.018017	0
IPSX_USD	2018-07-08	0.018682	0.019339	0.019422	0.018608	0
IPSX_USD	2018-07-07	0.019339	0.019771	0.019830	0.018592	0
IPSX_USD	2018-07-06	0.019771	0.019719	0.020953	0.018796	0
IPSX_USD	2018-07-05	0.019719	0.019671	0.021681	0.019414	0
IPSX_USD	2018-07-04	0.019671	0.018330	0.022759	0.017553	0
IPSX_USD	2018-07-03	0.018330	0.018132	0.019044	0.000238	0
IPSX_USD	2018-07-02	0.018132	0.017111	0.018720	0.000000	0
IPSX_USD	2018-07-01	0.017112	0.018408	0.018588	0.016902	0
IPSX_USD	2018-06-30	0.018376	0.017431	0.019070	0.016825	0
IPSX_USD	2018-06-29	0.017445	0.017139	0.017615	0.015957	0
IPSX_USD	2018-06-28	0.017166	0.018155	0.018599	0.017082	0
IPSX_USD	2018-06-27	0.018154	0.018047	0.018439	0.017637	0
IPSX_USD	2018-06-26	0.018104	0.018721	0.019071	0.018007	0
IPSX_USD	2018-06-25	0.018646	0.018899	0.019355	0.017880	0
IPSX_USD	2018-06-24	0.018967	0.020266	0.020353	0.017813	0
IPSX_USD	2018-06-23	0.020240	0.020695	0.021086	0.019921	0
IPSX_USD	2018-06-22	0.020696	0.022693	0.023792	0.020101	0
IPSX_USD	2018-06-21	0.022691	0.023626	0.023717	0.022410	0
IPSX_USD	2018-06-20	0.023627	0.024035	0.024282	0.022701	0
IPSX_USD	2018-06-19	0.024062	0.024195	0.024726	0.023773	0
IPSX_USD	2018-06-18	0.024186	0.023743	0.024256	0.022940	0
IPSX_USD	2018-06-17	0.023723	0.023289	0.024181	0.023099	0
IPSX_USD	2018-06-16	0.023284	0.022954	0.023496	0.022688	0
IPSX_USD	2018-06-15	0.022943	0.023778	0.024024	0.022865	0
IPSX_USD	2018-06-14	0.023766	0.022851	0.024213	0.022728	0
IPSX_USD	2018-06-13	0.022838	0.025129	0.025209	0.022095	0
IPSX_USD	2018-06-12	0.025123	0.025489	0.026573	0.024475	0
IPSX_USD	2018-06-11	0.025501	0.025950	0.026023	0.024051	0
IPSX_USD	2018-06-10	0.025920	0.030857	0.030857	0.025494	0
IPSX_USD	2018-06-09	0.030848	0.030271	0.031360	0.030271	0
IPSX_USD	2018-06-08	0.030384	0.030974	0.031215	0.029022	0
IPSX_USD	2018-06-07	0.030986	0.028549	0.030998	0.028549	0
IPSX_USD	2018-06-06	0.028548	0.028453	0.028560	0.027395	0
IPSX_USD	2018-06-05	0.028429	0.029095	0.029158	0.027902	0
IPSX_USD	2018-06-04	0.029116	0.030011	0.030136	0.028566	0
IPSX_USD	2018-06-03	0.029985	0.029597	0.030393	0.029053	0
IPSX_USD	2018-06-02	0.029559	0.028829	0.029891	0.028550	0
IPSX_USD	2018-06-01	0.028806	0.028633	0.029761	0.027893	0
IPSX_USD	2018-05-31	0.028636	0.027018	0.029563	0.026829	0
IPSX_USD	2018-05-30	0.027030	0.028965	0.029927	0.026145	0
IPSX_USD	2018-05-29	0.028931	0.027777	0.029610	0.027245	0
IPSX_USD	2018-05-28	0.027760	0.031280	0.031690	0.027613	0
IPSX_USD	2018-05-27	0.031267	0.031955	0.032106	0.030957	0
IPSX_USD	2018-05-26	0.031948	0.032399	0.033491	0.031819	0
IPSX_USD	2018-05-25	0.032405	0.033448	0.034422	0.031794	0
IPSX_USD	2018-05-24	0.033434	0.033502	0.034222	0.030656	0
IPSX_USD	2018-05-23	0.033528	0.035977	0.036365	0.033348	0
IPSX_USD	2018-05-22	0.035990	0.038409	0.038527	0.035728	0
IPSX_USD	2018-05-21	0.038409	0.040527	0.040720	0.038058	0
IPSX_USD	2018-05-20	0.040527	0.038522	0.040877	0.038160	0
IPSX_USD	2018-05-19	0.038522	0.038888	0.039788	0.037783	0
IPSX_USD	2018-05-18	0.038888	0.038828	0.039703	0.037864	0
IPSX_USD	2018-05-17	0.038798	0.041116	0.041878	0.038562	0
IPSX_USD	2018-05-16	0.041080	0.042033	0.042591	0.039222	0
IPSX_USD	2018-05-15	0.041992	0.044848	0.046138	0.040940	0
IPSX_USD	2018-05-14	0.044852	0.041551	0.046075	0.039526	0
IPSX_USD	2018-05-13	0.041551	0.041230	0.042237	0.039933	0
IPSX_USD	2018-05-12	0.041136	0.040241	0.042036	0.038179	0
IPSX_USD	2018-05-11	0.040241	0.044688	0.044722	0.038664	0
IPSX_USD	2018-05-10	0.044688	0.051995	0.053761	0.043918	0
IPSX_USD	2018-05-09	0.051995	0.055454	0.055550	0.048755	0
IPSX_USD	2018-05-08	0.055474	0.059102	0.059168	0.000006	0
IPSX_USD	2018-05-07	0.061192	0.064184	0.064355	0.060550	0
IPSX_USD	2018-05-06	0.064184	0.065601	0.068554	0.062745	0
IPSX_USD	2018-05-05	0.066361	0.065285	0.067971	0.064121	0
IPSX_USD	2018-05-04	0.065285	0.066650	0.067418	0.064581	0
IPSX_USD	2018-05-03	0.066650	0.063400	0.067934	0.062886	0
IPSX_USD	2018-05-02	0.063400	0.061922	0.063869	0.060181	0
IPSX_USD	2018-05-01	0.061922	0.061282	0.062472	0.058311	0
IPSX_USD	2018-04-30	0.061282	0.063534	0.064355	0.060222	0
IPSX_USD	2018-04-29	0.063534	0.064584	0.066835	0.061356	0
IPSX_USD	2018-04-28	0.064584	0.061122	0.068152	0.060376	0
IPSX_USD	2018-04-27	0.061122	0.064092	0.064092	0.059939	0
IPSX_USD	2018-04-26	0.064092	0.063105	0.064928	0.056140	0
IPSX_USD	2018-04-25	0.063105	0.070257	0.070291	0.059382	0
IPSX_USD	2018-04-24	0.070257	0.066467	0.073910	0.066274	0
IPSX_USD	2018-04-23	0.066467	0.064590	0.067468	0.063126	0
IPSX_USD	2018-04-22	0.064590	0.063380	0.066213	0.062610	0
IPSX_USD	2018-04-21	0.063380	0.068216	0.068286	0.061981	0
IPSX_USD	2018-04-20	0.068216	0.071038	0.071847	0.062723	0
IPSX_USD	2018-04-19	0.071038	0.061617	0.071168	0.061052	0
IPSX_USD	2018-04-18	0.061617	0.058190	0.062146	0.057454	0
IPSX_USD	2018-04-17	0.058190	0.058326	0.062556	0.056717	0
IPSX_USD	2018-04-16	0.058326	0.063263	0.064025	0.057012	0
IPSX_USD	2018-04-15	0.063263	0.059678	0.063376	0.058218	0
IPSX_USD	2018-04-14	0.059678	0.058935	0.060670	0.056191	0
IPSX_USD	2018-04-13	0.058935	0.060962	0.064772	0.058189	0
IPSX_USD	2018-04-12	0.060962	0.056786	0.061434	0.050835	0
IPSX_USD	2018-04-11	0.056786	0.050239	0.057119	0.050065	0
IPSX_USD	2018-04-10	0.050239	0.044388	0.051512	0.043310	0
IPSX_USD	2018-04-09	0.044388	0.043911	0.045650	0.042787	0
IPSX_USD	2018-04-08	0.043911	0.043254	0.044702	0.043044	0
IPSX_USD	2018-04-07	0.043254	0.041603	0.044745	0.041480	0
IPSX_USD	2018-04-06	0.041603	0.043816	0.044646	0.041057	0
IPSX_USD	2018-04-05	0.043816	0.046624	0.046624	0.042761	0
IPSX_USD	2018-04-04	0.046624	0.050759	0.051734	0.044756	0
IPSX_USD	2018-04-03	0.050759	0.047394	0.051154	0.046051	0
IPSX_USD	2018-04-02	0.047394	0.045628	0.047872	0.044778	0
IPSX_USD	2018-04-01	0.045628	0.048996	0.049600	0.043308	0
IPSX_USD	2018-03-31	0.048996	0.047643	0.052447	0.047643	0
IPSX_USD	2018-03-30	0.047643	0.051489	0.052039	0.044315	0
IPSX_USD	2018-03-29	0.051489	0.063130	0.063749	0.050427	0
IPSX_USD	2018-03-28	0.063130	0.059547	0.065374	0.058846	0
IPSX_USD	2018-03-27	0.059547	0.063780	0.064724	0.059273	0
IPSX_USD	2018-03-26	0.063780	0.073136	0.073800	0.058610	0
IPSX_USD	2018-03-25	0.073136	0.071113	0.077039	0.070402	0
IPSX_USD	2018-03-24	0.071113	0.066723	0.078818	0.062885	0
IPSX_USD	2018-03-23	0.066723	0.076796	0.077188	0.065007	0
IPSX_USD	2018-03-22	0.076796	0.076807	0.087021	0.075669	0
IPSX_USD	2018-03-21	0.076807	0.090517	0.094366	0.074978	0
IPSX_USD	2018-03-20	0.090517	0.078345	0.092236	0.074998	0
IPSX_USD	2018-03-19	0.078345	0.076289	0.085247	0.071667	0
IPSX_USD	2018-03-18	0.076289	0.066898	0.079525	0.058862	0
IPSX_USD	2018-03-17	0.066898	0.057172	0.074579	0.054989	0
IPSX_USD	2018-03-16	0.057172	0.059554	0.060447	0.056927	0
IPSX_USD	2018-03-15	0.059554	0.056024	0.060740	0.052684	0
IPSX_USD	2018-03-14	0.056024	0.067598	0.069328	0.051818	0
IPSX_USD	2018-03-13	0.067598	0.061833	0.067813	0.058085	0
IPSX_USD	2018-03-12	0.061833	0.064622	0.068229	0.059903	0
IPSX_USD	2018-03-11	0.064622	0.060940	0.069076	0.058628	0
IPSX_USD	2018-03-10	0.060940	0.067721	0.070379	0.060376	0
IPSX_USD	2018-03-09	0.067721	0.064534	0.074694	0.054861	0
IPSX_USD	2018-03-08	0.064534	0.064180	0.066580	0.059877	0
IPSX_USD	2018-03-07	0.064180	0.073129	0.077311	0.061232	0
IPSX_USD	2018-03-06	0.073129	0.072545	0.073941	0.066402	0
IPSX_USD	2018-03-05	0.072545	0.076007	0.076114	0.070414	0
IPSX_USD	2018-03-04	0.076007	0.077416	0.077644	0.073415	0
IPSX_USD	2018-03-03	0.077416	0.073145	0.078270	0.073145	0
IPSX_USD	2018-03-02	0.073145	0.071077	0.075317	0.071039	0
