IVY_USD	2019-04-09	0.008159	0.008284	0.008294	0.008018	0
IVY_USD	2019-04-08	0.008299	0.008064	0.008543	0.008001	0
IVY_USD	2019-04-07	0.008090	0.007629	0.008141	0.007573	0
IVY_USD	2019-04-06	0.007621	0.007640	0.007948	0.007416	0
IVY_USD	2019-04-05	0.007652	0.007248	0.007762	0.007204	0
IVY_USD	2019-04-04	0.007245	0.007359	0.007547	0.007081	0
IVY_USD	2019-04-03	0.007332	0.007555	0.008196	0.006957	0
IVY_USD	2019-04-02	0.007557	0.006536	0.007680	0.006527	0
IVY_USD	2019-04-01	0.006552	0.007183	0.007262	0.006255	0
IVY_USD	2019-03-31	0.007183	0.007074	0.007946	0.006568	0
IVY_USD	2019-03-30	0.007074	0.006836	0.007369	0.006488	0
IVY_USD	2019-03-29	0.006837	0.006780	0.006935	0.006004	0
IVY_USD	2019-03-28	0.006776	0.006906	0.006990	0.006583	0
IVY_USD	2019-03-27	0.006889	0.007026	0.007263	0.006474	0
IVY_USD	2019-03-26	0.007026	0.006825	0.007060	0.006578	0
IVY_USD	2019-03-25	0.006825	0.007039	0.007166	0.006492	0
IVY_USD	2019-03-24	0.007039	0.007012	0.007121	0.006944	0
IVY_USD	2019-03-23	0.007012	0.006896	0.007129	0.006708	0
IVY_USD	2019-03-22	0.006897	0.006912	0.007147	0.006708	0
IVY_USD	2019-03-21	0.006913	0.007190	0.007217	0.006680	0
IVY_USD	2019-03-20	0.007188	0.007252	0.007259	0.006854	0
IVY_USD	2019-03-19	0.007258	0.007365	0.007452	0.006704	0
IVY_USD	2019-03-18	0.007365	0.007330	0.007482	0.007174	0
IVY_USD	2019-03-17	0.007330	0.007352	0.007406	0.007175	0
IVY_USD	2019-03-16	0.007352	0.006892	0.007435	0.006888	0
IVY_USD	2019-03-15	0.006894	0.006772	0.007012	0.006594	0
IVY_USD	2019-03-14	0.006777	0.006641	0.007005	0.006514	0
IVY_USD	2019-03-13	0.006636	0.006454	0.006839	0.006346	0
IVY_USD	2019-03-12	0.006454	0.006367	0.007090	0.006240	0
IVY_USD	2019-03-11	0.006364	0.006705	0.006762	0.006236	0
IVY_USD	2019-03-10	0.006706	0.006932	0.006942	0.006464	0
IVY_USD	2019-03-09	0.006932	0.006640	0.006936	0.006406	0
IVY_USD	2019-03-08	0.006640	0.006650	0.006921	0.006518	0
IVY_USD	2019-03-07	0.006650	0.006551	0.006862	0.006388	0
IVY_USD	2019-03-06	0.006544	0.008387	0.008482	0.006418	0
IVY_USD	2019-03-05	0.008376	0.007944	0.008465	0.007701	0
IVY_USD	2019-03-04	0.007943	0.008093	0.008243	0.007618	0
IVY_USD	2019-03-03	0.008085	0.008136	0.008546	0.007933	0
IVY_USD	2019-03-02	0.008136	0.008273	0.008302	0.007680	0
IVY_USD	2019-03-01	0.008280	0.008009	0.008570	0.007321	0
IVY_USD	2019-02-28	0.008010	0.007926	0.008641	0.007682	0
IVY_USD	2019-02-27	0.007924	0.007193	0.008585	0.007076	0
IVY_USD	2019-02-26	0.007163	0.007380	0.007409	0.006977	0
IVY_USD	2019-02-25	0.007380	0.007341	0.007787	0.007093	0
IVY_USD	2019-02-24	0.007330	0.008631	0.008740	0.007330	0
IVY_USD	2019-02-23	0.008645	0.008027	0.008681	0.007893	0
IVY_USD	2019-02-22	0.008042	0.008549	0.008599	0.007601	0
IVY_USD	2019-02-21	0.008551	0.008462	0.008809	0.008353	0
IVY_USD	2019-02-20	0.008495	0.008520	0.008586	0.007138	0
IVY_USD	2019-02-19	0.008515	0.009425	0.009712	0.007584	0
IVY_USD	2019-02-18	0.009434	0.008294	0.009595	0.008227	0
IVY_USD	2019-02-17	0.008297	0.008416	0.009023	0.008258	0
IVY_USD	2019-02-16	0.008416	0.008256	0.008812	0.008253	0
IVY_USD	2019-02-15	0.008254	0.008880	0.009234	0.008106	0
IVY_USD	2019-02-14	0.008885	0.009112	0.009694	0.008885	0
IVY_USD	2019-02-13	0.009122	0.008562	0.009224	0.008373	0
IVY_USD	2019-02-12	0.008537	0.008005	0.008809	0.007829	0
IVY_USD	2019-02-11	0.008005	0.010316	0.010316	0.007943	0
IVY_USD	2019-02-10	0.010333	0.009749	0.010502	0.009386	0
IVY_USD	2019-02-09	0.009759	0.009247	0.010093	0.009079	0
IVY_USD	2019-02-08	0.009223	0.008746	0.010206	0.008577	0
IVY_USD	2019-02-07	0.008694	0.008405	0.008904	0.008394	0
IVY_USD	2019-02-06	0.008405	0.008184	0.008494	0.007272	0
IVY_USD	2019-02-05	0.008114	0.007674	0.009700	0.007439	0
IVY_USD	2019-02-04	0.007659	0.008358	0.008418	0.007203	0
IVY_USD	2019-02-03	0.008335	0.008397	0.008789	0.008114	0
IVY_USD	2019-02-02	0.008368	0.008225	0.009090	0.008112	0
IVY_USD	2019-02-01	0.008246	0.008026	0.008434	0.007829	0
IVY_USD	2019-01-31	0.008010	0.008131	0.008309	0.007931	0
IVY_USD	2019-01-30	0.008137	0.008363	0.008536	0.007867	0
IVY_USD	2019-01-29	0.008390	0.008277	0.008488	0.007736	0
IVY_USD	2019-01-28	0.008271	0.008717	0.008820	0.007879	0
IVY_USD	2019-01-27	0.008730	0.008840	0.009214	0.008187	0
IVY_USD	2019-01-26	0.008860	0.008930	0.009463	0.008454	0
IVY_USD	2019-01-25	0.008947	0.009286	0.009467	0.008769	0
IVY_USD	2019-01-24	0.009370	0.009459	0.010186	0.008953	0
IVY_USD	2019-01-23	0.009459	0.010654	0.010738	0.009354	0
IVY_USD	2019-01-22	0.010654	0.010707	0.010841	0.009086	0
IVY_USD	2019-01-21	0.010717	0.010992	0.011208	0.010609	0
IVY_USD	2019-01-20	0.011005	0.010994	0.013118	0.010596	0
IVY_USD	2019-01-19	0.010994	0.008725	0.011071	0.008699	0
IVY_USD	2019-01-18	0.008918	0.010878	0.011128	0.008269	0
IVY_USD	2019-01-17	0.010903	0.009748	0.011030	0.009533	0
IVY_USD	2019-01-16	0.009703	0.008680	0.010071	0.008535	0
IVY_USD	2019-01-15	0.008712	0.007526	0.013441	0.007526	0
IVY_USD	2019-01-14	0.007559	0.007150	0.007735	0.006876	0
IVY_USD	2019-01-13	0.007162	0.007564	0.007671	0.006819	0
IVY_USD	2019-01-12	0.007596	0.007773	0.007804	0.007330	0
IVY_USD	2019-01-11	0.007760	0.007843	0.007978	0.007260	0
IVY_USD	2019-01-10	0.007834	0.008985	0.009624	0.007625	0
IVY_USD	2019-01-09	0.008982	0.008837	0.010053	0.008322	0
IVY_USD	2019-01-08	0.008829	0.009613	0.010232	0.008496	0
IVY_USD	2019-01-07	0.009642	0.010310	0.010730	0.009220	0
IVY_USD	2019-01-06	0.010308	0.009424	0.012644	0.008100	0
IVY_USD	2019-01-05	0.009437	0.009748	0.010149	0.009077	0
IVY_USD	2019-01-04	0.009757	0.009260	0.010076	0.009033	0
IVY_USD	2019-01-03	0.009340	0.009363	0.010104	0.008958	0
IVY_USD	2019-01-02	0.009350	0.009242	0.009861	0.009161	0
IVY_USD	2019-01-01	0.009159	0.008459	0.009435	0.008450	0
IVY_USD	2018-12-31	0.008459	0.007080	0.010647	0.006777	0
IVY_USD	2018-12-30	0.007071	0.006984	0.014013	0.006690	0
IVY_USD	2018-12-29	0.006951	0.007521	0.007859	0.006889	0
IVY_USD	2018-12-28	0.007525	0.006493	0.007665	0.006368	0
IVY_USD	2018-12-27	0.006476	0.007344	0.007647	0.006376	0
IVY_USD	2018-12-26	0.007341	0.007002	0.007416	0.006736	0
IVY_USD	2018-12-25	0.007008	0.007508	0.007555	0.006703	0
IVY_USD	2018-12-24	0.007514	0.007785	0.008842	0.007186	0
IVY_USD	2018-12-23	0.007786	0.007402	0.008298	0.007374	0
IVY_USD	2018-12-22	0.007372	0.006805	0.007372	0.006657	0
IVY_USD	2018-12-21	0.006805	0.008296	0.008597	0.006729	0
IVY_USD	2018-12-20	0.008331	0.007524	0.008469	0.007348	0
IVY_USD	2018-12-19	0.007482	0.007536	0.008142	0.007305	0
IVY_USD	2018-12-18	0.007515	0.006980	0.007612	0.006776	0
IVY_USD	2018-12-17	0.007029	0.006301	0.007197	0.006191	0
IVY_USD	2018-12-16	0.006328	0.006276	0.006522	0.006192	0
IVY_USD	2018-12-15	0.006290	0.006356	0.006702	0.006062	0
IVY_USD	2018-12-14	0.006355	0.006619	0.006667	0.005238	0
IVY_USD	2018-12-13	0.006613	0.006918	0.007029	0.006459	0
IVY_USD	2018-12-12	0.006945	0.006678	0.007120	0.006618	0
IVY_USD	2018-12-11	0.006722	0.007886	0.007923	0.006501	0
IVY_USD	2018-12-10	0.007930	0.008167	0.011527	0.007816	0
IVY_USD	2018-12-09	0.008172	0.007991	0.008861	0.007698	0
IVY_USD	2018-12-08	0.007937	0.007865	0.008517	0.007380	0
IVY_USD	2018-12-07	0.007867	0.007399	0.008223	0.006947	0
IVY_USD	2018-12-06	0.007444	0.007689	0.009474	0.007407	0
IVY_USD	2018-12-05	0.007566	0.008253	0.008427	0.007537	0
IVY_USD	2018-12-04	0.008260	0.008203	0.008648	0.007968	0
IVY_USD	2018-12-03	0.008214	0.009205	0.009226	0.008010	0
IVY_USD	2018-12-02	0.009187	0.009249	0.009595	0.008896	0
IVY_USD	2018-12-01	0.009249	0.009440	0.010105	0.009009	0
IVY_USD	2018-11-30	0.009457	0.009872	0.011025	0.008829	0
IVY_USD	2018-11-29	0.009849	0.009236	0.010792	0.008929	0
IVY_USD	2018-11-28	0.009223	0.009785	0.012727	0.008493	0
IVY_USD	2018-11-27	0.009796	0.007547	0.009796	0.007242	0
IVY_USD	2018-11-26	0.007514	0.008628	0.008937	0.007249	0
IVY_USD	2018-11-25	0.008667	0.008540	0.008908	0.007612	0
IVY_USD	2018-11-24	0.008546	0.008847	0.009247	0.008302	0
IVY_USD	2018-11-23	0.008847	0.008928	0.009078	0.008490	0
IVY_USD	2018-11-22	0.009015	0.009751	0.010023	0.009015	0
IVY_USD	2018-11-21	0.009780	0.009143	0.010201	0.008820	0
IVY_USD	2018-11-20	0.009225	0.011691	0.011897	0.007974	0
IVY_USD	2018-11-19	0.011683	0.013967	0.014056	0.011463	0
IVY_USD	2018-11-18	0.013967	0.014379	0.015130	0.013796	0
IVY_USD	2018-11-17	0.014388	0.013433	0.017045	0.013158	0
IVY_USD	2018-11-16	0.013433	0.011270	0.022980	0.011088	0
IVY_USD	2018-11-15	0.011270	0.013366	0.013507	0.010503	0
IVY_USD	2018-11-14	0.013264	0.014879	0.016106	0.012969	0
IVY_USD	2018-11-13	0.014888	0.015557	0.015671	0.014848	0
IVY_USD	2018-11-12	0.015547	0.015325	0.015869	0.014925	0
IVY_USD	2018-11-11	0.015362	0.014092	0.016661	0.013994	0
IVY_USD	2018-11-10	0.014092	0.014360	0.014431	0.013983	0
IVY_USD	2018-11-09	0.014338	0.014912	0.015173	0.013913	0
IVY_USD	2018-11-08	0.014805	0.015932	0.016030	0.014805	0
IVY_USD	2018-11-07	0.015855	0.015902	0.016128	0.015416	0
IVY_USD	2018-11-06	0.015891	0.016091	0.016271	0.015527	0
IVY_USD	2018-11-05	0.016133	0.015195	0.016240	0.014373	0
IVY_USD	2018-11-04	0.015216	0.015358	0.015879	0.014208	0
IVY_USD	2018-11-03	0.015348	0.015713	0.015884	0.015342	0
IVY_USD	2018-11-02	0.015743	0.015390	0.016651	0.015350	0
IVY_USD	2018-11-01	0.015380	0.015896	0.016283	0.015288	0
IVY_USD	2018-10-31	0.015906	0.017038	0.017108	0.015610	0
IVY_USD	2018-10-30	0.017048	0.017022	0.017696	0.016595	0
IVY_USD	2018-10-29	0.017022	0.016632	0.019684	0.015765	0
IVY_USD	2018-10-28	0.016622	0.018105	0.018258	0.016453	0
IVY_USD	2018-10-27	0.018116	0.016649	0.020135	0.016470	0
IVY_USD	2018-10-26	0.016977	0.014716	0.020308	0.014546	0
IVY_USD	2018-10-25	0.014705	0.014601	0.015276	0.014214	0
IVY_USD	2018-10-24	0.014611	0.014680	0.015247	0.013713	0
IVY_USD	2018-10-23	0.014660	0.014173	0.018227	0.014163	0
IVY_USD	2018-10-22	0.014142	0.014748	0.014760	0.013202	0
IVY_USD	2018-10-21	0.014737	0.014530	0.015228	0.014394	0
IVY_USD	2018-10-20	0.014539	0.015142	0.015807	0.013839	0
IVY_USD	2018-10-19	0.015098	0.013426	0.015640	0.013317	0
IVY_USD	2018-10-18	0.013508	0.014191	0.014197	0.013116	0
IVY_USD	2018-10-17	0.014191	0.015080	0.015109	0.011306	0
IVY_USD	2018-10-16	0.015085	0.016980	0.017066	0.014408	0
IVY_USD	2018-10-15	0.017044	0.015235	0.018679	0.014996	0
IVY_USD	2018-10-14	0.015195	0.015404	0.015713	0.015097	0
IVY_USD	2018-10-13	0.015396	0.013703	0.030397	0.013109	0
IVY_USD	2018-10-12	0.013834	0.012416	0.014165	0.012359	0
IVY_USD	2018-10-11	0.012349	0.014917	0.015431	0.012298	0
IVY_USD	2018-10-10	0.015099	0.016145	0.016355	0.014189	0
IVY_USD	2018-10-09	0.016202	0.015343	0.016725	0.015320	0
IVY_USD	2018-10-08	0.015378	0.016582	0.017570	0.015157	0
IVY_USD	2018-10-07	0.016582	0.016955	0.016964	0.015698	0
IVY_USD	2018-10-06	0.016955	0.017331	0.017359	0.016810	0
IVY_USD	2018-10-05	0.017331	0.017395	0.017612	0.016929	0
IVY_USD	2018-10-04	0.017395	0.017805	0.018304	0.017111	0
IVY_USD	2018-10-03	0.017796	0.017510	0.017921	0.015938	0
IVY_USD	2018-10-02	0.017691	0.016575	0.019705	0.015964	0
IVY_USD	2018-10-01	0.016687	0.018817	0.019635	0.014823	0
IVY_USD	2018-09-30	0.018887	0.019391	0.019790	0.018256	0
IVY_USD	2018-09-29	0.019356	0.019027	0.019846	0.018134	0
IVY_USD	2018-09-28	0.019027	0.018998	0.019886	0.018263	0
IVY_USD	2018-09-27	0.019191	0.017326	0.020295	0.017319	0
IVY_USD	2018-09-26	0.017357	0.017030	0.017782	0.015705	0
IVY_USD	2018-09-25	0.016965	0.017954	0.017954	0.015580	0
IVY_USD	2018-09-24	0.017920	0.018475	0.019214	0.017661	0
IVY_USD	2018-09-23	0.018471	0.018786	0.019573	0.017972	0
IVY_USD	2018-09-22	0.018779	0.018053	0.019209	0.016799	0
IVY_USD	2018-09-21	0.018087	0.017684	0.018480	0.016230	0
IVY_USD	2018-09-20	0.017639	0.016832	0.017952	0.015221	0
IVY_USD	2018-09-19	0.017164	0.016267	0.017554	0.015784	0
IVY_USD	2018-09-18	0.016267	0.016008	0.017097	0.014836	0
IVY_USD	2018-09-17	0.016008	0.017392	0.018351	0.015704	0
IVY_USD	2018-09-16	0.017458	0.019289	0.019341	0.016492	0
IVY_USD	2018-09-15	0.019370	0.017855	0.020291	0.017493	0
IVY_USD	2018-09-14	0.018040	0.018195	0.019414	0.017409	0
IVY_USD	2018-09-13	0.018227	0.014970	0.018687	0.014970	0
IVY_USD	2018-09-12	0.014888	0.013855	0.015924	0.012627	0
IVY_USD	2018-09-11	0.013890	0.017130	0.017709	0.012651	0
IVY_USD	2018-09-10	0.017110	0.015181	0.018714	0.015124	0
IVY_USD	2018-09-09	0.015140	0.015784	0.017780	0.014931	0
IVY_USD	2018-09-08	0.015775	0.016608	0.017949	0.014654	0
IVY_USD	2018-09-07	0.016565	0.018286	0.018792	0.014665	0
IVY_USD	2018-09-06	0.018691	0.018639	0.018837	0.016904	0
IVY_USD	2018-09-05	0.018639	0.023254	0.023444	0.018530	0
IVY_USD	2018-09-04	0.023254	0.023553	0.023864	0.023041	0
IVY_USD	2018-09-03	0.023576	0.023983	0.024410	0.023322	0
IVY_USD	2018-09-02	0.023983	0.025107	0.025460	0.023540	0
IVY_USD	2018-09-01	0.025122	0.024016	0.025685	0.023514	0
IVY_USD	2018-08-31	0.023988	0.024561	0.025707	0.023385	0
IVY_USD	2018-08-30	0.024502	0.024125	0.024966	0.018958	0
IVY_USD	2018-08-29	0.024155	0.024268	0.025356	0.022890	0
IVY_USD	2018-08-28	0.024254	0.026500	0.026500	0.023197	0
IVY_USD	2018-08-27	0.026413	0.027516	0.027910	0.025330	0
IVY_USD	2018-08-26	0.027530	0.027784	0.028056	0.025990	0
IVY_USD	2018-08-25	0.027784	0.026918	0.028083	0.026366	0
IVY_USD	2018-08-24	0.026918	0.026394	0.027135	0.025906	0
IVY_USD	2018-08-23	0.026386	0.027048	0.028823	0.026240	0
IVY_USD	2018-08-22	0.027004	0.029560	0.031514	0.026293	0
IVY_USD	2018-08-21	0.029260	0.030123	0.030775	0.027130	0
IVY_USD	2018-08-20	0.030108	0.029794	0.032526	0.029078	0
IVY_USD	2018-08-19	0.029802	0.028625	0.030039	0.025781	0
IVY_USD	2018-08-18	0.028565	0.029176	0.033839	0.026980	0
IVY_USD	2018-08-17	0.029183	0.023107	0.029818	0.022080	0
IVY_USD	2018-08-16	0.023068	0.021280	0.023524	0.013033	0
IVY_USD	2018-08-15	0.021922	0.022071	0.023810	0.017705	0
IVY_USD	2018-08-14	0.021654	0.023750	0.023750	0.020392	0
IVY_USD	2018-08-13	0.023750	0.026249	0.026905	0.022144	0
IVY_USD	2018-08-12	0.026249	0.025039	0.027687	0.023647	0
IVY_USD	2018-08-11	0.025068	0.025948	0.026638	0.021201	0
IVY_USD	2018-08-10	0.025391	0.026857	0.029419	0.019335	0
IVY_USD	2018-08-09	0.026841	0.028555	0.032254	0.026802	0
IVY_USD	2018-08-08	0.028539	0.033418	0.037948	0.028114	0
IVY_USD	2018-08-07	0.033437	0.035994	0.040528	0.033280	0
IVY_USD	2018-08-06	0.035996	0.035407	0.039049	0.035407	0
IVY_USD	2018-08-05	0.035397	0.035348	0.035820	0.034732	0
IVY_USD	2018-08-04	0.035318	0.036232	0.038863	0.035128	0
IVY_USD	2018-08-03	0.036232	0.037001	0.037111	0.033220	0
IVY_USD	2018-08-02	0.037063	0.034803	0.046185	0.030242	0
IVY_USD	2018-08-01	0.034823	0.040769	0.041013	0.033150	0
IVY_USD	2018-07-31	0.040749	0.035206	0.041635	0.030014	0
IVY_USD	2018-07-30	0.033334	0.041856	0.046944	0.033199	0
IVY_USD	2018-07-29	0.041880	0.042957	0.046254	0.040712	0
IVY_USD	2018-07-28	0.042957	0.035197	0.043606	0.035101	0
IVY_USD	2018-07-27	0.035197	0.035629	0.035653	0.033179	0
IVY_USD	2018-07-26	0.035629	0.034331	0.038945	0.034331	0
IVY_USD	2018-07-25	0.034306	0.037430	0.038178	0.033148	0
IVY_USD	2018-07-24	0.037558	0.036538	0.038518	0.031726	0
IVY_USD	2018-07-23	0.036524	0.033688	0.037129	0.031683	0
IVY_USD	2018-07-22	0.033731	0.030110	0.037361	0.029882	0
IVY_USD	2018-07-21	0.030110	0.033595	0.035240	0.029825	0
IVY_USD	2018-07-20	0.033573	0.041990	0.041990	0.032554	0
IVY_USD	2018-07-19	0.041990	0.034423	0.042278	0.033822	0
IVY_USD	2018-07-18	0.034423	0.047689	0.049363	0.033550	0
IVY_USD	2018-07-17	0.047689	0.048826	0.049062	0.039461	0
IVY_USD	2018-07-16	0.048893	0.048836	0.050541	0.046541	0
IVY_USD	2018-07-15	0.048836	0.048423	0.050427	0.048164	0
IVY_USD	2018-07-14	0.048423	0.044945	0.048426	0.044624	0
IVY_USD	2018-07-13	0.044930	0.045136	0.046357	0.044377	0
IVY_USD	2018-07-12	0.045052	0.048716	0.049427	0.043067	0
IVY_USD	2018-07-11	0.048654	0.051008	0.051823	0.046472	0
IVY_USD	2018-07-10	0.050893	0.056425	0.056522	0.048799	0
