IXT_USD	2019-04-09	0.02382	0.02578	0.02578	0.02180	0
IXT_USD	2019-04-08	0.02578	0.02431	0.02915	0.02414	0
IXT_USD	2019-04-07	0.02431	0.02151	0.02475	0.02016	0
IXT_USD	2019-04-06	0.02151	0.02156	0.02250	0.02117	0
IXT_USD	2019-04-05	0.02156	0.02307	0.02485	0.02122	0
IXT_USD	2019-04-04	0.02307	0.02213	0.02475	0.02171	0
IXT_USD	2019-04-03	0.02213	0.02118	0.02694	0.02108	0
IXT_USD	2019-04-02	0.02118	0.01818	0.02139	0.01739	0
IXT_USD	2019-04-01	0.01818	0.01746	0.02147	0.01730	0
IXT_USD	2019-03-31	0.01746	0.01791	0.01820	0.01584	0
IXT_USD	2019-03-30	0.01791	0.01724	0.01807	0.01644	0
IXT_USD	2019-03-29	0.01724	0.01637	0.01742	0.01622	0
IXT_USD	2019-03-28	0.01637	0.01422	0.01637	0.01378	0
IXT_USD	2019-03-27	0.01422	0.01579	0.01579	0.01378	0
IXT_USD	2019-03-26	0.01579	0.01687	0.01790	0.01482	0
IXT_USD	2019-03-25	0.01687	0.01736	0.01840	0.01640	0
IXT_USD	2019-03-24	0.01736	0.01631	0.01736	0.01483	0
IXT_USD	2019-03-23	0.01631	0.01733	0.01733	0.01512	0
IXT_USD	2019-03-22	0.01733	0.01705	0.01858	0.01611	0
IXT_USD	2019-03-21	0.01705	0.01401	0.01944	0.01303	0
IXT_USD	2019-03-20	0.01401	0.01300	0.01607	0.01290	0
IXT_USD	2019-03-19	0.01300	0.01483	0.01522	0.01212	0
IXT_USD	2019-03-18	0.01483	0.01528	0.01577	0.01451	0
IXT_USD	2019-03-17	0.01528	0.01722	0.01722	0.01512	0
IXT_USD	2019-03-16	0.01722	0.01773	0.01794	0.01660	0
IXT_USD	2019-03-15	0.01773	0.01635	0.01816	0.01635	0
IXT_USD	2019-03-14	0.01635	0.01447	0.01762	0.01422	0
IXT_USD	2019-03-13	0.01447	0.01457	0.01643	0.01417	0
IXT_USD	2019-03-12	0.01457	0.01512	0.01618	0.01413	0
IXT_USD	2019-03-11	0.01512	0.01762	0.01766	0.01153	0
IXT_USD	2019-03-10	0.01762	0.01945	0.01946	0.01665	0
IXT_USD	2019-03-09	0.01945	0.01907	0.02006	0.01856	0
IXT_USD	2019-03-08	0.01907	0.01695	0.02028	0.01672	0
IXT_USD	2019-03-07	0.01695	0.01995	0.02045	0.01679	0
IXT_USD	2019-03-06	0.01995	0.01906	0.02081	0.01906	0
IXT_USD	2019-03-05	0.01906	0.01911	0.01976	0.01829	0
IXT_USD	2019-03-04	0.01911	0.02146	0.02151	0.01641	0
IXT_USD	2019-03-03	0.02146	0.02113	0.02269	0.01931	0
IXT_USD	2019-03-02	0.02113	0.02303	0.02376	0.02092	0
IXT_USD	2019-03-01	0.02303	0.02431	0.02708	0.02089	0
IXT_USD	2019-02-28	0.02431	0.03380	0.03384	0.02145	0
IXT_USD	2019-02-27	0.03380	0.02532	0.03619	0.02456	0
IXT_USD	2019-02-26	0.02532	0.03578	0.03584	0.02149	0
IXT_USD	2019-02-25	0.03578	0.03683	0.03770	0.03396	0
IXT_USD	2019-02-24	0.03683	0.03856	0.04083	0.03675	0
IXT_USD	2019-02-23	0.03856	0.04142	0.04142	0.03701	0
IXT_USD	2019-02-22	0.04142	0.04098	0.04157	0.04079	0
IXT_USD	2019-02-21	0.04098	0.04201	0.04255	0.04056	0
IXT_USD	2019-02-20	0.04201	0.04223	0.04227	0.04127	0
IXT_USD	2019-02-19	0.04223	0.04445	0.04517	0.04197	0
IXT_USD	2019-02-18	0.04445	0.03926	0.04465	0.03914	0
IXT_USD	2019-02-17	0.03926	0.03971	0.04006	0.03731	0
IXT_USD	2019-02-16	0.03971	0.03976	0.04025	0.03969	0
IXT_USD	2019-02-15	0.03976	0.03932	0.04014	0.03927	0
IXT_USD	2019-02-14	0.03932	0.03986	0.04008	0.03916	0
IXT_USD	2019-02-13	0.03986	0.03888	0.04017	0.03882	0
IXT_USD	2019-02-12	0.03888	0.03865	0.03924	0.03809	0
IXT_USD	2019-02-11	0.03865	0.03934	0.03937	0.03496	0
IXT_USD	2019-02-10	0.03934	0.03904	0.03935	0.03484	0
IXT_USD	2019-02-09	0.03904	0.03910	0.03925	0.03879	0
IXT_USD	2019-02-08	0.03910	0.03608	0.03983	0.03599	0
IXT_USD	2019-02-07	0.03608	0.03625	0.03635	0.03603	0
IXT_USD	2019-02-06	0.03625	0.03688	0.03697	0.03594	0
IXT_USD	2019-02-05	0.03688	0.03665	0.03690	0.03320	0
IXT_USD	2019-02-04	0.03665	0.03327	0.03680	0.03302	0
IXT_USD	2019-02-03	0.03327	0.03381	0.03388	0.03298	0
IXT_USD	2019-02-02	0.03381	0.03361	0.03393	0.03326	0
IXT_USD	2019-02-01	0.03361	0.03678	0.03710	0.03298	0
IXT_USD	2019-01-31	0.03678	0.03706	0.03746	0.03317	0
IXT_USD	2019-01-30	0.03706	0.03652	0.03724	0.03354	0
IXT_USD	2019-01-29	0.03652	0.03676	0.03688	0.03594	0
IXT_USD	2019-01-28	0.03676	0.03777	0.03778	0.03629	0
IXT_USD	2019-01-27	0.03777	0.03814	0.03824	0.03721	0
IXT_USD	2019-01-26	0.03814	0.03810	0.03919	0.03806	0
IXT_USD	2019-01-25	0.03810	0.03835	0.03847	0.03775	0
IXT_USD	2019-01-24	0.03835	0.03801	0.03851	0.03769	0
IXT_USD	2019-01-23	0.03801	0.03821	0.04165	0.03772	0
IXT_USD	2019-01-22	0.03821	0.03760	0.03860	0.03677	0
IXT_USD	2019-01-21	0.03760	0.03765	0.04132	0.03731	0
IXT_USD	2019-01-20	0.03765	0.04330	0.04365	0.03725	0
IXT_USD	2019-01-19	0.04330	0.04227	0.04427	0.04225	0
IXT_USD	2019-01-18	0.04227	0.04279	0.04282	0.04202	0
IXT_USD	2019-01-17	0.04279	0.04222	0.04281	0.04163	0
IXT_USD	2019-01-16	0.04222	0.04205	0.04293	0.04189	0
IXT_USD	2019-01-15	0.04205	0.04686	0.04718	0.04179	0
IXT_USD	2019-01-14	0.04686	0.04131	0.04747	0.04117	0
IXT_USD	2019-01-13	0.04131	0.04628	0.04649	0.04108	0
IXT_USD	2019-01-12	0.04628	0.04644	0.04667	0.04588	0
IXT_USD	2019-01-11	0.04644	0.04641	0.05052	0.04583	0
IXT_USD	2019-01-10	0.04641	0.05513	0.05584	0.04609	0
IXT_USD	2019-01-09	0.05513	0.05534	0.06449	0.05449	0
IXT_USD	2019-01-08	0.05534	0.05965	0.05994	0.05519	0
IXT_USD	2019-01-07	0.05965	0.06466	0.06505	0.05928	0
IXT_USD	2019-01-06	0.06466	0.06455	0.12126	0.06043	0
IXT_USD	2019-01-05	0.06455	0.05342	0.06962	0.05339	0
IXT_USD	2019-01-04	0.05342	0.05293	0.05381	0.04825	0
IXT_USD	2019-01-03	0.05293	0.05468	0.05474	0.04952	0
IXT_USD	2019-01-02	0.05468	0.05739	0.06138	0.05322	0
IXT_USD	2019-01-01	0.05739	0.05937	0.06311	0.05593	0
IXT_USD	2018-12-31	0.05937	0.05761	0.06100	0.05590	0
IXT_USD	2018-12-30	0.05761	0.06406	0.06462	0.05639	0
IXT_USD	2018-12-29	0.06406	0.06661	0.06936	0.06382	0
IXT_USD	2018-12-28	0.06661	0.05756	0.06739	0.05730	0
IXT_USD	2018-12-27	0.05756	0.06091	0.06141	0.05384	0
IXT_USD	2018-12-26	0.06091	0.06053	0.07580	0.05948	0
IXT_USD	2018-12-25	0.06053	0.06010	0.06822	0.05566	0
IXT_USD	2018-12-24	0.06010	0.06717	0.07672	0.05982	0
IXT_USD	2018-12-23	0.06717	0.06395	0.07294	0.06366	0
IXT_USD	2018-12-22	0.06395	0.06951	0.07364	0.06374	0
IXT_USD	2018-12-21	0.06951	0.07375	0.07787	0.06902	0
IXT_USD	2018-12-20	0.07375	0.07049	0.08281	0.06997	0
IXT_USD	2018-12-19	0.07049	0.06992	0.07686	0.06583	0
IXT_USD	2018-12-18	0.06992	0.07069	0.07880	0.06274	0
IXT_USD	2018-12-17	0.07069	0.05775	0.07223	0.05749	0
IXT_USD	2018-12-16	0.05775	0.06081	0.06228	0.05761	0
IXT_USD	2018-12-15	0.06081	0.05742	0.06785	0.05733	0
IXT_USD	2018-12-14	0.05742	0.05530	0.06239	0.05454	0
IXT_USD	2018-12-13	0.05530	0.05836	0.06104	0.04987	0
IXT_USD	2018-12-12	0.05836	0.05304	0.05840	0.05294	0
IXT_USD	2018-12-11	0.05351	0.05111	0.05437	0.04973	0
IXT_USD	2018-12-10	0.05111	0.05286	0.05365	0.05040	0
IXT_USD	2018-12-09	0.05286	0.04733	0.05477	0.04683	0
IXT_USD	2018-12-08	0.04733	0.04669	0.05147	0.04478	0
IXT_USD	2018-12-07	0.04669	0.04779	0.05109	0.04263	0
IXT_USD	2018-12-06	0.04779	0.05085	0.05678	0.04746	0
IXT_USD	2018-12-05	0.05085	0.05376	0.05796	0.05064	0
IXT_USD	2018-12-04	0.05376	0.05269	0.06278	0.05005	0
IXT_USD	2018-12-03	0.05269	0.05200	0.05924	0.05010	0
IXT_USD	2018-12-02	0.05200	0.05728	0.05877	0.05187	0
IXT_USD	2018-12-01	0.05728	0.05452	0.05857	0.05372	0
IXT_USD	2018-11-30	0.05452	0.05821	0.06318	0.05354	0
IXT_USD	2018-11-29	0.05821	0.05383	0.06407	0.05228	0
IXT_USD	2018-11-28	0.05383	0.04467	0.05615	0.04467	0
IXT_USD	2018-11-27	0.04467	0.04435	0.04824	0.04310	0
IXT_USD	2018-11-26	0.04435	0.04721	0.05678	0.04274	0
IXT_USD	2018-11-25	0.04721	0.04520	0.04990	0.04212	0
IXT_USD	2018-11-24	0.04520	0.05528	0.05644	0.04410	0
IXT_USD	2018-11-23	0.05528	0.05929	0.06569	0.05030	0
IXT_USD	2018-11-22	0.05929	0.06306	0.06731	0.05755	0
IXT_USD	2018-11-21	0.06306	0.05736	0.06756	0.05305	0
IXT_USD	2018-11-20	0.05736	0.05679	0.06218	0.04966	0
IXT_USD	2018-11-19	0.05679	0.05942	0.06737	0.05233	0
IXT_USD	2018-11-18	0.05942	0.05908	0.06525	0.05902	0
IXT_USD	2018-11-17	0.05908	0.06510	0.06510	0.05896	0
IXT_USD	2018-11-16	0.06510	0.06614	0.07075	0.05923	0
IXT_USD	2018-11-15	0.06614	0.06179	0.07416	0.05932	0
IXT_USD	2018-11-14	0.06179	0.07434	0.07458	0.05990	0
IXT_USD	2018-11-13	0.07434	0.07414	0.08052	0.07364	0
IXT_USD	2018-11-12	0.07414	0.07429	0.07452	0.07382	0
IXT_USD	2018-11-11	0.07429	0.08039	0.08063	0.07319	0
IXT_USD	2018-11-10	0.08039	0.07383	0.09345	0.07377	0
IXT_USD	2018-11-09	0.07383	0.06804	0.08048	0.06736	0
IXT_USD	2018-11-08	0.06804	0.06901	0.06914	0.06801	0
IXT_USD	2018-11-07	0.06901	0.07493	0.07595	0.06863	0
IXT_USD	2018-11-06	0.07493	0.06794	0.07493	0.06770	0
IXT_USD	2018-11-05	0.06794	0.06809	0.06820	0.06761	0
IXT_USD	2018-11-04	0.06809	0.06707	0.07486	0.06678	0
IXT_USD	2018-11-03	0.06707	0.07391	0.07397	0.06649	0
IXT_USD	2018-11-02	0.07391	0.06720	0.07400	0.06711	0
IXT_USD	2018-11-01	0.06720	0.06687	0.06744	0.06671	0
IXT_USD	2018-10-31	0.06687	0.06647	0.06718	0.06563	0
IXT_USD	2018-10-30	0.06647	0.06661	0.06699	0.06629	0
IXT_USD	2018-10-29	0.06661	0.07464	0.07478	0.06637	0
IXT_USD	2018-10-28	0.07464	0.06825	0.07486	0.06815	0
IXT_USD	2018-10-27	0.06825	0.06858	0.07524	0.06818	0
IXT_USD	2018-10-26	0.06858	0.06854	0.06916	0.06840	0
IXT_USD	2018-10-25	0.06854	0.07537	0.07549	0.06851	0
IXT_USD	2018-10-24	0.07537	0.06878	0.07563	0.06877	0
IXT_USD	2018-10-23	0.06878	0.06896	0.06913	0.06859	0
IXT_USD	2018-10-22	0.06896	0.06917	0.06959	0.06877	0
IXT_USD	2018-10-21	0.06917	0.06915	0.06988	0.06913	0
IXT_USD	2018-10-20	0.06915	0.07506	0.07856	0.06900	0
IXT_USD	2018-10-19	0.07506	0.07605	0.07847	0.06848	0
IXT_USD	2018-10-18	0.07605	0.07072	0.08437	0.06943	0
IXT_USD	2018-10-17	0.07072	0.07772	0.07772	0.07015	0
IXT_USD	2018-10-16	0.07772	0.07753	0.08421	0.06382	0
IXT_USD	2018-10-15	0.07753	0.06650	0.08326	0.06615	0
IXT_USD	2018-10-14	0.06650	0.06643	0.07907	0.06639	0
IXT_USD	2018-10-13	0.06643	0.05982	0.06648	0.05974	0
IXT_USD	2018-10-12	0.05982	0.06568	0.06652	0.05966	0
IXT_USD	2018-10-11	0.06568	0.06962	0.06962	0.05940	0
IXT_USD	2018-10-10	0.06962	0.08329	0.08329	0.05929	0
IXT_USD	2018-10-09	0.08329	0.09009	0.09018	0.08261	0
IXT_USD	2018-10-08	0.09009	0.08251	0.09570	0.08249	0
IXT_USD	2018-10-07	0.08251	0.08240	0.08910	0.08222	0
IXT_USD	2018-10-06	0.08240	0.08970	0.09562	0.08205	0
IXT_USD	2018-10-05	0.08970	0.08883	0.09608	0.08211	0
IXT_USD	2018-10-04	0.08883	0.08779	0.09566	0.08215	0
IXT_USD	2018-10-03	0.08779	0.08827	0.09437	0.08702	0
IXT_USD	2018-10-02	0.08827	0.10231	0.10281	0.08801	0
IXT_USD	2018-10-01	0.10231	0.10259	0.10322	0.09590	0
IXT_USD	2018-09-30	0.10259	0.10898	0.10900	0.09600	0
IXT_USD	2018-09-29	0.10898	0.10948	0.10948	0.10104	0
IXT_USD	2018-09-28	0.10948	0.11706	0.11787	0.10371	0
IXT_USD	2018-09-27	0.11706	0.10663	0.11773	0.10663	0
IXT_USD	2018-09-26	0.10663	0.10617	0.11421	0.10537	0
IXT_USD	2018-09-25	0.10617	0.10865	0.11246	0.10480	0
IXT_USD	2018-09-24	0.10865	0.11073	0.11763	0.10816	0
IXT_USD	2018-09-23	0.11073	0.10422	0.11134	0.10332	0
IXT_USD	2018-09-22	0.10422	0.11174	0.11287	0.10298	0
IXT_USD	2018-09-21	0.11174	0.10076	0.11790	0.09698	0
IXT_USD	2018-09-20	0.10076	0.08948	0.10092	0.08618	0
IXT_USD	2018-09-19	0.08948	0.09197	0.09379	0.08500	0
IXT_USD	2018-09-18	0.09197	0.08444	0.09254	0.08411	0
IXT_USD	2018-09-17	0.08444	0.08773	0.09041	0.08387	0
IXT_USD	2018-09-16	0.08773	0.09454	0.09454	0.08670	0
IXT_USD	2018-09-15	0.09454	0.08433	0.10096	0.08418	0
IXT_USD	2018-09-14	0.08433	0.08742	0.10122	0.08430	0
IXT_USD	2018-09-13	0.08742	0.08238	0.09677	0.07974	0
IXT_USD	2018-09-12	0.08238	0.07862	0.08238	0.07161	0
IXT_USD	2018-09-11	0.07862	0.08516	0.08620	0.07766	0
IXT_USD	2018-09-10	0.08516	0.07800	0.09134	0.07800	0
IXT_USD	2018-09-09	0.07800	0.07113	0.09305	0.06188	0
IXT_USD	2018-09-08	0.07113	0.08645	0.09378	0.06460	0
IXT_USD	2018-09-07	0.08645	0.09120	0.10044	0.08591	0
IXT_USD	2018-09-06	0.09120	0.09050	0.09120	0.08520	0
IXT_USD	2018-09-05	0.09050	0.10303	0.11089	0.09045	0
IXT_USD	2018-09-04	0.10303	0.11268	0.11308	0.09782	0
IXT_USD	2018-09-03	0.11268	0.12394	0.12813	0.11191	0
IXT_USD	2018-09-02	0.12394	0.12236	0.12857	0.11884	0
IXT_USD	2018-09-01	0.12236	0.14053	0.14111	0.11613	0
IXT_USD	2018-08-31	0.14053	0.13289	0.14656	0.13169	0
IXT_USD	2018-08-30	0.13289	0.13036	0.13512	0.11947	0
IXT_USD	2018-08-29	0.13036	0.13095	0.13455	0.12797	0
IXT_USD	2018-08-28	0.13095	0.11390	0.13164	0.10725	0
IXT_USD	2018-08-27	0.11390	0.10734	0.11403	0.10655	0
IXT_USD	2018-08-26	0.10734	0.10446	0.11080	0.10201	0
IXT_USD	2018-08-25	0.10446	0.11045	0.11207	0.10385	0
IXT_USD	2018-08-24	0.11045	0.10443	0.11096	0.10340	0
IXT_USD	2018-08-23	0.10443	0.10486	0.10672	0.09914	0
IXT_USD	2018-08-22	0.10486	0.10690	0.11330	0.10000	0
IXT_USD	2018-08-21	0.10690	0.10946	0.11379	0.10318	0
IXT_USD	2018-08-20	0.10946	0.13943	0.14198	0.10588	0
IXT_USD	2018-08-19	0.13943	0.12142	0.14204	0.10726	0
IXT_USD	2018-08-18	0.12142	0.12519	0.12727	0.11664	0
IXT_USD	2018-08-17	0.12519	0.08836	0.12781	0.08810	0
IXT_USD	2018-08-16	0.08836	0.09719	0.09973	0.08764	0
IXT_USD	2018-08-15	0.09719	0.08660	0.10885	0.08660	0
IXT_USD	2018-08-14	0.08660	0.07190	0.08970	0.05956	0
IXT_USD	2018-08-13	0.07190	0.09155	0.09197	0.06521	0
IXT_USD	2018-08-12	0.09155	0.09335	0.09949	0.09048	0
IXT_USD	2018-08-11	0.09335	0.13209	0.13738	0.09119	0
IXT_USD	2018-08-10	0.13209	0.16322	0.17071	0.12744	0
IXT_USD	2018-08-09	0.16322	0.14753	0.17494	0.14144	0
IXT_USD	2018-08-08	0.14753	0.16123	0.16123	0.14106	0
IXT_USD	2018-08-07	0.16123	0.17692	0.17832	0.15469	0
IXT_USD	2018-08-06	0.17692	0.17933	0.18216	0.14989	0
IXT_USD	2018-08-05	0.17933	0.17515	0.18302	0.16897	0
IXT_USD	2018-08-04	0.17515	0.18541	0.18721	0.17054	0
IXT_USD	2018-08-03	0.18541	0.18461	0.18594	0.17275	0
IXT_USD	2018-08-02	0.18461	0.20166	0.21148	0.17955	0
IXT_USD	2018-08-01	0.20166	0.20912	0.21112	0.18681	0
IXT_USD	2018-07-31	0.20912	0.22062	0.23161	0.18224	0
IXT_USD	2018-07-30	0.22062	0.23433	0.24415	0.22024	0
IXT_USD	2018-07-29	0.23433	0.25562	0.25562	0.23008	0
IXT_USD	2018-07-28	0.25562	0.25150	0.25562	0.23500	0
IXT_USD	2018-07-27	0.25150	0.28448	0.28448	0.24325	0
IXT_USD	2018-07-26	0.28448	0.29440	0.29897	0.28036	0
IXT_USD	2018-07-25	0.29440	0.29866	0.30124	0.27859	0
IXT_USD	2018-07-24	0.29866	0.28540	0.30319	0.28463	0
IXT_USD	2018-07-23	0.28540	0.30716	0.32045	0.28511	0
IXT_USD	2018-07-22	0.30716	0.32205	0.32834	0.30218	0
IXT_USD	2018-07-21	0.32205	0.30796	0.34958	0.29914	0
IXT_USD	2018-07-20	0.30796	0.34378	0.34379	0.30336	0
IXT_USD	2018-07-19	0.34378	0.37567	0.38562	0.34316	0
IXT_USD	2018-07-18	0.37567	0.42456	0.42775	0.37163	0
IXT_USD	2018-07-17	0.42456	0.38734	0.43208	0.36469	0
IXT_USD	2018-07-16	0.38734	0.44427	0.45147	0.37169	0
IXT_USD	2018-07-15	0.44427	0.43125	0.44427	0.41366	0
IXT_USD	2018-07-14	0.43125	0.40741	0.43868	0.39568	0
IXT_USD	2018-07-13	0.40741	0.43308	0.46547	0.39324	0
IXT_USD	2018-07-12	0.43308	0.40499	0.46107	0.38606	0
IXT_USD	2018-07-11	0.40499	0.37175	0.41519	0.36951	0
IXT_USD	2018-07-10	0.37175	0.41958	0.42235	0.37052	0
IXT_USD	2018-07-09	0.41958	0.40248	0.43806	0.39731	0
IXT_USD	2018-07-08	0.40248	0.40232	0.41461	0.39765	0
IXT_USD	2018-07-07	0.40232	0.39608	0.40616	0.37099	0
IXT_USD	2018-07-06	0.39608	0.39569	0.40697	0.37175	0
IXT_USD	2018-07-05	0.39569	0.35915	0.40767	0.35864	0
IXT_USD	2018-07-04	0.35915	0.35425	0.39725	0.33652	0
IXT_USD	2018-07-03	0.35425	0.33749	0.38459	0.00466	0
IXT_USD	2018-07-02	0.33749	0.31428	0.33864	0.00000	0
IXT_USD	2018-07-01	0.31431	0.30999	0.31628	0.29806	0
IXT_USD	2018-06-30	0.30999	0.28224	0.31625	0.28224	0
IXT_USD	2018-06-29	0.28247	0.27199	0.28386	0.25864	0
IXT_USD	2018-06-28	0.27243	0.29439	0.32400	0.27109	0
IXT_USD	2018-06-27	0.29132	0.28511	0.32103	0.27848	0
IXT_USD	2018-06-26	0.28297	0.35629	0.35680	0.28297	0
IXT_USD	2018-06-25	0.35605	0.30116	0.35625	0.29425	0
IXT_USD	2018-06-24	0.30125	0.37884	0.38006	0.27966	0
IXT_USD	2018-06-23	0.37834	0.35953	0.38779	0.35938	0
IXT_USD	2018-06-22	0.35953	0.40283	0.41670	0.35222	0
IXT_USD	2018-06-21	0.40616	0.44616	0.44717	0.39849	0
IXT_USD	2018-06-20	0.44618	0.45444	0.46157	0.39365	0
IXT_USD	2018-06-19	0.46169	0.41275	0.46184	0.41275	0
IXT_USD	2018-06-18	0.41261	0.35759	0.41689	0.34978	0
IXT_USD	2018-06-17	0.35730	0.37301	0.39449	0.35670	0
IXT_USD	2018-06-16	0.37294	0.36713	0.39072	0.35077	0
IXT_USD	2018-06-15	0.36696	0.39851	0.40647	0.36053	0
IXT_USD	2018-06-14	0.39775	0.42806	0.44288	0.36288	0
IXT_USD	2018-06-13	0.42782	0.44172	0.47480	0.37972	0
IXT_USD	2018-06-12	0.44161	0.48092	0.50216	0.43259	0
IXT_USD	2018-06-11	0.48116	0.49332	0.50065	0.44483	0
IXT_USD	2018-06-10	0.49275	0.58489	0.58489	0.46769	0
IXT_USD	2018-06-09	0.58848	0.63968	0.68692	0.58277	0
IXT_USD	2018-06-08	0.63967	0.68019	0.71163	0.63967	0
IXT_USD	2018-06-07	0.68047	0.67737	0.70948	0.65105	0
IXT_USD	2018-06-06	0.67734	0.72086	0.73874	0.64254	0
IXT_USD	2018-06-05	0.71644	0.66653	0.78759	0.66304	0
IXT_USD	2018-06-04	0.66701	0.64060	0.76427	0.60428	0
IXT_USD	2018-06-03	0.64446	0.62203	0.65317	0.56829	0
IXT_USD	2018-06-02	0.62250	0.68818	0.71886	0.57590	0
IXT_USD	2018-06-01	0.68442	0.56892	0.70794	0.55454	0
IXT_USD	2018-05-31	0.57272	0.52709	0.59328	0.52467	0
IXT_USD	2018-05-30	0.52732	0.55243	0.57866	0.52001	0
IXT_USD	2018-05-29	0.55178	0.50795	0.63914	0.49471	0
IXT_USD	2018-05-28	0.50763	0.51378	0.52380	0.47123	0
IXT_USD	2018-05-27	0.50277	0.54602	0.54901	0.49695	0
IXT_USD	2018-05-26	0.54590	0.53315	0.59064	0.52822	0
IXT_USD	2018-05-25	0.53324	0.53411	0.58819	0.52288	0
IXT_USD	2018-05-24	0.53389	0.47646	0.54784	0.47214	0
IXT_USD	2018-05-23	0.48433	0.54643	0.54793	0.47384	0
IXT_USD	2018-05-22	0.54663	0.68422	0.72210	0.54663	0
IXT_USD	2018-05-21	0.68422	0.64349	0.69385	0.64346	0
IXT_USD	2018-05-20	0.64349	0.64272	0.69055	0.61151	0
IXT_USD	2018-05-19	0.64272	0.58085	0.64272	0.55479	0
IXT_USD	2018-05-18	0.58085	0.61625	0.61931	0.53984	0
IXT_USD	2018-05-17	0.61705	0.65535	0.67726	0.59431	0
IXT_USD	2018-05-16	0.65478	0.73230	0.76908	0.62386	0
IXT_USD	2018-05-15	0.73655	0.72797	0.80440	0.70593	0
IXT_USD	2018-05-14	0.72803	0.58180	0.97689	0.57067	0
IXT_USD	2018-05-13	0.58180	0.39832	0.59711	0.38617	0
IXT_USD	2018-05-12	0.40164	0.38185	0.40954	0.37339	0
IXT_USD	2018-05-11	0.38185	0.41035	0.42666	0.37446	0
IXT_USD	2018-05-10	0.41035	0.41466	0.44412	0.40965	0
IXT_USD	2018-05-09	0.41466	0.42692	0.43414	0.39186	0
IXT_USD	2018-05-08	0.42708	0.45391	0.46184	0.00005	0
IXT_USD	2018-05-07	0.43843	0.44915	0.45484	0.43179	0
IXT_USD	2018-05-06	0.44915	0.51277	0.51582	0.43466	0
IXT_USD	2018-05-05	0.51729	0.50966	0.52320	0.49476	0
IXT_USD	2018-05-04	0.50966	0.51270	0.54080	0.49342	0
IXT_USD	2018-05-03	0.51270	0.44791	0.51345	0.44647	0
IXT_USD	2018-05-02	0.44791	0.42158	0.46916	0.41756	0
IXT_USD	2018-05-01	0.42158	0.41563	0.46478	0.39889	0
IXT_USD	2018-04-30	0.41563	0.44643	0.46178	0.41101	0
IXT_USD	2018-04-29	0.44643	0.46231	0.48210	0.43636	0
IXT_USD	2018-04-28	0.46231	0.47772	0.50339	0.45726	0
IXT_USD	2018-04-27	0.47772	0.51590	0.51590	0.47636	0
IXT_USD	2018-04-26	0.51590	0.48371	0.51657	0.46741	0
IXT_USD	2018-04-25	0.48371	0.55491	0.58474	0.45606	0
IXT_USD	2018-04-24	0.55491	0.51404	0.58400	0.49354	0
IXT_USD	2018-04-23	0.51404	0.52358	0.58912	0.47712	0
IXT_USD	2018-04-22	0.52358	0.40560	0.52395	0.40120	0
IXT_USD	2018-04-21	0.40560	0.38144	0.41344	0.37432	0
IXT_USD	2018-04-20	0.38144	0.37650	0.41294	0.35944	0
IXT_USD	2018-04-19	0.37650	0.32258	0.38497	0.31436	0
IXT_USD	2018-04-18	0.32258	0.31955	0.33034	0.31186	0
IXT_USD	2018-04-17	0.31955	0.32627	0.34188	0.31497	0
IXT_USD	2018-04-16	0.32627	0.33846	0.34238	0.32041	0
IXT_USD	2018-04-15	0.33846	0.32421	0.35670	0.32067	0
IXT_USD	2018-04-14	0.32421	0.35061	0.36407	0.31926	0
IXT_USD	2018-04-13	0.35061	0.34813	0.37424	0.34303	0
IXT_USD	2018-04-12	0.34813	0.30545	0.35439	0.29382	0
IXT_USD	2018-04-11	0.30545	0.29412	0.31028	0.28963	0
IXT_USD	2018-04-10	0.29412	0.28060	0.29627	0.27884	0
IXT_USD	2018-04-09	0.28060	0.29111	0.30529	0.27458	0
IXT_USD	2018-04-08	0.29111	0.29272	0.31420	0.28217	0
IXT_USD	2018-04-07	0.29272	0.28441	0.30372	0.28379	0
IXT_USD	2018-04-06	0.28441	0.30766	0.31483	0.28407	0
IXT_USD	2018-04-05	0.30766	0.30540	0.31052	0.29052	0
IXT_USD	2018-04-04	0.30540	0.32951	0.33522	0.29798	0
IXT_USD	2018-04-03	0.32951	0.29974	0.33313	0.29877	0
IXT_USD	2018-04-02	0.29974	0.29284	0.30890	0.27919	0
IXT_USD	2018-04-01	0.29284	0.30817	0.31099	0.27529	0
IXT_USD	2018-03-31	0.30817	0.29072	0.32119	0.28531	0
IXT_USD	2018-03-30	0.29072	0.28369	0.30626	0.26003	0
IXT_USD	2018-03-29	0.28369	0.31764	0.32672	0.27919	0
IXT_USD	2018-03-28	0.31764	0.30746	0.32344	0.30142	0
IXT_USD	2018-03-27	0.30746	0.39405	0.39800	0.30651	0
IXT_USD	2018-03-26	0.39405	0.43493	0.46421	0.34438	0
IXT_USD	2018-03-25	0.43493	0.36152	0.49142	0.35678	0
IXT_USD	2018-03-24	0.36152	0.36054	0.38292	0.34719	0
IXT_USD	2018-03-23	0.36054	0.34432	0.36058	0.32950	0
IXT_USD	2018-03-22	0.34432	0.37825	0.38489	0.33484	0
IXT_USD	2018-03-21	0.37825	0.37363	0.39872	0.37120	0
IXT_USD	2018-03-20	0.37363	0.36550	0.38354	0.34605	0
IXT_USD	2018-03-19	0.36550	0.30368	0.36969	0.29639	0
IXT_USD	2018-03-18	0.30368	0.33055	0.33055	0.26621	0
IXT_USD	2018-03-17	0.33055	0.35240	0.37678	0.32011	0
IXT_USD	2018-03-16	0.35240	0.35906	0.37368	0.34382	0
IXT_USD	2018-03-15	0.35906	0.32329	0.36978	0.31781	0
IXT_USD	2018-03-14	0.32329	0.39280	0.42668	0.31693	0
IXT_USD	2018-03-13	0.39280	0.45144	0.46755	0.38507	0
IXT_USD	2018-03-12	0.45144	0.38041	0.45346	0.37412	0
IXT_USD	2018-03-11	0.38041	0.32834	0.39336	0.32358	0
IXT_USD	2018-03-10	0.32834	0.34575	0.37247	0.32737	0
IXT_USD	2018-03-09	0.34575	0.35801	0.36266	0.30898	0
IXT_USD	2018-03-08	0.35801	0.42490	0.44447	0.35421	0
IXT_USD	2018-03-07	0.42490	0.40210	0.44787	0.33494	0
IXT_USD	2018-03-06	0.40210	0.48248	0.49253	0.37488	0
IXT_USD	2018-03-05	0.48248	0.49482	0.50269	0.45215	0
IXT_USD	2018-03-04	0.49482	0.48027	0.53144	0.47159	0
IXT_USD	2018-03-03	0.48027	0.46853	0.54610	0.46853	0
IXT_USD	2018-03-02	0.46853	0.47531	0.48576	0.42008	0
