JIYOX_USD	2019-04-09	0.001800	0.001800	0.001800	0.001800	0
JIYOX_USD	2019-04-08	0.001800	0.001800	0.001800	0.001800	0
JIYOX_USD	2019-04-07	0.001800	0.001800	0.001800	0.001800	0
JIYOX_USD	2019-04-06	0.001800	0.001800	0.001800	0.001800	0
JIYOX_USD	2019-04-05	0.001800	0.001800	0.001800	0.001800	0
JIYOX_USD	2019-04-04	0.001800	0.001800	0.001800	0.001800	0
JIYOX_USD	2019-04-03	0.001800	0.001800	0.001800	0.001800	0
JIYOX_USD	2019-04-02	0.001800	0.001800	0.001800	0.001800	0
JIYOX_USD	2019-04-01	0.001800	0.001800	0.001800	0.001800	0
JIYOX_USD	2019-03-31	0.001800	0.001800	0.001800	0.001800	0
JIYOX_USD	2019-03-30	0.001800	0.001800	0.001800	0.001800	0
JIYOX_USD	2019-03-29	0.001800	0.001800	0.001800	0.001800	0
JIYOX_USD	2019-03-28	0.001800	0.001800	0.001800	0.001800	0
JIYOX_USD	2019-03-27	0.001800	0.001800	0.001800	0.001800	0
JIYOX_USD	2019-03-26	0.001800	0.001800	0.001800	0.001800	0
JIYOX_USD	2019-03-25	0.001800	0.001800	0.001800	0.001800	0
JIYOX_USD	2019-03-24	0.001800	0.001800	0.001800	0.001800	0
JIYOX_USD	2019-03-23	0.001800	0.001800	0.001800	0.001800	0
JIYOX_USD	2019-03-22	0.001800	0.001800	0.001800	0.001800	0
JIYOX_USD	2019-03-21	0.001800	0.001800	0.001800	0.001800	0
JIYOX_USD	2019-03-20	0.001800	0.001800	0.001800	0.001800	0
JIYOX_USD	2019-03-19	0.001800	0.001800	0.001800	0.001800	0
JIYOX_USD	2019-03-18	0.001800	0.001800	0.001800	0.001800	0
JIYOX_USD	2019-03-17	0.001800	0.001800	0.001800	0.001800	0
JIYOX_USD	2019-03-16	0.001800	0.001800	0.001800	0.001800	0
JIYOX_USD	2019-03-15	0.001800	0.001800	0.001800	0.001800	0
JIYOX_USD	2019-03-14	0.001800	0.001800	0.001800	0.001800	0
JIYOX_USD	2019-03-13	0.001800	0.001800	0.001800	0.001800	0
JIYOX_USD	2019-03-12	0.001800	0.001800	0.001800	0.001800	0
JIYOX_USD	2019-03-11	0.001800	0.001800	0.001800	0.001800	0
JIYOX_USD	2019-03-10	0.001800	0.001800	0.001800	0.001800	0
JIYOX_USD	2019-03-09	0.001800	0.001800	0.001800	0.001800	0
JIYOX_USD	2019-03-08	0.001800	0.001800	0.001800	0.001800	0
JIYOX_USD	2019-03-07	0.001800	0.001800	0.001800	0.001800	0
JIYOX_USD	2019-03-06	0.001800	0.001800	0.001800	0.001800	0
JIYOX_USD	2019-03-05	0.001800	0.001800	0.001800	0.001800	0
JIYOX_USD	2019-03-04	0.001800	0.001800	0.001800	0.001800	0
JIYOX_USD	2019-03-03	0.001800	0.001800	0.001800	0.001800	0
JIYOX_USD	2019-03-02	0.001800	0.001800	0.001800	0.001800	0
JIYOX_USD	2019-03-01	0.001800	0.001800	0.001800	0.001800	0
JIYOX_USD	2019-02-28	0.001800	0.001800	0.001800	0.001800	0
JIYOX_USD	2019-02-27	0.001800	0.001800	0.001800	0.001800	0
JIYOX_USD	2019-02-26	0.001800	0.001800	0.001800	0.001800	0
JIYOX_USD	2019-02-25	0.001800	0.001800	0.001800	0.001800	0
JIYOX_USD	2019-02-24	0.001800	0.001800	0.001800	0.001800	0
JIYOX_USD	2019-02-23	0.001800	0.001800	0.001800	0.001800	0
JIYOX_USD	2019-02-22	0.001800	0.001800	0.001800	0.001800	0
JIYOX_USD	2019-02-21	0.001800	0.001800	0.001800	0.001800	0
JIYOX_USD	2019-02-20	0.001800	0.001800	0.001800	0.001800	0
JIYOX_USD	2019-02-19	0.001800	0.001800	0.001800	0.001800	0
JIYOX_USD	2019-02-18	0.001800	0.001800	0.001800	0.001800	0
JIYOX_USD	2019-02-17	0.001800	0.001800	0.001800	0.001800	0
JIYOX_USD	2019-02-16	0.001800	0.001800	0.001800	0.001800	0
JIYOX_USD	2019-02-15	0.001800	0.001800	0.001800	0.001800	0
JIYOX_USD	2019-02-14	0.001800	0.001800	0.001800	0.001800	0
JIYOX_USD	2019-02-13	0.001800	0.001800	0.001800	0.001800	0
JIYOX_USD	2019-02-12	0.001800	0.001800	0.001800	0.001800	0
JIYOX_USD	2019-02-11	0.001800	0.001800	0.001800	0.001800	0
JIYOX_USD	2019-02-10	0.001800	0.001800	0.001800	0.001800	0
JIYOX_USD	2019-02-09	0.001800	0.001800	0.001800	0.001800	0
JIYOX_USD	2019-02-08	0.001800	0.001800	0.001800	0.001800	0
JIYOX_USD	2019-02-07	0.001800	0.001800	0.001800	0.001800	0
JIYOX_USD	2019-02-06	0.001800	0.001800	0.001800	0.001800	0
JIYOX_USD	2019-02-05	0.001800	0.001800	0.001800	0.001800	0
JIYOX_USD	2019-02-04	0.001800	0.001800	0.001800	0.001800	0
JIYOX_USD	2019-02-03	0.001800	0.001800	0.001800	0.001800	0
JIYOX_USD	2019-02-02	0.001800	0.001800	0.001800	0.001800	0
JIYOX_USD	2019-02-01	0.001800	0.001800	0.001800	0.001800	0
JIYOX_USD	2019-01-31	0.001800	0.001800	0.001800	0.001800	0
JIYOX_USD	2019-01-30	0.001800	0.001800	0.001800	0.001800	0
JIYOX_USD	2019-01-29	0.001800	0.001800	0.001800	0.001800	0
JIYOX_USD	2019-01-28	0.001800	0.001800	0.001800	0.001800	0
JIYOX_USD	2019-01-27	0.001800	0.001800	0.001800	0.001800	0
JIYOX_USD	2019-01-26	0.001800	0.001800	0.001800	0.001800	0
JIYOX_USD	2019-01-25	0.001800	0.001800	0.001800	0.001800	0
JIYOX_USD	2019-01-24	0.001800	0.001800	0.001800	0.001800	0
JIYOX_USD	2019-01-23	0.001800	0.001800	0.001800	0.001800	0
JIYOX_USD	2019-01-22	0.001800	0.001800	0.001800	0.001800	0
JIYOX_USD	2019-01-21	0.001800	0.001800	0.001800	0.001800	0
JIYOX_USD	2019-01-20	0.001800	0.001800	0.001800	0.001800	0
JIYOX_USD	2019-01-19	0.001800	0.001800	0.001800	0.001800	0
JIYOX_USD	2019-01-18	0.001800	0.001800	0.001800	0.001800	0
JIYOX_USD	2019-01-17	0.001800	0.001800	0.001800	0.001800	0
JIYOX_USD	2019-01-16	0.001800	0.001800	0.001800	0.001800	0
JIYOX_USD	2019-01-15	0.001800	0.001800	0.001800	0.001800	0
JIYOX_USD	2019-01-14	0.001800	0.001800	0.001800	0.001800	0
JIYOX_USD	2019-01-13	0.001800	0.001800	0.001800	0.001800	0
JIYOX_USD	2019-01-12	0.001800	0.001800	0.001800	0.001800	0
JIYOX_USD	2019-01-11	0.001800	0.001800	0.001800	0.001800	0
JIYOX_USD	2019-01-10	0.001800	0.001800	0.001800	0.001800	0
JIYOX_USD	2019-01-09	0.001800	0.001800	0.001800	0.001800	0
JIYOX_USD	2019-01-08	0.001800	0.001800	0.001800	0.001800	0
JIYOX_USD	2019-01-07	0.001800	0.001800	0.001800	0.001800	0
JIYOX_USD	2019-01-06	0.001800	0.001800	0.001800	0.001800	0
JIYOX_USD	2019-01-05	0.001800	0.001800	0.001800	0.001800	0
JIYOX_USD	2019-01-04	0.001800	0.001800	0.001800	0.001800	0
JIYOX_USD	2019-01-03	0.001800	0.001800	0.001800	0.001800	0
JIYOX_USD	2019-01-02	0.001800	0.001800	0.001800	0.001800	0
JIYOX_USD	2019-01-01	0.001800	0.001800	0.001800	0.001800	0
JIYOX_USD	2018-12-31	0.001800	0.001800	0.001800	0.001800	0
JIYOX_USD	2018-12-30	0.001800	0.001800	0.001800	0.001800	0
JIYOX_USD	2018-12-29	0.001800	0.001800	0.001800	0.001800	0
JIYOX_USD	2018-12-28	0.001800	0.001800	0.001800	0.001800	0
JIYOX_USD	2018-12-27	0.001800	0.001800	0.001800	0.001800	0
JIYOX_USD	2018-12-26	0.001800	0.001800	0.001800	0.001800	0
JIYOX_USD	2018-12-25	0.001800	0.001800	0.001800	0.001800	0
JIYOX_USD	2018-12-24	0.001800	0.001800	0.001800	0.001800	0
JIYOX_USD	2018-12-23	0.001800	0.001800	0.001800	0.001800	0
JIYOX_USD	2018-12-22	0.001800	0.001800	0.001800	0.001800	0
JIYOX_USD	2018-12-21	0.001800	0.001800	0.001800	0.001800	0
JIYOX_USD	2018-12-20	0.001800	0.001800	0.001800	0.001800	0
JIYOX_USD	2018-12-19	0.001800	0.001800	0.001800	0.001800	0
JIYOX_USD	2018-12-18	0.001800	0.001800	0.001800	0.001800	0
JIYOX_USD	2018-12-17	0.001800	0.001800	0.001800	0.001800	0
JIYOX_USD	2018-12-16	0.001800	0.001800	0.001800	0.001800	0
JIYOX_USD	2018-12-15	0.001800	0.001800	0.001800	0.001800	0
JIYOX_USD	2018-12-14	0.001800	0.001800	0.001800	0.001800	0
JIYOX_USD	2018-12-13	0.001800	0.001800	0.001800	0.001800	0
JIYOX_USD	2018-12-12	0.001800	0.001800	0.001800	0.001800	0
JIYOX_USD	2018-12-11	0.001800	0.001800	0.001800	0.001800	0
JIYOX_USD	2018-12-10	0.001800	0.001800	0.001800	0.001800	0
JIYOX_USD	2018-12-09	0.001800	0.001800	0.001800	0.001800	0
JIYOX_USD	2018-12-08	0.001800	0.001800	0.001800	0.001800	0
JIYOX_USD	2018-12-07	0.001800	0.001800	0.001800	0.001800	0
JIYOX_USD	2018-12-06	0.001800	0.001800	0.001800	0.001800	0
JIYOX_USD	2018-12-05	0.001800	0.001800	0.001800	0.001800	0
JIYOX_USD	2018-12-04	0.001800	0.001800	0.001800	0.001800	0
JIYOX_USD	2018-12-03	0.001800	0.001800	0.001800	0.001800	0
JIYOX_USD	2018-12-02	0.001800	0.001800	0.001800	0.001800	0
JIYOX_USD	2018-12-01	0.001800	0.001800	0.001800	0.001800	0
JIYOX_USD	2018-11-30	0.001800	0.001800	0.001800	0.001800	0
JIYOX_USD	2018-11-29	0.001800	0.001800	0.001800	0.001800	0
JIYOX_USD	2018-11-28	0.001800	0.001300	0.004000	0.001300	9684
JIYOX_USD	2018-11-27	0.001300	0.008900	0.008900	0.001300	15179
JIYOX_USD	2018-11-26	0.008900	0.008900	0.008900	0.008900	0
JIYOX_USD	2018-11-25	0.008900	0.008900	0.008900	0.008900	0
JIYOX_USD	2018-11-24	0.008900	0.002900	0.008900	0.002900	1
JIYOX_USD	2018-11-23	0.002900	0.002900	0.002900	0.002900	0
JIYOX_USD	2018-11-22	0.002900	0.002900	0.002900	0.002900	0
JIYOX_USD	2018-11-21	0.002900	0.005700	0.005700	0.002900	17202
JIYOX_USD	2018-11-20	0.005700	0.005700	0.005700	0.005700	0
JIYOX_USD	2018-11-19	0.005700	0.009300	0.009300	0.005700	2958
JIYOX_USD	2018-11-18	0.009300	0.009400	0.009400	0.009300	5138
JIYOX_USD	2018-11-17	0.009400	0.009400	0.009400	0.009400	0
JIYOX_USD	2018-11-16	0.009400	0.010600	0.010600	0.009300	3381
JIYOX_USD	2018-11-15	0.010600	0.010600	0.010600	0.010600	0
JIYOX_USD	2018-11-14	0.010600	0.010600	0.010600	0.010600	0
JIYOX_USD	2018-11-13	0.010600	0.005300	0.010600	0.005300	41
JIYOX_USD	2018-11-12	0.005300	0.005800	0.005800	0.005300	2372
JIYOX_USD	2018-11-11	0.005800	0.005800	0.005800	0.005800	0
JIYOX_USD	2018-11-10	0.005800	0.005800	0.005800	0.005800	0
JIYOX_USD	2018-11-09	0.005800	0.005700	0.006100	0.005700	1000
JIYOX_USD	2018-11-08	0.005700	0.009000	0.009000	0.005200	14470
JIYOX_USD	2018-11-07	0.009000	0.009000	0.009100	0.009000	207610
JIYOX_USD	2018-11-06	0.009000	0.009100	0.009100	0.009000	27490
JIYOX_USD	2018-11-05	0.009000	0.009000	0.009000	0.009000	0
JIYOX_USD	2018-11-04	0.009000	0.009100	0.009100	0.009000	53918
JIYOX_USD	2018-11-03	0.009100	0.009000	0.014500	0.009000	22461
JIYOX_USD	2018-11-02	0.009000	0.015400	0.015400	0.009000	1
JIYOX_USD	2018-11-01	0.011500	0.011500	0.011500	0.011500	0
JIYOX_USD	2018-10-31	0.011500	0.011500	0.011500	0.011500	0
JIYOX_USD	2018-10-30	0.011500	0.015800	0.015800	0.011500	2344
JIYOX_USD	2018-10-29	0.015800	0.015800	0.015800	0.015800	0
JIYOX_USD	2018-10-28	0.011400	0.011400	0.011400	0.011400	0
JIYOX_USD	2018-10-27	0.011400	0.011400	0.011400	0.011400	0
JIYOX_USD	2018-10-26	0.011300	0.011300	0.011300	0.011300	0
JIYOX_USD	2018-10-25	0.011300	0.011100	0.011300	0.011100	4316
JIYOX_USD	2018-10-24	0.013300	0.013300	0.013300	0.013300	0
JIYOX_USD	2018-10-22	0.013300	0.013300	0.013300	0.013300	0
JIYOX_USD	2018-10-21	0.013300	0.013300	0.013300	0.013300	0
JIYOX_USD	2018-10-20	0.013400	0.013400	0.013400	0.013400	0
JIYOX_USD	2018-10-19	0.013400	0.013400	0.013400	0.013400	0
JIYOX_USD	2018-10-17	0.016200	0.016200	0.016200	0.016200	0
JIYOX_USD	2018-10-16	0.016200	0.016100	0.016200	0.016100	29786
JIYOX_USD	2018-10-15	0.016100	0.016800	0.016800	0.013500	8761
JIYOX_USD	2018-10-14	0.015000	0.015000	0.015000	0.015000	0
JIYOX_USD	2018-10-13	0.015000	0.017000	0.017000	0.015000	2000
JIYOX_USD	2018-10-12	0.013400	0.013400	0.013400	0.013400	0
JIYOX_USD	2018-10-11	0.013400	0.013400	0.013400	0.013400	0
JIYOX_USD	2018-10-10	0.014000	0.014000	0.014000	0.014000	0
JIYOX_USD	2018-10-09	0.014000	0.016000	0.020800	0.014000	58775
JIYOX_USD	2018-10-08	0.015100	0.015100	0.015100	0.015100	0
JIYOX_USD	2018-10-07	0.015100	0.020000	0.020900	0.015100	115
JIYOX_USD	2018-10-04	0.020000	0.020000	0.020000	0.020000	0
JIYOX_USD	2018-10-03	0.020000	0.018100	0.021000	0.018100	51
JIYOX_USD	2018-10-02	0.018100	0.020900	0.020900	0.018100	1
JIYOX_USD	2018-10-01	0.018100	0.018100	0.018100	0.018100	0
JIYOX_USD	2018-09-30	0.018100	0.018100	0.018100	0.018100	0
JIYOX_USD	2018-09-29	0.018100	0.018100	0.018100	0.018100	0
JIYOX_USD	2018-09-28	0.021000	0.021000	0.021000	0.021000	0
JIYOX_USD	2018-09-27	0.021000	0.012700	0.021000	0.012700	68398
JIYOX_USD	2018-09-26	0.012700	0.012500	0.012700	0.012500	269
JIYOX_USD	2018-09-25	0.013700	0.013700	0.013700	0.013700	0
JIYOX_USD	2018-09-23	0.013700	0.013700	0.013700	0.013700	0
JIYOX_USD	2018-09-22	0.013700	0.014100	0.014100	0.013700	16359
JIYOX_USD	2018-09-21	0.014100	0.014100	0.014100	0.014100	0
JIYOX_USD	2018-09-19	0.019900	0.019900	0.019900	0.019900	0
JIYOX_USD	2018-09-18	0.019900	0.014400	0.019900	0.014100	14658
JIYOX_USD	2018-09-17	0.014400	0.014100	0.014400	0.014100	88964
JIYOX_USD	2018-09-16	0.014100	0.013500	0.014100	0.013500	88767
JIYOX_USD	2018-09-15	0.013500	0.019300	0.019300	0.013500	7857
JIYOX_USD	2018-09-13	0.019300	0.019300	0.019300	0.019300	0
JIYOX_USD	2018-09-12	0.019300	0.019300	0.019300	0.019300	0
JIYOX_USD	2018-09-11	0.019300	0.019300	0.019300	0.019300	0
JIYOX_USD	2018-09-10	0.022100	0.022100	0.022100	0.022100	0
JIYOX_USD	2018-09-09	0.022100	0.022100	0.022100	0.022100	0
JIYOX_USD	2018-09-08	0.033600	0.033600	0.033600	0.033600	0
JIYOX_USD	2018-09-07	0.033600	0.029000	0.033600	0.029000	6456
JIYOX_USD	2018-09-06	0.029000	0.020500	0.029900	0.019300	1364
JIYOX_USD	2018-09-05	0.020500	0.033700	0.033700	0.019100	11890
JIYOX_USD	2018-09-04	0.033700	0.023600	0.033700	0.023400	11494
JIYOX_USD	2018-09-03	0.023600	0.023900	0.023900	0.017000	1502
JIYOX_USD	2018-09-02	0.023900	0.017600	0.032000	0.012400	86445
JIYOX_USD	2018-09-01	0.017600	0.015200	0.017600	0.015200	16792
JIYOX_USD	2018-08-31	0.015200	0.016100	0.016300	0.015200	42765
JIYOX_USD	2018-08-30	0.016100	0.018400	0.033900	0.016000	23323
JIYOX_USD	2018-08-29	0.018400	0.011900	0.018400	0.011900	1891
JIYOX_USD	2018-08-28	0.011900	0.011700	0.012400	0.011700	16962
JIYOX_USD	2018-08-27	0.011700	0.011700	0.013000	0.011700	53959
JIYOX_USD	2018-08-26	0.011700	0.011700	0.019300	0.011700	8470
JIYOX_USD	2018-08-25	0.011700	0.011600	0.015000	0.011600	78940
JIYOX_USD	2018-08-24	0.011600	0.011300	0.011600	0.011300	5906
JIYOX_USD	2018-08-23	0.011300	0.011300	0.011300	0.011300	0
JIYOX_USD	2018-08-22	0.011600	0.011600	0.011600	0.011600	0
JIYOX_USD	2018-08-21	0.011600	0.016100	0.020000	0.011600	119551
JIYOX_USD	2018-08-20	0.016100	0.020500	0.020500	0.016100	34030
JIYOX_USD	2018-08-19	0.020500	0.019700	0.020500	0.019700	1445
JIYOX_USD	2018-08-18	0.019700	0.016000	0.019700	0.016000	87077
JIYOX_USD	2018-08-17	0.021500	0.021800	0.021900	0.016000	64488
JIYOX_USD	2018-08-16	0.021800	0.012200	0.021800	0.012200	0
JIYOX_USD	2018-08-15	0.012200	0.014100	0.015000	0.011400	13859
JIYOX_USD	2018-08-14	0.014100	0.016000	0.021900	0.012500	10874
JIYOX_USD	2018-08-13	0.016000	0.016000	0.020000	0.016000	6681
JIYOX_USD	2018-08-12	0.016000	0.015300	0.016000	0.015300	33706
JIYOX_USD	2018-08-11	0.015300	0.015000	0.017000	0.015000	47526
JIYOX_USD	2018-08-10	0.015000	0.021100	0.024100	0.015000	82033
JIYOX_USD	2018-08-09	0.021100	0.020600	0.023000	0.013800	25455
JIYOX_USD	2018-08-08	0.020600	0.023000	0.033700	0.015200	43036
JIYOX_USD	2018-08-07	0.023000	0.017500	0.034000	0.017500	117714
JIYOX_USD	2018-08-06	0.017500	0.017000	0.034600	0.017000	40736
JIYOX_USD	2018-08-05	0.046300	0.046300	0.046300	0.046300	0
JIYOX_USD	2018-08-04	0.046300	0.020200	0.046300	0.020200	5
JIYOX_USD	2018-08-03	0.020200	0.020000	0.030900	0.020000	6157
JIYOX_USD	2018-08-02	0.020000	0.023000	0.023000	0.017800	309
JIYOX_USD	2018-08-01	0.023000	0.021000	0.023000	0.016200	23203
JIYOX_USD	2018-07-31	0.021000	0.045700	0.045700	0.020100	4325
JIYOX_USD	2018-07-30	0.045700	0.046400	0.046400	0.045700	6
JIYOX_USD	2018-07-29	0.046400	0.046400	0.046400	0.046400	0
JIYOX_USD	2018-07-28	0.046400	0.046400	0.046400	0.046400	0
JIYOX_USD	2018-07-27	0.023000	0.023000	0.023000	0.023000	0
JIYOX_USD	2018-07-26	0.023000	0.047000	0.047000	0.023000	8179
JIYOX_USD	2018-07-25	0.047000	0.030000	0.047100	0.022300	4372
JIYOX_USD	2018-07-24	0.030000	0.044400	0.048100	0.030000	582
JIYOX_USD	2018-07-23	0.044400	0.050000	0.050000	0.044400	6076
JIYOX_USD	2018-07-22	0.050000	0.050500	0.050500	0.050000	4051
JIYOX_USD	2018-07-21	0.050500	0.053000	0.053000	0.050500	22164
JIYOX_USD	2018-07-20	0.053000	0.051700	0.053000	0.044900	24013
JIYOX_USD	2018-07-19	0.051700	0.056900	0.056900	0.051300	20080
JIYOX_USD	2018-07-18	0.056900	0.054000	0.057000	0.052700	142485
JIYOX_USD	2018-07-17	0.054000	0.053000	0.054000	0.053000	719
JIYOX_USD	2018-07-16	0.052600	0.052600	0.052600	0.052600	0
JIYOX_USD	2018-07-15	0.052600	0.051000	0.052900	0.049000	5181
JIYOX_USD	2018-07-14	0.051000	0.052000	0.052000	0.051000	2023
JIYOX_USD	2018-07-13	0.052000	0.052000	0.058900	0.049000	12813
JIYOX_USD	2018-07-12	0.052000	0.047000	0.055300	0.040000	18871
JIYOX_USD	2018-07-11	0.047000	0.049100	0.050000	0.040500	50756
JIYOX_USD	2018-07-10	0.049100	0.066100	0.066100	0.049100	39845
JIYOX_USD	2018-07-09	0.066100	0.081400	0.081400	0.065400	65195
JIYOX_USD	2018-07-08	0.081400	0.083000	0.085000	0.081400	107036
JIYOX_USD	2018-07-07	0.083000	0.062800	0.156900	0.055000	112789
JIYOX_USD	2018-07-06	0.062800	0.064800	0.076900	0.062800	432
JIYOX_USD	2018-07-05	0.064800	0.069700	0.069700	0.064800	3993
JIYOX_USD	2018-07-04	0.069700	0.061000	0.069700	0.061000	87890
JIYOX_USD	2018-07-03	0.061000	0.059800	0.070000	0.059800	82797
JIYOX_USD	2018-07-02	0.058400	0.059100	0.059100	0.058400	169
JIYOX_USD	2018-07-01	0.059100	0.073300	0.073300	0.058500	14993
JIYOX_USD	2018-06-30	0.073300	0.059200	0.078000	0.059200	24441
JIYOX_USD	2018-06-29	0.059200	0.058000	0.099800	0.056700	30608
JIYOX_USD	2018-06-28	0.061100	0.115800	0.115800	0.061100	88
JIYOX_USD	2018-06-27	0.115800	0.115800	0.115800	0.115800	0
JIYOX_USD	2018-06-26	0.115800	0.115800	0.115800	0.115800	0
JIYOX_USD	2018-06-25	0.080000	0.072200	0.093600	0.072200	114
JIYOX_USD	2018-06-24	0.072200	0.080000	0.080000	0.070000	4212
JIYOX_USD	2018-06-23	0.080900	0.082600	0.083100	0.080900	4626
JIYOX_USD	2018-06-22	0.082600	0.098800	0.098800	0.082600	44033
JIYOX_USD	2018-06-21	0.095000	0.000000	0.115900	0.000000	4183
JIYOX_USD	2018-06-20	0.115900	0.115900	0.115900	0.115900	0
JIYOX_USD	2018-06-19	0.115900	0.110500	0.125000	0.101000	11580
JIYOX_USD	2018-06-18	0.113300	0.095300	0.113300	0.092100	13421
JIYOX_USD	2018-06-17	0.095300	0.103000	0.110100	0.070000	47106
JIYOX_USD	2018-06-16	0.103000	0.105100	0.108100	0.103000	1564
JIYOX_USD	2018-06-15	0.105200	0.113000	0.114900	0.105200	257
JIYOX_USD	2018-06-14	0.113000	0.108300	0.114600	0.107100	9761
JIYOX_USD	2018-06-13	0.108400	0.128400	0.128800	0.105100	48983
JIYOX_USD	2018-06-12	0.129900	0.157000	0.157000	0.129900	13078
JIYOX_USD	2018-06-11	0.157000	0.161000	0.190000	0.157000	30505
JIYOX_USD	2018-06-10	0.161000	0.172700	0.172700	0.161000	6294
JIYOX_USD	2018-06-09	0.172700	0.172700	0.172700	0.172700	0
JIYOX_USD	2018-06-08	0.161000	0.182800	0.182800	0.161000	1457
JIYOX_USD	2018-06-07	0.182800	0.190000	0.190000	0.182800	14925
JIYOX_USD	2018-06-06	0.182100	0.185300	0.191500	0.173400	1698
JIYOX_USD	2018-06-05	0.185300	0.193900	0.193900	0.000000	16
JIYOX_USD	2018-06-04	0.193900	0.191000	0.193900	0.189700	5163
JIYOX_USD	2018-06-03	0.191000	0.219100	0.219100	0.185000	26584
JIYOX_USD	2018-06-02	0.205600	0.195800	0.210600	0.195000	796
JIYOX_USD	2018-06-01	0.196400	0.218900	0.220000	0.170000	3566
JIYOX_USD	2018-05-31	0.218900	0.179700	0.218900	0.179700	30656
JIYOX_USD	2018-05-30	0.180400	0.205000	0.205000	0.180400	5950
JIYOX_USD	2018-05-29	0.200000	0.176200	0.220000	0.176200	48223
JIYOX_USD	2018-05-28	0.176200	0.176800	0.190100	0.160100	70451
JIYOX_USD	2018-05-27	0.176700	0.176000	0.210200	0.160000	53938
JIYOX_USD	2018-05-26	0.176000	0.200100	0.216600	0.176000	30719
JIYOX_USD	2018-05-25	0.200100	0.215900	0.220600	0.175000	16046
JIYOX_USD	2018-05-24	0.215900	0.186300	0.222200	0.186300	5550
JIYOX_USD	2018-05-23	0.186300	0.240000	0.240000	0.186300	13596
JIYOX_USD	2018-05-22	0.240000	0.264500	0.264500	0.240000	7630
JIYOX_USD	2018-05-21	0.264500	0.240100	0.292500	0.240100	2958
JIYOX_USD	2018-05-20	0.240100	0.292400	0.292400	0.240100	541
JIYOX_USD	2018-05-19	0.292400	0.260000	0.292400	0.260000	2323
JIYOX_USD	2018-05-18	0.260000	0.260000	0.303600	0.232500	39125
JIYOX_USD	2018-05-17	0.260000	0.236600	0.300000	0.228100	23657
JIYOX_USD	2018-05-16	0.236600	0.230800	0.278000	0.201200	36563
JIYOX_USD	2018-05-15	0.230800	0.259300	0.260000	0.225000	23798
JIYOX_USD	2018-05-14	0.239900	0.226000	0.258800	0.223000	18177
JIYOX_USD	2018-05-13	0.226000	0.207800	0.233900	0.200000	47184
JIYOX_USD	2018-05-12	0.200000	0.234700	0.241300	0.168000	36828
JIYOX_USD	2018-05-11	0.234700	0.325900	0.325900	0.200000	54900
JIYOX_USD	2018-05-10	0.325900	0.314900	0.339100	0.300000	69617
JIYOX_USD	2018-05-09	0.314900	0.332700	0.349500	0.309600	36302
JIYOX_USD	2018-05-08	0.332700	0.321400	0.346300	0.321400	128202
JIYOX_USD	2018-05-07	0.327800	0.365900	0.372200	0.320000	49555
JIYOX_USD	2018-05-06	0.365900	0.355300	0.400000	0.355300	125372
JIYOX_USD	2018-05-05	0.355300	0.334900	0.409900	0.334900	24261
JIYOX_USD	2018-05-04	0.334900	0.350600	0.367800	0.330600	57115
JIYOX_USD	2018-05-03	0.350600	0.338900	0.444000	0.330600	46965
JIYOX_USD	2018-05-02	0.338900	0.337200	0.367900	0.330000	13582
JIYOX_USD	2018-05-01	0.337200	0.370000	0.401000	0.330000	18175
JIYOX_USD	2018-04-30	0.370000	0.373700	0.421900	0.358200	28769
JIYOX_USD	2018-04-29	0.373700	0.414100	0.421600	0.373700	14427
JIYOX_USD	2018-04-28	0.414100	0.386100	0.414100	0.320000	154931
JIYOX_USD	2018-04-27	0.386100	0.375000	0.414100	0.367000	21505
JIYOX_USD	2018-04-26	0.375000	0.370000	0.420000	0.370000	379
JIYOX_USD	2018-04-25	0.370000	0.403800	0.429000	0.367100	25084
JIYOX_USD	2018-04-24	0.403800	0.417000	0.550000	0.380300	76428
JIYOX_USD	2018-04-23	0.417000	0.393100	0.417000	0.372900	147858
JIYOX_USD	2018-04-22	0.393100	0.319900	0.393100	0.307000	53833
JIYOX_USD	2018-04-21	0.319900	0.356900	0.362800	0.319900	19582
JIYOX_USD	2018-04-20	0.356900	0.288400	0.377800	0.288400	93337
JIYOX_USD	2018-04-19	0.288400	0.287900	0.295900	0.276300	26354
JIYOX_USD	2018-04-18	0.287900	0.265900	0.303500	0.265900	5760
JIYOX_USD	2018-04-17	0.265900	0.271100	0.284100	0.254400	379
JIYOX_USD	2018-04-16	0.271100	0.291300	0.291300	0.237000	111314
JIYOX_USD	2018-04-15	0.291300	0.292700	0.295000	0.270800	81106
JIYOX_USD	2018-04-14	0.292700	0.303400	0.310200	0.279400	40694
JIYOX_USD	2018-04-13	0.303400	0.314900	0.351100	0.233200	74653
JIYOX_USD	2018-04-12	0.314900	0.293400	0.351100	0.276100	27976
JIYOX_USD	2018-04-11	0.293400	0.310000	0.379000	0.272600	21059
JIYOX_USD	2018-04-10	0.310000	0.294700	0.310000	0.250400	23408
JIYOX_USD	2018-04-09	0.294700	0.296900	0.296900	0.221000	66243
JIYOX_USD	2018-04-08	0.296900	0.230300	0.364600	0.230100	557140
JIYOX_USD	2018-04-07	0.230300	0.243200	0.260900	0.221100	584
JIYOX_USD	2018-04-06	0.243200	0.273000	0.273000	0.243200	3454
JIYOX_USD	2018-04-05	0.273000	0.273000	0.319700	0.273000	9424
JIYOX_USD	2018-04-04	0.273000	0.357400	0.357400	0.273000	8551
JIYOX_USD	2018-04-03	0.357400	0.271000	0.357400	0.271000	16329
JIYOX_USD	2018-04-02	0.271000	0.305600	0.379000	0.271000	13576
JIYOX_USD	2018-04-01	0.305600	0.250000	0.305600	0.250000	33417
JIYOX_USD	2018-03-31	0.250000	0.263500	0.293000	0.250000	14233
JIYOX_USD	2018-03-30	0.263500	0.269800	0.269800	0.250000	8688
JIYOX_USD	2018-03-29	0.269800	0.275100	0.285000	0.269800	8426
JIYOX_USD	2018-03-28	0.275100	0.265200	0.321200	0.265200	1249
JIYOX_USD	2018-03-27	0.265200	0.313400	0.313900	0.265200	622
JIYOX_USD	2018-03-26	0.313400	0.333100	0.372400	0.312000	33935
JIYOX_USD	2018-03-25	0.333100	0.348500	0.350000	0.258100	19051
JIYOX_USD	2018-03-24	0.348500	0.357100	0.357100	0.348500	2
JIYOX_USD	2018-03-23	0.357100	0.375100	0.375400	0.333300	18229
JIYOX_USD	2018-03-22	0.375100	0.400000	0.400000	0.372000	1403
JIYOX_USD	2018-03-21	0.400000	0.365800	0.400000	0.365800	6449
JIYOX_USD	2018-03-20	0.365800	0.432700	0.432700	0.305900	3105
JIYOX_USD	2018-03-19	0.432700	0.280000	0.433000	0.258900	11519
JIYOX_USD	2018-03-18	0.280000	0.326700	0.363300	0.280000	1023
JIYOX_USD	2018-03-17	0.326700	0.343400	0.343400	0.326700	43
JIYOX_USD	2018-03-16	0.343400	0.320000	0.343400	0.300100	413
JIYOX_USD	2018-03-15	0.320000	0.390000	0.409900	0.320000	3432
JIYOX_USD	2018-03-14	0.390000	0.396100	0.405900	0.342400	6212
JIYOX_USD	2018-03-13	0.396100	0.347000	0.403700	0.347000	8480
JIYOX_USD	2018-03-12	0.347000	0.425000	0.425000	0.346700	7340
JIYOX_USD	2018-03-11	0.425000	0.345500	0.425000	0.336700	19097
JIYOX_USD	2018-03-10	0.345500	0.341400	0.358100	0.307700	6821
JIYOX_USD	2018-03-09	0.341400	0.385000	0.385000	0.243700	33875
JIYOX_USD	2018-03-08	0.385000	0.407700	0.462600	0.385000	37725
JIYOX_USD	2018-03-07	0.407700	0.504000	0.504000	0.400000	15538
JIYOX_USD	2018-03-06	0.504000	0.582400	0.582400	0.504000	4703
JIYOX_USD	2018-03-05	0.582400	0.605900	0.605900	0.560400	39315
JIYOX_USD	2018-03-04	0.605900	0.629000	0.639800	0.594400	5203
JIYOX_USD	2018-03-03	0.629000	0.666100	0.705000	0.611200	10779
JIYOX_USD	2018-03-02	0.666100	0.582900	0.868000	0.552600	12084
JIYOX_USD	2018-03-01	0.582900	0.534500	0.582900	0.530000	5006
JIYOX_USD	2018-02-28	0.534500	0.574800	0.574800	0.450100	4119
JIYOX_USD	2018-02-27	0.574800	0.575700	0.666000	0.574800	1957
JIYOX_USD	2018-02-26	0.575700	0.536200	0.595900	0.523700	9033
JIYOX_USD	2018-02-25	0.536200	0.537800	0.551000	0.525100	86
JIYOX_USD	2018-02-24	0.537800	0.578500	0.594500	0.537800	313
JIYOX_USD	2018-02-23	0.578500	0.536900	0.583400	0.535700	3337
JIYOX_USD	2018-02-22	0.536900	0.594900	0.608900	0.536900	4680
JIYOX_USD	2018-02-21	0.594900	0.733900	0.733900	0.550000	25647
JIYOX_USD	2018-02-20	0.733900	0.783000	0.788700	0.714800	2435
JIYOX_USD	2018-02-19	0.783000	0.770800	0.789900	0.751400	15866
JIYOX_USD	2018-02-18	0.770800	0.891100	0.891100	0.689800	28215
JIYOX_USD	2018-02-17	0.891100	0.754500	0.947100	0.754500	1187
JIYOX_USD	2018-02-16	0.754500	0.860800	0.860800	0.705100	2339
JIYOX_USD	2018-02-15	0.860800	0.810300	0.939600	0.732800	8970
JIYOX_USD	2018-02-14	0.810300	0.736800	0.960000	0.680100	15238
JIYOX_USD	2018-02-13	0.736800	0.775400	0.917400	0.634700	50055
JIYOX_USD	2018-02-12	0.775400	0.678000	0.799000	0.674300	33458
JIYOX_USD	2018-02-11	0.678000	0.703300	0.703300	0.562900	8465
JIYOX_USD	2018-02-10	0.703300	0.758500	0.799000	0.686000	8616
JIYOX_USD	2018-02-09	0.758500	0.732500	0.785300	0.721100	6946
JIYOX_USD	2018-02-08	0.732500	0.817100	0.999900	0.605900	62442
JIYOX_USD	2018-02-07	0.817100	0.588100	1.000000	0.550100	12044
JIYOX_USD	2018-02-06	0.588100	0.555100	0.591800	0.425400	40598
JIYOX_USD	2018-02-05	0.555100	0.765300	0.884500	0.545600	41314
JIYOX_USD	2018-02-04	0.765300	0.899600	0.970700	0.755000	7494
JIYOX_USD	2018-02-03	0.899600	0.961500	0.970500	0.832300	11716
JIYOX_USD	2018-02-02	0.961500	0.827200	0.982700	0.723200	10322
JIYOX_USD	2018-02-01	0.827200	1.147600	1.172900	0.696200	15018
JIYOX_USD	2018-01-31	1.147600	1.213800	1.248100	1.050200	7506
JIYOX_USD	2018-01-30	1.213800	1.465600	1.820000	1.208100	21014
