JOT_USD	2019-04-09	0.002740	0.002793	0.002793	0.002716	0
JOT_USD	2019-04-08	0.002793	0.002754	0.002815	0.002704	0
JOT_USD	2019-04-07	0.002754	0.002667	0.002783	0.002665	0
JOT_USD	2019-04-06	0.002667	0.002669	0.002770	0.002608	0
JOT_USD	2019-04-05	0.002669	0.002591	0.002687	0.002590	0
JOT_USD	2019-04-04	0.002591	0.002614	0.002677	0.002538	0
JOT_USD	2019-04-03	0.002614	0.002589	0.002796	0.002547	0
JOT_USD	2019-04-02	0.002589	0.002204	0.002665	0.002200	0
JOT_USD	2019-04-01	0.002204	0.002199	0.002216	0.002198	0
JOT_USD	2019-03-31	0.002188	0.002187	0.002195	0.002181	0
JOT_USD	2019-03-30	0.002187	0.002194	0.002210	0.002166	0
JOT_USD	2019-03-29	0.002194	0.002149	0.002198	0.002145	0
JOT_USD	2019-03-28	0.002149	0.002154	0.002155	0.002136	0
JOT_USD	2019-03-27	0.002154	0.002096	0.002158	0.002089	0
JOT_USD	2019-03-26	0.002096	0.002084	0.002097	0.002074	0
JOT_USD	2019-03-25	0.002084	0.002122	0.002126	0.002068	0
JOT_USD	2019-03-24	0.002122	0.002133	0.002133	0.002107	0
JOT_USD	2019-03-23	0.002133	0.002126	0.002140	0.002119	0
JOT_USD	2019-03-22	0.002126	0.002124	0.002136	0.002118	0
JOT_USD	2019-03-21	0.002124	0.002167	0.002177	0.002103	0
JOT_USD	2019-03-20	0.002167	0.002157	0.002171	0.002138	0
JOT_USD	2019-03-19	0.002157	0.002139	0.002162	0.002130	0
JOT_USD	2019-03-18	0.002139	0.002136	0.002162	0.002120	0
JOT_USD	2019-03-17	0.002136	0.002147	0.002147	0.002122	0
JOT_USD	2019-03-16	0.002147	0.002102	0.002180	0.002102	0
JOT_USD	2019-03-15	0.002102	0.002074	0.002106	0.002073	0
JOT_USD	2019-03-14	0.002074	0.002072	0.002100	0.002041	0
JOT_USD	2019-03-13	0.002073	0.002076	0.002085	0.002061	0
JOT_USD	2019-03-12	0.002076	0.002075	0.002089	0.002045	0
JOT_USD	2019-03-11	0.002075	0.002100	0.002105	0.002059	0
JOT_USD	2019-03-10	0.002100	0.002108	0.002109	0.002081	0
JOT_USD	2019-03-09	0.002108	0.002069	0.002124	0.002065	0
JOT_USD	2019-03-08	0.002069	0.002081	0.002110	0.002035	0
JOT_USD	2019-03-07	0.002081	0.002075	0.002097	0.002066	0
JOT_USD	2019-03-06	0.002075	0.002074	0.002088	0.002053	0
JOT_USD	2019-03-05	0.002074	0.001995	0.002083	0.001988	0
JOT_USD	2019-03-04	0.001994	0.002039	0.002051	0.001978	0
JOT_USD	2019-03-03	0.002039	0.002054	0.002060	0.002027	0
JOT_USD	2019-03-02	0.002054	0.002056	0.002060	0.002025	0
JOT_USD	2019-03-01	0.002056	0.002045	0.002073	0.002044	0
JOT_USD	2019-02-28	0.002045	0.002048	0.002093	0.002039	0
JOT_USD	2019-02-27	0.002048	0.002047	0.002065	0.001981	0
JOT_USD	2019-02-26	0.002047	0.002060	0.002065	0.002034	0
JOT_USD	2019-02-25	0.002060	0.002012	0.002081	0.002011	0
JOT_USD	2019-02-24	0.002012	0.002211	0.002248	0.002002	0
JOT_USD	2019-02-23	0.002211	0.002134	0.002234	0.002108	0
JOT_USD	2019-02-22	0.002134	0.002105	0.002139	0.002096	0
JOT_USD	2019-02-21	0.002105	0.002132	0.002164	0.002087	0
JOT_USD	2019-02-20	0.002132	0.002096	0.002135	0.002083	0
JOT_USD	2019-02-19	0.002096	0.002089	0.002143	0.002070	0
JOT_USD	2019-02-18	0.002089	0.001961	0.002105	0.001955	0
JOT_USD	2019-02-17	0.001961	0.001930	0.001986	0.001926	0
JOT_USD	2019-02-16	0.001930	0.001924	0.001955	0.001924	0
JOT_USD	2019-02-15	0.001924	0.001920	0.001951	0.001914	0
JOT_USD	2019-02-14	0.001920	0.001926	0.001933	0.001912	0
JOT_USD	2019-02-13	0.001926	0.001939	0.001961	0.001916	0
JOT_USD	2019-02-12	0.001939	0.001933	0.001955	0.001914	0
JOT_USD	2019-02-11	0.001933	0.001967	0.001969	0.001930	0
JOT_USD	2019-02-10	0.001967	0.001952	0.001968	0.001926	0
JOT_USD	2019-02-09	0.001952	0.001955	0.001963	0.001939	0
JOT_USD	2019-02-08	0.001955	0.001804	0.001992	0.001800	0
JOT_USD	2019-02-07	0.001804	0.001812	0.001818	0.001801	0
JOT_USD	2019-02-06	0.001812	0.001844	0.001848	0.001797	0
JOT_USD	2019-02-05	0.001844	0.001831	0.001846	0.001825	0
JOT_USD	2019-02-04	0.001832	0.001838	0.001848	0.001825	0
JOT_USD	2019-02-03	0.001838	0.001869	0.001873	0.001822	0
JOT_USD	2019-02-02	0.001869	0.001857	0.001875	0.001838	0
JOT_USD	2019-02-01	0.001857	0.001839	0.001866	0.001820	0
JOT_USD	2019-01-31	0.001839	0.001853	0.001873	0.001828	0
JOT_USD	2019-01-30	0.001853	0.001826	0.001862	0.001812	0
JOT_USD	2019-01-29	0.001826	0.001838	0.001844	0.001797	0
JOT_USD	2019-01-28	0.001838	0.001888	0.001889	0.001815	0
JOT_USD	2019-01-27	0.001888	0.001907	0.001912	0.001860	0
JOT_USD	2019-01-26	0.001907	0.001905	0.001959	0.001903	0
JOT_USD	2019-01-25	0.001905	0.001917	0.001923	0.001888	0
JOT_USD	2019-01-24	0.001917	0.001900	0.001926	0.001885	0
JOT_USD	2019-01-23	0.001900	0.001910	0.001928	0.001886	0
JOT_USD	2019-01-22	0.001911	0.001880	0.001930	0.001839	0
JOT_USD	2019-01-21	0.001880	0.001883	0.001893	0.001865	0
JOT_USD	2019-01-20	0.001883	0.001977	0.001993	0.001863	0
JOT_USD	2019-01-19	0.001977	0.001930	0.002021	0.001929	0
JOT_USD	2019-01-18	0.001930	0.001953	0.001955	0.001918	0
JOT_USD	2019-01-17	0.001953	0.001928	0.001954	0.001900	0
JOT_USD	2019-01-16	0.001928	0.001920	0.001960	0.001912	0
JOT_USD	2019-01-15	0.001920	0.001968	0.001981	0.001908	0
JOT_USD	2019-01-14	0.001968	0.001742	0.001994	0.001736	0
JOT_USD	2019-01-13	0.001742	0.001703	0.001831	0.001665	0
JOT_USD	2019-01-12	0.001703	0.001709	0.001718	0.001688	0
JOT_USD	2019-01-11	0.001709	0.001708	0.001733	0.001687	0
JOT_USD	2019-01-10	0.001708	0.001919	0.001936	0.001696	0
JOT_USD	2019-01-09	0.001919	0.001988	0.002018	0.001913	0
JOT_USD	2019-01-08	0.001988	0.001872	0.002016	0.001776	0
JOT_USD	2019-01-07	0.001872	0.001856	0.001892	0.001785	0
JOT_USD	2019-01-06	0.001856	0.001741	0.003520	0.001730	0
JOT_USD	2019-01-05	0.001741	0.001721	0.001771	0.001720	0
JOT_USD	2019-01-04	0.001721	0.001705	0.001734	0.001679	0
JOT_USD	2019-01-03	0.001705	0.001762	0.001764	0.001698	0
JOT_USD	2019-01-02	0.001762	0.001722	0.001814	0.001705	0
JOT_USD	2019-01-01	0.001722	0.001475	0.001732	0.001429	0
JOT_USD	2018-12-31	0.001475	0.002443	0.002450	0.001425	0
JOT_USD	2018-12-30	0.002443	0.002427	0.002604	0.002401	0
JOT_USD	2018-12-29	0.002427	0.002543	0.002672	0.002418	0
JOT_USD	2018-12-28	0.002543	0.002303	0.002626	0.001937	0
JOT_USD	2018-12-27	0.002303	0.002535	0.002556	0.002287	0
JOT_USD	2018-12-26	0.002535	0.002402	0.002695	0.002360	0
JOT_USD	2018-12-25	0.002402	0.002694	0.002699	0.002380	0
JOT_USD	2018-12-24	0.002694	0.002544	0.002810	0.002498	0
JOT_USD	2018-12-23	0.002544	0.002640	0.002707	0.002524	0
JOT_USD	2018-12-22	0.002640	0.002423	0.002654	0.002273	0
JOT_USD	2018-12-21	0.002423	0.002571	0.002616	0.002382	0
JOT_USD	2018-12-20	0.002571	0.002153	0.002637	0.002054	0
JOT_USD	2018-12-19	0.002153	0.002192	0.002320	0.002106	0
JOT_USD	2018-12-18	0.002192	0.002085	0.002219	0.001964	0
JOT_USD	2018-12-17	0.002085	0.001633	0.002316	0.001626	0
JOT_USD	2018-12-16	0.001633	0.001627	0.001672	0.001622	0
JOT_USD	2018-12-15	0.001627	0.001624	0.001643	0.001588	0
JOT_USD	2018-12-14	0.001624	0.001575	0.001657	0.001528	0
JOT_USD	2018-12-13	0.001575	0.001698	0.001701	0.001565	0
JOT_USD	2018-12-12	0.001698	0.001523	0.001706	0.001520	0
JOT_USD	2018-12-11	0.001502	0.001569	0.001575	0.001292	0
JOT_USD	2018-12-10	0.001569	0.001622	0.001646	0.001516	0
JOT_USD	2018-12-09	0.001622	0.001630	0.001681	0.001463	0
JOT_USD	2018-12-08	0.001630	0.001643	0.001704	0.001549	0
JOT_USD	2018-12-07	0.001643	0.001735	0.001738	0.001609	0
JOT_USD	2018-12-06	0.001735	0.001789	0.001860	0.001723	0
JOT_USD	2018-12-05	0.001789	0.001931	0.001939	0.001782	0
JOT_USD	2018-12-04	0.001931	0.001854	0.001964	0.001810	0
JOT_USD	2018-12-03	0.001854	0.001955	0.001985	0.001824	0
JOT_USD	2018-12-02	0.001955	0.001973	0.002036	0.001842	0
JOT_USD	2018-12-01	0.001973	0.001797	0.002009	0.001751	0
JOT_USD	2018-11-30	0.001797	0.001919	0.001924	0.001613	0
JOT_USD	2018-11-29	0.001919	0.002110	0.002159	0.001684	0
JOT_USD	2018-11-28	0.002110	0.001962	0.002185	0.001930	0
JOT_USD	2018-11-27	0.001962	0.001851	0.001991	0.001727	0
JOT_USD	2018-11-26	0.001851	0.001970	0.002014	0.001784	0
JOT_USD	2018-11-25	0.001970	0.001985	0.002041	0.001744	0
JOT_USD	2018-11-24	0.001985	0.002145	0.002190	0.001898	0
JOT_USD	2018-11-23	0.002145	0.002064	0.002173	0.002041	0
JOT_USD	2018-11-22	0.002064	0.002266	0.002335	0.002053	0
JOT_USD	2018-11-21	0.002266	0.002271	0.002370	0.002031	0
JOT_USD	2018-11-20	0.002271	0.002568	0.002626	0.001965	0
JOT_USD	2018-11-19	0.002568	0.002915	0.002915	0.002551	0
JOT_USD	2018-11-18	0.002915	0.003123	0.003184	0.002911	0
JOT_USD	2018-11-17	0.003123	0.003198	0.003255	0.003094	0
JOT_USD	2018-11-16	0.003198	0.003221	0.003224	0.003067	0
JOT_USD	2018-11-15	0.003221	0.003384	0.003409	0.003112	0
JOT_USD	2018-11-14	0.003384	0.003717	0.003729	0.003280	0
JOT_USD	2018-11-13	0.003717	0.003610	0.003736	0.003519	0
JOT_USD	2018-11-12	0.003610	0.003618	0.003629	0.003571	0
JOT_USD	2018-11-11	0.003618	0.003601	0.003618	0.003548	0
JOT_USD	2018-11-10	0.003601	0.003627	0.003648	0.003573	0
JOT_USD	2018-11-09	0.003627	0.003758	0.003771	0.003612	0
JOT_USD	2018-11-08	0.003758	0.003944	0.003951	0.003739	0
JOT_USD	2018-11-07	0.003944	0.003486	0.003944	0.003480	0
JOT_USD	2018-11-06	0.003486	0.003429	0.003700	0.003417	0
JOT_USD	2018-11-05	0.003429	0.003502	0.003507	0.003398	0
JOT_USD	2018-11-04	0.003502	0.003769	0.003770	0.003238	0
JOT_USD	2018-11-03	0.003769	0.003888	0.004012	0.003629	0
JOT_USD	2018-11-02	0.003888	0.004096	0.004163	0.003867	0
JOT_USD	2018-11-01	0.004096	0.003757	0.004105	0.003337	0
JOT_USD	2018-10-31	0.003757	0.003007	0.004173	0.003007	0
JOT_USD	2018-10-30	0.003007	0.003140	0.003220	0.002967	0
JOT_USD	2018-10-29	0.003140	0.003115	0.003348	0.002982	0
JOT_USD	2018-10-28	0.003115	0.003218	0.003222	0.003051	0
JOT_USD	2018-10-27	0.003218	0.003331	0.003367	0.003115	0
JOT_USD	2018-10-26	0.003331	0.003395	0.003401	0.002976	0
JOT_USD	2018-10-25	0.003395	0.003277	0.003501	0.003221	0
JOT_USD	2018-10-24	0.003277	0.003373	0.003411	0.003251	0
JOT_USD	2018-10-23	0.003373	0.003908	0.003949	0.003276	0
JOT_USD	2018-10-22	0.003908	0.003953	0.003977	0.003899	0
JOT_USD	2018-10-21	0.003953	0.004017	0.004110	0.003706	0
JOT_USD	2018-10-20	0.004017	0.003753	0.004111	0.003577	0
JOT_USD	2018-10-19	0.003753	0.003703	0.003856	0.003673	0
JOT_USD	2018-10-18	0.003703	0.004277	0.004278	0.003613	0
JOT_USD	2018-10-17	0.004277	0.004156	0.004281	0.004142	0
JOT_USD	2018-10-16	0.004156	0.004045	0.004435	0.003914	0
JOT_USD	2018-10-15	0.004045	0.003800	0.004435	0.003754	0
JOT_USD	2018-10-14	0.003800	0.003733	0.003963	0.003530	0
JOT_USD	2018-10-13	0.003733	0.004156	0.004172	0.003733	0
JOT_USD	2018-10-12	0.004156	0.004285	0.004334	0.004074	0
JOT_USD	2018-10-11	0.004285	0.004741	0.004741	0.004127	0
JOT_USD	2018-10-10	0.004741	0.004331	0.004747	0.004219	0
JOT_USD	2018-10-09	0.004331	0.004304	0.004342	0.004264	0
JOT_USD	2018-10-08	0.004304	0.004192	0.004570	0.004192	0
JOT_USD	2018-10-07	0.004192	0.004351	0.004359	0.004073	0
JOT_USD	2018-10-06	0.004351	0.004253	0.004351	0.004215	0
JOT_USD	2018-10-05	0.004253	0.004310	0.004367	0.004181	0
JOT_USD	2018-10-04	0.004310	0.004455	0.004643	0.004018	0
JOT_USD	2018-10-03	0.004455	0.004446	0.004593	0.004302	0
JOT_USD	2018-10-02	0.004446	0.004522	0.004613	0.004404	0
JOT_USD	2018-10-01	0.004522	0.004435	0.004625	0.004304	0
JOT_USD	2018-09-30	0.004435	0.004326	0.004653	0.004268	0
JOT_USD	2018-09-29	0.004326	0.004545	0.004678	0.004280	0
JOT_USD	2018-09-28	0.004545	0.004716	0.004770	0.004320	0
JOT_USD	2018-09-27	0.004716	0.004621	0.004801	0.004231	0
JOT_USD	2018-09-26	0.004621	0.004408	0.004729	0.004343	0
JOT_USD	2018-09-25	0.004408	0.004412	0.004530	0.004068	0
JOT_USD	2018-09-24	0.004412	0.004530	0.005292	0.004164	0
JOT_USD	2018-09-23	0.004530	0.005043	0.005324	0.004432	0
JOT_USD	2018-09-22	0.005043	0.004233	0.005225	0.004227	0
JOT_USD	2018-09-21	0.004233	0.004550	0.004743	0.004127	0
JOT_USD	2018-09-20	0.004550	0.004410	0.004607	0.004405	0
JOT_USD	2018-09-19	0.004410	0.004598	0.004931	0.004219	0
JOT_USD	2018-09-18	0.004598	0.004285	0.004910	0.004088	0
JOT_USD	2018-09-17	0.004285	0.004192	0.004444	0.004106	0
JOT_USD	2018-09-16	0.004192	0.004075	0.004236	0.003955	0
JOT_USD	2018-09-15	0.004075	0.004119	0.004256	0.003999	0
JOT_USD	2018-09-14	0.004119	0.004241	0.004437	0.004069	0
JOT_USD	2018-09-13	0.004241	0.004024	0.004446	0.004022	0
JOT_USD	2018-09-12	0.004024	0.004403	0.004410	0.003965	0
JOT_USD	2018-09-11	0.004403	0.004289	0.004498	0.004086	0
JOT_USD	2018-09-10	0.004289	0.004555	0.004655	0.004233	0
JOT_USD	2018-09-09	0.004555	0.004453	0.004695	0.004432	0
JOT_USD	2018-09-08	0.004453	0.004739	0.004849	0.004421	0
JOT_USD	2018-09-07	0.004739	0.004885	0.005194	0.004627	0
JOT_USD	2018-09-06	0.004885	0.004726	0.004901	0.004484	0
JOT_USD	2018-09-05	0.004726	0.005998	0.006007	0.004724	0
JOT_USD	2018-09-04	0.005998	0.005416	0.006046	0.005398	0
JOT_USD	2018-09-03	0.005416	0.005577	0.005769	0.005402	0
JOT_USD	2018-09-02	0.005577	0.005866	0.005961	0.005558	0
JOT_USD	2018-09-01	0.005866	0.005305	0.006155	0.004821	0
JOT_USD	2018-08-31	0.005305	0.005281	0.005400	0.005155	0
JOT_USD	2018-08-30	0.005281	0.005355	0.005717	0.005048	0
JOT_USD	2018-08-29	0.005355	0.005627	0.005738	0.005231	0
JOT_USD	2018-08-28	0.005627	0.005246	0.005791	0.005186	0
JOT_USD	2018-08-27	0.005246	0.005199	0.005252	0.005087	0
JOT_USD	2018-08-26	0.005199	0.005593	0.005628	0.005111	0
JOT_USD	2018-08-25	0.005593	0.005155	0.006350	0.005078	0
JOT_USD	2018-08-24	0.005155	0.004993	0.005178	0.004925	0
JOT_USD	2018-08-23	0.004993	0.004671	0.005084	0.004455	0
JOT_USD	2018-08-22	0.004671	0.004503	0.004962	0.004379	0
JOT_USD	2018-08-21	0.004503	0.004253	0.004785	0.004250	0
JOT_USD	2018-08-20	0.004253	0.005448	0.005538	0.004183	0
JOT_USD	2018-08-19	0.005448	0.005496	0.005558	0.005306	0
JOT_USD	2018-08-18	0.005496	0.005535	0.005584	0.005391	0
JOT_USD	2018-08-17	0.005535	0.005207	0.005550	0.005172	0
JOT_USD	2018-08-16	0.005207	0.005110	0.005436	0.005031	0
JOT_USD	2018-08-15	0.005110	0.004547	0.005838	0.004547	0
JOT_USD	2018-08-14	0.004547	0.004877	0.006829	0.004053	0
JOT_USD	2018-08-13	0.004877	0.005335	0.005512	0.004805	0
JOT_USD	2018-08-12	0.005335	0.005383	0.005945	0.005319	0
JOT_USD	2018-08-11	0.005383	0.005929	0.006037	0.005252	0
JOT_USD	2018-08-10	0.005929	0.006105	0.006175	0.005597	0
JOT_USD	2018-08-09	0.006105	0.006027	0.006191	0.005756	0
JOT_USD	2018-08-08	0.006027	0.006113	0.006221	0.005822	0
JOT_USD	2018-08-07	0.006113	0.006313	0.006506	0.006080	0
JOT_USD	2018-08-06	0.006313	0.006224	0.006497	0.006194	0
JOT_USD	2018-08-05	0.006224	0.006691	0.006806	0.006166	0
JOT_USD	2018-08-04	0.006691	0.007231	0.007283	0.006572	0
JOT_USD	2018-08-03	0.007231	0.007158	0.007614	0.006919	0
JOT_USD	2018-08-02	0.007158	0.007115	0.007587	0.006995	0
JOT_USD	2018-08-01	0.007115	0.007280	0.007429	0.006924	0
JOT_USD	2018-07-31	0.007280	0.008580	0.008726	0.006755	0
JOT_USD	2018-07-30	0.008580	0.008921	0.009091	0.008327	0
JOT_USD	2018-07-29	0.008921	0.009029	0.009276	0.008587	0
JOT_USD	2018-07-28	0.009029	0.009565	0.009977	0.008699	0
JOT_USD	2018-07-27	0.009565	0.009070	0.009854	0.008576	0
JOT_USD	2018-07-26	0.009070	0.008791	0.010184	0.008791	0
JOT_USD	2018-07-25	0.008791	0.009254	0.009334	0.008681	0
JOT_USD	2018-07-24	0.009254	0.008485	0.009529	0.008413	0
JOT_USD	2018-07-23	0.008485	0.008327	0.009298	0.008296	0
JOT_USD	2018-07-22	0.008327	0.008662	0.008781	0.008146	0
JOT_USD	2018-07-21	0.008662	0.008396	0.008729	0.008238	0
JOT_USD	2018-07-20	0.008396	0.008669	0.009248	0.008268	0
JOT_USD	2018-07-19	0.008669	0.008692	0.009038	0.008351	0
JOT_USD	2018-07-18	0.008692	0.008674	0.009491	0.008598	0
JOT_USD	2018-07-17	0.008674	0.008151	0.008918	0.008001	0
JOT_USD	2018-07-16	0.008151	0.007838	0.008282	0.007788	0
JOT_USD	2018-07-15	0.007838	0.007969	0.008333	0.007708	0
JOT_USD	2018-07-14	0.007969	0.008117	0.008211	0.007919	0
JOT_USD	2018-07-13	0.008117	0.008007	0.008199	0.007582	0
JOT_USD	2018-07-12	0.008007	0.008036	0.008393	0.007483	0
JOT_USD	2018-07-11	0.008036	0.007971	0.008717	0.007772	0
JOT_USD	2018-07-10	0.007971	0.008092	0.009191	0.007481	0
JOT_USD	2018-07-09	0.008092	0.009827	0.009827	0.007531	0
JOT_USD	2018-07-08	0.009827	0.009669	0.009828	0.009299	0
JOT_USD	2018-07-07	0.009669	0.010100	0.010113	0.009254	0
JOT_USD	2018-07-06	0.010100	0.010007	0.011738	0.009422	0
JOT_USD	2018-07-05	0.010007	0.009522	0.010479	0.009320	0
JOT_USD	2018-07-04	0.009522	0.009002	0.010091	0.008921	0
JOT_USD	2018-07-03	0.009002	0.009198	0.009404	0.000122	0
JOT_USD	2018-07-02	0.009198	0.008889	0.009369	0.000000	0
JOT_USD	2018-07-01	0.008890	0.008724	0.008978	0.008591	0
JOT_USD	2018-06-30	0.008724	0.007009	0.008996	0.007009	0
JOT_USD	2018-06-29	0.007077	0.008277	0.008391	0.007077	0
JOT_USD	2018-06-28	0.008290	0.008954	0.009086	0.008138	0
JOT_USD	2018-06-27	0.008985	0.008948	0.009303	0.008660	0
JOT_USD	2018-06-26	0.008976	0.009376	0.009550	0.008815	0
JOT_USD	2018-06-25	0.009370	0.009373	0.009599	0.009020	0
JOT_USD	2018-06-24	0.009376	0.009117	0.009593	0.008555	0
JOT_USD	2018-06-23	0.009105	0.009517	0.009755	0.009103	0
JOT_USD	2018-06-22	0.009517	0.011212	0.011213	0.008964	0
JOT_USD	2018-06-21	0.010742	0.011424	0.012516	0.010178	0
JOT_USD	2018-06-20	0.011188	0.011277	0.013512	0.009391	0
JOT_USD	2018-06-19	0.011290	0.011443	0.011486	0.010915	0
JOT_USD	2018-06-18	0.011439	0.011114	0.011709	0.009943	0
JOT_USD	2018-06-17	0.011105	0.011969	0.012085	0.010856	0
JOT_USD	2018-06-16	0.011966	0.012355	0.012445	0.011836	0
JOT_USD	2018-06-15	0.012349	0.010992	0.015661	0.010939	0
JOT_USD	2018-06-14	0.010971	0.010765	0.011351	0.010431	0
JOT_USD	2018-06-13	0.010695	0.010601	0.011631	0.009437	0
JOT_USD	2018-06-12	0.010599	0.010477	0.010717	0.009650	0
JOT_USD	2018-06-11	0.010482	0.009326	0.010552	0.008980	0
JOT_USD	2018-06-10	0.009247	0.010423	0.010431	0.008880	0
JOT_USD	2018-06-09	0.010420	0.010509	0.010728	0.010262	0
JOT_USD	2018-06-08	0.010509	0.010914	0.011101	0.010286	0
JOT_USD	2018-06-07	0.010918	0.011251	0.011451	0.010704	0
JOT_USD	2018-06-06	0.011251	0.010718	0.011312	0.010280	0
JOT_USD	2018-06-05	0.010708	0.010672	0.010740	0.010332	0
JOT_USD	2018-06-04	0.010680	0.010699	0.010744	0.010188	0
JOT_USD	2018-06-03	0.010689	0.010914	0.011236	0.010657	0
JOT_USD	2018-06-02	0.010922	0.011253	0.011481	0.010853	0
JOT_USD	2018-06-01	0.011206	0.011416	0.011464	0.010696	0
JOT_USD	2018-05-31	0.011417	0.011353	0.012055	0.011137	0
JOT_USD	2018-05-30	0.011358	0.011870	0.012016	0.011280	0
JOT_USD	2018-05-29	0.011856	0.011331	0.012031	0.010791	0
JOT_USD	2018-05-28	0.011324	0.012446	0.012594	0.010835	0
JOT_USD	2018-05-27	0.012441	0.012313	0.012642	0.011958	0
JOT_USD	2018-05-26	0.012310	0.012825	0.013484	0.012012	0
JOT_USD	2018-05-25	0.012828	0.013144	0.013650	0.012543	0
JOT_USD	2018-05-24	0.013139	0.012681	0.013724	0.012204	0
JOT_USD	2018-05-23	0.012690	0.014518	0.014596	0.012611	0
JOT_USD	2018-05-22	0.014524	0.015573	0.015591	0.014428	0
JOT_USD	2018-05-21	0.015573	0.015853	0.015984	0.015401	0
JOT_USD	2018-05-20	0.015853	0.015326	0.016424	0.014694	0
JOT_USD	2018-05-19	0.015326	0.016560	0.016627	0.015067	0
JOT_USD	2018-05-18	0.016560	0.014943	0.019261	0.014706	0
JOT_USD	2018-05-17	0.014963	0.015027	0.015966	0.014853	0
JOT_USD	2018-05-16	0.015014	0.017271	0.017989	0.014856	0
JOT_USD	2018-05-15	0.017271	0.015729	0.022075	0.015190	0
JOT_USD	2018-05-14	0.015904	0.016759	0.016760	0.014473	0
JOT_USD	2018-05-13	0.016759	0.014831	0.017357	0.013621	0
JOT_USD	2018-05-12	0.014755	0.015148	0.015286	0.013145	0
JOT_USD	2018-05-11	0.015148	0.016865	0.016883	0.014766	0
JOT_USD	2018-05-10	0.016865	0.016912	0.018182	0.016666	0
JOT_USD	2018-05-09	0.016912	0.019241	0.019268	0.015725	0
JOT_USD	2018-05-08	0.019241	0.019420	0.019700	0.000002	0
JOT_USD	2018-05-07	0.019659	0.025113	0.025113	0.019658	0
JOT_USD	2018-05-06	0.025113	0.023034	0.025162	0.021197	0
JOT_USD	2018-05-05	0.023007	0.023250	0.025888	0.021746	0
JOT_USD	2018-05-04	0.023250	0.020020	0.025351	0.019220	0
JOT_USD	2018-05-03	0.020020	0.021334	0.022579	0.018449	0
JOT_USD	2018-05-02	0.021334	0.020127	0.023020	0.019508	0
JOT_USD	2018-05-01	0.020127	0.021566	0.021591	0.019263	0
JOT_USD	2018-04-30	0.021566	0.021711	0.021924	0.020727	0
JOT_USD	2018-04-29	0.021711	0.020407	0.022125	0.020407	0
JOT_USD	2018-04-28	0.020407	0.020493	0.022112	0.019673	0
JOT_USD	2018-04-27	0.020493	0.022170	0.022295	0.019026	0
JOT_USD	2018-04-26	0.022170	0.021124	0.022198	0.018497	0
JOT_USD	2018-04-25	0.021124	0.023065	0.024927	0.019515	0
JOT_USD	2018-04-24	0.022587	0.017209	0.025740	0.017191	0
JOT_USD	2018-04-23	0.017209	0.016939	0.017644	0.015057	0
JOT_USD	2018-04-22	0.016939	0.014486	0.016969	0.013997	0
JOT_USD	2018-04-21	0.014486	0.012330	0.015803	0.012152	0
JOT_USD	2018-04-20	0.012330	0.012205	0.012872	0.011700	0
JOT_USD	2018-04-19	0.012205	0.011801	0.012411	0.011718	0
JOT_USD	2018-04-18	0.011801	0.011362	0.011935	0.010921	0
JOT_USD	2018-04-17	0.011362	0.011802	0.012367	0.011154	0
JOT_USD	2018-04-16	0.011802	0.011783	0.023523	0.011163	0
JOT_USD	2018-04-15	0.011783	0.010407	0.014356	0.010159	0
JOT_USD	2018-04-14	0.010407	0.010203	0.010757	0.009992	0
JOT_USD	2018-04-13	0.010203	0.010048	0.010609	0.009853	0
JOT_USD	2018-04-12	0.010048	0.009198	0.010442	0.008716	0
JOT_USD	2018-04-11	0.009198	0.007729	0.009246	0.007621	0
JOT_USD	2018-04-10	0.007729	0.007877	0.009409	0.007489	0
JOT_USD	2018-04-09	0.007877	0.008733	0.008915	0.007626	0
JOT_USD	2018-04-08	0.008733	0.010125	0.010283	0.008238	0
JOT_USD	2018-04-07	0.010125	0.009789	0.010592	0.009670	0
JOT_USD	2018-04-06	0.009789	0.010312	0.010419	0.009532	0
JOT_USD	2018-04-05	0.010312	0.009128	0.010657	0.008839	0
JOT_USD	2018-04-04	0.009128	0.009848	0.009853	0.008830	0
JOT_USD	2018-04-03	0.009848	0.009098	0.010120	0.009098	0
JOT_USD	2018-04-02	0.009098	0.008887	0.010018	0.008560	0
JOT_USD	2018-04-01	0.008887	0.008345	0.010197	0.007973	0
JOT_USD	2018-03-31	0.008345	0.008037	0.008895	0.007982	0
JOT_USD	2018-03-30	0.008037	0.008298	0.008711	0.007664	0
JOT_USD	2018-03-29	0.008298	0.009966	0.010444	0.007790	0
JOT_USD	2018-03-28	0.009966	0.011326	0.011739	0.009778	0
JOT_USD	2018-03-27	0.011326	0.010400	0.012738	0.008732	0
JOT_USD	2018-03-26	0.010400	0.010514	0.010992	0.009807	0
JOT_USD	2018-03-25	0.010514	0.011441	0.012096	0.009769	0
JOT_USD	2018-03-24	0.011441	0.012196	0.013009	0.010689	0
JOT_USD	2018-03-23	0.012196	0.012552	0.012552	0.010076	0
JOT_USD	2018-03-22	0.012552	0.012549	0.013253	0.012040	0
JOT_USD	2018-03-21	0.012549	0.012099	0.012580	0.011877	0
JOT_USD	2018-03-20	0.012099	0.011395	0.012273	0.010104	0
JOT_USD	2018-03-19	0.011395	0.013009	0.013158	0.011169	0
JOT_USD	2018-03-18	0.013009	0.011727	0.013037	0.011019	0
JOT_USD	2018-03-17	0.011727	0.011194	0.011773	0.010306	0
JOT_USD	2018-03-16	0.011194	0.013496	0.013637	0.010571	0
JOT_USD	2018-03-15	0.013496	0.013750	0.014035	0.012814	0
JOT_USD	2018-03-14	0.013750	0.015347	0.015713	0.013327	0
JOT_USD	2018-03-13	0.015347	0.015458	0.016011	0.014635	0
JOT_USD	2018-03-12	0.015458	0.017213	0.017551	0.014877	0
JOT_USD	2018-03-11	0.017213	0.013571	0.022821	0.013040	0
JOT_USD	2018-03-10	0.013571	0.015628	0.016622	0.013290	0
JOT_USD	2018-03-09	0.015628	0.015529	0.015826	0.013904	0
JOT_USD	2018-03-08	0.015529	0.016996	0.017279	0.014291	0
JOT_USD	2018-03-07	0.016996	0.019086	0.019398	0.015826	0
JOT_USD	2018-03-06	0.019086	0.020563	0.020563	0.018836	0
JOT_USD	2018-03-05	0.020563	0.020541	0.020936	0.020338	0
JOT_USD	2018-03-04	0.020541	0.021727	0.022211	0.020111	0
JOT_USD	2018-03-03	0.021749	0.021607	0.022633	0.021040	0
JOT_USD	2018-03-02	0.021560	0.022618	0.022987	0.020240	0
