KAT_USD	2019-04-09	0.06460	0.06606	0.06740	0.06307	0
KAT_USD	2019-04-08	0.06624	0.06457	0.06954	0.06445	0
KAT_USD	2019-04-07	0.06465	0.06333	0.06533	0.06211	0
KAT_USD	2019-04-06	0.06320	0.06463	0.06478	0.06131	0
KAT_USD	2019-04-05	0.06465	0.06294	0.06574	0.06240	0
KAT_USD	2019-04-04	0.06272	0.06320	0.06408	0.06078	0
KAT_USD	2019-04-03	0.06313	0.06546	0.07170	0.05906	0
KAT_USD	2019-04-02	0.06293	0.05869	0.06494	0.05682	0
KAT_USD	2019-04-01	0.05872	0.05920	0.05962	0.05751	0
KAT_USD	2019-03-31	0.05920	0.05742	0.06047	0.05636	0
KAT_USD	2019-03-30	0.05748	0.05740	0.05786	0.05633	0
KAT_USD	2019-03-29	0.05740	0.05590	0.05810	0.05551	0
KAT_USD	2019-03-28	0.05590	0.05680	0.05734	0.05479	0
KAT_USD	2019-03-27	0.05680	0.05434	0.05692	0.05380	0
KAT_USD	2019-03-26	0.05433	0.05311	0.05500	0.05206	0
KAT_USD	2019-03-25	0.05304	0.05517	0.05674	0.05237	0
KAT_USD	2019-03-24	0.05525	0.05506	0.05686	0.05506	0
KAT_USD	2019-03-23	0.05506	0.05467	0.05543	0.05423	0
KAT_USD	2019-03-22	0.05472	0.05497	0.05509	0.05370	0
KAT_USD	2019-03-21	0.05497	0.05797	0.05923	0.05243	0
KAT_USD	2019-03-20	0.05801	0.05861	0.06358	0.05577	0
KAT_USD	2019-03-19	0.05868	0.05445	0.07479	0.05388	0
KAT_USD	2019-03-18	0.05445	0.05566	0.05616	0.05304	0
KAT_USD	2019-03-17	0.05568	0.05357	0.05669	0.05276	0
KAT_USD	2019-03-16	0.05351	0.05464	0.05540	0.05285	0
KAT_USD	2019-03-15	0.05448	0.05503	0.05512	0.05234	0
KAT_USD	2019-03-14	0.05504	0.05929	0.05935	0.05378	0
KAT_USD	2019-03-13	0.05855	0.05614	0.05958	0.05359	0
KAT_USD	2019-03-12	0.05619	0.05300	0.06224	0.05060	0
KAT_USD	2019-03-11	0.05303	0.05042	0.05909	0.04778	0
KAT_USD	2019-03-10	0.05043	0.04787	0.05781	0.04737	0
KAT_USD	2019-03-09	0.04784	0.04709	0.04811	0.04587	0
KAT_USD	2019-03-08	0.04709	0.04999	0.05218	0.04640	0
KAT_USD	2019-03-07	0.05015	0.04619	0.05292	0.04619	0
KAT_USD	2019-03-06	0.04619	0.04635	0.04656	0.04514	0
KAT_USD	2019-03-05	0.04633	0.04420	0.04659	0.04392	0
KAT_USD	2019-03-04	0.04416	0.04664	0.04673	0.04315	0
KAT_USD	2019-03-03	0.04663	0.04801	0.04814	0.04635	0
KAT_USD	2019-03-02	0.04801	0.04816	0.04921	0.04651	0
KAT_USD	2019-03-01	0.04884	0.04534	0.04884	0.04516	0
KAT_USD	2019-02-28	0.04536	0.04673	0.04690	0.04491	0
KAT_USD	2019-02-27	0.04671	0.04654	0.04726	0.04524	0
KAT_USD	2019-02-26	0.04657	0.04600	0.04910	0.04456	0
KAT_USD	2019-02-25	0.04604	0.04374	0.04633	0.04347	0
KAT_USD	2019-02-24	0.04375	0.04939	0.05118	0.04371	0
KAT_USD	2019-02-23	0.04890	0.04795	0.04934	0.04686	0
KAT_USD	2019-02-22	0.04803	0.04713	0.04832	0.04690	0
KAT_USD	2019-02-21	0.04784	0.04896	0.05001	0.04588	0
KAT_USD	2019-02-20	0.04903	0.04836	0.04903	0.04767	0
KAT_USD	2019-02-19	0.04840	0.05014	0.05031	0.04696	0
KAT_USD	2019-02-18	0.05014	0.05169	0.05169	0.04762	0
KAT_USD	2019-02-17	0.04920	0.04634	0.05368	0.04513	0
KAT_USD	2019-02-16	0.04640	0.04371	0.04706	0.04309	0
KAT_USD	2019-02-15	0.04353	0.04230	0.04468	0.04221	0
KAT_USD	2019-02-14	0.04217	0.04350	0.04386	0.04182	0
KAT_USD	2019-02-13	0.04353	0.04704	0.04704	0.04312	0
KAT_USD	2019-02-12	0.04444	0.04502	0.04502	0.04341	0
KAT_USD	2019-02-11	0.04502	0.04720	0.04855	0.04448	0
KAT_USD	2019-02-10	0.04719	0.04685	0.04917	0.04442	0
KAT_USD	2019-02-09	0.04683	0.04584	0.04956	0.04468	0
KAT_USD	2019-02-08	0.04555	0.04410	0.04826	0.04327	0
KAT_USD	2019-02-07	0.04414	0.04099	0.05041	0.03924	0
KAT_USD	2019-02-06	0.04080	0.04064	0.04425	0.03778	0
KAT_USD	2019-02-05	0.04060	0.04065	0.04251	0.04005	0
KAT_USD	2019-02-04	0.04065	0.04038	0.04129	0.03941	0
KAT_USD	2019-02-03	0.04038	0.04206	0.04242	0.03980	0
KAT_USD	2019-02-02	0.04201	0.04120	0.04231	0.04090	0
KAT_USD	2019-02-01	0.04123	0.04087	0.04161	0.03955	0
KAT_USD	2019-01-31	0.04084	0.04304	0.04373	0.03984	0
KAT_USD	2019-01-30	0.04304	0.04088	0.04308	0.04035	0
KAT_USD	2019-01-29	0.04151	0.04114	0.04203	0.03945	0
KAT_USD	2019-01-28	0.04107	0.04531	0.04539	0.03947	0
KAT_USD	2019-01-27	0.04534	0.04766	0.04766	0.04464	0
KAT_USD	2019-01-26	0.04768	0.04808	0.05053	0.04744	0
KAT_USD	2019-01-25	0.04808	0.04985	0.04991	0.04672	0
KAT_USD	2019-01-24	0.05013	0.04771	0.05013	0.04712	0
KAT_USD	2019-01-23	0.04769	0.04856	0.04906	0.04696	0
KAT_USD	2019-01-22	0.04851	0.04807	0.04906	0.04635	0
KAT_USD	2019-01-21	0.04809	0.04845	0.04900	0.04672	0
KAT_USD	2019-01-20	0.04830	0.04924	0.05202	0.04618	0
KAT_USD	2019-01-19	0.04926	0.04766	0.04985	0.04671	0
KAT_USD	2019-01-18	0.04767	0.04930	0.04931	0.04630	0
KAT_USD	2019-01-17	0.04863	0.04821	0.04947	0.04619	0
KAT_USD	2019-01-16	0.04813	0.04617	0.05155	0.04303	0
KAT_USD	2019-01-15	0.04389	0.04718	0.04718	0.04293	0
KAT_USD	2019-01-14	0.04467	0.04242	0.04490	0.04199	0
KAT_USD	2019-01-13	0.04283	0.04522	0.04640	0.04171	0
KAT_USD	2019-01-12	0.04522	0.04431	0.04616	0.04373	0
KAT_USD	2019-01-11	0.04437	0.04517	0.04587	0.04372	0
KAT_USD	2019-01-10	0.04517	0.05355	0.05401	0.04492	0
KAT_USD	2019-01-09	0.05361	0.05521	0.05521	0.05287	0
KAT_USD	2019-01-08	0.05395	0.05441	0.05560	0.05282	0
KAT_USD	2019-01-07	0.05478	0.05657	0.05677	0.05348	0
KAT_USD	2019-01-06	0.05663	0.05617	0.10776	0.05347	0
KAT_USD	2019-01-05	0.05619	0.05274	0.06104	0.05274	0
KAT_USD	2019-01-04	0.05281	0.05177	0.05474	0.05066	0
KAT_USD	2019-01-03	0.05185	0.05335	0.05357	0.05071	0
KAT_USD	2019-01-02	0.05332	0.05188	0.05382	0.05068	0
KAT_USD	2019-01-01	0.05171	0.05034	0.05712	0.04638	0
KAT_USD	2018-12-31	0.05035	0.05283	0.05758	0.04906	0
KAT_USD	2018-12-30	0.05272	0.04936	0.05728	0.04784	0
KAT_USD	2018-12-29	0.04925	0.05141	0.05560	0.04925	0
KAT_USD	2018-12-28	0.05141	0.04796	0.05219	0.04608	0
KAT_USD	2018-12-27	0.04761	0.05072	0.05096	0.04754	0
KAT_USD	2018-12-26	0.05089	0.05036	0.05197	0.04766	0
KAT_USD	2018-12-25	0.05028	0.05578	0.05578	0.04901	0
KAT_USD	2018-12-24	0.05583	0.05496	0.06104	0.05399	0
KAT_USD	2018-12-23	0.05510	0.05431	0.05547	0.05117	0
KAT_USD	2018-12-22	0.05419	0.05040	0.05446	0.04898	0
KAT_USD	2018-12-21	0.05034	0.05722	0.05795	0.04720	0
KAT_USD	2018-12-20	0.05481	0.05271	0.05508	0.04854	0
KAT_USD	2018-12-19	0.05224	0.05138	0.05481	0.04897	0
KAT_USD	2018-12-18	0.05127	0.04792	0.05282	0.04553	0
KAT_USD	2018-12-17	0.04941	0.04314	0.05025	0.04223	0
KAT_USD	2018-12-16	0.04321	0.04134	0.04393	0.04122	0
KAT_USD	2018-12-15	0.04137	0.04327	0.04400	0.03947	0
KAT_USD	2018-12-14	0.04321	0.04599	0.04628	0.04300	0
KAT_USD	2018-12-13	0.04596	0.04761	0.04895	0.04572	0
KAT_USD	2018-12-12	0.04764	0.04802	0.05023	0.04630	0
KAT_USD	2018-12-11	0.04836	0.05101	0.05103	0.04626	0
KAT_USD	2018-12-10	0.05106	0.05412	0.05475	0.05009	0
KAT_USD	2018-12-09	0.05345	0.05145	0.05581	0.04994	0
KAT_USD	2018-12-08	0.05145	0.05313	0.05398	0.04916	0
KAT_USD	2018-12-07	0.05311	0.05211	0.05885	0.04829	0
KAT_USD	2018-12-06	0.05218	0.06161	0.06161	0.05147	0
KAT_USD	2018-12-05	0.06151	0.06813	0.06813	0.06149	0
KAT_USD	2018-12-04	0.06825	0.06491	0.06825	0.06143	0
KAT_USD	2018-12-03	0.06545	0.07119	0.07119	0.06250	0
KAT_USD	2018-12-02	0.07117	0.07215	0.07928	0.06697	0
KAT_USD	2018-12-01	0.07118	0.06302	0.08022	0.06302	0
KAT_USD	2018-11-30	0.06354	0.06705	0.07388	0.05702	0
KAT_USD	2018-11-29	0.06541	0.06896	0.06901	0.06261	0
KAT_USD	2018-11-28	0.06907	0.05629	0.07028	0.05597	0
KAT_USD	2018-11-27	0.05660	0.05122	0.05672	0.04846	0
KAT_USD	2018-11-26	0.05122	0.05400	0.05873	0.04813	0
KAT_USD	2018-11-25	0.05420	0.05369	0.05549	0.04622	0
KAT_USD	2018-11-24	0.05367	0.05980	0.06274	0.05033	0
KAT_USD	2018-11-23	0.05960	0.05731	0.06118	0.05087	0
KAT_USD	2018-11-22	0.05723	0.06144	0.06271	0.05712	0
KAT_USD	2018-11-21	0.06150	0.05842	0.06202	0.05520	0
KAT_USD	2018-11-20	0.05841	0.07311	0.07321	0.05180	0
KAT_USD	2018-11-19	0.07071	0.08676	0.08862	0.06944	0
KAT_USD	2018-11-18	0.08676	0.08024	0.08718	0.07938	0
KAT_USD	2018-11-17	0.08024	0.08194	0.08235	0.07783	0
KAT_USD	2018-11-16	0.08194	0.08504	0.09014	0.08011	0
KAT_USD	2018-11-15	0.08478	0.08608	0.08624	0.07156	0
KAT_USD	2018-11-14	0.08556	0.10267	0.10287	0.08122	0
KAT_USD	2018-11-13	0.10266	0.10721	0.10792	0.10153	0
KAT_USD	2018-11-12	0.10489	0.11016	0.11048	0.10124	0
KAT_USD	2018-11-11	0.11037	0.10997	0.11344	0.10761	0
KAT_USD	2018-11-10	0.10997	0.11213	0.11273	0.10783	0
KAT_USD	2018-11-09	0.11206	0.11595	0.12285	0.11037	0
KAT_USD	2018-11-08	0.11595	0.10881	0.11773	0.10748	0
KAT_USD	2018-11-07	0.10881	0.11187	0.11285	0.10831	0
KAT_USD	2018-11-06	0.11209	0.11394	0.11458	0.10763	0
KAT_USD	2018-11-05	0.11504	0.11184	0.11732	0.10980	0
KAT_USD	2018-11-04	0.11190	0.11511	0.11556	0.10942	0
KAT_USD	2018-11-03	0.11511	0.11311	0.11527	0.10996	0
KAT_USD	2018-11-02	0.11311	0.10691	0.11833	0.10691	0
KAT_USD	2018-11-01	0.10691	0.10059	0.10730	0.09988	0
KAT_USD	2018-10-31	0.10065	0.09770	0.10091	0.09514	0
KAT_USD	2018-10-30	0.09755	0.09437	0.09933	0.09311	0
KAT_USD	2018-10-29	0.09472	0.10342	0.10605	0.09184	0
KAT_USD	2018-10-28	0.09969	0.10277	0.10280	0.09785	0
KAT_USD	2018-10-27	0.10277	0.10464	0.10469	0.10062	0
KAT_USD	2018-10-26	0.10463	0.10468	0.10918	0.10195	0
KAT_USD	2018-10-25	0.10468	0.10804	0.10804	0.10131	0
KAT_USD	2018-10-24	0.10804	0.11217	0.11217	0.10511	0
KAT_USD	2018-10-23	0.11220	0.11565	0.11573	0.10983	0
KAT_USD	2018-10-22	0.11565	0.11455	0.11905	0.11355	0
KAT_USD	2018-10-21	0.11463	0.11948	0.12171	0.11209	0
KAT_USD	2018-10-20	0.11894	0.10147	0.12320	0.10139	0
KAT_USD	2018-10-19	0.10146	0.10085	0.10168	0.09510	0
KAT_USD	2018-10-18	0.10085	0.10457	0.10533	0.09902	0
KAT_USD	2018-10-17	0.10456	0.10783	0.10783	0.10275	0
KAT_USD	2018-10-16	0.10711	0.10730	0.10863	0.10279	0
KAT_USD	2018-10-15	0.10699	0.10874	0.11277	0.09994	0
KAT_USD	2018-10-14	0.10865	0.11372	0.11457	0.10641	0
KAT_USD	2018-10-13	0.11122	0.10689	0.11512	0.09571	0
KAT_USD	2018-10-12	0.11187	0.08762	0.13726	0.08715	0
KAT_USD	2018-10-11	0.08051	0.08036	0.14530	0.07362	0
KAT_USD	2018-10-10	0.08009	0.08822	0.08829	0.07819	0
KAT_USD	2018-10-09	0.08832	0.07628	0.09645	0.07628	0
KAT_USD	2018-10-08	0.07621	0.06994	0.07960	0.06948	0
KAT_USD	2018-10-07	0.06990	0.06921	0.07230	0.06853	0
KAT_USD	2018-10-06	0.06921	0.07040	0.07044	0.06880	0
KAT_USD	2018-10-05	0.07040	0.07011	0.07095	0.06859	0
KAT_USD	2018-10-04	0.07004	0.06992	0.07120	0.06951	0
KAT_USD	2018-10-03	0.06988	0.07071	0.07071	0.06806	0
KAT_USD	2018-10-02	0.07081	0.07247	0.07287	0.06916	0
KAT_USD	2018-10-01	0.07258	0.07231	0.07322	0.06997	0
KAT_USD	2018-09-30	0.07231	0.07268	0.07575	0.07143	0
KAT_USD	2018-09-29	0.07288	0.07119	0.07576	0.06999	0
KAT_USD	2018-09-28	0.07109	0.07355	0.07640	0.06964	0
KAT_USD	2018-09-27	0.07368	0.07105	0.07410	0.06966	0
KAT_USD	2018-09-26	0.07105	0.07194	0.07461	0.06982	0
KAT_USD	2018-09-25	0.07178	0.07072	0.08963	0.06921	0
KAT_USD	2018-09-24	0.07089	0.07498	0.07509	0.06993	0
KAT_USD	2018-09-23	0.07500	0.07207	0.07597	0.07150	0
KAT_USD	2018-09-22	0.07208	0.07307	0.09213	0.06993	0
KAT_USD	2018-09-21	0.07311	0.06985	0.07655	0.06777	0
KAT_USD	2018-09-20	0.06985	0.06627	0.07028	0.06594	0
KAT_USD	2018-09-19	0.06628	0.06666	0.06911	0.06310	0
KAT_USD	2018-09-18	0.06676	0.06405	0.07189	0.06199	0
KAT_USD	2018-09-17	0.06405	0.06999	0.07741	0.06235	0
KAT_USD	2018-09-16	0.06999	0.06450	0.07309	0.06251	0
KAT_USD	2018-09-15	0.06435	0.06360	0.06517	0.06262	0
KAT_USD	2018-09-14	0.06367	0.06443	0.06639	0.06186	0
KAT_USD	2018-09-13	0.06450	0.06204	0.06572	0.06138	0
KAT_USD	2018-09-12	0.06210	0.06437	0.06523	0.05937	0
KAT_USD	2018-09-11	0.06435	0.06646	0.06724	0.06361	0
KAT_USD	2018-09-10	0.06646	0.06635	0.06945	0.06555	0
KAT_USD	2018-09-09	0.06639	0.06612	0.06782	0.06418	0
KAT_USD	2018-09-08	0.06578	0.06939	0.07071	0.06523	0
KAT_USD	2018-09-07	0.06920	0.07210	0.07236	0.06785	0
KAT_USD	2018-09-06	0.07198	0.07066	0.07217	0.06564	0
KAT_USD	2018-09-05	0.07029	0.08382	0.08485	0.07010	0
KAT_USD	2018-09-04	0.08367	0.08327	0.08636	0.08186	0
KAT_USD	2018-09-03	0.08342	0.08267	0.08387	0.08116	0
KAT_USD	2018-09-02	0.08264	0.08507	0.08528	0.08189	0
KAT_USD	2018-09-01	0.08507	0.07982	0.08538	0.07982	0
KAT_USD	2018-08-31	0.07982	0.07936	0.08028	0.07694	0
KAT_USD	2018-08-30	0.07949	0.08322	0.08342	0.07733	0
KAT_USD	2018-08-29	0.08332	0.08524	0.08944	0.08182	0
KAT_USD	2018-08-28	0.08501	0.07892	0.09079	0.07867	0
KAT_USD	2018-08-27	0.07883	0.07660	0.07892	0.07488	0
KAT_USD	2018-08-26	0.07671	0.07622	0.07683	0.07410	0
KAT_USD	2018-08-25	0.07622	0.07627	0.07769	0.07465	0
KAT_USD	2018-08-24	0.07625	0.07515	0.07643	0.07332	0
KAT_USD	2018-08-23	0.07519	0.07497	0.07612	0.07126	0
KAT_USD	2018-08-22	0.07550	0.07618	0.08360	0.07235	0
KAT_USD	2018-08-21	0.07616	0.07637	0.07778	0.07484	0
KAT_USD	2018-08-20	0.07647	0.08104	0.08196	0.07623	0
KAT_USD	2018-08-19	0.08165	0.08034	0.08396	0.07667	0
KAT_USD	2018-08-18	0.08049	0.08730	0.08984	0.07572	0
KAT_USD	2018-08-17	0.08740	0.07510	0.08741	0.07495	0
KAT_USD	2018-08-16	0.07517	0.07501	0.07832	0.07334	0
KAT_USD	2018-08-15	0.07509	0.07104	0.08778	0.07099	0
KAT_USD	2018-08-14	0.07101	0.07977	0.07980	0.06377	0
KAT_USD	2018-08-13	0.07784	0.08717	0.09023	0.07763	0
KAT_USD	2018-08-12	0.08716	0.08898	0.09108	0.08240	0
KAT_USD	2018-08-11	0.08884	0.09112	0.09201	0.08230	0
KAT_USD	2018-08-10	0.09114	0.09811	0.09844	0.08943	0
KAT_USD	2018-08-09	0.09813	0.09150	0.10092	0.09072	0
KAT_USD	2018-08-08	0.09150	0.10433	0.10433	0.08871	0
KAT_USD	2018-08-07	0.10332	0.10749	0.11022	0.10214	0
KAT_USD	2018-08-06	0.10747	0.10887	0.11147	0.10396	0
KAT_USD	2018-08-05	0.10897	0.10530	0.11027	0.10284	0
KAT_USD	2018-08-04	0.10526	0.11134	0.11514	0.10227	0
KAT_USD	2018-08-03	0.11132	0.11185	0.11601	0.10396	0
KAT_USD	2018-08-02	0.11212	0.11935	0.12181	0.10762	0
KAT_USD	2018-08-01	0.11947	0.11809	0.12408	0.11039	0
KAT_USD	2018-07-31	0.11800	0.13192	0.13279	0.11501	0
KAT_USD	2018-07-30	0.13184	0.14064	0.14064	0.12597	0
KAT_USD	2018-07-29	0.14068	0.14261	0.14364	0.13504	0
KAT_USD	2018-07-28	0.14220	0.14525	0.14719	0.13919	0
KAT_USD	2018-07-27	0.14430	0.14232	0.16108	0.13816	0
KAT_USD	2018-07-26	0.14096	0.14472	0.16371	0.13791	0
KAT_USD	2018-07-25	0.14507	0.13878	0.15140	0.13497	0
KAT_USD	2018-07-24	0.13915	0.13361	0.14087	0.12604	0
KAT_USD	2018-07-23	0.13329	0.14156	0.14577	0.13263	0
KAT_USD	2018-07-22	0.14166	0.14392	0.14687	0.13941	0
KAT_USD	2018-07-21	0.14370	0.13904	0.14682	0.13615	0
KAT_USD	2018-07-20	0.13906	0.15212	0.15213	0.13689	0
KAT_USD	2018-07-19	0.15242	0.15849	0.16277	0.14653	0
KAT_USD	2018-07-18	0.15830	0.14905	0.18364	0.14905	0
KAT_USD	2018-07-17	0.14900	0.12971	0.16244	0.12956	0
KAT_USD	2018-07-16	0.13018	0.11891	0.13563	0.11891	0
KAT_USD	2018-07-15	0.11881	0.11434	0.12195	0.11310	0
KAT_USD	2018-07-14	0.11434	0.11348	0.11699	0.11302	0
KAT_USD	2018-07-13	0.11348	0.11201	0.11606	0.11170	0
KAT_USD	2018-07-12	0.11195	0.11826	0.11924	0.10925	0
KAT_USD	2018-07-11	0.11834	0.11652	0.12021	0.11366	0
KAT_USD	2018-07-10	0.11647	0.13262	0.13262	0.11525	0
KAT_USD	2018-07-09	0.13267	0.13187	0.13627	0.12742	0
KAT_USD	2018-07-08	0.13195	0.13561	0.13904	0.13052	0
KAT_USD	2018-07-07	0.13557	0.14158	0.14225	0.12567	0
KAT_USD	2018-07-06	0.14157	0.13128	0.15502	0.12112	0
KAT_USD	2018-07-05	0.13146	0.13948	0.14285	0.12792	0
KAT_USD	2018-07-04	0.13836	0.13153	0.14915	0.12608	0
KAT_USD	2018-07-03	0.13107	0.14002	0.14294	0.00183	0
KAT_USD	2018-07-02	0.13996	0.13320	0.14297	0.00000	0
KAT_USD	2018-07-01	0.13322	0.12716	0.13387	0.12231	0
KAT_USD	2018-06-30	0.12710	0.11541	0.12947	0.11541	0
KAT_USD	2018-06-29	0.11619	0.11231	0.11954	0.10658	0
KAT_USD	2018-06-28	0.11249	0.13073	0.13299	0.11179	0
KAT_USD	2018-06-27	0.13094	0.12778	0.13693	0.12747	0
KAT_USD	2018-06-26	0.12819	0.11832	0.16394	0.11799	0
KAT_USD	2018-06-25	0.11825	0.10872	0.12934	0.10615	0
KAT_USD	2018-06-24	0.10876	0.11886	0.11976	0.10240	0
KAT_USD	2018-06-23	0.11889	0.12121	0.12484	0.11657	0
KAT_USD	2018-06-22	0.12094	0.13169	0.13247	0.11547	0
KAT_USD	2018-06-21	0.13168	0.13517	0.13517	0.13137	0
KAT_USD	2018-06-20	0.13521	0.13657	0.13876	0.12831	0
KAT_USD	2018-06-19	0.13672	0.13554	0.13894	0.13347	0
KAT_USD	2018-06-18	0.13549	0.13021	0.13982	0.12692	0
KAT_USD	2018-06-17	0.12998	0.13143	0.13626	0.12968	0
KAT_USD	2018-06-16	0.13140	0.12958	0.13316	0.12796	0
KAT_USD	2018-06-15	0.12959	0.13652	0.13652	0.12886	0
KAT_USD	2018-06-14	0.13510	0.12694	0.13702	0.12385	0
KAT_USD	2018-06-13	0.12429	0.13320	0.13654	0.12194	0
KAT_USD	2018-06-12	0.13392	0.14081	0.14753	0.13099	0
KAT_USD	2018-06-11	0.14088	0.14032	0.14436	0.13078	0
KAT_USD	2018-06-10	0.13969	0.16302	0.16302	0.13476	0
KAT_USD	2018-06-09	0.16297	0.16727	0.16958	0.16243	0
KAT_USD	2018-06-08	0.16727	0.17135	0.17186	0.16555	0
KAT_USD	2018-06-07	0.17143	0.17198	0.17636	0.16936	0
KAT_USD	2018-06-06	0.17198	0.16999	0.17727	0.16797	0
KAT_USD	2018-06-05	0.16985	0.16749	0.17368	0.16284	0
KAT_USD	2018-06-04	0.16762	0.17817	0.18071	0.16578	0
KAT_USD	2018-06-03	0.17755	0.17690	0.18111	0.17254	0
KAT_USD	2018-06-02	0.17705	0.16967	0.17758	0.16805	0
KAT_USD	2018-06-01	0.17024	0.16888	0.17313	0.16599	0
KAT_USD	2018-05-31	0.16890	0.16465	0.17175	0.16364	0
KAT_USD	2018-05-30	0.16465	0.16487	0.17753	0.15871	0
KAT_USD	2018-05-29	0.16468	0.15402	0.16794	0.14876	0
KAT_USD	2018-05-28	0.15392	0.17178	0.19598	0.15392	0
KAT_USD	2018-05-27	0.17178	0.16908	0.17458	0.16512	0
KAT_USD	2018-05-26	0.16901	0.17381	0.17628	0.16811	0
KAT_USD	2018-05-25	0.17384	0.17868	0.18281	0.16543	0
KAT_USD	2018-05-24	0.17849	0.17269	0.18238	0.16515	0
KAT_USD	2018-05-23	0.17406	0.18814	0.18984	0.16586	0
KAT_USD	2018-05-22	0.18821	0.20315	0.20336	0.18821	0
KAT_USD	2018-05-21	0.20317	0.20855	0.21155	0.20002	0
KAT_USD	2018-05-20	0.20856	0.20191	0.21134	0.20053	0
KAT_USD	2018-05-19	0.20213	0.20420	0.20559	0.19809	0
KAT_USD	2018-05-18	0.20412	0.19942	0.20567	0.19660	0
KAT_USD	2018-05-17	0.19943	0.21084	0.21624	0.19806	0
KAT_USD	2018-05-16	0.21074	0.21973	0.22090	0.20277	0
KAT_USD	2018-05-15	0.21961	0.23507	0.24025	0.21680	0
KAT_USD	2018-05-14	0.23509	0.22613	0.24262	0.21443	0
KAT_USD	2018-05-13	0.22729	0.20755	0.22762	0.20295	0
KAT_USD	2018-05-12	0.20729	0.21119	0.21703	0.19336	0
KAT_USD	2018-05-11	0.21069	0.24707	0.24707	0.20171	0
KAT_USD	2018-05-10	0.24743	0.27334	0.27489	0.24664	0
KAT_USD	2018-05-09	0.27498	0.28516	0.28580	0.26023	0
KAT_USD	2018-05-08	0.28527	0.29754	0.29801	0.00003	0
KAT_USD	2018-05-07	0.28854	0.31087	0.31087	0.27994	0
KAT_USD	2018-05-06	0.31039	0.30801	0.31329	0.29025	0
KAT_USD	2018-05-05	0.30816	0.30608	0.31341	0.30110	0
KAT_USD	2018-05-04	0.30598	0.31231	0.31389	0.29544	0
KAT_USD	2018-05-03	0.31320	0.30679	0.32016	0.29648	0
KAT_USD	2018-05-02	0.30398	0.29330	0.30398	0.28696	0
KAT_USD	2018-05-01	0.29311	0.29906	0.31478	0.28086	0
KAT_USD	2018-04-30	0.29736	0.32386	0.32386	0.29484	0
KAT_USD	2018-04-29	0.32017	0.31879	0.34115	0.29165	0
KAT_USD	2018-04-28	0.31895	0.29257	0.32059	0.28913	0
KAT_USD	2018-04-27	0.29252	0.30453	0.30787	0.28598	0
KAT_USD	2018-04-26	0.29892	0.27385	0.30082	0.26204	0
KAT_USD	2018-04-25	0.27436	0.31756	0.32738	0.25867	0
KAT_USD	2018-04-24	0.31765	0.29869	0.32233	0.29698	0
KAT_USD	2018-04-23	0.29819	0.29701	0.30096	0.28943	0
KAT_USD	2018-04-22	0.29272	0.29315	0.29983	0.28365	0
KAT_USD	2018-04-21	0.29270	0.31168	0.31885	0.27631	0
KAT_USD	2018-04-20	0.31129	0.29253	0.31217	0.27572	0
KAT_USD	2018-04-19	0.29313	0.28700	0.29459	0.27097	0
KAT_USD	2018-04-18	0.28658	0.25213	0.29463	0.24604	0
KAT_USD	2018-04-17	0.25193	0.23044	0.30739	0.22939	0
KAT_USD	2018-04-16	0.23330	0.23823	0.24542	0.21839	0
KAT_USD	2018-04-15	0.23816	0.22273	0.23816	0.22002	0
KAT_USD	2018-04-14	0.22162	0.21479	0.23538	0.21342	0
KAT_USD	2018-04-13	0.21439	0.23077	0.25025	0.21106	0
KAT_USD	2018-04-12	0.22104	0.18424	0.23835	0.17930	0
KAT_USD	2018-04-11	0.18425	0.17805	0.18590	0.17543	0
KAT_USD	2018-04-10	0.17782	0.17582	0.18087	0.16819	0
KAT_USD	2018-04-09	0.17545	0.18354	0.19061	0.16748	0
KAT_USD	2018-04-08	0.18322	0.17487	0.18591	0.17047	0
KAT_USD	2018-04-07	0.17480	0.17092	0.17834	0.16825	0
KAT_USD	2018-04-06	0.17088	0.18945	0.19194	0.16209	0
KAT_USD	2018-04-05	0.19018	0.22691	0.22691	0.17009	0
KAT_USD	2018-04-04	0.22699	0.21563	0.24604	0.20101	0
KAT_USD	2018-04-03	0.21391	0.18136	0.29037	0.15805	0
KAT_USD	2018-04-02	0.18189	0.13736	0.24733	0.13644	0
KAT_USD	2018-04-01	0.13716	0.14273	0.15100	0.13039	0
KAT_USD	2018-03-31	0.14300	0.14522	0.15082	0.14166	0
KAT_USD	2018-03-30	0.14537	0.14898	0.15136	0.13426	0
KAT_USD	2018-03-29	0.14811	0.16894	0.17013	0.14322	0
KAT_USD	2018-03-28	0.16898	0.16463	0.18197	0.16124	0
KAT_USD	2018-03-27	0.16489	0.17859	0.18099	0.15814	0
KAT_USD	2018-03-26	0.17810	0.18946	0.20152	0.16739	0
KAT_USD	2018-03-25	0.18940	0.18606	0.20256	0.18138	0
KAT_USD	2018-03-24	0.18519	0.19096	0.20015	0.18155	0
KAT_USD	2018-03-23	0.19051	0.20817	0.20817	0.18282	0
KAT_USD	2018-03-22	0.20868	0.20652	0.22522	0.18997	0
KAT_USD	2018-03-21	0.20652	0.21467	0.22522	0.20221	0
KAT_USD	2018-03-20	0.21476	0.20427	0.23188	0.19365	0
KAT_USD	2018-03-19	0.20438	0.18488	0.22163	0.17996	0
KAT_USD	2018-03-18	0.18475	0.18992	0.19018	0.14074	0
KAT_USD	2018-03-17	0.19033	0.22591	0.22696	0.18662	0
KAT_USD	2018-03-16	0.22723	0.23722	0.24202	0.21601	0
KAT_USD	2018-03-15	0.23694	0.27389	0.27463	0.21438	0
KAT_USD	2018-03-14	0.26956	0.28169	0.34698	0.22419	0
KAT_USD	2018-03-13	0.28442	0.24120	0.29051	0.24102	0
KAT_USD	2018-03-12	0.24104	0.24626	0.26702	0.23203	0
KAT_USD	2018-03-11	0.24646	0.23512	0.25060	0.22250	0
KAT_USD	2018-03-10	0.23527	0.24304	0.26332	0.23466	0
KAT_USD	2018-03-09	0.24299	0.25481	0.26015	0.21699	0
KAT_USD	2018-03-08	0.25479	0.27574	0.29164	0.25479	0
KAT_USD	2018-03-07	0.27533	0.31997	0.32506	0.26493	0
KAT_USD	2018-03-06	0.32141	0.34375	0.34375	0.31265	0
KAT_USD	2018-03-05	0.34698	0.34904	0.35688	0.33803	0
KAT_USD	2018-03-04	0.34918	0.35289	0.35304	0.33115	0
KAT_USD	2018-03-03	0.34811	0.32692	0.37533	0.32389	0
KAT_USD	2018-03-02	0.32725	0.34913	0.35220	0.31927	0
KAT_USD	2018-03-01	0.34877	0.33093	0.35797	0.30732	0
