KAYI_USD	2019-01-27	0.001213	0.001213	0.001213	0.001213	0
KAYI_USD	2019-01-26	0.001213	0.001213	0.001213	0.001213	0
KAYI_USD	2019-01-25	0.001213	0.001213	0.001213	0.001213	0
KAYI_USD	2019-01-24	0.001213	0.001213	0.001213	0.001213	0
KAYI_USD	2019-01-23	0.001213	0.001213	0.001213	0.001213	0
KAYI_USD	2019-01-22	0.001213	0.001213	0.001213	0.001213	0
KAYI_USD	2019-01-21	0.001213	0.001213	0.001213	0.001213	0
KAYI_USD	2019-01-20	0.001213	0.001213	0.001213	0.001213	0
KAYI_USD	2019-01-19	0.001213	0.001213	0.001213	0.001213	0
KAYI_USD	2019-01-18	0.001213	0.001213	0.001213	0.001213	0
KAYI_USD	2019-01-17	0.001213	0.001213	0.001213	0.001213	0
KAYI_USD	2019-01-16	0.001213	0.001213	0.001213	0.001213	0
KAYI_USD	2019-01-15	0.001213	0.001213	0.001213	0.001213	0
KAYI_USD	2019-01-14	0.001213	0.001203	0.001216	0.001199	0
KAYI_USD	2019-01-13	0.001203	0.001240	0.001246	0.001197	0
KAYI_USD	2019-01-12	0.001240	0.001244	0.001251	0.001230	0
KAYI_USD	2019-01-11	0.001244	0.001244	0.001262	0.001228	0
KAYI_USD	2019-01-10	0.001244	0.001368	0.001386	0.001235	0
KAYI_USD	2019-01-09	0.001368	0.001373	0.001394	0.001352	0
KAYI_USD	2019-01-08	0.001373	0.001378	0.001410	0.001360	0
KAYI_USD	2019-01-07	0.001378	0.001397	0.001406	0.001366	0
KAYI_USD	2019-01-06	0.001397	0.001310	0.002621	0.001303	0
KAYI_USD	2019-01-05	0.001310	0.001326	0.001345	0.001308	0
KAYI_USD	2019-01-04	0.001326	0.001313	0.001335	0.001293	0
KAYI_USD	2019-01-03	0.001313	0.001357	0.001358	0.001308	0
KAYI_USD	2019-01-02	0.001357	0.001326	0.001364	0.001313	0
KAYI_USD	2019-01-01	0.001326	0.001283	0.001334	0.001269	0
KAYI_USD	2018-12-31	0.001283	0.001331	0.001334	0.001267	0
KAYI_USD	2018-12-30	0.001331	0.001301	0.001336	0.001288	0
KAYI_USD	2018-12-29	0.001301	0.001352	0.001369	0.001296	0
KAYI_USD	2018-12-28	0.001352	0.001244	0.001368	0.001238	0
KAYI_USD	2018-12-27	0.001244	0.001317	0.001327	0.001235	0
KAYI_USD	2018-12-26	0.001317	0.001308	0.001337	0.001277	0
KAYI_USD	2018-12-25	0.001308	0.001389	0.001391	0.001280	0
KAYI_USD	2018-12-24	0.001389	0.001364	0.001469	0.001364	0
KAYI_USD	2018-12-23	0.001364	0.001382	0.001410	0.001353	0
KAYI_USD	2018-12-22	0.001382	0.001331	0.001389	0.001313	0
KAYI_USD	2018-12-21	0.001331	0.001411	0.001437	0.001308	0
KAYI_USD	2018-12-20	0.001412	0.001276	0.001439	0.001267	0
KAYI_USD	2018-12-19	0.001276	0.001266	0.001353	0.001260	0
KAYI_USD	2018-12-18	0.001266	0.001214	0.001272	0.001189	0
KAYI_USD	2018-12-17	0.001214	0.001105	0.001241	0.001100	0
KAYI_USD	2018-12-16	0.001105	0.001101	0.001131	0.001098	0
KAYI_USD	2018-12-15	0.001101	0.001099	0.001112	0.001078	0
KAYI_USD	2018-12-14	0.001099	0.001123	0.001134	0.001081	0
KAYI_USD	2018-12-13	0.001123	0.001185	0.001187	0.001115	0
KAYI_USD	2018-12-12	0.001185	0.001146	0.001208	0.001144	0
KAYI_USD	2018-12-11	0.001156	0.001181	0.001189	0.001138	0
KAYI_USD	2018-12-10	0.001181	0.001221	0.001239	0.001164	0
KAYI_USD	2018-12-09	0.001221	0.001175	0.001265	0.001162	0
KAYI_USD	2018-12-08	0.001175	0.001159	0.001225	0.001111	0
KAYI_USD	2018-12-07	0.001159	0.001186	0.001206	0.001100	0
KAYI_USD	2018-12-06	0.001186	0.001262	0.001312	0.001178	0
KAYI_USD	2018-12-05	0.001262	0.001334	0.001339	0.001257	0
KAYI_USD	2018-12-04	0.001334	0.001307	0.001385	0.001276	0
KAYI_USD	2018-12-03	0.001307	0.001393	0.001400	0.001286	0
KAYI_USD	2018-12-02	0.001393	0.001421	0.001458	0.001383	0
KAYI_USD	2018-12-01	0.001421	0.001353	0.001453	0.001333	0
KAYI_USD	2018-11-30	0.001353	0.001444	0.001460	0.001329	0
KAYI_USD	2018-11-29	0.001444	0.001443	0.001497	0.001401	0
KAYI_USD	2018-11-28	0.001443	0.001301	0.001484	0.001301	0
KAYI_USD	2018-11-27	0.001301	0.001292	0.001321	0.001244	0
KAYI_USD	2018-11-26	0.001292	0.001375	0.001405	0.001245	0
KAYI_USD	2018-11-25	0.001375	0.001317	0.001407	0.001227	0
KAYI_USD	2018-11-24	0.001317	0.001482	0.001513	0.001285	0
KAYI_USD	2018-11-23	0.001482	0.001471	0.001501	0.001424	0
KAYI_USD	2018-11-22	0.001471	0.001565	0.001580	0.001471	0
KAYI_USD	2018-11-21	0.001565	0.001537	0.001599	0.001484	0
KAYI_USD	2018-11-20	0.001537	0.001654	0.001690	0.001447	0
KAYI_USD	2018-11-19	0.001654	0.001896	0.001896	0.001638	0
KAYI_USD	2018-11-18	0.001896	0.001885	0.001913	0.001883	0
KAYI_USD	2018-11-17	0.001885	0.001896	0.001896	0.001867	0
KAYI_USD	2018-11-16	0.001896	0.001927	0.001929	0.001861	0
KAYI_USD	2018-11-15	0.001927	0.001971	0.001986	0.001823	0
KAYI_USD	2018-11-14	0.001971	0.002166	0.002172	0.001911	0
KAYI_USD	2018-11-13	0.002166	0.002160	0.002177	0.002145	0
KAYI_USD	2018-11-12	0.002160	0.002164	0.002171	0.002150	0
KAYI_USD	2018-11-11	0.002164	0.002154	0.002164	0.002132	0
KAYI_USD	2018-11-10	0.002154	0.002151	0.002165	0.002149	0
KAYI_USD	2018-11-09	0.002151	0.002171	0.002178	0.002142	0
KAYI_USD	2018-11-08	0.002171	0.002202	0.002206	0.002170	0
KAYI_USD	2018-11-07	0.002202	0.002183	0.002213	0.002182	0
KAYI_USD	2018-11-06	0.002183	0.002168	0.002183	0.002160	0
KAYI_USD	2018-11-05	0.002168	0.002173	0.002176	0.002157	0
KAYI_USD	2018-11-04	0.002173	0.002140	0.002181	0.002131	0
KAYI_USD	2018-11-03	0.002140	0.002153	0.002155	0.002121	0
KAYI_USD	2018-11-02	0.002153	0.002144	0.002162	0.002141	0
KAYI_USD	2018-11-01	0.002144	0.002133	0.002152	0.002128	0
KAYI_USD	2018-10-31	0.002133	0.002121	0.002143	0.002094	0
KAYI_USD	2018-10-30	0.002121	0.002125	0.002137	0.002115	0
KAYI_USD	2018-10-29	0.002125	0.002174	0.002178	0.002117	0
KAYI_USD	2018-10-28	0.002174	0.002178	0.002181	0.002163	0
KAYI_USD	2018-10-27	0.002178	0.002188	0.002196	0.002171	0
KAYI_USD	2018-10-26	0.002188	0.002187	0.002207	0.002182	0
KAYI_USD	2018-10-25	0.002187	0.002196	0.002199	0.002180	0
KAYI_USD	2018-10-24	0.002196	0.002194	0.002219	0.002192	0
KAYI_USD	2018-10-23	0.002194	0.002200	0.002206	0.002188	0
KAYI_USD	2018-10-22	0.002200	0.002207	0.002220	0.002194	0
KAYI_USD	2018-10-21	0.002207	0.002206	0.002229	0.002206	0
KAYI_USD	2018-10-20	0.002206	0.002187	0.002214	0.002181	0
KAYI_USD	2018-10-19	0.002187	0.002215	0.002221	0.002184	0
KAYI_USD	2018-10-18	0.002215	0.002256	0.002271	0.002200	0
KAYI_USD	2018-10-17	0.002256	0.002264	0.002275	0.002238	0
KAYI_USD	2018-10-16	0.002264	0.002259	0.002309	0.002238	0
KAYI_USD	2018-10-15	0.002259	0.002122	0.002518	0.002110	0
KAYI_USD	2018-10-14	0.002122	0.002119	0.002144	0.002117	0
KAYI_USD	2018-10-13	0.002119	0.002110	0.002121	0.002107	0
KAYI_USD	2018-10-12	0.002110	0.002096	0.002127	0.002085	0
KAYI_USD	2018-10-11	0.002096	0.002221	0.002221	0.002087	0
KAYI_USD	2018-10-10	0.002221	0.002232	0.002232	0.002187	0
KAYI_USD	2018-10-09	0.002232	0.002236	0.002238	0.002214	0
KAYI_USD	2018-10-08	0.002236	0.002211	0.002251	0.002206	0
KAYI_USD	2018-10-07	0.002211	0.002208	0.002222	0.002189	0
KAYI_USD	2018-10-06	0.002208	0.002226	0.002227	0.002199	0
KAYI_USD	2018-10-05	0.002226	0.002204	0.002233	0.002194	0
KAYI_USD	2018-10-04	0.002204	0.002179	0.002222	0.002177	0
KAYI_USD	2018-10-03	0.002179	0.002190	0.002195	0.002154	0
KAYI_USD	2018-10-02	0.002190	0.002211	0.002222	0.002182	0
KAYI_USD	2018-10-01	0.002211	0.002217	0.002231	0.002185	0
KAYI_USD	2018-09-30	0.002217	0.002213	0.002230	0.002188	0
KAYI_USD	2018-09-29	0.002213	0.002223	0.002223	0.002166	0
KAYI_USD	2018-09-28	0.002223	0.002241	0.002286	0.002193	0
KAYI_USD	2018-09-27	0.002241	0.002165	0.002254	0.002158	0
KAYI_USD	2018-09-26	0.002165	0.002156	0.002195	0.002139	0
KAYI_USD	2018-09-25	0.002156	0.002206	0.002206	0.002128	0
KAYI_USD	2018-09-24	0.002206	0.002248	0.002252	0.002196	0
KAYI_USD	2018-09-23	0.002248	0.002253	0.002272	0.002233	0
KAYI_USD	2018-09-22	0.002253	0.002269	0.002292	0.002226	0
KAYI_USD	2018-09-21	0.002269	0.002178	0.002271	0.002176	0
KAYI_USD	2018-09-20	0.002178	0.002141	0.002186	0.002130	0
KAYI_USD	2018-09-19	0.002141	0.002125	0.002167	0.002048	0
KAYI_USD	2018-09-18	0.002125	0.002095	0.002138	0.002087	0
KAYI_USD	2018-09-17	0.002095	0.002177	0.002188	0.002081	0
KAYI_USD	2018-09-16	0.002177	0.002184	0.002184	0.002137	0
KAYI_USD	2018-09-15	0.002184	0.002173	0.002201	0.002169	0
KAYI_USD	2018-09-14	0.002173	0.002169	0.002206	0.002135	0
KAYI_USD	2018-09-13	0.002169	0.002123	0.002185	0.002122	0
KAYI_USD	2018-09-12	0.002123	0.002107	0.002127	0.002078	0
KAYI_USD	2018-09-11	0.002107	0.002113	0.002139	0.002070	0
KAYI_USD	2018-09-10	0.002113	0.002090	0.002126	0.002090	0
KAYI_USD	2018-09-09	0.002090	0.002072	0.002150	0.002062	0
KAYI_USD	2018-09-08	0.002072	0.002145	0.002169	0.002057	0
KAYI_USD	2018-09-07	0.002145	0.002182	0.002189	0.002119	0
KAYI_USD	2018-09-06	0.002182	0.002246	0.002251	0.002114	0
KAYI_USD	2018-09-05	0.002246	0.002465	0.002477	0.002245	0
KAYI_USD	2018-09-04	0.002465	0.002435	0.002482	0.002427	0
KAYI_USD	2018-09-03	0.002435	0.002442	0.002458	0.002412	0
KAYI_USD	2018-09-02	0.002442	0.002411	0.002461	0.002391	0
KAYI_USD	2018-09-01	0.002411	0.002354	0.002432	0.002352	0
KAYI_USD	2018-08-31	0.002354	0.002343	0.002373	0.002310	0
KAYI_USD	2018-08-30	0.002343	0.002361	0.002365	0.002280	0
KAYI_USD	2018-08-29	0.002361	0.002371	0.002388	0.002321	0
KAYI_USD	2018-08-28	0.002371	0.002313	0.002388	0.002302	0
KAYI_USD	2018-08-27	0.002313	0.002247	0.002315	0.002231	0
KAYI_USD	2018-08-26	0.002247	0.002258	0.002272	0.002205	0
KAYI_USD	2018-08-25	0.002258	0.002243	0.002275	0.002234	0
KAYI_USD	2018-08-24	0.002243	0.002187	0.002253	0.002165	0
KAYI_USD	2018-08-23	0.002187	0.002129	0.002200	0.002127	0
KAYI_USD	2018-08-22	0.002129	0.002170	0.002300	0.002095	0
KAYI_USD	2018-08-21	0.002170	0.002095	0.002177	0.002094	0
KAYI_USD	2018-08-20	0.002095	0.002173	0.002184	0.002087	0
KAYI_USD	2018-08-19	0.002173	0.002141	0.002191	0.002114	0
KAYI_USD	2018-08-18	0.002141	0.002207	0.002214	0.002112	0
KAYI_USD	2018-08-17	0.002207	0.002114	0.002207	0.002108	0
KAYI_USD	2018-08-16	0.002114	0.002101	0.002168	0.002086	0
KAYI_USD	2018-08-15	0.002101	0.002072	0.002215	0.002071	0
KAYI_USD	2018-08-14	0.002072	0.002094	0.002094	0.001972	0
KAYI_USD	2018-08-13	0.002094	0.002115	0.002190	0.002064	0
KAYI_USD	2018-08-12	0.002115	0.002085	0.002161	0.002068	0
KAYI_USD	2018-08-11	0.002085	0.002058	0.002163	0.002013	0
KAYI_USD	2018-08-10	0.002058	0.002187	0.002202	0.002016	0
KAYI_USD	2018-08-09	0.002187	0.002103	0.002218	0.002073	0
KAYI_USD	2018-08-08	0.002103	0.002251	0.002251	0.002054	0
KAYI_USD	2018-08-07	0.002250	0.002324	0.002395	0.002238	0
KAYI_USD	2018-08-06	0.002324	0.002356	0.002394	0.002295	0
KAYI_USD	2018-08-05	0.002356	0.002347	0.002375	0.002308	0
KAYI_USD	2018-08-04	0.002347	0.002484	0.002509	0.002322	0
KAYI_USD	2018-08-03	0.002484	0.002524	0.002524	0.002440	0
KAYI_USD	2018-08-02	0.002524	0.002549	0.002580	0.002500	0
KAYI_USD	2018-08-01	0.002549	0.002595	0.002598	0.002494	0
KAYI_USD	2018-07-31	0.002595	0.002737	0.002739	0.002569	0
KAYI_USD	2018-07-30	0.002737	0.002754	0.002773	0.002635	0
KAYI_USD	2018-07-29	0.002754	0.002740	0.002772	0.002721	0
KAYI_USD	2018-07-27	0.002762	0.002762	0.002762	0.002762	0
KAYI_USD	2018-07-26	0.002762	0.002740	0.002782	0.002739	0
KAYI_USD	2018-07-25	0.002740	0.002818	0.002843	0.002705	0
KAYI_USD	2018-07-24	0.002818	0.002584	0.002838	0.002577	0
KAYI_USD	2018-07-23	0.002584	0.002479	0.002606	0.002470	0
KAYI_USD	2018-07-22	0.002479	0.002480	0.002534	0.002461	0
KAYI_USD	2018-07-21	0.002480	0.002456	0.002495	0.002419	0
KAYI_USD	2018-07-20	0.002456	0.002504	0.002573	0.002439	0
KAYI_USD	2018-07-19	0.002504	0.002468	0.002531	0.002441	0
KAYI_USD	2018-07-18	0.002468	0.002452	0.002539	0.002429	0
KAYI_USD	2018-07-17	0.002452	0.002257	0.002500	0.002234	0
KAYI_USD	2018-07-16	0.002257	0.002126	0.002261	0.002121	0
KAYI_USD	2018-07-15	0.002126	0.002094	0.002140	0.002088	0
KAYI_USD	2018-07-14	0.002094	0.002084	0.002111	0.002070	0
KAYI_USD	2018-07-13	0.002084	0.002087	0.002120	0.002058	0
KAYI_USD	2018-07-12	0.002087	0.002137	0.002137	0.002037	0
KAYI_USD	2018-07-11	0.002137	0.002111	0.002142	0.002107	0
KAYI_USD	2018-07-10	0.002111	0.002231	0.002238	0.002104	0
KAYI_USD	2018-07-09	0.002231	0.002247	0.002277	0.002223	0
KAYI_USD	2018-07-08	0.002247	0.002265	0.002275	0.002238	0
KAYI_USD	2018-07-07	0.002265	0.002211	0.002287	0.002182	0
KAYI_USD	2018-07-06	0.002211	0.002191	0.002221	0.002162	0
KAYI_USD	2018-07-05	0.002191	0.002208	0.002244	0.002164	0
KAYI_USD	2018-07-04	0.002208	0.002177	0.002249	0.002150	0
KAYI_USD	2018-07-03	0.002177	0.002217	0.002234	0.000029	0
KAYI_USD	2018-07-02	0.002217	0.002127	0.002236	0.000000	0
KAYI_USD	2018-07-01	0.002127	0.002141	0.002155	0.002101	0
KAYI_USD	2018-06-30	0.002141	0.002078	0.002183	0.002078	0
KAYI_USD	2018-06-29	0.002080	0.001960	0.002101	0.001943	0
KAYI_USD	2018-06-28	0.001963	0.002055	0.002065	0.001953	0
KAYI_USD	2018-06-27	0.002055	0.002032	0.002070	0.002006	0
KAYI_USD	2018-06-26	0.002039	0.002094	0.002102	0.002028	0
KAYI_USD	2018-06-25	0.002093	0.002059	0.002116	0.002037	0
KAYI_USD	2018-06-24	0.002060	0.002064	0.002090	0.001934	0
KAYI_USD	2018-06-23	0.002061	0.002024	0.002093	0.002015	0
KAYI_USD	2018-06-22	0.002024	0.002249	0.002255	0.001989	0
KAYI_USD	2018-06-21	0.002249	0.002265	0.002273	0.002241	0
KAYI_USD	2018-06-20	0.002265	0.002255	0.002282	0.002198	0
KAYI_USD	2018-06-19	0.002258	0.002248	0.002287	0.002234	0
KAYI_USD	2018-06-18	0.002248	0.002158	0.002273	0.002140	0
KAYI_USD	2018-06-17	0.002157	0.002173	0.002201	0.002153	0
KAYI_USD	2018-06-16	0.002173	0.002139	0.002194	0.002121	0
KAYI_USD	2018-06-15	0.002138	0.002225	0.002225	0.002131	0
KAYI_USD	2018-06-14	0.002221	0.002109	0.002244	0.002101	0
KAYI_USD	2018-06-13	0.002108	0.002192	0.002213	0.002053	0
KAYI_USD	2018-06-12	0.002192	0.002302	0.002302	0.002158	0
KAYI_USD	2018-06-11	0.002303	0.002264	0.002310	0.002224	0
KAYI_USD	2018-06-10	0.002261	0.002512	0.002512	0.002225	0
KAYI_USD	2018-06-09	0.002511	0.002551	0.002574	0.002503	0
KAYI_USD	2018-06-08	0.002551	0.002575	0.002578	0.002527	0
KAYI_USD	2018-06-07	0.002576	0.002564	0.002598	0.002561	0
KAYI_USD	2018-06-06	0.002564	0.002555	0.002578	0.002511	0
KAYI_USD	2018-06-05	0.002553	0.002509	0.002570	0.002470	0
KAYI_USD	2018-06-04	0.002511	0.002588	0.002599	0.002498	0
KAYI_USD	2018-06-03	0.002586	0.002557	0.002605	0.002546	0
KAYI_USD	2018-06-02	0.002559	0.002522	0.002576	0.002497	0
KAYI_USD	2018-06-01	0.002520	0.002508	0.002546	0.002463	0
KAYI_USD	2018-05-31	0.002508	0.002470	0.002546	0.002458	0
KAYI_USD	2018-05-30	0.002471	0.002501	0.002532	0.002439	0
KAYI_USD	2018-05-29	0.002498	0.002380	0.002519	0.002361	0
KAYI_USD	2018-05-28	0.002378	0.002460	0.002489	0.002368	0
KAYI_USD	2018-05-27	0.002459	0.002455	0.002475	0.002419	0
KAYI_USD	2018-05-26	0.002455	0.002498	0.002551	0.002442	0
KAYI_USD	2018-05-25	0.002498	0.002538	0.002562	0.002456	0
KAYI_USD	2018-05-24	0.002537	0.002514	0.002585	0.002434	0
KAYI_USD	2018-05-23	0.002516	0.002672	0.002687	0.002495	0
KAYI_USD	2018-05-22	0.002673	0.002812	0.002816	0.002663	0
KAYI_USD	2018-05-21	0.002812	0.002855	0.002863	0.002802	0
KAYI_USD	2018-05-20	0.002855	0.002760	0.002875	0.002737	0
KAYI_USD	2018-05-19	0.002758	0.002760	0.002811	0.002728	0
KAYI_USD	2018-05-18	0.002760	0.002699	0.002772	0.002656	0
KAYI_USD	2018-05-17	0.002702	0.002797	0.002835	0.002678	0
KAYI_USD	2018-05-16	0.002794	0.002836	0.002844	0.002715	0
KAYI_USD	2018-05-15	0.002836	0.002903	0.002957	0.002823	0
KAYI_USD	2018-05-14	0.002903	0.002909	0.002974	0.002773	0
KAYI_USD	2018-05-13	0.002909	0.002839	0.002932	0.002790	0
KAYI_USD	2018-05-12	0.002833	0.002811	0.002890	0.002749	0
KAYI_USD	2018-05-11	0.002811	0.003021	0.003021	0.002796	0
KAYI_USD	2018-05-10	0.003021	0.003122	0.003146	0.003016	0
KAYI_USD	2018-05-09	0.003122	0.003077	0.003139	0.003008	0
KAYI_USD	2018-05-08	0.003079	0.003135	0.003146	0.000000	0
KAYI_USD	2018-05-07	0.003159	0.003236	0.003241	0.003082	0
KAYI_USD	2018-05-06	0.003236	0.003305	0.003338	0.003167	0
KAYI_USD	2018-05-05	0.003301	0.003252	0.003345	0.003245	0
KAYI_USD	2018-05-04	0.003252	0.003271	0.003287	0.003203	0
KAYI_USD	2018-05-03	0.003271	0.003094	0.003295	0.003073	0
KAYI_USD	2018-05-02	0.003094	0.003037	0.003105	0.003008	0
KAYI_USD	2018-05-01	0.003040	0.003094	0.003095	0.002960	0
KAYI_USD	2018-04-30	0.003094	0.003149	0.003166	0.003054	0
KAYI_USD	2018-04-29	0.003149	0.003129	0.003203	0.003077	0
KAYI_USD	2018-04-28	0.003129	0.002991	0.003160	0.002972	0
KAYI_USD	2018-04-27	0.002991	0.003114	0.003143	0.002983	0
KAYI_USD	2018-04-26	0.003114	0.002973	0.003118	0.002903	0
KAYI_USD	2018-04-25	0.002973	0.003233	0.003268	0.002943	0
KAYI_USD	2018-04-24	0.003240	0.002995	0.003262	0.002992	0
KAYI_USD	2018-04-23	0.002995	0.002948	0.003017	0.002939	0
KAYI_USD	2018-04-22	0.002948	0.002986	0.003024	0.002932	0
KAYI_USD	2018-04-21	0.002986	0.002972	0.003025	0.002887	0
KAYI_USD	2018-04-20	0.002972	0.002772	0.002992	0.002755	0
KAYI_USD	2018-04-19	0.002772	0.002736	0.002779	0.002717	0
KAYI_USD	2018-04-18	0.002736	0.002643	0.002755	0.002638	0
KAYI_USD	2018-04-17	0.002643	0.002699	0.002735	0.002622	0
KAYI_USD	2018-04-16	0.002699	0.002800	0.002816	0.002647	0
KAYI_USD	2018-04-15	0.002800	0.002682	0.002821	0.002681	0
KAYI_USD	2018-04-14	0.002682	0.002639	0.002741	0.002620	0
KAYI_USD	2018-04-13	0.002639	0.002651	0.002755	0.002599	0
KAYI_USD	2018-04-12	0.002651	0.002326	0.002701	0.002265	0
KAYI_USD	2018-04-11	0.002326	0.002291	0.002336	0.002276	0
KAYI_USD	2018-04-10	0.002291	0.002265	0.002308	0.002229	0
KAYI_USD	2018-04-09	0.002264	0.002350	0.002406	0.002215	0
KAYI_USD	2018-04-08	0.002350	0.002307	0.002381	0.002306	0
KAYI_USD	2018-04-07	0.002307	0.002216	0.002366	0.002211	0
KAYI_USD	2018-04-06	0.002216	0.002265	0.002293	0.002180	0
KAYI_USD	2018-04-05	0.002265	0.002273	0.002314	0.002202	0
KAYI_USD	2018-04-04	0.002273	0.002481	0.002485	0.002243	0
KAYI_USD	2018-04-03	0.002481	0.002363	0.002515	0.002352	0
KAYI_USD	2018-04-02	0.002363	0.002281	0.002384	0.002269	0
KAYI_USD	2018-04-01	0.002281	0.002320	0.002355	0.002156	0
KAYI_USD	2018-03-31	0.002320	0.002292	0.002419	0.002276	0
KAYI_USD	2018-03-30	0.002292	0.002376	0.002431	0.002204	0
KAYI_USD	2018-03-29	0.002376	0.002660	0.002667	0.002309	0
KAYI_USD	2018-03-28	0.002660	0.002608	0.002715	0.002589	0
KAYI_USD	2018-03-27	0.002608	0.002722	0.002749	0.002593	0
KAYI_USD	2018-03-26	0.002722	0.002829	0.002845	0.002629	0
KAYI_USD	2018-03-25	0.002829	0.002850	0.002900	0.002805	0
KAYI_USD	2018-03-24	0.002850	0.002982	0.003018	0.002846	0
KAYI_USD	2018-03-23	0.002982	0.002920	0.002983	0.002772	0
KAYI_USD	2018-03-22	0.002920	0.002981	0.003044	0.002840	0
KAYI_USD	2018-03-21	0.002981	0.002980	0.003071	0.002934	0
KAYI_USD	2018-03-20	0.002980	0.002881	0.003023	0.002785	0
KAYI_USD	2018-03-19	0.002881	0.002750	0.002914	0.002718	0
KAYI_USD	2018-03-18	0.002750	0.002637	0.002769	0.002453	0
KAYI_USD	2018-03-17	0.002637	0.002778	0.002794	0.002596	0
KAYI_USD	2018-03-16	0.002778	0.002765	0.002878	0.002648	0
KAYI_USD	2018-03-15	0.002765	0.002742	0.002815	0.002573	0
KAYI_USD	2018-03-14	0.002742	0.003060	0.003133	0.002654	0
KAYI_USD	2018-03-13	0.003060	0.003055	0.003174	0.002964	0
KAYI_USD	2018-03-12	0.003055	0.003186	0.003314	0.002949	0
KAYI_USD	2018-03-11	0.003186	0.002933	0.003254	0.002824	0
KAYI_USD	2018-03-10	0.002933	0.003089	0.003182	0.002918	0
KAYI_USD	2018-03-09	0.003089	0.003115	0.003156	0.002797	0
KAYI_USD	2018-03-08	0.003115	0.003310	0.003379	0.003030	0
KAYI_USD	2018-03-07	0.003310	0.003592	0.003651	0.003161	0
KAYI_USD	2018-03-06	0.003592	0.003848	0.003848	0.003545	0
KAYI_USD	2018-03-05	0.003848	0.003855	0.003918	0.003836	0
KAYI_USD	2018-03-04	0.003850	0.003831	0.003852	0.003736	0
KAYI_USD	2018-03-03	0.003847	0.003693	0.003859	0.003693	0
KAYI_USD	2018-03-02	0.003650	0.003660	0.003660	0.003638	0
