KCASH_USD	2019-04-09	0.15784755	0.16055939	0.16055939	0.15510921	0
KCASH_USD	2019-04-08	0.16055939	0.15650488	0.16527194	0.15478238	0
KCASH_USD	2019-04-07	0.15650488	0.14744186	0.15750305	0.14651436	0
KCASH_USD	2019-04-06	0.14744186	0.14804253	0.15376654	0.14347570	0
KCASH_USD	2019-04-05	0.14804253	0.14015435	0.15015370	0.13935935	0
KCASH_USD	2019-04-04	0.14015435	0.14185034	0.14601086	0.13699201	0
KCASH_USD	2019-04-03	0.14185034	0.14620519	0.15854977	0.13458931	0
KCASH_USD	2019-04-02	0.14620519	0.12675416	0.14858577	0.12626833	0
KCASH_USD	2019-04-01	0.12675416	0.12701032	0.12837066	0.12514649	0
KCASH_USD	2019-03-31	0.12701032	0.12777881	0.12779649	0.12604749	0
KCASH_USD	2019-03-30	0.12777881	0.12914799	0.13118850	0.12610932	0
KCASH_USD	2019-03-29	0.12914799	0.12390098	0.12924516	0.12367132	0
KCASH_USD	2019-03-28	0.12390098	0.12511115	0.12511115	0.12322965	0
KCASH_USD	2019-03-27	0.12511115	0.11959914	0.12558815	0.11954614	0
KCASH_USD	2019-03-26	0.11959914	0.11937831	0.12031464	0.11840664	0
KCASH_USD	2019-03-25	0.11937831	0.12173681	0.12237281	0.11765581	0
KCASH_USD	2019-03-24	0.12174123	0.12302648	0.12307948	0.12086231	0
KCASH_USD	2019-03-23	0.12302648	0.12199298	0.12402465	0.12174565	0
KCASH_USD	2019-03-22	0.12198856	0.12102131	0.12314132	0.12053548	0
KCASH_USD	2019-03-21	0.12102131	0.12554400	0.12604749	0.12006731	0
KCASH_USD	2019-03-20	0.12554400	0.12523483	0.12609164	0.12294698	0
KCASH_USD	2019-03-19	0.12523483	0.12418365	0.12568532	0.12352115	0
KCASH_USD	2019-03-18	0.12418365	0.12518182	0.12783182	0.12283215	0
KCASH_USD	2019-03-17	0.12518182	0.12701917	0.12701917	0.12400698	0
KCASH_USD	2019-03-16	0.12701917	0.12301765	0.12997384	0.12301765	0
KCASH_USD	2019-03-15	0.12301765	0.11907797	0.12455465	0.11898081	0
KCASH_USD	2019-03-14	0.11907797	0.11883064	0.12143206	0.11696234	0
KCASH_USD	2019-03-13	0.11883064	0.12036764	0.12037648	0.11791197	0
KCASH_USD	2019-03-12	0.12036764	0.11956381	0.12168381	0.11607464	0
KCASH_USD	2019-03-11	0.11956381	0.12207248	0.12256715	0.11837131	0
KCASH_USD	2019-03-10	0.12207248	0.12372432	0.12390981	0.12091531	0
KCASH_USD	2019-03-09	0.12372432	0.12029698	0.12511115	0.11972281	0
KCASH_USD	2019-03-08	0.12029698	0.12370665	0.12618881	0.11773088	0
KCASH_USD	2019-03-07	0.12370665	0.12415273	0.12655982	0.12242140	0
KCASH_USD	2019-03-06	0.12415273	0.12366248	0.12678950	0.12097273	0
KCASH_USD	2019-03-05	0.12366248	0.11341138	0.12448397	0.11290346	0
KCASH_USD	2019-03-04	0.11341138	0.11760722	0.11824764	0.11121188	0
KCASH_USD	2019-03-03	0.11760722	0.11978464	0.12163523	0.11539888	0
KCASH_USD	2019-03-02	0.11978464	0.12241697	0.12305298	0.11762488	0
KCASH_USD	2019-03-01	0.12241697	0.12206364	0.12484615	0.12175448	0
KCASH_USD	2019-02-28	0.12206364	0.12175448	0.12591057	0.12056197	0
KCASH_USD	2019-02-27	0.12175448	0.12336215	0.12691316	0.11451555	0
KCASH_USD	2019-02-26	0.12336215	0.12468715	0.12517297	0.12146298	0
KCASH_USD	2019-02-25	0.12468715	0.11930764	0.12779647	0.11930764	0
KCASH_USD	2019-02-24	0.11930764	0.14270718	0.14965902	0.11930764	0
KCASH_USD	2019-02-23	0.14270718	0.13345091	0.14433692	0.13124001	0
KCASH_USD	2019-02-22	0.13345091	0.13439605	0.13650702	0.13242574	0
KCASH_USD	2019-02-21	0.13439605	0.15384862	0.15515719	0.13278788	0
KCASH_USD	2019-02-20	0.15384862	0.14815447	0.15406588	0.14531495	0
KCASH_USD	2019-02-19	0.14815447	0.15058471	0.15501575	0.14747237	0
KCASH_USD	2019-02-18	0.15058471	0.13762504	0.15329285	0.13667008	0
KCASH_USD	2019-02-17	0.13762504	0.12599419	0.13972183	0.12580220	0
KCASH_USD	2019-02-16	0.12599419	0.12504432	0.12832844	0.12503421	0
KCASH_USD	2019-02-15	0.12504432	0.12386204	0.12779793	0.12347805	0
KCASH_USD	2019-02-14	0.12386204	0.12515548	0.12758069	0.12352857	0
KCASH_USD	2019-02-13	0.12515548	0.14179890	0.14740770	0.12389235	0
KCASH_USD	2019-02-12	0.14179890	0.13986090	0.14371979	0.13668031	0
KCASH_USD	2019-02-11	0.13986090	0.14470682	0.14470682	0.13808978	0
KCASH_USD	2019-02-10	0.14470682	0.12303290	0.14539917	0.12097144	0
KCASH_USD	2019-02-09	0.12303290	0.11893280	0.12529743	0.11754120	0
KCASH_USD	2019-02-08	0.11893280	0.10359090	0.12211778	0.10300290	0
KCASH_USD	2019-02-07	0.10359090	0.12673572	0.12858798	0.10309110	0
KCASH_USD	2019-02-06	0.12673572	0.12390660	0.34544590	0.11742570	0
KCASH_USD	2019-02-05	0.12390660	0.12367289	0.12441390	0.12254430	0
KCASH_USD	2019-02-04	0.12367289	0.12371850	0.12574200	0.12292050	0
KCASH_USD	2019-02-03	0.12371850	0.12813029	0.12932730	0.12219090	0
KCASH_USD	2019-02-02	0.12813029	0.11178463	0.21312524	0.11068734	0
KCASH_USD	2019-02-01	0.11178463	0.12736411	0.12874475	0.11062068	0
KCASH_USD	2019-01-31	0.12736411	0.11663552	0.12832762	0.11337557	0
KCASH_USD	2019-01-30	0.11671992	0.11239442	0.11777492	0.11113897	0
KCASH_USD	2019-01-29	0.11238915	0.09996105	0.11577935	0.09872415	0
KCASH_USD	2019-01-28	0.09996105	0.11651315	0.11742204	0.09784995	0
KCASH_USD	2019-01-27	0.11651315	0.12052358	0.12119113	0.11581992	0
KCASH_USD	2019-01-26	0.12052358	0.12043115	0.12320405	0.12021548	0
KCASH_USD	2019-01-25	0.12043115	0.12144630	0.12194820	0.11337845	0
KCASH_USD	2019-01-24	0.12144630	0.04097047	0.83661723	0.04029082	0
KCASH_USD	2019-01-23	0.04097047	0.03004625	0.04098772	0.02982125	0
KCASH_USD	2019-01-22	0.03004625	0.02937750	0.03039613	0.02823625	0
KCASH_USD	2019-01-21	0.02937750	0.02975875	0.03003246	0.02877375	0
KCASH_USD	2019-01-20	0.02975875	0.03031050	0.03092022	0.02886443	0
KCASH_USD	2019-01-19	0.03031050	0.02516295	0.03242707	0.02516295	0
KCASH_USD	2019-01-18	0.02516295	0.02586935	0.02592822	0.02488205	0
KCASH_USD	2019-01-17	0.02587039	0.02564421	0.02609863	0.02479943	0
KCASH_USD	2019-01-16	0.02564421	0.02534368	0.02682361	0.02514023	0
KCASH_USD	2019-01-15	0.02534368	0.02715203	0.02752795	0.02475398	0
KCASH_USD	2019-01-14	0.02715100	0.02434915	0.02775619	0.02434088	0
KCASH_USD	2019-01-13	0.02434915	0.02630414	0.02637747	0.02400111	0
KCASH_USD	2019-01-12	0.02629691	0.02660364	0.02683807	0.02608830	0
KCASH_USD	2019-01-11	0.02660364	0.02337269	0.04694869	0.02319399	0
KCASH_USD	2019-01-10	0.02337269	0.02711401	0.02741664	0.02275834	0
KCASH_USD	2019-01-09	0.02711401	0.02713709	0.02807784	0.02685575	0
KCASH_USD	2019-01-08	0.02713709	0.02631005	0.02758948	0.02526388	0
KCASH_USD	2019-01-07	0.02631005	0.02814262	0.02845237	0.02606355	0
KCASH_USD	2019-01-06	0.02814262	0.02770950	0.02885400	0.02687737	0
KCASH_USD	2019-01-05	0.02770950	0.02776287	0.02915762	0.02761500	0
KCASH_USD	2019-01-04	0.02776287	0.02854594	0.02965068	0.02638485	0
KCASH_USD	2019-01-03	0.02854594	0.04144920	0.04175470	0.02845406	0
KCASH_USD	2019-01-02	0.04144920	0.04865285	0.05114947	0.04014660	0
KCASH_USD	2019-01-01	0.04865285	0.04895820	0.05302980	0.04840048	0
KCASH_USD	2018-12-31	0.04895820	0.05184540	0.05200020	0.04814820	0
KCASH_USD	2018-12-30	0.05184540	0.05060520	0.05224140	0.04857120	0
KCASH_USD	2018-12-29	0.05060520	0.04998001	0.05503860	0.04893492	0
KCASH_USD	2018-12-28	0.04998001	0.03435297	0.05092296	0.02793062	0
KCASH_USD	2018-12-27	0.03435297	0.03790837	0.03874494	0.03385775	0
KCASH_USD	2018-12-26	0.03790837	0.05326714	0.05658770	0.03730704	0
KCASH_USD	2018-12-25	0.05326714	0.05716249	0.05747692	0.05072365	0
KCASH_USD	2018-12-24	0.05716249	0.05358758	0.06540180	0.05353150	0
KCASH_USD	2018-12-23	0.05358758	0.04820820	0.05523785	0.04820820	0
KCASH_USD	2018-12-22	0.04820820	0.04461126	0.04828831	0.04360588	0
KCASH_USD	2018-12-21	0.04461126	0.04876488	0.05035598	0.04360988	0
KCASH_USD	2018-12-20	0.04876488	0.05505675	0.06126950	0.04053459	0
KCASH_USD	2018-12-19	0.05505675	0.05586898	0.05962890	0.05472057	0
KCASH_USD	2018-12-18	0.05586898	0.05233229	0.05658977	0.05083101	0
KCASH_USD	2018-12-17	0.05233229	0.04656466	0.05396482	0.04639010	0
KCASH_USD	2018-12-16	0.04656466	0.04612412	0.04832168	0.04602999	0
KCASH_USD	2018-12-15	0.04612412	0.04582263	0.04660661	0.04479416	0
KCASH_USD	2018-12-14	0.04581778	0.05262030	0.05390254	0.03863485	0
KCASH_USD	2018-12-13	0.05262030	0.05958149	0.05972460	0.05174130	0
KCASH_USD	2018-12-12	0.05958149	0.01496777	0.06393071	0.01495235	0
KCASH_USD	2018-12-11	0.01517594	0.01561592	0.01594863	0.01484627	0
KCASH_USD	2018-12-10	0.01561905	0.01628084	0.01655806	0.01533777	0
KCASH_USD	2018-12-09	0.01628084	0.01572928	0.01731101	0.01537920	0
KCASH_USD	2018-12-08	0.01572928	0.01607004	0.01688086	0.01453051	0
KCASH_USD	2018-12-07	0.01607004	0.01570516	0.01674834	0.01406935	0
KCASH_USD	2018-12-06	0.01570516	0.06838204	0.07027106	0.01556920	0
KCASH_USD	2018-12-05	0.06838204	0.07450964	0.07533498	0.06830861	0
KCASH_USD	2018-12-04	0.07450964	0.07562466	0.07822107	0.07372755	0
KCASH_USD	2018-12-03	0.07562466	0.08092825	0.08127444	0.07400450	0
KCASH_USD	2018-12-02	0.08092825	0.08284613	0.08446629	0.08074823	0
KCASH_USD	2018-12-01	0.08284613	0.07874727	0.08480555	0.07738329	0
KCASH_USD	2018-11-30	0.07874727	0.08207164	0.08353158	0.07763255	0
KCASH_USD	2018-11-29	0.08207164	0.02226167	0.08658513	0.02104679	0
KCASH_USD	2018-11-28	0.02226167	0.01912802	0.02252187	0.01904709	0
KCASH_USD	2018-11-27	0.01912802	0.01731604	0.01944488	0.01613371	0
KCASH_USD	2018-11-26	0.01731604	0.01872743	0.01904810	0.01677264	0
KCASH_USD	2018-11-25	0.01872743	0.01793880	0.01901195	0.01613131	0
KCASH_USD	2018-11-24	0.01793880	0.01947875	0.02016939	0.01741616	0
KCASH_USD	2018-11-23	0.01948030	0.01981940	0.01997184	0.01866678	0
KCASH_USD	2018-11-22	0.01981940	0.02157867	0.02180578	0.01981940	0
KCASH_USD	2018-11-21	0.02157867	0.02093392	0.02199244	0.01985362	0
KCASH_USD	2018-11-20	0.02093392	0.02354016	0.02397103	0.01994229	0
KCASH_USD	2018-11-19	0.02354016	0.03179853	0.03179853	0.02309995	0
KCASH_USD	2018-11-18	0.03179853	0.03125654	0.03232274	0.03119196	0
KCASH_USD	2018-11-17	0.03126010	0.03146978	0.03155685	0.03085132	0
KCASH_USD	2018-11-16	0.03146978	0.12079912	0.12114024	0.03079837	0
KCASH_USD	2018-11-15	0.12079912	0.12194712	0.12418408	0.11288120	0
KCASH_USD	2018-11-14	0.12194712	0.13784856	0.13858327	0.11667944	0
KCASH_USD	2018-11-13	0.13784856	0.14062603	0.14075828	0.13721880	0
KCASH_USD	2018-11-12	0.14062603	0.03318844	0.14659446	0.03286799	0
KCASH_USD	2018-11-11	0.03318844	0.03198991	0.03318844	0.03184436	0
KCASH_USD	2018-11-10	0.03198991	0.03270838	0.03362298	0.03194489	0
KCASH_USD	2018-11-09	0.03270838	0.03297266	0.03338110	0.03248827	0
KCASH_USD	2018-11-08	0.03297266	0.03974759	0.04002166	0.03297266	0
KCASH_USD	2018-11-07	0.03974759	0.04062812	0.04129677	0.03921994	0
KCASH_USD	2018-11-06	0.04062812	0.03879230	0.04063915	0.03847958	0
KCASH_USD	2018-11-05	0.03879230	0.03901120	0.03912157	0.03824596	0
KCASH_USD	2018-11-04	0.03901120	0.04281246	0.04285525	0.03661433	0
KCASH_USD	2018-11-03	0.04281246	0.04326604	0.04331953	0.04264344	0
KCASH_USD	2018-11-02	0.04327139	0.03184775	0.04347357	0.03184775	0
KCASH_USD	2018-11-01	0.03184775	0.03525843	0.03551573	0.03182383	0
KCASH_USD	2018-10-31	0.03525843	0.03505436	0.03546782	0.03433036	0
KCASH_USD	2018-10-30	0.03505436	0.03494079	0.03520519	0.03477399	0
KCASH_USD	2018-10-29	0.03493902	0.03636926	0.03642605	0.03474382	0
KCASH_USD	2018-10-28	0.03636926	0.03778347	0.03780866	0.03617230	0
KCASH_USD	2018-10-27	0.03778347	0.04828574	0.04843646	0.03757997	0
KCASH_USD	2018-10-26	0.04828574	0.15092316	0.15407954	0.04807850	0
KCASH_USD	2018-10-25	0.15092316	0.05643412	0.15184942	0.05580712	0
KCASH_USD	2018-10-24	0.05643412	0.06083168	0.15695779	0.04411907	0
KCASH_USD	2018-10-23	0.06083168	0.06308343	0.06355467	0.05865144	0
KCASH_USD	2018-10-22	0.06308343	0.08771744	0.16982646	0.06283557	0
KCASH_USD	2018-10-21	0.08771744	0.09756797	0.09938801	0.08341243	0
KCASH_USD	2018-10-20	0.09756797	0.12265796	0.13916352	0.08428252	0
KCASH_USD	2018-10-19	0.12265796	0.17619412	0.17711753	0.12158106	0
KCASH_USD	2018-10-18	0.17619412	0.19695562	0.19857436	0.17433022	0
KCASH_USD	2018-10-17	0.19695562	0.19905537	0.20044287	0.19455522	0
KCASH_USD	2018-10-16	0.19905537	0.08344345	0.20000812	0.08246858	0
KCASH_USD	2018-10-15	0.08344345	0.07571774	0.09506403	0.07487085	0
KCASH_USD	2018-10-14	0.07571774	0.17609812	0.17780437	0.07523270	0
KCASH_USD	2018-10-13	0.17609812	0.17354040	0.17725313	0.17322360	0
KCASH_USD	2018-10-12	0.17354040	0.16891547	0.17806642	0.16859692	0
KCASH_USD	2018-10-11	0.16891547	0.17002875	0.18039396	0.14842124	0
KCASH_USD	2018-10-10	0.17002875	0.19652291	0.19661750	0.16875374	0
KCASH_USD	2018-10-09	0.19652291	0.21063757	0.32193825	0.19627351	0
KCASH_USD	2018-10-08	0.21063757	0.20473363	0.21261397	0.20192850	0
KCASH_USD	2018-10-07	0.20473363	0.11829037	0.20590107	0.11642137	0
KCASH_USD	2018-10-06	0.11829037	0.12003862	0.12022762	0.11728237	0
KCASH_USD	2018-10-05	0.12003862	0.11670487	0.12145874	0.11545012	0
KCASH_USD	2018-10-04	0.11670487	0.11577562	0.11893087	0.11536087	0
KCASH_USD	2018-10-03	0.11577562	0.20912862	0.20942461	0.10286254	0
KCASH_USD	2018-10-02	0.20913325	0.20610178	0.21192212	0.20334122	0
KCASH_USD	2018-10-01	0.20610178	0.20725942	0.20926750	0.20099030	0
KCASH_USD	2018-09-30	0.20725942	0.20667168	0.21265586	0.20153351	0
KCASH_USD	2018-09-29	0.20667168	0.19770436	0.21126667	0.19055364	0
KCASH_USD	2018-09-28	0.19770436	0.07566239	0.25704250	0.07531258	0
KCASH_USD	2018-09-27	0.07566239	0.07133621	0.07677945	0.06953265	0
KCASH_USD	2018-09-26	0.07133621	0.07155384	0.07399122	0.06791531	0
KCASH_USD	2018-09-25	0.07154729	0.10879599	0.10879599	0.05352707	0
KCASH_USD	2018-09-24	0.10879599	0.11669566	0.11729191	0.10772639	0
KCASH_USD	2018-09-23	0.11669566	0.11467316	0.11898526	0.11296194	0
KCASH_USD	2018-09-22	0.11467316	0.11822203	0.12145747	0.11117460	0
KCASH_USD	2018-09-21	0.11822203	0.06452157	0.11988978	0.06327394	0
KCASH_USD	2018-09-20	0.06452157	0.05990504	0.06537950	0.05911420	0
KCASH_USD	2018-09-19	0.05990504	0.05961668	0.06095567	0.05624207	0
KCASH_USD	2018-09-18	0.05961668	0.09144457	0.09231412	0.05663092	0
KCASH_USD	2018-09-17	0.09144457	0.11943409	0.12192416	0.08959852	0
KCASH_USD	2018-09-16	0.11943409	0.11695687	0.12120535	0.05583097	0
KCASH_USD	2018-09-15	0.11695687	0.09876345	0.11929312	0.08858640	0
KCASH_USD	2018-09-14	0.09876345	0.14004567	0.14714786	0.09161014	0
KCASH_USD	2018-09-13	0.14004567	0.10621250	0.14283867	0.10621250	0
KCASH_USD	2018-09-12	0.10621250	0.12139115	0.12227022	0.10585870	0
KCASH_USD	2018-09-11	0.12139115	0.12995070	0.13135649	0.11671110	0
KCASH_USD	2018-09-10	0.12995070	0.16235214	0.16814138	0.12747224	0
KCASH_USD	2018-09-09	0.16235214	0.16325268	0.17294295	0.15412685	0
KCASH_USD	2018-09-08	0.16325268	0.18201722	0.18578169	0.15847604	0
KCASH_USD	2018-09-07	0.18201722	0.23320132	0.23767747	0.18191582	0
KCASH_USD	2018-09-06	0.23320132	0.25194001	0.25589585	0.22532491	0
KCASH_USD	2018-09-05	0.25194001	0.29959124	0.36867291	0.25061944	0
KCASH_USD	2018-09-04	0.29959124	0.31676161	0.31934032	0.29715526	0
KCASH_USD	2018-09-03	0.31676161	0.33693343	0.33934936	0.31343827	0
KCASH_USD	2018-09-02	0.33693343	0.44358751	0.58036476	0.32111853	0
KCASH_USD	2018-09-01	0.44358751	0.18786968	0.44500500	0.18786968	0
KCASH_USD	2018-08-31	0.18786968	0.39367932	0.39367932	0.18217732	0
KCASH_USD	2018-08-30	0.39367932	0.40041041	0.40305576	0.37735018	0
KCASH_USD	2018-08-29	0.40041041	0.51729125	0.51944375	0.39787588	0
KCASH_USD	2018-08-28	0.51729125	0.50215375	0.52126378	0.49494374	0
KCASH_USD	2018-08-27	0.50215375	0.50614804	0.51581585	0.48341125	0
KCASH_USD	2018-08-26	0.50614804	0.51159084	0.51223660	0.49713525	0
KCASH_USD	2018-08-25	0.51159084	0.29533875	0.51799297	0.29057175	0
KCASH_USD	2018-08-24	0.29533875	0.28965300	0.29715526	0.28408274	0
KCASH_USD	2018-08-23	0.28965300	0.34952697	0.50648928	0.28383076	0
KCASH_USD	2018-08-22	0.34952697	0.36399859	0.38739276	0.33703020	0
KCASH_USD	2018-08-21	0.36399859	0.49863893	0.51439500	0.35746533	0
KCASH_USD	2018-08-20	0.49863893	0.49694589	0.53858316	0.44640842	0
KCASH_USD	2018-08-19	0.49694589	0.48793450	0.50869870	0.47932169	0
KCASH_USD	2018-08-18	0.48793450	0.52640170	0.53269118	0.46803322	0
KCASH_USD	2018-08-17	0.52640170	0.42319819	0.52792841	0.42085296	0
KCASH_USD	2018-08-16	0.42319819	0.41428921	0.44061786	0.41015923	0
KCASH_USD	2018-08-15	0.41428921	0.41027862	0.44842798	0.40866211	0
KCASH_USD	2018-08-14	0.41027862	0.42432591	0.42432591	0.36721289	0
KCASH_USD	2018-08-13	0.42432591	0.46308756	0.47745538	0.41966307	0
KCASH_USD	2018-08-12	0.46308756	0.33562186	0.47444770	0.33237246	0
KCASH_USD	2018-08-11	0.33562186	0.35017031	0.35062924	0.32193851	0
KCASH_USD	2018-08-10	0.35017031	0.38318127	0.38570273	0.34435728	0
KCASH_USD	2018-08-09	0.38318127	0.44453126	0.46241876	0.38262212	0
KCASH_USD	2018-08-08	0.44453126	0.47226876	0.47530624	0.43651250	0
KCASH_USD	2018-08-07	0.47226876	0.50641251	0.51319373	0.46110624	0
KCASH_USD	2018-08-06	0.50641251	0.51093125	0.51606876	0.50166875	0
KCASH_USD	2018-08-05	0.51093125	0.50831872	0.51673126	0.49988490	0
KCASH_USD	2018-08-04	0.50831872	0.40303707	0.54414749	0.40037367	0
KCASH_USD	2018-08-03	0.40303707	0.39651367	0.40496707	0.38406518	0
KCASH_USD	2018-08-02	0.39651367	0.40511182	0.40927097	0.39346427	0
KCASH_USD	2018-08-01	0.40511182	0.41721293	0.41970262	0.39362833	0
KCASH_USD	2018-07-31	0.41721293	0.44065276	0.44154057	0.41272083	0
KCASH_USD	2018-07-30	0.44065276	0.45029312	0.45257053	0.43108961	0
KCASH_USD	2018-07-29	0.45029312	0.46368733	0.46368733	0.44536197	0
KCASH_USD	2018-07-28	0.46368733	0.42764944	0.46368733	0.42764944	0
KCASH_USD	2018-07-27	0.42764944	0.43005198	0.43005198	0.42764944	0
KCASH_USD	2018-07-26	0.43005198	0.41738227	0.43005198	0.41738227	0
KCASH_USD	2018-07-25	0.41738227	0.42504337	0.42922056	0.41068661	0
KCASH_USD	2018-07-24	0.42504337	0.39759067	0.42878693	0.39703313	0
KCASH_USD	2018-07-23	0.39759067	0.40532556	0.41597211	0.39528966	0
KCASH_USD	2018-07-22	0.40532556	0.40775931	0.41760936	0.40267941	0
KCASH_USD	2018-07-21	0.40775931	0.35032529	0.41410476	0.34485751	0
KCASH_USD	2018-07-20	0.35032529	0.34444672	0.36584729	0.34336770	0
KCASH_USD	2018-07-19	0.34444672	0.35164237	0.35579512	0.34027192	0
KCASH_USD	2018-07-18	0.35164237	0.36684218	0.37872711	0.34521848	0
KCASH_USD	2018-07-17	0.36684218	0.35214216	0.37582386	0.34261656	0
KCASH_USD	2018-07-16	0.35214216	0.33067283	0.35324466	0.32720363	0
KCASH_USD	2018-07-15	0.33067283	0.31862617	0.33450952	0.31692833	0
KCASH_USD	2018-07-14	0.31862617	0.31753469	0.32287815	0.31446606	0
KCASH_USD	2018-07-13	0.31753469	0.31551713	0.32496554	0.31302547	0
KCASH_USD	2018-07-12	0.31551713	0.31160149	0.31941262	0.29881951	0
KCASH_USD	2018-07-11	0.31160149	0.00003150	0.31286851	0.00003145	0
KCASH_USD	2018-07-10	0.00003150	0.00003330	0.00003340	0.00003140	0
KCASH_USD	2018-07-09	0.00003330	0.00003354	0.00003398	0.00003318	0
KCASH_USD	2018-07-08	0.00003354	0.00003381	0.00003395	0.00003341	0
KCASH_USD	2018-07-07	0.00003381	0.00003301	0.00003413	0.00003256	0
KCASH_USD	2018-07-06	0.00003301	0.00003270	0.00003315	0.00003226	0
KCASH_USD	2018-07-05	0.00003270	0.00003295	0.00003349	0.00003230	0
KCASH_USD	2018-07-04	0.00003295	0.00003250	0.00003357	0.00003209	0
KCASH_USD	2018-07-03	0.00003250	0.00003309	0.00003335	0.00000044	0
KCASH_USD	2018-07-02	0.00003309	0.00003174	0.00003337	0.00000027	0
KCASH_USD	2018-07-01	0.00003175	0.00003206	0.00003216	0.00003135	0
KCASH_USD	2018-06-30	0.00003196	0.00003102	0.00003258	0.00003102	0
KCASH_USD	2018-06-29	0.00003104	0.00002925	0.00003137	0.00002900	0
KCASH_USD	2018-06-28	0.00002929	0.00003068	0.00003082	0.00002915	0
KCASH_USD	2018-06-27	0.00003067	0.00003033	0.00003090	0.00002994	0
KCASH_USD	2018-06-26	0.00003043	0.00003125	0.00003137	0.00003026	0
KCASH_USD	2018-06-25	0.00003123	0.00003073	0.00003158	0.00003041	0
KCASH_USD	2018-06-24	0.00003074	0.00003080	0.00003119	0.00002887	0
KCASH_USD	2018-06-23	0.00003076	0.00003026	0.00003124	0.00003008	0
KCASH_USD	2018-06-22	0.00003021	0.00003358	0.00003365	0.00002968	0
KCASH_USD	2018-06-21	0.00003357	0.00003377	0.00003393	0.00003345	0
KCASH_USD	2018-06-20	0.00003380	0.00003366	0.00003406	0.00003280	0
KCASH_USD	2018-06-19	0.00003370	0.00003356	0.00003414	0.00003335	0
KCASH_USD	2018-06-18	0.00003355	0.00003222	0.00003393	0.00003194	0
KCASH_USD	2018-06-17	0.00003219	0.00003244	0.00003285	0.00003213	0
KCASH_USD	2018-06-16	0.00003243	0.00003192	0.00003275	0.00003165	0
KCASH_USD	2018-06-15	0.00003191	0.00003321	0.00003321	0.00003180	0
KCASH_USD	2018-06-14	0.00003315	0.00003148	0.00003349	0.00003136	0
KCASH_USD	2018-06-13	0.00003146	0.00003272	0.00003303	0.00003064	0
KCASH_USD	2018-06-12	0.00003271	0.00003435	0.00003435	0.00003221	0
KCASH_USD	2018-06-11	0.00003437	0.00003379	0.00003448	0.00003319	0
KCASH_USD	2018-06-10	0.00003375	0.00003749	0.00003749	0.00003321	0
KCASH_USD	2018-06-09	0.00003748	0.00003811	0.00003842	0.00003736	0
KCASH_USD	2018-06-08	0.00003808	0.00003843	0.00003848	0.00003772	0
KCASH_USD	2018-06-07	0.00003844	0.00003834	0.00003878	0.00003823	0
KCASH_USD	2018-06-06	0.00003827	0.00003814	0.00003848	0.00003748	0
KCASH_USD	2018-06-05	0.00003811	0.00003745	0.00003836	0.00003686	0
KCASH_USD	2018-06-04	0.00003747	0.00003862	0.00003879	0.00003729	0
KCASH_USD	2018-06-03	0.00003859	0.00003816	0.00003888	0.00003800	0
KCASH_USD	2018-06-02	0.00003819	0.00003764	0.00003845	0.00003727	0
KCASH_USD	2018-06-01	0.00003761	0.00003742	0.00003800	0.00003676	0
KCASH_USD	2018-05-31	0.00003743	0.00003686	0.00003800	0.00003669	0
KCASH_USD	2018-05-30	0.00003688	0.00003733	0.00003779	0.00003640	0
KCASH_USD	2018-05-29	0.00003728	0.00003552	0.00003760	0.00003524	0
KCASH_USD	2018-05-28	0.00003550	0.00003671	0.00003715	0.00003535	0
KCASH_USD	2018-05-27	0.00003670	0.00003665	0.00003694	0.00003611	0
KCASH_USD	2018-05-26	0.00003664	0.00003728	0.00003807	0.00003644	0
KCASH_USD	2018-05-25	0.00003729	0.00003788	0.00003824	0.00003666	0
KCASH_USD	2018-05-24	0.00003786	0.00003752	0.00003858	0.00003632	0
KCASH_USD	2018-05-23	0.00003755	0.00003989	0.00004010	0.00003724	0
KCASH_USD	2018-05-22	0.00003990	0.00004198	0.00004202	0.00003975	0
KCASH_USD	2018-05-21	0.00004198	0.00004262	0.00004272	0.00004182	0
KCASH_USD	2018-05-20	0.00004262	0.00004120	0.00004291	0.00004086	0
KCASH_USD	2018-05-19	0.00004120	0.00004119	0.00004196	0.00004072	0
KCASH_USD	2018-05-18	0.00004119	0.00004028	0.00004137	0.00003964	0
KCASH_USD	2018-05-17	0.00004033	0.00004174	0.00004232	0.00003998	0
KCASH_USD	2018-05-16	0.00004171	0.00004231	0.00004244	0.00004052	0
KCASH_USD	2018-05-15	0.00004233	0.00004333	0.00004413	0.00004213	0
KCASH_USD	2018-05-14	0.00004334	0.00004342	0.00004439	0.00004139	0
KCASH_USD	2018-05-13	0.00004342	0.00004237	0.00004376	0.00004164	0
KCASH_USD	2018-05-12	0.00004228	0.00004196	0.00004314	0.00004103	0
KCASH_USD	2018-05-11	0.00004196	0.00004509	0.00004509	0.00004173	0
KCASH_USD	2018-05-10	0.00004509	0.00004659	0.00004695	0.00004502	0
KCASH_USD	2018-05-09	0.00004659	0.00004592	0.00004685	0.00004490	0
KCASH_USD	2018-05-08	0.00004592	0.00004679	0.00004695	0.00000001	0
KCASH_USD	2018-05-07	0.00004714	0.00004830	0.00004838	0.00004600	0
KCASH_USD	2018-05-06	0.00004830	0.00004932	0.00004982	0.00004727	0
KCASH_USD	2018-05-05	0.00004927	0.00004854	0.00004993	0.00004843	0
KCASH_USD	2018-05-04	0.00004854	0.00004883	0.00004906	0.00004781	0
KCASH_USD	2018-05-03	0.00004883	0.00004618	0.00004918	0.00004586	0
KCASH_USD	2018-05-02	0.00004618	0.00004533	0.00004635	0.00004490	0
KCASH_USD	2018-05-01	0.00004533	0.00004618	0.00004619	0.00004418	0
KCASH_USD	2018-04-30	0.00004618	0.00004699	0.00004725	0.00004558	0
KCASH_USD	2018-04-29	0.00004699	0.00004670	0.00004780	0.00004592	0
KCASH_USD	2018-04-28	0.00004670	0.00004465	0.00004717	0.00004436	0
KCASH_USD	2018-04-27	0.00004465	0.00004648	0.00004690	0.00004452	0
KCASH_USD	2018-04-26	0.00004648	0.00004438	0.00004654	0.00004332	0
KCASH_USD	2018-04-25	0.00004438	0.00004825	0.00004878	0.00004392	0
KCASH_USD	2018-04-24	0.00004837	0.00004470	0.00004869	0.00004465	0
KCASH_USD	2018-04-23	0.00004470	0.00004400	0.00004503	0.00004386	0
KCASH_USD	2018-04-22	0.00004400	0.00004457	0.00004513	0.00004376	0
KCASH_USD	2018-04-21	0.00004457	0.00004435	0.00004515	0.00004310	0
KCASH_USD	2018-04-20	0.00004435	0.00004137	0.00004465	0.00004113	0
KCASH_USD	2018-04-19	0.00004137	0.00004083	0.00004148	0.00004055	0
KCASH_USD	2018-04-18	0.00004083	0.00003945	0.00004112	0.00003938	0
KCASH_USD	2018-04-17	0.00003945	0.00004028	0.00004083	0.00003914	0
KCASH_USD	2018-04-16	0.00004028	0.00004179	0.00004202	0.00003951	0
KCASH_USD	2018-04-15	0.00004179	0.00004003	0.00004211	0.00004002	0
KCASH_USD	2018-04-14	0.00004003	0.00003939	0.00004091	0.00003911	0
KCASH_USD	2018-04-13	0.00003939	0.00003956	0.00004113	0.00003879	0
KCASH_USD	2018-04-12	0.00003956	0.00003471	0.00004032	0.00003381	0
KCASH_USD	2018-04-11	0.00003471	0.00003420	0.00003486	0.00003398	0
KCASH_USD	2018-04-10	0.00003420	0.00003381	0.00003445	0.00003326	0
KCASH_USD	2018-04-09	0.00003381	0.00003507	0.00003592	0.00003306	0
KCASH_USD	2018-04-08	0.00003507	0.00003444	0.00003553	0.00003442	0
KCASH_USD	2018-04-07	0.00003444	0.00003307	0.00003532	0.00003300	0
KCASH_USD	2018-04-06	0.00003307	0.00003381	0.00003422	0.00003254	0
KCASH_USD	2018-04-05	0.00003381	0.00003393	0.00003454	0.00003286	0
KCASH_USD	2018-04-04	0.00003393	0.00003702	0.00003708	0.00003348	0
KCASH_USD	2018-04-03	0.00003702	0.00003526	0.00003754	0.00003510	0
KCASH_USD	2018-04-02	0.00003526	0.00003405	0.00003558	0.00003387	0
KCASH_USD	2018-04-01	0.00003405	0.00003463	0.00003515	0.00003218	0
KCASH_USD	2018-03-31	0.00003463	0.00003420	0.00003611	0.00003397	0
KCASH_USD	2018-03-30	0.00003420	0.00003546	0.00003629	0.00003289	0
KCASH_USD	2018-03-29	0.00003546	0.00003970	0.00003981	0.00003447	0
KCASH_USD	2018-03-28	0.00003970	0.00003892	0.00004052	0.00003865	0
KCASH_USD	2018-03-27	0.00003892	0.00004062	0.00004103	0.00003871	0
KCASH_USD	2018-03-26	0.00004062	0.00004223	0.00004246	0.00003924	0
KCASH_USD	2018-03-25	0.00004223	0.00004253	0.00004329	0.00004187	0
KCASH_USD	2018-03-24	0.00004253	0.00004451	0.00004505	0.00004248	0
KCASH_USD	2018-03-23	0.00004451	0.00004358	0.00004452	0.00004137	0
KCASH_USD	2018-03-22	0.00004358	0.00004450	0.00004543	0.00004239	0
KCASH_USD	2018-03-21	0.00004450	0.00004448	0.00004583	0.00004380	0
KCASH_USD	2018-03-20	0.00004448	0.00004300	0.00004512	0.00004157	0
KCASH_USD	2018-03-19	0.00004300	0.00004104	0.00004349	0.00004056	0
KCASH_USD	2018-03-18	0.00004104	0.00003935	0.00004133	0.00003662	0
KCASH_USD	2018-03-17	0.00003935	0.00004146	0.00004170	0.00003875	0
KCASH_USD	2018-03-16	0.00004146	0.00004127	0.00004295	0.00003952	0
KCASH_USD	2018-03-15	0.00004127	0.00004092	0.00004202	0.00003840	0
KCASH_USD	2018-03-14	0.00004092	0.00004567	0.00004676	0.00003962	0
KCASH_USD	2018-03-13	0.00004567	0.00004560	0.00004737	0.00004423	0
KCASH_USD	2018-03-12	0.00004560	0.00004755	0.00004946	0.00004401	0
KCASH_USD	2018-03-11	0.00004755	0.00004378	0.00004856	0.00004215	0
KCASH_USD	2018-03-10	0.00004378	0.00004610	0.00004749	0.00004356	0
KCASH_USD	2018-03-09	0.00004610	0.00004649	0.00004710	0.00004175	0
KCASH_USD	2018-03-08	0.00004649	0.00004941	0.00005042	0.00004522	0
KCASH_USD	2018-03-07	0.00004937	0.00005361	0.00005449	0.00004717	0
KCASH_USD	2018-03-06	0.00005361	0.00005744	0.00005744	0.00005291	0
KCASH_USD	2018-03-05	0.00005744	0.00005754	0.00005848	0.00005741	0
KCASH_USD	2018-03-04	0.00005718	0.00005718	0.00005718	0.00005718	0
KCASH_USD	2018-03-03	0.00005512	0.00005512	0.00005512	0.00005512	0
KCASH_USD	2018-03-02	0.00005463	0.00005463	0.00005463	0.00005463	0
