KIND_USD	2018-10-07	0.005471	0.005471	0.005471	0.005471	0
KIND_USD	2018-10-06	0.005471	0.005471	0.005471	0.005471	0
KIND_USD	2018-10-04	0.005589	0.005589	0.005589	0.005589	0
KIND_USD	2018-10-03	0.005589	0.005591	0.005591	0.005589	0
KIND_USD	2018-10-02	0.005591	0.005581	0.005591	0.005581	0
KIND_USD	2018-10-01	0.005581	0.005581	0.005581	0.005581	0
KIND_USD	2018-09-29	0.005715	0.005715	0.005715	0.005715	0
KIND_USD	2018-09-28	0.005715	0.005463	0.005715	0.005463	0
KIND_USD	2018-09-27	0.005463	0.005517	0.005517	0.005463	0
KIND_USD	2018-09-26	0.005474	0.005474	0.005474	0.005474	0
KIND_USD	2018-09-25	0.005474	0.005713	0.005713	0.005474	0
KIND_USD	2018-09-24	0.005713	0.005865	0.005865	0.005713	0
KIND_USD	2018-09-23	0.005567	0.005567	0.005567	0.005567	0
KIND_USD	2018-09-22	0.005567	0.005567	0.005567	0.005567	0
KIND_USD	2018-09-21	0.005631	0.005631	0.005631	0.005631	0
KIND_USD	2018-09-20	0.005631	0.005504	0.005631	0.005504	0
KIND_USD	2018-09-19	0.005504	0.005392	0.005517	0.005392	0
KIND_USD	2018-09-18	0.005392	0.005608	0.005608	0.005392	0
KIND_USD	2018-09-17	0.005595	0.005595	0.005595	0.005595	0
KIND_USD	2018-09-16	0.005828	0.005828	0.005828	0.005828	0
KIND_USD	2018-09-15	0.005763	0.006101	0.006101	0.005763	0
KIND_USD	2018-09-14	0.006101	0.006101	0.006101	0.006101	0
KIND_USD	2018-09-13	0.006117	0.006117	0.006117	0.006117	0
KIND_USD	2018-09-12	0.005315	0.005315	0.005315	0.005315	0
KIND_USD	2018-09-11	0.005315	0.005315	0.005315	0.005315	0
KIND_USD	2018-09-10	0.005492	0.005492	0.005492	0.005492	0
KIND_USD	2018-09-09	0.005676	0.005676	0.005676	0.005676	0
KIND_USD	2018-09-08	0.005676	0.005676	0.005676	0.005676	0
KIND_USD	2018-09-07	0.005878	0.006195	0.006195	0.005878	0
KIND_USD	2018-09-06	0.006195	0.005979	0.006195	0.005979	0
KIND_USD	2018-09-05	0.007354	0.007354	0.007354	0.007354	0
KIND_USD	2018-09-04	0.007354	0.007354	0.007354	0.007354	0
KIND_USD	2018-09-03	0.007159	0.007159	0.007159	0.007159	0
KIND_USD	2018-09-01	0.005976	0.005976	0.005976	0.005976	0
KIND_USD	2018-08-31	0.005976	0.005720	0.005976	0.005720	0
KIND_USD	2018-08-30	0.005720	0.006186	0.006186	0.005720	0
KIND_USD	2018-08-29	0.006186	0.006458	0.006458	0.005978	0
KIND_USD	2018-08-28	0.006458	0.005721	0.006458	0.005721	0
KIND_USD	2018-08-27	0.005721	0.005925	0.005925	0.005721	0
KIND_USD	2018-08-26	0.005733	0.005733	0.005733	0.005733	0
KIND_USD	2018-08-25	0.005350	0.005350	0.005350	0.005350	0
KIND_USD	2018-08-24	0.005350	0.005314	0.005350	0.005314	0
KIND_USD	2018-08-23	0.005019	0.005019	0.005019	0.005019	0
KIND_USD	2018-08-22	0.005019	0.005209	0.005209	0.005019	0
KIND_USD	2018-08-21	0.005209	0.005207	0.005254	0.005207	0
KIND_USD	2018-08-20	0.005207	0.005207	0.005207	0.005207	0
KIND_USD	2018-08-19	0.005475	0.005389	0.005475	0.005389	0
KIND_USD	2018-08-18	0.005389	0.005963	0.005963	0.005389	0
KIND_USD	2018-08-17	0.005480	0.005480	0.005480	0.005480	0
KIND_USD	2018-08-16	0.005443	0.005443	0.005443	0.005443	0
KIND_USD	2018-08-15	0.005443	0.005194	0.005443	0.005194	0
KIND_USD	2018-08-11	0.005773	0.005773	0.005773	0.005773	0
KIND_USD	2018-08-10	0.005773	0.005859	0.005859	0.005773	0
KIND_USD	2018-08-07	0.005884	0.005884	0.005884	0.005884	0
KIND_USD	2018-08-06	0.005884	0.012990	0.012990	0.005884	0
KIND_USD	2018-08-04	0.006697	0.006697	0.006697	0.006697	0
KIND_USD	2018-08-03	0.006697	0.006360	0.007594	0.006360	0
KIND_USD	2018-08-02	0.006360	0.008085	0.008085	0.006360	0
KIND_USD	2018-08-01	0.008085	0.006870	0.008085	0.006870	0
KIND_USD	2018-07-31	0.006870	0.007980	0.007980	0.006870	0
KIND_USD	2018-07-30	0.007385	0.007385	0.007385	0.007385	0
KIND_USD	2018-07-28	0.007421	0.007421	0.007421	0.007421	0
KIND_USD	2018-07-27	0.007421	0.008617	0.008617	0.007301	0
KIND_USD	2018-07-26	0.008617	0.011903	0.011903	0.008617	0
KIND_USD	2018-07-25	0.011903	0.011483	0.011903	0.011483	0
KIND_USD	2018-07-24	0.011483	0.011483	0.011483	0.011483	0
KIND_USD	2018-07-21	0.018905	0.018905	0.018905	0.018905	0
KIND_USD	2018-07-20	0.018905	0.013111	0.018905	0.012475	0
KIND_USD	2018-07-19	0.013111	0.012000	0.013111	0.012000	0
KIND_USD	2018-07-18	0.012000	0.011092	0.012000	0.011092	0
KIND_USD	2018-07-17	0.011092	0.011437	0.011437	0.011092	0
KIND_USD	2018-07-14	0.011215	0.011215	0.011215	0.011215	0
KIND_USD	2018-07-13	0.011215	0.010613	0.011215	0.010613	0
KIND_USD	2018-07-12	0.017439	0.017439	0.017439	0.017439	0
KIND_USD	2018-07-11	0.017439	0.011519	0.017439	0.011519	0
KIND_USD	2018-07-10	0.015858	0.015858	0.015858	0.015858	0
KIND_USD	2018-07-09	0.015858	0.015298	0.015858	0.015298	0
KIND_USD	2018-07-07	0.012907	0.012907	0.012907	0.012907	0
KIND_USD	2018-07-06	0.012907	0.017398	0.017398	0.012907	0
KIND_USD	2018-07-05	0.017398	0.017929	0.017929	0.017398	0
KIND_USD	2018-07-04	0.013870	0.013870	0.013870	0.013870	0
KIND_USD	2018-07-03	0.013870	0.013956	1.275194	0.012166	0
KIND_USD	2018-07-02	0.013956	0.015064	0.015064	0.013956	0
KIND_USD	2018-07-01	0.018729	0.020000	0.020000	0.012468	0
KIND_USD	2018-06-30	0.020000	0.011903	0.020000	0.011903	0
KIND_USD	2018-06-29	0.011903	0.012442	0.013587	0.011903	0
KIND_USD	2018-06-28	0.013620	0.011952	0.013620	0.011693	0
KIND_USD	2018-06-27	0.011952	0.012617	0.012617	0.011952	0
KIND_USD	2018-06-26	0.012617	0.013733	0.013733	0.011991	0
KIND_USD	2018-06-25	0.013733	0.012609	0.015092	0.012609	0
KIND_USD	2018-06-24	0.012609	0.012609	0.012609	0.012609	0
KIND_USD	2018-06-23	0.012609	0.012636	0.013633	0.012609	0
KIND_USD	2018-06-22	0.012636	0.013803	0.013803	0.012636	0
KIND_USD	2018-06-21	0.015332	0.017362	0.017362	0.015026	0
KIND_USD	2018-06-20	0.017362	0.015035	0.017712	0.015035	0
KIND_USD	2018-06-19	0.015035	0.014564	0.016735	0.014564	0
KIND_USD	2018-06-18	0.014090	0.015526	0.015526	0.013193	0
KIND_USD	2018-06-17	0.015526	0.014583	0.015526	0.013111	0
KIND_USD	2018-06-16	0.014763	0.014992	0.014992	0.014061	0
KIND_USD	2018-06-15	0.014992	0.014269	0.018976	0.014269	0
KIND_USD	2018-06-14	0.014269	0.014110	0.014269	0.013044	0
KIND_USD	2018-06-13	0.019000	0.023224	0.026887	0.019000	0
KIND_USD	2018-06-12	0.028988	0.029888	0.029888	0.020088	0
KIND_USD	2018-06-11	0.029888	0.027663	0.029888	0.019000	0
KIND_USD	2018-06-10	0.020000	0.019387	0.022978	0.019387	0
KIND_USD	2018-06-09	0.019387	0.020258	0.023681	0.019387	0
KIND_USD	2018-06-08	0.020258	0.021315	0.021315	0.020258	0
KIND_USD	2018-06-07	0.026773	0.022416	0.026773	0.020563	0
KIND_USD	2018-06-06	0.022416	0.018472	0.022416	0.018472	0
KIND_USD	2018-06-05	0.018472	0.018384	0.019118	0.018384	0
KIND_USD	2018-06-04	0.018384	0.017453	0.018384	0.017453	0
KIND_USD	2018-06-03	0.018581	0.019506	0.019506	0.018581	0
KIND_USD	2018-06-02	0.019506	0.018987	0.019506	0.018987	0
KIND_USD	2018-06-01	0.018987	0.018716	0.018987	0.018419	0
KIND_USD	2018-05-31	0.018716	0.018139	0.019877	0.018139	0
KIND_USD	2018-05-30	0.018139	0.019331	0.019408	0.018139	0
KIND_USD	2018-05-29	0.019331	0.017748	0.019331	0.017748	0
KIND_USD	2018-05-28	0.017748	0.022042	0.022042	0.017748	0
KIND_USD	2018-05-27	0.022042	0.019920	0.029945	0.019920	0
KIND_USD	2018-05-26	0.019920	0.019030	0.019920	0.019030	0
KIND_USD	2018-05-25	0.019030	0.019425	0.019425	0.019030	0
KIND_USD	2018-05-24	0.019425	0.019466	0.019936	0.019425	0
KIND_USD	2018-05-23	0.019466	0.023491	0.023491	0.019466	0
KIND_USD	2018-05-22	0.023491	0.023720	0.024584	0.023491	0
KIND_USD	2018-05-21	0.023720	0.029586	0.029586	0.023720	0
KIND_USD	2018-05-20	0.029586	0.025210	0.029586	0.022471	0
KIND_USD	2018-05-19	0.025210	0.025210	0.025210	0.025210	0
KIND_USD	2018-05-18	0.025210	0.023834	0.029184	0.023311	0
KIND_USD	2018-05-17	0.023834	0.022423	0.027227	0.022423	0
KIND_USD	2018-05-16	0.022423	0.023865	0.023865	0.022423	0
KIND_USD	2018-05-15	0.023865	0.027843	0.027843	0.023865	0
KIND_USD	2018-05-14	0.027843	0.030097	0.030097	0.025612	0
KIND_USD	2018-05-13	0.030097	0.025500	0.030097	0.025500	0
KIND_USD	2018-05-12	0.025500	0.025500	0.025500	0.025500	0
KIND_USD	2018-05-11	0.025500	0.029863	0.029863	0.024838	0
KIND_USD	2018-05-10	0.029863	0.032225	0.037883	0.029863	0
KIND_USD	2018-05-09	0.032225	0.034325	0.034325	0.032225	0
KIND_USD	2018-05-08	0.034325	0.034325	0.034325	0.034325	0
KIND_USD	2018-05-07	0.034325	0.034325	0.034325	0.034325	0
KIND_USD	2018-05-06	0.034325	0.034325	0.034325	0.034325	0
KIND_USD	2018-05-05	0.034325	0.034325	0.034325	0.034325	0
KIND_USD	2018-05-04	0.034325	0.025102	0.034325	0.024325	0
KIND_USD	2018-05-03	0.025102	0.024036	0.025102	0.024036	0
KIND_USD	2018-05-02	0.024036	0.023212	0.024036	0.022690	0
KIND_USD	2018-05-01	0.023212	0.033834	0.033834	0.023212	0
KIND_USD	2018-04-30	0.033834	0.033135	0.033834	0.023834	0
KIND_USD	2018-04-27	0.033135	0.033135	0.033135	0.033135	0
KIND_USD	2018-04-26	0.033135	0.033005	0.033135	0.033005	0
KIND_USD	2018-04-25	0.033005	0.025820	0.033135	0.023005	0
KIND_USD	2018-04-24	0.025820	0.025188	0.025820	0.025188	0
KIND_USD	2018-04-23	0.025188	0.025442	0.025442	0.024466	0
KIND_USD	2018-04-22	0.025442	0.024932	0.025442	0.024932	0
KIND_USD	2018-04-21	0.024932	0.025498	0.025498	0.024033	0
KIND_USD	2018-04-20	0.025498	0.024336	0.025498	0.024336	0
KIND_USD	2018-04-19	0.024336	0.022036	0.024336	0.022036	0
KIND_USD	2018-04-18	0.022036	0.020844	0.022151	0.020844	0
KIND_USD	2018-04-17	0.020844	0.021059	0.022487	0.020844	0
KIND_USD	2018-04-16	0.021059	0.022583	0.022660	0.021059	0
KIND_USD	2018-04-15	0.022583	0.021138	0.022583	0.021138	0
KIND_USD	2018-04-14	0.021138	0.022115	0.022115	0.020590	0
KIND_USD	2018-04-13	0.022115	0.019913	0.022115	0.019679	0
KIND_USD	2018-04-12	0.019913	0.017813	0.019913	0.017813	0
KIND_USD	2018-04-11	0.017813	0.016539	0.033135	0.016539	0
KIND_USD	2018-04-10	0.016539	0.015192	0.016539	0.015192	0
KIND_USD	2018-04-09	0.015192	0.019009	0.019009	0.015192	0
KIND_USD	2018-04-08	0.019009	0.033135	0.033135	0.015809	0
KIND_USD	2018-04-07	0.033135	0.014726	0.033135	0.014726	0
KIND_USD	2018-04-06	0.014726	0.016689	0.016689	0.014726	0
KIND_USD	2018-04-05	0.016689	0.015607	0.016689	0.015204	0
KIND_USD	2018-04-04	0.015607	0.016934	0.016934	0.015607	0
KIND_USD	2018-04-03	0.016934	0.015961	0.016934	0.015560	0
KIND_USD	2018-04-02	0.015961	0.016346	0.018320	0.015479	0
KIND_USD	2018-04-01	0.016346	0.016113	0.016346	0.015590	0
KIND_USD	2018-03-31	0.016113	0.016018	0.016113	0.016018	0
KIND_USD	2018-03-30	0.016018	0.017285	0.017285	0.015578	0
KIND_USD	2018-03-29	0.017285	0.016830	0.017285	0.016571	0
KIND_USD	2018-03-28	0.016830	0.018163	0.018163	0.016830	0
KIND_USD	2018-03-27	0.018163	0.017611	0.033135	0.017138	1403
KIND_USD	2018-03-26	0.017611	0.018479	0.018479	0.017611	1403
KIND_USD	2018-03-25	0.018479	0.018457	0.018479	0.016737	1403
KIND_USD	2018-03-24	0.018457	0.018731	0.018731	0.018457	1403
KIND_USD	2018-03-23	0.018731	0.019416	0.019416	0.018419	1403
KIND_USD	2018-03-22	0.019416	0.027775	0.027775	0.019416	1403
KIND_USD	2018-03-21	0.027775	0.019902	0.027775	0.019902	1403
KIND_USD	2018-03-20	0.019902	0.019857	0.019902	0.019095	1403
KIND_USD	2018-03-19	0.019857	0.019299	0.033135	0.019130	1403
KIND_USD	2018-03-18	0.019299	0.018128	0.019299	0.018128	1403
KIND_USD	2018-03-17	0.018128	0.019700	0.019700	0.018128	1403
KIND_USD	2018-03-16	0.019700	0.019240	0.019998	0.019240	1403
KIND_USD	2018-03-15	0.019240	0.020912	0.020912	0.018757	1403
KIND_USD	2018-03-14	0.020912	0.021664	0.022220	0.020912	1403
KIND_USD	2018-03-13	0.021664	0.023369	0.033135	0.021664	1403
KIND_USD	2018-03-12	0.023369	0.024399	0.033135	0.023369	1403
KIND_USD	2018-03-11	0.024399	0.022705	0.024399	0.022705	1403
KIND_USD	2018-03-10	0.022705	0.023295	0.027878	0.022705	2024
KIND_USD	2018-03-09	0.023295	0.024165	0.033135	0.022295	390
KIND_USD	2018-03-08	0.024165	0.025373	0.033135	0.023767	728
KIND_USD	2018-03-07	0.025373	0.028903	0.033135	0.025373	1228
KIND_USD	2018-03-06	0.028903	0.033189	0.033189	0.028903	1125
KIND_USD	2018-03-05	0.033189	0.036034	0.036034	0.032689	1738
KIND_USD	2018-03-04	0.036034	0.035859	0.036034	0.033135	360
KIND_USD	2018-03-03	0.035859	0.035946	0.036716	0.033135	834
KIND_USD	2018-03-02	0.035946	0.033888	0.035946	0.033135	606
KIND_USD	2018-03-01	0.033888	0.030303	0.033888	0.030303	91
KIND_USD	2018-02-28	0.030303	0.029840	0.033135	0.029829	111
KIND_USD	2018-02-27	0.029840	0.029520	0.030330	0.029520	86
KIND_USD	2018-02-26	0.029520	0.026720	0.033135	0.026720	110
KIND_USD	2018-02-25	0.026720	0.027414	0.028778	0.026512	76
KIND_USD	2018-02-24	0.027414	0.027468	0.029001	0.027414	46
KIND_USD	2018-02-23	0.027468	0.026099	0.028779	0.026099	93
KIND_USD	2018-02-22	0.026099	0.029353	0.029353	0.026099	41
KIND_USD	2018-02-21	0.029353	0.034552	0.034552	0.028152	137
KIND_USD	2018-02-20	0.034552	0.033667	0.034552	0.032232	59
