KRM_USD	2019-04-09	0.006763	0.006305	0.006763	0.006123	0
KRM_USD	2019-04-08	0.006305	0.005613	0.006654	0.005613	0
KRM_USD	2019-04-07	0.005613	0.005639	0.006305	0.005316	0
KRM_USD	2019-04-06	0.005639	0.006152	0.006528	0.005490	0
KRM_USD	2019-04-05	0.006152	0.004663	0.006191	0.004632	0
KRM_USD	2019-04-04	0.004663	0.005676	0.006202	0.004602	0
KRM_USD	2019-04-03	0.005676	0.004784	0.006932	0.004700	0
KRM_USD	2019-04-02	0.004784	0.004115	0.004913	0.003980	0
KRM_USD	2019-04-01	0.004115	0.003543	0.004160	0.003509	0
KRM_USD	2019-03-31	0.003542	0.003499	0.003672	0.003282	0
KRM_USD	2019-03-30	0.003499	0.003385	0.003596	0.003378	0
KRM_USD	2019-03-29	0.003385	0.003561	0.003620	0.003271	0
KRM_USD	2019-03-28	0.003561	0.003508	0.003561	0.003394	0
KRM_USD	2019-03-27	0.003508	0.003393	0.003537	0.003265	0
KRM_USD	2019-03-26	0.003393	0.003275	0.003395	0.003165	0
KRM_USD	2019-03-25	0.003275	0.003314	0.003391	0.003212	0
KRM_USD	2019-03-24	0.003314	0.003332	0.003463	0.003047	0
KRM_USD	2019-03-23	0.003332	0.003320	0.003576	0.003166	0
KRM_USD	2019-03-22	0.003320	0.003357	0.003362	0.003073	0
KRM_USD	2019-03-21	0.003357	0.003487	0.003559	0.003325	0
KRM_USD	2019-03-20	0.003487	0.003533	0.003541	0.003380	0
KRM_USD	2019-03-19	0.003533	0.003768	0.003779	0.003499	0
KRM_USD	2019-03-18	0.003768	0.003865	0.003878	0.003631	0
KRM_USD	2019-03-17	0.003866	0.003681	0.003919	0.003546	0
KRM_USD	2019-03-16	0.003681	0.003303	0.003681	0.003272	0
KRM_USD	2019-03-15	0.003303	0.003298	0.003480	0.003284	0
KRM_USD	2019-03-14	0.003298	0.003178	0.003300	0.003130	0
KRM_USD	2019-03-13	0.003178	0.003104	0.003195	0.002999	0
KRM_USD	2019-03-12	0.003104	0.003023	0.003129	0.002965	0
KRM_USD	2019-03-11	0.003023	0.003080	0.003201	0.002941	0
KRM_USD	2019-03-10	0.003080	0.003574	0.003654	0.002729	0
KRM_USD	2019-03-09	0.003574	0.003152	0.003574	0.003147	0
KRM_USD	2019-03-08	0.003152	0.003033	0.003278	0.002932	0
KRM_USD	2019-03-07	0.003033	0.003517	0.003652	0.002678	0
KRM_USD	2019-03-06	0.003517	0.003575	0.003622	0.003452	0
KRM_USD	2019-03-05	0.003575	0.004408	0.004433	0.003122	0
KRM_USD	2019-03-04	0.004408	0.004681	0.004708	0.004361	0
KRM_USD	2019-03-03	0.004681	0.004715	0.004834	0.004528	0
KRM_USD	2019-03-02	0.004715	0.004955	0.005049	0.004714	0
KRM_USD	2019-03-01	0.004955	0.004675	0.005152	0.004672	0
KRM_USD	2019-02-28	0.004675	0.004759	0.004972	0.004491	0
KRM_USD	2019-02-27	0.004759	0.004678	0.004916	0.004586	0
KRM_USD	2019-02-26	0.004678	0.004689	0.004917	0.004517	0
KRM_USD	2019-02-25	0.004689	0.004100	0.004823	0.004099	0
KRM_USD	2019-02-24	0.004101	0.005034	0.005160	0.004010	0
KRM_USD	2019-02-23	0.005034	0.004227	0.005413	0.004196	0
KRM_USD	2019-02-22	0.004227	0.003990	0.004231	0.003819	0
KRM_USD	2019-02-21	0.003990	0.003939	0.003990	0.003502	0
KRM_USD	2019-02-20	0.003939	0.002994	0.004127	0.002976	0
KRM_USD	2019-02-19	0.002994	0.003124	0.003175	0.002969	0
KRM_USD	2019-02-18	0.003124	0.002876	0.003272	0.002868	0
KRM_USD	2019-02-17	0.002876	0.003033	0.003061	0.002827	0
KRM_USD	2019-02-16	0.003033	0.003316	0.003425	0.002962	0
KRM_USD	2019-02-15	0.003316	0.003639	0.003814	0.003082	0
KRM_USD	2019-02-14	0.003639	0.003155	0.003660	0.002872	0
KRM_USD	2019-02-13	0.003155	0.002771	0.003501	0.002575	0
KRM_USD	2019-02-12	0.002771	0.002650	0.002853	0.002593	0
KRM_USD	2019-02-11	0.002650	0.002679	0.002681	0.002413	0
KRM_USD	2019-02-10	0.002679	0.002566	0.002680	0.002464	0
KRM_USD	2019-02-09	0.002566	0.002868	0.002868	0.002321	0
KRM_USD	2019-02-08	0.002868	0.002663	0.003073	0.002342	0
KRM_USD	2019-02-07	0.002663	0.002951	0.002986	0.002613	0
KRM_USD	2019-02-06	0.002951	0.002827	0.002964	0.002765	0
KRM_USD	2019-02-05	0.002827	0.002845	0.002945	0.002806	0
KRM_USD	2019-02-04	0.002845	0.002924	0.002939	0.002772	0
KRM_USD	2019-02-03	0.002924	0.003079	0.003085	0.002898	0
KRM_USD	2019-02-02	0.003079	0.003379	0.003584	0.002906	0
KRM_USD	2019-02-01	0.003379	0.003258	0.003507	0.003101	0
KRM_USD	2019-01-31	0.003258	0.003371	0.003493	0.003058	0
KRM_USD	2019-01-30	0.003371	0.003287	0.003504	0.003148	0
KRM_USD	2019-01-29	0.003287	0.003449	0.003506	0.002752	0
KRM_USD	2019-01-28	0.003449	0.003795	0.003946	0.003178	0
KRM_USD	2019-01-27	0.003795	0.004105	0.004116	0.003795	0
KRM_USD	2019-01-26	0.004105	0.004264	0.004301	0.004102	0
KRM_USD	2019-01-25	0.004264	0.004255	0.004509	0.004130	0
KRM_USD	2019-01-24	0.004255	0.004344	0.004348	0.004165	0
KRM_USD	2019-01-23	0.004344	0.004076	0.004457	0.004056	0
KRM_USD	2019-01-22	0.004076	0.004243	0.004261	0.004027	0
KRM_USD	2019-01-21	0.004243	0.004196	0.004435	0.004071	0
KRM_USD	2019-01-20	0.004196	0.004781	0.004821	0.003934	0
KRM_USD	2019-01-19	0.004783	0.004907	0.005042	0.004764	0
KRM_USD	2019-01-18	0.004907	0.004762	0.005355	0.004729	0
KRM_USD	2019-01-17	0.004762	0.004846	0.004862	0.004652	0
KRM_USD	2019-01-16	0.004846	0.004954	0.005096	0.004787	0
KRM_USD	2019-01-15	0.004954	0.005136	0.005208	0.004905	0
KRM_USD	2019-01-14	0.005136	0.004939	0.005371	0.004853	0
KRM_USD	2019-01-13	0.004939	0.005276	0.005308	0.004897	0
KRM_USD	2019-01-12	0.005276	0.005424	0.005425	0.005221	0
KRM_USD	2019-01-11	0.005424	0.005346	0.006165	0.005280	0
KRM_USD	2019-01-10	0.005346	0.006533	0.006592	0.005199	0
KRM_USD	2019-01-09	0.006533	0.006190	0.007014	0.006175	0
KRM_USD	2019-01-08	0.006190	0.006665	0.006716	0.005890	0
KRM_USD	2019-01-07	0.006665	0.006841	0.007367	0.006660	0
KRM_USD	2019-01-06	0.006841	0.006435	0.012947	0.006423	0
KRM_USD	2019-01-05	0.006435	0.007143	0.007313	0.006267	0
KRM_USD	2019-01-04	0.007143	0.007332	0.007727	0.007008	0
KRM_USD	2019-01-03	0.007332	0.006359	0.008988	0.006059	0
KRM_USD	2019-01-02	0.006359	0.005957	0.006453	0.005760	0
KRM_USD	2019-01-01	0.005957	0.004750	0.006172	0.004744	0
KRM_USD	2018-12-31	0.004750	0.004734	0.004780	0.004330	0
KRM_USD	2018-12-30	0.004748	0.004776	0.004926	0.004587	0
KRM_USD	2018-12-29	0.004776	0.004945	0.005783	0.004690	0
KRM_USD	2018-12-28	0.004945	0.004401	0.005073	0.004370	0
KRM_USD	2018-12-27	0.004401	0.004794	0.005125	0.004339	0
KRM_USD	2018-12-26	0.004794	0.005096	0.005287	0.004490	0
KRM_USD	2018-12-25	0.005096	0.005762	0.005762	0.004948	0
KRM_USD	2018-12-24	0.005762	0.006351	0.006789	0.004930	0
KRM_USD	2018-12-23	0.006351	0.007199	0.007302	0.005836	0
KRM_USD	2018-12-22	0.007199	0.007110	0.007493	0.006914	0
KRM_USD	2018-12-21	0.007110	0.008008	0.008165	0.007069	0
KRM_USD	2018-12-20	0.008008	0.007010	0.008093	0.006961	0
KRM_USD	2018-12-19	0.007010	0.006973	0.008164	0.006940	0
KRM_USD	2018-12-18	0.006973	0.006924	0.007025	0.006667	0
KRM_USD	2018-12-17	0.006924	0.006220	0.007186	0.006128	0
KRM_USD	2018-12-16	0.006220	0.006311	0.006536	0.006205	0
KRM_USD	2018-12-15	0.006311	0.006284	0.006470	0.006134	0
KRM_USD	2018-12-14	0.006284	0.006384	0.006490	0.006179	0
KRM_USD	2018-12-13	0.006384	0.006544	0.006555	0.006159	0
KRM_USD	2018-12-12	0.006544	0.006331	0.006850	0.006250	0
KRM_USD	2018-12-11	0.006317	0.006503	0.006657	0.005880	0
KRM_USD	2018-12-10	0.006503	0.006927	0.007204	0.006495	0
KRM_USD	2018-12-09	0.006927	0.007152	0.007705	0.006832	0
KRM_USD	2018-12-08	0.007152	0.007246	0.007460	0.006750	0
KRM_USD	2018-12-07	0.007246	0.007381	0.007541	0.006484	0
KRM_USD	2018-12-06	0.007381	0.007703	0.007969	0.007120	0
KRM_USD	2018-12-05	0.007703	0.008303	0.008453	0.007703	0
KRM_USD	2018-12-04	0.008303	0.008040	0.008883	0.007810	0
KRM_USD	2018-12-03	0.008040	0.008486	0.008879	0.007596	0
KRM_USD	2018-12-02	0.008486	0.007998	0.009309	0.007845	0
KRM_USD	2018-12-01	0.007998	0.008743	0.008914	0.007731	0
KRM_USD	2018-11-30	0.008743	0.009508	0.009586	0.008587	0
KRM_USD	2018-11-29	0.009508	0.010378	0.010800	0.009197	0
KRM_USD	2018-11-28	0.010378	0.009167	0.010746	0.008950	0
KRM_USD	2018-11-27	0.009167	0.009526	0.011011	0.008949	0
KRM_USD	2018-11-26	0.009526	0.010529	0.011071	0.009296	0
KRM_USD	2018-11-25	0.010529	0.011556	0.011662	0.009140	0
KRM_USD	2018-11-24	0.011556	0.012959	0.013229	0.011235	0
KRM_USD	2018-11-23	0.012959	0.013023	0.013086	0.012307	0
KRM_USD	2018-11-22	0.013023	0.013827	0.013962	0.013023	0
KRM_USD	2018-11-21	0.013827	0.013560	0.014031	0.013090	0
KRM_USD	2018-11-20	0.013560	0.015258	0.015568	0.013019	0
KRM_USD	2018-11-19	0.015258	0.016469	0.020551	0.015235	0
KRM_USD	2018-11-18	0.016469	0.017893	0.018076	0.015884	0
KRM_USD	2018-11-17	0.017893	0.017944	0.018797	0.017605	0
KRM_USD	2018-11-16	0.017944	0.019009	0.019026	0.017609	0
KRM_USD	2018-11-15	0.019009	0.019302	0.019485	0.017957	0
KRM_USD	2018-11-14	0.019302	0.021559	0.021919	0.018561	0
KRM_USD	2018-11-13	0.021559	0.021210	0.021762	0.020860	0
KRM_USD	2018-11-12	0.021210	0.022351	0.024060	0.020491	0
KRM_USD	2018-11-11	0.022351	0.022284	0.022469	0.021863	0
KRM_USD	2018-11-10	0.022284	0.020737	0.022660	0.020719	0
KRM_USD	2018-11-09	0.020737	0.020994	0.021149	0.020449	0
KRM_USD	2018-11-08	0.020994	0.021065	0.021466	0.020438	0
KRM_USD	2018-11-07	0.021065	0.021924	0.022327	0.020927	0
KRM_USD	2018-11-06	0.021924	0.020284	0.022591	0.019921	0
KRM_USD	2018-11-05	0.020284	0.020007	0.020786	0.019782	0
KRM_USD	2018-11-04	0.020007	0.020665	0.020719	0.019928	0
KRM_USD	2018-11-03	0.020665	0.020663	0.020797	0.019914	0
KRM_USD	2018-11-02	0.020663	0.020127	0.020868	0.019673	0
KRM_USD	2018-11-01	0.020127	0.018500	0.020488	0.018362	0
KRM_USD	2018-10-31	0.018500	0.019053	0.019101	0.018207	0
KRM_USD	2018-10-30	0.019053	0.019857	0.019940	0.018913	0
KRM_USD	2018-10-29	0.019857	0.020736	0.020887	0.019654	0
KRM_USD	2018-10-28	0.020736	0.020735	0.020815	0.020240	0
KRM_USD	2018-10-27	0.020735	0.020737	0.021448	0.020556	0
KRM_USD	2018-10-26	0.020737	0.022881	0.022990	0.020611	0
KRM_USD	2018-10-25	0.022881	0.023332	0.023421	0.021461	0
KRM_USD	2018-10-24	0.023332	0.022237	0.023567	0.022169	0
KRM_USD	2018-10-23	0.022237	0.021869	0.024294	0.021333	0
KRM_USD	2018-10-22	0.021869	0.023322	0.023520	0.021448	0
KRM_USD	2018-10-21	0.023322	0.020185	0.024083	0.020179	0
KRM_USD	2018-10-20	0.020185	0.022355	0.023822	0.020141	0
KRM_USD	2018-10-19	0.022355	0.022650	0.022708	0.021976	0
KRM_USD	2018-10-18	0.022650	0.024313	0.025828	0.022436	0
KRM_USD	2018-10-17	0.024313	0.024498	0.024785	0.024037	0
KRM_USD	2018-10-16	0.024498	0.024709	0.025328	0.024189	0
KRM_USD	2018-10-15	0.024709	0.024541	0.030032	0.023819	0
KRM_USD	2018-10-14	0.024541	0.023440	0.025395	0.023430	0
KRM_USD	2018-10-13	0.023440	0.023299	0.025019	0.023299	0
KRM_USD	2018-10-12	0.023299	0.023364	0.023816	0.022230	0
KRM_USD	2018-10-11	0.023364	0.025526	0.025659	0.022168	0
KRM_USD	2018-10-10	0.025526	0.027019	0.027137	0.024914	0
KRM_USD	2018-10-09	0.027019	0.028428	0.028457	0.026920	0
KRM_USD	2018-10-08	0.028428	0.027955	0.028465	0.027955	0
KRM_USD	2018-10-07	0.027955	0.026994	0.028094	0.026494	0
KRM_USD	2018-10-06	0.026994	0.027974	0.028220	0.026473	0
KRM_USD	2018-10-05	0.027974	0.025596	0.028201	0.025406	0
KRM_USD	2018-10-04	0.025596	0.026630	0.027205	0.025302	0
KRM_USD	2018-10-03	0.026630	0.026741	0.027447	0.026042	0
KRM_USD	2018-10-02	0.026741	0.027196	0.028006	0.026687	0
KRM_USD	2018-10-01	0.027196	0.026343	0.027804	0.026343	0
KRM_USD	2018-09-30	0.026343	0.026881	0.029311	0.026150	0
KRM_USD	2018-09-29	0.026881	0.025644	0.028295	0.025152	0
KRM_USD	2018-09-28	0.025644	0.025385	0.027111	0.025298	0
KRM_USD	2018-09-27	0.025385	0.025235	0.027066	0.024794	0
KRM_USD	2018-09-26	0.025235	0.027058	0.027367	0.025016	0
KRM_USD	2018-09-25	0.027058	0.027789	0.027789	0.026072	0
KRM_USD	2018-09-24	0.027789	0.029025	0.029427	0.027663	0
KRM_USD	2018-09-23	0.029025	0.028174	0.029786	0.027923	0
KRM_USD	2018-09-22	0.028174	0.034539	0.035353	0.026702	0
KRM_USD	2018-09-21	0.034539	0.031137	0.036166	0.031131	0
KRM_USD	2018-09-20	0.031137	0.029434	0.031726	0.029004	0
KRM_USD	2018-09-19	0.029434	0.029525	0.030010	0.027982	0
KRM_USD	2018-09-18	0.029525	0.029397	0.030348	0.029075	0
KRM_USD	2018-09-17	0.029397	0.031615	0.031901	0.028924	0
KRM_USD	2018-09-16	0.031615	0.030905	0.032585	0.029779	0
KRM_USD	2018-09-15	0.030905	0.032015	0.032166	0.030830	0
KRM_USD	2018-09-14	0.032015	0.029399	0.032883	0.029365	0
KRM_USD	2018-09-13	0.029399	0.026424	0.029685	0.026413	0
KRM_USD	2018-09-12	0.026424	0.026166	0.026717	0.025095	0
KRM_USD	2018-09-11	0.026166	0.027535	0.028192	0.024957	0
KRM_USD	2018-09-10	0.027535	0.027111	0.028590	0.026869	0
KRM_USD	2018-09-09	0.027111	0.025699	0.028558	0.025647	0
KRM_USD	2018-09-08	0.025699	0.027601	0.029069	0.025472	0
KRM_USD	2018-09-07	0.027601	0.029508	0.030348	0.027168	0
KRM_USD	2018-09-06	0.029508	0.031341	0.032504	0.028046	0
KRM_USD	2018-09-05	0.031341	0.037678	0.039151	0.031318	0
KRM_USD	2018-09-04	0.037678	0.037440	0.038088	0.036679	0
KRM_USD	2018-09-03	0.037440	0.037400	0.037874	0.036829	0
KRM_USD	2018-09-02	0.037400	0.036347	0.037478	0.035901	0
KRM_USD	2018-09-01	0.036347	0.034185	0.036846	0.034148	0
KRM_USD	2018-08-31	0.034185	0.035460	0.035460	0.034096	0
KRM_USD	2018-08-30	0.035460	0.034774	0.035460	0.033659	0
KRM_USD	2018-08-29	0.034774	0.035251	0.035459	0.034124	0
KRM_USD	2018-08-28	0.035251	0.032479	0.035434	0.032328	0
KRM_USD	2018-08-27	0.032479	0.031999	0.034423	0.031561	0
KRM_USD	2018-08-26	0.031999	0.032112	0.032700	0.030665	0
KRM_USD	2018-08-25	0.032112	0.032366	0.032690	0.030809	0
KRM_USD	2018-08-24	0.032366	0.030351	0.032648	0.030019	0
KRM_USD	2018-08-23	0.030351	0.029582	0.031393	0.029399	0
KRM_USD	2018-08-22	0.029582	0.031650	0.034087	0.028889	0
KRM_USD	2018-08-21	0.031650	0.028492	0.031723	0.028438	0
KRM_USD	2018-08-20	0.028492	0.029929	0.030093	0.028378	0
KRM_USD	2018-08-19	0.029929	0.030292	0.031289	0.029124	0
KRM_USD	2018-08-18	0.030292	0.031264	0.033637	0.029926	0
KRM_USD	2018-08-17	0.031264	0.029128	0.031590	0.029042	0
KRM_USD	2018-08-16	0.029128	0.028122	0.031046	0.027925	0
KRM_USD	2018-08-15	0.028122	0.029012	0.030889	0.027726	0
KRM_USD	2018-08-14	0.029012	0.029916	0.032066	0.025551	0
KRM_USD	2018-08-13	0.029916	0.034695	0.035596	0.029851	0
KRM_USD	2018-08-12	0.034695	0.034790	0.035958	0.034516	0
KRM_USD	2018-08-11	0.034790	0.035480	0.036304	0.033608	0
KRM_USD	2018-08-10	0.035480	0.037737	0.038673	0.034663	0
KRM_USD	2018-08-09	0.037737	0.035439	0.038890	0.035324	0
KRM_USD	2018-08-08	0.035439	0.037452	0.037494	0.034436	0
KRM_USD	2018-08-07	0.037452	0.041107	0.041398	0.037303	0
KRM_USD	2018-08-06	0.041107	0.037062	0.042660	0.036912	0
KRM_USD	2018-08-05	0.037062	0.039163	0.039991	0.036072	0
KRM_USD	2018-08-04	0.039163	0.039825	0.042669	0.037281	0
KRM_USD	2018-08-03	0.039825	0.044270	0.044270	0.039613	0
KRM_USD	2018-08-02	0.044270	0.041892	0.044556	0.041313	0
KRM_USD	2018-08-01	0.041892	0.044224	0.044224	0.040612	0
KRM_USD	2018-07-31	0.044224	0.049926	0.050250	0.043136	0
KRM_USD	2018-07-30	0.049926	0.054265	0.055435	0.049722	0
KRM_USD	2018-07-29	0.054265	0.055453	0.055453	0.050578	0
KRM_USD	2018-07-28	0.055453	0.056277	0.056401	0.054422	0
KRM_USD	2018-07-27	0.056277	0.056318	0.057143	0.051783	0
KRM_USD	2018-07-26	0.056318	0.056713	0.057925	0.055700	0
KRM_USD	2018-07-25	0.056713	0.058807	0.060397	0.055677	0
KRM_USD	2018-07-24	0.058807	0.049560	0.059181	0.049434	0
KRM_USD	2018-07-23	0.049560	0.049886	0.052067	0.049166	0
KRM_USD	2018-07-22	0.049886	0.045197	0.051258	0.044765	0
KRM_USD	2018-07-21	0.045197	0.044471	0.045333	0.043482	0
KRM_USD	2018-07-20	0.044471	0.045140	0.046163	0.043621	0
KRM_USD	2018-07-19	0.045140	0.044234	0.045639	0.043603	0
KRM_USD	2018-07-18	0.044234	0.044944	0.046281	0.043355	0
KRM_USD	2018-07-17	0.044944	0.040688	0.045350	0.039389	0
KRM_USD	2018-07-16	0.040688	0.037731	0.041609	0.037326	0
KRM_USD	2018-07-15	0.037731	0.038032	0.039414	0.037129	0
KRM_USD	2018-07-14	0.038032	0.037942	0.038415	0.037299	0
KRM_USD	2018-07-13	0.037942	0.038603	0.038882	0.037141	0
KRM_USD	2018-07-12	0.038603	0.038553	0.038810	0.037257	0
KRM_USD	2018-07-11	0.038553	0.037963	0.038851	0.037178	0
KRM_USD	2018-07-10	0.037963	0.040193	0.041550	0.037695	0
KRM_USD	2018-07-09	0.040193	0.041187	0.041544	0.039090	0
KRM_USD	2018-07-08	0.041187	0.039827	0.042531	0.039518	0
KRM_USD	2018-07-07	0.039827	0.040664	0.040717	0.037443	0
KRM_USD	2018-07-06	0.040664	0.041890	0.042012	0.037228	0
KRM_USD	2018-07-05	0.041890	0.042011	0.044529	0.041524	0
KRM_USD	2018-07-04	0.042011	0.040267	0.042704	0.039085	0
KRM_USD	2018-07-03	0.040267	0.041227	0.043044	0.000561	0
KRM_USD	2018-07-02	0.041227	0.040475	0.041988	0.000000	0
KRM_USD	2018-07-01	0.040479	0.039596	0.040704	0.038093	0
KRM_USD	2018-06-30	0.039436	0.035107	0.041949	0.035047	0
KRM_USD	2018-06-29	0.035355	0.037173	0.038960	0.032864	0
KRM_USD	2018-06-28	0.037232	0.041398	0.043142	0.037049	0
KRM_USD	2018-06-27	0.041490	0.041796	0.042645	0.039462	0
KRM_USD	2018-06-26	0.041928	0.044536	0.045532	0.041703	0
KRM_USD	2018-06-25	0.044507	0.042992	0.045312	0.042648	0
KRM_USD	2018-06-24	0.043006	0.046908	0.047121	0.041210	0
KRM_USD	2018-06-23	0.046847	0.044534	0.047438	0.043498	0
KRM_USD	2018-06-22	0.044564	0.054449	0.055774	0.043784	0
KRM_USD	2018-06-21	0.054815	0.048165	0.056259	0.045404	0
KRM_USD	2018-06-20	0.048100	0.046690	0.051188	0.043698	0
KRM_USD	2018-06-19	0.046675	0.044933	0.047610	0.044762	0
KRM_USD	2018-06-18	0.044918	0.044489	0.046112	0.043324	0
KRM_USD	2018-06-17	0.044453	0.047518	0.047869	0.043828	0
KRM_USD	2018-06-16	0.047509	0.046929	0.047863	0.046115	0
KRM_USD	2018-06-15	0.046907	0.049880	0.049923	0.046239	0
KRM_USD	2018-06-14	0.049851	0.044789	0.051623	0.044407	0
KRM_USD	2018-06-13	0.044795	0.044957	0.046423	0.041946	0
KRM_USD	2018-06-12	0.044782	0.048195	0.050374	0.041460	0
KRM_USD	2018-06-11	0.048322	0.051832	0.052026	0.046985	0
KRM_USD	2018-06-10	0.051772	0.064787	0.064787	0.050743	0
KRM_USD	2018-06-09	0.064845	0.065263	0.066990	0.061130	0
KRM_USD	2018-06-08	0.065262	0.060986	0.066878	0.058083	0
KRM_USD	2018-06-07	0.061012	0.058859	0.064432	0.055281	0
KRM_USD	2018-06-06	0.058741	0.057593	0.059474	0.051727	0
KRM_USD	2018-06-05	0.057239	0.055269	0.060686	0.054937	0
KRM_USD	2018-06-04	0.055310	0.062053	0.062147	0.053006	0
KRM_USD	2018-06-03	0.062169	0.057782	0.062607	0.053833	0
KRM_USD	2018-06-02	0.057744	0.051636	0.058522	0.049075	0
KRM_USD	2018-06-01	0.051594	0.049743	0.052250	0.049111	0
KRM_USD	2018-05-31	0.049748	0.048471	0.053060	0.048248	0
KRM_USD	2018-05-30	0.048492	0.049308	0.051531	0.046832	0
KRM_USD	2018-05-29	0.049250	0.047172	0.050417	0.046856	0
KRM_USD	2018-05-28	0.047142	0.054827	0.055317	0.047069	0
KRM_USD	2018-05-27	0.054864	0.054309	0.058004	0.052692	0
KRM_USD	2018-05-26	0.054296	0.053948	0.059642	0.051987	0
KRM_USD	2018-05-25	0.053958	0.054964	0.057033	0.052881	0
KRM_USD	2018-05-24	0.055358	0.053611	0.055886	0.050019	0
KRM_USD	2018-05-23	0.053690	0.054444	0.055421	0.049631	0
KRM_USD	2018-05-22	0.054423	0.058600	0.059918	0.053638	0
KRM_USD	2018-05-21	0.058600	0.053500	0.062251	0.000000	0
KRM_USD	2018-05-20	0.053500	0.065000	0.065000	0.053500	905
KRM_USD	2018-05-19	0.065000	0.063000	0.072000	0.058000	2364
KRM_USD	2018-05-18	0.063000	0.064580	0.064580	0.063000	6047
KRM_USD	2018-05-17	0.065870	0.065870	0.065870	0.065870	0
KRM_USD	2018-05-16	0.000000	0.063240	0.063240	0.000000	0
KRM_USD	2018-05-15	0.063240	0.078850	0.078850	0.000000	2493
KRM_USD	2018-05-14	0.078850	0.000000	0.078850	0.000000	1446
KRM_USD	2018-05-13	0.000000	0.064290	0.064290	0.000000	0
KRM_USD	2018-05-12	0.064290	0.065280	0.065280	0.000000	265
KRM_USD	2018-05-11	0.065280	0.079270	0.079270	0.058010	6643
KRM_USD	2018-05-10	0.079270	0.079420	0.079420	0.066300	1888
KRM_USD	2018-05-09	0.079420	0.000000	0.080000	0.000000	8495
KRM_USD	2018-05-08	0.000000	0.063010	0.063010	0.000000	0
KRM_USD	2018-05-07	0.063010	0.051000	0.063010	0.000000	17
KRM_USD	2018-05-06	0.051000	0.064480	0.064480	0.051000	5200
KRM_USD	2018-05-05	0.064480	0.055790	0.064480	0.000000	100
KRM_USD	2018-05-04	0.055790	0.060000	0.060000	0.055790	665
KRM_USD	2018-05-03	0.060000	0.061350	0.062290	0.060000	307
KRM_USD	2018-05-02	0.061350	0.059930	0.061350	0.059930	670
KRM_USD	2018-05-01	0.059930	0.061210	0.066940	0.057400	6173
KRM_USD	2018-04-30	0.061210	0.060980	0.061210	0.051980	2769
KRM_USD	2018-04-29	0.060980	0.054170	0.060980	0.000000	100
KRM_USD	2018-04-28	0.054170	0.054170	0.054170	0.054170	0
KRM_USD	2018-04-27	0.054170	0.056010	0.056010	0.051060	3239
KRM_USD	2018-04-26	0.056010	0.058880	0.063500	0.051090	2691
KRM_USD	2018-04-25	0.058880	0.064000	0.064000	0.056560	3892
KRM_USD	2018-04-24	0.064000	0.069000	0.069000	0.062000	222
KRM_USD	2018-04-23	0.069000	0.056100	0.069000	0.056100	137
KRM_USD	2018-04-22	0.056100	0.068860	0.068860	0.055770	1605
KRM_USD	2018-04-21	0.068860	0.069000	0.069000	0.068450	102
KRM_USD	2018-04-20	0.069000	0.061810	0.069000	0.059060	8624
KRM_USD	2018-04-19	0.061810	0.042480	0.065980	0.042480	5974
KRM_USD	2018-04-18	0.042480	0.042480	0.042480	0.042480	0
KRM_USD	2018-04-17	0.042480	0.042480	0.042480	0.042480	0
KRM_USD	2018-04-16	0.042480	0.050000	0.050000	0.042480	176
KRM_USD	2018-04-15	0.050000	0.048620	0.050000	0.048620	113
KRM_USD	2018-04-14	0.048620	0.048620	0.048620	0.048620	0
KRM_USD	2018-04-13	0.048620	0.048620	0.048620	0.048620	0
KRM_USD	2018-04-12	0.048620	0.051700	0.051700	0.048620	244
KRM_USD	2018-04-11	0.051700	0.039750	0.051700	0.034560	962
KRM_USD	2018-04-10	0.039750	0.040760	0.041000	0.039750	7477
KRM_USD	2018-04-09	0.040760	0.028280	0.040800	0.028280	6471
KRM_USD	2018-04-08	0.028280	0.028280	0.028280	0.028280	0
KRM_USD	2018-04-07	0.028280	0.045130	0.045130	0.028250	42
KRM_USD	2018-04-06	0.045130	0.026720	0.045130	0.026720	163
KRM_USD	2018-04-05	0.026720	0.049730	0.049730	0.026710	25
KRM_USD	2018-04-04	0.049730	0.049730	0.049730	0.049730	0
KRM_USD	2018-04-03	0.049730	0.041200	0.052040	0.041200	27
KRM_USD	2018-04-02	0.041200	0.049320	0.049320	0.041200	460
KRM_USD	2018-04-01	0.049320	0.041330	0.049320	0.041330	499
KRM_USD	2018-03-31	0.041330	0.045600	0.045600	0.041330	488
KRM_USD	2018-03-30	0.045600	0.055200	0.055950	0.045600	8214
KRM_USD	2018-03-29	0.055200	0.061440	0.071140	0.055200	8195
KRM_USD	2018-03-28	0.061440	0.071370	0.071370	0.061440	1
KRM_USD	2018-03-27	0.071370	0.071370	0.071370	0.071370	0
KRM_USD	2018-03-26	0.071370	0.000000	0.071370	0.000000	15
KRM_USD	2018-03-25	0.000000	0.061130	0.061130	0.000000	0
KRM_USD	2018-03-24	0.061130	0.068400	0.068540	0.061130	121
KRM_USD	2018-03-23	0.068400	0.076940	0.076940	0.068400	3752
KRM_USD	2018-03-22	0.076940	0.070960	0.077050	0.070960	1002
KRM_USD	2018-03-21	0.070960	0.091000	0.091540	0.070960	559
KRM_USD	2018-03-20	0.091000	0.072920	0.091000	0.055190	2256
KRM_USD	2018-03-19	0.072920	0.072920	0.072920	0.072920	0
KRM_USD	2018-03-18	0.072920	0.050010	0.072920	0.050010	60
KRM_USD	2018-03-17	0.050010	0.068920	0.099410	0.050010	1683
KRM_USD	2018-03-16	0.068920	0.080760	0.082210	0.068920	93
KRM_USD	2018-03-15	0.080760	0.080000	0.080760	0.068410	15841
KRM_USD	2018-03-14	0.080000	0.080010	0.080010	0.080000	474
KRM_USD	2018-03-13	0.080010	0.099410	0.099410	0.080010	358
KRM_USD	2018-03-12	0.099410	0.112240	0.112240	0.099410	496
KRM_USD	2018-03-11	0.112240	0.102670	0.118480	0.080930	827
KRM_USD	2018-03-10	0.102670	0.107710	0.110420	0.080300	859
KRM_USD	2018-03-09	0.107710	0.080300	0.109940	0.080000	2878
KRM_USD	2018-03-08	0.080300	0.086000	0.086000	0.080240	982
KRM_USD	2018-03-07	0.086000	0.082580	0.110400	0.080160	1529
KRM_USD	2018-03-06	0.082580	0.082580	0.082580	0.082580	0
KRM_USD	2018-03-05	0.082580	0.070290	0.082580	0.070290	100
KRM_USD	2018-03-04	0.070290	0.095540	0.095540	0.070290	458
KRM_USD	2018-03-03	0.095540	0.124580	0.124580	0.095540	439
KRM_USD	2018-03-02	0.124580	0.110000	0.124580	0.110000	1554
KRM_USD	2018-03-01	0.110000	0.107200	0.129890	0.100250	3703
KRM_USD	2018-02-28	0.107200	0.175310	0.175310	0.107200	2260
KRM_USD	2018-02-27	0.175310	0.124990	0.235310	0.124990	287
KRM_USD	2018-02-26	0.124990	0.132300	0.132300	0.105100	976
KRM_USD	2018-02-25	0.132300	0.135010	0.135010	0.132300	68
KRM_USD	2018-02-24	0.135010	0.149840	0.149840	0.135010	138
KRM_USD	2018-02-23	0.149840	0.135000	0.149840	0.135000	3617
KRM_USD	2018-02-22	0.135000	0.136000	0.136000	0.135000	24
KRM_USD	2018-02-21	0.136000	0.136030	0.141030	0.136000	385
KRM_USD	2018-02-20	0.136030	0.150020	0.150020	0.136030	1130
KRM_USD	2018-02-19	0.150020	0.150020	0.150020	0.136010	1244
KRM_USD	2018-02-18	0.150020	0.150090	0.271640	0.150020	804
KRM_USD	2018-02-17	0.150090	0.151000	0.161640	0.150080	514
KRM_USD	2018-02-16	0.151000	0.170850	0.170850	0.151000	1287
KRM_USD	2018-02-15	0.170850	0.139310	0.280000	0.139310	14300
KRM_USD	2018-02-14	0.139310	0.129630	0.139310	0.120060	6390
KRM_USD	2018-02-13	0.129630	0.116020	0.205800	0.116020	15085
KRM_USD	2018-02-12	0.116020	0.129890	0.131000	0.115000	178
KRM_USD	2018-02-11	0.129890	0.132600	0.132600	0.110150	410
KRM_USD	2018-02-10	0.132600	0.148740	0.189990	0.100060	1519
KRM_USD	2018-02-09	0.148740	0.139210	0.150000	0.094020	545
KRM_USD	2018-02-08	0.139210	0.094170	0.150000	0.094170	395
KRM_USD	2018-02-07	0.094170	0.100000	0.122440	0.094170	1774
KRM_USD	2018-02-06	0.100000	0.082270	0.100000	0.050000	14657
KRM_USD	2018-02-05	0.082270	0.110150	0.125000	0.080000	17276
KRM_USD	2018-02-04	0.110150	0.189390	0.189390	0.110100	1257
KRM_USD	2018-02-03	0.189390	0.122510	0.198490	0.100010	3204
KRM_USD	2018-02-02	0.122510	0.120000	0.126300	0.100000	970
