LTCR_USD	2019-04-09	0.000709	0.000718	0.000718	0.000698	0
LTCR_USD	2019-04-08	0.000718	0.000708	0.000724	0.000695	0
LTCR_USD	2019-04-07	0.000708	0.000686	0.000716	0.000685	0
LTCR_USD	2019-04-06	0.000686	0.000686	0.000712	0.000671	0
LTCR_USD	2019-04-05	0.000686	0.000765	0.000878	0.000676	0
LTCR_USD	2019-04-04	0.000765	0.000622	0.000813	0.000616	0
LTCR_USD	2019-04-03	0.000622	0.000616	0.000666	0.000606	0
LTCR_USD	2019-04-02	0.000616	0.000525	0.000635	0.000524	0
LTCR_USD	2019-04-01	0.000525	0.000479	0.000528	0.000475	0
LTCR_USD	2019-03-31	0.000479	0.000479	0.000481	0.000478	0
LTCR_USD	2019-03-30	0.000479	0.000481	0.000484	0.000474	0
LTCR_USD	2019-03-29	0.000481	0.000491	0.000502	0.000478	0
LTCR_USD	2019-03-28	0.000491	0.000492	0.000492	0.000488	0
LTCR_USD	2019-03-27	0.000492	0.000479	0.000493	0.000478	0
LTCR_USD	2019-03-26	0.000479	0.000496	0.000498	0.000477	0
LTCR_USD	2019-03-25	0.000496	0.000505	0.000506	0.000492	0
LTCR_USD	2019-03-24	0.000505	0.000508	0.000508	0.000502	0
LTCR_USD	2019-03-23	0.000508	0.000506	0.000510	0.000504	0
LTCR_USD	2019-03-22	0.000506	0.000506	0.000509	0.000504	0
LTCR_USD	2019-03-21	0.000506	0.000516	0.000518	0.000501	0
LTCR_USD	2019-03-20	0.000516	0.000513	0.000517	0.000509	0
LTCR_USD	2019-03-19	0.000513	0.000509	0.000515	0.000507	0
LTCR_USD	2019-03-18	0.000509	0.000509	0.000515	0.000505	0
LTCR_USD	2019-03-17	0.000509	0.000511	0.000511	0.000485	0
LTCR_USD	2019-03-16	0.000511	0.000480	0.000511	0.000480	0
LTCR_USD	2019-03-15	0.000480	0.000474	0.000481	0.000474	0
LTCR_USD	2019-03-14	0.000474	0.000474	0.000480	0.000467	0
LTCR_USD	2019-03-13	0.000474	0.000474	0.000476	0.000471	0
LTCR_USD	2019-03-12	0.000474	0.000474	0.000478	0.000468	0
LTCR_USD	2019-03-11	0.000474	0.000480	0.000481	0.000471	0
LTCR_USD	2019-03-10	0.000480	0.000442	0.000482	0.000436	0
LTCR_USD	2019-03-09	0.000442	0.000473	0.000483	0.000439	0
LTCR_USD	2019-03-08	0.000473	0.000496	0.000497	0.000465	0
LTCR_USD	2019-03-07	0.000496	0.000454	0.000496	0.000453	0
LTCR_USD	2019-03-06	0.000454	0.000435	0.000455	0.000430	0
LTCR_USD	2019-03-05	0.000435	0.000418	0.000456	0.000416	0
LTCR_USD	2019-03-04	0.000418	0.000466	0.000469	0.000414	0
LTCR_USD	2019-03-03	0.000466	0.000470	0.000471	0.000463	0
LTCR_USD	2019-03-02	0.000470	0.000470	0.000471	0.000463	0
LTCR_USD	2019-03-01	0.000470	0.000506	0.000513	0.000470	0
LTCR_USD	2019-02-28	0.000506	0.000507	0.000518	0.000487	0
LTCR_USD	2019-02-27	0.000507	0.000448	0.000511	0.000446	0
LTCR_USD	2019-02-26	0.000448	0.000471	0.000511	0.000446	0
LTCR_USD	2019-02-25	0.000471	0.000460	0.000476	0.000460	0
LTCR_USD	2019-02-24	0.000460	0.000505	0.000514	0.000458	0
LTCR_USD	2019-02-23	0.000505	0.000488	0.000511	0.000482	0
LTCR_USD	2019-02-22	0.000488	0.000481	0.000505	0.000479	0
LTCR_USD	2019-02-21	0.000481	0.000487	0.000495	0.000477	0
LTCR_USD	2019-02-20	0.000487	0.000479	0.000488	0.000476	0
LTCR_USD	2019-02-19	0.000479	0.000477	0.000490	0.000473	0
LTCR_USD	2019-02-18	0.000477	0.000430	0.000478	0.000428	0
LTCR_USD	2019-02-17	0.000430	0.000404	0.000448	0.000404	0
LTCR_USD	2019-02-16	0.000404	0.000403	0.000428	0.000403	0
LTCR_USD	2019-02-15	0.000403	0.000402	0.000409	0.000401	0
LTCR_USD	2019-02-14	0.000402	0.000440	0.000458	0.000401	0
LTCR_USD	2019-02-13	0.000440	0.000443	0.000458	0.000438	0
LTCR_USD	2019-02-12	0.000443	0.000442	0.000447	0.000437	0
LTCR_USD	2019-02-11	0.000442	0.000450	0.000450	0.000441	0
LTCR_USD	2019-02-10	0.000450	0.000446	0.000450	0.000440	0
LTCR_USD	2019-02-09	0.000446	0.000447	0.000449	0.000443	0
LTCR_USD	2019-02-08	0.000447	0.000412	0.000455	0.000411	0
LTCR_USD	2019-02-07	0.000412	0.000414	0.000415	0.000412	0
LTCR_USD	2019-02-06	0.000414	0.000421	0.000423	0.000411	0
LTCR_USD	2019-02-05	0.000421	0.000419	0.000422	0.000417	0
LTCR_USD	2019-02-04	0.000419	0.000420	0.000422	0.000417	0
LTCR_USD	2019-02-03	0.000420	0.000427	0.000428	0.000417	0
LTCR_USD	2019-02-02	0.000427	0.000425	0.000429	0.000420	0
LTCR_USD	2019-02-01	0.000425	0.000420	0.000427	0.000416	0
LTCR_USD	2019-01-31	0.000420	0.000424	0.000428	0.000418	0
LTCR_USD	2019-01-30	0.000424	0.000417	0.000440	0.000414	0
LTCR_USD	2019-01-29	0.000417	0.000403	0.000421	0.000403	0
LTCR_USD	2019-01-28	0.000403	0.000414	0.000414	0.000397	0
LTCR_USD	2019-01-27	0.000414	0.000400	0.000417	0.000390	0
LTCR_USD	2019-01-26	0.000400	0.000399	0.000426	0.000399	0
LTCR_USD	2019-01-25	0.000399	0.000420	0.000421	0.000395	0
LTCR_USD	2019-01-24	0.000420	0.000416	0.000422	0.000413	0
LTCR_USD	2019-01-23	0.000416	0.000418	0.000422	0.000413	0
LTCR_USD	2019-01-22	0.000418	0.000430	0.000457	0.000418	0
LTCR_USD	2019-01-21	0.000430	0.000430	0.000433	0.000426	0
LTCR_USD	2019-01-20	0.000430	0.000452	0.000456	0.000426	0
LTCR_USD	2019-01-19	0.000451	0.000441	0.000462	0.000441	0
LTCR_USD	2019-01-18	0.000441	0.000465	0.000465	0.000438	0
LTCR_USD	2019-01-17	0.000465	0.000459	0.000465	0.000452	0
LTCR_USD	2019-01-16	0.000459	0.000457	0.000467	0.000439	0
LTCR_USD	2019-01-15	0.000457	0.000469	0.000472	0.000450	0
LTCR_USD	2019-01-14	0.000469	0.000449	0.000475	0.000448	0
LTCR_USD	2019-01-13	0.000449	0.000444	0.000465	0.000430	0
LTCR_USD	2019-01-12	0.000444	0.000446	0.000448	0.000440	0
LTCR_USD	2019-01-11	0.000446	0.000464	0.000471	0.000440	0
LTCR_USD	2019-01-10	0.000464	0.000510	0.000517	0.000461	0
LTCR_USD	2019-01-09	0.000510	0.000512	0.000520	0.000504	0
LTCR_USD	2019-01-08	0.000512	0.000514	0.000526	0.000507	0
LTCR_USD	2019-01-07	0.000514	0.000521	0.000525	0.000510	0
LTCR_USD	2019-01-06	0.000521	0.000489	0.000978	0.000486	0
LTCR_USD	2019-01-05	0.000489	0.000495	0.000502	0.000488	0
LTCR_USD	2019-01-04	0.000495	0.000490	0.000498	0.000482	0
LTCR_USD	2019-01-03	0.000490	0.000506	0.000507	0.000488	0
LTCR_USD	2019-01-02	0.000506	0.000495	0.000509	0.000490	0
LTCR_USD	2019-01-01	0.000495	0.000479	0.000498	0.000474	0
LTCR_USD	2018-12-31	0.000479	0.000497	0.000498	0.000473	0
LTCR_USD	2018-12-30	0.000497	0.000485	0.000499	0.000481	0
LTCR_USD	2018-12-29	0.000485	0.000505	0.000511	0.000484	0
LTCR_USD	2018-12-28	0.000505	0.000464	0.000511	0.000462	0
LTCR_USD	2018-12-27	0.000464	0.000491	0.000495	0.000461	0
LTCR_USD	2018-12-26	0.000491	0.000488	0.000499	0.000477	0
LTCR_USD	2018-12-25	0.000488	0.000518	0.000519	0.000478	0
LTCR_USD	2018-12-24	0.000518	0.000509	0.000548	0.000509	0
LTCR_USD	2018-12-23	0.000509	0.000516	0.000526	0.000505	0
LTCR_USD	2018-12-22	0.000516	0.000496	0.000518	0.000490	0
LTCR_USD	2018-12-21	0.000496	0.000527	0.000536	0.000488	0
LTCR_USD	2018-12-20	0.000527	0.000476	0.000537	0.000473	0
LTCR_USD	2018-12-19	0.000476	0.000472	0.000513	0.000470	0
LTCR_USD	2018-12-18	0.000472	0.000453	0.000475	0.000444	0
LTCR_USD	2018-12-17	0.000453	0.000412	0.000463	0.000411	0
LTCR_USD	2018-12-16	0.000412	0.000411	0.000422	0.000410	0
LTCR_USD	2018-12-15	0.000411	0.000410	0.000422	0.000402	0
LTCR_USD	2018-12-14	0.000410	0.000369	0.000416	0.000355	0
LTCR_USD	2018-12-13	0.000369	0.000389	0.000390	0.000366	0
LTCR_USD	2018-12-12	0.000389	0.000394	0.000401	0.000382	0
LTCR_USD	2018-12-11	0.000397	0.000405	0.000408	0.000391	0
LTCR_USD	2018-12-10	0.000405	0.000419	0.000425	0.000400	0
LTCR_USD	2018-12-09	0.000419	0.000403	0.000434	0.000399	0
LTCR_USD	2018-12-08	0.000403	0.000398	0.000421	0.000381	0
LTCR_USD	2018-12-07	0.000398	0.000407	0.000414	0.000378	0
LTCR_USD	2018-12-06	0.000407	0.000414	0.000450	0.000404	0
LTCR_USD	2018-12-05	0.000414	0.000478	0.000489	0.000413	0
LTCR_USD	2018-12-04	0.000478	0.000429	0.000504	0.000424	0
LTCR_USD	2018-12-03	0.000429	0.000437	0.000467	0.000420	0
LTCR_USD	2018-12-02	0.000437	0.000446	0.000457	0.000433	0
LTCR_USD	2018-12-01	0.000446	0.000424	0.000477	0.000420	0
LTCR_USD	2018-11-30	0.000424	0.000474	0.000509	0.000416	0
LTCR_USD	2018-11-29	0.000474	0.000560	0.000563	0.000460	0
LTCR_USD	2018-11-28	0.000560	0.000466	0.000562	0.000466	0
LTCR_USD	2018-11-27	0.000466	0.000463	0.000473	0.000437	0
LTCR_USD	2018-11-26	0.000463	0.000493	0.000503	0.000446	0
LTCR_USD	2018-11-25	0.000493	0.000472	0.000504	0.000450	0
LTCR_USD	2018-11-24	0.000472	0.000531	0.000542	0.000460	0
LTCR_USD	2018-11-23	0.000531	0.000527	0.000538	0.000510	0
LTCR_USD	2018-11-22	0.000527	0.000631	0.000637	0.000525	0
LTCR_USD	2018-11-21	0.000631	0.000597	0.000659	0.000579	0
LTCR_USD	2018-11-20	0.000597	0.000716	0.000725	0.000561	0
LTCR_USD	2018-11-19	0.000716	0.000736	0.000736	0.000660	0
LTCR_USD	2018-11-18	0.000736	0.000703	0.000736	0.000679	0
LTCR_USD	2018-11-17	0.000703	0.000708	0.000708	0.000697	0
LTCR_USD	2018-11-16	0.000708	0.000719	0.000720	0.000694	0
LTCR_USD	2018-11-15	0.000719	0.000736	0.000741	0.000680	0
LTCR_USD	2018-11-14	0.000736	0.000808	0.000811	0.000713	0
LTCR_USD	2018-11-13	0.000808	0.000806	0.000812	0.000800	0
LTCR_USD	2018-11-12	0.000806	0.000807	0.000810	0.000802	0
LTCR_USD	2018-11-11	0.000807	0.000804	0.000807	0.000795	0
LTCR_USD	2018-11-10	0.000804	0.000803	0.000808	0.000802	0
LTCR_USD	2018-11-09	0.000803	0.000810	0.000813	0.000799	0
LTCR_USD	2018-11-08	0.000810	0.000854	0.000856	0.000810	0
LTCR_USD	2018-11-07	0.000854	0.000847	0.000859	0.000847	0
LTCR_USD	2018-11-06	0.000847	0.000841	0.000847	0.000838	0
LTCR_USD	2018-11-05	0.000841	0.000843	0.000844	0.000809	0
LTCR_USD	2018-11-04	0.000843	0.000830	0.000846	0.000827	0
LTCR_USD	2018-11-03	0.000830	0.000836	0.000836	0.000802	0
LTCR_USD	2018-11-02	0.000836	0.000800	0.000839	0.000800	0
LTCR_USD	2018-11-01	0.000800	0.000892	0.000924	0.000668	0
LTCR_USD	2018-10-31	0.000892	0.000886	0.000919	0.000875	0
LTCR_USD	2018-10-30	0.000886	0.000888	0.000924	0.000884	0
LTCR_USD	2018-10-29	0.000888	0.000909	0.000943	0.000885	0
LTCR_USD	2018-10-28	0.000909	0.000910	0.000943	0.000904	0
LTCR_USD	2018-10-27	0.000910	0.000947	0.000948	0.000907	0
LTCR_USD	2018-10-26	0.000947	0.000947	0.000948	0.000912	0
LTCR_USD	2018-10-25	0.000947	0.000918	0.000952	0.000915	0
LTCR_USD	2018-10-24	0.000918	0.000917	0.000953	0.000916	0
LTCR_USD	2018-10-23	0.000917	0.000919	0.000954	0.000915	0
LTCR_USD	2018-10-22	0.000919	0.000922	0.000957	0.000917	0
LTCR_USD	2018-10-21	0.000922	0.000955	0.000962	0.000922	0
LTCR_USD	2018-10-20	0.000955	0.000914	0.000955	0.000912	0
LTCR_USD	2018-10-19	0.000914	0.000959	0.000961	0.000913	0
LTCR_USD	2018-10-18	0.000959	0.000808	0.000975	0.000807	0
LTCR_USD	2018-10-17	0.000808	0.000811	0.000815	0.000802	0
LTCR_USD	2018-10-16	0.000811	0.000775	0.000812	0.000768	0
LTCR_USD	2018-10-15	0.000775	0.000792	0.000940	0.000765	0
LTCR_USD	2018-10-14	0.000792	0.000791	0.000800	0.000790	0
LTCR_USD	2018-10-13	0.000791	0.000850	0.000854	0.000788	0
LTCR_USD	2018-10-12	0.000850	0.000782	0.000857	0.000778	0
LTCR_USD	2018-10-11	0.000782	0.000928	0.000928	0.000779	0
LTCR_USD	2018-10-10	0.000928	0.000933	0.000933	0.000886	0
LTCR_USD	2018-10-09	0.000933	0.000901	0.000934	0.000892	0
LTCR_USD	2018-10-08	0.000901	0.000891	0.000907	0.000889	0
LTCR_USD	2018-10-07	0.000891	0.000989	0.000991	0.000888	0
LTCR_USD	2018-10-06	0.000989	0.000997	0.000997	0.000985	0
LTCR_USD	2018-10-05	0.000997	0.000987	0.001000	0.000982	0
LTCR_USD	2018-10-04	0.000987	0.000910	0.000992	0.000910	0
LTCR_USD	2018-10-03	0.000910	0.000915	0.000917	0.000900	0
LTCR_USD	2018-10-02	0.000915	0.000924	0.000929	0.000912	0
LTCR_USD	2018-10-01	0.000924	0.000927	0.000932	0.000913	0
LTCR_USD	2018-09-30	0.000927	0.000925	0.000932	0.000914	0
LTCR_USD	2018-09-29	0.000925	0.000929	0.000929	0.000905	0
LTCR_USD	2018-09-28	0.000929	0.000903	0.000936	0.000893	0
LTCR_USD	2018-09-27	0.000903	0.000840	0.000904	0.000837	0
LTCR_USD	2018-09-26	0.000840	0.000837	0.000852	0.000830	0
LTCR_USD	2018-09-25	0.000837	0.000856	0.000856	0.000826	0
LTCR_USD	2018-09-24	0.000856	0.000839	0.000899	0.000830	0
LTCR_USD	2018-09-23	0.000839	0.000841	0.000848	0.000833	0
LTCR_USD	2018-09-22	0.000841	0.000847	0.000855	0.000830	0
LTCR_USD	2018-09-21	0.000847	0.000813	0.000847	0.000812	0
LTCR_USD	2018-09-20	0.000813	0.000831	0.000838	0.000795	0
LTCR_USD	2018-09-19	0.000831	0.000825	0.000841	0.000795	0
LTCR_USD	2018-09-18	0.000825	0.000813	0.000830	0.000810	0
LTCR_USD	2018-09-17	0.000813	0.000845	0.000849	0.000808	0
LTCR_USD	2018-09-16	0.000845	0.000848	0.000848	0.000829	0
LTCR_USD	2018-09-15	0.000848	0.000811	0.000852	0.000809	0
LTCR_USD	2018-09-14	0.000811	0.000809	0.000823	0.000797	0
LTCR_USD	2018-09-13	0.000809	0.000729	0.000815	0.000728	0
LTCR_USD	2018-09-12	0.000729	0.000786	0.000787	0.000713	0
LTCR_USD	2018-09-11	0.000786	0.000820	0.000823	0.000758	0
LTCR_USD	2018-09-10	0.000820	0.000811	0.000825	0.000811	0
LTCR_USD	2018-09-09	0.000811	0.000804	0.000834	0.000800	0
LTCR_USD	2018-09-08	0.000804	0.000833	0.000842	0.000798	0
LTCR_USD	2018-09-07	0.000833	0.000847	0.000849	0.000822	0
LTCR_USD	2018-09-06	0.000847	0.000872	0.000874	0.000820	0
LTCR_USD	2018-09-05	0.000872	0.000957	0.000961	0.000871	0
LTCR_USD	2018-09-04	0.000957	0.000945	0.000963	0.000942	0
LTCR_USD	2018-09-03	0.000945	0.000948	0.000954	0.000936	0
LTCR_USD	2018-09-02	0.000948	0.000936	0.000955	0.000928	0
LTCR_USD	2018-09-01	0.000936	0.000878	0.000944	0.000809	0
LTCR_USD	2018-08-31	0.000878	0.000944	0.000944	0.000797	0
LTCR_USD	2018-08-30	0.000944	0.000916	0.000945	0.000886	0
LTCR_USD	2018-08-29	0.000916	0.000920	0.000927	0.000901	0
LTCR_USD	2018-08-28	0.000920	0.000897	0.000927	0.000893	0
LTCR_USD	2018-08-27	0.000897	0.000872	0.000898	0.000843	0
LTCR_USD	2018-08-26	0.000872	0.000876	0.000882	0.000826	0
LTCR_USD	2018-08-25	0.000876	0.000870	0.000883	0.000839	0
LTCR_USD	2018-08-24	0.000870	0.000881	0.000898	0.000830	0
LTCR_USD	2018-08-23	0.000881	0.000858	0.000886	0.000802	0
LTCR_USD	2018-08-22	0.000858	0.000875	0.000927	0.000844	0
LTCR_USD	2018-08-21	0.000875	0.000844	0.000877	0.000844	0
LTCR_USD	2018-08-20	0.000844	0.000875	0.000880	0.000841	0
LTCR_USD	2018-08-19	0.000875	0.000863	0.000883	0.000852	0
LTCR_USD	2018-08-18	0.000863	0.000889	0.000892	0.000851	0
LTCR_USD	2018-08-17	0.000889	0.000852	0.000889	0.000850	0
LTCR_USD	2018-08-16	0.000852	0.000846	0.000874	0.000841	0
LTCR_USD	2018-08-15	0.000846	0.000835	0.000893	0.000835	0
LTCR_USD	2018-08-14	0.000835	0.000844	0.000844	0.000795	0
LTCR_USD	2018-08-13	0.000844	0.000852	0.000893	0.000832	0
LTCR_USD	2018-08-12	0.000852	0.000809	0.000871	0.000775	0
LTCR_USD	2018-08-11	0.000809	0.000799	0.000867	0.000758	0
LTCR_USD	2018-08-10	0.000799	0.000849	0.000869	0.000763	0
LTCR_USD	2018-08-09	0.000849	0.000816	0.000858	0.000774	0
LTCR_USD	2018-08-08	0.000816	0.000974	0.000974	0.000743	0
LTCR_USD	2018-08-07	0.000974	0.001006	0.001037	0.000969	0
LTCR_USD	2018-08-06	0.001006	0.001020	0.001036	0.000993	0
LTCR_USD	2018-08-05	0.001020	0.000981	0.001028	0.000965	0
LTCR_USD	2018-08-04	0.000981	0.000890	0.001002	0.000887	0
LTCR_USD	2018-08-03	0.000890	0.000904	0.000904	0.000842	0
LTCR_USD	2018-08-02	0.000904	0.000989	0.001001	0.000858	0
LTCR_USD	2018-08-01	0.000989	0.001007	0.001008	0.000968	0
LTCR_USD	2018-07-31	0.001007	0.001021	0.001043	0.000997	0
LTCR_USD	2018-07-30	0.001021	0.001110	0.001110	0.000983	0
LTCR_USD	2018-07-29	0.001110	0.001022	0.001117	0.001015	0
LTCR_USD	2018-07-28	0.001031	0.001031	0.001031	0.001031	0
LTCR_USD	2018-07-27	0.001031	0.000989	0.001031	0.000989	0
LTCR_USD	2018-07-26	0.000989	0.001022	0.001038	0.000948	0
LTCR_USD	2018-07-25	0.001022	0.001220	0.001230	0.000934	0
LTCR_USD	2018-07-24	0.001220	0.001118	0.001229	0.001115	0
LTCR_USD	2018-07-23	0.001118	0.001036	0.001206	0.001032	0
LTCR_USD	2018-07-22	0.001036	0.001073	0.001086	0.001008	0
LTCR_USD	2018-07-21	0.001073	0.001063	0.001076	0.000913	0
LTCR_USD	2018-07-20	0.001063	0.001682	0.001687	0.001056	0
LTCR_USD	2018-07-19	0.001682	0.001657	0.001700	0.001639	0
LTCR_USD	2018-07-18	0.001657	0.001684	0.001735	0.001631	0
LTCR_USD	2018-07-17	0.001684	0.001549	0.001716	0.001534	0
LTCR_USD	2018-07-16	0.001549	0.001460	0.001552	0.001456	0
LTCR_USD	2018-07-15	0.001460	0.001438	0.001469	0.001413	0
LTCR_USD	2018-07-14	0.001438	0.001462	0.001475	0.001410	0
LTCR_USD	2018-07-13	0.001462	0.001651	0.001662	0.001434	0
LTCR_USD	2018-07-12	0.001651	0.001531	0.001659	0.001476	0
LTCR_USD	2018-07-11	0.001531	0.001512	0.001535	0.001417	0
LTCR_USD	2018-07-10	0.001512	0.001565	0.001596	0.001507	0
LTCR_USD	2018-07-09	0.001565	0.001643	0.001650	0.001536	0
LTCR_USD	2018-07-08	0.001643	0.001589	0.001659	0.001579	0
LTCR_USD	2018-07-07	0.001589	0.001551	0.001604	0.001530	0
LTCR_USD	2018-07-06	0.001551	0.001014	0.001555	0.001000	0
LTCR_USD	2018-07-05	0.001014	0.000956	0.001031	0.000946	0
LTCR_USD	2018-07-04	0.000956	0.000910	0.000969	0.000899	0
LTCR_USD	2018-07-03	0.000910	0.000926	0.000934	0.000012	0
LTCR_USD	2018-07-02	0.000926	0.000889	0.000934	0.000000	0
LTCR_USD	2018-07-01	0.000889	0.000863	0.000898	0.000854	0
LTCR_USD	2018-06-30	0.000863	0.000713	0.000867	0.000713	0
LTCR_USD	2018-06-29	0.000714	0.000673	0.000721	0.000667	0
LTCR_USD	2018-06-28	0.000674	0.000705	0.000709	0.000670	0
LTCR_USD	2018-06-27	0.000705	0.000698	0.000711	0.000689	0
LTCR_USD	2018-06-26	0.000700	0.000719	0.000746	0.000696	0
LTCR_USD	2018-06-25	0.000718	0.000738	0.000758	0.000717	0
LTCR_USD	2018-06-24	0.000738	0.000739	0.000749	0.000693	0
LTCR_USD	2018-06-23	0.000738	0.000725	0.000750	0.000722	0
LTCR_USD	2018-06-22	0.000725	0.000806	0.000808	0.000712	0
LTCR_USD	2018-06-21	0.000806	0.000811	0.000814	0.000803	0
LTCR_USD	2018-06-20	0.000811	0.000808	0.000817	0.000787	0
LTCR_USD	2018-06-19	0.000809	0.000805	0.000819	0.000800	0
LTCR_USD	2018-06-18	0.000805	0.000741	0.000814	0.000735	0
LTCR_USD	2018-06-17	0.000740	0.000746	0.000785	0.000711	0
LTCR_USD	2018-06-16	0.000746	0.000734	0.000785	0.000734	0
LTCR_USD	2018-06-15	0.000734	0.000764	0.000772	0.000731	0
LTCR_USD	2018-06-14	0.000762	0.000755	0.000786	0.000735	0
LTCR_USD	2018-06-13	0.000755	0.000818	0.000826	0.000716	0
LTCR_USD	2018-06-12	0.000818	0.000824	0.000856	0.000805	0
LTCR_USD	2018-06-11	0.000825	0.000811	0.000828	0.000797	0
LTCR_USD	2018-06-10	0.000810	0.000900	0.000900	0.000797	0
LTCR_USD	2018-06-09	0.000900	0.000914	0.000922	0.000897	0
LTCR_USD	2018-06-08	0.000914	0.000922	0.000924	0.000905	0
LTCR_USD	2018-06-07	0.000923	0.000918	0.000931	0.000918	0
LTCR_USD	2018-06-06	0.000918	0.000954	0.000962	0.000918	0
LTCR_USD	2018-06-05	0.000953	0.000936	0.000959	0.000922	0
LTCR_USD	2018-06-04	0.000937	0.000966	0.000970	0.000932	0
LTCR_USD	2018-06-03	0.000965	0.000954	0.000972	0.000950	0
LTCR_USD	2018-06-02	0.000955	0.000903	0.000960	0.000895	0
LTCR_USD	2018-06-01	0.000903	0.000861	0.000904	0.000818	0
LTCR_USD	2018-05-31	0.000861	0.000848	0.000874	0.000844	0
LTCR_USD	2018-05-30	0.000848	0.000821	0.000850	0.000801	0
LTCR_USD	2018-05-29	0.000820	0.000781	0.000858	0.000775	0
LTCR_USD	2018-05-28	0.000781	0.000844	0.000847	0.000778	0
LTCR_USD	2018-05-27	0.000844	0.000843	0.000850	0.000831	0
LTCR_USD	2018-05-26	0.000843	0.000895	0.000914	0.000838	0
LTCR_USD	2018-05-25	0.000895	0.000909	0.000918	0.000880	0
LTCR_USD	2018-05-24	0.000909	0.000863	0.000913	0.000835	0
LTCR_USD	2018-05-23	0.000864	0.000917	0.000922	0.000856	0
LTCR_USD	2018-05-22	0.000918	0.000965	0.000967	0.000897	0
LTCR_USD	2018-05-21	0.000965	0.000938	0.000968	0.000920	0
LTCR_USD	2018-05-20	0.000938	0.000906	0.000944	0.000899	0
LTCR_USD	2018-05-19	0.000905	0.000906	0.000957	0.000896	0
LTCR_USD	2018-05-18	0.000906	0.000886	0.000910	0.000872	0
LTCR_USD	2018-05-17	0.000887	0.000918	0.000931	0.000880	0
LTCR_USD	2018-05-16	0.000918	0.000931	0.000934	0.000891	0
LTCR_USD	2018-05-15	0.000931	0.000953	0.000971	0.000927	0
LTCR_USD	2018-05-14	0.000953	0.000955	0.001101	0.000911	0
LTCR_USD	2018-05-13	0.000955	0.000975	0.000993	0.000941	0
LTCR_USD	2018-05-12	0.000972	0.001007	0.001035	0.000877	0
LTCR_USD	2018-05-11	0.001007	0.000992	0.001035	0.000960	0
LTCR_USD	2018-05-10	0.000992	0.001025	0.001033	0.000990	0
LTCR_USD	2018-05-09	0.001025	0.001010	0.001031	0.000988	0
LTCR_USD	2018-05-08	0.001010	0.001076	0.001171	0.000000	0
LTCR_USD	2018-05-07	0.001131	0.001256	0.001258	0.001076	0
LTCR_USD	2018-05-06	0.001256	0.001233	0.001257	0.001182	0
LTCR_USD	2018-05-05	0.001232	0.001213	0.001248	0.001211	0
LTCR_USD	2018-05-04	0.001213	0.001270	0.001270	0.001198	0
LTCR_USD	2018-05-03	0.001270	0.001247	0.001279	0.001192	0
LTCR_USD	2018-05-02	0.001247	0.001269	0.001334	0.001224	0
LTCR_USD	2018-05-01	0.001270	0.001293	0.001293	0.001237	0
LTCR_USD	2018-04-30	0.001293	0.001363	0.001370	0.001276	0
LTCR_USD	2018-04-29	0.001363	0.001354	0.001492	0.001347	0
LTCR_USD	2018-04-28	0.001354	0.001250	0.001494	0.001242	0
LTCR_USD	2018-04-27	0.001250	0.001255	0.001359	0.001233	0
LTCR_USD	2018-04-26	0.001255	0.001198	0.001257	0.001098	0
LTCR_USD	2018-04-25	0.001198	0.001448	0.001463	0.001163	0
LTCR_USD	2018-04-24	0.001451	0.001252	0.001561	0.001250	0
LTCR_USD	2018-04-23	0.001252	0.001320	0.001334	0.001236	0
LTCR_USD	2018-04-22	0.001320	0.001337	0.001354	0.001313	0
LTCR_USD	2018-04-21	0.001337	0.001375	0.001400	0.001308	0
LTCR_USD	2018-04-20	0.001375	0.001241	0.001384	0.001193	0
LTCR_USD	2018-04-19	0.001241	0.001592	0.001694	0.001111	0
LTCR_USD	2018-04-18	0.001592	0.001539	0.001604	0.001505	0
LTCR_USD	2018-04-17	0.001539	0.001571	0.001592	0.001487	0
LTCR_USD	2018-04-16	0.001571	0.001588	0.001597	0.001462	0
LTCR_USD	2018-04-15	0.001588	0.001441	0.001600	0.001441	0
LTCR_USD	2018-04-14	0.001441	0.001418	0.001457	0.001353	0
LTCR_USD	2018-04-13	0.001418	0.001701	0.001810	0.001251	0
LTCR_USD	2018-04-12	0.001701	0.001493	0.001734	0.001454	0
LTCR_USD	2018-04-11	0.001493	0.001471	0.001499	0.001461	0
LTCR_USD	2018-04-10	0.001471	0.001352	0.001481	0.001181	0
LTCR_USD	2018-04-09	0.001352	0.001648	0.001669	0.001223	0
LTCR_USD	2018-04-08	0.001648	0.001653	0.001706	0.001592	0
LTCR_USD	2018-04-07	0.001653	0.001687	0.001750	0.001264	0
LTCR_USD	2018-04-06	0.001687	0.001893	0.001947	0.001666	0
LTCR_USD	2018-04-05	0.001893	0.001968	0.002023	0.001856	0
LTCR_USD	2018-04-04	0.001968	0.002073	0.002137	0.001897	0
LTCR_USD	2018-04-03	0.002073	0.001869	0.002102	0.001860	0
LTCR_USD	2018-04-02	0.001869	0.001907	0.002028	0.001785	0
LTCR_USD	2018-04-01	0.001907	0.001904	0.001934	0.001770	0
LTCR_USD	2018-03-31	0.001904	0.001881	0.001986	0.001868	0
LTCR_USD	2018-03-30	0.001881	0.001986	0.002032	0.001842	0
LTCR_USD	2018-03-29	0.001986	0.002144	0.002150	0.001930	0
LTCR_USD	2018-03-28	0.002144	0.002179	0.002253	0.002070	0
LTCR_USD	2018-03-27	0.002180	0.002275	0.002298	0.002168	0
LTCR_USD	2018-03-26	0.002275	0.002322	0.002335	0.002166	0
LTCR_USD	2018-03-25	0.002322	0.002339	0.002424	0.002305	0
LTCR_USD	2018-03-24	0.002339	0.002448	0.002510	0.002337	0
LTCR_USD	2018-03-23	0.002448	0.002354	0.002448	0.002252	0
LTCR_USD	2018-03-22	0.002354	0.002358	0.002452	0.002247	0
LTCR_USD	2018-03-21	0.002358	0.002313	0.002418	0.002278	0
LTCR_USD	2018-03-20	0.002313	0.002451	0.002470	0.002257	0
LTCR_USD	2018-03-19	0.002451	0.002339	0.002479	0.002312	0
LTCR_USD	2018-03-18	0.002339	0.002204	0.002356	0.002087	0
LTCR_USD	2018-03-17	0.002204	0.002363	0.002419	0.002155	0
LTCR_USD	2018-03-16	0.002363	0.002394	0.002491	0.002292	0
LTCR_USD	2018-03-15	0.002394	0.002537	0.002558	0.002294	0
LTCR_USD	2018-03-14	0.002537	0.002786	0.002853	0.002456	0
LTCR_USD	2018-03-13	0.002786	0.002690	0.002845	0.002642	0
LTCR_USD	2018-03-12	0.002690	0.002758	0.002869	0.002509	0
LTCR_USD	2018-03-11	0.002758	0.002539	0.002817	0.002445	0
LTCR_USD	2018-03-10	0.002539	0.002582	0.002776	0.002524	0
LTCR_USD	2018-03-09	0.002582	0.002743	0.003405	0.002422	0
LTCR_USD	2018-03-08	0.002743	0.002915	0.003043	0.002623	0
LTCR_USD	2018-03-07	0.002915	0.003378	0.003467	0.002695	0
LTCR_USD	2018-03-06	0.003378	0.003619	0.003619	0.002922	0
LTCR_USD	2018-03-05	0.003619	0.003740	0.003881	0.003617	0
LTCR_USD	2018-03-04	0.003740	0.003831	0.003831	0.003383	0
LTCR_USD	2018-03-03	0.003801	0.003858	0.004068	0.003798	0
LTCR_USD	2018-03-02	0.003855	0.003770	0.003861	0.003746	0
