LTCU_USD	2019-01-27	0.005758	0.005758	0.005758	0.005758	0
LTCU_USD	2019-01-26	0.005758	0.005758	0.005758	0.005758	0
LTCU_USD	2019-01-25	0.005758	0.005758	0.005758	0.005758	0
LTCU_USD	2019-01-24	0.005758	0.005758	0.005758	0.005758	0
LTCU_USD	2019-01-23	0.005758	0.005758	0.005758	0.005758	0
LTCU_USD	2019-01-22	0.005758	0.005758	0.005758	0.005758	0
LTCU_USD	2019-01-21	0.005758	0.005758	0.005758	0.005758	0
LTCU_USD	2019-01-20	0.005758	0.005758	0.005758	0.005758	0
LTCU_USD	2019-01-19	0.005758	0.005758	0.005758	0.005758	0
LTCU_USD	2019-01-18	0.005758	0.005758	0.005758	0.005758	0
LTCU_USD	2019-01-17	0.005758	0.005758	0.005758	0.005758	0
LTCU_USD	2019-01-16	0.005758	0.005758	0.005758	0.005758	0
LTCU_USD	2019-01-15	0.005758	0.005758	0.005758	0.005758	0
LTCU_USD	2019-01-14	0.005758	0.005711	0.005770	0.005692	0
LTCU_USD	2019-01-13	0.005711	0.005887	0.005913	0.005679	0
LTCU_USD	2019-01-12	0.005887	0.005907	0.005937	0.005836	0
LTCU_USD	2019-01-11	0.005907	0.005903	0.005992	0.005830	0
LTCU_USD	2019-01-10	0.005903	0.006493	0.006576	0.005863	0
LTCU_USD	2019-01-09	0.006493	0.006518	0.006616	0.006417	0
LTCU_USD	2019-01-08	0.006518	0.006541	0.006691	0.006454	0
LTCU_USD	2019-01-07	0.006541	0.006633	0.006673	0.006486	0
LTCU_USD	2019-01-06	0.006633	0.006220	0.012439	0.006182	0
LTCU_USD	2019-01-05	0.006220	0.006292	0.006383	0.006208	0
LTCU_USD	2019-01-04	0.006292	0.006234	0.006337	0.006137	0
LTCU_USD	2019-01-03	0.006234	0.006440	0.006448	0.006206	0
LTCU_USD	2019-01-02	0.006440	0.006293	0.006475	0.006233	0
LTCU_USD	2019-01-01	0.006293	0.006090	0.006330	0.006025	0
LTCU_USD	2018-12-31	0.006090	0.006317	0.006333	0.006013	0
LTCU_USD	2018-12-30	0.006317	0.006173	0.006343	0.006115	0
LTCU_USD	2018-12-29	0.006173	0.006418	0.006500	0.006150	0
LTCU_USD	2018-12-28	0.006418	0.005905	0.006494	0.005878	0
LTCU_USD	2018-12-27	0.005905	0.006248	0.006300	0.005864	0
LTCU_USD	2018-12-26	0.006248	0.006210	0.006344	0.006061	0
LTCU_USD	2018-12-25	0.006210	0.006591	0.006601	0.006075	0
LTCU_USD	2018-12-24	0.006591	0.006473	0.006970	0.006473	0
LTCU_USD	2018-12-23	0.006473	0.006560	0.006694	0.006420	0
LTCU_USD	2018-12-22	0.006560	0.006315	0.006593	0.006232	0
LTCU_USD	2018-12-21	0.006315	0.006701	0.006818	0.006210	0
LTCU_USD	2018-12-20	0.006701	0.006058	0.006830	0.006013	0
LTCU_USD	2018-12-19	0.006058	0.006009	0.006422	0.005981	0
LTCU_USD	2018-12-18	0.006009	0.005764	0.006038	0.005645	0
LTCU_USD	2018-12-17	0.005764	0.005247	0.005890	0.005223	0
LTCU_USD	2018-12-16	0.005247	0.005226	0.005370	0.005211	0
LTCU_USD	2018-12-15	0.005226	0.005217	0.005278	0.005116	0
LTCU_USD	2018-12-14	0.005217	0.005329	0.005385	0.005130	0
LTCU_USD	2018-12-13	0.005329	0.005624	0.005634	0.005294	0
LTCU_USD	2018-12-12	0.005624	0.005441	0.005733	0.005431	0
LTCU_USD	2018-12-11	0.005489	0.005605	0.005644	0.005399	0
LTCU_USD	2018-12-10	0.005605	0.005797	0.005883	0.005527	0
LTCU_USD	2018-12-09	0.005797	0.005575	0.006006	0.005516	0
LTCU_USD	2018-12-08	0.005575	0.005499	0.005814	0.005274	0
LTCU_USD	2018-12-07	0.005499	0.005717	0.005728	0.005220	0
LTCU_USD	2018-12-06	0.005717	0.006083	0.006324	0.005678	0
LTCU_USD	2018-12-05	0.006083	0.006909	0.006935	0.006058	0
LTCU_USD	2018-12-04	0.006909	0.006771	0.007172	0.006610	0
LTCU_USD	2018-12-03	0.006771	0.007217	0.007249	0.006663	0
LTCU_USD	2018-12-02	0.007217	0.007362	0.007553	0.007161	0
LTCU_USD	2018-12-01	0.007362	0.007006	0.007528	0.006904	0
LTCU_USD	2018-11-30	0.007006	0.007481	0.007560	0.006881	0
LTCU_USD	2018-11-29	0.007481	0.007471	0.007752	0.007257	0
LTCU_USD	2018-11-28	0.007471	0.006837	0.007687	0.006647	0
LTCU_USD	2018-11-27	0.006837	0.006730	0.006939	0.006535	0
LTCU_USD	2018-11-26	0.006730	0.007183	0.007342	0.006504	0
LTCU_USD	2018-11-25	0.007183	0.006525	0.007371	0.006098	0
LTCU_USD	2018-11-24	0.006525	0.007872	0.008050	0.006365	0
LTCU_USD	2018-11-23	0.007872	0.007840	0.007954	0.007543	0
LTCU_USD	2018-11-22	0.007840	0.008572	0.008655	0.007705	0
LTCU_USD	2018-11-21	0.008572	0.008374	0.008733	0.008085	0
LTCU_USD	2018-11-20	0.008374	0.008790	0.009083	0.007772	0
LTCU_USD	2018-11-19	0.008790	0.010725	0.010725	0.008608	0
LTCU_USD	2018-11-18	0.010725	0.010916	0.011078	0.010670	0
LTCU_USD	2018-11-17	0.010916	0.011208	0.011245	0.010849	0
LTCU_USD	2018-11-16	0.011208	0.013200	0.013212	0.010977	0
LTCU_USD	2018-11-15	0.013200	0.013623	0.013726	0.012706	0
LTCU_USD	2018-11-14	0.013623	0.016193	0.016364	0.013292	0
LTCU_USD	2018-11-13	0.016193	0.016601	0.016680	0.013798	0
LTCU_USD	2018-11-12	0.016601	0.017086	0.017155	0.016529	0
LTCU_USD	2018-11-11	0.017086	0.017042	0.017086	0.016833	0
LTCU_USD	2018-11-10	0.017042	0.017495	0.017514	0.016940	0
LTCU_USD	2018-11-09	0.017495	0.017009	0.018380	0.016166	0
LTCU_USD	2018-11-08	0.017009	0.017713	0.017796	0.016615	0
LTCU_USD	2018-11-07	0.017713	0.018927	0.019194	0.017547	0
LTCU_USD	2018-11-06	0.018927	0.019766	0.019811	0.018781	0
LTCU_USD	2018-11-05	0.019766	0.020915	0.021476	0.018781	0
LTCU_USD	2018-11-04	0.020915	0.017982	0.020983	0.017025	0
LTCU_USD	2018-11-03	0.017982	0.018317	0.018389	0.017238	0
LTCU_USD	2018-11-02	0.018317	0.013023	0.019415	0.013023	0
LTCU_USD	2018-11-01	0.013023	0.012259	0.013156	0.012231	0
LTCU_USD	2018-10-31	0.012259	0.012154	0.012284	0.012001	0
LTCU_USD	2018-10-30	0.012154	0.011831	0.012630	0.011831	0
LTCU_USD	2018-10-29	0.011831	0.012850	0.013054	0.011781	0
LTCU_USD	2018-10-28	0.012850	0.012708	0.013235	0.012630	0
LTCU_USD	2018-10-27	0.012708	0.013096	0.013272	0.012253	0
LTCU_USD	2018-10-26	0.013096	0.012730	0.013306	0.012666	0
LTCU_USD	2018-10-25	0.012730	0.014288	0.014288	0.012725	0
LTCU_USD	2018-10-24	0.014288	0.014508	0.014669	0.014264	0
LTCU_USD	2018-10-23	0.014508	0.013758	0.014584	0.013555	0
LTCU_USD	2018-10-22	0.013758	0.013835	0.013918	0.013723	0
LTCU_USD	2018-10-21	0.013835	0.013764	0.013976	0.013760	0
LTCU_USD	2018-10-20	0.013764	0.014099	0.014105	0.013670	0
LTCU_USD	2018-10-19	0.014099	0.014714	0.015143	0.014099	0
LTCU_USD	2018-10-18	0.014714	0.015322	0.015340	0.014496	0
LTCU_USD	2018-10-17	0.015322	0.018044	0.018044	0.015250	0
LTCU_USD	2018-10-16	0.018044	0.014495	0.019754	0.013945	0
LTCU_USD	2018-10-15	0.014495	0.013933	0.016538	0.013535	0
LTCU_USD	2018-10-14	0.013933	0.015025	0.015299	0.013491	0
LTCU_USD	2018-10-13	0.015025	0.013035	0.017538	0.013017	0
LTCU_USD	2018-10-12	0.013035	0.012949	0.013141	0.012855	0
LTCU_USD	2018-10-11	0.012949	0.012995	0.013546	0.011505	0
LTCU_USD	2018-10-10	0.012995	0.014959	0.015636	0.011166	0
LTCU_USD	2018-10-09	0.014959	0.009409	0.021806	0.008952	0
LTCU_USD	2018-10-08	0.009409	0.009505	0.009674	0.009402	0
LTCU_USD	2018-10-07	0.009505	0.009492	0.009553	0.009411	0
LTCU_USD	2018-10-06	0.009492	0.009735	0.009740	0.009244	0
LTCU_USD	2018-10-05	0.009735	0.009673	0.009764	0.009615	0
LTCU_USD	2018-10-04	0.009673	0.009429	0.009719	0.009424	0
LTCU_USD	2018-10-03	0.009429	0.009284	0.009501	0.009132	0
LTCU_USD	2018-10-02	0.009284	0.009373	0.009419	0.009250	0
LTCU_USD	2018-10-01	0.009373	0.009399	0.009457	0.009260	0
LTCU_USD	2018-09-30	0.009399	0.009379	0.009436	0.009243	0
LTCU_USD	2018-09-29	0.009379	0.009521	0.009521	0.009279	0
LTCU_USD	2018-09-28	0.009521	0.009164	0.009726	0.009164	0
LTCU_USD	2018-09-27	0.009164	0.008789	0.009250	0.008789	0
LTCU_USD	2018-09-26	0.008789	0.009330	0.009347	0.008749	0
LTCU_USD	2018-09-25	0.009330	0.009680	0.009713	0.009242	0
LTCU_USD	2018-09-24	0.009680	0.009865	0.009906	0.009586	0
LTCU_USD	2018-09-23	0.009865	0.009918	0.010005	0.009705	0
LTCU_USD	2018-09-22	0.009918	0.009921	0.010021	0.009733	0
LTCU_USD	2018-09-21	0.009921	0.009588	0.009929	0.009582	0
LTCU_USD	2018-09-20	0.009588	0.009364	0.009624	0.009341	0
LTCU_USD	2018-09-19	0.009364	0.009546	0.009579	0.008957	0
LTCU_USD	2018-09-18	0.009546	0.010258	0.010296	0.009494	0
LTCU_USD	2018-09-17	0.010258	0.011047	0.011104	0.010189	0
LTCU_USD	2018-09-16	0.011047	0.009389	0.011225	0.009188	0
LTCU_USD	2018-09-15	0.009389	0.009828	0.009828	0.009290	0
LTCU_USD	2018-09-14	0.009828	0.010328	0.010593	0.009346	0
LTCU_USD	2018-09-13	0.010328	0.010139	0.024322	0.009798	0
LTCU_USD	2018-09-12	0.010139	0.008240	0.010178	0.007989	0
LTCU_USD	2018-09-11	0.008240	0.008737	0.008843	0.008063	0
LTCU_USD	2018-09-10	0.008737	0.007956	0.009025	0.007956	0
LTCU_USD	2018-09-09	0.007956	0.008752	0.009199	0.007922	0
LTCU_USD	2018-09-08	0.008752	0.008966	0.009137	0.008691	0
LTCU_USD	2018-09-07	0.008966	0.009803	0.009865	0.007730	0
LTCU_USD	2018-09-06	0.009803	0.010056	0.010583	0.008968	0
LTCU_USD	2018-09-05	0.010056	0.012289	0.012334	0.009212	0
LTCU_USD	2018-09-04	0.012289	0.012214	0.012456	0.011522	0
LTCU_USD	2018-09-03	0.012214	0.011628	0.012227	0.010501	0
LTCU_USD	2018-09-02	0.011628	0.011300	0.032187	0.008400	0
LTCU_USD	2018-09-01	0.011300	0.010751	0.011399	0.010046	0
LTCU_USD	2018-08-31	0.010751	0.010351	0.011086	0.009892	0
LTCU_USD	2018-08-30	0.010351	0.010394	0.010413	0.009733	0
LTCU_USD	2018-08-29	0.010394	0.010653	0.010760	0.010011	0
LTCU_USD	2018-08-28	0.010653	0.010734	0.011607	0.010014	0
LTCU_USD	2018-08-27	0.010734	0.010230	0.012079	0.010156	0
LTCU_USD	2018-08-26	0.010230	0.009704	0.010268	0.009444	0
LTCU_USD	2018-08-25	0.009704	0.009640	0.010062	0.009225	0
LTCU_USD	2018-08-24	0.009640	0.009138	0.009684	0.009016	0
LTCU_USD	2018-08-23	0.009138	0.009183	0.009318	0.008828	0
LTCU_USD	2018-08-22	0.009183	0.010043	0.010677	0.009004	0
LTCU_USD	2018-08-21	0.010043	0.010164	0.010656	0.009856	0
LTCU_USD	2018-08-20	0.010164	0.008463	0.011015	0.008367	0
LTCU_USD	2018-08-19	0.008463	0.008148	0.008799	0.008102	0
LTCU_USD	2018-08-18	0.008148	0.008269	0.008362	0.008007	0
LTCU_USD	2018-08-17	0.008269	0.008016	0.008308	0.007992	0
LTCU_USD	2018-08-16	0.008016	0.008402	0.008462	0.007744	0
LTCU_USD	2018-08-15	0.008402	0.008320	0.008961	0.008299	0
LTCU_USD	2018-08-14	0.008320	0.009315	0.009315	0.008289	0
LTCU_USD	2018-08-13	0.009315	0.009692	0.009723	0.008809	0
LTCU_USD	2018-08-12	0.009692	0.009553	0.009901	0.009478	0
LTCU_USD	2018-08-11	0.009553	0.009769	0.009913	0.009320	0
LTCU_USD	2018-08-10	0.009769	0.010740	0.010813	0.009599	0
LTCU_USD	2018-08-09	0.010740	0.008821	0.010936	0.008810	0
LTCU_USD	2018-08-08	0.008821	0.009036	0.009907	0.008647	0
LTCU_USD	2018-08-07	0.009036	0.009782	0.010081	0.009016	0
LTCU_USD	2018-08-06	0.009782	0.010162	0.010569	0.009506	0
LTCU_USD	2018-08-05	0.010162	0.010684	0.010828	0.009326	0
LTCU_USD	2018-08-04	0.010684	0.010272	0.011412	0.010235	0
LTCU_USD	2018-08-03	0.010272	0.010248	0.011457	0.009804	0
LTCU_USD	2018-08-02	0.010248	0.010159	0.011822	0.009800	0
LTCU_USD	2018-08-01	0.010159	0.013283	0.013286	0.009976	0
LTCU_USD	2018-07-31	0.013283	0.014014	0.014061	0.011786	0
LTCU_USD	2018-07-30	0.014014	0.014224	0.014462	0.012548	0
LTCU_USD	2018-07-29	0.014224	0.014842	0.014842	0.014216	0
LTCU_USD	2018-07-28	0.014842	0.014018	0.015584	0.013688	0
LTCU_USD	2018-07-27	0.014018	0.017110	0.017110	0.013523	0
LTCU_USD	2018-07-26	0.017110	0.015374	0.017151	0.015374	0
LTCU_USD	2018-07-25	0.015374	0.017793	0.018006	0.015271	0
LTCU_USD	2018-07-24	0.017793	0.016931	0.018213	0.016847	0
LTCU_USD	2018-07-23	0.016931	0.016394	0.017234	0.016334	0
LTCU_USD	2018-07-22	0.016394	0.017472	0.017557	0.016200	0
LTCU_USD	2018-07-21	0.017472	0.018954	0.019017	0.016763	0
LTCU_USD	2018-07-20	0.018954	0.020664	0.020729	0.017067	0
LTCU_USD	2018-07-19	0.020664	0.020478	0.020893	0.020254	0
LTCU_USD	2018-07-18	0.020478	0.019910	0.021072	0.019351	0
LTCU_USD	2018-07-17	0.019910	0.018794	0.020262	0.017807	0
LTCU_USD	2018-07-16	0.018794	0.017771	0.018827	0.017760	0
LTCU_USD	2018-07-15	0.017771	0.016469	0.017951	0.016425	0
LTCU_USD	2018-07-14	0.016469	0.017447	0.017607	0.016393	0
LTCU_USD	2018-07-13	0.017447	0.016762	0.017753	0.016369	0
LTCU_USD	2018-07-12	0.016762	0.017858	0.017858	0.016254	0
LTCU_USD	2018-07-11	0.017858	0.016256	0.019944	0.014690	0
LTCU_USD	2018-07-10	0.016256	0.021712	0.022737	0.016108	0
LTCU_USD	2018-07-09	0.021712	0.022304	0.022939	0.021634	0
LTCU_USD	2018-07-08	0.022304	0.024816	0.024922	0.016632	0
LTCU_USD	2018-07-07	0.024816	0.024029	0.025052	0.023827	0
LTCU_USD	2018-07-06	0.024029	0.023708	0.024133	0.023456	0
LTCU_USD	2018-07-05	0.023708	0.023724	0.024191	0.023387	0
LTCU_USD	2018-07-04	0.023724	0.025415	0.025476	0.023548	0
LTCU_USD	2018-07-03	0.025415	0.025279	0.025867	0.000335	0
LTCU_USD	2018-07-02	0.025279	0.023301	0.026272	0.000000	0
LTCU_USD	2018-07-01	0.023303	0.025342	0.025502	0.023258	0
LTCU_USD	2018-06-30	0.025342	0.024564	0.025804	0.024564	0
LTCU_USD	2018-06-29	0.024584	0.019537	0.024841	0.019238	0
LTCU_USD	2018-06-28	0.019568	0.021283	0.021391	0.019472	0
LTCU_USD	2018-06-27	0.021282	0.022172	0.022431	0.020299	0
LTCU_USD	2018-06-26	0.022242	0.022659	0.023733	0.022123	0
LTCU_USD	2018-06-25	0.022644	0.022341	0.023752	0.020057	0
LTCU_USD	2018-06-24	0.022348	0.022453	0.022824	0.020866	0
LTCU_USD	2018-06-23	0.022424	0.021874	0.022746	0.021474	0
LTCU_USD	2018-06-22	0.021874	0.023096	0.023153	0.020481	0
LTCU_USD	2018-06-21	0.023094	0.022747	0.023285	0.022746	0
LTCU_USD	2018-06-20	0.022749	0.022520	0.022988	0.021945	0
LTCU_USD	2018-06-19	0.022545	0.020873	0.023068	0.020808	0
LTCU_USD	2018-06-18	0.020865	0.019104	0.020969	0.018941	0
LTCU_USD	2018-06-17	0.019088	0.020499	0.020665	0.019056	0
LTCU_USD	2018-06-16	0.020495	0.020336	0.020818	0.019971	0
LTCU_USD	2018-06-15	0.020327	0.021154	0.021154	0.020258	0
LTCU_USD	2018-06-14	0.021114	0.019987	0.021333	0.019915	0
LTCU_USD	2018-06-13	0.019975	0.020973	0.021171	0.019456	0
LTCU_USD	2018-06-12	0.021001	0.020817	0.022404	0.020152	0
LTCU_USD	2018-06-11	0.020827	0.020104	0.021107	0.019434	0
LTCU_USD	2018-06-10	0.020081	0.022196	0.022196	0.019625	0
LTCU_USD	2018-06-09	0.022190	0.022579	0.022848	0.022115	0
LTCU_USD	2018-06-08	0.022579	0.022865	0.023699	0.022529	0
LTCU_USD	2018-06-07	0.022875	0.022770	0.023174	0.021767	0
LTCU_USD	2018-06-06	0.022769	0.022427	0.023693	0.022261	0
LTCU_USD	2018-06-05	0.022408	0.021231	0.022435	0.019623	0
LTCU_USD	2018-06-04	0.021247	0.022441	0.023353	0.019454	0
LTCU_USD	2018-06-03	0.022421	0.024385	0.024929	0.022290	0
LTCU_USD	2018-06-02	0.024404	0.023861	0.024765	0.021596	0
LTCU_USD	2018-06-01	0.023842	0.024554	0.026955	0.023158	0
LTCU_USD	2018-05-31	0.024556	0.019683	0.027612	0.019500	0
LTCU_USD	2018-05-30	0.019692	0.021948	0.022219	0.018956	0
LTCU_USD	2018-05-29	0.021922	0.020247	0.022111	0.019638	0
LTCU_USD	2018-05-28	0.020234	0.021881	0.022216	0.020203	0
LTCU_USD	2018-05-27	0.021872	0.021877	0.022740	0.021431	0
LTCU_USD	2018-05-26	0.021799	0.021736	0.022863	0.021480	0
LTCU_USD	2018-05-25	0.021740	0.022842	0.023251	0.021428	0
LTCU_USD	2018-05-24	0.022832	0.022510	0.023989	0.021293	0
LTCU_USD	2018-05-23	0.022527	0.025686	0.025823	0.022386	0
LTCU_USD	2018-05-22	0.025695	0.027873	0.029213	0.025497	0
LTCU_USD	2018-05-21	0.027873	0.026933	0.028248	0.026601	0
LTCU_USD	2018-05-20	0.026933	0.027151	0.042301	0.021977	0
LTCU_USD	2018-05-19	0.027151	0.030690	0.031218	0.023091	0
LTCU_USD	2018-05-18	0.030690	0.030692	0.031011	0.029378	0
LTCU_USD	2018-05-17	0.030732	0.031390	0.032225	0.030106	0
LTCU_USD	2018-05-16	0.031363	0.033483	0.034656	0.028577	0
LTCU_USD	2018-05-15	0.033483	0.038782	0.039247	0.033112	0
LTCU_USD	2018-05-14	0.038785	0.037383	0.039686	0.035594	0
LTCU_USD	2018-05-13	0.037383	0.039620	0.040503	0.037166	0
LTCU_USD	2018-05-12	0.039530	0.039276	0.040159	0.038159	0
LTCU_USD	2018-05-11	0.039276	0.044417	0.045019	0.039056	0
LTCU_USD	2018-05-10	0.044417	0.051902	0.053290	0.044414	0
LTCU_USD	2018-05-09	0.051902	0.042937	0.054611	0.041936	0
LTCU_USD	2018-05-08	0.042965	0.044782	0.045028	0.000005	0
LTCU_USD	2018-05-07	0.045352	0.046846	0.050047	0.043128	0
LTCU_USD	2018-05-06	0.046846	0.049078	0.049621	0.046441	0
LTCU_USD	2018-05-05	0.049020	0.048733	0.050536	0.048451	0
LTCU_USD	2018-05-04	0.048733	0.048389	0.049447	0.047141	0
LTCU_USD	2018-05-03	0.048389	0.045576	0.049267	0.044191	0
LTCU_USD	2018-05-02	0.045576	0.044515	0.045770	0.043777	0
LTCU_USD	2018-05-01	0.044555	0.045488	0.045501	0.043340	0
LTCU_USD	2018-04-30	0.045488	0.046992	0.047161	0.045214	0
LTCU_USD	2018-04-29	0.046992	0.045624	0.047646	0.044613	0
LTCU_USD	2018-04-28	0.045624	0.043218	0.047489	0.042942	0
LTCU_USD	2018-04-27	0.043218	0.046756	0.047235	0.043095	0
LTCU_USD	2018-04-26	0.046760	0.045087	0.046817	0.041143	0
LTCU_USD	2018-04-25	0.045087	0.050376	0.050523	0.043131	0
LTCU_USD	2018-04-24	0.050493	0.048141	0.052806	0.048089	0
LTCU_USD	2018-04-23	0.048141	0.049322	0.050197	0.047497	0
LTCU_USD	2018-04-22	0.049322	0.054689	0.055436	0.048933	0
LTCU_USD	2018-04-21	0.054689	0.056241	0.057511	0.049193	0
LTCU_USD	2018-04-20	0.056241	0.050972	0.056483	0.049032	0
LTCU_USD	2018-04-19	0.050972	0.048060	0.051065	0.047725	0
LTCU_USD	2018-04-18	0.048060	0.043830	0.048171	0.043706	0
LTCU_USD	2018-04-17	0.043830	0.045154	0.045952	0.041523	0
LTCU_USD	2018-04-16	0.045154	0.044961	0.051044	0.043370	0
LTCU_USD	2018-04-15	0.044961	0.048471	0.053477	0.043397	0
LTCU_USD	2018-04-14	0.048471	0.041404	0.052022	0.038913	0
LTCU_USD	2018-04-13	0.041404	0.046958	0.048980	0.041100	0
LTCU_USD	2018-04-12	0.046958	0.042555	0.048057	0.038933	0
LTCU_USD	2018-04-11	0.042555	0.041347	0.043914	0.037272	0
LTCU_USD	2018-04-10	0.041347	0.051048	0.056326	0.035671	0
LTCU_USD	2018-04-09	0.053025	0.031390	0.053028	0.029626	0
LTCU_USD	2018-04-08	0.031390	0.031407	0.034177	0.030220	0
LTCU_USD	2018-04-07	0.031407	0.033170	0.034911	0.030627	0
LTCU_USD	2018-04-06	0.033170	0.033471	0.037030	0.032081	0
LTCU_USD	2018-04-05	0.033471	0.035528	0.035528	0.031638	0
LTCU_USD	2018-04-04	0.035528	0.038949	0.039012	0.034039	0
LTCU_USD	2018-04-03	0.038949	0.036709	0.039377	0.036539	0
LTCU_USD	2018-04-02	0.036709	0.035515	0.037520	0.035330	0
LTCU_USD	2018-04-01	0.035515	0.036738	0.037688	0.034041	0
LTCU_USD	2018-03-31	0.036738	0.033860	0.038728	0.033860	0
LTCU_USD	2018-03-30	0.033860	0.033511	0.035885	0.030886	0
LTCU_USD	2018-03-29	0.033511	0.041928	0.042038	0.032573	0
LTCU_USD	2018-03-28	0.041928	0.040710	0.043894	0.037892	0
LTCU_USD	2018-03-27	0.040710	0.045743	0.046201	0.040584	0
LTCU_USD	2018-03-26	0.045743	0.047082	0.047585	0.043890	0
LTCU_USD	2018-03-25	0.047082	0.051548	0.052139	0.046182	0
LTCU_USD	2018-03-24	0.051548	0.055595	0.056024	0.048430	0
LTCU_USD	2018-03-23	0.055595	0.048291	0.055734	0.043504	0
LTCU_USD	2018-03-22	0.048291	0.050107	0.051144	0.042885	0
LTCU_USD	2018-03-21	0.050107	0.049373	0.052315	0.048660	0
LTCU_USD	2018-03-20	0.049373	0.047730	0.051981	0.046899	0
LTCU_USD	2018-03-19	0.047730	0.042720	0.047857	0.042235	0
LTCU_USD	2018-03-18	0.042720	0.045884	0.045884	0.037665	0
LTCU_USD	2018-03-17	0.045884	0.047720	0.048505	0.045593	0
LTCU_USD	2018-03-16	0.047720	0.047751	0.050168	0.045310	0
LTCU_USD	2018-03-15	0.047751	0.050827	0.052825	0.044989	0
LTCU_USD	2018-03-14	0.050827	0.060336	0.061728	0.049243	0
LTCU_USD	2018-03-13	0.060336	0.060465	0.067740	0.058968	0
LTCU_USD	2018-03-12	0.060465	0.068854	0.070070	0.052901	0
LTCU_USD	2018-03-11	0.068854	0.061772	0.070124	0.059513	0
LTCU_USD	2018-03-10	0.061772	0.063387	0.070257	0.061562	0
LTCU_USD	2018-03-09	0.063387	0.066161	0.067631	0.054552	0
LTCU_USD	2018-03-08	0.066161	0.076877	0.078048	0.062229	0
LTCU_USD	2018-03-07	0.076877	0.082190	0.083533	0.072412	0
LTCU_USD	2018-03-06	0.082190	0.086962	0.092473	0.076235	0
LTCU_USD	2018-03-05	0.086962	0.108573	0.120053	0.078186	0
LTCU_USD	2018-03-04	0.108573	0.107833	0.108899	0.104259	0
LTCU_USD	2018-03-03	0.107833	0.119336	0.123508	0.105975	0
LTCU_USD	2018-03-02	0.119328	0.123306	0.127349	0.102366	0
