LTG_USD	2019-04-09	0.000184	0.000187	0.000187	0.000181	0
LTG_USD	2019-04-08	0.000187	0.000182	0.000193	0.000180	0
LTG_USD	2019-04-07	0.000182	0.000172	0.000184	0.000171	0
LTG_USD	2019-04-06	0.000172	0.000172	0.000179	0.000167	0
LTG_USD	2019-04-05	0.000173	0.000163	0.000175	0.000162	0
LTG_USD	2019-04-04	0.000163	0.000166	0.000170	0.000160	0
LTG_USD	2019-04-03	0.000165	0.000170	0.000185	0.000157	0
LTG_USD	2019-04-02	0.000170	0.000147	0.000173	0.000147	0
LTG_USD	2019-04-01	0.000148	0.000148	0.000150	0.000146	0
LTG_USD	2019-03-31	0.000148	0.000149	0.000149	0.000147	0
LTG_USD	2019-03-30	0.000149	0.000151	0.000153	0.000147	0
LTG_USD	2019-03-29	0.000151	0.000144	0.000151	0.000144	0
LTG_USD	2019-03-28	0.000144	0.000146	0.000146	0.000144	0
LTG_USD	2019-03-27	0.000146	0.000139	0.000146	0.000139	0
LTG_USD	2019-03-26	0.000139	0.000139	0.000140	0.000138	0
LTG_USD	2019-03-25	0.000139	0.000142	0.000143	0.000137	0
LTG_USD	2019-03-24	0.000142	0.000143	0.000144	0.000141	0
LTG_USD	2019-03-23	0.000143	0.000142	0.000145	0.000142	0
LTG_USD	2019-03-22	0.000142	0.000141	0.000144	0.000141	0
LTG_USD	2019-03-21	0.000141	0.000146	0.000147	0.000140	0
LTG_USD	2019-03-20	0.000146	0.000146	0.000147	0.000143	0
LTG_USD	2019-03-19	0.000146	0.000145	0.000147	0.000144	0
LTG_USD	2019-03-18	0.000145	0.000146	0.000149	0.000143	0
LTG_USD	2019-03-17	0.000146	0.000148	0.000148	0.000145	0
LTG_USD	2019-03-16	0.000148	0.000143	0.000152	0.000143	0
LTG_USD	2019-03-15	0.000143	0.000139	0.000145	0.000139	0
LTG_USD	2019-03-14	0.000139	0.000139	0.000142	0.000136	0
LTG_USD	2019-03-13	0.000139	0.000140	0.000140	0.000137	0
LTG_USD	2019-03-12	0.000140	0.000139	0.000142	0.000135	0
LTG_USD	2019-03-11	0.000139	0.000142	0.000143	0.000138	0
LTG_USD	2019-03-10	0.000142	0.000144	0.000144	0.000141	0
LTG_USD	2019-03-09	0.000144	0.000140	0.000146	0.000140	0
LTG_USD	2019-03-08	0.000140	0.000144	0.000147	0.000137	0
LTG_USD	2019-03-07	0.000144	0.000145	0.000148	0.000143	0
LTG_USD	2019-03-06	0.000145	0.000144	0.000148	0.000141	0
LTG_USD	2019-03-05	0.000144	0.000132	0.000145	0.000132	0
LTG_USD	2019-03-04	0.000132	0.000137	0.000138	0.000130	0
LTG_USD	2019-03-03	0.000137	0.000140	0.000142	0.000135	0
LTG_USD	2019-03-02	0.000140	0.000143	0.000143	0.000137	0
LTG_USD	2019-03-01	0.000143	0.000366	0.000375	0.000143	0
LTG_USD	2019-02-28	0.000366	0.000365	0.000378	0.000362	0
LTG_USD	2019-02-27	0.000365	0.000369	0.000381	0.000344	0
LTG_USD	2019-02-26	0.000370	0.000374	0.000376	0.000364	0
LTG_USD	2019-02-25	0.000374	0.000358	0.000383	0.000358	0
LTG_USD	2019-02-24	0.000358	0.000428	0.000449	0.000358	0
LTG_USD	2019-02-23	0.000428	0.000401	0.000433	0.000395	0
LTG_USD	2019-02-22	0.000401	0.000393	0.000403	0.000388	0
LTG_USD	2019-02-21	0.000393	0.000402	0.000407	0.000386	0
LTG_USD	2019-02-20	0.000403	0.000389	0.000404	0.000381	0
LTG_USD	2019-02-19	0.000389	0.000395	0.000407	0.000387	0
LTG_USD	2019-02-18	0.000396	0.000370	0.000407	0.000368	0
LTG_USD	2019-02-17	0.000370	0.000339	0.000376	0.000339	0
LTG_USD	2019-02-16	0.000339	0.000344	0.000349	0.000339	0
LTG_USD	2019-02-15	0.000344	0.000341	0.000352	0.000340	0
LTG_USD	2019-02-14	0.000341	0.000344	0.000351	0.000340	0
LTG_USD	2019-02-13	0.000344	0.000347	0.000359	0.000341	0
LTG_USD	2019-02-12	0.000346	0.000341	0.000350	0.000333	0
LTG_USD	2019-02-11	0.000341	0.000354	0.000354	0.000338	0
LTG_USD	2019-02-10	0.000354	0.000336	0.000356	0.000328	0
LTG_USD	2019-02-09	0.000337	0.000337	0.000343	0.000333	0
LTG_USD	2019-02-08	0.000337	0.000281	0.000346	0.000279	0
LTG_USD	2019-02-07	0.000281	0.000282	0.000286	0.000279	0
LTG_USD	2019-02-06	0.000282	0.000289	0.000289	0.000273	0
LTG_USD	2019-02-05	0.000289	0.000288	0.000290	0.000285	0
LTG_USD	2019-02-04	0.000288	0.000288	0.000293	0.000286	0
LTG_USD	2019-02-03	0.000288	0.000299	0.000301	0.000285	0
LTG_USD	2019-02-02	0.000298	0.000289	0.000300	0.000287	0
LTG_USD	2019-02-01	0.000289	0.000288	0.000293	0.000281	0
LTG_USD	2019-01-31	0.000288	0.000294	0.000300	0.000285	0
LTG_USD	2019-01-30	0.000294	0.000282	0.000296	0.000280	0
LTG_USD	2019-01-29	0.000283	0.000286	0.000287	0.000277	0
LTG_USD	2019-01-28	0.000285	0.000301	0.000304	0.000274	0
LTG_USD	2019-01-27	0.000301	0.000311	0.000313	0.000299	0
LTG_USD	2019-01-26	0.000312	0.000311	0.000319	0.000311	0
LTG_USD	2019-01-25	0.000311	0.000316	0.000317	0.000309	0
LTG_USD	2019-01-24	0.000316	0.000315	0.000318	0.000308	0
LTG_USD	2019-01-23	0.000315	0.000319	0.000322	0.000311	0
LTG_USD	2019-01-22	0.000319	0.000312	0.000323	0.000300	0
LTG_USD	2019-01-21	0.000312	0.000317	0.000319	0.000306	0
LTG_USD	2019-01-20	0.000316	0.000335	0.000336	0.000313	0
LTG_USD	2019-01-19	0.000334	0.000338	0.000343	0.000334	0
LTG_USD	2019-01-18	0.000338	0.000347	0.000348	0.000334	0
LTG_USD	2019-01-17	0.000348	0.000347	0.000351	0.000333	0
LTG_USD	2019-01-16	0.000345	0.000338	0.000358	0.000336	0
LTG_USD	2019-01-15	0.000339	0.000363	0.000368	0.000331	0
LTG_USD	2019-01-14	0.000363	0.000326	0.000371	0.000325	0
LTG_USD	2019-01-13	0.000325	0.000351	0.000352	0.000321	0
LTG_USD	2019-01-12	0.000351	0.000355	0.000359	0.000349	0
LTG_USD	2019-01-11	0.000355	0.000357	0.000364	0.000346	0
LTG_USD	2019-01-10	0.000357	0.000422	0.000426	0.000348	0
LTG_USD	2019-01-09	0.000422	0.000422	0.000437	0.000418	0
LTG_USD	2019-01-08	0.000422	0.000427	0.000434	0.000416	0
LTG_USD	2019-01-07	0.000427	0.000444	0.000449	0.000423	0
LTG_USD	2019-01-06	0.000444	0.000437	0.000455	0.000424	0
LTG_USD	2019-01-05	0.000437	0.000438	0.000460	0.000436	0
LTG_USD	2019-01-04	0.000438	0.000420	0.000447	0.000416	0
LTG_USD	2019-01-03	0.000420	0.000339	0.000427	0.000323	0
LTG_USD	2019-01-02	0.000340	0.000311	0.000347	0.000307	0
LTG_USD	2019-01-01	0.000308	0.000290	0.000314	0.000287	0
LTG_USD	2018-12-31	0.000290	0.000307	0.000308	0.000285	0
LTG_USD	2018-12-30	0.000307	0.000298	0.000309	0.000287	0
LTG_USD	2018-12-29	0.000299	0.000303	0.000326	0.000291	0
LTG_USD	2018-12-28	0.000304	0.000253	0.000306	0.000249	0
LTG_USD	2018-12-27	0.000252	0.000287	0.000290	0.000248	0
LTG_USD	2018-12-26	0.000287	0.000283	0.000301	0.000272	0
LTG_USD	2018-12-25	0.000283	0.000304	0.000306	0.000270	0
LTG_USD	2018-12-24	0.000304	0.000285	0.000348	0.000285	0
LTG_USD	2018-12-23	0.000285	0.000257	0.000294	0.000257	0
LTG_USD	2018-12-22	0.000256	0.000237	0.000257	0.000232	0
LTG_USD	2018-12-21	0.000237	0.000252	0.000261	0.000232	0
LTG_USD	2018-12-20	0.000253	0.000218	0.000257	0.000216	0
LTG_USD	2018-12-19	0.000218	0.000222	0.000236	0.000217	0
LTG_USD	2018-12-18	0.000221	0.000207	0.000224	0.000201	0
LTG_USD	2018-12-17	0.000207	0.000184	0.000214	0.000184	0
LTG_USD	2018-12-16	0.000184	0.000182	0.000190	0.000181	0
LTG_USD	2018-12-15	0.000182	0.000181	0.000184	0.000177	0
LTG_USD	2018-12-14	0.000181	0.000186	0.000187	0.000177	0
LTG_USD	2018-12-13	0.000186	0.000195	0.000197	0.000183	0
LTG_USD	2018-12-12	0.000195	0.000189	0.000199	0.000187	0
LTG_USD	2018-12-11	0.000190	0.000191	0.000195	0.000183	0
LTG_USD	2018-12-10	0.000191	0.000199	0.000203	0.000188	0
LTG_USD	2018-12-09	0.000199	0.000192	0.000212	0.000188	0
LTG_USD	2018-12-08	0.000193	0.000197	0.000207	0.000178	0
LTG_USD	2018-12-07	0.000197	0.000191	0.000205	0.000172	0
LTG_USD	2018-12-06	0.000192	0.000213	0.000218	0.000190	0
LTG_USD	2018-12-05	0.000213	0.000230	0.000231	0.000212	0
LTG_USD	2018-12-04	0.000230	0.000227	0.000239	0.000221	0
LTG_USD	2018-12-03	0.000227	0.000243	0.000244	0.000222	0
LTG_USD	2018-12-02	0.000243	0.000248	0.000253	0.000242	0
LTG_USD	2018-12-01	0.000248	0.000242	0.000254	0.000232	0
LTG_USD	2018-11-30	0.000242	0.000252	0.000256	0.000238	0
LTG_USD	2018-11-29	0.000252	0.000264	0.000265	0.000245	0
LTG_USD	2018-11-28	0.000264	0.000265	0.000281	0.000246	0
LTG_USD	2018-11-27	0.000265	0.000262	0.000271	0.000244	0
LTG_USD	2018-11-26	0.000262	0.000246	0.000268	0.000223	0
LTG_USD	2018-11-25	0.000247	0.000462	0.000466	0.000229	0
LTG_USD	2018-11-24	0.000462	0.000502	0.000520	0.000449	0
LTG_USD	2018-11-23	0.000502	0.000506	0.000515	0.000481	0
LTG_USD	2018-11-22	0.000511	0.000555	0.000562	0.000511	0
LTG_USD	2018-11-21	0.000556	0.000540	0.000567	0.000512	0
LTG_USD	2018-11-20	0.000540	0.000607	0.000618	0.000514	0
LTG_USD	2018-11-19	0.000607	0.000718	0.000718	0.000595	0
LTG_USD	2018-11-18	0.000718	0.000705	0.000729	0.000705	0
LTG_USD	2018-11-17	0.000705	0.000666	0.000712	0.000655	0
LTG_USD	2018-11-16	0.000666	0.000692	0.000694	0.000654	0
LTG_USD	2018-11-15	0.000692	0.000751	0.000759	0.000673	0
LTG_USD	2018-11-14	0.000745	0.000842	0.000847	0.000713	0
LTG_USD	2018-11-13	0.000843	0.000853	0.000856	0.000839	0
LTG_USD	2018-11-12	0.000853	0.000854	0.000859	0.000846	0
LTG_USD	2018-11-11	0.000856	0.000454	0.000856	0.000445	0
LTG_USD	2018-11-10	0.000454	0.000449	0.000459	0.000448	0
LTG_USD	2018-11-09	0.000449	0.000453	0.000459	0.000446	0
LTG_USD	2018-11-08	0.000453	0.000466	0.000470	0.000453	0
LTG_USD	2018-11-07	0.000466	0.000470	0.000479	0.000463	0
LTG_USD	2018-11-06	0.000470	0.000449	0.000471	0.000446	0
LTG_USD	2018-11-05	0.000449	0.000452	0.000453	0.000443	0
LTG_USD	2018-11-04	0.000452	0.000422	0.000464	0.000421	0
LTG_USD	2018-11-03	0.000422	0.000427	0.000427	0.000421	0
LTG_USD	2018-11-02	0.000427	0.000424	0.000429	0.000424	0
LTG_USD	2018-11-01	0.000424	0.000422	0.000425	0.000421	0
LTG_USD	2018-10-31	0.000422	0.000419	0.000425	0.000411	0
LTG_USD	2018-10-30	0.000420	0.000417	0.000422	0.000416	0
LTG_USD	2018-10-29	0.000417	0.000435	0.000435	0.000416	0
LTG_USD	2018-10-28	0.000435	0.000433	0.000435	0.000432	0
LTG_USD	2018-10-27	0.000433	0.000435	0.000436	0.000431	0
LTG_USD	2018-10-26	0.000435	0.000432	0.000441	0.000431	0
LTG_USD	2018-10-25	0.000432	0.000437	0.000438	0.000432	0
LTG_USD	2018-10-24	0.000437	0.000439	0.000443	0.000437	0
LTG_USD	2018-10-23	0.000439	0.000439	0.000442	0.000432	0
LTG_USD	2018-10-22	0.000439	0.000441	0.000445	0.000437	0
LTG_USD	2018-10-21	0.000441	0.000443	0.000450	0.000441	0
LTG_USD	2018-10-20	0.000443	0.000436	0.000447	0.000434	0
LTG_USD	2018-10-19	0.000436	0.000439	0.000441	0.000435	0
LTG_USD	2018-10-18	0.000439	0.000454	0.000457	0.000434	0
LTG_USD	2018-10-17	0.000454	0.000458	0.000462	0.000448	0
LTG_USD	2018-10-16	0.000458	0.000456	0.000465	0.000450	0
LTG_USD	2018-10-15	0.000456	0.000419	0.000506	0.000414	0
LTG_USD	2018-10-14	0.000419	0.000429	0.000433	0.000416	0
LTG_USD	2018-10-13	0.000429	0.000169	0.000433	0.000137	0
LTG_USD	2018-10-12	0.000170	0.000164	0.000173	0.000164	0
LTG_USD	2018-10-11	0.000164	0.000173	0.000485	0.000163	0
LTG_USD	2018-10-10	0.000173	0.000175	0.000175	0.000171	0
LTG_USD	2018-10-09	0.000175	0.000497	0.000499	0.000174	0
LTG_USD	2018-10-08	0.000497	0.000489	0.000502	0.000485	0
LTG_USD	2018-10-07	0.000489	0.000481	0.000491	0.000473	0
LTG_USD	2018-10-06	0.000481	0.000488	0.000489	0.000477	0
LTG_USD	2018-10-05	0.000488	0.000116	0.000494	0.000114	0
LTG_USD	2018-10-04	0.000116	0.000115	0.000458	0.000114	0
LTG_USD	2018-10-03	0.000115	0.000465	0.000466	0.000112	0
LTG_USD	2018-10-02	0.000466	0.000292	0.000486	0.000288	0
LTG_USD	2018-10-01	0.000292	0.000293	0.000296	0.000284	0
LTG_USD	2018-09-30	0.000293	0.000292	0.000301	0.000285	0
LTG_USD	2018-09-29	0.000292	0.000280	0.000299	0.000270	0
LTG_USD	2018-09-28	0.000280	0.000289	0.000294	0.000271	0
LTG_USD	2018-09-27	0.000289	0.000338	0.000368	0.000287	0
LTG_USD	2018-09-26	0.000339	0.000347	0.000352	0.000328	0
LTG_USD	2018-09-25	0.000345	0.000481	0.000481	0.000339	0
LTG_USD	2018-09-24	0.000481	0.000516	0.000519	0.000476	0
LTG_USD	2018-09-23	0.000516	0.000508	0.000526	0.000501	0
LTG_USD	2018-09-22	0.000508	0.000424	0.000509	0.000399	0
LTG_USD	2018-09-21	0.000424	0.000477	0.000487	0.000385	0
LTG_USD	2018-09-20	0.000477	0.000438	0.000483	0.000435	0
LTG_USD	2018-09-19	0.000437	0.000435	0.000445	0.000411	0
LTG_USD	2018-09-18	0.000435	0.000297	0.000441	0.000295	0
LTG_USD	2018-09-17	0.000297	0.000332	0.000339	0.000291	0
LTG_USD	2018-09-16	0.000332	0.000351	0.000351	0.000324	0
LTG_USD	2018-09-15	0.000352	0.000444	0.000486	0.000346	0
LTG_USD	2018-09-14	0.000449	0.000413	0.000483	0.000409	0
LTG_USD	2018-09-13	0.000413	0.000359	0.000421	0.000359	0
LTG_USD	2018-09-12	0.000359	0.000399	0.000400	0.000331	0
LTG_USD	2018-09-11	0.000400	0.000425	0.000430	0.000385	0
LTG_USD	2018-09-10	0.000425	0.000335	0.000428	0.000333	0
LTG_USD	2018-09-09	0.000334	0.000228	0.000356	0.000225	0
LTG_USD	2018-09-08	0.000228	0.000250	0.000255	0.000221	0
LTG_USD	2018-09-07	0.000250	0.000278	0.000283	0.000248	0
LTG_USD	2018-09-06	0.000278	0.000390	0.000396	0.000268	0
LTG_USD	2018-09-05	0.000390	0.000488	0.000492	0.000388	0
LTG_USD	2018-09-04	0.000488	0.000494	0.000501	0.000483	0
LTG_USD	2018-09-03	0.000495	0.000503	0.000507	0.000489	0
LTG_USD	2018-09-02	0.000503	0.000624	0.000632	0.000495	0
LTG_USD	2018-09-01	0.000624	0.000607	0.000647	0.000607	0
LTG_USD	2018-08-31	0.000607	0.000614	0.000614	0.000597	0
LTG_USD	2018-08-30	0.000614	0.000566	0.000617	0.000539	0
LTG_USD	2018-08-29	0.000567	0.000579	0.000582	0.000557	0
LTG_USD	2018-08-28	0.000579	0.000576	0.000719	0.000498	0
LTG_USD	2018-08-27	0.000574	0.000549	0.000574	0.000544	0
LTG_USD	2018-08-26	0.000549	0.000419	0.000552	0.000407	0
LTG_USD	2018-08-25	0.000419	0.000425	0.000427	0.000418	0
LTG_USD	2018-08-24	0.000425	0.000417	0.000427	0.000409	0
LTG_USD	2018-08-23	0.000417	0.000408	0.000423	0.000405	0
LTG_USD	2018-08-22	0.000408	0.000424	0.000452	0.000393	0
LTG_USD	2018-08-21	0.000424	0.000408	0.000432	0.000408	0
LTG_USD	2018-08-20	0.000408	0.000452	0.000459	0.000407	0
LTG_USD	2018-08-19	0.000452	0.000444	0.000463	0.000436	0
LTG_USD	2018-08-18	0.000444	0.000479	0.000485	0.000427	0
LTG_USD	2018-08-17	0.000479	0.000433	0.000480	0.000431	0
LTG_USD	2018-08-16	0.000433	0.000424	0.000451	0.000420	0
LTG_USD	2018-08-15	0.000424	0.000421	0.000459	0.000418	0
LTG_USD	2018-08-14	0.000420	0.000429	0.000429	0.000379	0
LTG_USD	2018-08-13	0.000429	0.000480	0.000486	0.000424	0
LTG_USD	2018-08-12	0.000480	0.000480	0.000494	0.000476	0
LTG_USD	2018-08-11	0.000480	0.000501	0.000502	0.000461	0
LTG_USD	2018-08-10	0.000501	0.000549	0.000552	0.000493	0
LTG_USD	2018-08-09	0.000548	0.000537	0.000559	0.000530	0
LTG_USD	2018-08-08	0.000537	0.000570	0.000574	0.000527	0
LTG_USD	2018-08-07	0.000571	0.000612	0.000620	0.000557	0
LTG_USD	2018-08-06	0.000612	0.000617	0.000623	0.000606	0
LTG_USD	2018-08-05	0.000617	0.000615	0.000624	0.000604	0
LTG_USD	2018-08-04	0.000614	0.000631	0.000633	0.000607	0
LTG_USD	2018-08-03	0.000631	0.000620	0.000634	0.000601	0
LTG_USD	2018-08-02	0.000620	0.000634	0.000640	0.000616	0
LTG_USD	2018-08-01	0.000634	0.000653	0.000657	0.000616	0
LTG_USD	2018-07-31	0.000653	0.000690	0.000691	0.000646	0
LTG_USD	2018-07-30	0.000690	0.000704	0.000708	0.000675	0
LTG_USD	2018-07-29	0.000705	0.000726	0.000726	0.000697	0
LTG_USD	2018-07-28	0.000726	0.000726	0.000726	0.000726	0
LTG_USD	2018-07-27	0.000726	0.000726	0.000726	0.000726	0
LTG_USD	2018-07-26	0.000726	0.000713	0.000732	0.000713	0
LTG_USD	2018-07-25	0.000713	0.000723	0.000732	0.000701	0
LTG_USD	2018-07-24	0.000725	0.000679	0.000732	0.000677	0
LTG_USD	2018-07-23	0.000678	0.000691	0.000710	0.000674	0
LTG_USD	2018-07-22	0.000692	0.000696	0.000713	0.000687	0
LTG_USD	2018-07-21	0.000696	0.000678	0.000707	0.000668	0
LTG_USD	2018-07-20	0.000678	0.000708	0.000708	0.000665	0
LTG_USD	2018-07-19	0.000708	0.000722	0.000731	0.000699	0
LTG_USD	2018-07-18	0.000722	0.000754	0.000778	0.000709	0
LTG_USD	2018-07-17	0.000754	0.000722	0.000772	0.000704	0
LTG_USD	2018-07-16	0.000723	0.000679	0.000726	0.000672	0
LTG_USD	2018-07-15	0.000679	0.000655	0.000687	0.000651	0
LTG_USD	2018-07-14	0.000655	0.000653	0.000663	0.000646	0
LTG_USD	2018-07-13	0.000652	0.000649	0.000668	0.000643	0
LTG_USD	2018-07-12	0.000648	0.000916	0.000916	0.000631	0
LTG_USD	2018-07-11	0.000915	0.000889	0.000918	0.000873	0
LTG_USD	2018-07-10	0.000889	0.000968	0.000972	0.000879	0
LTG_USD	2018-07-09	0.000966	0.000999	0.001003	0.000963	0
LTG_USD	2018-07-08	0.000999	0.000528	0.001006	0.000524	0
LTG_USD	2018-07-07	0.000528	0.000510	0.000530	0.000501	0
LTG_USD	2018-07-06	0.000510	0.000507	0.000515	0.000490	0
LTG_USD	2018-07-05	0.000508	0.000507	0.000519	0.000498	0
LTG_USD	2018-07-04	0.000507	0.000502	0.000518	0.000490	0
LTG_USD	2018-07-03	0.000501	0.000518	0.000528	0.000499	0
LTG_USD	2018-07-02	0.000517	0.000490	0.000523	0.000000	0
LTG_USD	2018-07-01	0.000490	0.000492	0.000496	0.000483	0
LTG_USD	2018-06-30	0.000493	0.000473	0.000503	0.000473	0
LTG_USD	2018-06-29	0.000473	0.000454	0.000480	0.000439	0
LTG_USD	2018-06-28	0.000455	0.000279	0.000461	0.000268	0
LTG_USD	2018-06-27	0.000278	0.000262	0.000281	0.000260	0
LTG_USD	2018-06-26	0.000262	0.000281	0.000281	0.000262	0
LTG_USD	2018-06-25	0.000280	0.000276	0.000288	0.000272	0
LTG_USD	2018-06-24	0.000278	0.000289	0.000290	0.000257	0
LTG_USD	2018-06-23	0.000289	0.000282	0.000293	0.000277	0
LTG_USD	2018-06-22	0.000282	0.000308	0.000308	0.000274	0
LTG_USD	2018-06-21	0.000308	0.000314	0.000319	0.000305	0
LTG_USD	2018-06-20	0.000314	0.000315	0.000317	0.000302	0
LTG_USD	2018-06-19	0.000315	0.000303	0.000321	0.000301	0
LTG_USD	2018-06-18	0.000303	0.000291	0.000306	0.000285	0
LTG_USD	2018-06-17	0.000290	0.000291	0.000297	0.000289	0
LTG_USD	2018-06-16	0.000291	0.000285	0.000294	0.000283	0
LTG_USD	2018-06-15	0.000285	0.000406	0.000406	0.000283	0
LTG_USD	2018-06-14	0.000404	0.000372	0.000409	0.000359	0
LTG_USD	2018-06-13	0.000371	0.000385	0.000391	0.000351	0
LTG_USD	2018-06-12	0.000385	0.000414	0.000421	0.000377	0
LTG_USD	2018-06-11	0.000414	0.000409	0.000418	0.000398	0
LTG_USD	2018-06-10	0.000409	0.000462	0.000462	0.000392	0
LTG_USD	2018-06-09	0.000463	0.000471	0.000478	0.000462	0
LTG_USD	2018-06-08	0.000471	0.000474	0.000478	0.000466	0
LTG_USD	2018-06-07	0.000475	0.000202	0.000479	0.000201	0
LTG_USD	2018-06-06	0.000202	0.000204	0.000205	0.000198	0
LTG_USD	2018-06-05	0.000204	0.000464	0.000468	0.000195	0
LTG_USD	2018-06-04	0.000463	0.000670	0.000675	0.000459	0
LTG_USD	2018-06-03	0.000669	0.000638	0.000678	0.000637	0
LTG_USD	2018-06-02	0.000638	0.000628	0.000648	0.000621	0
LTG_USD	2018-06-01	0.000626	0.000623	0.000637	0.000609	0
LTG_USD	2018-05-31	0.000624	0.000602	0.000633	0.000598	0
LTG_USD	2018-05-30	0.000602	0.000613	0.000632	0.000585	0
LTG_USD	2018-05-29	0.000610	0.000553	0.000618	0.000552	0
LTG_USD	2018-05-28	0.000553	0.000615	0.000620	0.000543	0
LTG_USD	2018-05-27	0.000615	0.000632	0.000638	0.000599	0
LTG_USD	2018-05-26	0.000632	0.000631	0.000655	0.000624	0
LTG_USD	2018-05-25	0.000631	0.000651	0.000665	0.000614	0
LTG_USD	2018-05-24	0.000651	0.000624	0.000657	0.000584	0
LTG_USD	2018-05-23	0.000623	0.000689	0.000698	0.000609	0
LTG_USD	2018-05-22	0.000690	0.000748	0.000750	0.000686	0
LTG_USD	2018-05-21	0.000746	0.000783	0.000785	0.000737	0
LTG_USD	2018-05-20	0.000783	0.000762	0.000791	0.000753	0
LTG_USD	2018-05-19	0.000762	0.000758	0.000785	0.000745	0
LTG_USD	2018-05-18	0.000758	0.000731	0.000761	0.000720	0
LTG_USD	2018-05-17	0.000733	0.000736	0.000776	0.000723	0
LTG_USD	2018-05-16	0.000735	0.000733	0.000738	0.000703	0
LTG_USD	2018-05-15	0.000733	0.000757	0.000768	0.000723	0
LTG_USD	2018-05-14	0.000757	0.000758	0.000772	0.000713	0
LTG_USD	2018-05-13	0.000758	0.000710	0.000769	0.000696	0
LTG_USD	2018-05-12	0.000709	0.000705	0.000718	0.000664	0
LTG_USD	2018-05-11	0.000703	0.000752	0.000766	0.000693	0
LTG_USD	2018-05-10	0.000752	0.000782	0.000799	0.000752	0
LTG_USD	2018-05-09	0.000782	0.000778	0.000791	0.000739	0
LTG_USD	2018-05-08	0.000779	0.000782	0.000806	0.000001	0
LTG_USD	2018-05-07	0.000786	0.000826	0.000830	0.000719	0
LTG_USD	2018-05-06	0.000826	0.000852	0.000872	0.000785	0
LTG_USD	2018-05-05	0.000852	0.000833	0.000880	0.000829	0
LTG_USD	2018-05-04	0.000833	0.000826	0.000856	0.000807	0
LTG_USD	2018-05-03	0.000826	0.000729	0.000837	0.000728	0
LTG_USD	2018-05-02	0.000729	0.000711	0.000733	0.000704	0
LTG_USD	2018-05-01	0.000711	0.000703	0.000716	0.000660	0
LTG_USD	2018-04-30	0.000702	0.000615	0.000726	0.000600	0
LTG_USD	2018-04-29	0.000615	0.000608	0.000623	0.000592	0
LTG_USD	2018-04-28	0.000609	0.000692	0.000726	0.000600	0
LTG_USD	2018-04-27	0.000692	0.000713	0.000737	0.000689	0
LTG_USD	2018-04-26	0.000712	0.000664	0.000715	0.000645	0
LTG_USD	2018-04-25	0.000664	0.000766	0.000767	0.000654	0
LTG_USD	2018-04-24	0.000768	0.000702	0.000776	0.000702	0
LTG_USD	2018-04-23	0.000702	0.000676	0.000713	0.000675	0
LTG_USD	2018-04-22	0.000677	0.000660	0.000702	0.000645	0
LTG_USD	2018-04-21	0.000660	0.000734	0.000743	0.000652	0
LTG_USD	2018-04-20	0.000733	0.000731	0.000757	0.000680	0
LTG_USD	2018-04-19	0.000731	0.000678	0.000735	0.000674	0
LTG_USD	2018-04-18	0.000678	0.000624	0.000680	0.000622	0
LTG_USD	2018-04-17	0.000625	0.000631	0.000644	0.000619	0
LTG_USD	2018-04-16	0.000632	0.000686	0.000690	0.000619	0
LTG_USD	2018-04-15	0.000685	0.000643	0.000686	0.000643	0
LTG_USD	2018-04-14	0.000643	0.000633	0.000658	0.000623	0
LTG_USD	2018-04-13	0.000631	0.000632	0.000676	0.000617	0
LTG_USD	2018-04-12	0.000633	0.000561	0.000638	0.000551	0
LTG_USD	2018-04-11	0.000561	0.000542	0.000565	0.000538	0
LTG_USD	2018-04-10	0.000542	0.000520	0.000545	0.000511	0
LTG_USD	2018-04-09	0.000519	0.000576	0.000620	0.000506	0
LTG_USD	2018-04-08	0.000577	0.000628	0.000642	0.000564	0
LTG_USD	2018-04-07	0.000629	0.000605	0.000645	0.000603	0
LTG_USD	2018-04-06	0.000605	0.000624	0.000630	0.000595	0
LTG_USD	2018-04-05	0.000623	0.000618	0.000632	0.000599	0
LTG_USD	2018-04-04	0.000619	0.000678	0.000681	0.000604	0
LTG_USD	2018-04-03	0.000679	0.000630	0.000683	0.000621	0
LTG_USD	2018-04-02	0.000630	0.000733	0.000762	0.000615	0
LTG_USD	2018-04-01	0.000733	0.000761	0.000772	0.000693	0
LTG_USD	2018-03-31	0.000761	0.000682	0.000778	0.000676	0
LTG_USD	2018-03-30	0.000682	0.000553	0.000693	0.000525	0
LTG_USD	2018-03-29	0.000553	0.000713	0.000717	0.000547	0
LTG_USD	2018-03-28	0.000713	0.000717	0.000744	0.000704	0
LTG_USD	2018-03-27	0.000717	0.000790	0.000798	0.000714	0
LTG_USD	2018-03-26	0.000792	0.000850	0.000854	0.000759	0
LTG_USD	2018-03-25	0.000849	0.000651	0.000868	0.000632	0
LTG_USD	2018-03-24	0.000651	0.000683	0.000684	0.000651	0
LTG_USD	2018-03-23	0.000681	0.000676	0.000681	0.000635	0
LTG_USD	2018-03-22	0.000674	0.000701	0.000724	0.000647	0
LTG_USD	2018-03-21	0.000702	0.000718	0.000834	0.000684	0
LTG_USD	2018-03-20	0.000717	0.000715	0.000730	0.000666	0
LTG_USD	2018-03-19	0.000716	0.000693	0.000720	0.000664	0
LTG_USD	2018-03-18	0.000692	0.000708	0.000723	0.000586	0
LTG_USD	2018-03-17	0.000710	0.000786	0.000798	0.000701	0
LTG_USD	2018-03-16	0.000787	0.000772	0.000816	0.000739	0
LTG_USD	2018-03-15	0.000771	0.000776	0.000790	0.000718	0
LTG_USD	2018-03-14	0.000775	0.000874	0.000892	0.000744	0
LTG_USD	2018-03-13	0.000874	0.001146	0.001155	0.000854	0
LTG_USD	2018-03-12	0.001145	0.001184	0.001217	0.001115	0
LTG_USD	2018-03-11	0.001185	0.001087	0.001208	0.001057	0
LTG_USD	2018-03-10	0.001088	0.001141	0.001153	0.001082	0
LTG_USD	2018-03-09	0.001051	0.001098	0.001098	0.001046	0
LTG_USD	2018-03-08	0.001147	0.001180	0.001180	0.001147	0
