LYL_USD	2019-04-09	0.001026	0.001038	0.001056	0.001009	0
LYL_USD	2019-04-08	0.001038	0.001023	0.001078	0.000978	0
LYL_USD	2019-04-07	0.001023	0.000991	0.001119	0.000906	0
LYL_USD	2019-04-06	0.000991	0.001144	0.001191	0.000990	0
LYL_USD	2019-04-05	0.001144	0.001012	0.001145	0.001011	0
LYL_USD	2019-04-04	0.001012	0.000946	0.001096	0.000946	0
LYL_USD	2019-04-03	0.000946	0.001036	0.001055	0.000893	0
LYL_USD	2019-04-02	0.001036	0.000903	0.001066	0.000901	0
LYL_USD	2019-04-01	0.000903	0.000817	0.000905	0.000817	0
LYL_USD	2019-03-31	0.000896	0.000937	0.000981	0.000854	0
LYL_USD	2019-03-30	0.000937	0.000940	0.000947	0.000912	0
LYL_USD	2019-03-29	0.000940	0.000962	0.001021	0.000895	0
LYL_USD	2019-03-28	0.000962	0.001005	0.001005	0.000941	0
LYL_USD	2019-03-27	0.001005	0.001058	0.001124	0.000979	0
LYL_USD	2019-03-26	0.001058	0.001052	0.001059	0.001013	0
LYL_USD	2019-03-25	0.001052	0.001071	0.001092	0.001006	0
LYL_USD	2019-03-24	0.001071	0.001077	0.001077	0.001029	0
LYL_USD	2019-03-23	0.001077	0.001053	0.001079	0.001032	0
LYL_USD	2019-03-22	0.001053	0.001072	0.001077	0.000989	0
LYL_USD	2019-03-21	0.001072	0.001094	0.001137	0.001009	0
LYL_USD	2019-03-20	0.001094	0.001047	0.001130	0.001000	0
LYL_USD	2019-03-19	0.001047	0.000998	0.001086	0.000960	0
LYL_USD	2019-03-18	0.000998	0.001017	0.001137	0.000913	0
LYL_USD	2019-03-17	0.001017	0.001002	0.001041	0.000950	0
LYL_USD	2019-03-16	0.001002	0.001061	0.001108	0.000961	0
LYL_USD	2019-03-15	0.001061	0.000987	0.001107	0.000970	0
LYL_USD	2019-03-14	0.000987	0.000829	0.001007	0.000829	0
LYL_USD	2019-03-13	0.000829	0.000890	0.000933	0.000808	0
LYL_USD	2019-03-12	0.000890	0.000869	0.000957	0.000813	0
LYL_USD	2019-03-11	0.000869	0.000980	0.001013	0.000849	0
LYL_USD	2019-03-10	0.000980	0.001004	0.001023	0.000938	0
LYL_USD	2019-03-09	0.001004	0.001005	0.001071	0.000980	0
LYL_USD	2019-03-08	0.001005	0.001031	0.001063	0.000988	0
LYL_USD	2019-03-07	0.001031	0.001047	0.001058	0.001007	0
LYL_USD	2019-03-06	0.001047	0.001106	0.001126	0.001037	0
LYL_USD	2019-03-05	0.001106	0.001140	0.001198	0.001042	0
LYL_USD	2019-03-04	0.001140	0.001146	0.001161	0.001065	0
LYL_USD	2019-03-03	0.001146	0.001213	0.001235	0.001108	0
LYL_USD	2019-03-02	0.001213	0.001214	0.001332	0.001136	0
LYL_USD	2019-03-01	0.001214	0.001169	0.001235	0.001117	0
LYL_USD	2019-02-28	0.001169	0.001248	0.001275	0.001129	0
LYL_USD	2019-02-27	0.001248	0.001247	0.001279	0.001207	0
LYL_USD	2019-02-26	0.001247	0.001256	0.001317	0.001188	0
LYL_USD	2019-02-25	0.001256	0.001150	0.001258	0.001135	0
LYL_USD	2019-02-24	0.001150	0.001306	0.001343	0.001099	0
LYL_USD	2019-02-23	0.001306	0.001240	0.001332	0.001228	0
LYL_USD	2019-02-22	0.001240	0.001143	0.001313	0.001142	0
LYL_USD	2019-02-21	0.001143	0.001218	0.001230	0.001010	0
LYL_USD	2019-02-20	0.001218	0.001277	0.001352	0.001187	0
LYL_USD	2019-02-19	0.001277	0.001273	0.001459	0.001195	0
LYL_USD	2019-02-18	0.001273	0.001102	0.001629	0.001077	0
LYL_USD	2019-02-17	0.001102	0.001121	0.001131	0.001010	0
LYL_USD	2019-02-16	0.001121	0.001081	0.001237	0.001049	0
LYL_USD	2019-02-15	0.001081	0.000914	0.001120	0.000896	0
LYL_USD	2019-02-14	0.000914	0.000862	0.000954	0.000821	0
LYL_USD	2019-02-13	0.000862	0.000850	0.000871	0.000823	0
LYL_USD	2019-02-12	0.000850	0.000718	0.000902	0.000711	0
LYL_USD	2019-02-11	0.000718	0.000862	0.000870	0.000681	0
LYL_USD	2019-02-10	0.000862	0.000837	0.000880	0.000799	0
LYL_USD	2019-02-09	0.000837	0.000838	0.001005	0.000814	0
LYL_USD	2019-02-08	0.000838	0.000773	0.000854	0.000741	0
LYL_USD	2019-02-07	0.000773	0.000811	0.000813	0.000773	0
LYL_USD	2019-02-06	0.000811	0.000790	0.000812	0.000740	0
LYL_USD	2019-02-05	0.000790	0.000785	0.000822	0.000753	0
LYL_USD	2019-02-04	0.000785	0.000788	0.000818	0.000767	0
LYL_USD	2019-02-03	0.000788	0.000765	0.000825	0.000736	0
LYL_USD	2019-02-02	0.000765	0.000778	0.000828	0.000755	0
LYL_USD	2019-02-01	0.000778	0.000718	0.000798	0.000697	0
LYL_USD	2019-01-31	0.000718	0.000794	0.000827	0.000716	0
LYL_USD	2019-01-30	0.000794	0.000765	0.000798	0.000577	0
LYL_USD	2019-01-29	0.000765	0.000805	0.000821	0.000707	0
LYL_USD	2019-01-28	0.000805	0.000845	0.000845	0.000785	0
LYL_USD	2019-01-27	0.000845	0.000854	0.000856	0.000806	0
LYL_USD	2019-01-26	0.000854	0.000817	0.000877	0.000816	0
LYL_USD	2019-01-25	0.000817	0.000785	0.000861	0.000785	0
LYL_USD	2019-01-24	0.000785	0.000887	0.000888	0.000744	0
LYL_USD	2019-01-23	0.000887	0.000873	0.000969	0.000856	0
LYL_USD	2019-01-22	0.000873	0.000824	0.000989	0.000642	0
LYL_USD	2019-01-21	0.000824	0.000861	0.000877	0.000801	0
LYL_USD	2019-01-20	0.000861	0.000941	0.000964	0.000840	0
LYL_USD	2019-01-19	0.000941	0.000882	0.000971	0.000865	0
LYL_USD	2019-01-18	0.000882	0.000837	0.000882	0.000750	0
LYL_USD	2019-01-17	0.000837	0.000808	0.000869	0.000789	0
LYL_USD	2019-01-16	0.000808	0.000859	0.000877	0.000788	0
LYL_USD	2019-01-15	0.000859	0.000900	0.000921	0.000821	0
LYL_USD	2019-01-14	0.000900	0.000862	0.000919	0.000848	0
LYL_USD	2019-01-13	0.000862	0.000870	0.000908	0.000830	0
LYL_USD	2019-01-12	0.000870	0.000873	0.000877	0.000863	0
LYL_USD	2019-01-11	0.000873	0.000835	0.000885	0.000801	0
LYL_USD	2019-01-10	0.000835	0.001000	0.001050	0.000796	0
LYL_USD	2019-01-09	0.001000	0.001004	0.001103	0.000957	0
LYL_USD	2019-01-08	0.001004	0.001008	0.001047	0.000920	0
LYL_USD	2019-01-07	0.001008	0.001105	0.001148	0.000987	0
LYL_USD	2019-01-06	0.001105	0.000998	0.002073	0.000959	0
LYL_USD	2019-01-05	0.000998	0.001108	0.001144	0.000965	0
LYL_USD	2019-01-04	0.001108	0.001117	0.001132	0.001068	0
LYL_USD	2019-01-03	0.001117	0.001154	0.001156	0.001112	0
LYL_USD	2019-01-02	0.001154	0.001148	0.001164	0.001105	0
LYL_USD	2019-01-01	0.001148	0.001111	0.001154	0.001091	0
LYL_USD	2018-12-31	0.001111	0.001132	0.001173	0.001060	0
LYL_USD	2018-12-30	0.001132	0.001184	0.001210	0.001110	0
LYL_USD	2018-12-29	0.001184	0.001211	0.001247	0.001167	0
LYL_USD	2018-12-28	0.001211	0.001170	0.001237	0.001098	0
LYL_USD	2018-12-27	0.001170	0.001218	0.001228	0.001133	0
LYL_USD	2018-12-26	0.001218	0.001230	0.001257	0.001181	0
LYL_USD	2018-12-25	0.001230	0.001306	0.001308	0.001203	0
LYL_USD	2018-12-24	0.001306	0.001303	0.001425	0.001290	0
LYL_USD	2018-12-23	0.001303	0.001320	0.001361	0.001270	0
LYL_USD	2018-12-22	0.001320	0.001251	0.001322	0.001172	0
LYL_USD	2018-12-21	0.001251	0.001349	0.001407	0.001232	0
LYL_USD	2018-12-20	0.001349	0.001276	0.001375	0.001172	0
LYL_USD	2018-12-19	0.001276	0.001247	0.001391	0.001224	0
LYL_USD	2018-12-18	0.001247	0.001178	0.001267	0.001172	0
LYL_USD	2018-12-17	0.001178	0.001105	0.001216	0.001080	0
LYL_USD	2018-12-16	0.001105	0.001035	0.001165	0.001032	0
LYL_USD	2018-12-15	0.001035	0.001050	0.001091	0.001016	0
LYL_USD	2018-12-14	0.001050	0.001106	0.001129	0.001028	0
LYL_USD	2018-12-13	0.001106	0.001132	0.001174	0.001085	0
LYL_USD	2018-12-12	0.001132	0.001095	0.001156	0.001087	0
LYL_USD	2018-12-11	0.001105	0.001198	0.001210	0.001082	0
LYL_USD	2018-12-10	0.001198	0.001185	0.001202	0.001138	0
LYL_USD	2018-12-09	0.001185	0.001192	0.001257	0.001167	0
LYL_USD	2018-12-08	0.001192	0.001176	0.001243	0.001128	0
LYL_USD	2018-12-07	0.001176	0.001186	0.001206	0.001071	0
LYL_USD	2018-12-06	0.001186	0.001224	0.001292	0.001149	0
LYL_USD	2018-12-05	0.001224	0.001394	0.001399	0.001208	0
LYL_USD	2018-12-04	0.001394	0.001346	0.001470	0.001332	0
LYL_USD	2018-12-03	0.001346	0.001435	0.001478	0.001335	0
LYL_USD	2018-12-02	0.001435	0.001485	0.001545	0.001414	0
LYL_USD	2018-12-01	0.001485	0.001373	0.001562	0.001347	0
LYL_USD	2018-11-30	0.001373	0.001574	0.001634	0.001301	0
LYL_USD	2018-11-29	0.001574	0.001572	0.001655	0.001517	0
LYL_USD	2018-11-28	0.001572	0.001437	0.001645	0.001429	0
LYL_USD	2018-11-27	0.001437	0.001446	0.001486	0.001360	0
LYL_USD	2018-11-26	0.001446	0.001437	0.001561	0.001392	0
LYL_USD	2018-11-25	0.001437	0.001356	0.001475	0.001259	0
LYL_USD	2018-11-24	0.001356	0.001437	0.001498	0.001300	0
LYL_USD	2018-11-23	0.001437	0.001318	0.001451	0.001275	0
LYL_USD	2018-11-22	0.001318	0.001471	0.001509	0.001318	0
LYL_USD	2018-11-21	0.001471	0.001400	0.001493	0.001275	0
LYL_USD	2018-11-20	0.001400	0.001580	0.001587	0.001317	0
LYL_USD	2018-11-19	0.001580	0.001896	0.001896	0.001526	0
LYL_USD	2018-11-18	0.001896	0.001941	0.001951	0.001774	0
LYL_USD	2018-11-17	0.001941	0.001896	0.001942	0.001705	0
LYL_USD	2018-11-16	0.001896	0.001984	0.002199	0.001811	0
LYL_USD	2018-11-15	0.001984	0.001883	0.002047	0.001679	0
LYL_USD	2018-11-14	0.001883	0.002069	0.002171	0.001665	0
LYL_USD	2018-11-13	0.002069	0.002160	0.002166	0.002036	0
LYL_USD	2018-11-12	0.002160	0.002164	0.002171	0.001904	0
LYL_USD	2018-11-11	0.002164	0.002283	0.002288	0.001835	0
LYL_USD	2018-11-10	0.002283	0.002247	0.002293	0.002213	0
LYL_USD	2018-11-09	0.002247	0.002300	0.002308	0.002221	0
LYL_USD	2018-11-08	0.002300	0.002333	0.002426	0.002090	0
LYL_USD	2018-11-07	0.002333	0.002313	0.002346	0.002174	0
LYL_USD	2018-11-06	0.002313	0.002297	0.002313	0.002269	0
LYL_USD	2018-11-05	0.002297	0.002302	0.002306	0.002196	0
LYL_USD	2018-11-04	0.002302	0.002236	0.002311	0.002194	0
LYL_USD	2018-11-03	0.002236	0.002249	0.002276	0.002185	0
LYL_USD	2018-11-02	0.002249	0.002272	0.002347	0.002119	0
LYL_USD	2018-11-01	0.002272	0.002324	0.002327	0.002257	0
LYL_USD	2018-10-31	0.002324	0.002310	0.002438	0.002185	0
LYL_USD	2018-10-30	0.002310	0.002379	0.002389	0.002195	0
LYL_USD	2018-10-29	0.002379	0.002434	0.002438	0.002370	0
LYL_USD	2018-10-28	0.002434	0.002438	0.002441	0.002421	0
LYL_USD	2018-10-27	0.002438	0.002515	0.002523	0.002431	0
LYL_USD	2018-10-26	0.002515	0.002448	0.002524	0.002384	0
LYL_USD	2018-10-25	0.002448	0.002327	0.002585	0.002245	0
LYL_USD	2018-10-24	0.002327	0.002325	0.002351	0.002264	0
LYL_USD	2018-10-23	0.002325	0.002397	0.002467	0.002232	0
LYL_USD	2018-10-22	0.002397	0.002503	0.002541	0.002390	0
LYL_USD	2018-10-21	0.002503	0.002404	0.002540	0.002403	0
LYL_USD	2018-10-20	0.002404	0.002382	0.002455	0.002377	0
LYL_USD	2018-10-19	0.002382	0.002546	0.002619	0.002376	0
LYL_USD	2018-10-18	0.002546	0.002391	0.002656	0.002387	0
LYL_USD	2018-10-17	0.002391	0.002467	0.002468	0.002372	0
LYL_USD	2018-10-16	0.002467	0.002528	0.002587	0.002438	0
LYL_USD	2018-10-15	0.002528	0.002502	0.002969	0.002394	0
LYL_USD	2018-10-14	0.002502	0.002625	0.002628	0.002446	0
LYL_USD	2018-10-13	0.002625	0.002739	0.002813	0.002556	0
LYL_USD	2018-10-12	0.002739	0.002940	0.003132	0.002681	0
LYL_USD	2018-10-11	0.002940	0.002586	0.003054	0.002442	0
LYL_USD	2018-10-10	0.002586	0.002699	0.002699	0.002471	0
LYL_USD	2018-10-09	0.002699	0.002603	0.002701	0.002570	0
LYL_USD	2018-10-08	0.002603	0.002541	0.002647	0.002477	0
LYL_USD	2018-10-07	0.002541	0.002472	0.002620	0.002392	0
LYL_USD	2018-10-06	0.002472	0.002392	0.002476	0.002384	0
LYL_USD	2018-10-05	0.002392	0.002336	0.002435	0.002264	0
LYL_USD	2018-10-04	0.002336	0.002309	0.002579	0.001950	0
LYL_USD	2018-10-03	0.002309	0.002386	0.002389	0.002262	0
LYL_USD	2018-10-02	0.002386	0.002343	0.002414	0.002271	0
LYL_USD	2018-10-01	0.002343	0.002350	0.002364	0.002258	0
LYL_USD	2018-09-30	0.002350	0.002345	0.002363	0.002071	0
LYL_USD	2018-09-29	0.002345	0.002355	0.002504	0.002241	0
LYL_USD	2018-09-28	0.002355	0.002843	0.002853	0.002278	0
LYL_USD	2018-09-27	0.002843	0.002294	0.002913	0.002177	0
LYL_USD	2018-09-26	0.002294	0.002284	0.002548	0.002191	0
LYL_USD	2018-09-25	0.002284	0.002371	0.002371	0.002200	0
LYL_USD	2018-09-24	0.002371	0.002248	0.002421	0.002239	0
LYL_USD	2018-09-23	0.002248	0.002253	0.002272	0.002169	0
LYL_USD	2018-09-22	0.002253	0.002303	0.002346	0.002177	0
LYL_USD	2018-09-21	0.002303	0.002308	0.002527	0.002183	0
LYL_USD	2018-09-20	0.002308	0.002333	0.002402	0.002243	0
LYL_USD	2018-09-19	0.002333	0.002379	0.002397	0.002232	0
LYL_USD	2018-09-18	0.002379	0.002314	0.002393	0.002279	0
LYL_USD	2018-09-17	0.002314	0.002437	0.002498	0.002210	0
LYL_USD	2018-09-16	0.002437	0.002445	0.002502	0.002366	0
LYL_USD	2018-09-15	0.002445	0.002562	0.002580	0.002380	0
LYL_USD	2018-09-14	0.002562	0.002558	0.002725	0.002489	0
LYL_USD	2018-09-13	0.002558	0.002503	0.002700	0.002466	0
LYL_USD	2018-09-12	0.002503	0.002422	0.002505	0.002342	0
LYL_USD	2018-09-11	0.002422	0.002492	0.002586	0.002359	0
LYL_USD	2018-09-10	0.002492	0.002527	0.002567	0.002359	0
LYL_USD	2018-09-09	0.002527	0.002752	0.002792	0.002473	0
LYL_USD	2018-09-08	0.002752	0.002850	0.002881	0.002614	0
LYL_USD	2018-09-07	0.002850	0.002768	0.002960	0.002690	0
LYL_USD	2018-09-06	0.002768	0.002782	0.002796	0.002596	0
LYL_USD	2018-09-05	0.002782	0.003201	0.003318	0.002781	0
LYL_USD	2018-09-04	0.003201	0.003053	0.003323	0.002686	0
LYL_USD	2018-09-03	0.003053	0.003317	0.003331	0.002954	0
LYL_USD	2018-09-02	0.003317	0.003419	0.003439	0.003200	0
LYL_USD	2018-09-01	0.003419	0.003267	0.003449	0.003202	0
LYL_USD	2018-08-31	0.003267	0.003217	0.003354	0.002967	0
LYL_USD	2018-08-30	0.003217	0.003488	0.003495	0.003118	0
LYL_USD	2018-08-29	0.003488	0.003504	0.003586	0.003394	0
LYL_USD	2018-08-28	0.003504	0.003555	0.003599	0.003340	0
LYL_USD	2018-08-27	0.003555	0.003455	0.003559	0.003334	0
