LYM_USD	2019-04-09	0.011110	0.011880	0.012170	0.010920	22097484
LYM_USD	2019-04-08	0.011880	0.014000	0.014610	0.011100	25088764
LYM_USD	2019-04-07	0.014000	0.011280	0.015800	0.011100	41935228
LYM_USD	2019-04-06	0.011400	0.010330	0.012550	0.010150	29529748
LYM_USD	2019-04-05	0.010330	0.009420	0.010470	0.009280	11228539
LYM_USD	2019-04-04	0.009420	0.009620	0.010090	0.009000	16496211
LYM_USD	2019-04-03	0.009620	0.009650	0.010270	0.009150	216232
LYM_USD	2019-04-02	0.009650	0.008670	0.009780	0.008150	358640
LYM_USD	2019-04-01	0.008640	0.008240	0.009000	0.008130	186232
LYM_USD	2019-03-31	0.008240	0.008210	0.009300	0.007890	651821
LYM_USD	2019-03-30	0.008250	0.006590	0.009410	0.006200	763619
LYM_USD	2019-03-29	0.006590	0.006410	0.006590	0.006370	81640
LYM_USD	2019-03-28	0.006390	0.006290	0.006700	0.006270	84939
LYM_USD	2019-03-27	0.006290	0.006110	0.006330	0.006030	56930
LYM_USD	2019-03-26	0.006110	0.006210	0.006290	0.006040	45710
LYM_USD	2019-03-25	0.006200	0.006440	0.006530	0.006190	76056
LYM_USD	2019-03-24	0.006440	0.006460	0.006660	0.006200	118233
LYM_USD	2019-03-23	0.006460	0.006370	0.006670	0.006170	119691
LYM_USD	2019-03-22	0.006340	0.006160	0.006380	0.006080	78139
LYM_USD	2019-03-21	0.006160	0.006140	0.006350	0.006010	94342
LYM_USD	2019-03-20	0.006140	0.006040	0.006400	0.005990	73907
LYM_USD	2019-03-19	0.006040	0.005990	0.006120	0.005920	56382
LYM_USD	2019-03-18	0.005990	0.005960	0.006060	0.005920	37266
LYM_USD	2019-03-17	0.005960	0.006040	0.006050	0.005920	26038
LYM_USD	2019-03-16	0.006040	0.005940	0.006090	0.005850	56511
LYM_USD	2019-03-15	0.005940	0.005990	0.006030	0.005900	40074
LYM_USD	2019-03-14	0.005990	0.005870	0.006040	0.005810	58265
LYM_USD	2019-03-13	0.005900	0.005930	0.006150	0.005820	59715
LYM_USD	2019-03-12	0.005930	0.006060	0.006160	0.005690	98998
LYM_USD	2019-03-11	0.006060	0.006480	0.006660	0.005960	232824
LYM_USD	2019-03-10	0.006480	0.006000	0.006900	0.005730	279539
LYM_USD	2019-03-09	0.006000	0.005720	0.006030	0.005690	88159
LYM_USD	2019-03-08	0.005720	0.005770	0.005800	0.005420	64520
LYM_USD	2019-03-07	0.005770	0.005740	0.005820	0.005710	30243
LYM_USD	2019-03-06	0.005740	0.005820	0.005960	0.005690	32037
LYM_USD	2019-03-05	0.005820	0.005780	0.005830	0.005600	47606
LYM_USD	2019-03-04	0.005780	0.005830	0.005910	0.005210	74682
LYM_USD	2019-03-03	0.005830	0.005940	0.006040	0.005520	57424
LYM_USD	2019-03-02	0.005940	0.006050	0.006110	0.005850	52515
LYM_USD	2019-03-01	0.006050	0.006080	0.006110	0.006010	30083
LYM_USD	2019-02-28	0.006080	0.006570	0.006960	0.006020	118980
LYM_USD	2019-02-27	0.006580	0.005990	0.006850	0.005990	193864
LYM_USD	2019-02-26	0.006000	0.005960	0.006140	0.005870	66889
LYM_USD	2019-02-25	0.005960	0.005710	0.005990	0.005670	7382250
LYM_USD	2019-02-24	0.005710	0.006360	0.006550	0.005540	22340220
LYM_USD	2019-02-23	0.006360	0.006300	0.006600	0.006200	12383755
LYM_USD	2019-02-22	0.006300	0.006140	0.006740	0.006100	10890694
LYM_USD	2019-02-21	0.006140	0.006240	0.006260	0.006040	5293369
LYM_USD	2019-02-20	0.006240	0.006290	0.006310	0.006180	8743286
LYM_USD	2019-02-19	0.006290	0.006150	0.006500	0.006150	7735124
LYM_USD	2019-02-18	0.006150	0.006110	0.006450	0.006060	12525305
LYM_USD	2019-02-17	0.006110	0.006100	0.006190	0.005880	12627952
LYM_USD	2019-02-16	0.006100	0.006110	0.006220	0.006000	10705170
LYM_USD	2019-02-15	0.006110	0.006230	0.006280	0.006100	16796802
LYM_USD	2019-02-14	0.006230	0.006100	0.006670	0.006100	21640564
LYM_USD	2019-02-13	0.006100	0.006110	0.006170	0.006100	3375599
LYM_USD	2019-02-12	0.006110	0.006160	0.006190	0.006100	4789117
LYM_USD	2019-02-11	0.006160	0.006230	0.006230	0.006100	11841677
LYM_USD	2019-02-10	0.006230	0.006110	0.006290	0.006100	2886762
LYM_USD	2019-02-09	0.006110	0.006310	0.006380	0.006100	3147117
LYM_USD	2019-02-08	0.006310	0.006130	0.006500	0.006110	4558218
LYM_USD	2019-02-07	0.006130	0.006300	0.006300	0.006130	10894805
LYM_USD	2019-02-06	0.006300	0.006200	0.006300	0.006110	11269902
LYM_USD	2019-02-05	0.006200	0.006150	0.006200	0.006100	9285827
LYM_USD	2019-02-04	0.006150	0.006110	0.006200	0.006100	7794442
LYM_USD	2019-02-03	0.006110	0.006170	0.006200	0.006100	10058708
LYM_USD	2019-02-02	0.006170	0.006120	0.006200	0.006100	12808634
LYM_USD	2019-02-01	0.006120	0.006110	0.006200	0.006040	14541979
LYM_USD	2019-01-31	0.006100	0.006300	0.006300	0.006100	12043730
LYM_USD	2019-01-30	0.006300	0.006210	0.006300	0.006100	20061584
LYM_USD	2019-01-29	0.006210	0.006170	0.006400	0.006100	18021080
LYM_USD	2019-01-28	0.006170	0.006400	0.006700	0.006000	29279436
LYM_USD	2019-01-27	0.006400	0.006570	0.006610	0.006320	4161633
LYM_USD	2019-01-26	0.006590	0.006500	0.006820	0.006410	2227071
LYM_USD	2019-01-25	0.006500	0.006680	0.006770	0.006500	1644383
LYM_USD	2019-01-24	0.006680	0.006870	0.007760	0.006520	11218061
LYM_USD	2019-01-23	0.006870	0.006670	0.007350	0.006600	11442453
LYM_USD	2019-01-22	0.006670	0.006330	0.006800	0.006330	5243785
LYM_USD	2019-01-21	0.006330	0.006500	0.006600	0.006300	12039245
LYM_USD	2019-01-20	0.006500	0.006710	0.006800	0.006400	8958160
LYM_USD	2019-01-19	0.006700	0.006400	0.007000	0.006380	17717504
LYM_USD	2019-01-18	0.006400	0.006400	0.006500	0.006300	6545046
LYM_USD	2019-01-17	0.006400	0.006480	0.006820	0.006310	12547884
LYM_USD	2019-01-16	0.006480	0.006300	0.006570	0.006300	8487854
LYM_USD	2019-01-15	0.006300	0.006660	0.006850	0.006300	12169036
LYM_USD	2019-01-14	0.006660	0.006300	0.006800	0.006100	19144326
LYM_USD	2019-01-13	0.006260	0.006990	0.007100	0.006200	63698352
LYM_USD	2019-01-12	0.006990	0.007100	0.007200	0.006990	21810420
LYM_USD	2019-01-11	0.007100	0.007000	0.007230	0.006970	50945368
LYM_USD	2019-01-10	0.007020	0.008100	0.008100	0.006940	65009328
LYM_USD	2019-01-09	0.008100	0.008120	0.008780	0.008000	85640576
LYM_USD	2019-01-08	0.008120	0.007900	0.008620	0.007890	102961896
LYM_USD	2019-01-07	0.007900	0.007900	0.008790	0.007650	69180424
LYM_USD	2019-01-06	0.007900	0.008100	0.008250	0.007600	80325368
LYM_USD	2019-01-05	0.008100	0.007960	0.009590	0.007900	130850568
LYM_USD	2019-01-04	0.007890	0.007160	0.008800	0.007100	85329528
LYM_USD	2019-01-03	0.007160	0.007430	0.007500	0.007100	47193296
LYM_USD	2019-01-02	0.007430	0.007200	0.007500	0.007100	20977248
LYM_USD	2019-01-01	0.007200	0.007000	0.007200	0.006930	5458302
LYM_USD	2018-12-31	0.007000	0.007050	0.007200	0.007000	23393226
LYM_USD	2018-12-30	0.007050	0.007270	0.007270	0.007030	1489995
LYM_USD	2018-12-29	0.007270	0.007800	0.007900	0.007100	10399517
LYM_USD	2018-12-28	0.007800	0.007200	0.008030	0.006760	39915400
LYM_USD	2018-12-27	0.007200	0.007370	0.008760	0.006940	60478032
LYM_USD	2018-12-26	0.007370	0.007220	0.007710	0.007210	12124623
LYM_USD	2018-12-25	0.007250	0.008800	0.008870	0.007190	45056408
LYM_USD	2018-12-24	0.008800	0.008250	0.010100	0.008200	108741568
LYM_USD	2018-12-23	0.008250	0.008150	0.008550	0.007900	18019206
LYM_USD	2018-12-22	0.008100	0.007500	0.008300	0.007200	74336712
LYM_USD	2018-12-21	0.007500	0.007400	0.008100	0.007000	73273904
LYM_USD	2018-12-20	0.007400	0.006400	0.007580	0.006190	52038704
LYM_USD	2018-12-19	0.006400	0.006290	0.006810	0.006200	41548448
LYM_USD	2018-12-18	0.006290	0.006200	0.006300	0.006100	12254190
LYM_USD	2018-12-17	0.006200	0.005720	0.006250	0.005670	8520290
LYM_USD	2018-12-16	0.005720	0.005800	0.005950	0.005670	1079387
LYM_USD	2018-12-15	0.005800	0.005800	0.005950	0.005610	1495958
LYM_USD	2018-12-14	0.005800	0.006280	0.006500	0.005650	4386496
LYM_USD	2018-12-13	0.006270	0.006600	0.006610	0.006270	22231376
LYM_USD	2018-12-12	0.006600	0.006600	0.006700	0.006490	23541646
LYM_USD	2018-12-11	0.006600	0.006700	0.006900	0.006400	54401340
LYM_USD	2018-12-10	0.006700	0.006880	0.006880	0.006290	14060167
LYM_USD	2018-12-09	0.006880	0.006730	0.006900	0.006380	1723891
LYM_USD	2018-12-08	0.006730	0.006420	0.006990	0.006200	2341096
LYM_USD	2018-12-07	0.006420	0.006510	0.006870	0.006110	3971948
LYM_USD	2018-12-06	0.006500	0.007200	0.007270	0.006500	3141747
LYM_USD	2018-12-05	0.007200	0.007550	0.007590	0.007200	40715128
LYM_USD	2018-12-04	0.007550	0.007550	0.007700	0.007200	72293640
LYM_USD	2018-12-03	0.007550	0.007900	0.007940	0.007520	37224596
LYM_USD	2018-12-02	0.007900	0.008000	0.008200	0.007900	50235208
LYM_USD	2018-12-01	0.008000	0.007800	0.008400	0.007700	27200240
LYM_USD	2018-11-30	0.007800	0.008200	0.008300	0.007500	28668132
LYM_USD	2018-11-29	0.008200	0.008900	0.008900	0.008080	31993684
LYM_USD	2018-11-28	0.008900	0.007810	0.009360	0.007320	28533484
LYM_USD	2018-11-27	0.008000	0.006800	0.008800	0.006470	17088916
LYM_USD	2018-11-26	0.006800	0.007300	0.007600	0.006670	14965063
LYM_USD	2018-11-25	0.007300	0.007390	0.007500	0.006500	17313456
LYM_USD	2018-11-24	0.007390	0.008210	0.008600	0.007300	28486192
LYM_USD	2018-11-23	0.008300	0.008610	0.008780	0.008200	26732888
LYM_USD	2018-11-22	0.008610	0.008950	0.009490	0.008300	26750348
LYM_USD	2018-11-21	0.008950	0.008850	0.009300	0.008140	13650953
LYM_USD	2018-11-20	0.008850	0.009670	0.009950	0.007900	16198993
LYM_USD	2018-11-19	0.009670	0.012800	0.012900	0.009490	18512872
LYM_USD	2018-11-18	0.012800	0.012770	0.013080	0.012700	58244280
LYM_USD	2018-11-17	0.012770	0.013170	0.013200	0.012500	92755128
LYM_USD	2018-11-16	0.013100	0.012800	0.013900	0.012000	30052554
LYM_USD	2018-11-15	0.012800	0.013970	0.014210	0.011620	42897048
LYM_USD	2018-11-14	0.013970	0.017000	0.017170	0.013090	109084496
LYM_USD	2018-11-13	0.017000	0.016860	0.017600	0.016850	132750080
LYM_USD	2018-11-12	0.016860	0.017640	0.017800	0.016630	111016608
LYM_USD	2018-11-11	0.017600	0.017860	0.018070	0.017420	19738424
LYM_USD	2018-11-10	0.017800	0.017600	0.018160	0.017490	4257467
LYM_USD	2018-11-09	0.017600	0.017820	0.018160	0.017390	8575485
LYM_USD	2018-11-08	0.017830	0.019110	0.019160	0.017800	25815184
LYM_USD	2018-11-07	0.019110	0.017970	0.020060	0.017880	140711872
LYM_USD	2018-11-06	0.017900	0.017320	0.018140	0.017310	135582480
LYM_USD	2018-11-05	0.017320	0.017200	0.017500	0.016930	19617752
LYM_USD	2018-11-04	0.017200	0.017000	0.017420	0.016770	28193696
LYM_USD	2018-11-03	0.017000	0.017400	0.017500	0.016700	30471860
LYM_USD	2018-11-02	0.017400	0.017400	0.017690	0.017200	33155870
LYM_USD	2018-11-01	0.017500	0.017400	0.017500	0.017200	31702628
LYM_USD	2018-10-31	0.017370	0.017060	0.017500	0.016800	36348320
LYM_USD	2018-10-30	0.017060	0.017000	0.017210	0.016900	31264100
LYM_USD	2018-10-29	0.017000	0.017900	0.018100	0.016940	25372212
LYM_USD	2018-10-28	0.017900	0.017600	0.018000	0.017400	51767800
LYM_USD	2018-10-27	0.017500	0.018100	0.018100	0.017300	32945896
LYM_USD	2018-10-26	0.018100	0.017600	0.018700	0.017500	55524964
LYM_USD	2018-10-25	0.017600	0.018200	0.018300	0.017400	49330048
LYM_USD	2018-10-24	0.018200	0.018700	0.018800	0.018000	53284616
LYM_USD	2018-10-23	0.018800	0.018100	0.019000	0.018000	40984992
LYM_USD	2018-10-22	0.018100	0.018400	0.018400	0.017700	16019091
LYM_USD	2018-10-21	0.018400	0.018700	0.018900	0.018300	54729480
LYM_USD	2018-10-20	0.018700	0.018500	0.018700	0.018000	74624784
LYM_USD	2018-10-19	0.018600	0.018300	0.019500	0.018000	84434752
LYM_USD	2018-10-18	0.018300	0.019700	0.019800	0.018300	41682704
LYM_USD	2018-10-17	0.019700	0.020900	0.021600	0.019000	98417488
LYM_USD	2018-10-16	0.020900	0.018400	0.021700	0.017800	88970592
LYM_USD	2018-10-15	0.018400	0.017700	0.019500	0.017100	55956676
LYM_USD	2018-10-14	0.017800	0.017900	0.018900	0.017600	13924689
LYM_USD	2018-10-13	0.017900	0.018000	0.018900	0.017400	12846279
LYM_USD	2018-10-12	0.018000	0.016300	0.018500	0.015900	15608064
LYM_USD	2018-10-11	0.016300	0.019600	0.019600	0.016000	29950536
LYM_USD	2018-10-10	0.019500	0.019800	0.020000	0.019100	37576928
LYM_USD	2018-10-09	0.019900	0.021100	0.021100	0.019400	17125416
LYM_USD	2018-10-08	0.021100	0.020900	0.021600	0.020200	32421916
LYM_USD	2018-10-07	0.020800	0.021100	0.021400	0.020300	54915812
LYM_USD	2018-10-06	0.021100	0.020800	0.021900	0.020700	73337232
LYM_USD	2018-10-05	0.020800	0.022200	0.022300	0.020200	38954036
LYM_USD	2018-10-04	0.022200	0.022400	0.023400	0.021900	55639604
LYM_USD	2018-10-03	0.022400	0.024600	0.024600	0.020900	114217848
LYM_USD	2018-10-02	0.024500	0.020400	0.025200	0.020400	140668288
LYM_USD	2018-10-01	0.020400	0.019400	0.022300	0.019300	98782448
LYM_USD	2018-09-30	0.019500	0.019000	0.019700	0.018700	76085208
LYM_USD	2018-09-29	0.018900	0.019300	0.019300	0.018400	23540314
LYM_USD	2018-09-28	0.019300	0.018800	0.019800	0.018500	48688844
LYM_USD	2018-09-27	0.018800	0.017700	0.018800	0.017600	32051826
LYM_USD	2018-09-26	0.017900	0.018200	0.018300	0.017400	9919332
LYM_USD	2018-09-25	0.018200	0.018400	0.018500	0.017300	9047939
LYM_USD	2018-09-24	0.018400	0.019100	0.019100	0.018000	25061308
LYM_USD	2018-09-23	0.019100	0.018500	0.020500	0.018200	32524174
LYM_USD	2018-09-22	0.018500	0.019900	0.020000	0.018100	28112200
LYM_USD	2018-09-21	0.019800	0.018900	0.019900	0.018200	48972616
LYM_USD	2018-09-20	0.018900	0.017700	0.019300	0.017600	31796200
LYM_USD	2018-09-19	0.017700	0.019200	0.019500	0.017000	18249256
LYM_USD	2018-09-18	0.019200	0.018800	0.019800	0.018100	8671841
LYM_USD	2018-09-17	0.018800	0.020700	0.021000	0.017900	20576328
LYM_USD	2018-09-16	0.020700	0.021200	0.021300	0.020000	12134149
LYM_USD	2018-09-15	0.021200	0.021100	0.021900	0.020900	12487039
LYM_USD	2018-09-14	0.021100	0.022200	0.022500	0.020700	36466632
LYM_USD	2018-09-13	0.022200	0.021100	0.022900	0.021000	45236556
LYM_USD	2018-09-12	0.021100	0.021700	0.022600	0.018200	36601672
LYM_USD	2018-09-11	0.021800	0.022900	0.024600	0.019800	37838320
LYM_USD	2018-09-10	0.023100	0.026200	0.026200	0.022000	41517048
LYM_USD	2018-09-09	0.026300	0.022500	0.026900	0.022000	88429784
LYM_USD	2018-09-08	0.022500	0.020500	0.023500	0.020500	61520752
LYM_USD	2018-09-07	0.020500	0.021100	0.022600	0.019800	69621312
LYM_USD	2018-09-06	0.021100	0.017600	0.023200	0.016200	140223056
LYM_USD	2018-09-05	0.017600	0.023200	0.024200	0.016500	206445808
LYM_USD	2018-09-04	0.023200	0.017200	0.028500	0.017000	422592832
LYM_USD	2018-09-03	0.017300	0.013800	0.017800	0.013100	214578944
LYM_USD	2018-09-02	0.013800	0.013500	0.014200	0.012700	53648544
LYM_USD	2018-09-01	0.013500	0.012300	0.014200	0.012000	43333092
LYM_USD	2018-08-31	0.012400	0.012000	0.012500	0.011800	22121988
LYM_USD	2018-08-30	0.012000	0.013500	0.013800	0.011200	65438376
LYM_USD	2018-08-29	0.013500	0.014500	0.014500	0.013100	26409504
LYM_USD	2018-08-28	0.014500	0.013900	0.014600	0.013600	39054900
LYM_USD	2018-08-27	0.013900	0.013500	0.014300	0.013200	21438220
LYM_USD	2018-08-26	0.013500	0.013500	0.013700	0.013300	28806172
