MAGE_USD	2019-01-27	0.01175	0.01175	0.01175	0.01175	0
MAGE_USD	2019-01-26	0.01175	0.01175	0.01175	0.01175	0
MAGE_USD	2019-01-25	0.01175	0.01175	0.01175	0.01175	0
MAGE_USD	2019-01-24	0.01175	0.01175	0.01175	0.01175	0
MAGE_USD	2019-01-23	0.01175	0.01175	0.01175	0.01175	0
MAGE_USD	2019-01-22	0.01175	0.01175	0.01175	0.01175	0
MAGE_USD	2019-01-21	0.01175	0.01175	0.01175	0.01175	0
MAGE_USD	2019-01-19	0.01175	0.01175	0.01175	0.01175	0
MAGE_USD	2019-01-18	0.01175	0.01175	0.01175	0.01175	0
MAGE_USD	2019-01-17	0.01175	0.01175	0.01175	0.01175	0
MAGE_USD	2019-01-16	0.01175	0.01175	0.01175	0.01175	0
MAGE_USD	2019-01-15	0.01175	0.01175	0.01175	0.01175	0
MAGE_USD	2019-01-14	0.01175	0.01166	0.01178	0.01162	0
MAGE_USD	2019-01-13	0.01166	0.01201	0.01207	0.01159	0
MAGE_USD	2019-01-12	0.01201	0.01205	0.01212	0.01191	0
MAGE_USD	2019-01-11	0.01205	0.01205	0.01223	0.01190	0
MAGE_USD	2019-01-10	0.01205	0.01325	0.01342	0.01196	0
MAGE_USD	2019-01-09	0.01325	0.01330	0.01350	0.01310	0
MAGE_USD	2019-01-08	0.01330	0.01335	0.01365	0.01317	0
MAGE_USD	2019-01-07	0.01335	0.01354	0.01362	0.01324	0
MAGE_USD	2019-01-06	0.01354	0.01269	0.02539	0.01262	0
MAGE_USD	2019-01-05	0.01269	0.01284	0.01303	0.01267	0
MAGE_USD	2019-01-04	0.01284	0.01272	0.01293	0.01252	0
MAGE_USD	2019-01-03	0.01272	0.01314	0.01316	0.01267	0
MAGE_USD	2019-01-02	0.01314	0.01284	0.01321	0.01272	0
MAGE_USD	2019-01-01	0.01284	0.01243	0.01292	0.01230	0
MAGE_USD	2018-12-31	0.01243	0.01289	0.01292	0.01227	0
MAGE_USD	2018-12-30	0.01289	0.01260	0.01295	0.01248	0
MAGE_USD	2018-12-29	0.01260	0.01310	0.01327	0.01255	0
MAGE_USD	2018-12-28	0.01310	0.01205	0.01325	0.01200	0
MAGE_USD	2018-12-27	0.01205	0.01275	0.01286	0.01197	0
MAGE_USD	2018-12-26	0.01275	0.01267	0.01295	0.01237	0
MAGE_USD	2018-12-25	0.01267	0.01345	0.01347	0.01240	0
MAGE_USD	2018-12-24	0.01345	0.01321	0.01423	0.01321	0
MAGE_USD	2018-12-23	0.01321	0.01339	0.01366	0.01310	0
MAGE_USD	2018-12-22	0.01339	0.01289	0.01346	0.01272	0
MAGE_USD	2018-12-21	0.01289	0.01368	0.01392	0.01267	0
MAGE_USD	2018-12-20	0.01368	0.01236	0.01394	0.01227	0
MAGE_USD	2018-12-19	0.01236	0.01226	0.01311	0.01221	0
MAGE_USD	2018-12-18	0.01226	0.01176	0.01232	0.01152	0
MAGE_USD	2018-12-17	0.01176	0.01071	0.01202	0.01066	0
MAGE_USD	2018-12-16	0.01071	0.01067	0.01096	0.01063	0
MAGE_USD	2018-12-15	0.01067	0.01065	0.01077	0.01044	0
MAGE_USD	2018-12-14	0.01065	0.01088	0.01099	0.01047	0
MAGE_USD	2018-12-13	0.01088	0.01148	0.01150	0.01080	0
MAGE_USD	2018-12-12	0.01148	0.01110	0.01170	0.01108	0
MAGE_USD	2018-12-11	0.01120	0.01144	0.01152	0.01102	0
MAGE_USD	2018-12-10	0.01144	0.01183	0.01201	0.01128	0
MAGE_USD	2018-12-09	0.01183	0.01138	0.01226	0.01126	0
MAGE_USD	2018-12-08	0.01138	0.01122	0.01187	0.01076	0
MAGE_USD	2018-12-07	0.01122	0.01149	0.01168	0.01065	0
MAGE_USD	2018-12-06	0.01149	0.01222	0.01271	0.01141	0
MAGE_USD	2018-12-05	0.01222	0.01292	0.01297	0.01217	0
MAGE_USD	2018-12-04	0.01292	0.01266	0.01341	0.01236	0
MAGE_USD	2018-12-03	0.01266	0.01350	0.01356	0.01246	0
MAGE_USD	2018-12-02	0.01350	0.01377	0.01413	0.01339	0
MAGE_USD	2018-12-01	0.01377	0.01310	0.01408	0.01291	0
MAGE_USD	2018-11-30	0.01310	0.01399	0.01414	0.01287	0
MAGE_USD	2018-11-29	0.01399	0.01397	0.01450	0.01357	0
MAGE_USD	2018-11-28	0.01397	0.01261	0.01438	0.01261	0
MAGE_USD	2018-11-27	0.01261	0.01417	0.01425	0.01218	0
MAGE_USD	2018-11-26	0.01417	0.01552	0.01657	0.01282	0
MAGE_USD	2018-11-25	0.01552	0.01857	0.01870	0.01431	0
MAGE_USD	2018-11-24	0.01857	0.02101	0.02145	0.01812	0
MAGE_USD	2018-11-23	0.02101	0.02102	0.02129	0.02020	0
MAGE_USD	2018-11-22	0.02102	0.02245	0.02266	0.02102	0
MAGE_USD	2018-11-21	0.02245	0.02166	0.02254	0.02060	0
MAGE_USD	2018-11-20	0.02166	0.02602	0.02739	0.02036	0
MAGE_USD	2018-11-19	0.02602	0.03263	0.03263	0.02573	0
MAGE_USD	2018-11-18	0.03263	0.02827	0.03298	0.02821	0
MAGE_USD	2018-11-17	0.02827	0.03184	0.03319	0.02800	0
MAGE_USD	2018-11-16	0.03184	0.03086	0.03207	0.02995	0
MAGE_USD	2018-11-15	0.03086	0.03222	0.03242	0.02870	0
MAGE_USD	2018-11-14	0.03222	0.03588	0.03612	0.02989	0
MAGE_USD	2018-11-13	0.03588	0.04535	0.04535	0.03480	0
MAGE_USD	2018-11-12	0.04535	0.04848	0.04881	0.04167	0
MAGE_USD	2018-11-11	0.04848	0.04643	0.04848	0.04639	0
MAGE_USD	2018-11-10	0.04643	0.04610	0.04800	0.04606	0
MAGE_USD	2018-11-09	0.04610	0.04831	0.04853	0.03651	0
MAGE_USD	2018-11-08	0.04831	0.05094	0.05226	0.04112	0
MAGE_USD	2018-11-07	0.05094	0.04284	0.05391	0.03868	0
MAGE_USD	2018-11-06	0.04284	0.03966	0.04284	0.03660	0
MAGE_USD	2018-11-05	0.03966	0.04160	0.04167	0.03941	0
MAGE_USD	2018-11-04	0.04160	0.04168	0.04280	0.04146	0
MAGE_USD	2018-11-03	0.04168	0.04419	0.04630	0.04128	0
MAGE_USD	2018-11-02	0.04419	0.04320	0.04759	0.04316	0
MAGE_USD	2018-11-01	0.04320	0.03843	0.04322	0.03729	0
MAGE_USD	2018-10-31	0.03843	0.03152	0.11961	0.03149	0
MAGE_USD	2018-10-30	0.03152	0.02883	0.03339	0.02883	0
MAGE_USD	2018-10-29	0.02883	0.02979	0.03063	0.02868	0
MAGE_USD	2018-10-28	0.02979	0.02876	0.03204	0.02791	0
MAGE_USD	2018-10-27	0.02876	0.03024	0.03034	0.02853	0
MAGE_USD	2018-10-26	0.03024	0.02921	0.03180	0.02921	0
MAGE_USD	2018-10-25	0.02921	0.03041	0.03092	0.02896	0
MAGE_USD	2018-10-24	0.03041	0.03265	0.03298	0.03036	0
MAGE_USD	2018-10-23	0.03265	0.03156	0.03286	0.03156	0
MAGE_USD	2018-10-22	0.03156	0.03281	0.03304	0.03147	0
MAGE_USD	2018-10-21	0.03281	0.03224	0.03316	0.03148	0
MAGE_USD	2018-10-20	0.03224	0.03512	0.03512	0.03219	0
MAGE_USD	2018-10-19	0.03512	0.03700	0.03716	0.03512	0
MAGE_USD	2018-10-18	0.03700	0.03782	0.03816	0.03667	0
MAGE_USD	2018-10-17	0.03782	0.03761	0.03950	0.03731	0
MAGE_USD	2018-10-16	0.03761	0.03459	0.03899	0.03440	0
MAGE_USD	2018-10-15	0.03459	0.03873	0.04597	0.03442	0
MAGE_USD	2018-10-14	0.03873	0.03869	0.03913	0.03864	0
MAGE_USD	2018-10-13	0.03869	0.03851	0.03872	0.03845	0
MAGE_USD	2018-10-12	0.03851	0.03825	0.03882	0.03805	0
MAGE_USD	2018-10-11	0.03825	0.04061	0.04061	0.03810	0
MAGE_USD	2018-10-10	0.04061	0.03831	0.04063	0.03645	0
MAGE_USD	2018-10-09	0.03831	0.04031	0.04035	0.03807	0
MAGE_USD	2018-10-08	0.04031	0.03829	0.04058	0.03829	0
MAGE_USD	2018-10-07	0.03829	0.03833	0.03848	0.03689	0
MAGE_USD	2018-10-06	0.03833	0.04007	0.04009	0.03821	0
MAGE_USD	2018-10-05	0.04007	0.03836	0.04076	0.03751	0
MAGE_USD	2018-10-04	0.03836	0.03778	0.03871	0.03776	0
MAGE_USD	2018-10-03	0.03778	0.04269	0.04269	0.03733	0
MAGE_USD	2018-10-02	0.04269	0.04340	0.04361	0.04261	0
MAGE_USD	2018-10-01	0.04340	0.04339	0.04365	0.04248	0
MAGE_USD	2018-09-30	0.04339	0.04544	0.04545	0.04304	0
MAGE_USD	2018-09-29	0.04544	0.04800	0.04800	0.04493	0
MAGE_USD	2018-09-28	0.04800	0.04906	0.05047	0.04542	0
MAGE_USD	2018-09-27	0.04906	0.04401	0.04914	0.04203	0
MAGE_USD	2018-09-26	0.04401	0.04382	0.04462	0.04349	0
MAGE_USD	2018-09-25	0.04382	0.04820	0.04953	0.04325	0
MAGE_USD	2018-09-24	0.04820	0.03520	0.05131	0.03503	0
MAGE_USD	2018-09-23	0.03520	0.03379	0.03621	0.03362	0
MAGE_USD	2018-09-22	0.03379	0.03481	0.03516	0.03364	0
MAGE_USD	2018-09-21	0.03481	0.03647	0.03678	0.03242	0
MAGE_USD	2018-09-20	0.03647	0.03730	0.03743	0.03503	0
MAGE_USD	2018-09-19	0.03730	0.04278	0.04294	0.03334	0
MAGE_USD	2018-09-18	0.04278	0.04344	0.04429	0.03927	0
MAGE_USD	2018-09-17	0.04344	0.04575	0.04775	0.04290	0
MAGE_USD	2018-09-16	0.04575	0.03707	0.08938	0.03688	0
MAGE_USD	2018-09-15	0.03707	0.03779	0.03883	0.03574	0
MAGE_USD	2018-09-14	0.03779	0.03918	0.04005	0.03688	0
MAGE_USD	2018-09-13	0.03918	0.04318	0.07745	0.03696	0
MAGE_USD	2018-09-12	0.04318	0.04372	0.04470	0.04147	0
MAGE_USD	2018-09-11	0.04372	0.04223	0.04396	0.04186	0
MAGE_USD	2018-09-10	0.04223	0.04418	0.04493	0.04197	0
MAGE_USD	2018-09-09	0.04418	0.04193	0.04526	0.04174	0
MAGE_USD	2018-09-08	0.04193	0.04531	0.04581	0.04163	0
MAGE_USD	2018-09-07	0.04531	0.04609	0.04622	0.04491	0
MAGE_USD	2018-09-06	0.04609	0.04723	0.04734	0.04336	0
MAGE_USD	2018-09-05	0.04723	0.04919	0.05468	0.04720	0
MAGE_USD	2018-09-04	0.04919	0.04914	0.05213	0.04887	0
MAGE_USD	2018-09-03	0.04914	0.04885	0.05075	0.04673	0
MAGE_USD	2018-09-02	0.04885	0.04804	0.05061	0.04670	0
MAGE_USD	2018-09-01	0.04804	0.04845	0.04991	0.04790	0
MAGE_USD	2018-08-31	0.04845	0.04644	0.04888	0.04587	0
MAGE_USD	2018-08-30	0.04644	0.04890	0.04900	0.04540	0
MAGE_USD	2018-08-29	0.04890	0.04983	0.04996	0.04797	0
MAGE_USD	2018-08-28	0.04983	0.04994	0.05026	0.04585	0
MAGE_USD	2018-08-27	0.04994	0.04696	0.05000	0.04685	0
MAGE_USD	2018-08-26	0.04696	0.03909	0.04703	0.03568	0
MAGE_USD	2018-08-25	0.03909	0.04837	0.04911	0.03909	0
MAGE_USD	2018-08-24	0.04837	0.04664	0.04859	0.04424	0
MAGE_USD	2018-08-23	0.04664	0.04588	0.04908	0.04477	0
MAGE_USD	2018-08-22	0.04588	0.05067	0.05103	0.04578	0
MAGE_USD	2018-08-21	0.05067	0.04463	0.05401	0.04459	0
MAGE_USD	2018-08-20	0.04463	0.04549	0.04622	0.04445	0
MAGE_USD	2018-08-19	0.04549	0.04771	0.04802	0.04464	0
MAGE_USD	2018-08-18	0.04771	0.05393	0.05411	0.04763	0
MAGE_USD	2018-08-17	0.05393	0.05273	0.06395	0.05218	0
MAGE_USD	2018-08-16	0.05273	0.05054	0.05376	0.04040	0
MAGE_USD	2018-08-15	0.05054	0.06585	0.06802	0.04880	0
MAGE_USD	2018-08-14	0.06585	0.06905	0.06905	0.06349	0
MAGE_USD	2018-08-13	0.06905	0.07801	0.07838	0.06430	0
MAGE_USD	2018-08-12	0.07801	0.07826	0.07990	0.07516	0
MAGE_USD	2018-08-11	0.07826	0.07677	0.08059	0.07419	0
MAGE_USD	2018-08-10	0.07677	0.08289	0.08345	0.07519	0
MAGE_USD	2018-08-09	0.08289	0.07766	0.08406	0.07511	0
MAGE_USD	2018-08-08	0.07766	0.08538	0.08538	0.07592	0
MAGE_USD	2018-08-07	0.08538	0.09449	0.09893	0.08489	0
MAGE_USD	2018-08-06	0.09449	0.09821	0.10093	0.09061	0
MAGE_USD	2018-08-05	0.09821	0.08891	0.09824	0.08614	0
MAGE_USD	2018-08-04	0.08891	0.09827	0.10269	0.08863	0
MAGE_USD	2018-08-03	0.09827	0.10945	0.11104	0.09228	0
MAGE_USD	2018-08-02	0.10945	0.09957	0.12112	0.09324	0
MAGE_USD	2018-08-01	0.09957	0.09856	0.10409	0.09377	0
MAGE_USD	2018-07-31	0.09856	0.09899	0.11578	0.09514	0
MAGE_USD	2018-07-30	0.09899	0.09912	0.11194	0.09811	0
MAGE_USD	2018-07-29	0.09912	0.12290	0.12290	0.09856	0
MAGE_USD	2018-07-28	0.12290	0.12810	0.13296	0.11103	0
MAGE_USD	2018-07-27	0.12810	0.10142	0.14030	0.10142	0
MAGE_USD	2018-07-26	0.10142	0.11702	0.12517	0.10142	0
MAGE_USD	2018-07-25	0.11702	0.12401	0.13019	0.11457	0
MAGE_USD	2018-07-24	0.12401	0.11462	0.12908	0.11435	0
MAGE_USD	2018-07-23	0.11462	0.10913	0.12016	0.10873	0
MAGE_USD	2018-07-22	0.10913	0.10931	0.12149	0.10751	0
MAGE_USD	2018-07-21	0.10931	0.11629	0.12087	0.10745	0
MAGE_USD	2018-07-20	0.11629	0.12331	0.12674	0.11546	0
MAGE_USD	2018-07-19	0.12331	0.12935	0.13028	0.11717	0
MAGE_USD	2018-07-18	0.12935	0.12276	0.13306	0.12207	0
MAGE_USD	2018-07-17	0.12276	0.11573	0.12784	0.10934	0
MAGE_USD	2018-07-16	0.11573	0.11075	0.11780	0.10093	0
MAGE_USD	2018-07-15	0.11075	0.09884	0.11606	0.09550	0
MAGE_USD	2018-07-14	0.09884	0.10580	0.11198	0.09752	0
MAGE_USD	2018-07-13	0.10580	0.11123	0.11157	0.10025	0
MAGE_USD	2018-07-12	0.11123	0.10370	0.11329	0.10056	0
MAGE_USD	2018-07-11	0.10370	0.10967	0.11765	0.10244	0
MAGE_USD	2018-07-10	0.10967	0.11998	0.12034	0.10574	0
MAGE_USD	2018-07-09	0.11998	0.12125	0.13351	0.11239	0
MAGE_USD	2018-07-08	0.12125	0.14088	0.14137	0.11865	0
MAGE_USD	2018-07-07	0.14088	0.12576	0.14366	0.11359	0
MAGE_USD	2018-07-06	0.12576	0.13175	0.13195	0.11606	0
MAGE_USD	2018-07-05	0.13175	0.12069	0.13828	0.11445	0
MAGE_USD	2018-07-04	0.12069	0.12382	0.13391	0.11313	0
MAGE_USD	2018-07-03	0.12382	0.14836	0.14842	0.00189	0
MAGE_USD	2018-07-02	0.14836	0.14409	0.15225	0.00000	0
MAGE_USD	2018-07-01	0.14411	0.14445	0.14536	0.14183	0
MAGE_USD	2018-06-30	0.14442	0.14791	0.15571	0.14205	0
MAGE_USD	2018-06-29	0.14785	0.14308	0.15044	0.13831	0
MAGE_USD	2018-06-28	0.14331	0.14794	0.15164	0.14254	0
MAGE_USD	2018-06-27	0.14793	0.14647	0.14932	0.14260	0
MAGE_USD	2018-06-26	0.14693	0.17346	0.17371	0.14393	0
MAGE_USD	2018-06-25	0.17334	0.19311	0.19748	0.15254	0
MAGE_USD	2018-06-24	0.19323	0.21615	0.21907	0.18436	0
MAGE_USD	2018-06-23	0.21532	0.21170	0.23747	0.19885	0
MAGE_USD	2018-06-22	0.21173	0.22599	0.24787	0.19957	0
MAGE_USD	2018-06-21	0.22597	0.26462	0.26846	0.22139	0
MAGE_USD	2018-06-20	0.26463	0.29811	0.29854	0.25046	0
MAGE_USD	2018-06-19	0.29845	0.29024	0.31851	0.28595	0
MAGE_USD	2018-06-18	0.29044	0.29989	0.32889	0.28065	0
MAGE_USD	2018-06-17	0.29965	0.35238	0.35660	0.29914	0
MAGE_USD	2018-06-16	0.35221	0.37247	0.38514	0.33288	0
MAGE_USD	2018-06-15	0.37229	0.37457	0.38435	0.35122	0
MAGE_USD	2018-06-14	0.37385	0.32624	0.37685	0.32615	0
MAGE_USD	2018-06-13	0.32605	0.33606	0.38034	0.32559	0
MAGE_USD	2018-06-12	0.33588	0.31026	0.35138	0.30833	0
MAGE_USD	2018-06-11	0.31041	0.31721	0.32180	0.30611	0
MAGE_USD	2018-06-10	0.31684	0.32412	0.38602	0.28689	0
MAGE_USD	2018-06-09	0.32415	0.27400	0.39252	0.27128	0
MAGE_USD	2018-06-08	0.27399	0.25897	0.29104	0.25645	0
MAGE_USD	2018-06-07	0.25908	0.28771	0.30467	0.25752	0
MAGE_USD	2018-06-06	0.28774	0.32362	0.32744	0.28018	0
MAGE_USD	2018-06-05	0.32335	0.43642	0.44529	0.32211	0
MAGE_USD	2018-06-04	0.43674	0.37091	0.45477	0.36682	0
MAGE_USD	2018-06-03	0.37058	0.39325	0.40379	0.36977	0
MAGE_USD	2018-06-02	0.39355	0.35434	0.41345	0.34894	0
MAGE_USD	2018-06-01	0.35405	0.24763	0.47404	0.24727	0
MAGE_USD	2018-05-31	0.24766	0.21611	0.26920	0.21481	0
MAGE_USD	2018-05-30	0.21620	0.22179	0.23474	0.21418	0
MAGE_USD	2018-05-29	0.22157	0.16666	0.22323	0.16543	0
MAGE_USD	2018-05-28	0.16656	0.18305	0.19370	0.16626	0
MAGE_USD	2018-05-27	0.18301	0.17344	0.19410	0.17005	0
MAGE_USD	2018-05-26	0.17340	0.18306	0.21125	0.17248	0
MAGE_USD	2018-05-25	0.18309	0.17164	0.19802	0.16977	0
MAGE_USD	2018-05-24	0.17156	0.19021	0.19804	0.16817	0
MAGE_USD	2018-05-23	0.19013	0.19237	0.22695	0.17726	0
MAGE_USD	2018-05-22	0.19244	0.23167	0.24581	0.19177	0
MAGE_USD	2018-05-21	0.23167	0.17562	0.24508	0.17271	0
MAGE_USD	2018-05-20	0.17562	0.14218	0.48758	0.13595	0
MAGE_USD	2018-05-19	0.14218	0.15147	0.15407	0.14203	0
MAGE_USD	2018-05-18	0.15147	0.15193	0.15757	0.14879	0
MAGE_USD	2018-05-17	0.15221	0.14171	0.16570	0.13845	0
MAGE_USD	2018-05-16	0.14151	0.14172	0.14419	0.13562	0
MAGE_USD	2018-05-15	0.14172	0.14468	0.15489	0.14022	0
MAGE_USD	2018-05-14	0.14470	0.13234	0.16277	0.13234	0
MAGE_USD	2018-05-13	0.13234	0.14077	0.47540	0.13078	0
MAGE_USD	2018-05-12	0.14036	0.12173	0.15430	0.12030	0
MAGE_USD	2018-05-11	0.12173	0.16026	0.16332	0.12109	0
MAGE_USD	2018-05-10	0.16026	0.14145	0.18405	0.13603	0
MAGE_USD	2018-05-09	0.14145	0.14369	0.15798	0.13434	0
MAGE_USD	2018-05-08	0.14378	0.15241	0.15258	0.00002	0
MAGE_USD	2018-05-07	0.14841	0.15483	0.16886	0.14720	0
MAGE_USD	2018-05-06	0.15483	0.14791	0.17910	0.14645	0
MAGE_USD	2018-05-05	0.14775	0.14120	0.15366	0.13157	0
MAGE_USD	2018-05-04	0.14120	0.13330	0.14138	0.12843	0
MAGE_USD	2018-05-03	0.13338	0.12417	0.14138	0.12294	0
MAGE_USD	2018-05-02	0.12417	0.12711	0.12894	0.11661	0
MAGE_USD	2018-05-01	0.12722	0.12363	0.13752	0.11455	0
MAGE_USD	2018-04-30	0.12363	0.12500	0.13256	0.11919	0
MAGE_USD	2018-04-29	0.12500	0.12184	0.12956	0.12000	0
MAGE_USD	2018-04-28	0.12184	0.13046	0.13927	0.12014	0
MAGE_USD	2018-04-27	0.13046	0.14134	0.15196	0.12673	0
MAGE_USD	2018-04-26	0.14135	0.12918	0.14152	0.12111	0
MAGE_USD	2018-04-25	0.12932	0.13936	0.14617	0.12456	0
MAGE_USD	2018-04-24	0.13968	0.12958	0.14361	0.12944	0
MAGE_USD	2018-04-23	0.12958	0.14876	0.15224	0.12918	0
MAGE_USD	2018-04-22	0.14876	0.14971	0.15293	0.14734	0
MAGE_USD	2018-04-21	0.14971	0.16158	0.16720	0.14820	0
MAGE_USD	2018-04-20	0.16158	0.13616	0.16231	0.11059	0
MAGE_USD	2018-04-19	0.13616	0.13973	0.14113	0.13420	0
MAGE_USD	2018-04-18	0.13973	0.13382	0.14034	0.13013	0
MAGE_USD	2018-04-17	0.13382	0.14038	0.14495	0.12937	0
MAGE_USD	2018-04-16	0.14042	0.13852	0.14338	0.13690	0
MAGE_USD	2018-04-15	0.13852	0.13701	0.14405	0.13697	0
MAGE_USD	2018-04-14	0.13701	0.13635	0.14158	0.13455	0
MAGE_USD	2018-04-13	0.13635	0.14704	0.14841	0.12980	0
MAGE_USD	2018-04-12	0.14710	0.12402	0.15199	0.12130	0
MAGE_USD	2018-04-11	0.12410	0.11354	0.13219	0.11268	0
MAGE_USD	2018-04-10	0.11354	0.10920	0.11787	0.10698	0
MAGE_USD	2018-04-09	0.10916	0.11511	0.11739	0.10723	0
MAGE_USD	2018-04-08	0.11511	0.12046	0.12264	0.11272	0
MAGE_USD	2018-04-07	0.12046	0.10989	0.12298	0.10850	0
MAGE_USD	2018-04-06	0.10989	0.11576	0.11646	0.10603	0
MAGE_USD	2018-04-05	0.11576	0.11469	0.12278	0.10689	0
MAGE_USD	2018-04-04	0.11469	0.12606	0.12617	0.11316	0
MAGE_USD	2018-04-03	0.12606	0.11760	0.12672	0.11421	0
MAGE_USD	2018-04-02	0.11760	0.11819	0.12663	0.11504	0
MAGE_USD	2018-04-01	0.11819	0.12084	0.12271	0.11171	0
MAGE_USD	2018-03-31	0.12084	0.11947	0.12609	0.11861	0
MAGE_USD	2018-03-30	0.11947	0.12635	0.12919	0.11381	0
MAGE_USD	2018-03-29	0.12635	0.14032	0.14327	0.12309	0
MAGE_USD	2018-03-28	0.14032	0.13260	0.15389	0.13164	0
MAGE_USD	2018-03-27	0.13260	0.16026	0.16443	0.13215	0
MAGE_USD	2018-03-26	0.16026	0.17423	0.18195	0.15004	0
MAGE_USD	2018-03-25	0.17423	0.18123	0.18568	0.17291	0
MAGE_USD	2018-03-24	0.18123	0.18437	0.19399	0.18059	0
MAGE_USD	2018-03-23	0.18437	0.20201	0.23669	0.17011	0
MAGE_USD	2018-03-22	0.20201	0.21040	0.21865	0.18897	0
MAGE_USD	2018-03-21	0.21040	0.18086	0.29001	0.18018	0
MAGE_USD	2018-03-20	0.18086	0.17079	0.21734	0.16340	0
MAGE_USD	2018-03-19	0.17079	0.15397	0.17121	0.15186	0
MAGE_USD	2018-03-18	0.15397	0.16107	0.17474	0.14551	0
MAGE_USD	2018-03-17	0.16107	0.18711	0.19462	0.15782	0
MAGE_USD	2018-03-16	0.18711	0.20322	0.21370	0.17620	0
MAGE_USD	2018-03-15	0.20322	0.17638	0.20322	0.15516	0
MAGE_USD	2018-03-14	0.17638	0.19677	0.20160	0.16974	0
MAGE_USD	2018-03-13	0.19677	0.19489	0.23053	0.18782	0
MAGE_USD	2018-03-12	0.19489	0.22649	0.25970	0.18270	0
MAGE_USD	2018-03-11	0.22649	0.20099	0.27814	0.19217	0
MAGE_USD	2018-03-10	0.20099	0.21188	0.22673	0.19828	0
MAGE_USD	2018-03-09	0.21188	0.21597	0.21937	0.17989	0
MAGE_USD	2018-03-08	0.21597	0.29042	0.29129	0.19631	0
MAGE_USD	2018-03-07	0.29042	0.28254	0.40961	0.26017	0
MAGE_USD	2018-03-06	0.28254	0.34687	0.35231	0.20886	0
MAGE_USD	2018-03-05	0.34687	0.37560	0.37582	0.34687	0
MAGE_USD	2018-03-04	0.37560	0.39400	0.39472	0.33698	0
MAGE_USD	2018-03-03	0.39400	0.39742	0.41226	0.39163	0
MAGE_USD	2018-03-02	0.39742	0.39898	0.41745	0.38504	0
