MED_USD	2019-04-09	0.003425	0.003417	0.003425	0.003208	2420918
MED_USD	2019-04-08	0.003417	0.003498	0.003600	0.003200	2882981
MED_USD	2019-04-07	0.003498	0.003386	0.003498	0.003200	2815848
MED_USD	2019-04-06	0.003386	0.003500	0.003507	0.003311	405277
MED_USD	2019-04-05	0.003500	0.003190	0.003500	0.003104	1034395
MED_USD	2019-04-04	0.003190	0.003102	0.003432	0.003100	1102480
MED_USD	2019-04-03	0.003102	0.003419	0.003598	0.003101	18158
MED_USD	2019-04-02	0.003419	0.003176	0.003500	0.003103	28241
MED_USD	2019-04-01	0.003176	0.003139	0.003180	0.002987	13070
MED_USD	2019-03-31	0.003073	0.002920	0.003225	0.002911	10858
MED_USD	2019-03-30	0.002920	0.002919	0.003296	0.002914	17726
MED_USD	2019-03-29	0.002919	0.003220	0.003220	0.002900	3513
MED_USD	2019-03-28	0.003220	0.002910	0.003220	0.002910	1556
MED_USD	2019-03-27	0.002910	0.002900	0.003017	0.002866	3652
MED_USD	2019-03-26	0.002900	0.002970	0.002970	0.002900	3727
MED_USD	2019-03-25	0.002970	0.003024	0.003041	0.002970	1058
MED_USD	2019-03-24	0.003024	0.003128	0.003215	0.003000	7260
MED_USD	2019-03-23	0.003128	0.002999	0.003198	0.002999	12745
MED_USD	2019-03-22	0.002999	0.002781	0.003000	0.002781	5684
MED_USD	2019-03-21	0.002781	0.002813	0.003082	0.002741	3961
MED_USD	2019-03-20	0.002813	0.002941	0.003099	0.002791	7395
MED_USD	2019-03-19	0.002941	0.002603	0.003485	0.002447	51652
MED_USD	2019-03-18	0.002603	0.002253	0.002603	0.002253	7204
MED_USD	2019-03-17	0.002253	0.002332	0.002567	0.002253	1726
MED_USD	2019-03-16	0.002332	0.002276	0.002422	0.002225	3705
MED_USD	2019-03-15	0.002276	0.002219	0.002396	0.002218	1267
MED_USD	2019-03-14	0.002219	0.002227	0.002284	0.002217	3989
MED_USD	2019-03-13	0.002227	0.002180	0.002260	0.002156	2477
MED_USD	2019-03-12	0.002180	0.002048	0.002281	0.002048	4793
MED_USD	2019-03-11	0.002048	0.002052	0.002122	0.001973	2184
MED_USD	2019-03-10	0.002052	0.001981	0.002090	0.001981	5749
MED_USD	2019-03-09	0.001981	0.001903	0.002049	0.001902	4031
MED_USD	2019-03-08	0.001903	0.002064	0.002064	0.001836	4295
MED_USD	2019-03-07	0.002064	0.001967	0.002064	0.001967	714
MED_USD	2019-03-06	0.001967	0.002042	0.002042	0.001951	335
MED_USD	2019-03-05	0.002042	0.001917	0.002058	0.001903	648
MED_USD	2019-03-04	0.001917	0.001944	0.001944	0.001901	2220
MED_USD	2019-03-03	0.001944	0.001949	0.002000	0.001942	252
MED_USD	2019-03-02	0.001949	0.001954	0.001998	0.001949	750
MED_USD	2019-03-01	0.001954	0.002037	0.002050	0.001952	1719
MED_USD	2019-02-28	0.002037	0.002065	0.002065	0.001952	1151
MED_USD	2019-02-27	0.002065	0.001949	0.002065	0.001949	1510
MED_USD	2019-02-26	0.001949	0.002082	0.002086	0.001944	2510
MED_USD	2019-02-25	0.002082	0.001902	0.002149	0.001902	3620354
MED_USD	2019-02-24	0.001902	0.001919	0.002023	0.001902	3305775
MED_USD	2019-02-23	0.001919	0.001951	0.001987	0.001914	1400498
MED_USD	2019-02-22	0.001951	0.001904	0.002022	0.001903	2164943
MED_USD	2019-02-21	0.001904	0.001959	0.001964	0.001904	457662
MED_USD	2019-02-20	0.001959	0.002039	0.002039	0.001959	680855
MED_USD	2019-02-19	0.002039	0.001953	0.002100	0.001896	2888259
MED_USD	2019-02-18	0.001953	0.001882	0.002011	0.001871	926636
MED_USD	2019-02-17	0.001882	0.001873	0.002028	0.001871	468429
MED_USD	2019-02-16	0.001873	0.001873	0.001930	0.001873	58574
MED_USD	2019-02-15	0.001873	0.001879	0.001900	0.001872	73789
MED_USD	2019-02-14	0.001872	0.001872	0.001872	0.001872	0
MED_USD	2019-02-13	0.001872	0.001922	0.001958	0.001872	59652
MED_USD	2019-02-12	0.001922	0.002002	0.002002	0.001867	289163
MED_USD	2019-02-11	0.002002	0.002016	0.002075	0.001919	1320036
MED_USD	2019-02-10	0.002016	0.001943	0.002050	0.001929	375199
MED_USD	2019-02-09	0.001943	0.001894	0.001943	0.001833	347852
MED_USD	2019-02-08	0.001894	0.001852	0.001916	0.001830	400669
MED_USD	2019-02-07	0.001852	0.001856	0.001936	0.001852	549628
MED_USD	2019-02-06	0.001856	0.002075	0.002075	0.001852	394639
MED_USD	2019-02-05	0.002075	0.002035	0.002080	0.001964	263072
MED_USD	2019-02-04	0.002035	0.001961	0.002093	0.001961	20667
MED_USD	2019-02-03	0.001961	0.002077	0.002077	0.001960	197805
MED_USD	2019-02-02	0.002077	0.001900	0.002077	0.001900	268998
MED_USD	2019-02-01	0.001900	0.001855	0.002010	0.001852	323076
MED_USD	2019-01-31	0.001855	0.001930	0.002011	0.001853	93578
MED_USD	2019-01-30	0.001930	0.001889	0.002011	0.001889	360307
MED_USD	2019-01-29	0.001889	0.002019	0.002024	0.001889	294495
MED_USD	2019-01-28	0.002019	0.002279	0.002279	0.001827	1198578
MED_USD	2019-01-27	0.002279	0.002162	0.002279	0.002100	887486
MED_USD	2019-01-26	0.002162	0.002087	0.002277	0.002087	211944
MED_USD	2019-01-25	0.002087	0.002155	0.002274	0.002025	192492
MED_USD	2019-01-24	0.002155	0.002121	0.002283	0.002119	134551
MED_USD	2019-01-23	0.002121	0.002299	0.002299	0.002121	155303
MED_USD	2019-01-22	0.002299	0.002251	0.002302	0.002119	275577
MED_USD	2019-01-21	0.002251	0.002266	0.002291	0.002110	781048
MED_USD	2019-01-20	0.002266	0.002279	0.002495	0.002110	1557906
MED_USD	2019-01-19	0.002499	0.002011	0.002647	0.002011	6019099
MED_USD	2019-01-18	0.002011	0.002101	0.002101	0.002011	129741
MED_USD	2019-01-17	0.002101	0.002098	0.002161	0.002058	291139
MED_USD	2019-01-16	0.002098	0.001911	0.002177	0.001910	2213225
MED_USD	2019-01-15	0.001911	0.002190	0.002353	0.001911	2671500
MED_USD	2019-01-14	0.002190	0.002143	0.002250	0.002000	583711
MED_USD	2019-01-13	0.002143	0.002131	0.002145	0.002075	114440
MED_USD	2019-01-12	0.002131	0.002168	0.002535	0.002003	599519
MED_USD	2019-01-11	0.002168	0.002166	0.002396	0.002166	213942
MED_USD	2019-01-10	0.002166	0.002361	0.002410	0.002166	581851
MED_USD	2019-01-09	0.002361	0.002347	0.002408	0.002347	55013
MED_USD	2019-01-08	0.002347	0.002382	0.002410	0.002347	178962
MED_USD	2019-01-07	0.002382	0.002401	0.002423	0.002382	183103
MED_USD	2019-01-06	0.002401	0.002434	0.002434	0.002380	313879
MED_USD	2019-01-05	0.002434	0.002386	0.002517	0.002386	56611
MED_USD	2019-01-04	0.002386	0.002392	0.002641	0.002361	581319
MED_USD	2019-01-03	0.002392	0.002538	0.002538	0.002357	421482
MED_USD	2019-01-02	0.002538	0.002641	0.002641	0.002320	1166714
MED_USD	2019-01-01	0.002641	0.002335	0.002641	0.002000	1817517
MED_USD	2018-12-31	0.002335	0.002558	0.002650	0.002314	577217
MED_USD	2018-12-30	0.002558	0.002313	0.002716	0.002313	637175
MED_USD	2018-12-29	0.002313	0.002358	0.002469	0.002310	363930
MED_USD	2018-12-28	0.002358	0.002615	0.002704	0.002303	123566
MED_USD	2018-12-27	0.002615	0.002661	0.002661	0.002454	346372
MED_USD	2018-12-26	0.002661	0.002607	0.002987	0.002601	941166
MED_USD	2018-12-25	0.002607	0.003143	0.003143	0.002607	1248080
MED_USD	2018-12-24	0.003143	0.002992	0.003240	0.002900	3105198
MED_USD	2018-12-23	0.002992	0.003289	0.003300	0.002912	1428895
MED_USD	2018-12-22	0.003289	0.002980	0.003289	0.002980	1257298
MED_USD	2018-12-21	0.002980	0.003481	0.003500	0.002980	447199
MED_USD	2018-12-20	0.003492	0.003262	0.003575	0.003237	656566
MED_USD	2018-12-19	0.003262	0.003193	0.003598	0.002980	1758977
MED_USD	2018-12-18	0.003193	0.002997	0.003199	0.002682	329145
MED_USD	2018-12-17	0.002997	0.002584	0.003000	0.002584	640438
MED_USD	2018-12-16	0.002584	0.002538	0.002777	0.002538	699399
MED_USD	2018-12-15	0.002538	0.002654	0.002946	0.002499	908120
MED_USD	2018-12-14	0.002654	0.002591	0.002690	0.002577	125976
MED_USD	2018-12-13	0.002591	0.002522	0.002701	0.002450	698297
MED_USD	2018-12-12	0.002522	0.002350	0.002619	0.002350	1034972
MED_USD	2018-12-11	0.002443	0.002457	0.002619	0.002443	685622
MED_USD	2018-12-10	0.002457	0.002455	0.002511	0.002455	176629
MED_USD	2018-12-09	0.002455	0.002337	0.002489	0.002337	1325825
MED_USD	2018-12-08	0.002337	0.002413	0.002413	0.002256	1969365
MED_USD	2018-12-07	0.002413	0.002488	0.002488	0.002290	1729952
MED_USD	2018-12-06	0.002488	0.002647	0.002700	0.002488	749877
MED_USD	2018-12-05	0.002647	0.002824	0.002872	0.002620	875001
MED_USD	2018-12-04	0.002824	0.002912	0.002912	0.002650	1729292
MED_USD	2018-12-03	0.002912	0.003120	0.003166	0.002800	246394
MED_USD	2018-12-02	0.003120	0.003020	0.003350	0.002941	691707
MED_USD	2018-12-01	0.003020	0.002839	0.003109	0.002839	466788
MED_USD	2018-11-30	0.002839	0.002836	0.003110	0.002700	732542
MED_USD	2018-11-29	0.002836	0.003080	0.003202	0.002836	477384
MED_USD	2018-11-28	0.003080	0.002802	0.003139	0.002707	1748952
MED_USD	2018-11-27	0.002802	0.002418	0.002843	0.002352	159167
MED_USD	2018-11-26	0.002418	0.002601	0.002942	0.002418	1343012
MED_USD	2018-11-25	0.002601	0.002916	0.002993	0.002437	3156726
MED_USD	2018-11-24	0.002916	0.003178	0.003273	0.002800	429743
MED_USD	2018-11-23	0.003178	0.003351	0.003351	0.002800	769281
MED_USD	2018-11-22	0.003351	0.003179	0.003351	0.003079	1151883
MED_USD	2018-11-21	0.003179	0.002900	0.003290	0.002900	308105
MED_USD	2018-11-20	0.002900	0.003300	0.003641	0.002800	3120888
MED_USD	2018-11-19	0.003300	0.004151	0.004200	0.003300	5582705
MED_USD	2018-11-18	0.004151	0.003957	0.004312	0.003913	241194
MED_USD	2018-11-17	0.003957	0.004200	0.004287	0.003800	582934
MED_USD	2018-11-16	0.004200	0.004082	0.004328	0.003875	685003
MED_USD	2018-11-15	0.004082	0.004174	0.004285	0.003750	4362479
MED_USD	2018-11-14	0.004174	0.004485	0.004686	0.004000	5361772
MED_USD	2018-11-13	0.004485	0.004263	0.004604	0.004230	1203836
MED_USD	2018-11-12	0.004263	0.004544	0.004614	0.004227	2991713
MED_USD	2018-11-11	0.004544	0.004590	0.004621	0.004410	2644845
MED_USD	2018-11-10	0.004590	0.004535	0.005098	0.004535	11215030
MED_USD	2018-11-09	0.004535	0.004309	0.004702	0.004309	5164043
MED_USD	2018-11-08	0.004309	0.004286	0.004500	0.004244	6525329
MED_USD	2018-11-07	0.004286	0.003977	0.004600	0.003970	6145616
MED_USD	2018-11-06	0.003977	0.003970	0.004055	0.003878	1665027
MED_USD	2018-11-05	0.003970	0.004000	0.004000	0.003928	1580389
MED_USD	2018-11-04	0.004000	0.003849	0.004160	0.003849	1324093
MED_USD	2018-11-03	0.003849	0.004015	0.004194	0.003848	2538596
MED_USD	2018-11-02	0.004015	0.003972	0.004200	0.003971	304240
MED_USD	2018-11-01	0.003972	0.004013	0.004013	0.003895	1918415
MED_USD	2018-10-31	0.004013	0.004014	0.004014	0.003848	1772859
MED_USD	2018-10-30	0.004014	0.003848	0.004014	0.003848	964861
MED_USD	2018-10-29	0.003848	0.003978	0.004265	0.003841	2221616
MED_USD	2018-10-28	0.003978	0.004118	0.004118	0.003958	2559397
MED_USD	2018-10-27	0.004118	0.003958	0.004121	0.003900	5520228
MED_USD	2018-10-26	0.003958	0.003890	0.004006	0.003890	1404244
MED_USD	2018-10-25	0.003890	0.003900	0.003997	0.003888	2328085
MED_USD	2018-10-24	0.003900	0.003995	0.004097	0.003888	1437964
MED_USD	2018-10-23	0.003995	0.003854	0.004064	0.003854	1571242
MED_USD	2018-10-22	0.003854	0.003911	0.004100	0.003854	1809020
MED_USD	2018-10-21	0.003911	0.004101	0.004330	0.003911	3668411
MED_USD	2018-10-20	0.004101	0.003873	0.004191	0.003868	2700011
MED_USD	2018-10-19	0.003873	0.003847	0.003916	0.003841	419859
MED_USD	2018-10-18	0.003847	0.003800	0.003995	0.003785	1891825
MED_USD	2018-10-17	0.003800	0.003740	0.004113	0.003740	2725227
MED_USD	2018-10-16	0.003740	0.004044	0.004153	0.003712	4968492
MED_USD	2018-10-15	0.004044	0.003688	0.004413	0.003622	6597487
MED_USD	2018-10-14	0.003688	0.003691	0.003855	0.003610	3331959
MED_USD	2018-10-13	0.003691	0.003668	0.003823	0.003601	4565594
MED_USD	2018-10-12	0.003668	0.003596	0.003782	0.003545	3151047
MED_USD	2018-10-11	0.003596	0.004027	0.004104	0.003301	22436036
MED_USD	2018-10-10	0.004027	0.004155	0.004200	0.003737	13840682
MED_USD	2018-10-09	0.004155	0.004261	0.004306	0.004030	6934051
MED_USD	2018-10-08	0.004261	0.004191	0.004410	0.003990	18305544
MED_USD	2018-10-07	0.004191	0.004173	0.004196	0.003820	20491188
MED_USD	2018-10-06	0.004173	0.004468	0.005523	0.004146	137471216
MED_USD	2018-10-05	0.004468	0.003300	0.006200	0.003300	360881440
MED_USD	2018-10-04	0.003300	0.003400	0.003700	0.003300	16824324
MED_USD	2018-10-03	0.003400	0.003400	0.003500	0.003300	3567155
MED_USD	2018-10-02	0.003400	0.003400	0.003700	0.003300	10635522
MED_USD	2018-10-01	0.003400	0.003200	0.003400	0.003100	4070650
MED_USD	2018-09-30	0.003200	0.003100	0.003400	0.003100	2240107
MED_USD	2018-09-29	0.003100	0.003100	0.003300	0.003000	3790383
MED_USD	2018-09-28	0.003100	0.003200	0.003200	0.003000	1289648
MED_USD	2018-09-27	0.003200	0.003000	0.003200	0.002900	2033694
MED_USD	2018-09-26	0.003000	0.003000	0.003200	0.002900	850624
MED_USD	2018-09-25	0.003000	0.003000	0.003000	0.002900	1176199
MED_USD	2018-09-24	0.003000	0.003100	0.003200	0.003000	686515
MED_USD	2018-09-23	0.003100	0.003200	0.003300	0.003100	1254426
MED_USD	2018-09-22	0.003200	0.003100	0.003300	0.003100	929251
MED_USD	2018-09-21	0.003100	0.003200	0.003500	0.003000	3281290
MED_USD	2018-09-20	0.003200	0.003100	0.003200	0.002900	973582
MED_USD	2018-09-19	0.003100	0.002900	0.003100	0.002900	646816
MED_USD	2018-09-18	0.002900	0.003200	0.003200	0.002900	1603019
MED_USD	2018-09-17	0.003200	0.003300	0.003400	0.003100	1559491
MED_USD	2018-09-16	0.003300	0.003300	0.003400	0.003000	3053374
MED_USD	2018-09-15	0.003300	0.003100	0.003300	0.003000	2790903
MED_USD	2018-09-14	0.003100	0.003300	0.003500	0.003000	2192910
MED_USD	2018-09-13	0.003300	0.002900	0.003400	0.002900	5018347
MED_USD	2018-09-12	0.002900	0.002900	0.003100	0.002800	2931054
MED_USD	2018-09-11	0.002900	0.003100	0.003200	0.002800	4554949
MED_USD	2018-09-10	0.003100	0.003100	0.003300	0.003000	4743926
MED_USD	2018-09-09	0.003100	0.003200	0.003200	0.003000	3707528
MED_USD	2018-09-08	0.003200	0.003400	0.003400	0.003000	4615901
MED_USD	2018-09-07	0.003400	0.003700	0.004000	0.003200	5434140
MED_USD	2018-09-06	0.003700	0.003600	0.003700	0.003200	6498841
MED_USD	2018-09-05	0.003600	0.004100	0.004200	0.003500	17908656
MED_USD	2018-09-04	0.004100	0.004200	0.004300	0.004100	6368911
MED_USD	2018-09-03	0.004200	0.004400	0.004400	0.004100	802065
MED_USD	2018-09-02	0.004400	0.004400	0.004400	0.004100	1744443
MED_USD	2018-09-01	0.004400	0.004200	0.004400	0.004100	4858423
MED_USD	2018-08-31	0.004200	0.004100	0.004400	0.004000	3525388
MED_USD	2018-08-30	0.004100	0.004400	0.004600	0.004000	6969750
MED_USD	2018-08-29	0.004400	0.004400	0.004600	0.004300	3372552
MED_USD	2018-08-28	0.004400	0.004600	0.004600	0.004300	1211954
MED_USD	2018-08-27	0.004600	0.004400	0.004700	0.004000	4020230
MED_USD	2018-08-26	0.004400	0.004400	0.004600	0.004200	933789
MED_USD	2018-08-25	0.004400	0.004600	0.004800	0.004400	1380123
MED_USD	2018-08-24	0.004600	0.004500	0.004700	0.004400	2960561
MED_USD	2018-08-23	0.004500	0.004100	0.004500	0.004000	5040361
MED_USD	2018-08-22	0.004100	0.004100	0.004500	0.004100	1418201
MED_USD	2018-08-21	0.004100	0.004000	0.004300	0.004000	4530662
MED_USD	2018-08-20	0.004000	0.004100	0.004200	0.004000	1854820
MED_USD	2018-08-19	0.004100	0.004300	0.004400	0.003900	2317438
MED_USD	2018-08-18	0.004300	0.004500	0.004800	0.004100	4339729
MED_USD	2018-08-17	0.004500	0.004000	0.004500	0.004000	5374918
MED_USD	2018-08-16	0.004000	0.003700	0.004100	0.003700	3463982
MED_USD	2018-08-15	0.003700	0.003900	0.004100	0.003700	3437586
MED_USD	2018-08-14	0.003900	0.003900	0.004100	0.003500	6000559
MED_USD	2018-08-13	0.003900	0.004100	0.004700	0.003800	12113014
MED_USD	2018-08-12	0.004100	0.003900	0.004200	0.003800	4354858
MED_USD	2018-08-11	0.003900	0.003900	0.004000	0.003600	1509579
MED_USD	2018-08-10	0.003900	0.004000	0.004200	0.003800	6417823
MED_USD	2018-08-09	0.004000	0.004300	0.004300	0.003600	8502981
MED_USD	2018-08-08	0.004300	0.003900	0.005000	0.003700	31698760
MED_USD	2018-08-07	0.003900	0.003700	0.004100	0.003200	34480372
MED_USD	2018-08-06	0.003700	0.003800	0.004000	0.003700	5373647
MED_USD	2018-08-05	0.003800	0.004000	0.004300	0.003700	2608693
MED_USD	2018-08-04	0.004000	0.003900	0.004100	0.003700	4261190
MED_USD	2018-08-03	0.003900	0.004000	0.004100	0.003600	4156081
MED_USD	2018-08-02	0.004000	0.004100	0.004300	0.003800	3750717
MED_USD	2018-08-01	0.004100	0.004200	0.004500	0.004100	5431581
MED_USD	2018-07-31	0.004200	0.004400	0.004400	0.004000	6722579
MED_USD	2018-07-30	0.004400	0.004700	0.004800	0.004200	16750851
MED_USD	2018-07-29	0.004700	0.004300	0.005000	0.004300	19278082
MED_USD	2018-07-28	0.004300	0.004900	0.005000	0.004300	17135912
MED_USD	2018-07-27	0.004900	0.004200	0.005400	0.004100	31406140
MED_USD	2018-07-26	0.004200	0.004200	0.004400	0.004100	2598073
MED_USD	2018-07-25	0.004200	0.003900	0.004300	0.003800	3646616
MED_USD	2018-07-24	0.003900	0.004000	0.004200	0.003800	2531582
MED_USD	2018-07-23	0.004000	0.004000	0.004100	0.003900	1154334
MED_USD	2018-07-22	0.004000	0.004100	0.004100	0.003800	1089212
MED_USD	2018-07-21	0.004100	0.004000	0.004100	0.003900	1845009
MED_USD	2018-07-20	0.004000	0.004300	0.004500	0.003900	4486033
MED_USD	2018-07-19	0.004300	0.004300	0.004500	0.004200	6669268
MED_USD	2018-07-18	0.004300	0.004400	0.004800	0.004300	8636628
MED_USD	2018-07-17	0.004400	0.004200	0.004600	0.004100	9278141
MED_USD	2018-07-16	0.004200	0.004400	0.004700	0.004100	6729767
MED_USD	2018-07-15	0.004400	0.004300	0.004600	0.004200	3268485
MED_USD	2018-07-14	0.004300	0.004600	0.004700	0.004000	3791442
MED_USD	2018-07-13	0.004600	0.004300	0.004600	0.004300	1882737
MED_USD	2018-07-12	0.004300	0.004600	0.004800	0.004300	858100
MED_USD	2018-07-11	0.004600	0.004700	0.004800	0.004300	3280821
MED_USD	2018-07-10	0.004700	0.005200	0.005200	0.004600	3628184
MED_USD	2018-07-09	0.005200	0.005400	0.005400	0.004900	5823691
MED_USD	2018-07-08	0.005400	0.005300	0.005500	0.005200	3529668
MED_USD	2018-07-07	0.005300	0.005100	0.005400	0.005100	2372413
MED_USD	2018-07-06	0.005100	0.005400	0.005500	0.005100	3769990
MED_USD	2018-07-05	0.005400	0.005100	0.005900	0.005000	12940612
MED_USD	2018-07-04	0.005100	0.004800	0.006100	0.004700	25687896
MED_USD	2018-07-03	0.004800	0.005200	0.005400	0.004600	11219026
MED_USD	2018-07-02	0.005200	0.005100	0.005500	0.004900	6689194
MED_USD	2018-07-01	0.005100	0.005400	0.005600	0.004800	9476244
MED_USD	2018-06-30	0.005400	0.005200	0.005800	0.005000	4949705
MED_USD	2018-06-29	0.005200	0.005200	0.005400	0.004900	3838529
MED_USD	2018-06-28	0.005200	0.005500	0.005900	0.005000	9783830
MED_USD	2018-06-27	0.005500	0.006100	0.006300	0.005100	8393798
MED_USD	2018-06-26	0.006100	0.006400	0.006500	0.006000	6013795
MED_USD	2018-06-25	0.006400	0.006300	0.006500	0.005900	4743520
MED_USD	2018-06-24	0.006300	0.006100	0.006600	0.005500	6521159
MED_USD	2018-06-23	0.006100	0.005800	0.006300	0.005400	3560108
MED_USD	2018-06-22	0.005800	0.006800	0.006900	0.005400	16347675
MED_USD	2018-06-21	0.006800	0.007700	0.007700	0.006600	14978432
MED_USD	2018-06-20	0.007700	0.008400	0.008500	0.005800	19466188
MED_USD	2018-06-19	0.008500	0.008600	0.008600	0.008000	4609636
MED_USD	2018-06-18	0.008600	0.008400	0.008600	0.008000	4018233
MED_USD	2018-06-17	0.008500	0.009000	0.009100	0.008400	3357809
MED_USD	2018-06-16	0.009100	0.009100	0.009300	0.008600	6028719
MED_USD	2018-06-15	0.009100	0.008800	0.011000	0.008200	32633162
MED_USD	2018-06-14	0.008700	0.008300	0.008900	0.008200	5618215
MED_USD	2018-06-13	0.008300	0.008500	0.008700	0.007900	4156003
MED_USD	2018-06-12	0.008500	0.009400	0.009400	0.008000	6607165
MED_USD	2018-06-11	0.009400	0.008400	0.009500	0.008000	11243734
MED_USD	2018-06-10	0.008400	0.010700	0.010800	0.008200	15400872
MED_USD	2018-06-09	0.010800	0.011100	0.011500	0.010600	6780900
MED_USD	2018-06-08	0.011100	0.012100	0.012300	0.010200	22161728
MED_USD	2018-06-07	0.012100	0.012700	0.013000	0.012100	11746012
MED_USD	2018-06-06	0.012700	0.013600	0.013700	0.012500	19434728
MED_USD	2018-06-05	0.013600	0.013800	0.014200	0.012900	20461142
MED_USD	2018-06-04	0.013800	0.015700	0.015900	0.013100	50745112
MED_USD	2018-06-03	0.015700	0.017300	0.017600	0.015400	54785888
MED_USD	2018-06-02	0.017200	0.020100	0.020200	0.015000	183669120
MED_USD	2018-06-01	0.000000	0.031900	0.031900	0.000000	0
MED_USD	2018-05-31	0.031900	0.026400	0.033400	0.026400	10069126
MED_USD	2018-05-30	0.026400	0.025900	0.027400	0.025200	4675981
MED_USD	2018-05-29	0.026000	0.022900	0.026400	0.022900	4483066
MED_USD	2018-05-28	0.023200	0.024800	0.025500	0.021900	4642777
MED_USD	2018-05-27	0.024400	0.026500	0.026500	0.024200	3407675
MED_USD	2018-05-26	0.026500	0.027500	0.028000	0.025000	7617539
MED_USD	2018-05-25	0.027500	0.027900	0.030400	0.024700	14276307
MED_USD	2018-05-24	0.028000	0.023200	0.028000	0.022300	6482379
MED_USD	2018-05-23	0.023200	0.027300	0.027900	0.022000	9148651
MED_USD	2018-05-22	0.027300	0.033000	0.033900	0.027000	15084147
MED_USD	2018-05-21	0.033000	0.022600	0.036000	0.022200	27539840
MED_USD	2018-05-20	0.022600	0.021700	0.023400	0.021500	674259
MED_USD	2018-05-19	0.021700	0.023000	0.023700	0.021400	1677128
MED_USD	2018-05-18	0.023000	0.020800	0.023800	0.019800	3481369
MED_USD	2018-05-17	0.021100	0.019500	0.022700	0.019500	2051350
MED_USD	2018-05-16	0.019500	0.021200	0.021400	0.018900	2496775
MED_USD	2018-05-15	0.021300	0.021800	0.022200	0.020400	3455300
MED_USD	2018-05-14	0.021800	0.023500	0.023500	0.019400	6747764
MED_USD	2018-05-13	0.023500	0.021400	0.024500	0.020200	8852345
MED_USD	2018-05-12	0.021800	0.022400	0.024000	0.018800	4777501
MED_USD	2018-05-11	0.022400	0.025500	0.026600	0.020600	7453262
MED_USD	2018-05-10	0.025500	0.027100	0.028300	0.025400	9282411
MED_USD	2018-05-09	0.027100	0.029600	0.031400	0.026100	3700449
MED_USD	2018-05-08	0.029600	0.031500	0.031500	0.026000	3504226
MED_USD	2018-05-07	0.030100	0.032200	0.033400	0.028100	2403941
MED_USD	2018-05-06	0.032100	0.035100	0.036200	0.030300	4765997
MED_USD	2018-05-05	0.035100	0.034900	0.037800	0.034400	4400220
MED_USD	2018-05-04	0.034900	0.035900	0.037800	0.034000	5695259
MED_USD	2018-05-03	0.035900	0.034900	0.037000	0.000000	5753430
MED_USD	2018-05-02	0.035900	0.030500	0.037200	0.030500	5297162
MED_USD	2018-05-01	0.030500	0.031700	0.032500	0.030000	1987006
MED_USD	2018-04-30	0.031700	0.034100	0.035500	0.031000	3921081
MED_USD	2018-04-29	0.034100	0.035200	0.037000	0.033100	5010907
MED_USD	2018-04-28	0.035200	0.033800	0.037100	0.033000	4311531
MED_USD	2018-04-27	0.033800	0.033500	0.037000	0.031500	7213777
MED_USD	2018-04-26	0.033500	0.029100	0.033700	0.028700	5521752
MED_USD	2018-04-25	0.029100	0.036300	0.036700	0.028100	11249343
MED_USD	2018-04-24	0.036300	0.032900	0.038600	0.032900	10760045
MED_USD	2018-04-23	0.032900	0.033800	0.037300	0.032400	9229908
MED_USD	2018-04-22	0.033800	0.037500	0.044100	0.032500	19710724
MED_USD	2018-04-21	0.037500	0.026200	0.037500	0.026200	24672296
MED_USD	2018-04-20	0.026200	0.021600	0.026200	0.015800	19115948
MED_USD	2018-04-19	0.021600	0.019800	0.024900	0.019300	8744132
MED_USD	2018-04-18	0.019800	0.018500	0.019900	0.018300	964339
MED_USD	2018-04-17	0.018500	0.018900	0.020100	0.017800	708758
MED_USD	2018-04-16	0.018900	0.021200	0.021200	0.016600	2582543
MED_USD	2018-04-15	0.021000	0.020300	0.021700	0.019300	1132430
MED_USD	2018-04-14	0.020300	0.018900	0.021900	0.018200	2605908
MED_USD	2018-04-13	0.018900	0.018000	0.019900	0.016900	1684630
MED_USD	2018-04-12	0.018000	0.016100	0.018900	0.014600	2941893
MED_USD	2018-04-11	0.016100	0.016100	0.016900	0.015000	1071461
MED_USD	2018-04-10	0.016100	0.015000	0.016800	0.015000	411571
MED_USD	2018-04-09	0.015000	0.015000	0.016500	0.014400	690866
MED_USD	2018-04-08	0.015000	0.015300	0.015700	0.014200	413749
MED_USD	2018-04-07	0.015300	0.014200	0.015400	0.013800	738441
MED_USD	2018-04-06	0.014200	0.013600	0.015000	0.013200	1505741
MED_USD	2018-04-05	0.013600	0.015000	0.015000	0.013600	247513
MED_USD	2018-04-04	0.015000	0.015700	0.016000	0.014400	872543
MED_USD	2018-04-03	0.015700	0.015300	0.016600	0.015100	290713
MED_USD	2018-04-02	0.015300	0.015100	0.015800	0.015100	182822
MED_USD	2018-04-01	0.015100	0.015100	0.015600	0.014600	1411809
MED_USD	2018-03-31	0.015100	0.015300	0.017300	0.015100	440857
MED_USD	2018-03-30	0.015300	0.015100	0.016200	0.014400	815073
MED_USD	2018-03-29	0.015100	0.017200	0.018200	0.014800	1826636
MED_USD	2018-03-28	0.017200	0.017000	0.018500	0.015600	746780
MED_USD	2018-03-27	0.017000	0.017000	0.018400	0.014300	1100858
MED_USD	2018-03-26	0.017000	0.019600	0.019800	0.015500	2147757
MED_USD	2018-03-25	0.019600	0.020200	0.020600	0.018800	504188
MED_USD	2018-03-24	0.020200	0.019200	0.021400	0.018100	2001783
MED_USD	2018-03-23	0.019200	0.020100	0.020100	0.017300	1690721
MED_USD	2018-03-22	0.020100	0.021400	0.022200	0.018000	3103257
MED_USD	2018-03-21	0.021400	0.019800	0.022200	0.019800	2860535
MED_USD	2018-03-20	0.019800	0.016500	0.021000	0.016500	1548019
MED_USD	2018-03-19	0.016500	0.015400	0.017000	0.015000	1976739
MED_USD	2018-03-18	0.015400	0.015000	0.017000	0.011700	1903209
MED_USD	2018-03-17	0.015000	0.018000	0.018800	0.014600	1969650
MED_USD	2018-03-16	0.018000	0.018300	0.019500	0.017200	1229417
MED_USD	2018-03-15	0.018300	0.018900	0.019500	0.016900	1120489
MED_USD	2018-03-14	0.018900	0.020300	0.021900	0.018900	1659624
MED_USD	2018-03-13	0.020300	0.021900	0.022000	0.020100	936874
MED_USD	2018-03-12	0.021900	0.022800	0.023200	0.019900	1268445
MED_USD	2018-03-11	0.022800	0.020300	0.024200	0.018900	1727346
MED_USD	2018-03-10	0.020300	0.020600	0.023100	0.020000	4533986
MED_USD	2018-03-09	0.020600	0.020000	0.029800	0.015300	4217012
MED_USD	2018-03-08	0.020000	0.024200	0.025000	0.017200	2762884
MED_USD	2018-03-07	0.024200	0.027800	0.028700	0.022000	2191190
MED_USD	2018-03-06	0.027800	0.032800	0.032800	0.027100	2570261
MED_USD	2018-03-05	0.032800	0.035100	0.036400	0.031500	4177718
MED_USD	2018-03-04	0.035100	0.032200	0.035200	0.032200	1608171
MED_USD	2018-03-03	0.032200	0.034400	0.034800	0.032100	1320173
MED_USD	2018-03-02	0.034400	0.030800	0.034500	0.029600	4836102
MED_USD	2018-03-01	0.030800	0.031500	0.031800	0.030000	2016850
MED_USD	2018-02-28	0.031500	0.032100	0.033000	0.030900	2106583
MED_USD	2018-02-27	0.032100	0.032800	0.035400	0.031100	2246726
MED_USD	2018-02-26	0.032800	0.032400	0.033900	0.030900	1678254
MED_USD	2018-02-25	0.032400	0.031900	0.033800	0.030700	1461243
MED_USD	2018-02-24	0.031900	0.035700	0.035800	0.031800	1941306
MED_USD	2018-02-23	0.035700	0.034500	0.036300	0.031000	2645150
MED_USD	2018-02-22	0.034500	0.033600	0.036700	0.032200	2617685
MED_USD	2018-02-21	0.033600	0.038500	0.038500	0.031700	3604333
MED_USD	2018-02-20	0.038500	0.042900	0.043900	0.038200	3173282
MED_USD	2018-02-19	0.042900	0.041600	0.044400	0.040900	2175109
MED_USD	2018-02-18	0.041600	0.045200	0.047000	0.040400	6337085
MED_USD	2018-02-17	0.045200	0.039900	0.047000	0.038900	7553051
MED_USD	2018-02-16	0.039900	0.040000	0.040600	0.037600	3148009
MED_USD	2018-02-15	0.040000	0.041900	0.042700	0.037100	5492335
MED_USD	2018-02-14	0.041900	0.038000	0.044000	0.035300	15339122
MED_USD	2018-02-13	0.038000	0.039100	0.040900	0.035200	2279620
MED_USD	2018-02-12	0.039100	0.038000	0.041400	0.036500	3787491
MED_USD	2018-02-11	0.038000	0.042100	0.044200	0.033300	4284279
MED_USD	2018-02-10	0.042100	0.047400	0.049700	0.040800	3612950
MED_USD	2018-02-09	0.047400	0.042800	0.048500	0.040400	2412124
MED_USD	2018-02-08	0.042800	0.037700	0.045000	0.035500	2597895
MED_USD	2018-02-07	0.037700	0.040400	0.045600	0.035500	4852306
MED_USD	2018-02-06	0.040400	0.031800	0.041300	0.025200	6140220
MED_USD	2018-02-05	0.031800	0.043300	0.043900	0.028700	9374748
MED_USD	2018-02-04	0.043300	0.055100	0.057600	0.041200	3135442
MED_USD	2018-02-03	0.055100	0.057000	0.060000	0.045700	2429718
MED_USD	2018-02-02	0.057000	0.061100	0.062000	0.035500	8846441
MED_USD	2018-02-01	0.061100	0.076800	0.079200	0.056500	3709008
MED_USD	2018-01-31	0.076800	0.078800	0.079900	0.070700	2703936
MED_USD	2018-01-30	0.078800	0.092700	0.093200	0.070000	4001284
