MET_USD	2019-04-09	1.14319	1.16300	1.16435	1.12557	0
MET_USD	2019-04-08	1.16512	1.13553	1.28806	1.12320	0
MET_USD	2019-04-07	1.13913	1.08457	1.15692	1.07662	0
MET_USD	2019-04-06	1.08344	1.04157	1.19771	1.02987	0
MET_USD	2019-04-05	1.04326	1.03935	1.09478	1.01854	0
MET_USD	2019-04-04	1.03889	1.05533	1.08230	1.01545	0
MET_USD	2019-04-03	1.05146	1.07894	1.17494	0.98052	0
MET_USD	2019-04-02	1.07927	0.95907	1.22279	0.90192	0
MET_USD	2019-04-01	0.96142	0.95467	0.97669	0.94149	0
MET_USD	2019-03-31	0.95473	0.96094	0.98180	0.94749	0
MET_USD	2019-03-30	0.96094	0.97811	0.99263	0.94810	0
MET_USD	2019-03-29	0.97811	0.99111	0.99698	0.93525	0
MET_USD	2019-03-28	0.99111	0.97006	0.99140	0.92465	0
MET_USD	2019-03-27	0.97020	0.91392	0.99186	0.91351	0
MET_USD	2019-03-26	0.91392	0.93278	0.94010	0.90480	0
MET_USD	2019-03-25	0.93278	0.95148	1.00307	0.91932	0
MET_USD	2019-03-24	0.95148	0.96705	1.01425	0.94464	0
MET_USD	2019-03-23	0.96705	0.94079	0.96705	0.93738	0
MET_USD	2019-03-22	0.94106	0.94527	0.98057	0.93104	0
MET_USD	2019-03-21	0.94533	1.00701	1.01076	0.93788	0
MET_USD	2019-03-20	1.00673	1.05391	1.05518	0.99146	0
MET_USD	2019-03-19	1.05481	0.98300	1.05652	0.97775	0
MET_USD	2019-03-18	0.98300	1.00247	1.04841	0.97338	0
MET_USD	2019-03-17	1.03452	1.05616	1.05616	1.00192	0
MET_USD	2019-03-16	1.05616	0.97492	1.06181	0.97492	0
MET_USD	2019-03-15	0.97486	0.91076	1.03133	0.91069	0
MET_USD	2019-03-14	0.91144	0.99487	0.99893	0.90093	0
MET_USD	2019-03-13	0.99487	0.92660	0.99672	0.91117	0
MET_USD	2019-03-12	0.92660	1.00410	1.02145	0.91477	0
MET_USD	2019-03-11	1.00366	0.98118	1.01352	0.95144	0
MET_USD	2019-03-10	0.98118	0.99347	0.99488	0.97084	0
MET_USD	2019-03-09	0.99339	0.96698	1.00176	0.92654	0
MET_USD	2019-03-08	0.96691	0.93134	1.01427	0.91890	0
MET_USD	2019-03-07	0.93141	0.94610	1.00149	0.92599	0
MET_USD	2019-03-06	0.94589	0.93186	0.98147	0.91072	0
MET_USD	2019-03-05	0.93097	0.85763	0.93823	0.85375	0
MET_USD	2019-03-04	0.85766	0.89028	0.89422	0.84102	0
MET_USD	2019-03-03	0.88938	0.91904	0.93816	0.87268	0
MET_USD	2019-03-02	0.91911	0.94173	0.95886	0.88939	0
MET_USD	2019-03-01	0.94238	0.93956	0.96108	0.93728	0
MET_USD	2019-02-28	0.93966	0.93731	0.96927	0.92810	0
MET_USD	2019-02-27	0.93728	0.94506	0.98777	0.88155	0
MET_USD	2019-02-26	0.94686	1.00199	1.01700	0.93998	0
MET_USD	2019-02-25	1.00220	0.95098	1.02721	0.95098	0
MET_USD	2019-02-24	0.94964	1.17793	1.26590	0.94964	0
MET_USD	2019-02-23	1.17935	1.11584	1.18417	1.06706	0
MET_USD	2019-02-22	1.11765	1.06335	1.12049	1.01935	0
MET_USD	2019-02-21	1.06360	1.08744	1.10092	1.04363	0
MET_USD	2019-02-20	1.09163	1.02630	1.09317	1.00663	0
MET_USD	2019-02-19	1.02630	1.08648	1.11961	1.02158	0
MET_USD	2019-02-18	1.08761	0.97518	1.15481	0.96841	0
MET_USD	2019-02-17	0.97518	0.87912	1.07678	0.87778	0
MET_USD	2019-02-16	0.87912	0.91593	0.92652	0.87710	0
MET_USD	2019-02-15	0.91571	0.85200	0.91771	0.84977	0
MET_USD	2019-02-14	0.85242	0.91425	0.94684	0.85242	0
MET_USD	2019-02-13	0.91529	0.86736	0.92601	0.86138	0
MET_USD	2019-02-12	0.86479	0.86494	0.91775	0.83357	0
MET_USD	2019-02-11	0.86494	0.86808	0.90188	0.82976	0
MET_USD	2019-02-10	0.86952	0.82781	0.91255	0.76215	0
MET_USD	2019-02-09	0.82870	0.78773	0.83089	0.75359	0
MET_USD	2019-02-08	0.78884	0.66097	0.81160	0.65691	0
MET_USD	2019-02-07	0.66066	0.65871	0.67253	0.65747	0
MET_USD	2019-02-06	0.65871	0.68138	0.69941	0.64577	0
MET_USD	2019-02-05	0.68141	0.75600	0.75600	0.66325	0
MET_USD	2019-02-04	0.75614	0.60978	0.76381	0.60534	0
MET_USD	2019-02-03	0.60927	0.71141	0.71602	0.60175	0
MET_USD	2019-02-02	0.70939	0.65406	0.71261	0.63246	0
MET_USD	2019-02-01	0.65403	0.64077	0.66300	0.63432	0
MET_USD	2019-01-31	0.63953	0.58525	0.64437	0.58027	0
MET_USD	2019-01-30	0.58567	0.59016	0.61869	0.58414	0
MET_USD	2019-01-29	0.59127	0.55939	0.59821	0.54279	0
MET_USD	2019-01-28	0.55898	0.60472	0.61859	0.53740	0
MET_USD	2019-01-27	0.60480	0.65115	0.65115	0.60035	0
MET_USD	2019-01-26	0.65132	0.64622	0.66311	0.64501	0
MET_USD	2019-01-25	0.64616	0.63206	0.65007	0.62091	0
MET_USD	2019-01-24	0.63212	0.65907	0.66273	0.62362	0
MET_USD	2019-01-23	0.65907	0.67039	0.67564	0.64996	0
MET_USD	2019-01-22	0.67039	0.65512	0.67844	0.60019	0
MET_USD	2019-01-21	0.65571	0.61997	0.66126	0.59855	0
MET_USD	2019-01-20	0.61904	0.68421	0.68421	0.59707	0
MET_USD	2019-01-19	0.68421	0.65551	0.71282	0.65551	0
MET_USD	2019-01-18	0.65532	0.67296	0.67525	0.64800	0
MET_USD	2019-01-17	0.67372	0.64880	0.67969	0.62451	0
MET_USD	2019-01-16	0.64578	0.64933	0.68828	0.62805	0
MET_USD	2019-01-15	0.65031	0.68446	0.69396	0.61056	0
MET_USD	2019-01-14	0.68449	0.62653	0.69972	0.62034	0
MET_USD	2019-01-13	0.62597	0.67488	0.68842	0.61702	0
MET_USD	2019-01-12	0.67496	0.67298	0.72400	0.63578	0
MET_USD	2019-01-11	0.67298	0.64762	0.70275	0.64247	0
MET_USD	2019-01-10	0.64742	0.82515	0.83408	0.64552	0
MET_USD	2019-01-09	0.82488	0.82711	0.85578	0.78723	0
MET_USD	2019-01-08	0.82711	0.84481	0.85180	0.76680	0
MET_USD	2019-01-07	0.84465	0.86647	0.87585	0.79300	0
MET_USD	2019-01-06	0.86631	0.82021	0.87520	0.79535	0
MET_USD	2019-01-05	0.81998	0.84608	0.88864	0.81718	0
MET_USD	2019-01-04	0.84613	0.83806	0.88488	0.80416	0
MET_USD	2019-01-03	0.83776	0.87532	0.89245	0.83026	0
MET_USD	2019-01-02	0.87562	0.81339	0.89545	0.79827	0
MET_USD	2019-01-01	0.80611	0.73621	0.82128	0.73017	0
MET_USD	2018-12-31	0.73621	0.78082	0.80167	0.73112	0
MET_USD	2018-12-30	0.77980	0.76904	0.79137	0.74206	0
MET_USD	2018-12-29	0.77314	0.89899	0.92184	0.76184	0
MET_USD	2018-12-28	0.89950	0.65402	0.90537	0.64589	0
MET_USD	2018-12-27	0.65229	0.74248	0.74971	0.64288	0
MET_USD	2018-12-26	0.74215	0.76536	0.81302	0.70374	0
MET_USD	2018-12-25	0.76531	0.80563	0.81068	0.72159	0
MET_USD	2018-12-24	0.80625	0.76345	0.90512	0.76277	0
MET_USD	2018-12-23	0.76357	0.72114	0.79318	0.72075	0
MET_USD	2018-12-22	0.71998	0.65701	0.72117	0.61955	0
MET_USD	2018-12-21	0.65701	0.69673	0.72251	0.62915	0
MET_USD	2018-12-20	0.69968	0.59777	0.71949	0.59310	0
MET_USD	2018-12-19	0.58373	0.59368	0.64379	0.55951	0
MET_USD	2018-12-18	0.59203	0.57613	0.59967	0.55038	0
MET_USD	2018-12-17	0.57619	0.50061	0.60586	0.49894	0
MET_USD	2018-12-16	0.50036	0.50369	0.52773	0.49819	0
MET_USD	2018-12-15	0.50373	0.51067	0.51938	0.48921	0
MET_USD	2018-12-14	0.51060	0.52652	0.53384	0.49860	0
MET_USD	2018-12-13	0.52533	0.55512	0.55660	0.51655	0
MET_USD	2018-12-12	0.55509	0.53618	0.56290	0.52655	0
MET_USD	2018-12-11	0.53903	0.59141	0.60314	0.53087	0
MET_USD	2018-12-10	0.59056	0.63080	0.64265	0.58411	0
MET_USD	2018-12-09	0.63189	0.59459	0.65165	0.57719	0
MET_USD	2018-12-08	0.59501	0.64567	0.68528	0.54966	0
MET_USD	2018-12-07	0.64584	0.65459	0.67727	0.57460	0
MET_USD	2018-12-06	0.65774	0.73833	0.75718	0.65205	0
MET_USD	2018-12-05	0.73682	0.77304	0.77988	0.73344	0
MET_USD	2018-12-04	0.77318	0.78791	0.81494	0.72410	0
MET_USD	2018-12-03	0.78791	0.81945	0.82960	0.77103	0
MET_USD	2018-12-02	0.81784	0.86574	0.88267	0.81784	0
MET_USD	2018-12-01	0.86574	0.85514	0.90801	0.82036	0
MET_USD	2018-11-30	0.85514	0.92545	0.94208	0.84304	0
MET_USD	2018-11-29	0.92545	0.97713	0.99256	0.89999	0
MET_USD	2018-11-28	0.97713	0.85735	1.00465	0.85017	0
MET_USD	2018-11-27	0.85735	0.84259	0.91975	0.82400	0
MET_USD	2018-11-26	0.84259	0.93726	0.95636	0.81592	0
MET_USD	2018-11-25	0.94026	0.92928	0.99619	0.81089	0
MET_USD	2018-11-24	0.92928	1.02684	1.06325	0.90221	0
MET_USD	2018-11-23	1.02684	1.03472	1.04939	0.94961	0
MET_USD	2018-11-22	1.04480	1.09746	1.11238	1.03417	0
MET_USD	2018-11-21	1.10080	1.05893	1.14630	1.00369	0
MET_USD	2018-11-20	1.05830	1.23030	1.25330	1.01604	0
MET_USD	2018-11-19	1.23030	1.48510	1.48510	1.20036	0
MET_USD	2018-11-18	1.48510	1.49105	1.50300	1.43348	0
MET_USD	2018-11-17	1.49105	1.45749	1.49826	1.43395	0
MET_USD	2018-11-16	1.46467	1.52298	1.52728	1.43755	0
MET_USD	2018-11-15	1.52298	1.57252	1.59016	1.45360	0
MET_USD	2018-11-14	1.56152	1.79310	1.82874	1.49407	0
MET_USD	2018-11-13	1.79550	1.82901	1.84013	1.76940	0
MET_USD	2018-11-12	1.82901	1.79751	1.83159	1.76701	0
MET_USD	2018-11-11	1.80055	1.85053	1.85053	1.77473	0
MET_USD	2018-11-10	1.85053	1.83583	1.87291	1.77872	0
MET_USD	2018-11-09	1.83583	1.74643	1.83757	1.73337	0
MET_USD	2018-11-08	1.74643	1.85160	1.88081	1.74643	0
MET_USD	2018-11-07	1.85160	1.76692	2.02853	1.76220	0
MET_USD	2018-11-06	1.76692	1.68132	1.76740	1.66303	0
MET_USD	2018-11-05	1.64491	1.54837	1.67779	1.49960	0
MET_USD	2018-11-04	1.54837	1.46551	1.57618	1.45774	0
MET_USD	2018-11-03	1.46551	1.46635	1.48182	1.42953	0
MET_USD	2018-11-02	1.46635	1.47060	1.48510	1.43904	0
MET_USD	2018-11-01	1.47060	1.46694	1.51156	1.44658	0
MET_USD	2018-10-31	1.46694	1.52934	2.01764	1.40976	0
MET_USD	2018-10-30	1.52934	1.71485	1.73998	1.44514	0
MET_USD	2018-10-29	1.70520	1.65993	1.78476	1.61967	0
MET_USD	2018-10-28	1.60665	1.59303	1.68974	1.59163	0
MET_USD	2018-10-27	1.59303	1.49882	1.59615	1.40915	0
MET_USD	2018-10-26	1.49882	1.55228	1.55228	1.43850	0
MET_USD	2018-10-25	1.55228	1.46508	1.58714	1.43678	0
MET_USD	2018-10-24	1.46508	1.58539	1.60112	1.43380	0
MET_USD	2018-10-23	1.58539	1.52922	1.76839	1.51567	0
MET_USD	2018-10-22	1.52922	1.57676	1.59055	1.48966	0
MET_USD	2018-10-21	1.57562	1.45405	1.65634	1.45398	0
MET_USD	2018-10-20	1.45391	1.41992	1.50073	1.41091	0
MET_USD	2018-10-19	1.41965	1.48374	1.49152	1.40346	0
MET_USD	2018-10-18	1.48374	1.45050	1.48784	1.41579	0
MET_USD	2018-10-17	1.45050	1.46633	1.50338	1.40387	0
MET_USD	2018-10-16	1.46681	1.52168	1.55693	1.44227	0
MET_USD	2018-10-15	1.52168	1.39900	1.61826	1.38237	0
MET_USD	2018-10-14	1.40223	1.39046	1.44586	1.38136	0
MET_USD	2018-10-13	1.39067	1.27750	1.39440	1.27633	0
MET_USD	2018-10-12	1.27867	1.22000	1.33025	1.22000	0
MET_USD	2018-10-11	1.21808	1.41917	1.41917	1.21231	0
MET_USD	2018-10-10	1.41917	1.43050	1.45273	1.40822	0
MET_USD	2018-10-09	1.43050	1.44354	1.45697	1.42412	0
MET_USD	2018-10-08	1.44354	1.47318	1.47813	1.40680	0
MET_USD	2018-10-07	1.47318	1.45657	1.48158	1.42470	0
MET_USD	2018-10-06	1.45657	1.47810	1.48042	1.44416	0
MET_USD	2018-10-05	1.47810	1.40179	1.49558	1.38671	0
MET_USD	2018-10-04	1.40179	1.37867	1.41553	1.37304	0
MET_USD	2018-10-03	1.37798	1.42265	1.42649	1.33380	0
MET_USD	2018-10-02	1.42448	1.44454	1.45203	1.37792	0
MET_USD	2018-10-01	1.44423	1.42905	1.46253	1.37902	0
MET_USD	2018-09-30	1.42905	1.45858	1.51013	1.38023	0
MET_USD	2018-09-29	1.45858	1.42824	1.51837	1.36635	0
MET_USD	2018-09-28	1.42824	1.48531	1.50188	1.33767	0
MET_USD	2018-09-27	1.48424	1.44050	1.48608	1.34667	0
MET_USD	2018-09-26	1.44309	1.53876	1.54265	1.38790	0
MET_USD	2018-09-25	1.52993	1.57829	1.57829	1.35315	0
MET_USD	2018-09-24	1.57629	1.68112	1.70591	1.47410	0
MET_USD	2018-09-23	1.65380	1.54349	1.66049	1.51992	0
MET_USD	2018-09-22	1.54294	1.65410	1.70142	1.51332	0
MET_USD	2018-09-21	1.65610	1.50892	1.66885	1.45544	0
MET_USD	2018-09-20	1.50892	1.39476	1.50892	1.36631	0
MET_USD	2018-09-19	1.39356	1.44286	1.47526	1.33957	0
MET_USD	2018-09-18	1.44286	1.29269	1.48395	1.29269	0
MET_USD	2018-09-17	1.29269	1.61024	1.64381	1.28023	0
MET_USD	2018-09-16	1.61024	1.57399	1.66738	1.47390	0
MET_USD	2018-09-15	1.58059	1.53874	1.63630	1.50260	0
MET_USD	2018-09-14	1.55468	1.56202	1.63499	1.42780	0
MET_USD	2018-09-13	1.56202	1.34694	1.57812	1.34694	0
MET_USD	2018-09-12	1.34694	1.29787	1.41075	1.24269	0
MET_USD	2018-09-11	1.30120	1.53737	1.61462	1.28342	0
MET_USD	2018-09-10	1.50034	1.35303	1.67922	1.34316	0
MET_USD	2018-09-09	1.34348	1.28884	1.42366	1.26273	0
MET_USD	2018-09-08	1.28884	1.29605	1.41940	1.26419	0
MET_USD	2018-09-07	1.29605	1.38307	1.46364	1.29112	0
MET_USD	2018-09-06	1.38325	1.41360	1.43539	1.31502	0
MET_USD	2018-09-05	1.39393	1.74835	1.76806	1.38597	0
MET_USD	2018-09-04	1.71622	1.74879	1.84465	1.68103	0
MET_USD	2018-09-03	1.72122	1.69703	1.86569	1.65287	0
MET_USD	2018-09-02	1.65158	1.76647	1.81208	1.64158	0
MET_USD	2018-09-01	1.76647	1.39514	1.94061	1.39514	0
MET_USD	2018-08-31	1.36925	1.40632	1.41550	1.34689	0
MET_USD	2018-08-30	1.40564	1.42934	1.45825	1.35291	0
MET_USD	2018-08-29	1.43107	1.47451	1.49633	1.36246	0
MET_USD	2018-08-28	1.47451	1.38185	1.48583	1.36404	0
MET_USD	2018-08-27	1.37734	1.31681	1.46186	1.30687	0
MET_USD	2018-08-26	1.31681	1.30559	1.32992	1.25295	0
MET_USD	2018-08-25	1.30559	1.34731	1.35067	1.29357	0
MET_USD	2018-08-24	1.34731	1.32454	1.35803	1.30338	0
MET_USD	2018-08-23	1.32413	1.27039	1.34416	1.26489	0
MET_USD	2018-08-22	1.26832	1.32661	1.40755	1.24650	0
MET_USD	2018-08-21	1.32640	1.26019	1.34030	1.25774	0
MET_USD	2018-08-20	1.25956	1.43657	1.44550	1.25616	0
MET_USD	2018-08-19	1.43695	1.40459	1.49547	1.36265	0
MET_USD	2018-08-18	1.40309	1.51755	1.55035	1.34663	0
MET_USD	2018-08-17	1.51624	1.39505	1.51624	1.37296	0
MET_USD	2018-08-16	1.39699	1.41383	1.44882	1.34328	0
MET_USD	2018-08-15	1.41267	1.35906	1.54660	1.35486	0
MET_USD	2018-08-14	1.35740	1.34625	1.36921	1.17722	0
MET_USD	2018-08-13	1.34625	1.68010	1.77022	1.27619	0
MET_USD	2018-08-12	1.68005	1.57927	1.71258	1.56577	0
MET_USD	2018-08-11	1.58108	1.56619	1.66257	1.38157	0
MET_USD	2018-08-10	1.56664	1.73994	1.82487	1.54609	0
MET_USD	2018-08-09	1.73888	1.69548	1.82372	1.66822	0
MET_USD	2018-08-08	1.69455	1.95204	1.97727	1.65008	0
MET_USD	2018-08-07	1.92752	2.02557	2.12865	1.81087	0
MET_USD	2018-08-06	2.02565	2.12168	2.14193	1.95606	0
MET_USD	2018-08-05	2.12108	2.12077	2.12665	1.98827	0
MET_USD	2018-08-04	2.11900	2.12667	2.14407	1.94726	0
MET_USD	2018-08-03	2.12667	2.06962	2.12973	2.01752	0
MET_USD	2018-08-02	2.06962	2.16759	2.24528	1.97618	0
MET_USD	2018-08-01	2.16619	2.14985	2.19995	2.04641	0
MET_USD	2018-07-31	2.14878	2.36660	2.38339	2.08361	0
MET_USD	2018-07-30	2.36665	2.39712	2.42017	2.10407	0
MET_USD	2018-07-29	2.39845	2.47461	2.55050	2.33842	0
MET_USD	2018-07-28	2.47461	2.34006	2.49239	2.34006	0
MET_USD	2018-07-27	2.34006	2.36461	2.65239	2.32084	0
MET_USD	2018-07-26	2.36461	2.30451	2.40252	2.28059	0
MET_USD	2018-07-25	2.30280	2.38889	2.42059	2.14315	0
MET_USD	2018-07-24	2.39703	2.35723	2.47672	2.22533	0
MET_USD	2018-07-23	2.35634	2.46290	2.47636	2.30106	0
MET_USD	2018-07-22	2.46607	2.46577	2.65840	2.39535	0
MET_USD	2018-07-21	2.46577	2.41943	2.64479	2.34573	0
MET_USD	2018-07-20	2.41943	2.81181	2.91188	2.32056	0
MET_USD	2018-07-19	2.81181	3.09634	3.15744	2.80065	0
MET_USD	2018-07-18	3.09628	3.19377	3.51325	2.98586	0
MET_USD	2018-07-17	3.19377	3.08572	3.24415	2.82420	0
MET_USD	2018-07-16	3.08992	2.50992	3.09894	2.50467	0
MET_USD	2018-07-15	2.50992	2.47098	2.68920	2.32332	0
MET_USD	2018-07-14	2.47098	2.67272	2.75419	2.41394	0
MET_USD	2018-07-13	2.67183	2.27940	2.73655	2.16957	0
MET_USD	2018-07-12	2.27516	3.13205	3.13205	2.17116	0
MET_USD	2018-07-11	3.12812	3.31039	3.47441	2.90079	0
MET_USD	2018-07-10	3.30710	4.15263	4.15263	3.07075	0
