MOAC_USD	2019-04-09	0.7001	0.7182	0.7200	0.7000	25786
MOAC_USD	2019-04-08	0.7182	0.7401	0.7688	0.7110	24623
MOAC_USD	2019-04-07	0.7401	0.7850	0.7850	0.7100	33890
MOAC_USD	2019-04-06	0.7850	0.8400	0.8700	0.7321	95975
MOAC_USD	2019-04-05	0.8400	0.6600	1.0000	0.6543	276336
MOAC_USD	2019-04-04	0.6600	0.6800	0.6890	0.6600	14703
MOAC_USD	2019-04-03	0.6800	0.6960	0.7188	0.6710	65728
MOAC_USD	2019-04-02	0.6960	0.6772	0.7100	0.6772	49756
MOAC_USD	2019-04-01	0.6772	0.6977	0.7130	0.6611	28769
MOAC_USD	2019-03-31	0.7000	0.7162	0.7162	0.6911	26573
MOAC_USD	2019-03-30	0.7162	0.6900	0.7175	0.6816	48703
MOAC_USD	2019-03-29	0.6900	0.6816	0.6900	0.6604	17073
MOAC_USD	2019-03-28	0.6816	0.7200	0.7347	0.6600	72192
MOAC_USD	2019-03-27	0.7200	0.7200	0.7300	0.6911	29298
MOAC_USD	2019-03-26	0.7200	0.7150	0.7480	0.7031	46110
MOAC_USD	2019-03-25	0.7150	0.7190	0.7300	0.6901	45515
MOAC_USD	2019-03-24	0.7190	0.7230	0.7488	0.7011	39336
MOAC_USD	2019-03-23	0.7230	0.6752	0.7358	0.6752	69430
MOAC_USD	2019-03-22	0.6752	0.6800	0.7280	0.6450	39051
MOAC_USD	2019-03-21	0.6800	0.6521	0.7540	0.6521	74173
MOAC_USD	2019-03-20	0.6521	0.6003	0.6830	0.6001	87904
MOAC_USD	2019-03-19	0.6003	0.6701	0.6830	0.5830	36470
MOAC_USD	2019-03-18	0.6701	0.7446	0.7450	0.6700	56880
MOAC_USD	2019-03-17	0.7446	0.7625	0.7740	0.7405	25693
MOAC_USD	2019-03-16	0.7625	0.7515	0.7700	0.7515	35388
MOAC_USD	2019-03-15	0.7515	0.7335	0.7630	0.7335	24941
MOAC_USD	2019-03-14	0.7335	0.8060	0.8164	0.7303	49253
MOAC_USD	2019-03-13	0.8060	0.8200	0.8237	0.8051	59776
MOAC_USD	2019-03-12	0.8200	0.8100	0.8238	0.7924	56973
MOAC_USD	2019-03-11	0.8100	0.8029	0.8360	0.7902	61691
MOAC_USD	2019-03-10	0.8029	0.8103	0.8200	0.7954	28076
MOAC_USD	2019-03-09	0.8103	0.8030	0.8388	0.7903	43503
MOAC_USD	2019-03-08	0.8030	0.8301	0.8394	0.7802	70711
MOAC_USD	2019-03-07	0.8301	0.8058	0.8500	0.8002	135019
MOAC_USD	2019-03-06	0.8058	0.7667	0.8058	0.7667	84280
MOAC_USD	2019-03-05	0.7667	0.7031	0.7820	0.6921	143095
MOAC_USD	2019-03-04	0.7031	0.6504	0.7500	0.6500	270728
MOAC_USD	2019-03-03	0.6504	0.6150	0.6600	0.6051	65997
MOAC_USD	2019-03-02	0.6150	0.6053	0.6150	0.6005	51903
MOAC_USD	2019-03-01	0.6053	0.6011	0.6191	0.6000	40143
MOAC_USD	2019-02-28	0.6011	0.6003	0.6090	0.6000	23662
MOAC_USD	2019-02-27	0.6003	0.6104	0.6190	0.5900	43550
MOAC_USD	2019-02-26	0.6104	0.6100	0.6180	0.6021	30880
MOAC_USD	2019-02-25	0.6100	0.6052	0.6240	0.6007	32145
MOAC_USD	2019-02-24	0.6052	0.6500	0.6670	0.6002	81088
MOAC_USD	2019-02-23	0.6500	0.6364	0.6531	0.6226	42831
MOAC_USD	2019-02-22	0.6364	0.6322	0.6485	0.6226	21501
MOAC_USD	2019-02-21	0.6322	0.6600	0.6671	0.6302	42131
MOAC_USD	2019-02-20	0.6600	0.6411	0.6670	0.6403	38437
MOAC_USD	2019-02-19	0.6411	0.6401	0.6895	0.6401	64195
MOAC_USD	2019-02-18	0.6401	0.6288	0.6496	0.6160	68318
MOAC_USD	2019-02-17	0.6288	0.6136	0.6288	0.6136	31925
MOAC_USD	2019-02-16	0.6136	0.6200	0.6260	0.6052	39599
MOAC_USD	2019-02-15	0.6200	0.6200	0.6400	0.6051	39529
MOAC_USD	2019-02-14	0.6200	0.6150	0.6671	0.6002	75720
MOAC_USD	2019-02-13	0.6150	0.5723	0.7300	0.5651	251358
MOAC_USD	2019-02-12	0.5723	0.5488	0.5723	0.5305	77765
MOAC_USD	2019-02-11	0.5488	0.4900	0.5600	0.4872	97129
MOAC_USD	2019-02-10	0.4900	0.4910	0.4965	0.4830	14648
MOAC_USD	2019-02-09	0.4910	0.4855	0.4990	0.4818	23454
MOAC_USD	2019-02-08	0.4855	0.4706	0.4898	0.4690	30352
MOAC_USD	2019-02-07	0.4706	0.4674	0.4750	0.4674	13273
MOAC_USD	2019-02-06	0.4674	0.4789	0.4789	0.4673	14029
MOAC_USD	2019-02-05	0.4789	0.4733	0.4800	0.4710	17026
MOAC_USD	2019-02-04	0.4733	0.4840	0.4876	0.4731	18552
MOAC_USD	2019-02-03	0.4840	0.4824	0.4850	0.4716	44394
MOAC_USD	2019-02-02	0.4824	0.4702	0.4850	0.4700	42701
MOAC_USD	2019-02-01	0.4702	0.4706	0.4748	0.4641	34700
MOAC_USD	2019-01-31	0.4706	0.4846	0.4899	0.4663	47264
MOAC_USD	2019-01-30	0.4846	0.4614	0.4848	0.4614	52617
MOAC_USD	2019-01-29	0.4614	0.4681	0.4788	0.4614	58517
MOAC_USD	2019-01-28	0.4681	0.4909	0.4909	0.4601	50730
MOAC_USD	2019-01-27	0.4909	0.5003	0.5200	0.4909	31730
MOAC_USD	2019-01-26	0.5003	0.5001	0.5175	0.5000	12909
MOAC_USD	2019-01-25	0.5001	0.5139	0.5200	0.5001	13957
MOAC_USD	2019-01-24	0.5139	0.5290	0.5400	0.5136	39002
MOAC_USD	2019-01-23	0.5290	0.5253	0.5399	0.5141	34017
MOAC_USD	2019-01-22	0.5253	0.5290	0.5440	0.5000	77326
MOAC_USD	2019-01-21	0.5290	0.5200	0.5400	0.5161	39639
MOAC_USD	2019-01-20	0.5200	0.5590	0.5748	0.5105	88877
MOAC_USD	2019-01-19	0.5590	0.5500	0.5786	0.5363	62453
MOAC_USD	2019-01-18	0.5500	0.5100	0.5500	0.5051	96261
MOAC_USD	2019-01-17	0.5100	0.4600	0.5150	0.4600	74998
MOAC_USD	2019-01-16	0.4600	0.4600	0.4900	0.4400	95664
MOAC_USD	2019-01-15	0.4600	0.4700	0.4700	0.4500	29525
MOAC_USD	2019-01-14	0.4700	0.4500	0.4800	0.4200	90920
MOAC_USD	2019-01-13	0.4500	0.4400	0.5000	0.4300	88618
MOAC_USD	2019-01-12	0.4400	0.4600	0.4600	0.4400	63606
MOAC_USD	2019-01-11	0.4600	0.4700	0.5000	0.4500	99302
MOAC_USD	2019-01-10	0.4700	0.5500	0.5600	0.4600	187575
MOAC_USD	2019-01-09	0.5500	0.5500	0.5700	0.5452	42318
MOAC_USD	2019-01-08	0.5500	0.5500	0.5600	0.5300	53085
MOAC_USD	2019-01-07	0.5500	0.5500	0.5800	0.5400	46441
MOAC_USD	2019-01-06	0.5500	0.5700	0.5700	0.5300	78313
MOAC_USD	2019-01-05	0.5700	0.5800	0.5900	0.5600	41317
MOAC_USD	2019-01-04	0.5800	0.5600	0.6100	0.5500	69030
MOAC_USD	2019-01-03	0.5600	0.5800	0.6000	0.5600	30278
MOAC_USD	2019-01-02	0.5800	0.5200	0.6000	0.5200	86129
MOAC_USD	2019-01-01	0.5200	0.5700	0.5900	0.4500	102252
MOAC_USD	2018-12-31	0.5700	0.5400	0.6300	0.5300	125269
MOAC_USD	2018-12-30	0.5400	0.5000	0.5500	0.5000	45796
MOAC_USD	2018-12-29	0.5000	0.5700	0.5700	0.4900	83630
MOAC_USD	2018-12-28	0.5700	0.4000	0.6000	0.4000	320847
MOAC_USD	2018-12-27	0.4000	0.4900	0.5000	0.4000	222185
MOAC_USD	2018-12-26	0.4900	0.4500	0.5000	0.4100	93975
MOAC_USD	2018-12-25	0.4500	0.4900	0.5100	0.4500	44573
MOAC_USD	2018-12-24	0.4900	0.4900	0.5500	0.4800	86469
MOAC_USD	2018-12-23	0.4900	0.4800	0.5200	0.4800	25924
MOAC_USD	2018-12-22	0.4800	0.4600	0.5000	0.4400	37713
MOAC_USD	2018-12-21	0.4600	0.5300	0.5400	0.3800	201167
MOAC_USD	2018-12-20	0.5300	0.5000	0.5500	0.4400	126514
MOAC_USD	2018-12-19	0.5000	0.5600	0.6100	0.4800	150437
MOAC_USD	2018-12-18	0.5600	0.5200	0.6100	0.5100	86144
MOAC_USD	2018-12-17	0.5200	0.4300	0.6700	0.4100	217010
MOAC_USD	2018-12-16	0.4300	0.4100	0.4600	0.4100	66509
MOAC_USD	2018-12-15	0.4100	0.3900	0.4500	0.3900	31563
MOAC_USD	2018-12-14	0.3900	0.4200	0.4400	0.3200	170474
MOAC_USD	2018-12-13	0.4200	0.5200	0.5300	0.4200	87268
MOAC_USD	2018-12-12	0.5200	0.5500	0.5500	0.4900	54260
MOAC_USD	2018-12-11	0.5500	0.5800	0.6100	0.5000	94409
MOAC_USD	2018-12-10	0.5800	0.6400	0.6500	0.5800	76765
MOAC_USD	2018-12-09	0.6400	0.6500	0.6800	0.6400	20176
MOAC_USD	2018-12-08	0.6500	0.7000	0.7000	0.6400	26721
MOAC_USD	2018-12-07	0.7000	0.6500	0.7000	0.6000	64124
MOAC_USD	2018-12-06	0.6500	0.7300	0.7300	0.6500	91872
MOAC_USD	2018-12-05	0.7300	0.7500	0.7600	0.7300	20600
MOAC_USD	2018-12-04	0.7500	0.7300	0.7600	0.7300	28513
MOAC_USD	2018-12-03	0.7300	0.7600	0.7700	0.7300	24514
MOAC_USD	2018-12-02	0.7600	0.8200	0.8200	0.7600	16358
MOAC_USD	2018-12-01	0.8200	0.7700	0.8400	0.7700	39689
MOAC_USD	2018-11-30	0.7700	0.7200	0.7900	0.7200	75521
MOAC_USD	2018-11-29	0.7200	0.7500	0.7700	0.7100	72056
MOAC_USD	2018-11-28	0.7500	0.7200	0.7800	0.7200	88939
MOAC_USD	2018-11-27	0.7100	0.7000	0.7400	0.6900	43402
MOAC_USD	2018-11-26	0.7000	0.7900	0.8000	0.7000	50784
MOAC_USD	2018-11-25	0.7900	0.8300	0.8300	0.7000	91928
MOAC_USD	2018-11-24	0.8300	0.8500	0.9100	0.7500	64943
MOAC_USD	2018-11-23	0.8500	0.8600	0.8800	0.7900	68012
MOAC_USD	2018-11-22	0.8600	0.9800	1.0100	0.8000	73963
MOAC_USD	2018-11-21	0.9800	0.9800	1.0200	0.9600	25347
MOAC_USD	2018-11-20	0.9800	1.0900	1.1100	0.9500	102065
MOAC_USD	2018-11-19	1.0900	1.1900	1.2000	1.0900	90089
MOAC_USD	2018-11-18	1.1900	1.1900	1.2300	1.1700	32255
MOAC_USD	2018-11-17	1.1900	1.2200	1.2400	1.1900	27607
MOAC_USD	2018-11-16	1.2200	1.2500	1.2800	1.1900	40174
MOAC_USD	2018-11-15	1.2500	1.2400	1.3400	1.2000	76568
MOAC_USD	2018-11-14	1.2400	1.3400	1.4200	1.0900	131732
MOAC_USD	2018-11-13	1.3400	1.4600	1.4700	1.2500	145815
MOAC_USD	2018-11-12	1.4600	1.2400	1.6000	1.2400	167957
MOAC_USD	2018-11-11	1.2400	1.1600	1.2800	1.1500	79737
MOAC_USD	2018-11-10	1.1600	1.1500	1.1600	1.1300	18461
MOAC_USD	2018-11-09	1.1500	1.1500	1.1500	1.1200	26125
MOAC_USD	2018-11-08	1.1500	1.1400	1.1900	1.1300	49219
MOAC_USD	2018-11-07	1.1400	1.1500	1.1700	1.1200	19053
MOAC_USD	2018-11-06	1.1500	1.0500	1.1800	1.0500	53268
MOAC_USD	2018-11-05	1.0500	1.0800	1.0900	1.0500	21731
MOAC_USD	2018-11-04	1.0800	1.0800	1.1000	1.0600	13067
MOAC_USD	2018-11-03	1.0800	1.0500	1.1100	1.0500	30213
MOAC_USD	2018-11-02	1.0500	1.0500	1.0700	1.0300	25383
MOAC_USD	2018-11-01	1.0500	1.0300	1.0500	1.0300	8988
MOAC_USD	2018-10-31	1.0300	1.0300	1.0400	1.0100	31698
MOAC_USD	2018-10-30	1.0300	1.0400	1.0500	1.0200	15623
MOAC_USD	2018-10-29	1.0400	1.0700	1.1000	1.0100	64389
MOAC_USD	2018-10-28	1.0700	1.0500	1.0700	1.0400	30330
MOAC_USD	2018-10-27	1.0500	1.0500	1.0700	1.0300	21846
MOAC_USD	2018-10-26	1.0500	0.9900	1.0700	0.9900	46144
MOAC_USD	2018-10-25	0.9900	1.1000	1.1100	0.9500	62675
MOAC_USD	2018-10-24	1.1000	1.1600	1.2000	1.0900	48281
MOAC_USD	2018-10-23	1.1600	1.1800	1.2000	1.1100	40061
MOAC_USD	2018-10-22	1.1800	1.1700	1.2000	1.1500	18808
MOAC_USD	2018-10-21	1.1700	1.2000	1.2200	1.1600	39498
MOAC_USD	2018-10-20	1.2000	1.1900	1.2400	1.1800	44092
MOAC_USD	2018-10-19	1.1900	1.1800	1.2200	1.1700	29589
MOAC_USD	2018-10-18	1.1800	1.2300	1.2700	1.1800	42561
MOAC_USD	2018-10-17	1.2300	1.3100	1.3500	1.2200	33026
MOAC_USD	2018-10-16	1.3100	1.3300	1.3500	1.2900	26280
MOAC_USD	2018-10-15	1.3300	1.2200	1.4700	1.1900	160207
MOAC_USD	2018-10-14	1.2200	1.2400	1.2700	1.1500	48387
MOAC_USD	2018-10-13	1.2400	1.3000	1.3000	1.2200	18586
MOAC_USD	2018-10-12	1.3000	1.3000	1.3900	1.2000	66217
MOAC_USD	2018-10-11	1.3000	1.6300	1.6300	1.3000	75143
MOAC_USD	2018-10-10	1.6300	1.6300	1.6600	1.5900	23121
MOAC_USD	2018-10-09	1.6300	1.6300	1.7000	1.6200	39614
MOAC_USD	2018-10-08	1.6300	1.6100	1.6900	1.5500	43069
MOAC_USD	2018-10-07	1.6100	1.6200	1.6500	1.5800	14555
MOAC_USD	2018-10-06	1.6200	1.6200	1.6700	1.6100	15438
MOAC_USD	2018-10-05	1.6200	1.6400	1.6700	1.5400	34949
MOAC_USD	2018-10-04	1.6400	1.6900	1.7100	1.6300	18397
MOAC_USD	2018-10-03	1.6900	1.7400	1.7700	1.6600	20320
MOAC_USD	2018-10-02	1.7400	1.8300	1.8300	1.7200	13353
MOAC_USD	2018-10-01	1.8300	1.8600	1.8900	1.7600	28920
MOAC_USD	2018-09-30	1.8600	1.8000	1.9400	1.7800	42964
MOAC_USD	2018-09-29	1.8000	1.7600	1.8100	1.7200	19775
MOAC_USD	2018-09-28	1.7600	1.8300	1.8600	1.7300	50701
MOAC_USD	2018-09-27	1.8300	1.8000	1.8600	1.7300	57037
MOAC_USD	2018-09-26	1.8000	1.8700	1.8900	1.7800	55630
MOAC_USD	2018-09-25	1.8700	1.7600	1.8800	1.6700	40554
MOAC_USD	2018-09-24	1.7600	1.9500	1.9700	1.7600	36033
MOAC_USD	2018-09-23	1.9500	1.9200	2.0200	1.9000	40324
MOAC_USD	2018-09-22	1.9200	2.0300	2.1000	1.8900	32100
MOAC_USD	2018-09-21	2.0300	1.8400	2.0400	1.8400	63699
MOAC_USD	2018-09-20	1.8400	1.6800	1.8400	1.6800	19618
MOAC_USD	2018-09-19	1.6800	1.7600	1.8300	1.6500	35778
MOAC_USD	2018-09-18	1.7600	1.6900	1.8100	1.5700	50663
MOAC_USD	2018-09-17	1.6900	1.9400	2.0300	1.6600	92416
MOAC_USD	2018-09-16	1.9400	2.0400	2.1200	1.8200	77977
MOAC_USD	2018-09-15	2.0400	1.8400	2.1800	1.7200	68997
MOAC_USD	2018-09-14	1.8400	1.6900	1.8900	1.6300	66778
MOAC_USD	2018-09-13	1.6900	1.4000	1.7600	1.3600	101025
MOAC_USD	2018-09-12	1.4000	1.4300	1.4300	1.3300	45793
MOAC_USD	2018-09-11	1.4200	1.3000	1.4500	1.3000	53615
MOAC_USD	2018-09-10	1.3000	1.3300	1.4500	1.2800	37764
MOAC_USD	2018-09-09	1.3300	1.5100	1.5400	1.1800	142093
MOAC_USD	2018-09-08	1.5100	1.5800	1.6700	1.5000	66501
MOAC_USD	2018-09-07	1.5800	1.8000	1.8600	1.5600	78789
MOAC_USD	2018-09-06	1.8000	1.9700	1.9900	1.7200	71977
MOAC_USD	2018-09-05	1.9700	1.9700	2.1100	1.9500	52816
MOAC_USD	2018-09-04	1.9700	2.0100	2.0500	1.8700	44891
MOAC_USD	2018-09-03	2.0100	2.1800	2.2800	1.8900	84785
MOAC_USD	2018-09-02	2.1800	2.3100	2.4900	2.1400	48261
MOAC_USD	2018-09-01	2.3100	2.3000	2.3700	2.1800	21795
MOAC_USD	2018-08-31	2.3000	2.4800	2.4800	1.8800	51822
MOAC_USD	2018-08-30	2.4800	2.5800	2.6600	2.3200	44104
MOAC_USD	2018-08-29	2.5800	2.7400	2.8200	2.5500	59596
MOAC_USD	2018-08-28	2.7400	2.8100	2.9300	2.7400	54840
MOAC_USD	2018-08-27	2.8100	2.7700	2.8400	2.7400	22578
