MOD_USD	2019-02-22	0.17369	0.18164	0.18291	0.17207	0
MOD_USD	2019-02-21	0.17965	0.19786	0.20039	0.17818	0
MOD_USD	2019-02-20	0.19856	0.20614	0.20837	0.18898	0
MOD_USD	2019-02-19	0.20636	0.24085	0.24085	0.19098	0
MOD_USD	2019-02-18	0.24093	0.16097	0.28922	0.14990	0
MOD_USD	2019-02-17	0.16119	0.15478	0.16961	0.14709	0
MOD_USD	2019-02-16	0.15496	0.21029	0.21119	0.15493	0
MOD_USD	2019-02-15	0.20996	0.31027	0.32594	0.20541	0
MOD_USD	2019-02-14	0.31051	0.30062	0.31946	0.29985	0
MOD_USD	2019-02-13	0.30085	0.30578	0.30817	0.30025	0
MOD_USD	2019-02-12	0.30569	0.30133	0.30782	0.29728	0
MOD_USD	2019-02-11	0.30129	0.30787	0.30831	0.29922	0
MOD_USD	2019-02-10	0.30782	0.30825	0.31050	0.29894	0
MOD_USD	2019-02-09	0.30825	0.30593	0.31753	0.30200	0
MOD_USD	2019-02-08	0.30593	0.28161	0.31444	0.27920	0
MOD_USD	2019-02-07	0.28124	0.27892	0.28634	0.27760	0
MOD_USD	2019-02-06	0.27892	0.29193	0.29259	0.27368	0
MOD_USD	2019-02-05	0.29185	0.29058	0.31285	0.28429	0
MOD_USD	2019-02-04	0.29058	0.29135	0.29829	0.28286	0
MOD_USD	2019-02-03	0.29135	0.29744	0.29872	0.28758	0
MOD_USD	2019-02-02	0.29700	0.29286	0.29773	0.28902	0
MOD_USD	2019-02-01	0.29310	0.28900	0.29899	0.28216	0
MOD_USD	2019-01-31	0.28880	0.30461	0.31222	0.28358	0
MOD_USD	2019-01-30	0.30514	0.29180	0.30923	0.28739	0
MOD_USD	2019-01-29	0.29197	0.29479	0.29731	0.28166	0
MOD_USD	2019-01-28	0.29480	0.31077	0.31077	0.27444	0
MOD_USD	2019-01-27	0.31115	0.32134	0.32289	0.29979	0
MOD_USD	2019-01-26	0.32151	0.32370	0.33085	0.32027	0
MOD_USD	2019-01-25	0.32370	0.32530	0.33808	0.31868	0
MOD_USD	2019-01-24	0.32522	0.31683	0.34746	0.30517	0
MOD_USD	2019-01-23	0.31619	0.32115	0.32755	0.31298	0
MOD_USD	2019-01-22	0.32115	0.32035	0.33460	0.30449	0
MOD_USD	2019-01-21	0.32157	0.31220	0.36262	0.31097	0
MOD_USD	2019-01-20	0.31199	0.34317	0.34481	0.30583	0
MOD_USD	2019-01-19	0.34335	0.33137	0.35092	0.32421	0
MOD_USD	2019-01-18	0.33155	0.31683	0.34944	0.30655	0
MOD_USD	2019-01-17	0.31680	0.30791	0.31790	0.30191	0
MOD_USD	2019-01-16	0.30730	0.29864	0.31309	0.29453	0
MOD_USD	2019-01-15	0.29981	0.30950	0.34097	0.28926	0
MOD_USD	2019-01-14	0.30948	0.28248	0.31223	0.27960	0
MOD_USD	2019-01-13	0.28250	0.29378	0.30346	0.27817	0
MOD_USD	2019-01-12	0.29378	0.30005	0.30340	0.29052	0
MOD_USD	2019-01-11	0.29997	0.30111	0.32328	0.29388	0
MOD_USD	2019-01-10	0.30111	0.35586	0.35986	0.29238	0
MOD_USD	2019-01-09	0.35627	0.35878	0.36794	0.35260	0
MOD_USD	2019-01-08	0.35869	0.35976	0.36630	0.35566	0
MOD_USD	2019-01-07	0.35976	0.36846	0.37901	0.35069	0
MOD_USD	2019-01-06	0.36835	0.35377	0.70448	0.34961	0
MOD_USD	2019-01-05	0.35402	0.34546	0.38507	0.34224	0
MOD_USD	2019-01-04	0.34526	0.33798	0.34935	0.33044	0
MOD_USD	2019-01-03	0.33776	0.35389	0.35441	0.33362	0
MOD_USD	2019-01-02	0.35397	0.34582	0.35698	0.33527	0
MOD_USD	2019-01-01	0.34415	0.33058	0.34628	0.32656	0
MOD_USD	2018-12-31	0.32999	0.35403	0.35531	0.32299	0
MOD_USD	2018-12-30	0.35358	0.34225	0.35545	0.33803	0
MOD_USD	2018-12-29	0.34187	0.36068	0.37532	0.33884	0
MOD_USD	2018-12-28	0.36068	0.32254	0.36963	0.32031	0
MOD_USD	2018-12-27	0.32273	0.35173	0.35520	0.31920	0
MOD_USD	2018-12-26	0.35153	0.35930	0.37085	0.34270	0
MOD_USD	2018-12-25	0.35890	0.39730	0.39857	0.34307	0
MOD_USD	2018-12-24	0.39772	0.38454	0.43202	0.38454	0
MOD_USD	2018-12-23	0.38409	0.38994	0.40626	0.38075	0
MOD_USD	2018-12-22	0.38906	0.37099	0.39067	0.36759	0
MOD_USD	2018-12-21	0.37057	0.38895	0.39976	0.36255	0
MOD_USD	2018-12-20	0.38921	0.35003	0.41060	0.34738	0
MOD_USD	2018-12-19	0.35052	0.34958	0.38030	0.34572	0
MOD_USD	2018-12-18	0.34903	0.34343	0.35092	0.32745	0
MOD_USD	2018-12-17	0.34278	0.29951	0.35577	0.29922	0
MOD_USD	2018-12-16	0.30013	0.30026	0.31316	0.29829	0
MOD_USD	2018-12-15	0.30044	0.29226	0.30568	0.28384	0
MOD_USD	2018-12-14	0.29220	0.30709	0.31063	0.28547	0
MOD_USD	2018-12-13	0.30682	0.32793	0.33127	0.30483	0
MOD_USD	2018-12-12	0.32807	0.31325	0.33837	0.31213	0
MOD_USD	2018-12-11	0.31479	0.32105	0.33018	0.30736	0
MOD_USD	2018-12-10	0.32111	0.33361	0.34007	0.31554	0
MOD_USD	2018-12-09	0.33394	0.32376	0.34900	0.31378	0
MOD_USD	2018-12-08	0.32361	0.33025	0.36980	0.30432	0
MOD_USD	2018-12-07	0.32944	0.32271	0.46110	0.30374	0
MOD_USD	2018-12-06	0.32462	0.34519	0.36869	0.31430	0
MOD_USD	2018-12-05	0.34503	0.37702	0.37973	0.34259	0
MOD_USD	2018-12-04	0.37511	0.37016	0.39704	0.35468	0
MOD_USD	2018-12-03	0.37057	0.40394	0.40441	0.35834	0
MOD_USD	2018-12-02	0.40265	0.42048	0.43635	0.39950	0
MOD_USD	2018-12-01	0.42026	0.38222	0.44747	0.37884	0
MOD_USD	2018-11-30	0.38222	0.42604	0.44732	0.36396	0
MOD_USD	2018-11-29	0.42493	0.42114	0.50207	0.38900	0
MOD_USD	2018-11-28	0.41705	0.35135	0.43326	0.35135	0
MOD_USD	2018-11-27	0.35115	0.32841	0.35457	0.31835	0
MOD_USD	2018-11-26	0.32841	0.34330	0.36097	0.31687	0
MOD_USD	2018-11-25	0.34563	0.34216	0.35389	0.29427	0
MOD_USD	2018-11-24	0.34196	0.39009	0.40478	0.31923	0
MOD_USD	2018-11-23	0.39009	0.38700	0.40881	0.37039	0
MOD_USD	2018-11-22	0.38980	0.42549	0.47949	0.38914	0
MOD_USD	2018-11-21	0.42531	0.40549	0.44181	0.38873	0
MOD_USD	2018-11-20	0.40381	0.48194	0.50190	0.36775	0
MOD_USD	2018-11-19	0.48244	0.59849	0.59921	0.44679	0
MOD_USD	2018-11-18	0.59820	0.60346	0.62028	0.59487	0
MOD_USD	2018-11-17	0.60486	0.59718	0.61091	0.57956	0
MOD_USD	2018-11-16	0.59633	0.59931	0.61846	0.56905	0
MOD_USD	2018-11-15	0.59931	0.63724	0.65818	0.53273	0
MOD_USD	2018-11-14	0.63320	0.78638	0.79122	0.58729	0
MOD_USD	2018-11-13	0.78705	0.79845	0.81325	0.77942	0
MOD_USD	2018-11-12	0.79781	0.82360	0.85364	0.79053	0
MOD_USD	2018-11-11	0.82492	0.89970	0.91279	0.80903	0
MOD_USD	2018-11-10	0.89970	0.85356	0.95117	0.84963	0
MOD_USD	2018-11-09	0.85356	0.78305	0.89704	0.78173	0
MOD_USD	2018-11-08	0.78305	0.82191	0.82403	0.77043	0
MOD_USD	2018-11-07	0.82027	0.80105	0.85088	0.79851	0
MOD_USD	2018-11-06	0.80105	0.78548	0.80634	0.75582	0
MOD_USD	2018-11-05	0.78548	0.83237	0.83529	0.78031	0
MOD_USD	2018-11-04	0.83237	0.82755	0.85241	0.81155	0
MOD_USD	2018-11-03	0.82755	0.85061	0.85418	0.81778	0
MOD_USD	2018-11-02	0.85061	0.83357	0.86448	0.83069	0
MOD_USD	2018-11-01	0.83325	0.85049	0.85946	0.83157	0
MOD_USD	2018-10-31	0.85049	0.85139	0.89229	0.80171	0
MOD_USD	2018-10-30	0.85139	0.79934	0.90430	0.79141	0
MOD_USD	2018-10-29	0.79934	0.86611	0.87108	0.78584	0
MOD_USD	2018-10-28	0.86644	0.83429	0.92011	0.82837	0
MOD_USD	2018-10-27	0.83429	0.88796	0.91086	0.81244	0
MOD_USD	2018-10-26	0.88730	0.90218	0.90840	0.87786	0
MOD_USD	2018-10-25	0.90218	0.93068	0.94027	0.90119	0
MOD_USD	2018-10-24	0.92674	0.91733	0.96107	0.90064	0
MOD_USD	2018-10-23	0.91766	0.98542	0.99193	0.90483	0
MOD_USD	2018-10-22	0.98837	1.00644	1.05488	0.97045	0
MOD_USD	2018-10-21	1.00830	1.01535	1.14322	0.99757	0
MOD_USD	2018-10-20	1.01417	0.97914	1.01833	0.94855	0
MOD_USD	2018-10-19	0.97809	0.99761	1.01664	0.96653	0
MOD_USD	2018-10-18	0.99298	1.05382	1.09938	0.95453	0
MOD_USD	2018-10-17	1.05301	1.04385	1.08933	0.95500	0
MOD_USD	2018-10-16	1.04579	1.10332	1.12425	0.97821	0
MOD_USD	2018-10-15	1.10265	1.20209	1.34020	1.08211	0
MOD_USD	2018-10-14	1.20458	1.16723	1.61469	1.14342	0
MOD_USD	2018-10-13	1.16850	0.82882	1.41259	0.76472	0
MOD_USD	2018-10-12	0.82808	0.66552	0.93675	0.64775	0
MOD_USD	2018-10-11	0.66401	0.75485	0.82353	0.66102	0
MOD_USD	2018-10-10	0.75452	0.69829	0.78900	0.68026	0
MOD_USD	2018-10-09	0.69829	0.71170	0.72409	0.68515	0
MOD_USD	2018-10-08	0.71337	0.68254	0.73297	0.67801	0
MOD_USD	2018-10-07	0.68188	0.68621	0.69465	0.66234	0
MOD_USD	2018-10-06	0.68720	0.68441	0.69374	0.66944	0
MOD_USD	2018-10-05	0.68441	0.68564	0.70474	0.67371	0
MOD_USD	2018-10-04	0.68564	0.66957	0.72191	0.66911	0
MOD_USD	2018-10-03	0.66917	0.66825	0.68222	0.64020	0
MOD_USD	2018-10-02	0.66886	0.69529	0.70209	0.66467	0
MOD_USD	2018-10-01	0.69474	0.66487	0.71105	0.66381	0
MOD_USD	2018-09-30	0.66487	0.67400	0.67400	0.65375	0
MOD_USD	2018-09-29	0.67466	0.67976	0.68411	0.63333	0
MOD_USD	2018-09-28	0.67976	0.65216	0.70996	0.62770	0
MOD_USD	2018-09-27	0.65217	0.62556	0.66342	0.61864	0
MOD_USD	2018-09-26	0.62556	0.62566	0.66065	0.61729	0
MOD_USD	2018-09-25	0.62481	0.63579	0.79510	0.60093	0
MOD_USD	2018-09-24	0.63612	0.64920	0.66300	0.62529	0
MOD_USD	2018-09-23	0.64929	0.64709	0.66464	0.62011	0
MOD_USD	2018-09-22	0.64720	0.67729	0.68508	0.62655	0
MOD_USD	2018-09-21	0.67825	0.68417	0.69288	0.60667	0
MOD_USD	2018-09-20	0.68417	0.64511	0.69990	0.63534	0
MOD_USD	2018-09-19	0.64461	0.67550	0.68384	0.63156	0
MOD_USD	2018-09-18	0.67550	0.67239	0.72053	0.65352	0
MOD_USD	2018-09-17	0.67239	0.72653	0.74316	0.66171	0
MOD_USD	2018-09-16	0.72718	0.68114	0.75895	0.67216	0
MOD_USD	2018-09-15	0.68167	0.66130	0.69292	0.66081	0
MOD_USD	2018-09-14	0.66754	0.67346	0.71269	0.64050	0
MOD_USD	2018-09-13	0.67281	0.63208	0.69607	0.63181	0
MOD_USD	2018-09-12	0.63208	0.68363	0.70032	0.60573	0
MOD_USD	2018-09-11	0.68340	0.73836	0.74898	0.65074	0
MOD_USD	2018-09-10	0.73836	0.75249	0.78026	0.72146	0
MOD_USD	2018-09-09	0.75188	0.78457	0.79471	0.74282	0
MOD_USD	2018-09-08	0.78457	0.82484	0.87186	0.77702	0
MOD_USD	2018-09-07	0.82548	0.88097	0.88097	0.79635	0
MOD_USD	2018-09-06	0.88101	0.88526	0.94353	0.83579	0
MOD_USD	2018-09-05	0.88526	0.95114	0.95440	0.84608	0
MOD_USD	2018-09-04	0.95114	0.94418	1.02361	0.93042	0
MOD_USD	2018-09-03	0.94509	0.94410	0.95263	0.93164	0
MOD_USD	2018-09-02	0.94374	0.95618	0.96124	0.92773	0
MOD_USD	2018-09-01	0.95618	0.90538	0.97615	0.90423	0
MOD_USD	2018-08-31	0.90538	0.91901	0.93504	0.89478	0
MOD_USD	2018-08-30	0.92008	0.97861	0.97932	0.89241	0
MOD_USD	2018-08-29	0.98052	1.03826	1.04364	0.97841	0
MOD_USD	2018-08-28	1.03805	1.02518	1.18644	1.01787	0
MOD_USD	2018-08-27	1.02407	0.98006	1.02525	0.97152	0
MOD_USD	2018-08-26	0.98178	0.98671	1.01292	0.96447	0
MOD_USD	2018-08-25	0.98762	0.98096	0.99943	0.96795	0
MOD_USD	2018-08-24	0.98070	0.95369	0.98641	0.94146	0
MOD_USD	2018-08-23	0.95557	0.93003	0.96151	0.92127	0
MOD_USD	2018-08-22	0.92463	0.91639	0.97682	0.88462	0
MOD_USD	2018-08-21	0.91646	0.84779	0.91902	0.84751	0
MOD_USD	2018-08-20	0.84818	0.94235	0.95436	0.84818	0
MOD_USD	2018-08-19	0.94262	0.91106	0.95418	0.89452	0
MOD_USD	2018-08-18	0.91100	0.93484	0.95976	0.87725	0
MOD_USD	2018-08-17	0.93561	0.84969	0.93608	0.84758	0
MOD_USD	2018-08-16	0.85113	0.85654	0.94249	0.83023	0
MOD_USD	2018-08-15	0.85368	0.90012	0.96063	0.84887	0
MOD_USD	2018-08-14	0.90191	0.90069	0.97860	0.78156	0
MOD_USD	2018-08-13	0.90434	0.79380	0.91822	0.76337	0
MOD_USD	2018-08-12	0.79556	0.84967	0.90202	0.79350	0
MOD_USD	2018-08-11	0.84920	0.80703	0.88023	0.71902	0
MOD_USD	2018-08-10	0.80668	0.87178	0.88099	0.79279	0
MOD_USD	2018-08-09	0.86966	0.73924	0.92136	0.73833	0
MOD_USD	2018-08-08	0.74174	0.80635	0.90602	0.71312	0
MOD_USD	2018-08-07	0.80682	0.88502	0.89471	0.80478	0
MOD_USD	2018-08-06	0.88423	0.83443	0.93191	0.82736	0
MOD_USD	2018-08-05	0.83547	0.84369	0.86148	0.80431	0
MOD_USD	2018-08-04	0.84106	0.73867	0.94325	0.73436	0
MOD_USD	2018-08-03	0.73829	0.76324	0.76980	0.67488	0
MOD_USD	2018-08-02	0.76407	0.80859	0.81621	0.76158	0
MOD_USD	2018-08-01	0.80892	0.83281	0.87295	0.79511	0
MOD_USD	2018-07-31	0.83298	0.90143	1.01186	0.81522	0
MOD_USD	2018-07-30	0.90088	1.00760	1.00760	0.86915	0
MOD_USD	2018-07-29	1.00719	1.01753	1.02783	0.97878	0
MOD_USD	2018-07-28	1.01753	1.02000	1.04103	1.01299	0
MOD_USD	2018-07-27	1.02000	1.05546	1.07648	1.01505	0
MOD_USD	2018-07-26	1.05257	0.98223	1.24016	0.97736	0
MOD_USD	2018-07-25	0.98133	0.95659	1.01780	0.94356	0
MOD_USD	2018-07-24	0.96286	0.95714	0.99001	0.91372	0
MOD_USD	2018-07-23	0.95648	0.99996	1.07851	0.95244	0
MOD_USD	2018-07-22	1.00068	0.99686	1.04532	0.97391	0
MOD_USD	2018-07-21	0.99686	0.94158	1.02153	0.92543	0
MOD_USD	2018-07-20	0.94111	1.08142	1.08144	0.93751	0
MOD_USD	2018-07-19	1.07993	1.09753	1.13475	1.07495	0
MOD_USD	2018-07-18	1.09571	1.13324	1.17268	1.07991	0
MOD_USD	2018-07-17	1.13349	1.02089	1.16240	1.00792	0
MOD_USD	2018-07-16	1.02561	0.94731	1.05772	0.94378	0
MOD_USD	2018-07-15	0.94724	0.94532	0.96941	0.93798	0
MOD_USD	2018-07-14	0.94532	0.94663	0.96052	0.92808	0
MOD_USD	2018-07-13	0.94669	0.94369	0.97466	0.93364	0
MOD_USD	2018-07-12	0.94343	0.98216	1.02122	0.92693	0
MOD_USD	2018-07-11	0.98281	0.90010	1.10532	0.89822	0
MOD_USD	2018-07-10	0.89976	1.06792	1.07783	0.89635	0
MOD_USD	2018-07-09	1.06727	1.08674	1.11246	1.06111	0
MOD_USD	2018-07-08	1.08736	1.11434	1.12979	1.07375	0
MOD_USD	2018-07-07	1.11434	1.05106	1.11537	1.03465	0
MOD_USD	2018-07-06	1.05093	1.10249	1.11274	1.01252	0
MOD_USD	2018-07-05	1.10399	1.06329	1.11580	1.05311	0
MOD_USD	2018-07-04	1.06329	1.00724	1.11983	0.98419	0
MOD_USD	2018-07-03	1.01237	1.07723	1.11095	0.01415	0
MOD_USD	2018-07-02	1.07700	0.98474	1.12467	0.00001	0
MOD_USD	2018-07-01	0.98674	0.96735	0.99155	0.91653	0
MOD_USD	2018-06-30	0.96736	0.92036	0.99411	0.91960	0
MOD_USD	2018-06-29	0.92067	0.85810	0.92613	0.83750	0
MOD_USD	2018-06-28	0.85948	0.91750	0.92970	0.84747	0
MOD_USD	2018-06-27	0.91781	0.90871	0.93408	0.87800	0
MOD_USD	2018-06-26	0.91159	0.96010	0.96214	0.90670	0
MOD_USD	2018-06-25	0.95947	0.92805	0.99289	0.90157	0
MOD_USD	2018-06-24	0.92620	1.01569	1.02029	0.85541	0
MOD_USD	2018-06-23	1.01846	0.98915	1.03733	0.96285	0
MOD_USD	2018-06-22	0.98917	1.16787	1.17153	0.95622	0
MOD_USD	2018-06-21	1.16780	1.21105	1.29422	1.16442	0
MOD_USD	2018-06-20	1.21145	1.21588	1.23634	1.16825	0
MOD_USD	2018-06-19	1.21725	1.25025	1.25557	1.20685	0
MOD_USD	2018-06-18	1.25260	1.19744	1.26741	1.16530	0
MOD_USD	2018-06-17	1.19937	1.14432	1.36837	1.13594	0
MOD_USD	2018-06-16	1.14410	1.15408	1.17818	1.12500	0
MOD_USD	2018-06-15	1.15354	1.20550	1.21044	1.15086	0
MOD_USD	2018-06-14	1.20319	1.10698	1.24681	1.10667	0
MOD_USD	2018-06-13	1.10634	1.18380	1.21909	1.05861	0
MOD_USD	2018-06-12	1.18318	1.38128	1.39864	1.14975	0
MOD_USD	2018-06-11	1.38160	1.30019	1.40560	1.27528	0
MOD_USD	2018-06-10	1.29869	1.58332	1.58332	1.27997	0
MOD_USD	2018-06-09	1.58289	1.55273	1.66019	1.54631	0
MOD_USD	2018-06-08	1.55387	1.59518	1.60200	1.51234	0
MOD_USD	2018-06-07	1.59353	1.63795	1.66424	1.56481	0
MOD_USD	2018-06-06	1.63748	1.60840	1.81095	1.58467	0
MOD_USD	2018-06-05	1.60702	1.53750	1.74339	1.45602	0
MOD_USD	2018-06-04	1.54238	1.66556	1.69065	1.51899	0
MOD_USD	2018-06-03	1.66517	1.70481	1.76110	1.64121	0
MOD_USD	2018-06-02	1.70176	1.64711	1.72456	1.62800	0
MOD_USD	2018-06-01	1.64749	1.68619	1.70426	1.62004	0
MOD_USD	2018-05-31	1.68560	1.64503	1.75766	1.59581	0
MOD_USD	2018-05-30	1.64576	1.64571	1.69242	1.54065	0
MOD_USD	2018-05-29	1.64116	1.43575	1.68840	1.43245	0
MOD_USD	2018-05-28	1.43628	1.63307	1.63307	1.42902	0
MOD_USD	2018-05-27	1.63968	1.68093	1.71554	1.59181	0
MOD_USD	2018-05-26	1.68055	1.80375	1.82787	1.65874	0
MOD_USD	2018-05-25	1.80147	1.80196	1.84101	1.72177	0
MOD_USD	2018-05-24	1.80196	1.75541	1.99139	1.64181	0
MOD_USD	2018-05-23	1.75599	2.03816	2.05943	1.69015	0
MOD_USD	2018-05-22	2.03968	2.30011	2.30965	2.02612	0
MOD_USD	2018-05-21	2.30033	2.48052	2.60067	2.28092	0
MOD_USD	2018-05-20	2.47937	2.35611	2.51721	2.32866	0
MOD_USD	2018-05-19	2.35869	2.37900	2.43129	2.30560	0
MOD_USD	2018-05-18	2.37282	2.29382	2.49581	2.24633	0
MOD_USD	2018-05-17	2.29761	2.31458	2.43509	2.24741	0
MOD_USD	2018-05-16	2.31175	2.49534	2.50164	2.26051	0
MOD_USD	2018-05-15	2.49452	2.48681	2.64857	2.47405	0
MOD_USD	2018-05-14	2.47618	2.53395	2.63304	2.32561	0
MOD_USD	2018-05-13	2.53082	2.38266	2.56925	2.33631	0
MOD_USD	2018-05-12	2.37798	2.40049	2.48481	2.21087	0
MOD_USD	2018-05-11	2.39518	2.64150	2.64521	2.21460	0
MOD_USD	2018-05-10	2.65737	2.85832	3.03762	2.65655	0
MOD_USD	2018-05-09	2.85694	2.82180	2.94410	2.61655	0
MOD_USD	2018-05-08	2.81967	2.94640	3.02751	0.00031	0
MOD_USD	2018-05-07	2.94958	3.21304	3.22109	2.82391	0
MOD_USD	2018-05-06	3.21318	3.26151	3.28133	2.96823	0
MOD_USD	2018-05-05	3.25575	3.52173	3.52759	3.24320	0
MOD_USD	2018-05-04	3.52393	3.24798	3.53373	3.18125	0
MOD_USD	2018-05-03	3.25374	3.06282	3.28399	3.01108	0
MOD_USD	2018-05-02	3.06294	2.94203	3.17252	2.93915	0
MOD_USD	2018-05-01	2.94283	2.81458	3.01037	2.65077	0
MOD_USD	2018-04-30	2.81282	2.96716	3.03204	2.79175	0
MOD_USD	2018-04-29	2.96744	2.98384	3.02873	2.90890	0
MOD_USD	2018-04-28	2.98281	2.67015	3.04855	2.65726	0
MOD_USD	2018-04-27	2.67479	2.82346	2.97142	2.66628	0
MOD_USD	2018-04-26	2.82397	2.49956	2.83647	2.44647	0
MOD_USD	2018-04-25	2.51219	2.98252	2.99093	2.41523	0
MOD_USD	2018-04-24	2.98977	2.80490	3.12102	2.80066	0
MOD_USD	2018-04-23	2.80736	2.72000	3.23495	2.68063	0
MOD_USD	2018-04-22	2.72175	2.69289	2.80841	2.61529	0
MOD_USD	2018-04-21	2.69121	2.82724	2.92731	2.50346	0
MOD_USD	2018-04-20	2.82349	2.66796	2.85989	2.60544	0
MOD_USD	2018-04-19	2.67067	2.56600	2.74845	2.55142	0
MOD_USD	2018-04-18	2.56533	2.42466	2.60321	2.41725	0
MOD_USD	2018-04-17	2.42430	2.45912	2.74552	2.39159	0
MOD_USD	2018-04-16	2.46374	2.46468	2.48299	2.28508	0
MOD_USD	2018-04-15	2.46571	2.36855	2.52493	2.31749	0
MOD_USD	2018-04-14	2.38478	2.08685	2.68392	2.07017	0
MOD_USD	2018-04-13	2.08708	2.03881	2.32608	2.02211	0
MOD_USD	2018-04-12	2.03733	1.88437	2.06102	1.80760	0
MOD_USD	2018-04-11	1.88573	1.76652	1.92526	1.75656	0
MOD_USD	2018-04-10	1.76642	1.73177	1.81393	1.70272	0
MOD_USD	2018-04-09	1.73714	1.77566	1.89749	1.67802	0
MOD_USD	2018-04-08	1.77504	1.73973	1.80666	1.70728	0
MOD_USD	2018-04-07	1.74001	1.71317	1.92995	1.67052	0
MOD_USD	2018-04-06	1.71272	1.62795	1.93648	1.52516	0
MOD_USD	2018-04-05	1.62621	1.70602	1.72883	1.60008	0
MOD_USD	2018-04-04	1.70630	1.97749	1.97749	1.65526	0
MOD_USD	2018-04-03	1.97743	1.77904	2.03562	1.75021	0
MOD_USD	2018-04-02	1.77234	1.58250	1.83318	1.57340	0
MOD_USD	2018-04-01	1.58421	1.74377	1.76942	1.53024	0
MOD_USD	2018-03-31	1.74986	1.74875	1.89102	1.73801	0
MOD_USD	2018-03-30	1.74991	1.95971	2.08699	1.70492	0
MOD_USD	2018-03-29	1.95887	2.38403	2.40903	1.88669	0
MOD_USD	2018-03-28	2.38443	2.19379	2.46188	2.17660	0
MOD_USD	2018-03-27	2.19619	2.36924	2.45476	2.18321	0
MOD_USD	2018-03-26	2.36269	2.75498	2.75498	2.15949	0
MOD_USD	2018-03-25	2.74555	2.35976	2.90936	2.33004	0
MOD_USD	2018-03-24	2.35279	2.23044	3.04812	2.16161	0
MOD_USD	2018-03-23	2.22801	2.34217	2.34217	2.05924	0
MOD_USD	2018-03-22	2.34789	2.41501	2.71740	2.26144	0
MOD_USD	2018-03-21	2.40700	2.02208	3.07747	2.01798	0
MOD_USD	2018-03-20	2.02118	1.85761	2.15768	1.80885	0
MOD_USD	2018-03-19	1.86017	1.68828	1.92343	1.68828	0
MOD_USD	2018-03-18	1.68787	1.77360	1.77360	1.40261	0
MOD_USD	2018-03-17	1.77639	1.91419	1.93718	1.66408	0
MOD_USD	2018-03-16	1.91791	1.75341	2.23101	1.66812	0
MOD_USD	2018-03-15	1.75825	1.73657	1.86884	1.61953	0
MOD_USD	2018-03-14	1.73929	2.09670	2.19994	1.69806	0
MOD_USD	2018-03-13	2.09555	2.12500	2.23047	2.05786	0
MOD_USD	2018-03-12	2.12229	2.17681	2.31309	2.05634	0
MOD_USD	2018-03-11	2.17267	2.03611	2.33282	1.96367	0
MOD_USD	2018-03-10	2.03092	2.27465	2.37169	2.01167	0
MOD_USD	2018-03-09	2.27595	2.08825	2.30486	1.85595	0
MOD_USD	2018-03-08	2.08953	2.25794	2.59684	2.07078	0
MOD_USD	2018-03-07	2.25437	2.53431	2.57689	2.01010	0
MOD_USD	2018-03-06	2.53431	2.67247	2.73599	2.41416	0
MOD_USD	2018-03-05	2.69845	3.01796	3.01930	2.69845	0
MOD_USD	2018-03-04	3.01726	2.90723	3.03962	2.84347	0
MOD_USD	2018-03-03	2.90646	3.07078	3.16936	2.86087	0
MOD_USD	2018-03-02	3.07078	3.13858	3.24867	2.93997	0
MOD_USD	2018-03-01	3.13318	2.78282	3.20174	2.76505	0
MOD_USD	2018-02-28	2.78133	2.87405	3.23231	2.73894	0
MOD_USD	2018-02-27	2.88380	2.98761	3.15060	2.85179	0
MOD_USD	2018-02-26	2.98587	3.09943	3.38641	2.84067	0
