MODX_USD	2019-04-09	0.000026	0.000027	0.000027	0.000026	0
MODX_USD	2019-04-08	0.000027	0.000026	0.000027	0.000026	0
MODX_USD	2019-04-07	0.000026	0.000025	0.000026	0.000025	0
MODX_USD	2019-04-06	0.000025	0.000025	0.000026	0.000025	0
MODX_USD	2019-04-05	0.000025	0.000025	0.000026	0.000025	0
MODX_USD	2019-04-04	0.000025	0.000025	0.000025	0.000024	0
MODX_USD	2019-04-03	0.000025	0.000025	0.000027	0.000024	0
MODX_USD	2019-04-02	0.000025	0.000021	0.000025	0.000021	0
MODX_USD	2019-04-01	0.000021	0.000021	0.000021	0.000021	0
MODX_USD	2019-03-31	0.000021	0.000021	0.000021	0.000021	0
MODX_USD	2019-03-30	0.000021	0.000021	0.000021	0.000021	0
MODX_USD	2019-03-29	0.000021	0.000020	0.000021	0.000020	0
MODX_USD	2019-03-28	0.000020	0.000021	0.000021	0.000020	0
MODX_USD	2019-03-27	0.000021	0.000020	0.000021	0.000020	0
MODX_USD	2019-03-26	0.000020	0.000020	0.000020	0.000020	0
MODX_USD	2019-03-25	0.000020	0.000020	0.000020	0.000020	0
MODX_USD	2019-03-24	0.000020	0.000020	0.000020	0.000020	0
MODX_USD	2019-03-23	0.000020	0.000020	0.000020	0.000020	0
MODX_USD	2019-03-22	0.000020	0.000020	0.000020	0.000020	0
MODX_USD	2019-03-21	0.000020	0.000021	0.000021	0.000020	0
MODX_USD	2019-03-20	0.000021	0.000021	0.000021	0.000020	0
MODX_USD	2019-03-19	0.000021	0.000020	0.000021	0.000020	0
MODX_USD	2019-03-18	0.000020	0.000020	0.000021	0.000020	0
MODX_USD	2019-03-17	0.000020	0.000020	0.000020	0.000020	0
MODX_USD	2019-03-16	0.000020	0.000020	0.000021	0.000020	0
MODX_USD	2019-03-15	0.000020	0.000020	0.000020	0.000020	0
MODX_USD	2019-03-14	0.000020	0.000020	0.000020	0.000019	0
MODX_USD	2019-03-13	0.000020	0.000020	0.000020	0.000020	0
MODX_USD	2019-03-12	0.000020	0.000020	0.000020	0.000019	0
MODX_USD	2019-03-11	0.000020	0.000020	0.000020	0.000020	0
MODX_USD	2019-03-10	0.000020	0.000020	0.000020	0.000020	0
MODX_USD	2019-03-09	0.000020	0.000020	0.000020	0.000020	0
MODX_USD	2019-03-08	0.000020	0.000020	0.000020	0.000019	0
MODX_USD	2019-03-07	0.000020	0.000020	0.000020	0.000020	0
MODX_USD	2019-03-06	0.000020	0.000020	0.000020	0.000020	0
MODX_USD	2019-03-05	0.000020	0.000019	0.000020	0.000019	0
MODX_USD	2019-03-04	0.000019	0.000019	0.000020	0.000019	0
MODX_USD	2019-03-03	0.000019	0.000020	0.000020	0.000019	0
MODX_USD	2019-03-02	0.000020	0.000020	0.000020	0.000019	0
MODX_USD	2019-03-01	0.000020	0.000019	0.000020	0.000019	0
MODX_USD	2019-02-28	0.000019	0.000019	0.000020	0.000019	0
MODX_USD	2019-02-27	0.000019	0.000019	0.000020	0.000019	0
MODX_USD	2019-02-26	0.000019	0.000020	0.000020	0.000019	0
MODX_USD	2019-02-25	0.000020	0.000019	0.000020	0.000019	0
MODX_USD	2019-02-24	0.000019	0.000021	0.000021	0.000019	0
MODX_USD	2019-02-23	0.000021	0.000020	0.000021	0.000020	0
MODX_USD	2019-02-22	0.000020	0.000020	0.000020	0.000020	0
MODX_USD	2019-02-21	0.000020	0.000020	0.000021	0.000020	0
MODX_USD	2019-02-20	0.000020	0.000020	0.000020	0.000020	0
MODX_USD	2019-02-19	0.000020	0.000020	0.000020	0.000020	0
MODX_USD	2019-02-18	0.000020	0.000019	0.000020	0.000019	0
MODX_USD	2019-02-17	0.000019	0.000018	0.000019	0.000018	0
MODX_USD	2019-02-16	0.000018	0.000018	0.000019	0.000018	0
MODX_USD	2019-02-15	0.000018	0.000018	0.000019	0.000018	0
MODX_USD	2019-02-14	0.000018	0.000018	0.000018	0.000018	0
MODX_USD	2019-02-13	0.000018	0.000018	0.000019	0.000018	0
MODX_USD	2019-02-12	0.000018	0.000018	0.000019	0.000018	0
MODX_USD	2019-02-11	0.000018	0.000019	0.000019	0.000018	0
MODX_USD	2019-02-10	0.000019	0.000019	0.000019	0.000018	0
MODX_USD	2019-02-09	0.000019	0.000019	0.000019	0.000018	0
MODX_USD	2019-02-08	0.000019	0.000017	0.000019	0.000017	0
MODX_USD	2019-02-07	0.000017	0.000017	0.000017	0.000017	0
MODX_USD	2019-02-06	0.000017	0.000018	0.000018	0.000017	0
MODX_USD	2019-02-05	0.000018	0.000017	0.000018	0.000017	0
MODX_USD	2019-02-04	0.000017	0.000018	0.000018	0.000017	0
MODX_USD	2019-02-03	0.000018	0.000018	0.000018	0.000017	0
MODX_USD	2019-02-02	0.000018	0.000018	0.000018	0.000018	0
MODX_USD	2019-02-01	0.000018	0.000018	0.000018	0.000017	0
MODX_USD	2019-01-31	0.000018	0.000018	0.000018	0.000017	0
MODX_USD	2019-01-30	0.000018	0.000017	0.000018	0.000017	0
MODX_USD	2019-01-29	0.000017	0.000018	0.000018	0.000017	0
MODX_USD	2019-01-28	0.000018	0.000018	0.000018	0.000017	0
MODX_USD	2019-01-27	0.000018	0.000018	0.000018	0.000018	0
MODX_USD	2019-01-26	0.000018	0.000018	0.000019	0.000018	0
MODX_USD	2019-01-25	0.000018	0.000018	0.000018	0.000018	0
MODX_USD	2019-01-24	0.000018	0.000018	0.000018	0.000018	0
MODX_USD	2019-01-23	0.000018	0.000018	0.000018	0.000018	0
MODX_USD	2019-01-22	0.000018	0.000018	0.000018	0.000018	0
MODX_USD	2019-01-21	0.000018	0.000018	0.000018	0.000018	0
MODX_USD	2019-01-20	0.000018	0.000019	0.000019	0.000018	0
MODX_USD	2019-01-19	0.000019	0.000018	0.000019	0.000018	0
MODX_USD	2019-01-18	0.000018	0.000019	0.000019	0.000018	0
MODX_USD	2019-01-17	0.000019	0.000018	0.000019	0.000018	0
MODX_USD	2019-01-16	0.000018	0.000018	0.000019	0.000018	0
MODX_USD	2019-01-15	0.000018	0.000019	0.000019	0.000018	0
MODX_USD	2019-01-14	0.000019	0.000018	0.000019	0.000018	0
MODX_USD	2019-01-13	0.000018	0.000019	0.000019	0.000018	0
MODX_USD	2019-01-12	0.000019	0.000019	0.000019	0.000018	0
MODX_USD	2019-01-11	0.000019	0.000019	0.000019	0.000018	0
MODX_USD	2019-01-10	0.000019	0.000020	0.000021	0.000018	0
MODX_USD	2019-01-09	0.000020	0.000020	0.000021	0.000020	0
MODX_USD	2019-01-08	0.000020	0.000021	0.000021	0.000020	0
MODX_USD	2019-01-07	0.000021	0.000021	0.000021	0.000020	0
MODX_USD	2019-01-06	0.000021	0.000020	0.000039	0.000019	0
MODX_USD	2019-01-05	0.000020	0.000020	0.000020	0.000020	0
MODX_USD	2019-01-04	0.000020	0.000020	0.000020	0.000019	0
MODX_USD	2019-01-03	0.000020	0.000020	0.000020	0.000020	0
MODX_USD	2019-01-02	0.000020	0.000020	0.000020	0.000020	0
MODX_USD	2019-01-01	0.000020	0.000019	0.000020	0.000019	0
MODX_USD	2018-12-31	0.000019	0.000020	0.000020	0.000019	0
MODX_USD	2018-12-30	0.000020	0.000019	0.000020	0.000019	0
MODX_USD	2018-12-29	0.000019	0.000020	0.000020	0.000019	0
MODX_USD	2018-12-28	0.000020	0.000019	0.000020	0.000018	0
MODX_USD	2018-12-27	0.000019	0.000020	0.000020	0.000018	0
MODX_USD	2018-12-26	0.000020	0.000020	0.000020	0.000019	0
MODX_USD	2018-12-25	0.000020	0.000021	0.000021	0.000019	0
MODX_USD	2018-12-24	0.000021	0.000020	0.000022	0.000020	0
MODX_USD	2018-12-23	0.000020	0.000021	0.000021	0.000020	0
MODX_USD	2018-12-22	0.000021	0.000020	0.000021	0.000020	0
MODX_USD	2018-12-21	0.000020	0.000021	0.000021	0.000020	0
MODX_USD	2018-12-20	0.000021	0.000019	0.000021	0.000019	0
MODX_USD	2018-12-19	0.000019	0.000019	0.000020	0.000019	0
MODX_USD	2018-12-18	0.000019	0.000018	0.000019	0.000018	0
MODX_USD	2018-12-17	0.000018	0.000017	0.000019	0.000016	0
MODX_USD	2018-12-16	0.000017	0.000016	0.000017	0.000016	0
MODX_USD	2018-12-15	0.000016	0.000016	0.000017	0.000016	0
MODX_USD	2018-12-14	0.000016	0.000017	0.000017	0.000016	0
MODX_USD	2018-12-13	0.000017	0.000018	0.000018	0.000017	0
MODX_USD	2018-12-12	0.000018	0.000017	0.000018	0.000017	0
MODX_USD	2018-12-11	0.000017	0.000018	0.000018	0.000017	0
MODX_USD	2018-12-10	0.000018	0.000018	0.000019	0.000017	0
MODX_USD	2018-12-09	0.000018	0.000018	0.000019	0.000017	0
MODX_USD	2018-12-08	0.000018	0.000017	0.000018	0.000017	0
MODX_USD	2018-12-07	0.000017	0.000018	0.000018	0.000016	0
MODX_USD	2018-12-06	0.000018	0.000019	0.000020	0.000018	0
MODX_USD	2018-12-05	0.000019	0.000020	0.000020	0.000019	0
MODX_USD	2018-12-04	0.000020	0.000020	0.000021	0.000019	0
MODX_USD	2018-12-03	0.000020	0.000021	0.000021	0.000019	0
MODX_USD	2018-12-02	0.000021	0.000021	0.000022	0.000021	0
MODX_USD	2018-12-01	0.000021	0.000020	0.000022	0.000020	0
MODX_USD	2018-11-30	0.000020	0.000022	0.000022	0.000020	0
MODX_USD	2018-11-29	0.000022	0.000022	0.000022	0.000021	0
MODX_USD	2018-11-28	0.000022	0.000019	0.000022	0.000019	0
MODX_USD	2018-11-27	0.000019	0.000019	0.000020	0.000019	0
MODX_USD	2018-11-26	0.000019	0.000021	0.000021	0.000019	0
MODX_USD	2018-11-25	0.000021	0.000020	0.000021	0.000018	0
MODX_USD	2018-11-24	0.000020	0.000022	0.000023	0.000019	0
MODX_USD	2018-11-23	0.000022	0.000022	0.000022	0.000021	0
MODX_USD	2018-11-22	0.000022	0.000023	0.000024	0.000022	0
MODX_USD	2018-11-21	0.000023	0.000023	0.000024	0.000022	0
MODX_USD	2018-11-20	0.000023	0.000025	0.000025	0.000022	0
MODX_USD	2018-11-19	0.000025	0.000028	0.000028	0.000024	0
MODX_USD	2018-11-18	0.000028	0.000028	0.000029	0.000028	0
MODX_USD	2018-11-17	0.000028	0.000028	0.000028	0.000028	0
MODX_USD	2018-11-16	0.000028	0.000029	0.000029	0.000028	0
MODX_USD	2018-11-15	0.000029	0.000029	0.000030	0.000027	0
MODX_USD	2018-11-14	0.000029	0.000032	0.000032	0.000029	0
MODX_USD	2018-11-13	0.000032	0.000032	0.000032	0.000032	0
MODX_USD	2018-11-12	0.000032	0.000032	0.000032	0.000032	0
MODX_USD	2018-11-11	0.000032	0.000032	0.000032	0.000032	0
MODX_USD	2018-11-10	0.000032	0.000032	0.000032	0.000032	0
MODX_USD	2018-11-09	0.000032	0.000032	0.000033	0.000032	0
MODX_USD	2018-11-08	0.000032	0.000033	0.000033	0.000032	0
MODX_USD	2018-11-07	0.000033	0.000033	0.000033	0.000033	0
MODX_USD	2018-11-06	0.000033	0.000032	0.000033	0.000032	0
MODX_USD	2018-11-05	0.000032	0.000032	0.000032	0.000032	0
MODX_USD	2018-11-04	0.000032	0.000032	0.000033	0.000032	0
MODX_USD	2018-11-03	0.000032	0.000032	0.000032	0.000032	0
MODX_USD	2018-11-02	0.000032	0.000032	0.000032	0.000032	0
MODX_USD	2018-11-01	0.000032	0.000032	0.000032	0.000032	0
MODX_USD	2018-10-31	0.000032	0.000032	0.000032	0.000031	0
MODX_USD	2018-10-30	0.000032	0.000032	0.000032	0.000032	0
MODX_USD	2018-10-29	0.000032	0.000032	0.000033	0.000032	0
MODX_USD	2018-10-28	0.000032	0.000033	0.000033	0.000032	0
MODX_USD	2018-10-27	0.000033	0.000033	0.000033	0.000032	0
MODX_USD	2018-10-26	0.000033	0.000033	0.000033	0.000033	0
MODX_USD	2018-10-25	0.000033	0.000033	0.000033	0.000033	0
MODX_USD	2018-10-24	0.000033	0.000033	0.000033	0.000033	0
MODX_USD	2018-10-23	0.000033	0.000033	0.000033	0.000033	0
MODX_USD	2018-10-22	0.000033	0.000033	0.000033	0.000033	0
MODX_USD	2018-10-21	0.000033	0.000033	0.000033	0.000033	0
MODX_USD	2018-10-20	0.000033	0.000033	0.000033	0.000033	0
MODX_USD	2018-10-19	0.000033	0.000033	0.000033	0.000033	0
MODX_USD	2018-10-18	0.000033	0.000034	0.000034	0.000033	0
MODX_USD	2018-10-17	0.000034	0.000034	0.000034	0.000033	0
MODX_USD	2018-10-16	0.000034	0.000034	0.000034	0.000033	0
MODX_USD	2018-10-15	0.000034	0.000032	0.000038	0.000031	0
MODX_USD	2018-10-14	0.000032	0.000032	0.000032	0.000032	0
MODX_USD	2018-10-13	0.000032	0.000031	0.000032	0.000031	0
MODX_USD	2018-10-12	0.000031	0.000031	0.000032	0.000031	0
MODX_USD	2018-10-11	0.000031	0.000033	0.000033	0.000031	0
MODX_USD	2018-10-10	0.000033	0.000033	0.000033	0.000033	0
MODX_USD	2018-10-09	0.000033	0.000033	0.000033	0.000033	0
MODX_USD	2018-10-08	0.000033	0.000033	0.000034	0.000033	0
MODX_USD	2018-10-07	0.000033	0.000033	0.000033	0.000033	0
MODX_USD	2018-10-06	0.000033	0.000033	0.000033	0.000033	0
MODX_USD	2018-10-05	0.000033	0.000033	0.000033	0.000033	0
MODX_USD	2018-10-04	0.000033	0.000033	0.000033	0.000033	0
MODX_USD	2018-10-03	0.000033	0.000033	0.000033	0.000032	0
MODX_USD	2018-10-02	0.000033	0.000033	0.000033	0.000033	0
MODX_USD	2018-10-01	0.000033	0.000033	0.000033	0.000033	0
MODX_USD	2018-09-30	0.000033	0.000033	0.000033	0.000033	0
MODX_USD	2018-09-29	0.000033	0.000033	0.000033	0.000032	0
MODX_USD	2018-09-28	0.000033	0.000033	0.000034	0.000033	0
MODX_USD	2018-09-27	0.000033	0.000032	0.000034	0.000032	0
MODX_USD	2018-09-26	0.000032	0.000032	0.000033	0.000032	0
MODX_USD	2018-09-25	0.000032	0.000033	0.000033	0.000032	0
MODX_USD	2018-09-24	0.000033	0.000034	0.000034	0.000033	0
MODX_USD	2018-09-23	0.000034	0.000034	0.000034	0.000033	0
MODX_USD	2018-09-22	0.000034	0.000034	0.000034	0.000033	0
MODX_USD	2018-09-21	0.000034	0.000033	0.000034	0.000032	0
MODX_USD	2018-09-20	0.000033	0.000032	0.000033	0.000032	0
MODX_USD	2018-09-19	0.000032	0.000032	0.000032	0.000031	0
MODX_USD	2018-09-18	0.000032	0.000031	0.000032	0.000031	0
MODX_USD	2018-09-17	0.000031	0.000032	0.000033	0.000031	0
MODX_USD	2018-09-16	0.000032	0.000033	0.000033	0.000032	0
MODX_USD	2018-09-15	0.000033	0.000032	0.000033	0.000032	0
MODX_USD	2018-09-14	0.000032	0.000032	0.000033	0.000032	0
MODX_USD	2018-09-13	0.000032	0.000032	0.000033	0.000032	0
MODX_USD	2018-09-12	0.000032	0.000031	0.000032	0.000031	0
MODX_USD	2018-09-11	0.000031	0.000032	0.000032	0.000031	0
MODX_USD	2018-09-10	0.000032	0.000031	0.000032	0.000031	0
MODX_USD	2018-09-09	0.000031	0.000031	0.000032	0.000031	0
MODX_USD	2018-09-08	0.000031	0.000032	0.000032	0.000031	0
MODX_USD	2018-09-07	0.000032	0.000033	0.000033	0.000032	0
MODX_USD	2018-09-06	0.000033	0.000034	0.000034	0.000032	0
MODX_USD	2018-09-05	0.000034	0.000037	0.000037	0.000034	0
MODX_USD	2018-09-04	0.000037	0.000036	0.000037	0.000036	0
MODX_USD	2018-09-03	0.000036	0.000036	0.000037	0.000036	0
MODX_USD	2018-09-02	0.000036	0.000036	0.000037	0.000036	0
MODX_USD	2018-09-01	0.000036	0.000035	0.000036	0.000035	0
MODX_USD	2018-08-31	0.000035	0.000035	0.000035	0.000034	0
MODX_USD	2018-08-30	0.000035	0.000035	0.000035	0.000034	0
MODX_USD	2018-08-29	0.000035	0.000035	0.000036	0.000035	0
MODX_USD	2018-08-28	0.000035	0.000035	0.000036	0.000034	0
MODX_USD	2018-08-27	0.000035	0.000034	0.000035	0.000033	0
MODX_USD	2018-08-26	0.000034	0.000034	0.000034	0.000033	0
MODX_USD	2018-08-25	0.000034	0.000033	0.000034	0.000033	0
MODX_USD	2018-08-24	0.000033	0.000033	0.000034	0.000032	0
MODX_USD	2018-08-23	0.000033	0.000032	0.000033	0.000032	0
MODX_USD	2018-08-22	0.000032	0.000032	0.000034	0.000031	0
MODX_USD	2018-08-21	0.000032	0.000031	0.000032	0.000031	0
MODX_USD	2018-08-20	0.000031	0.000032	0.000033	0.000031	0
MODX_USD	2018-08-19	0.000032	0.000032	0.000033	0.000032	0
MODX_USD	2018-08-18	0.000032	0.000033	0.000033	0.000032	0
MODX_USD	2018-08-17	0.000033	0.000032	0.000033	0.000031	0
MODX_USD	2018-08-16	0.000032	0.000031	0.000032	0.000031	0
MODX_USD	2018-08-15	0.000031	0.000031	0.000033	0.000031	0
MODX_USD	2018-08-14	0.000031	0.000031	0.000031	0.000029	0
MODX_USD	2018-08-13	0.000031	0.000032	0.000033	0.000031	0
MODX_USD	2018-08-12	0.000032	0.000031	0.000032	0.000031	0
MODX_USD	2018-08-11	0.000031	0.000031	0.000032	0.000030	0
MODX_USD	2018-08-10	0.000031	0.000033	0.000033	0.000030	0
MODX_USD	2018-08-09	0.000033	0.000031	0.000033	0.000031	0
MODX_USD	2018-08-08	0.000031	0.000034	0.000034	0.000031	0
MODX_USD	2018-08-07	0.000034	0.000035	0.000036	0.000033	0
MODX_USD	2018-08-06	0.000035	0.000035	0.000036	0.000034	0
MODX_USD	2018-08-05	0.000035	0.000035	0.000035	0.000034	0
MODX_USD	2018-08-04	0.000035	0.000037	0.000037	0.000035	0
MODX_USD	2018-08-03	0.000037	0.000038	0.000038	0.000036	0
MODX_USD	2018-08-02	0.000038	0.000038	0.000038	0.000037	0
MODX_USD	2018-08-01	0.000038	0.000039	0.000039	0.000037	0
MODX_USD	2018-07-31	0.000039	0.000123	0.000123	0.000038	0
MODX_USD	2018-07-30	0.000123	0.000123	0.000124	0.000118	0
MODX_USD	2018-07-29	0.000123	0.000123	0.000124	0.000122	0
MODX_USD	2018-07-27	0.000124	0.000124	0.000124	0.000124	0
MODX_USD	2018-07-26	0.000124	0.000123	0.000125	0.000123	0
MODX_USD	2018-07-25	0.000123	0.000126	0.000127	0.000121	0
MODX_USD	2018-07-24	0.000126	0.000116	0.000127	0.000115	0
MODX_USD	2018-07-23	0.000116	0.000111	0.000117	0.000111	0
MODX_USD	2018-07-22	0.000111	0.000111	0.000113	0.000110	0
MODX_USD	2018-07-21	0.000111	0.000110	0.000112	0.000108	0
MODX_USD	2018-07-20	0.000110	0.000112	0.000115	0.000037	0
MODX_USD	2018-07-19	0.000112	0.000110	0.000113	0.000109	0
MODX_USD	2018-07-18	0.000110	0.000110	0.000114	0.000109	0
MODX_USD	2018-07-17	0.000110	0.000101	0.000112	0.000100	0
MODX_USD	2018-07-16	0.000101	0.000095	0.000101	0.000095	0
MODX_USD	2018-07-15	0.000095	0.000094	0.000096	0.000093	0
MODX_USD	2018-07-14	0.000094	0.000093	0.000095	0.000093	0
MODX_USD	2018-07-13	0.000093	0.000093	0.000095	0.000092	0
MODX_USD	2018-07-12	0.000093	0.000096	0.000096	0.000091	0
MODX_USD	2018-07-11	0.000095	0.000095	0.000096	0.000094	0
MODX_USD	2018-07-10	0.000094	0.000100	0.000100	0.000094	0
MODX_USD	2018-07-09	0.000100	0.000101	0.000102	0.000100	0
MODX_USD	2018-07-08	0.000101	0.000101	0.000102	0.000100	0
MODX_USD	2018-07-07	0.000101	0.000099	0.000102	0.000098	0
MODX_USD	2018-07-06	0.000099	0.000098	0.000099	0.000097	0
MODX_USD	2018-07-05	0.000098	0.000165	0.000167	0.000097	0
MODX_USD	2018-07-04	0.000165	0.000163	0.000168	0.000160	0
MODX_USD	2018-07-03	0.000163	0.000132	0.000166	0.000001	0
MODX_USD	2018-07-02	0.000132	0.000159	0.000167	0.000026	0
MODX_USD	2018-07-01	0.000159	0.000160	0.000161	0.000157	0
MODX_USD	2018-06-30	0.000160	0.000155	0.000163	0.000155	0
MODX_USD	2018-06-29	0.000155	0.000146	0.000157	0.000145	0
MODX_USD	2018-06-28	0.000146	0.000153	0.000154	0.000146	0
MODX_USD	2018-06-27	0.000153	0.000152	0.000154	0.000150	0
MODX_USD	2018-06-26	0.000152	0.000156	0.000157	0.000151	0
MODX_USD	2018-06-25	0.000156	0.000154	0.000158	0.000152	0
MODX_USD	2018-06-24	0.000154	0.000154	0.000156	0.000144	0
MODX_USD	2018-06-23	0.000154	0.000151	0.000156	0.000150	0
MODX_USD	2018-06-22	0.000151	0.000168	0.000168	0.000148	0
MODX_USD	2018-06-21	0.000168	0.000169	0.000170	0.000167	0
MODX_USD	2018-06-20	0.000169	0.000168	0.000170	0.000164	0
MODX_USD	2018-06-19	0.000169	0.000168	0.000171	0.000167	0
MODX_USD	2018-06-18	0.000167	0.000161	0.000170	0.000160	0
MODX_USD	2018-06-17	0.000161	0.000162	0.000164	0.000161	0
MODX_USD	2018-06-16	0.000162	0.000160	0.000164	0.000158	0
MODX_USD	2018-06-15	0.000160	0.000166	0.000199	0.000159	0
MODX_USD	2018-06-14	0.000166	0.000157	0.000234	0.000157	0
MODX_USD	2018-06-13	0.000157	0.000196	0.000230	0.000153	0
MODX_USD	2018-06-12	0.000196	0.000240	0.000240	0.000194	0
MODX_USD	2018-06-11	0.000241	0.000169	0.000241	0.000166	0
MODX_USD	2018-06-10	0.000169	0.000262	0.000262	0.000166	0
MODX_USD	2018-06-09	0.000262	0.000191	0.000344	0.000114	0
MODX_USD	2018-06-08	0.000190	0.000423	0.000423	0.000190	0
MODX_USD	2018-06-07	0.000423	0.000421	0.000501	0.000421	0
MODX_USD	2018-06-06	0.000421	0.000572	0.000576	0.000419	0
MODX_USD	2018-06-05	0.000572	0.000599	0.000638	0.000553	0
MODX_USD	2018-06-04	0.000600	0.000579	0.000674	0.000485	0
MODX_USD	2018-06-03	0.000579	0.000572	0.000661	0.000570	0
MODX_USD	2018-06-02	0.000573	0.000489	0.000576	0.000485	0
MODX_USD	2018-06-01	0.000489	0.000561	0.000564	0.000446	0
MODX_USD	2018-05-31	0.000561	0.000479	0.001130	0.000477	0
MODX_USD	2018-05-30	0.000479	0.000560	0.000640	0.000477	0
MODX_USD	2018-05-29	0.000559	0.000604	0.000635	0.000555	0
MODX_USD	2018-05-28	0.000603	0.000698	0.000698	0.000603	0
MODX_USD	2018-05-27	0.000697	0.000696	0.000702	0.000620	0
MODX_USD	2018-05-26	0.000696	0.000708	0.000723	0.000676	0
MODX_USD	2018-05-25	0.000709	0.000644	0.000742	0.000627	0
MODX_USD	2018-05-24	0.000644	0.000638	0.000656	0.000617	0
MODX_USD	2018-05-23	0.000638	0.000758	0.000762	0.000624	0
MODX_USD	2018-05-22	0.000758	0.000798	0.000873	0.000693	0
MODX_USD	2018-05-21	0.000798	0.000938	0.000981	0.000794	0
MODX_USD	2018-05-20	0.000938	0.000989	0.001073	0.000866	0
MODX_USD	2018-05-19	0.000989	0.001112	0.001164	0.000943	0
MODX_USD	2018-05-18	0.001112	0.001047	0.001112	0.001011	0
MODX_USD	2018-05-17	0.001049	0.001127	0.001157	0.000942	0
MODX_USD	2018-05-16	0.001126	0.001101	0.001217	0.000801	0
MODX_USD	2018-05-15	0.001101	0.001603	0.001703	0.000975	0
MODX_USD	2018-05-14	0.001603	0.001867	0.001867	0.001549	0
MODX_USD	2018-05-13	0.001867	0.001653	0.001872	0.001631	0
MODX_USD	2018-05-12	0.001649	0.001720	0.001923	0.001645	0
MODX_USD	2018-05-11	0.001720	0.002029	0.002029	0.001711	0
MODX_USD	2018-05-10	0.002029	0.001864	0.002035	0.001855	0
MODX_USD	2018-05-09	0.001864	0.001837	0.001997	0.001661	0
MODX_USD	2018-05-08	0.001838	0.001965	0.001972	0.000000	0
MODX_USD	2018-05-07	0.001980	0.001980	0.002103	0.001898	0
MODX_USD	2018-05-06	0.001980	0.002022	0.002043	0.001938	0
MODX_USD	2018-05-05	0.002020	0.002184	0.002247	0.001996	0
MODX_USD	2018-05-04	0.002184	0.002197	0.002368	0.002151	0
MODX_USD	2018-05-03	0.002199	0.002032	0.002265	0.001926	0
MODX_USD	2018-05-02	0.002032	0.002131	0.002154	0.001867	0
MODX_USD	2018-05-01	0.002087	0.002171	0.002171	0.001917	0
MODX_USD	2018-04-30	0.002171	0.002209	0.002279	0.002035	0
MODX_USD	2018-04-29	0.002209	0.002242	0.002887	0.002031	0
MODX_USD	2018-04-28	0.002242	0.002232	0.002613	0.002033	0
MODX_USD	2018-04-27	0.002232	0.001627	0.017343	0.001431	0
MODX_USD	2018-04-26	0.001627	0.001642	0.001653	0.001187	0
MODX_USD	2018-04-25	0.001642	0.001785	0.001812	0.001597	0
MODX_USD	2018-04-24	0.001790	0.001520	0.001850	0.001434	0
MODX_USD	2018-04-23	0.001520	0.001496	0.001523	0.001462	0
MODX_USD	2018-04-22	0.001496	0.001426	0.001743	0.001407	0
MODX_USD	2018-04-21	0.001426	0.001375	0.001447	0.001336	0
MODX_USD	2018-04-20	0.001375	0.001365	0.001413	0.001310	0
MODX_USD	2018-04-19	0.001365	0.001266	0.001729	0.001176	0
MODX_USD	2018-04-18	0.001266	0.001065	0.001274	0.001063	0
MODX_USD	2018-04-17	0.001065	0.001088	0.001146	0.001057	0
MODX_USD	2018-04-16	0.001088	0.001170	0.001180	0.000995	0
MODX_USD	2018-04-15	0.001170	0.001241	0.001874	0.001164	0
MODX_USD	2018-04-14	0.001241	0.001261	0.001293	0.001219	0
MODX_USD	2018-04-13	0.001261	0.001068	0.001388	0.001068	0
MODX_USD	2018-04-12	0.001068	0.000937	0.001169	0.000913	0
MODX_USD	2018-04-11	0.000938	0.000923	0.001059	0.000922	0
MODX_USD	2018-04-10	0.000923	0.000913	0.000930	0.000855	0
MODX_USD	2018-04-09	0.000912	0.000912	0.001006	0.000893	0
MODX_USD	2018-04-08	0.000912	0.000758	0.000917	0.000757	0
MODX_USD	2018-04-07	0.000758	0.000794	0.001001	0.000754	0
MODX_USD	2018-04-06	0.000794	0.000710	0.000924	0.000623	0
MODX_USD	2018-04-05	0.000710	0.000984	0.001031	0.000538	0
MODX_USD	2018-04-04	0.000984	0.001185	0.001187	0.000876	0
MODX_USD	2018-04-03	0.001185	0.001269	0.001293	0.001042	0
MODX_USD	2018-04-02	0.001269	0.001498	0.001550	0.001158	0
MODX_USD	2018-04-01	0.001498	0.001489	0.001913	0.001261	0
MODX_USD	2018-03-31	0.001489	0.001505	0.001544	0.001257	0
MODX_USD	2018-03-30	0.001505	0.001560	0.001571	0.001105	0
MODX_USD	2018-03-29	0.001560	0.001310	0.002012	0.001164	0
MODX_USD	2018-03-28	0.001310	0.001479	0.001933	0.001294	0
MODX_USD	2018-03-27	0.001479	0.001584	0.001718	0.001455	0
MODX_USD	2018-03-26	0.001588	0.001605	0.001643	0.001529	0
MODX_USD	2018-03-25	0.001605	0.001659	0.001700	0.001551	0
MODX_USD	2018-03-24	0.001659	0.001602	0.001919	0.001349	0
MODX_USD	2018-03-23	0.001602	0.001482	0.002383	0.001220	0
MODX_USD	2018-03-22	0.001482	0.001646	0.001681	0.001449	0
MODX_USD	2018-03-21	0.001646	0.001512	0.001651	0.001445	0
MODX_USD	2018-03-20	0.001512	0.001247	0.001528	0.001225	0
MODX_USD	2018-03-19	0.001247	0.001354	0.001696	0.001213	0
MODX_USD	2018-03-18	0.001354	0.001023	0.001447	0.000981	0
MODX_USD	2018-03-17	0.001023	0.001493	0.001558	0.000981	0
MODX_USD	2018-03-16	0.001493	0.001362	0.001570	0.001253	0
MODX_USD	2018-03-15	0.001362	0.001187	0.001375	0.001114	0
MODX_USD	2018-03-14	0.001187	0.001553	0.001631	0.001069	0
MODX_USD	2018-03-13	0.001553	0.001550	0.001856	0.001487	0
MODX_USD	2018-03-12	0.001550	0.002330	0.002449	0.001267	0
MODX_USD	2018-03-11	0.002330	0.002452	0.002454	0.001815	0
MODX_USD	2018-03-10	0.002452	0.002674	0.002755	0.002439	0
MODX_USD	2018-03-09	0.002674	0.002976	0.003014	0.002463	0
MODX_USD	2018-03-08	0.002976	0.003409	0.003657	0.002623	0
MODX_USD	2018-03-07	0.003409	0.003056	0.003935	0.002905	0
MODX_USD	2018-03-06	0.003056	0.004193	0.004193	0.003016	0
MODX_USD	2018-03-05	0.004193	0.003797	0.004322	0.003612	0
MODX_USD	2018-03-04	0.003797	0.004345	0.004353	0.003736	0
MODX_USD	2018-03-03	0.004350	0.004189	0.004723	0.004132	0
MODX_USD	2018-03-02	0.004150	0.004152	0.004615	0.003986	0
