MXM_USD	2019-04-09	0.0690	0.0710	0.0745	0.0680	223446912
MXM_USD	2019-04-08	0.0710	0.0795	0.0880	0.0680	300378176
MXM_USD	2019-04-07	0.0795	0.0908	0.0927	0.0770	155879920
MXM_USD	2019-04-06	0.0908	0.1032	0.1032	0.0889	138719456
MXM_USD	2019-04-05	0.1032	0.0911	0.1042	0.0860	174380000
MXM_USD	2019-04-04	0.0911	0.0761	0.1110	0.0450	328567872
MXM_USD	2019-04-03	0.0761	0.1467	0.1488	0.0243	256958368
MXM_USD	2019-04-02	0.1467	0.1469	0.1488	0.1430	116375496
MXM_USD	2019-04-01	0.1465	0.1393	0.1480	0.1380	112479616
MXM_USD	2019-03-31	0.1393	0.1380	0.1397	0.1355	169362240
MXM_USD	2019-03-30	0.1380	0.1346	0.1380	0.1335	127691944
MXM_USD	2019-03-29	0.1346	0.1107	0.1346	0.1106	221216240
MXM_USD	2019-03-28	0.1107	0.1043	0.1107	0.0993	120612768
MXM_USD	2019-03-27	0.1043	0.0975	0.1043	0.0964	183769712
MXM_USD	2019-03-26	0.0975	0.0959	0.0980	0.0939	160204768
MXM_USD	2019-03-25	0.0959	0.0740	0.0981	0.0725	178384688
MXM_USD	2019-03-24	0.0740	0.0709	0.0741	0.0698	159350880
MXM_USD	2019-03-23	0.0709	0.0592	0.0710	0.0590	142763408
MXM_USD	2019-03-22	0.0592	0.0559	0.0617	0.0559	177157280
MXM_USD	2019-03-21	0.0559	0.0499	0.0560	0.0498	134982128
MXM_USD	2019-03-20	0.0499	0.0464	0.0500	0.0464	163245328
MXM_USD	2019-03-19	0.0464	0.0430	0.0477	0.0420	136869488
MXM_USD	2019-03-18	0.0430	0.0380	0.0430	0.0380	160366784
MXM_USD	2019-03-17	0.0380	0.0370	0.0387	0.0362	121024944
MXM_USD	2019-03-16	0.0370	0.0340	0.0375	0.0338	84066288
MXM_USD	2019-03-15	0.0340	0.0337	0.0342	0.0318	90968104
MXM_USD	2019-03-14	0.0337	0.0330	0.0342	0.0330	56405220
MXM_USD	2019-03-13	0.0330	0.0322	0.0344	0.0317	120400672
MXM_USD	2019-03-12	0.0322	0.0255	0.0360	0.0241	145730224
MXM_USD	2019-03-11	0.0255	0.0252	0.0256	0.0248	77501632
MXM_USD	2019-03-10	0.0252	0.0226	0.0256	0.0224	111215032
MXM_USD	2019-03-09	0.0225	0.0198	0.0228	0.0198	126184056
MXM_USD	2019-03-08	0.0198	0.0196	0.0202	0.0196	73172104
MXM_USD	2019-03-07	0.0196	0.0201	0.0206	0.0193	104570432
MXM_USD	2019-03-06	0.0201	0.0179	0.0205	0.0178	117885064
MXM_USD	2019-03-05	0.0179	0.0158	0.0181	0.0158	86900912
MXM_USD	2019-03-04	0.0158	0.0150	0.0166	0.0148	113864024
MXM_USD	2019-03-03	0.0150	0.0128	0.0156	0.0127	149303600
MXM_USD	2019-03-02	0.0128	0.0122	0.0130	0.0122	86683920
MXM_USD	2019-03-01	0.0122	0.0118	0.0128	0.0118	112815680
MXM_USD	2019-02-28	0.0118	0.0119	0.0121	0.0114	107828456
MXM_USD	2019-02-27	0.0119	0.0117	0.0123	0.0117	106270208
MXM_USD	2019-02-26	0.0117	0.0118	0.0121	0.0114	106887584
MXM_USD	2019-02-25	0.0118	0.0114	0.0120	0.0114	99785256
MXM_USD	2019-02-24	0.0114	0.0114	0.0118	0.0113	87604184
MXM_USD	2019-02-23	0.0114	0.0113	0.0115	0.0110	84538176
MXM_USD	2019-02-22	0.0113	0.0113	0.0117	0.0113	52036968
MXM_USD	2019-02-21	0.0113	0.0113	0.0118	0.0113	72046904
MXM_USD	2019-02-20	0.0113	0.0115	0.0116	0.0113	45110880
MXM_USD	2019-02-19	0.0115	0.0116	0.0118	0.0112	66952476
MXM_USD	2019-02-18	0.0116	0.0112	0.0122	0.0112	144797120
MXM_USD	2019-02-17	0.0112	0.0100	0.0117	0.0100	130940016
MXM_USD	2019-02-16	0.0100	0.0112	0.0112	0.0094	91434296
MXM_USD	2019-02-15	0.0112	0.0098	0.0119	0.0094	210496672
MXM_USD	2019-02-14	0.0098	0.0072	0.0098	0.0072	138964560
MXM_USD	2019-02-13	0.0072	0.0057	0.0077	0.0057	179525728
MXM_USD	2019-02-12	0.0057	0.0048	0.0057	0.0045	105218960
MXM_USD	2019-02-11	0.0048	0.0052	0.0052	0.0029	173245520
MXM_USD	2019-02-10	0.0052	0.0053	0.0055	0.0046	121686312
MXM_USD	2019-02-09	0.0053	0.0060	0.0062	0.0047	126727632
MXM_USD	2019-02-08	0.0060	0.0066	0.0072	0.0055	87605888
MXM_USD	2019-02-07	0.0066	0.0067	0.0087	0.0065	60489680
MXM_USD	2019-02-06	0.0067	0.0102	0.0103	0.0045	95173568
MXM_USD	2019-02-05	0.0102	0.0102	0.0103	0.0102	15459540
MXM_USD	2019-02-04	0.0102	0.0103	0.0105	0.0102	39819820
MXM_USD	2019-02-03	0.0103	0.0101	0.0105	0.0099	87512752
MXM_USD	2019-02-02	0.0101	0.0102	0.0105	0.0099	94205104
MXM_USD	2019-02-01	0.0102	0.0100	0.0104	0.0099	85378664
MXM_USD	2019-01-31	0.0100	0.0103	0.0106	0.0100	89066616
MXM_USD	2019-01-30	0.0103	0.0101	0.0108	0.0099	74881208
MXM_USD	2019-01-29	0.0101	0.0103	0.0108	0.0101	70150336
MXM_USD	2019-01-28	0.0103	0.0106	0.0110	0.0103	84940472
MXM_USD	2019-01-27	0.0106	0.0108	0.0112	0.0102	83213768
MXM_USD	2019-01-26	0.0108	0.0107	0.0112	0.0102	79271072
MXM_USD	2019-01-25	0.0107	0.0106	0.0116	0.0102	53915624
MXM_USD	2019-01-24	0.0106	0.0114	0.0118	0.0101	86561216
MXM_USD	2019-01-23	0.0114	0.0119	0.0119	0.0113	64769036
MXM_USD	2019-01-22	0.0119	0.0118	0.0120	0.0117	66619668
MXM_USD	2019-01-21	0.0118	0.0117	0.0118	0.0117	67366192
MXM_USD	2019-01-20	0.0117	0.0115	0.0119	0.0114	66243176
MXM_USD	2019-01-19	0.0115	0.0114	0.0116	0.0113	40244960
MXM_USD	2019-01-18	0.0114	0.0111	0.0116	0.0110	46299204
MXM_USD	2019-01-17	0.0111	0.0107	0.0113	0.0107	49113308
MXM_USD	2019-01-16	0.0107	0.0104	0.0109	0.0104	38888956
MXM_USD	2019-01-15	0.0104	0.0106	0.0106	0.0104	33253144
MXM_USD	2019-01-14	0.0106	0.0104	0.0109	0.0104	45711712
MXM_USD	2019-01-13	0.0104	0.0104	0.0106	0.0104	27189544
MXM_USD	2019-01-12	0.0104	0.0104	0.0109	0.0104	29713902
MXM_USD	2019-01-11	0.0104	0.0104	0.0109	0.0104	31312068
