NBIT_USD	2019-04-09	0.001653	0.001649	0.001668	0.001629	0
NBIT_USD	2019-04-08	0.001649	0.001600	0.001652	0.001571	0
NBIT_USD	2019-04-07	0.001600	0.001549	0.001617	0.001548	0
NBIT_USD	2019-04-06	0.001549	0.001551	0.001609	0.001515	0
NBIT_USD	2019-04-05	0.001551	0.001505	0.001561	0.001505	0
NBIT_USD	2019-04-04	0.001505	0.001519	0.001555	0.001474	0
NBIT_USD	2019-04-03	0.001519	0.001504	0.001624	0.001479	0
NBIT_USD	2019-04-02	0.001504	0.001281	0.001548	0.001278	0
NBIT_USD	2019-04-01	0.001281	0.001271	0.001287	0.001259	0
NBIT_USD	2019-03-31	0.001271	0.001270	0.001275	0.001267	0
NBIT_USD	2019-03-30	0.001270	0.001275	0.001284	0.001258	0
NBIT_USD	2019-03-29	0.001275	0.001248	0.001277	0.001229	0
NBIT_USD	2019-03-28	0.001248	0.001251	0.001252	0.001241	0
NBIT_USD	2019-03-27	0.001251	0.001217	0.001253	0.001214	0
NBIT_USD	2019-03-26	0.001217	0.001211	0.001218	0.001194	0
NBIT_USD	2019-03-25	0.001211	0.001233	0.001235	0.001202	0
NBIT_USD	2019-03-24	0.001233	0.001239	0.001239	0.001224	0
NBIT_USD	2019-03-23	0.001239	0.001235	0.001243	0.001231	0
NBIT_USD	2019-03-22	0.001235	0.001234	0.001241	0.001215	0
NBIT_USD	2019-03-21	0.001234	0.001238	0.001259	0.001202	0
NBIT_USD	2019-03-20	0.001238	0.001253	0.001256	0.001229	0
NBIT_USD	2019-03-19	0.001253	0.001242	0.001256	0.001225	0
NBIT_USD	2019-03-18	0.001242	0.001241	0.001256	0.001232	0
NBIT_USD	2019-03-17	0.001241	0.001247	0.001247	0.001233	0
NBIT_USD	2019-03-16	0.001247	0.001221	0.001267	0.001221	0
NBIT_USD	2019-03-15	0.001221	0.001205	0.001223	0.001204	0
NBIT_USD	2019-03-14	0.001205	0.001204	0.001220	0.001186	0
NBIT_USD	2019-03-13	0.001204	0.001226	0.001231	0.001201	0
NBIT_USD	2019-03-12	0.001226	0.001225	0.001234	0.001208	0
NBIT_USD	2019-03-11	0.001225	0.001240	0.001243	0.001216	0
NBIT_USD	2019-03-10	0.001240	0.001225	0.001244	0.001209	0
NBIT_USD	2019-03-09	0.001225	0.001222	0.001254	0.001216	0
NBIT_USD	2019-03-08	0.001222	0.001229	0.001246	0.001202	0
NBIT_USD	2019-03-07	0.001229	0.001225	0.001238	0.001220	0
NBIT_USD	2019-03-06	0.001225	0.001225	0.001233	0.001212	0
NBIT_USD	2019-03-05	0.001225	0.001178	0.001230	0.001174	0
NBIT_USD	2019-03-04	0.001178	0.001204	0.001211	0.001168	0
NBIT_USD	2019-03-03	0.001204	0.001213	0.001216	0.001197	0
NBIT_USD	2019-03-02	0.001213	0.001195	0.001213	0.001176	0
NBIT_USD	2019-03-01	0.001195	0.001188	0.001221	0.001187	0
NBIT_USD	2019-02-28	0.001188	0.001209	0.001221	0.001172	0
NBIT_USD	2019-02-27	0.001209	0.001208	0.001220	0.001170	0
NBIT_USD	2019-02-26	0.001208	0.001216	0.001220	0.001201	0
NBIT_USD	2019-02-25	0.001216	0.001188	0.001229	0.001187	0
NBIT_USD	2019-02-24	0.001188	0.001306	0.001328	0.001182	0
NBIT_USD	2019-02-23	0.001306	0.001260	0.001319	0.001245	0
NBIT_USD	2019-02-22	0.001260	0.001223	0.001261	0.001217	0
NBIT_USD	2019-02-21	0.001223	0.001238	0.001257	0.001213	0
NBIT_USD	2019-02-20	0.001238	0.001217	0.001240	0.001210	0
NBIT_USD	2019-02-19	0.001217	0.001214	0.001245	0.001203	0
NBIT_USD	2019-02-18	0.001214	0.001139	0.001223	0.001136	0
NBIT_USD	2019-02-17	0.001139	0.001121	0.001154	0.001119	0
NBIT_USD	2019-02-16	0.001121	0.001118	0.001136	0.001118	0
NBIT_USD	2019-02-15	0.001118	0.001134	0.001143	0.001112	0
NBIT_USD	2019-02-14	0.001134	0.001137	0.001141	0.001129	0
NBIT_USD	2019-02-13	0.001137	0.001145	0.001158	0.001132	0
NBIT_USD	2019-02-12	0.001145	0.001086	0.001152	0.001075	0
NBIT_USD	2019-02-11	0.001086	0.001105	0.001106	0.001073	0
NBIT_USD	2019-02-10	0.001105	0.001097	0.001106	0.001082	0
NBIT_USD	2019-02-09	0.001097	0.001099	0.001103	0.001077	0
NBIT_USD	2019-02-08	0.001099	0.000996	0.001119	0.000996	0
NBIT_USD	2019-02-07	0.000996	0.000984	0.001001	0.000980	0
NBIT_USD	2019-02-06	0.000984	0.001001	0.001003	0.000976	0
NBIT_USD	2019-02-05	0.001001	0.000995	0.001002	0.000991	0
NBIT_USD	2019-02-04	0.000995	0.000998	0.001003	0.000979	0
NBIT_USD	2019-02-03	0.000998	0.001014	0.001017	0.000989	0
NBIT_USD	2019-02-02	0.001014	0.001008	0.001018	0.000998	0
NBIT_USD	2019-02-01	0.001008	0.000998	0.001013	0.000988	0
NBIT_USD	2019-01-31	0.000998	0.001024	0.001024	0.000992	0
NBIT_USD	2019-01-30	0.001024	0.001009	0.001028	0.001001	0
NBIT_USD	2019-01-29	0.001009	0.001015	0.001019	0.000993	0
NBIT_USD	2019-01-28	0.001015	0.001043	0.001043	0.001002	0
NBIT_USD	2019-01-27	0.001043	0.001035	0.001056	0.001027	0
NBIT_USD	2019-01-26	0.001035	0.001125	0.001132	0.001020	0
NBIT_USD	2019-01-25	0.001125	0.001132	0.001136	0.001115	0
NBIT_USD	2019-01-24	0.001132	0.001104	0.001137	0.001095	0
NBIT_USD	2019-01-23	0.001104	0.001110	0.001120	0.001096	0
NBIT_USD	2019-01-22	0.001110	0.001092	0.001121	0.001068	0
NBIT_USD	2019-01-21	0.001092	0.001094	0.001100	0.001084	0
NBIT_USD	2019-01-20	0.001094	0.001148	0.001158	0.001082	0
NBIT_USD	2019-01-19	0.001148	0.001121	0.001173	0.001121	0
NBIT_USD	2019-01-18	0.001121	0.001135	0.001136	0.001114	0
NBIT_USD	2019-01-17	0.001135	0.001120	0.001135	0.001104	0
NBIT_USD	2019-01-16	0.001120	0.001115	0.001139	0.001111	0
NBIT_USD	2019-01-15	0.001115	0.001143	0.001151	0.001108	0
NBIT_USD	2019-01-14	0.001143	0.001095	0.001158	0.001092	0
NBIT_USD	2019-01-13	0.001095	0.001129	0.001134	0.001089	0
NBIT_USD	2019-01-12	0.001129	0.001133	0.001139	0.001119	0
NBIT_USD	2019-01-11	0.001133	0.001095	0.001148	0.001080	0
NBIT_USD	2019-01-10	0.001095	0.001184	0.001199	0.001069	0
NBIT_USD	2019-01-09	0.001184	0.001209	0.001240	0.001177	0
NBIT_USD	2019-01-08	0.001209	0.001234	0.001262	0.001209	0
NBIT_USD	2019-01-07	0.001234	0.001251	0.001259	0.001213	0
NBIT_USD	2019-01-06	0.001251	0.001193	0.002425	0.001172	0
NBIT_USD	2019-01-05	0.001193	0.001207	0.001234	0.001157	0
NBIT_USD	2019-01-04	0.001207	0.001176	0.001216	0.001168	0
NBIT_USD	2019-01-03	0.001176	0.001418	0.001419	0.001154	0
NBIT_USD	2019-01-02	0.001418	0.001366	0.001425	0.001359	0
NBIT_USD	2019-01-01	0.001366	0.001322	0.001373	0.001307	0
NBIT_USD	2018-12-31	0.001322	0.001371	0.001374	0.001305	0
NBIT_USD	2018-12-30	0.001371	0.001340	0.001376	0.001327	0
NBIT_USD	2018-12-29	0.001340	0.001393	0.001410	0.001334	0
NBIT_USD	2018-12-28	0.001393	0.001281	0.001409	0.001267	0
NBIT_USD	2018-12-27	0.001281	0.001493	0.001506	0.001272	0
NBIT_USD	2018-12-26	0.001493	0.001484	0.001516	0.001449	0
NBIT_USD	2018-12-25	0.001484	0.001575	0.001578	0.001452	0
NBIT_USD	2018-12-24	0.001575	0.001547	0.001666	0.001547	0
NBIT_USD	2018-12-23	0.001547	0.001547	0.001600	0.001528	0
NBIT_USD	2018-12-22	0.001547	0.001509	0.001555	0.001403	0
NBIT_USD	2018-12-21	0.001509	0.001602	0.001629	0.001484	0
NBIT_USD	2018-12-20	0.001602	0.001238	0.001632	0.001229	0
NBIT_USD	2018-12-19	0.001238	0.001191	0.001313	0.001185	0
NBIT_USD	2018-12-18	0.001191	0.001142	0.001196	0.001118	0
NBIT_USD	2018-12-17	0.001142	0.001039	0.001167	0.001035	0
NBIT_USD	2018-12-16	0.001039	0.001019	0.001064	0.001016	0
NBIT_USD	2018-12-15	0.001019	0.000952	0.001029	0.000949	0
NBIT_USD	2018-12-14	0.000952	0.000871	0.000965	0.000845	0
NBIT_USD	2018-12-13	0.000871	0.000920	0.000921	0.000866	0
NBIT_USD	2018-12-12	0.000920	0.000924	0.000940	0.000900	0
NBIT_USD	2018-12-11	0.000932	0.001040	0.001047	0.000917	0
NBIT_USD	2018-12-10	0.001040	0.001075	0.001091	0.001025	0
NBIT_USD	2018-12-09	0.001075	0.001034	0.001114	0.001023	0
NBIT_USD	2018-12-08	0.001034	0.001020	0.001079	0.000978	0
NBIT_USD	2018-12-07	0.001020	0.001044	0.001062	0.000968	0
NBIT_USD	2018-12-06	0.001044	0.001111	0.001155	0.001037	0
NBIT_USD	2018-12-05	0.001111	0.001175	0.001179	0.001107	0
NBIT_USD	2018-12-04	0.001175	0.001132	0.001219	0.001115	0
NBIT_USD	2018-12-03	0.001132	0.001269	0.001274	0.001111	0
NBIT_USD	2018-12-02	0.001269	0.001209	0.001283	0.001178	0
NBIT_USD	2018-12-01	0.001209	0.001151	0.001237	0.001134	0
NBIT_USD	2018-11-30	0.001151	0.001229	0.001242	0.001130	0
NBIT_USD	2018-11-29	0.001229	0.001227	0.001273	0.001192	0
NBIT_USD	2018-11-28	0.001227	0.001107	0.001263	0.001107	0
NBIT_USD	2018-11-27	0.001107	0.001099	0.001124	0.001051	0
NBIT_USD	2018-11-26	0.001099	0.001170	0.001196	0.001059	0
NBIT_USD	2018-11-25	0.001170	0.001120	0.001197	0.001044	0
NBIT_USD	2018-11-24	0.001120	0.001260	0.001287	0.001093	0
NBIT_USD	2018-11-23	0.001260	0.001252	0.001407	0.001212	0
NBIT_USD	2018-11-22	0.001252	0.001331	0.001506	0.001252	0
NBIT_USD	2018-11-21	0.001331	0.001308	0.001492	0.001263	0
NBIT_USD	2018-11-20	0.001308	0.001407	0.001468	0.001231	0
NBIT_USD	2018-11-19	0.001407	0.001330	0.001457	0.001149	0
NBIT_USD	2018-11-18	0.001330	0.001379	0.001888	0.001323	0
NBIT_USD	2018-11-17	0.001379	0.001925	0.001925	0.001370	0
NBIT_USD	2018-11-16	0.001925	0.001956	0.001957	0.001889	0
NBIT_USD	2018-11-15	0.001956	0.002001	0.002016	0.001850	0
NBIT_USD	2018-11-14	0.002001	0.002198	0.002205	0.001940	0
NBIT_USD	2018-11-13	0.002198	0.002192	0.002209	0.002177	0
NBIT_USD	2018-11-12	0.002192	0.002196	0.002203	0.002182	0
NBIT_USD	2018-11-11	0.002196	0.001929	0.002257	0.001928	0
NBIT_USD	2018-11-10	0.001929	0.002536	0.002539	0.001928	0
NBIT_USD	2018-11-09	0.002536	0.002495	0.002548	0.002470	0
NBIT_USD	2018-11-08	0.002495	0.002498	0.002526	0.002468	0
NBIT_USD	2018-11-07	0.002498	0.002476	0.002511	0.002475	0
NBIT_USD	2018-11-06	0.002476	0.002426	0.002476	0.002418	0
NBIT_USD	2018-11-05	0.002426	0.002432	0.002436	0.002415	0
NBIT_USD	2018-11-04	0.002432	0.002395	0.002441	0.002385	0
NBIT_USD	2018-11-03	0.002395	0.002410	0.002412	0.002375	0
NBIT_USD	2018-11-02	0.002410	0.002400	0.002421	0.002397	0
NBIT_USD	2018-11-01	0.002400	0.002388	0.002409	0.002383	0
NBIT_USD	2018-10-31	0.002388	0.002374	0.002399	0.002344	0
NBIT_USD	2018-10-30	0.002374	0.002379	0.002393	0.002367	0
NBIT_USD	2018-10-29	0.002379	0.002434	0.002438	0.002370	0
NBIT_USD	2018-10-28	0.002434	0.002438	0.002441	0.002421	0
NBIT_USD	2018-10-27	0.002438	0.002417	0.002438	0.002386	0
NBIT_USD	2018-10-26	0.002417	0.002383	0.002418	0.002317	0
NBIT_USD	2018-10-25	0.002383	0.002392	0.002420	0.002351	0
NBIT_USD	2018-10-24	0.002392	0.002391	0.002417	0.002388	0
NBIT_USD	2018-10-23	0.002391	0.002430	0.002435	0.002384	0
NBIT_USD	2018-10-22	0.002430	0.002438	0.002452	0.002423	0
NBIT_USD	2018-10-21	0.002438	0.002437	0.002462	0.002436	0
NBIT_USD	2018-10-20	0.002437	0.002415	0.002445	0.002409	0
NBIT_USD	2018-10-19	0.002415	0.002447	0.002453	0.002409	0
NBIT_USD	2018-10-18	0.002447	0.002391	0.002489	0.002387	0
NBIT_USD	2018-10-17	0.002391	0.002163	0.002397	0.002110	0
NBIT_USD	2018-10-16	0.002163	0.002124	0.002171	0.002080	0
NBIT_USD	2018-10-15	0.002124	0.001995	0.002368	0.001984	0
NBIT_USD	2018-10-14	0.001995	0.001993	0.002016	0.001979	0
NBIT_USD	2018-10-13	0.001993	0.001952	0.001993	0.001925	0
NBIT_USD	2018-10-12	0.001952	0.001877	0.001960	0.001849	0
NBIT_USD	2018-10-11	0.001877	0.002287	0.002287	0.001548	0
NBIT_USD	2018-10-10	0.002287	0.002265	0.002287	0.002220	0
NBIT_USD	2018-10-09	0.002265	0.002269	0.002271	0.002247	0
NBIT_USD	2018-10-08	0.002269	0.002244	0.002284	0.002208	0
NBIT_USD	2018-10-07	0.002244	0.002241	0.002255	0.002209	0
NBIT_USD	2018-10-06	0.002241	0.002259	0.002260	0.002207	0
NBIT_USD	2018-10-05	0.002259	0.002204	0.002266	0.002194	0
NBIT_USD	2018-10-04	0.002204	0.002179	0.002222	0.002177	0
NBIT_USD	2018-10-03	0.002179	0.002190	0.002195	0.002136	0
NBIT_USD	2018-10-02	0.002190	0.002211	0.002222	0.002175	0
NBIT_USD	2018-10-01	0.002211	0.002151	0.002223	0.002150	0
NBIT_USD	2018-09-30	0.002151	0.002147	0.002163	0.002099	0
NBIT_USD	2018-09-29	0.002147	0.002156	0.002156	0.002101	0
NBIT_USD	2018-09-28	0.002156	0.002174	0.002218	0.002127	0
NBIT_USD	2018-09-27	0.002174	0.002036	0.002809	0.002029	0
NBIT_USD	2018-09-26	0.002036	0.001995	0.002064	0.001980	0
NBIT_USD	2018-09-25	0.001995	0.002074	0.002074	0.001975	0
NBIT_USD	2018-09-24	0.002074	0.002080	0.002109	0.002065	0
NBIT_USD	2018-09-23	0.002080	0.002017	0.002085	0.002000	0
NBIT_USD	2018-09-22	0.002017	0.002099	0.002121	0.001996	0
NBIT_USD	2018-09-21	0.002099	0.003023	0.003039	0.002014	0
NBIT_USD	2018-09-20	0.003023	0.002972	0.003034	0.002956	0
NBIT_USD	2018-09-19	0.002972	0.002949	0.003008	0.002843	0
NBIT_USD	2018-09-18	0.002949	0.002908	0.002968	0.002897	0
NBIT_USD	2018-09-17	0.002908	0.003022	0.003037	0.002889	0
NBIT_USD	2018-09-16	0.003022	0.003032	0.003032	0.002967	0
NBIT_USD	2018-09-15	0.003032	0.002984	0.003048	0.002978	0
NBIT_USD	2018-09-14	0.002984	0.003011	0.003030	0.002932	0
NBIT_USD	2018-09-13	0.003011	0.002915	0.003033	0.002914	0
NBIT_USD	2018-09-12	0.002915	0.002862	0.002921	0.002835	0
NBIT_USD	2018-09-11	0.002862	0.002902	0.002937	0.002827	0
NBIT_USD	2018-09-10	0.002902	0.002839	0.002918	0.002839	0
NBIT_USD	2018-09-09	0.002839	0.002814	0.002920	0.002801	0
NBIT_USD	2018-09-08	0.002814	0.002914	0.002946	0.002794	0
NBIT_USD	2018-09-07	0.002914	0.003452	0.003463	0.002473	0
NBIT_USD	2018-09-06	0.003452	0.003553	0.003562	0.003345	0
NBIT_USD	2018-09-05	0.003553	0.003900	0.003919	0.003551	0
NBIT_USD	2018-09-04	0.003900	0.003889	0.003927	0.003861	0
NBIT_USD	2018-09-03	0.003889	0.003900	0.003925	0.003852	0
NBIT_USD	2018-09-02	0.003900	0.003851	0.003931	0.003818	0
NBIT_USD	2018-09-01	0.003851	0.003830	0.003884	0.003736	0
NBIT_USD	2018-08-31	0.003830	0.003707	0.003845	0.003654	0
NBIT_USD	2018-08-30	0.003707	0.003735	0.003742	0.003607	0
NBIT_USD	2018-08-29	0.003735	0.003752	0.003778	0.003672	0
NBIT_USD	2018-08-28	0.003752	0.003659	0.003777	0.003642	0
NBIT_USD	2018-08-27	0.003659	0.003555	0.003663	0.003530	0
NBIT_USD	2018-08-26	0.003555	0.003572	0.003594	0.003488	0
NBIT_USD	2018-08-25	0.003572	0.003548	0.003600	0.003535	0
NBIT_USD	2018-08-24	0.003548	0.003459	0.003564	0.003425	0
NBIT_USD	2018-08-23	0.003459	0.003336	0.003480	0.003334	0
NBIT_USD	2018-08-22	0.003336	0.003401	0.003605	0.003283	0
NBIT_USD	2018-08-21	0.003401	0.003284	0.003412	0.003281	0
NBIT_USD	2018-08-20	0.003284	0.003405	0.003423	0.003271	0
NBIT_USD	2018-08-19	0.003405	0.003355	0.003433	0.003312	0
NBIT_USD	2018-08-18	0.003355	0.003459	0.003470	0.003310	0
NBIT_USD	2018-08-17	0.003459	0.003314	0.003459	0.003304	0
NBIT_USD	2018-08-16	0.003314	0.003292	0.003398	0.003269	0
NBIT_USD	2018-08-15	0.003292	0.003186	0.003440	0.003184	0
NBIT_USD	2018-08-14	0.003186	0.003220	0.003220	0.003031	0
NBIT_USD	2018-08-13	0.003220	0.002904	0.003444	0.002357	0
NBIT_USD	2018-08-12	0.002904	0.002863	0.003046	0.002822	0
NBIT_USD	2018-08-11	0.002863	0.002826	0.002953	0.002763	0
NBIT_USD	2018-08-10	0.002826	0.002971	0.002991	0.002753	0
NBIT_USD	2018-08-09	0.002971	0.002888	0.003013	0.002847	0
NBIT_USD	2018-08-08	0.002888	0.003090	0.003090	0.002821	0
NBIT_USD	2018-08-07	0.003090	0.003295	0.003378	0.003074	0
NBIT_USD	2018-08-06	0.003295	0.003340	0.003394	0.003254	0
NBIT_USD	2018-08-05	0.003340	0.003328	0.003368	0.003273	0
NBIT_USD	2018-08-04	0.003328	0.003523	0.003557	0.003292	0
NBIT_USD	2018-08-03	0.003523	0.003579	0.003579	0.003460	0
NBIT_USD	2018-08-02	0.003579	0.003615	0.003658	0.003544	0
NBIT_USD	2018-08-01	0.003615	0.003679	0.003684	0.003536	0
NBIT_USD	2018-07-31	0.003679	0.003800	0.003951	0.003643	0
NBIT_USD	2018-07-30	0.003800	0.003823	0.003916	0.003658	0
NBIT_USD	2018-07-29	0.003823	0.003803	0.003848	0.003777	0
NBIT_USD	2018-07-27	0.003834	0.003834	0.003834	0.003834	0
NBIT_USD	2018-07-26	0.003834	0.003966	0.003966	0.003801	0
NBIT_USD	2018-07-25	0.003966	0.003912	0.003968	0.003755	0
NBIT_USD	2018-07-24	0.003912	0.003587	0.003940	0.003577	0
NBIT_USD	2018-07-23	0.003587	0.003442	0.003618	0.003429	0
NBIT_USD	2018-07-22	0.003442	0.003443	0.003517	0.003416	0
NBIT_USD	2018-07-21	0.003443	0.003410	0.003463	0.003358	0
NBIT_USD	2018-07-20	0.003410	0.003475	0.003613	0.003385	0
NBIT_USD	2018-07-19	0.003475	0.003425	0.003514	0.003388	0
NBIT_USD	2018-07-18	0.003425	0.003074	0.003624	0.003074	0
NBIT_USD	2018-07-17	0.003074	0.004075	0.004088	0.002785	0
NBIT_USD	2018-07-16	0.004075	0.003840	0.004083	0.003831	0
NBIT_USD	2018-07-15	0.003840	0.003594	0.003865	0.003584	0
NBIT_USD	2018-07-14	0.003594	0.003577	0.003624	0.003553	0
NBIT_USD	2018-07-13	0.003577	0.003583	0.003639	0.003533	0
NBIT_USD	2018-07-12	0.003583	0.003667	0.003667	0.003497	0
NBIT_USD	2018-07-11	0.003667	0.003623	0.003677	0.003617	0
NBIT_USD	2018-07-10	0.003623	0.003830	0.003841	0.003611	0
NBIT_USD	2018-07-09	0.003830	0.003824	0.003908	0.003811	0
NBIT_USD	2018-07-08	0.003824	0.004057	0.004074	0.003809	0
NBIT_USD	2018-07-07	0.004057	0.003961	0.004096	0.003907	0
NBIT_USD	2018-07-06	0.003961	0.003924	0.003978	0.003872	0
NBIT_USD	2018-07-05	0.003924	0.004053	0.004085	0.003883	0
NBIT_USD	2018-07-04	0.004053	0.003932	0.004129	0.003883	0
NBIT_USD	2018-07-03	0.003932	0.004037	0.004061	0.000053	0
NBIT_USD	2018-07-02	0.004037	0.005206	0.005211	0.000000	0
NBIT_USD	2018-07-01	0.005207	0.005305	0.005338	0.005173	0
NBIT_USD	2018-06-30	0.005305	0.005149	0.005408	0.005149	0
NBIT_USD	2018-06-29	0.005153	0.004972	0.005238	0.004860	0
NBIT_USD	2018-06-28	0.004980	0.004968	0.005338	0.004922	0
NBIT_USD	2018-06-27	0.004937	0.005914	0.005991	0.004793	0
NBIT_USD	2018-06-26	0.005933	0.006094	0.006117	0.005901	0
NBIT_USD	2018-06-25	0.006090	0.005962	0.006157	0.005930	0
NBIT_USD	2018-06-24	0.005964	0.005821	0.006052	0.005481	0
NBIT_USD	2018-06-23	0.005814	0.005680	0.005905	0.005678	0
NBIT_USD	2018-06-22	0.005680	0.006680	0.006697	0.005580	0
NBIT_USD	2018-06-21	0.006680	0.006726	0.006752	0.006658	0
NBIT_USD	2018-06-20	0.006727	0.006699	0.006777	0.006528	0
NBIT_USD	2018-06-19	0.006706	0.006678	0.006794	0.006636	0
NBIT_USD	2018-06-18	0.006676	0.006411	0.006752	0.006356	0
NBIT_USD	2018-06-17	0.006406	0.006455	0.006537	0.006395	0
NBIT_USD	2018-06-16	0.006453	0.006353	0.006517	0.006298	0
NBIT_USD	2018-06-15	0.006350	0.006609	0.006609	0.006329	0
NBIT_USD	2018-06-14	0.006596	0.006295	0.006664	0.006273	0
NBIT_USD	2018-06-13	0.006291	0.006511	0.006573	0.006128	0
NBIT_USD	2018-06-12	0.006510	0.006836	0.006847	0.006441	0
NBIT_USD	2018-06-11	0.006839	0.006724	0.006862	0.006605	0
NBIT_USD	2018-06-10	0.006716	0.007461	0.007461	0.006608	0
NBIT_USD	2018-06-09	0.007459	0.007196	0.007685	0.007196	0
NBIT_USD	2018-06-08	0.007196	0.007609	0.007733	0.007191	0
NBIT_USD	2018-06-07	0.007612	0.007769	0.007911	0.007569	0
NBIT_USD	2018-06-06	0.007768	0.007666	0.007814	0.007583	0
NBIT_USD	2018-06-05	0.007660	0.007489	0.007682	0.007373	0
NBIT_USD	2018-06-04	0.007457	0.007570	0.007602	0.007342	0
NBIT_USD	2018-06-03	0.007564	0.007480	0.007620	0.007448	0
NBIT_USD	2018-06-02	0.007485	0.007377	0.007535	0.007305	0
NBIT_USD	2018-06-01	0.007371	0.006737	0.007384	0.006616	0
NBIT_USD	2018-05-31	0.006738	0.006635	0.006840	0.006604	0
NBIT_USD	2018-05-30	0.006638	0.006681	0.006795	0.006552	0
NBIT_USD	2018-05-29	0.006674	0.006394	0.006731	0.006344	0
NBIT_USD	2018-05-28	0.006390	0.006608	0.006687	0.006363	0
NBIT_USD	2018-05-27	0.006606	0.006560	0.006633	0.006464	0
NBIT_USD	2018-05-26	0.006558	0.006748	0.006853	0.006523	0
NBIT_USD	2018-05-25	0.006749	0.006818	0.006883	0.006599	0
NBIT_USD	2018-05-24	0.006816	0.006715	0.006906	0.006538	0
NBIT_USD	2018-05-23	0.006721	0.007140	0.007178	0.006666	0
NBIT_USD	2018-05-22	0.007142	0.007514	0.007522	0.007115	0
NBIT_USD	2018-05-21	0.007514	0.007628	0.007648	0.007485	0
NBIT_USD	2018-05-20	0.007628	0.007292	0.007682	0.007266	0
NBIT_USD	2018-05-19	0.007292	0.007580	0.007595	0.007266	0
NBIT_USD	2018-05-18	0.007580	0.007411	0.007612	0.007294	0
NBIT_USD	2018-05-17	0.007421	0.007722	0.007787	0.007316	0
NBIT_USD	2018-05-16	0.007716	0.007704	0.007790	0.007382	0
NBIT_USD	2018-05-15	0.007704	0.008233	0.008311	0.007668	0
NBIT_USD	2018-05-14	0.008234	0.008249	0.008500	0.007864	0
NBIT_USD	2018-05-13	0.008249	0.008136	0.008315	0.007518	0
NBIT_USD	2018-05-12	0.008117	0.008141	0.008498	0.007919	0
NBIT_USD	2018-05-11	0.008141	0.008793	0.008793	0.008095	0
NBIT_USD	2018-05-10	0.008793	0.008992	0.009091	0.008778	0
NBIT_USD	2018-05-09	0.008992	0.009093	0.009160	0.008800	0
NBIT_USD	2018-05-08	0.009098	0.009312	0.009344	0.000001	0
NBIT_USD	2018-05-07	0.009099	0.009901	0.009918	0.008997	0
NBIT_USD	2018-05-06	0.009901	0.010457	0.010562	0.009804	0
NBIT_USD	2018-05-05	0.010444	0.009853	0.010585	0.009831	0
NBIT_USD	2018-05-04	0.009853	0.010693	0.011234	0.009853	0
NBIT_USD	2018-05-03	0.010700	0.009328	0.010771	0.008446	0
NBIT_USD	2018-05-02	0.009328	0.009383	0.009427	0.009038	0
NBIT_USD	2018-05-01	0.009392	0.009467	0.009470	0.009057	0
NBIT_USD	2018-04-30	0.009467	0.009633	0.009686	0.009344	0
NBIT_USD	2018-04-29	0.009633	0.009573	0.009823	0.009414	0
NBIT_USD	2018-04-28	0.009573	0.010447	0.010656	0.008164	0
NBIT_USD	2018-04-27	0.010447	0.010736	0.010918	0.010418	0
NBIT_USD	2018-04-26	0.010737	0.009097	0.010750	0.008925	0
NBIT_USD	2018-04-25	0.009097	0.011195	0.011316	0.009005	0
NBIT_USD	2018-04-24	0.011221	0.009700	0.011296	0.009689	0
NBIT_USD	2018-04-23	0.009700	0.009592	0.009771	0.009562	0
NBIT_USD	2018-04-22	0.009592	0.009627	0.009838	0.009540	0
NBIT_USD	2018-04-21	0.009627	0.009580	0.009941	0.009336	0
NBIT_USD	2018-04-20	0.009580	0.008730	0.009689	0.008527	0
NBIT_USD	2018-04-19	0.008730	0.009187	0.009417	0.008645	0
NBIT_USD	2018-04-18	0.009187	0.008561	0.009246	0.008545	0
NBIT_USD	2018-04-17	0.008561	0.008741	0.008859	0.008492	0
NBIT_USD	2018-04-16	0.008741	0.009026	0.009077	0.008573	0
NBIT_USD	2018-04-15	0.009026	0.008686	0.009053	0.008671	0
NBIT_USD	2018-04-14	0.008686	0.008549	0.008918	0.008487	0
NBIT_USD	2018-04-13	0.008549	0.008070	0.008924	0.007913	0
NBIT_USD	2018-04-12	0.008071	0.007081	0.008224	0.006897	0
NBIT_USD	2018-04-11	0.007085	0.006943	0.007112	0.006931	0
NBIT_USD	2018-04-10	0.006943	0.007235	0.007325	0.006879	0
NBIT_USD	2018-04-09	0.007232	0.007506	0.007686	0.007076	0
NBIT_USD	2018-04-08	0.007506	0.007404	0.007604	0.007343	0
NBIT_USD	2018-04-07	0.007404	0.007441	0.007791	0.007295	0
NBIT_USD	2018-04-06	0.007441	0.007573	0.007665	0.007302	0
NBIT_USD	2018-04-05	0.007573	0.007635	0.007770	0.007394	0
NBIT_USD	2018-04-04	0.007635	0.008367	0.008381	0.007533	0
NBIT_USD	2018-04-03	0.008367	0.007970	0.008484	0.007933	0
NBIT_USD	2018-04-02	0.007970	0.007934	0.008219	0.007790	0
NBIT_USD	2018-04-01	0.007934	0.007687	0.014411	0.007384	0
NBIT_USD	2018-03-31	0.007687	0.007593	0.008016	0.007540	0
NBIT_USD	2018-03-30	0.007593	0.007872	0.008056	0.007302	0
NBIT_USD	2018-03-29	0.007872	0.008894	0.008917	0.007618	0
NBIT_USD	2018-03-28	0.008894	0.009302	0.009928	0.008780	0
NBIT_USD	2018-03-27	0.009302	0.011618	0.011985	0.009285	0
NBIT_USD	2018-03-26	0.011618	0.019002	0.019083	0.009068	0
NBIT_USD	2018-03-25	0.019002	0.009187	0.020889	0.009044	0
NBIT_USD	2018-03-24	0.009187	0.009526	0.009731	0.009177	0
NBIT_USD	2018-03-23	0.009526	0.009240	0.009526	0.008811	0
NBIT_USD	2018-03-22	0.009240	0.009656	0.009858	0.008945	0
NBIT_USD	2018-03-21	0.009656	0.009652	0.009945	0.009504	0
NBIT_USD	2018-03-20	0.009652	0.009116	0.009792	0.008966	0
NBIT_USD	2018-03-19	0.009116	0.009562	0.009841	0.008365	0
NBIT_USD	2018-03-18	0.009562	0.009169	0.009629	0.008532	0
NBIT_USD	2018-03-17	0.009169	0.009619	0.009675	0.009029	0
NBIT_USD	2018-03-16	0.009619	0.010070	0.010564	0.009577	0
NBIT_USD	2018-03-15	0.010070	0.009249	0.010709	0.008678	0
NBIT_USD	2018-03-14	0.009249	0.010231	0.010475	0.008834	0
NBIT_USD	2018-03-13	0.010231	0.010488	0.010848	0.009996	0
NBIT_USD	2018-03-12	0.010488	0.011079	0.011524	0.010167	0
NBIT_USD	2018-03-11	0.011079	0.009588	0.011558	0.009230	0
NBIT_USD	2018-03-10	0.009588	0.011018	0.011351	0.009539	0
NBIT_USD	2018-03-09	0.011018	0.011112	0.011257	0.009979	0
NBIT_USD	2018-03-08	0.011112	0.011512	0.011901	0.010718	0
NBIT_USD	2018-03-07	0.011512	0.012546	0.012751	0.010756	0
NBIT_USD	2018-03-06	0.012546	0.013268	0.014112	0.011731	0
NBIT_USD	2018-03-05	0.013268	0.013291	0.013509	0.013227	0
NBIT_USD	2018-03-04	0.013303	0.013436	0.013461	0.012808	0
NBIT_USD	2018-03-03	0.013436	0.013064	0.014682	0.013064	0
NBIT_USD	2018-03-02	0.013068	0.013658	0.013918	0.012798	0
