NCT_USD	2019-03-20	0.6000	0.6000	0.6000	0.6000	0
NCT_USD	2019-03-19	0.6000	0.6000	0.6000	0.6000	0
NCT_USD	2019-01-31	0.6000	0.6000	0.6000	0.6000	0
NCT_USD	2019-01-30	0.6000	0.6000	0.6000	0.6000	0
NCT_USD	2019-01-29	0.6000	0.6000	0.6000	0.6000	0
NCT_USD	2019-01-28	0.6000	0.6000	0.6000	0.6000	0
NCT_USD	2019-01-27	0.6000	0.6000	0.6000	0.6000	0
NCT_USD	2019-01-26	0.6000	0.6000	0.6000	0.6000	0
NCT_USD	2019-01-25	0.6000	0.6000	0.6000	0.6000	0
NCT_USD	2019-01-24	0.6000	0.6000	0.6000	0.6000	0
NCT_USD	2019-01-23	0.6000	0.6000	0.6000	0.6000	0
NCT_USD	2019-01-22	0.6000	0.6000	0.6000	0.6000	0
NCT_USD	2019-01-21	0.6000	0.6000	0.6000	0.6000	0
NCT_USD	2019-01-20	0.6000	0.6000	0.6000	0.6000	0
NCT_USD	2019-01-19	0.6000	0.6000	0.6000	0.6000	0
NCT_USD	2019-01-18	0.6000	0.6000	0.6000	0.6000	0
NCT_USD	2019-01-17	0.6000	0.6000	0.6000	0.6000	0
NCT_USD	2019-01-16	0.6000	0.6000	0.6000	0.6000	0
NCT_USD	2019-01-15	0.6000	0.6000	0.6000	0.6000	0
NCT_USD	2019-01-14	0.6000	0.6000	0.6000	0.6000	0
NCT_USD	2019-01-13	0.6000	0.6000	0.6000	0.6000	0
NCT_USD	2019-01-12	0.6000	0.6000	0.6000	0.6000	0
NCT_USD	2019-01-11	0.6000	0.6000	0.6000	0.6000	0
NCT_USD	2019-01-10	0.6000	0.6000	0.6000	0.6000	0
NCT_USD	2019-01-09	0.6000	0.6000	0.6000	0.6000	0
NCT_USD	2019-01-08	0.6000	0.6000	0.6000	0.6000	0
NCT_USD	2019-01-07	0.6000	0.6000	0.6000	0.6000	0
NCT_USD	2019-01-06	0.6000	0.6000	0.6000	0.6000	0
NCT_USD	2019-01-05	0.6000	0.6000	0.6000	0.6000	0
NCT_USD	2019-01-04	0.6000	0.6000	0.6000	0.6000	0
NCT_USD	2019-01-03	0.6000	0.6000	0.6000	0.6000	0
NCT_USD	2019-01-02	0.6000	0.6000	0.6000	0.6000	0
NCT_USD	2019-01-01	0.6000	0.6000	0.6000	0.6000	0
NCT_USD	2018-12-31	0.6000	0.6000	0.6000	0.6000	0
NCT_USD	2018-12-30	0.6000	0.6000	0.6000	0.6000	0
NCT_USD	2018-12-29	0.6000	0.6000	0.6000	0.6000	0
NCT_USD	2018-12-28	0.6000	0.6000	0.6000	0.6000	0
NCT_USD	2018-12-27	0.6000	0.6000	0.6000	0.6000	0
NCT_USD	2018-12-26	0.6000	0.6000	0.6000	0.6000	0
NCT_USD	2018-12-25	0.6000	0.6000	0.6000	0.6000	0
NCT_USD	2018-12-24	0.6000	0.6000	0.6000	0.6000	0
NCT_USD	2018-12-23	0.6000	0.6000	0.6000	0.6000	0
NCT_USD	2018-12-22	0.6000	0.6000	0.6000	0.6000	0
NCT_USD	2018-12-21	0.6000	0.6000	0.6000	0.6000	0
NCT_USD	2018-12-20	0.6000	0.6000	0.6000	0.6000	0
NCT_USD	2018-12-19	0.6000	0.6000	0.6000	0.6000	0
NCT_USD	2018-12-18	0.6000	0.6000	0.6000	0.6000	0
NCT_USD	2018-12-17	0.6000	0.6000	0.6000	0.6000	0
NCT_USD	2018-12-16	0.6000	0.6000	0.6000	0.6000	0
NCT_USD	2018-12-15	0.6000	0.6000	0.6000	0.6000	0
NCT_USD	2018-12-14	0.6000	0.6000	0.6000	0.6000	0
NCT_USD	2018-12-13	0.6000	0.6000	0.6000	0.6000	0
NCT_USD	2018-12-12	0.6000	0.6000	0.6000	0.6000	0
NCT_USD	2018-12-11	0.6000	0.6000	0.6000	0.6000	0
NCT_USD	2018-12-10	0.6000	0.6000	0.6000	0.6000	0
NCT_USD	2018-12-09	0.6000	0.6000	0.6000	0.6000	0
NCT_USD	2018-12-08	0.6000	0.6000	0.6000	0.6000	0
NCT_USD	2018-12-07	0.6000	0.6000	0.6000	0.6000	0
NCT_USD	2018-12-06	0.6000	0.6000	0.6000	0.6000	0
NCT_USD	2018-12-05	0.6000	0.6000	0.6000	0.6000	0
NCT_USD	2018-12-04	0.6000	0.6000	0.6000	0.6000	0
NCT_USD	2018-12-03	0.6000	0.6000	0.6000	0.6000	0
NCT_USD	2018-12-02	0.6000	0.6000	0.6000	0.6000	0
NCT_USD	2018-12-01	0.6000	0.6000	0.6000	0.6000	0
NCT_USD	2018-11-30	0.6000	0.6000	0.6000	0.6000	0
NCT_USD	2018-11-29	0.6000	0.6000	0.6000	0.6000	0
NCT_USD	2018-11-28	0.6000	0.6000	0.6000	0.6000	0
NCT_USD	2018-11-27	0.6000	0.6000	0.6000	0.6000	0
NCT_USD	2018-11-26	0.6000	0.6000	0.6000	0.6000	0
NCT_USD	2018-11-25	0.6000	0.6000	0.6000	0.6000	0
NCT_USD	2018-11-24	0.6000	0.6000	0.6000	0.6000	0
NCT_USD	2018-11-23	0.6000	0.6000	0.6000	0.6000	0
NCT_USD	2018-11-22	0.6000	0.6000	0.6000	0.6000	0
NCT_USD	2018-11-21	0.6000	0.6000	0.6000	0.6000	0
NCT_USD	2018-11-20	0.6000	0.6000	0.6000	0.6000	0
NCT_USD	2018-11-19	0.6000	0.6000	0.6000	0.6000	0
NCT_USD	2018-11-18	0.6000	0.6000	0.6000	0.6000	0
NCT_USD	2018-11-17	0.6000	0.6000	0.6000	0.6000	0
NCT_USD	2018-11-16	0.6000	0.6000	0.6000	0.6000	0
NCT_USD	2018-11-15	0.6000	0.6000	0.6000	0.6000	0
NCT_USD	2018-11-14	0.6000	0.6000	0.6000	0.6000	0
NCT_USD	2018-11-13	0.6000	0.6000	0.6000	0.6000	0
NCT_USD	2018-11-12	0.6000	0.6000	0.6000	0.6000	0
NCT_USD	2018-11-11	0.6000	0.6000	0.6000	0.6000	0
NCT_USD	2018-11-08	0.6000	0.6000	0.6000	0.6000	0
NCT_USD	2018-10-24	0.6000	0.6000	0.6000	0.6000	0
NCT_USD	2018-10-16	0.6000	0.6000	0.6000	0.6000	0
NCT_USD	2018-10-08	0.6000	0.6000	0.6000	0.6000	0
NCT_USD	2018-10-07	0.6000	0.6000	0.6000	0.6000	0
NCT_USD	2018-10-03	0.6000	0.6000	0.6000	0.6000	0
NCT_USD	2018-09-29	0.6000	0.6000	0.6000	0.6000	0
NCT_USD	2018-09-28	0.6000	0.6329	0.6352	0.5753	58156
NCT_USD	2018-09-27	0.6329	0.5924	0.6348	0.5924	53314
NCT_USD	2018-09-26	0.5924	0.5710	0.6072	0.5590	46446
NCT_USD	2018-09-25	0.5710	0.6813	0.6861	0.5554	60157
NCT_USD	2018-09-24	0.6813	0.5605	0.6861	0.5088	68728
NCT_USD	2018-09-23	0.5605	0.6686	0.6744	0.5088	55382
NCT_USD	2018-09-22	0.6686	0.6596	0.6710	0.6201	51955
NCT_USD	2018-09-21	0.6596	0.6202	0.6686	0.6159	46755
NCT_USD	2018-09-20	0.6202	0.5991	0.6202	0.5926	52867
NCT_USD	2018-09-19	0.5991	0.6245	0.6245	0.5850	80971
NCT_USD	2018-09-18	0.6245	0.5832	0.6700	0.5343	82303
NCT_USD	2018-09-17	0.5832	0.5630	0.6307	0.5590	59771
NCT_USD	2018-09-16	0.5630	0.5723	0.5723	0.5509	62677
NCT_USD	2018-09-15	0.5723	0.5650	0.5911	0.5580	48160
NCT_USD	2018-09-14	0.5650	0.5441	0.5767	0.5412	53370
NCT_USD	2018-09-13	0.5441	0.4990	0.5441	0.4970	54788
NCT_USD	2018-09-12	0.4990	0.5180	0.5207	0.4849	57252
NCT_USD	2018-09-11	0.5180	0.5357	0.5414	0.5101	57015
NCT_USD	2018-09-10	0.5357	0.5617	0.5795	0.4998	64293
NCT_USD	2018-09-09	0.5617	0.5879	0.6500	0.5589	88119
NCT_USD	2018-09-08	0.5878	0.5771	0.6059	0.5300	65990
NCT_USD	2018-09-07	0.5771	0.5850	0.5908	0.5646	53632
NCT_USD	2018-09-06	0.5850	0.6224	0.6224	0.5742	59328
NCT_USD	2018-09-05	0.6225	0.7184	0.7251	0.6225	43311
NCT_USD	2018-09-04	0.7184	0.7408	0.7516	0.7184	53793
NCT_USD	2018-09-03	0.7408	0.7522	0.7873	0.7377	45261
NCT_USD	2018-09-02	0.7522	0.7575	0.7766	0.7493	46916
NCT_USD	2018-09-01	0.7575	0.7219	0.7600	0.7219	50245
NCT_USD	2018-08-31	0.7219	0.7498	0.7796	0.7032	48834
NCT_USD	2018-08-30	0.7498	0.8315	0.8398	0.7465	39123
NCT_USD	2018-08-29	0.8315	0.8901	0.8937	0.8199	65940
NCT_USD	2018-08-28	0.8901	0.8643	0.8919	0.8624	47653
NCT_USD	2018-08-27	0.8643	0.8640	0.8940	0.8539	44743
NCT_USD	2018-08-26	0.8640	0.8694	0.8805	0.8539	39140
NCT_USD	2018-08-25	0.8694	0.8655	0.9074	0.8655	41228
NCT_USD	2018-08-24	0.8655	0.8945	0.9512	0.8331	53946
NCT_USD	2018-08-23	0.8945	0.8434	0.9167	0.8434	39899
NCT_USD	2018-08-22	0.8434	0.9010	0.9712	0.8400	39831
NCT_USD	2018-08-21	0.9010	0.8870	0.9624	0.8848	39944
NCT_USD	2018-08-20	0.8870	1.0694	1.0742	0.8800	45123
NCT_USD	2018-08-19	1.0694	1.0219	1.0720	1.0042	30212
NCT_USD	2018-08-18	1.0219	1.0612	1.0935	1.0117	39829
NCT_USD	2018-08-17	1.0612	0.9581	1.0641	0.9550	42849
NCT_USD	2018-08-16	0.9581	0.9431	0.9664	0.9389	37892
NCT_USD	2018-08-15	0.9431	0.8914	0.9880	0.8892	34731
NCT_USD	2018-08-14	0.8914	0.8971	0.8971	0.8501	39479
NCT_USD	2018-08-13	0.8971	1.0684	1.0750	0.8872	39043
NCT_USD	2018-08-12	1.0684	1.0226	1.0785	1.0100	34962
NCT_USD	2018-08-11	1.0226	1.0977	1.1019	1.0225	28414
NCT_USD	2018-08-10	1.0977	1.1049	1.1773	1.0936	30847
NCT_USD	2018-08-09	1.1049	1.1639	1.1639	1.0694	25607
NCT_USD	2018-08-08	1.1639	1.2812	1.2870	1.1610	21344
NCT_USD	2018-08-07	1.2812	1.3266	1.3811	1.2794	19793
NCT_USD	2018-08-06	1.3266	1.2946	1.3698	1.2946	25005
NCT_USD	2018-08-05	1.2946	1.4840	1.4983	1.2604	24348
NCT_USD	2018-08-04	1.4840	1.5753	1.6025	1.4815	25189
NCT_USD	2018-08-03	1.5753	1.6810	1.6810	1.5730	22706
NCT_USD	2018-08-02	1.6810	1.7012	1.7198	1.6759	19703
NCT_USD	2018-08-01	1.7012	1.7705	1.7705	1.6800	21040
NCT_USD	2018-07-31	1.7705	1.9103	1.9103	1.7662	25678
NCT_USD	2018-07-30	1.9103	1.9391	1.9481	1.9010	15653
NCT_USD	2018-07-29	1.9391	1.8860	1.9461	1.8860	12099
NCT_USD	2018-07-28	1.8860	1.9683	1.9683	1.8729	26056
NCT_USD	2018-07-27	1.9683	1.9568	1.9754	1.9153	29049
NCT_USD	2018-07-26	1.9568	1.9537	1.9607	1.9415	29767
NCT_USD	2018-07-25	1.9537	1.9689	1.9820	1.9222	32972
NCT_USD	2018-07-24	1.9689	1.8948	1.9754	1.8042	25444
NCT_USD	2018-07-23	1.8948	1.9107	1.9607	1.8869	32760
NCT_USD	2018-07-22	1.9107	1.8802	1.9191	1.8720	26526
NCT_USD	2018-07-21	1.8802	1.8125	1.8857	1.7971	35806
NCT_USD	2018-07-20	1.8125	1.8593	1.8747	1.8042	35821
NCT_USD	2018-07-19	1.8593	1.9872	1.9971	1.8427	34551
NCT_USD	2018-07-18	1.9872	2.0321	2.0767	1.9871	31093
NCT_USD	2018-07-17	2.0321	1.9904	2.0357	1.8314	28729
NCT_USD	2018-07-16	1.9904	1.8893	1.9904	1.8816	30903
NCT_USD	2018-07-15	1.8893	1.7200	1.8933	1.7200	32129
NCT_USD	2018-07-14	1.7200	1.8014	1.8014	1.6995	33050
NCT_USD	2018-07-13	1.8014	1.7431	1.8195	1.7431	28660
NCT_USD	2018-07-12	1.7431	1.8337	1.8461	1.7380	22569
NCT_USD	2018-07-11	1.8337	1.8030	1.8589	1.8016	25356
NCT_USD	2018-07-10	1.8030	2.0334	2.0334	1.7963	28011
NCT_USD	2018-07-09	2.0334	2.0942	2.0942	1.9934	25181
NCT_USD	2018-07-08	2.0942	2.0708	2.1019	2.0708	24921
NCT_USD	2018-07-07	2.0708	2.0823	2.0864	2.0263	26566
NCT_USD	2018-07-06	2.0823	1.9899	2.1019	1.9638	26988
NCT_USD	2018-07-05	1.9899	2.0612	2.0685	1.9785	33575
NCT_USD	2018-07-04	2.0612	2.1094	2.1138	2.0478	25835
NCT_USD	2018-07-03	2.1094	2.1089	2.1605	2.1004	29561
NCT_USD	2018-07-02	2.1089	2.0221	2.1183	1.9924	30707
NCT_USD	2018-07-01	2.0221	2.0520	2.0896	2.0040	31504
NCT_USD	2018-06-30	2.0520	2.0410	2.1657	2.0294	26373
NCT_USD	2018-06-29	2.0410	1.9056	2.0559	1.8499	22033
NCT_USD	2018-06-28	1.9056	2.0288	2.0451	1.8961	28091
NCT_USD	2018-06-27	2.0288	1.8758	2.0463	1.8637	31073
NCT_USD	2018-06-26	1.8758	1.9138	1.9291	1.8564	31732
NCT_USD	2018-06-25	1.9138	1.8751	2.0412	1.8696	27702
NCT_USD	2018-06-24	1.8751	2.0178	2.0234	1.7705	20465
NCT_USD	2018-06-23	2.0178	2.0468	2.0468	1.9934	11705
NCT_USD	2018-06-22	2.0468	2.4247	2.4247	2.0386	13749
NCT_USD	2018-06-21	2.4247	2.5255	2.5437	2.4083	12966
NCT_USD	2018-06-20	2.5255	2.5749	2.6804	2.5130	10644
NCT_USD	2018-06-19	2.5749	2.5045	2.5918	2.4846	11826
NCT_USD	2018-06-18	2.5045	2.4698	2.5118	2.4028	9955
NCT_USD	2018-06-17	2.4698	2.5000	2.5456	2.4575	9600
NCT_USD	2018-06-16	2.5000	2.6200	2.6443	2.5000	26352
NCT_USD	2018-06-15	2.6298	2.7649	2.7649	2.6200	18518
NCT_USD	2018-06-14	2.7649	2.6290	2.7957	2.6200	19535
NCT_USD	2018-06-13	2.6290	2.6400	2.6623	2.6200	22721
NCT_USD	2018-06-12	2.6400	2.8390	2.8889	2.6400	20741
NCT_USD	2018-06-11	2.8390	2.9441	2.9924	2.7967	17111
NCT_USD	2018-06-10	2.9441	3.2067	3.2171	2.9441	20391
NCT_USD	2018-06-09	3.2067	3.2816	3.4478	3.2010	26368
NCT_USD	2018-06-08	3.2816	3.2565	3.2951	3.1489	25528
NCT_USD	2018-06-07	3.2565	3.2830	3.3357	3.2321	12983
NCT_USD	2018-06-06	3.2830	3.3233	3.3462	3.1964	29311
NCT_USD	2018-06-05	3.3233	3.2505	3.3373	3.2203	23684
NCT_USD	2018-06-04	3.2505	3.2406	3.3462	3.2110	23384
NCT_USD	2018-06-03	3.2406	3.1290	3.2721	3.1159	27442
NCT_USD	2018-06-02	3.1290	3.0269	3.1361	3.0269	27478
NCT_USD	2018-06-01	3.0269	3.0593	3.2610	2.9787	29162
NCT_USD	2018-05-31	3.0593	2.9726	3.1415	2.9639	26381
NCT_USD	2018-05-30	2.9726	3.1305	3.1723	2.9124	24751
NCT_USD	2018-05-29	3.1305	2.8594	3.1413	2.8463	20354
NCT_USD	2018-05-28	2.8594	3.0899	3.0899	2.6194	18018
NCT_USD	2018-05-27	3.0899	3.2578	3.2607	3.0844	17827
NCT_USD	2018-05-26	3.2578	3.2467	3.3591	3.2467	13876
NCT_USD	2018-05-25	3.2467	3.4711	3.5653	3.2266	19296
NCT_USD	2018-05-24	3.4711	3.3078	3.4715	3.3078	14233
NCT_USD	2018-05-23	3.3434	3.7723	3.8556	3.3325	20581
NCT_USD	2018-05-22	3.7723	4.0174	4.0174	3.7723	21294
NCT_USD	2018-05-21	4.0174	4.0917	4.1069	3.9860	20800
NCT_USD	2018-05-20	4.0917	4.0349	4.1730	4.0268	22314
NCT_USD	2018-05-19	4.0349	3.9458	4.0804	3.9204	10228
NCT_USD	2018-05-18	3.9458	3.8756	3.9458	3.8389	21207
NCT_USD	2018-05-17	3.8756	3.9323	3.9911	3.8610	18475
NCT_USD	2018-05-16	3.9323	3.9088	3.9522	3.8386	23483
NCT_USD	2018-05-15	3.9088	3.9812	4.0695	3.8910	22988
NCT_USD	2018-05-14	3.9812	4.1164	4.2605	3.8893	21304
NCT_USD	2018-05-13	4.1164	4.1744	4.1810	3.9805	18239
NCT_USD	2018-05-12	4.1556	4.2423	4.3276	4.0374	20183
NCT_USD	2018-05-11	4.2423	4.3199	4.3510	4.0079	27724
NCT_USD	2018-05-10	4.3199	4.5599	4.6232	4.3199	17973
NCT_USD	2018-05-09	4.5599	5.0807	5.0807	4.5352	19751
NCT_USD	2018-05-08	5.0807	5.1202	5.2125	5.0602	19250
NCT_USD	2018-05-07	4.5758	6.5115	6.5303	4.5358	26331
NCT_USD	2018-05-06	6.5115	8.3300	8.3675	6.3340	17486
NCT_USD	2018-05-05	8.3499	6.5208	8.4000	6.2512	26346
NCT_USD	2018-05-04	6.5208	6.6670	8.0035	6.2586	18364
NCT_USD	2018-05-03	6.6670	5.6993	7.1964	5.6472	15736
NCT_USD	2018-05-02	5.6993	5.2610	5.6993	5.1749	17852
NCT_USD	2018-05-01	5.2610	5.4557	5.4557	5.1362	16211
NCT_USD	2018-04-30	5.4557	5.4169	5.5404	5.2922	15625
NCT_USD	2018-04-29	5.4169	5.3231	5.4892	5.2986	18027
NCT_USD	2018-04-28	5.3231	4.8124	5.4108	4.8025	19168
NCT_USD	2018-04-27	4.8124	5.5996	6.4922	4.2078	24116
NCT_USD	2018-04-26	5.5996	5.3365	5.6238	5.2528	16604
NCT_USD	2018-04-25	5.3611	5.9893	6.0601	5.3243	15482
NCT_USD	2018-04-24	5.9893	6.0556	6.2258	5.6001	19750
NCT_USD	2018-04-23	6.0556	6.0541	6.1686	5.6998	11646
NCT_USD	2018-04-22	6.0541	5.8965	6.2908	5.8817	12105
NCT_USD	2018-04-21	5.8965	5.9804	6.0700	5.6476	15123
NCT_USD	2018-04-20	5.9804	5.4946	6.0000	5.4937	16066
NCT_USD	2018-04-19	5.4946	5.3812	5.5308	5.3420	16232
NCT_USD	2018-04-18	5.3812	5.1433	5.4992	5.1218	15989
NCT_USD	2018-04-17	5.1433	5.2575	5.4612	5.1365	13171
NCT_USD	2018-04-16	5.2575	5.4368	5.5001	5.2301	9265
NCT_USD	2018-04-15	5.4368	5.2987	5.4977	5.2639	16057
NCT_USD	2018-04-14	5.2987	5.1365	5.4342	5.1224	14169
NCT_USD	2018-04-13	5.1365	4.8964	5.2852	4.8760	13267
NCT_USD	2018-04-12	4.8964	4.1761	4.9095	4.1049	11493
NCT_USD	2018-04-11	4.1931	4.0100	4.1931	4.0100	16314
NCT_USD	2018-04-10	4.0100	3.8857	4.0456	3.8663	15050
NCT_USD	2018-04-09	3.8857	3.8355	4.0503	3.8355	18347
NCT_USD	2018-04-08	3.8355	3.7992	3.8732	3.7206	18251
NCT_USD	2018-04-07	3.7992	3.5685	3.8076	3.5402	8867
NCT_USD	2018-04-06	3.5685	3.6021	3.6306	3.4396	16525
NCT_USD	2018-04-05	3.6021	3.8288	3.8459	3.5436	19004
NCT_USD	2018-04-04	3.8288	3.9378	4.1391	3.7824	17525
NCT_USD	2018-04-03	3.9378	3.6776	3.9543	3.6611	18413
NCT_USD	2018-04-02	3.6776	3.7996	3.8198	3.5473	20475
NCT_USD	2018-04-01	3.7996	3.9974	4.0482	3.7097	17407
NCT_USD	2018-03-31	3.9974	3.8987	4.0921	3.8987	17664
NCT_USD	2018-03-30	3.8987	4.1499	4.1651	3.8318	17770
NCT_USD	2018-03-29	4.1499	4.6475	4.6475	4.0774	17018
NCT_USD	2018-03-28	4.6475	4.6418	4.7517	4.4164	19818
NCT_USD	2018-03-27	4.6418	4.8013	5.0065	4.5055	16509
NCT_USD	2018-03-26	4.8013	4.9850	5.0350	4.6075	16819
NCT_USD	2018-03-25	4.9850	5.1150	5.1432	4.8982	19407
NCT_USD	2018-03-24	5.1150	4.9079	5.3359	4.8935	18668
NCT_USD	2018-03-23	4.9079	5.0663	5.1202	4.7192	14931
NCT_USD	2018-03-22	5.0663	5.1921	5.3549	5.0017	14847
NCT_USD	2018-03-21	5.1951	5.3433	5.6425	5.1951	14158
NCT_USD	2018-03-20	5.3433	5.0101	5.4153	5.0101	6226
NCT_USD	2018-03-19	5.0101	4.6747	5.1290	4.6446	14715
NCT_USD	2018-03-18	4.6747	4.7621	4.7621	4.1215	17138
NCT_USD	2018-03-17	4.7621	5.0055	5.1892	4.7504	16244
NCT_USD	2018-03-16	5.0055	4.8580	5.0858	4.7417	17211
NCT_USD	2018-03-15	4.8580	4.7387	4.9101	4.5502	13651
NCT_USD	2018-03-14	4.7387	5.4992	5.5401	4.7147	16724
NCT_USD	2018-03-13	5.4992	5.3792	5.5210	5.3132	14362
NCT_USD	2018-03-12	5.3792	5.3797	5.6109	5.3132	16261
NCT_USD	2018-03-11	5.3797	5.1052	5.7033	4.9645	14736
NCT_USD	2018-03-10	5.1052	5.4443	5.6366	5.0425	16184
NCT_USD	2018-03-09	5.4693	5.4745	5.4809	5.0049	9896
NCT_USD	2018-03-08	5.4745	5.9105	6.0390	5.4745	7809
NCT_USD	2018-03-07	5.9105	6.4539	6.5186	5.7252	5529
NCT_USD	2018-03-06	6.4539	6.8548	6.8984	6.3562	4780
NCT_USD	2018-03-05	6.8548	6.8397	6.9723	6.8160	8623
NCT_USD	2018-03-04	6.8397	6.7359	6.8689	6.6100	10726
NCT_USD	2018-03-03	6.7359	6.4593	6.9142	6.4315	14559
NCT_USD	2018-03-02	6.4593	6.4452	6.5883	6.3237	12268
NCT_USD	2018-03-01	6.4452	6.3240	6.5217	6.2639	12086
NCT_USD	2018-02-28	6.3240	6.4961	6.6687	6.3240	10872
NCT_USD	2018-02-27	6.4961	6.4338	6.7671	6.3313	14417
NCT_USD	2018-02-26	6.4198	6.0101	6.4607	6.0101	4793
NCT_USD	2018-02-25	6.0101	6.1407	6.4812	5.9540	11642
NCT_USD	2018-02-24	6.1407	6.3484	6.5189	5.9987	11268
NCT_USD	2018-02-23	6.3484	5.8624	6.6624	5.7358	7281
NCT_USD	2018-02-22	5.8624	5.9784	6.1868	5.6931	10475
NCT_USD	2018-02-21	5.9784	6.3975	6.4223	5.7788	9737
NCT_USD	2018-02-20	6.3975	6.7453	6.8499	6.3949	2896
NCT_USD	2018-02-19	6.7453	6.5489	6.8194	6.3270	9631
NCT_USD	2018-02-18	6.5489	6.8952	6.9535	6.3695	10478
NCT_USD	2018-02-17	6.8952	6.3137	6.8952	6.2886	10893
NCT_USD	2018-02-16	6.3137	6.2459	6.3137	6.1489	3168
NCT_USD	2018-02-15	6.2459	5.9226	6.3539	5.8363	4918
NCT_USD	2018-02-14	5.9226	5.4972	5.9320	5.4972	4545
NCT_USD	2018-02-13	5.4972	5.4883	5.8502	5.3832	10172
NCT_USD	2018-02-12	5.4883	4.8849	5.5489	4.8849	10633
NCT_USD	2018-02-11	4.8849	5.3078	5.3078	4.8849	5422
NCT_USD	2018-02-10	5.3078	5.1752	5.5383	5.1082	5117
NCT_USD	2018-02-09	5.1752	5.0404	5.2293	4.8483	6327
NCT_USD	2018-02-08	5.0404	4.7514	5.8794	4.7514	8699
NCT_USD	2018-02-07	4.7514	4.3123	5.3885	4.1136	14406
NCT_USD	2018-02-06	4.3123	4.4490	4.6247	3.7066	37966
NCT_USD	2018-02-05	4.4490	5.2726	5.7600	4.1500	25577
NCT_USD	2018-02-04	5.2726	5.5428	6.2486	5.0043	14179
NCT_USD	2018-02-03	5.5428	6.0891	6.4466	5.4649	12202
NCT_USD	2018-02-02	6.0891	6.1612	6.1612	5.2272	11195
NCT_USD	2018-02-01	6.1612	5.7761	6.5340	5.7761	13797
NCT_USD	2018-01-31	5.7761	7.0819	7.8486	5.7508	18471
NCT_USD	2018-01-30	7.0819	7.3088	8.0000	6.9163	18507
