NDX_USD	2019-01-27	0.017527	0.017527	0.017527	0.017527	0
NDX_USD	2019-01-26	0.017527	0.017527	0.017527	0.017527	0
NDX_USD	2019-01-25	0.017527	0.017527	0.017527	0.017527	0
NDX_USD	2019-01-24	0.017527	0.017527	0.017527	0.017527	0
NDX_USD	2019-01-23	0.017527	0.017527	0.017527	0.017527	0
NDX_USD	2019-01-22	0.017527	0.017527	0.017527	0.017527	0
NDX_USD	2019-01-21	0.017527	0.017527	0.017527	0.017527	0
NDX_USD	2019-01-20	0.017527	0.017527	0.017527	0.017527	0
NDX_USD	2019-01-19	0.017527	0.017527	0.017527	0.017527	0
NDX_USD	2019-01-18	0.017527	0.017527	0.017527	0.017527	0
NDX_USD	2019-01-17	0.017527	0.017527	0.017527	0.017527	0
NDX_USD	2019-01-16	0.017527	0.017527	0.017527	0.017527	0
NDX_USD	2019-01-15	0.017527	0.017527	0.017527	0.017527	0
NDX_USD	2019-01-14	0.017527	0.017384	0.017564	0.017327	0
NDX_USD	2019-01-13	0.017384	0.017919	0.017999	0.017288	0
NDX_USD	2019-01-12	0.017919	0.017980	0.018072	0.017765	0
NDX_USD	2019-01-11	0.017980	0.017970	0.018239	0.017747	0
NDX_USD	2019-01-10	0.017970	0.019763	0.020018	0.017846	0
NDX_USD	2019-01-09	0.019763	0.019841	0.020139	0.019534	0
NDX_USD	2019-01-08	0.019841	0.019912	0.020366	0.019645	0
NDX_USD	2019-01-07	0.019912	0.020190	0.020313	0.019742	0
NDX_USD	2019-01-06	0.020190	0.018933	0.037864	0.018819	0
NDX_USD	2019-01-05	0.018933	0.019152	0.019430	0.018898	0
NDX_USD	2019-01-04	0.019152	0.018976	0.019291	0.018681	0
NDX_USD	2019-01-03	0.018976	0.019602	0.019626	0.018891	0
NDX_USD	2019-01-02	0.019602	0.019157	0.019710	0.018973	0
NDX_USD	2019-01-01	0.019157	0.018539	0.019268	0.018339	0
NDX_USD	2018-12-31	0.018539	0.019229	0.019278	0.018303	0
NDX_USD	2018-12-30	0.019229	0.018792	0.019308	0.018613	0
NDX_USD	2018-12-29	0.018792	0.019538	0.019786	0.018721	0
NDX_USD	2018-12-28	0.019538	0.017975	0.019769	0.017892	0
NDX_USD	2018-12-27	0.017975	0.019020	0.019176	0.017850	0
NDX_USD	2018-12-26	0.019020	0.018902	0.019311	0.018451	0
NDX_USD	2018-12-25	0.018902	0.020062	0.020095	0.018491	0
NDX_USD	2018-12-24	0.020062	0.019703	0.021218	0.019703	0
NDX_USD	2018-12-23	0.019703	0.019969	0.020376	0.019542	0
NDX_USD	2018-12-22	0.019969	0.019224	0.020069	0.018972	0
NDX_USD	2018-12-21	0.019224	0.020398	0.020755	0.018902	0
NDX_USD	2018-12-20	0.020398	0.018441	0.020791	0.018305	0
NDX_USD	2018-12-19	0.018441	0.018292	0.019550	0.018207	0
NDX_USD	2018-12-18	0.018292	0.017547	0.018381	0.017183	0
NDX_USD	2018-12-17	0.017547	0.015972	0.017928	0.015900	0
NDX_USD	2018-12-16	0.015972	0.015909	0.016347	0.015862	0
NDX_USD	2018-12-15	0.015909	0.015881	0.016066	0.015574	0
NDX_USD	2018-12-14	0.015881	0.016221	0.016391	0.015616	0
NDX_USD	2018-12-13	0.016221	0.017120	0.017150	0.016114	0
NDX_USD	2018-12-12	0.017120	0.016563	0.017450	0.016532	0
NDX_USD	2018-12-11	0.016707	0.017060	0.017180	0.016436	0
NDX_USD	2018-12-10	0.017060	0.017645	0.017907	0.016823	0
NDX_USD	2018-12-09	0.017645	0.016969	0.018281	0.016790	0
NDX_USD	2018-12-08	0.016969	0.016740	0.017699	0.016053	0
NDX_USD	2018-12-07	0.016740	0.017134	0.017423	0.015890	0
NDX_USD	2018-12-06	0.017134	0.018231	0.018953	0.017016	0
NDX_USD	2018-12-05	0.018231	0.019273	0.019346	0.018156	0
NDX_USD	2018-12-04	0.019273	0.018890	0.020007	0.018439	0
NDX_USD	2018-12-03	0.018890	0.020133	0.020223	0.018586	0
NDX_USD	2018-12-02	0.020133	0.020536	0.021069	0.019976	0
NDX_USD	2018-12-01	0.020536	0.019545	0.021000	0.019260	0
NDX_USD	2018-11-30	0.019545	0.020869	0.021090	0.019197	0
NDX_USD	2018-11-29	0.020869	0.020842	0.021626	0.020243	0
NDX_USD	2018-11-28	0.020842	0.018801	0.021445	0.018801	0
NDX_USD	2018-11-27	0.018801	0.018667	0.019083	0.017972	0
NDX_USD	2018-11-26	0.018667	0.019867	0.020306	0.017989	0
NDX_USD	2018-11-25	0.019867	0.019024	0.020328	0.017726	0
NDX_USD	2018-11-24	0.019024	0.021406	0.021853	0.018559	0
NDX_USD	2018-11-23	0.021406	0.021258	0.021690	0.020576	0
NDX_USD	2018-11-22	0.021258	0.022609	0.022829	0.021258	0
NDX_USD	2018-11-21	0.022609	0.022209	0.023098	0.021441	0
NDX_USD	2018-11-20	0.022209	0.023900	0.024424	0.020899	0
NDX_USD	2018-11-19	0.023900	0.027392	0.027392	0.023672	0
NDX_USD	2018-11-18	0.027392	0.027233	0.027638	0.027205	0
NDX_USD	2018-11-17	0.027233	0.027397	0.027397	0.026976	0
NDX_USD	2018-11-16	0.027397	0.027837	0.027863	0.026886	0
NDX_USD	2018-11-15	0.027837	0.028482	0.028697	0.026337	0
NDX_USD	2018-11-14	0.028482	0.031288	0.031388	0.027611	0
NDX_USD	2018-11-13	0.031288	0.031203	0.031448	0.030993	0
NDX_USD	2018-11-12	0.031203	0.031266	0.031362	0.031067	0
NDX_USD	2018-11-11	0.031266	0.031126	0.031266	0.030802	0
NDX_USD	2018-11-10	0.031126	0.031074	0.031275	0.031046	0
NDX_USD	2018-11-09	0.031074	0.031361	0.031472	0.030945	0
NDX_USD	2018-11-08	0.031361	0.031812	0.031871	0.031348	0
NDX_USD	2018-11-07	0.031812	0.031534	0.031979	0.031519	0
NDX_USD	2018-11-06	0.031534	0.031316	0.031534	0.031207	0
NDX_USD	2018-11-05	0.031316	0.031388	0.031437	0.031166	0
NDX_USD	2018-11-04	0.031388	0.030917	0.031506	0.030783	0
NDX_USD	2018-11-03	0.030917	0.031106	0.031132	0.030647	0
NDX_USD	2018-11-02	0.031106	0.030975	0.031241	0.030935	0
NDX_USD	2018-11-01	0.030975	0.030823	0.031089	0.030751	0
NDX_USD	2018-10-31	0.030823	0.030637	0.030966	0.030253	0
NDX_USD	2018-10-30	0.030637	0.030705	0.030879	0.030556	0
NDX_USD	2018-10-29	0.030705	0.031412	0.031471	0.030593	0
NDX_USD	2018-10-28	0.031412	0.031461	0.031509	0.031248	0
NDX_USD	2018-10-27	0.031461	0.031612	0.031721	0.031371	0
NDX_USD	2018-10-26	0.031612	0.031596	0.031881	0.031529	0
NDX_USD	2018-10-25	0.031596	0.031722	0.031770	0.031498	0
NDX_USD	2018-10-24	0.031722	0.031702	0.032054	0.031669	0
NDX_USD	2018-10-23	0.031702	0.031785	0.031868	0.031618	0
NDX_USD	2018-10-22	0.031785	0.031886	0.032078	0.031698	0
NDX_USD	2018-10-21	0.031886	0.031874	0.032210	0.031865	0
NDX_USD	2018-10-20	0.031874	0.031591	0.031985	0.031515	0
NDX_USD	2018-10-19	0.031591	0.032008	0.032090	0.031557	0
NDX_USD	2018-10-18	0.032008	0.032597	0.032806	0.031788	0
NDX_USD	2018-10-17	0.032597	0.032708	0.032874	0.032337	0
NDX_USD	2018-10-16	0.032708	0.032631	0.033357	0.032331	0
NDX_USD	2018-10-15	0.032631	0.030938	0.036723	0.030775	0
NDX_USD	2018-10-14	0.030938	0.030905	0.031259	0.030866	0
NDX_USD	2018-10-13	0.030905	0.030762	0.030929	0.030720	0
NDX_USD	2018-10-12	0.030762	0.030557	0.031012	0.030400	0
NDX_USD	2018-10-11	0.030557	0.032389	0.032389	0.030434	0
NDX_USD	2018-10-10	0.032389	0.032649	0.032649	0.031995	0
NDX_USD	2018-10-09	0.032649	0.032699	0.032733	0.032382	0
NDX_USD	2018-10-08	0.032699	0.032477	0.032920	0.032296	0
NDX_USD	2018-10-07	0.032477	0.032432	0.032638	0.032153	0
NDX_USD	2018-10-06	0.032432	0.032792	0.032809	0.032360	0
NDX_USD	2018-10-05	0.032792	0.032440	0.032858	0.032282	0
NDX_USD	2018-10-04	0.032440	0.031963	0.032601	0.031944	0
NDX_USD	2018-10-03	0.031963	0.032070	0.032206	0.031608	0
NDX_USD	2018-10-02	0.032070	0.032311	0.032469	0.031992	0
NDX_USD	2018-10-01	0.032311	0.032267	0.032465	0.031921	0
NDX_USD	2018-09-30	0.032267	0.032528	0.032783	0.031843	0
NDX_USD	2018-09-29	0.032528	0.032346	0.032648	0.031522	0
NDX_USD	2018-09-28	0.032346	0.034080	0.034674	0.031909	0
NDX_USD	2018-09-27	0.034080	0.030373	0.034144	0.029919	0
NDX_USD	2018-09-26	0.030373	0.030082	0.030447	0.029395	0
NDX_USD	2018-09-25	0.030082	0.030291	0.030291	0.027228	0
NDX_USD	2018-09-24	0.030291	0.030367	0.030636	0.029784	0
NDX_USD	2018-09-23	0.030367	0.031368	0.032254	0.030207	0
NDX_USD	2018-09-22	0.031368	0.030374	0.031820	0.030331	0
NDX_USD	2018-09-21	0.030374	0.031235	0.031892	0.029008	0
NDX_USD	2018-09-20	0.031235	0.026014	0.031235	0.025955	0
NDX_USD	2018-09-19	0.026014	0.027369	0.027373	0.024884	0
NDX_USD	2018-09-18	0.027369	0.027552	0.028041	0.027132	0
NDX_USD	2018-09-17	0.027552	0.027261	0.044735	0.025137	0
NDX_USD	2018-09-16	0.027261	0.028036	0.028084	0.026049	0
NDX_USD	2018-09-15	0.028036	0.027960	0.028279	0.027804	0
NDX_USD	2018-09-14	0.027960	0.027294	0.028191	0.027054	0
NDX_USD	2018-09-13	0.027294	0.027501	0.029348	0.025380	0
NDX_USD	2018-09-12	0.027501	0.028336	0.028364	0.026952	0
NDX_USD	2018-09-11	0.028336	0.036177	0.040554	0.027176	0
NDX_USD	2018-09-10	0.036177	0.024147	0.040536	0.020887	0
NDX_USD	2018-09-09	0.024147	0.024926	0.025349	0.024015	0
NDX_USD	2018-09-08	0.024926	0.028434	0.028790	0.023614	0
NDX_USD	2018-09-07	0.028434	0.034231	0.034242	0.028409	0
NDX_USD	2018-09-06	0.034231	0.035363	0.035450	0.033291	0
NDX_USD	2018-09-05	0.035363	0.039002	0.039192	0.035343	0
NDX_USD	2018-09-04	0.039002	0.039439	0.041015	0.038783	0
NDX_USD	2018-09-03	0.039439	0.040935	0.042258	0.036812	0
NDX_USD	2018-09-02	0.040935	0.038974	0.042465	0.037379	0
NDX_USD	2018-09-01	0.038974	0.036293	0.039014	0.036216	0
NDX_USD	2018-08-31	0.036293	0.034027	0.039564	0.033669	0
NDX_USD	2018-08-30	0.034027	0.034246	0.034875	0.032619	0
NDX_USD	2018-08-29	0.034246	0.034649	0.036712	0.033421	0
NDX_USD	2018-08-28	0.034649	0.031512	0.034679	0.031371	0
NDX_USD	2018-08-27	0.031512	0.032804	0.032902	0.030620	0
NDX_USD	2018-08-26	0.032804	0.034942	0.035159	0.032585	0
NDX_USD	2018-08-25	0.034942	0.034709	0.035216	0.034584	0
NDX_USD	2018-08-24	0.034709	0.033843	0.034869	0.033509	0
NDX_USD	2018-08-23	0.033843	0.033077	0.034044	0.033049	0
NDX_USD	2018-08-22	0.033077	0.033626	0.036676	0.032578	0
NDX_USD	2018-08-21	0.033626	0.032620	0.033822	0.032155	0
NDX_USD	2018-08-20	0.032620	0.031291	0.033776	0.030145	0
NDX_USD	2018-08-19	0.031291	0.030580	0.032423	0.030222	0
NDX_USD	2018-08-18	0.030580	0.032648	0.035496	0.028864	0
NDX_USD	2018-08-17	0.032648	0.038848	0.045727	0.032139	0
NDX_USD	2018-08-16	0.038848	0.028717	0.102283	0.025585	0
NDX_USD	2018-08-15	0.028717	0.023599	0.032159	0.023599	0
NDX_USD	2018-08-14	0.023599	0.036199	0.036199	0.023571	0
NDX_USD	2018-08-13	0.036199	0.041641	0.043380	0.036199	0
NDX_USD	2018-08-12	0.041641	0.031460	0.042041	0.031212	0
NDX_USD	2018-08-11	0.031460	0.035911	0.036049	0.031460	0
NDX_USD	2018-08-10	0.035911	0.039663	0.039934	0.035175	0
NDX_USD	2018-08-09	0.039663	0.038139	0.040225	0.037601	0
NDX_USD	2018-08-08	0.038139	0.040811	0.040811	0.037257	0
NDX_USD	2018-08-07	0.040811	0.042252	0.043436	0.040591	0
NDX_USD	2018-08-06	0.042252	0.042793	0.043469	0.041723	0
NDX_USD	2018-08-05	0.042793	0.049287	0.049911	0.042672	0
NDX_USD	2018-08-04	0.049287	0.052136	0.052644	0.048683	0
NDX_USD	2018-08-03	0.052136	0.052860	0.053096	0.051095	0
NDX_USD	2018-08-02	0.052860	0.050643	0.053157	0.050618	0
NDX_USD	2018-08-01	0.050643	0.041939	0.050643	0.037701	0
NDX_USD	2018-07-31	0.041939	0.046045	0.046073	0.041533	0
NDX_USD	2018-07-30	0.046045	0.046331	0.046636	0.044323	0
NDX_USD	2018-07-29	0.046331	0.048238	0.048238	0.045773	0
NDX_USD	2018-07-28	0.048238	0.048403	0.048403	0.048238	0
NDX_USD	2018-07-27	0.048403	0.048485	0.048485	0.048403	0
NDX_USD	2018-07-26	0.048485	0.048371	0.048914	0.048168	0
NDX_USD	2018-07-25	0.048371	0.050646	0.051084	0.047925	0
NDX_USD	2018-07-24	0.050646	0.047438	0.051005	0.045765	0
NDX_USD	2018-07-23	0.047438	0.055437	0.058276	0.047416	0
NDX_USD	2018-07-22	0.055437	0.055451	0.056653	0.055028	0
NDX_USD	2018-07-21	0.055451	0.054919	0.055774	0.054086	0
NDX_USD	2018-07-20	0.054919	0.055977	0.057530	0.054527	0
NDX_USD	2018-07-19	0.055977	0.063459	0.063564	0.055596	0
NDX_USD	2018-07-18	0.063459	0.063061	0.065300	0.062459	0
NDX_USD	2018-07-17	0.063061	0.058034	0.064293	0.057440	0
NDX_USD	2018-07-16	0.058034	0.054708	0.058134	0.054581	0
NDX_USD	2018-07-15	0.054708	0.053875	0.055067	0.053731	0
NDX_USD	2018-07-14	0.053875	0.054705	0.055206	0.053270	0
NDX_USD	2018-07-13	0.054705	0.053496	0.055442	0.053408	0
NDX_USD	2018-07-12	0.053496	0.054785	0.054785	0.052208	0
NDX_USD	2018-07-11	0.054785	0.054156	0.054962	0.054040	0
NDX_USD	2018-07-10	0.054156	0.055212	0.055378	0.052476	0
NDX_USD	2018-07-09	0.055212	0.055609	0.056337	0.055015	0
NDX_USD	2018-07-08	0.055609	0.056055	0.056295	0.055391	0
NDX_USD	2018-07-07	0.056055	0.054725	0.056589	0.053985	0
NDX_USD	2018-07-06	0.054725	0.054251	0.054963	0.053526	0
NDX_USD	2018-07-05	0.054251	0.054631	0.055521	0.053590	0
NDX_USD	2018-07-04	0.054631	0.047515	0.055609	0.046915	0
NDX_USD	2018-07-03	0.047515	0.048936	0.049355	0.000643	0
NDX_USD	2018-07-02	0.048936	0.044666	0.049256	0.000001	0
NDX_USD	2018-07-01	0.044670	0.044772	0.045080	0.044144	0
NDX_USD	2018-06-30	0.044773	0.042150	0.045046	0.042150	0
NDX_USD	2018-06-29	0.042184	0.039425	0.042625	0.039266	0
NDX_USD	2018-06-28	0.039488	0.039500	0.041417	0.039323	0
NDX_USD	2018-06-27	0.039497	0.040795	0.041627	0.039459	0
NDX_USD	2018-06-26	0.040924	0.040348	0.042016	0.039949	0
NDX_USD	2018-06-25	0.040321	0.038812	0.040933	0.038791	0
NDX_USD	2018-06-24	0.038763	0.038530	0.044858	0.036058	0
NDX_USD	2018-06-23	0.038480	0.033717	0.038794	0.031522	0
NDX_USD	2018-06-22	0.033717	0.048105	0.048225	0.033516	0
NDX_USD	2018-06-21	0.048102	0.049551	0.049696	0.046847	0
NDX_USD	2018-06-20	0.049553	0.052580	0.053087	0.049128	0
NDX_USD	2018-06-19	0.052640	0.052450	0.053325	0.052124	0
NDX_USD	2018-06-18	0.052432	0.050610	0.052898	0.049984	0
NDX_USD	2018-06-17	0.050569	0.050761	0.053849	0.050484	0
NDX_USD	2018-06-16	0.050752	0.049324	0.052789	0.048868	0
NDX_USD	2018-06-15	0.049301	0.051574	0.051574	0.049134	0
NDX_USD	2018-06-14	0.051475	0.049133	0.052109	0.048957	0
NDX_USD	2018-06-13	0.049104	0.053988	0.054496	0.047950	0
NDX_USD	2018-06-12	0.053974	0.056783	0.057050	0.053171	0
NDX_USD	2018-06-11	0.056811	0.051325	0.057003	0.050421	0
NDX_USD	2018-06-10	0.051266	0.059464	0.059464	0.050545	0
NDX_USD	2018-06-09	0.059447	0.061836	0.062402	0.059248	0
NDX_USD	2018-06-08	0.061835	0.062408	0.062496	0.061257	0
NDX_USD	2018-06-07	0.062434	0.058361	0.062457	0.058361	0
NDX_USD	2018-06-06	0.058358	0.058241	0.058678	0.056813	0
NDX_USD	2018-06-05	0.058191	0.056168	0.058534	0.055488	0
NDX_USD	2018-06-04	0.056209	0.058980	0.059186	0.055934	0
NDX_USD	2018-06-03	0.058927	0.063081	0.065316	0.058750	0
NDX_USD	2018-06-02	0.063128	0.064958	0.066358	0.063128	0
NDX_USD	2018-06-01	0.064907	0.064528	0.065662	0.063500	0
NDX_USD	2018-05-31	0.064684	0.064652	0.066725	0.063878	0
NDX_USD	2018-05-30	0.064680	0.066403	0.067109	0.064294	0
NDX_USD	2018-05-29	0.066325	0.060634	0.067727	0.060159	0
NDX_USD	2018-05-28	0.060596	0.067223	0.068023	0.060338	0
NDX_USD	2018-05-27	0.067194	0.069040	0.071081	0.066532	0
NDX_USD	2018-05-26	0.069025	0.065581	0.075963	0.063957	0
NDX_USD	2018-05-25	0.065742	0.066480	0.069865	0.058964	0
NDX_USD	2018-05-24	0.066452	0.058113	0.067192	0.058113	0
NDX_USD	2018-05-23	0.058120	0.062102	0.062478	0.057421	0
NDX_USD	2018-05-22	0.062084	0.064938	0.064978	0.061635	0
NDX_USD	2018-05-21	0.064938	0.070912	0.071051	0.064605	0
NDX_USD	2018-05-20	0.070912	0.073130	0.073537	0.064034	0
NDX_USD	2018-05-19	0.073130	0.069125	0.073177	0.068324	0
NDX_USD	2018-05-18	0.069125	0.067586	0.069423	0.066514	0
NDX_USD	2018-05-17	0.067674	0.069458	0.070462	0.067082	0
NDX_USD	2018-05-16	0.069398	0.071029	0.071216	0.067523	0
NDX_USD	2018-05-15	0.071030	0.064694	0.074325	0.064692	0
NDX_USD	2018-05-14	0.064700	0.077457	0.077611	0.064535	0
NDX_USD	2018-05-13	0.077457	0.074621	0.078033	0.073645	0
NDX_USD	2018-05-12	0.074452	0.074356	0.076306	0.072708	0
NDX_USD	2018-05-11	0.074356	0.079906	0.079906	0.073940	0
NDX_USD	2018-05-10	0.079906	0.085075	0.085730	0.079768	0
NDX_USD	2018-05-09	0.085075	0.083900	0.085556	0.082031	0
NDX_USD	2018-05-08	0.083954	0.092981	0.093295	0.000010	0
NDX_USD	2018-05-07	0.093721	0.091085	0.094441	0.087315	0
NDX_USD	2018-05-06	0.091085	0.093371	0.094928	0.089345	0
NDX_USD	2018-05-05	0.093852	0.103194	0.106812	0.090339	0
NDX_USD	2018-05-04	0.103194	0.098535	0.107157	0.081624	0
NDX_USD	2018-05-03	0.098535	0.074714	0.106641	0.071448	0
NDX_USD	2018-05-02	0.074714	0.074116	0.076642	0.071742	0
NDX_USD	2018-05-01	0.074183	0.071349	0.074386	0.068128	0
NDX_USD	2018-04-30	0.071349	0.086231	0.086893	0.070996	0
NDX_USD	2018-04-29	0.086231	0.088213	0.089657	0.083755	0
NDX_USD	2018-04-28	0.088213	0.092776	0.093377	0.079081	0
NDX_USD	2018-04-27	0.092776	0.075943	0.114072	0.073928	0
NDX_USD	2018-04-26	0.075943	0.082054	0.100885	0.062983	0
NDX_USD	2018-04-25	0.082054	0.079618	0.088196	0.065887	0
NDX_USD	2018-04-24	0.079803	0.059673	0.080242	0.059609	0
NDX_USD	2018-04-23	0.059673	0.062918	0.064076	0.059327	0
NDX_USD	2018-04-22	0.062918	0.062756	0.068923	0.058091	0
NDX_USD	2018-04-21	0.062756	0.061652	0.122999	0.058263	0
NDX_USD	2018-04-20	0.061652	0.058792	0.062154	0.058645	0
NDX_USD	2018-04-19	0.058792	0.059698	0.060642	0.056387	0
NDX_USD	2018-04-18	0.059698	0.059058	0.060419	0.056588	0
NDX_USD	2018-04-17	0.059058	0.058326	0.064919	0.057694	0
NDX_USD	2018-04-16	0.058326	0.060714	0.061675	0.054910	0
NDX_USD	2018-04-15	0.060714	0.062440	0.080492	0.053081	0
NDX_USD	2018-04-14	0.062440	0.062086	0.067620	0.058493	0
NDX_USD	2018-04-13	0.062086	0.061793	0.064109	0.056953	0
NDX_USD	2018-04-12	0.061793	0.052065	0.087624	0.050169	0
NDX_USD	2018-04-11	0.052065	0.049726	0.142788	0.046241	0
NDX_USD	2018-04-10	0.049726	0.046687	0.054078	0.046217	0
NDX_USD	2018-04-09	0.046671	0.066814	0.068094	0.046152	0
NDX_USD	2018-04-08	0.066814	0.062883	0.071359	0.062883	0
NDX_USD	2018-04-07	0.062883	0.063232	0.067453	0.061497	0
NDX_USD	2018-04-06	0.063232	0.065725	0.066039	0.060787	0
NDX_USD	2018-04-05	0.065725	0.066169	0.067974	0.061467	0
NDX_USD	2018-04-04	0.066169	0.073713	0.073871	0.062989	0
NDX_USD	2018-04-03	0.073713	0.071549	0.074780	0.068808	0
NDX_USD	2018-04-02	0.071549	0.078419	0.081513	0.065223	0
NDX_USD	2018-04-01	0.078419	0.081094	0.083345	0.073078	0
NDX_USD	2018-03-31	0.081094	0.066831	0.083423	0.066831	0
NDX_USD	2018-03-30	0.066831	0.073156	0.078640	0.064348	0
NDX_USD	2018-03-29	0.073156	0.081990	0.082205	0.070213	0
NDX_USD	2018-03-28	0.081990	0.077216	0.083678	0.077027	0
NDX_USD	2018-03-27	0.077216	0.080923	0.084685	0.073210	0
NDX_USD	2018-03-26	0.080923	0.089477	0.090640	0.074826	0
NDX_USD	2018-03-25	0.089477	0.080852	0.092618	0.080286	0
NDX_USD	2018-03-24	0.080852	0.102689	0.102982	0.080763	0
NDX_USD	2018-03-23	0.102689	0.081764	0.102698	0.076793	0
NDX_USD	2018-03-22	0.081764	0.086330	0.092792	0.077851	0
NDX_USD	2018-03-21	0.086330	0.097901	0.102416	0.085357	0
NDX_USD	2018-03-20	0.097901	0.103242	0.103796	0.094208	0
NDX_USD	2018-03-19	0.103242	0.108749	0.113560	0.089142	0
NDX_USD	2018-03-18	0.108749	0.077995	0.136976	0.074556	0
NDX_USD	2018-03-17	0.077995	0.082670	0.083319	0.077148	0
NDX_USD	2018-03-16	0.082670	0.084771	0.086507	0.078687	0
NDX_USD	2018-03-15	0.084771	0.097766	0.106355	0.076674	0
NDX_USD	2018-03-14	0.097766	0.103544	0.106061	0.087711	0
NDX_USD	2018-03-13	0.103544	0.094254	0.110166	0.093549	0
NDX_USD	2018-03-12	0.094254	0.102140	0.104528	0.090933	0
NDX_USD	2018-03-11	0.102140	0.110367	0.110483	0.091614	0
NDX_USD	2018-03-10	0.110367	0.127881	0.131195	0.108834	0
NDX_USD	2018-03-09	0.127881	0.127580	0.134502	0.103371	0
NDX_USD	2018-03-08	0.127580	0.124555	0.155495	0.124310	0
NDX_USD	2018-03-07	0.124555	0.144167	0.147068	0.118926	0
NDX_USD	2018-03-06	0.144167	0.179150	0.179150	0.129419	0
NDX_USD	2018-03-05	0.179150	0.143096	0.235814	0.141529	0
NDX_USD	2018-03-04	0.143096	0.143053	0.143935	0.136953	0
NDX_USD	2018-03-03	0.143053	0.138408	0.144684	0.133544	0
NDX_USD	2018-03-02	0.138408	0.142865	0.148119	0.134947	0
