NEU_USD	2019-04-09	0.10152	0.10549	0.10549	0.10152	1250
NEU_USD	2019-04-08	0.10549	0.10003	0.10549	0.10003	2000
NEU_USD	2019-04-07	0.10003	0.09593	0.10549	0.09593	8943
NEU_USD	2019-04-06	0.09593	0.13196	0.13196	0.05122	50060
NEU_USD	2019-04-05	0.13196	0.12058	0.13398	0.11650	127
NEU_USD	2019-04-04	0.12058	0.10000	0.12142	0.10000	106
NEU_USD	2019-04-03	0.10000	0.12333	0.13549	0.10000	69
NEU_USD	2019-04-02	0.12333	0.13515	0.13662	0.12333	1060
NEU_USD	2019-04-01	0.13515	0.17117	0.17117	0.12000	978
NEU_USD	2019-03-31	0.17117	0.14101	0.17117	0.14101	48
NEU_USD	2019-03-30	0.14101	0.13271	0.14101	0.13271	5
NEU_USD	2019-03-29	0.13271	0.13271	0.13271	0.13271	0
NEU_USD	2019-03-28	0.13271	0.12730	0.13286	0.12730	1173
NEU_USD	2019-03-27	0.12730	0.12558	0.13145	0.12558	1280
NEU_USD	2019-03-26	0.12558	0.13272	0.13272	0.11900	1258
NEU_USD	2019-03-25	0.13272	0.14500	0.14500	0.13272	41
NEU_USD	2019-03-24	0.14500	0.14500	0.14500	0.14500	0
NEU_USD	2019-03-23	0.14500	0.14500	0.14500	0.14500	0
NEU_USD	2019-03-22	0.14500	0.14500	0.14500	0.14500	0
NEU_USD	2019-03-21	0.14500	0.14500	0.14500	0.14500	0
NEU_USD	2019-03-20	0.14500	0.14500	0.14500	0.14500	0
NEU_USD	2019-03-19	0.14500	0.15535	0.15535	0.14500	339
NEU_USD	2019-03-18	0.15535	0.15535	0.15535	0.15535	0
NEU_USD	2019-03-17	0.15535	0.14981	0.15535	0.14831	319
NEU_USD	2019-03-16	0.14981	0.14730	0.15869	0.14730	721
NEU_USD	2019-03-15	0.14730	0.15369	0.15369	0.14730	0
NEU_USD	2019-03-14	0.15369	0.15951	0.15951	0.15369	0
NEU_USD	2019-03-13	0.15951	0.18036	0.18036	0.15374	238
NEU_USD	2019-03-12	0.18036	0.16942	0.18036	0.16942	97
NEU_USD	2019-03-11	0.16942	0.17114	0.17114	0.16942	0
NEU_USD	2019-03-10	0.17114	0.17114	0.17114	0.17114	0
NEU_USD	2019-03-09	0.17114	0.15369	0.17218	0.15369	262
NEU_USD	2019-03-08	0.15369	0.19424	0.19424	0.15369	192
NEU_USD	2019-03-07	0.19424	0.19424	0.19424	0.19424	0
NEU_USD	2019-03-06	0.19424	0.19424	0.19424	0.19424	0
NEU_USD	2019-03-05	0.19424	0.19393	0.19424	0.19393	13
NEU_USD	2019-03-04	0.19393	0.19393	0.19393	0.19393	0
NEU_USD	2019-03-03	0.19393	0.19393	0.19393	0.19393	0
NEU_USD	2019-03-02	0.19393	0.15368	0.19393	0.15368	0
NEU_USD	2019-03-01	0.15368	0.15368	0.15368	0.15368	0
NEU_USD	2019-02-28	0.15368	0.15368	0.15368	0.15368	0
NEU_USD	2019-02-27	0.15368	0.17704	0.17704	0.15368	135
NEU_USD	2019-02-26	0.17704	0.17704	0.17704	0.17704	0
NEU_USD	2019-02-25	0.17704	0.17234	0.17704	0.16716	43
NEU_USD	2019-02-24	0.17234	0.17500	0.22000	0.17234	1004
NEU_USD	2019-02-23	0.17500	0.18397	0.22000	0.17500	2
NEU_USD	2019-02-22	0.18397	0.18397	0.18397	0.18397	0
NEU_USD	2019-02-21	0.18397	0.18397	0.18397	0.18397	0
NEU_USD	2019-02-20	0.18397	0.18397	0.18397	0.18397	0
NEU_USD	2019-02-19	0.18397	0.18600	0.18600	0.18397	86
NEU_USD	2019-02-18	0.18600	0.18325	0.19519	0.18325	46
NEU_USD	2019-02-17	0.18325	0.18325	0.18325	0.18325	0
NEU_USD	2019-02-16	0.18325	0.21499	0.21499	0.11000	133
NEU_USD	2019-02-15	0.21499	0.21499	0.21499	0.21499	0
NEU_USD	2019-02-14	0.21499	0.20164	0.21499	0.20164	1774
NEU_USD	2019-02-13	0.20164	0.17744	0.20164	0.17744	30
NEU_USD	2019-02-12	0.17744	0.17744	0.17744	0.17744	0
NEU_USD	2019-02-11	0.17744	0.17744	0.17744	0.17744	0
NEU_USD	2019-02-10	0.17744	0.17744	0.17744	0.17744	0
NEU_USD	2019-02-09	0.17744	0.17744	0.17744	0.17744	0
NEU_USD	2019-02-08	0.17744	0.17744	0.17744	0.17744	0
NEU_USD	2019-02-07	0.17744	0.17744	0.17744	0.17744	0
NEU_USD	2019-02-06	0.17744	0.18319	0.18319	0.17744	2260
NEU_USD	2019-02-05	0.18319	0.19412	0.19412	0.17800	2220
NEU_USD	2019-02-04	0.19412	0.19412	0.19412	0.19412	0
NEU_USD	2019-02-03	0.19412	0.19412	0.19412	0.19412	0
NEU_USD	2019-02-02	0.19412	0.19412	0.19412	0.19412	0
NEU_USD	2019-02-01	0.19412	0.19412	0.19412	0.19412	0
NEU_USD	2019-01-31	0.19412	0.19412	0.19412	0.19412	0
NEU_USD	2019-01-30	0.19412	0.19412	0.19412	0.19412	0
NEU_USD	2019-01-29	0.19412	0.19412	0.19412	0.19412	0
NEU_USD	2019-01-28	0.19412	0.19412	0.19412	0.19412	0
NEU_USD	2019-01-27	0.19412	0.19412	0.19412	0.19412	0
NEU_USD	2019-01-26	0.19412	0.19412	0.19412	0.19412	0
NEU_USD	2019-01-25	0.19412	0.19412	0.19412	0.19412	0
NEU_USD	2019-01-24	0.19412	0.19412	0.19412	0.19412	0
NEU_USD	2019-01-23	0.19412	0.16828	0.19412	0.16828	140
NEU_USD	2019-01-22	0.16828	0.16828	0.16828	0.16828	0
NEU_USD	2019-01-21	0.16828	0.16828	0.16828	0.16828	0
NEU_USD	2019-01-20	0.16828	0.16828	0.16828	0.16828	0
NEU_USD	2019-01-19	0.16828	0.18000	0.20096	0.16828	60
NEU_USD	2019-01-18	0.18000	0.17000	0.18000	0.17000	20
NEU_USD	2019-01-17	0.17000	0.17858	0.17858	0.17000	50
NEU_USD	2019-01-16	0.17858	0.17858	0.17858	0.17858	0
NEU_USD	2019-01-15	0.17858	0.17858	0.17858	0.17858	0
NEU_USD	2019-01-14	0.17858	0.17858	0.17858	0.17858	0
NEU_USD	2019-01-13	0.17858	0.17858	0.17858	0.17858	0
NEU_USD	2019-01-12	0.17858	0.17858	0.17858	0.17858	0
NEU_USD	2019-01-11	0.17858	0.17858	0.17858	0.17858	0
NEU_USD	2019-01-10	0.17858	0.21003	0.21003	0.17858	1890
NEU_USD	2019-01-09	0.21003	0.21781	0.21781	0.20000	650
NEU_USD	2019-01-08	0.21781	0.17999	0.22876	0.17999	680
NEU_USD	2019-01-07	0.17999	0.16683	0.17999	0.16683	5330
NEU_USD	2019-01-06	0.16683	0.12359	0.18890	0.12359	3290
NEU_USD	2019-01-05	0.12359	0.24261	0.24261	0.12359	10
NEU_USD	2019-01-04	0.24261	0.24261	0.24261	0.24261	0
NEU_USD	2019-01-03	0.24261	0.22295	0.24261	0.22295	40
NEU_USD	2019-01-02	0.22295	0.22295	0.22295	0.22295	0
NEU_USD	2019-01-01	0.22295	0.20476	0.27483	0.19729	6140
NEU_USD	2018-12-31	0.20476	0.26000	0.26000	0.20476	5310
NEU_USD	2018-12-30	0.26000	0.26000	0.26000	0.26000	0
NEU_USD	2018-12-29	0.26000	0.23162	0.26000	0.23162	350
NEU_USD	2018-12-28	0.23162	0.22937	0.23162	0.22937	590
NEU_USD	2018-12-27	0.22937	0.31050	0.31050	0.22937	510
NEU_USD	2018-12-26	0.31050	0.31050	0.31050	0.31050	0
NEU_USD	2018-12-25	0.31050	0.31050	0.31050	0.31050	0
NEU_USD	2018-12-24	0.31050	0.29508	0.31050	0.29508	920
NEU_USD	2018-12-23	0.29508	0.35150	0.35150	0.29508	250
NEU_USD	2018-12-22	0.35150	0.35150	0.35150	0.35150	0
NEU_USD	2018-12-21	0.35150	0.35150	0.35150	0.35150	0
NEU_USD	2018-12-20	0.35150	0.35150	0.35150	0.35150	0
NEU_USD	2018-12-19	0.35150	0.35150	0.35150	0.35150	0
NEU_USD	2018-12-18	0.35150	0.35150	0.35150	0.35150	0
NEU_USD	2018-12-17	0.35150	0.35150	0.35150	0.35150	0
NEU_USD	2018-12-16	0.35150	0.35150	0.35150	0.35150	0
NEU_USD	2018-12-15	0.35150	0.35150	0.35150	0.35150	0
NEU_USD	2018-12-14	0.35150	0.35150	0.35150	0.35150	0
NEU_USD	2018-12-13	0.35150	0.35150	0.35150	0.35150	0
NEU_USD	2018-12-12	0.35150	0.35150	0.35150	0.35150	0
NEU_USD	2018-12-11	0.35150	0.35150	0.35150	0.35150	0
NEU_USD	2018-12-10	0.35150	0.35150	0.35150	0.35150	0
NEU_USD	2018-12-09	0.35150	0.35150	0.35150	0.35150	0
NEU_USD	2018-12-08	0.35150	0.35150	0.35150	0.35150	0
NEU_USD	2018-12-07	0.35150	0.35150	0.35150	0.35150	0
NEU_USD	2018-12-06	0.35150	0.35150	0.35150	0.35150	0
NEU_USD	2018-12-05	0.35150	0.35150	0.35150	0.35150	0
NEU_USD	2018-12-04	0.35150	0.35150	0.35150	0.35150	0
NEU_USD	2018-12-03	0.35150	0.35150	0.35150	0.35150	0
NEU_USD	2018-12-02	0.35150	0.35150	0.35150	0.35150	0
NEU_USD	2018-12-01	0.35150	0.35150	0.35150	0.35150	0
NEU_USD	2018-11-30	0.35150	0.35150	0.35150	0.35150	0
NEU_USD	2018-11-29	0.35150	0.35150	0.35150	0.35150	0
NEU_USD	2018-11-28	0.35150	0.35150	0.35150	0.35150	0
NEU_USD	2018-11-27	0.35150	0.35150	0.35150	0.35150	0
NEU_USD	2018-11-26	0.35150	0.35150	0.35150	0.35150	0
NEU_USD	2018-11-25	0.35150	0.35150	0.35150	0.35150	0
NEU_USD	2018-11-24	0.35150	0.35150	0.35150	0.35150	0
NEU_USD	2018-11-23	0.35150	0.35150	0.35150	0.35150	0
NEU_USD	2018-11-22	0.35150	0.35150	0.35150	0.35150	0
NEU_USD	2018-11-21	0.35150	0.35150	0.35150	0.35150	0
NEU_USD	2018-11-20	0.35150	0.35150	0.35150	0.35150	0
NEU_USD	2018-11-19	0.35150	0.35150	0.35150	0.35150	0
NEU_USD	2018-11-18	0.35150	0.35150	0.35150	0.35150	0
NEU_USD	2018-11-17	0.35150	0.35150	0.35150	0.35150	0
NEU_USD	2018-11-16	0.35150	0.35150	0.35150	0.35150	0
NEU_USD	2018-11-15	0.35150	0.35150	0.35150	0.35150	0
NEU_USD	2018-11-14	0.35150	0.35150	0.35150	0.35150	0
NEU_USD	2018-11-13	0.35150	0.35150	0.35150	0.35150	0
NEU_USD	2018-11-12	0.35150	0.35150	0.35150	0.35150	0
NEU_USD	2018-11-11	0.35150	0.35150	0.35150	0.35150	0
NEU_USD	2018-11-08	0.35150	0.35150	0.35150	0.35150	0
NEU_USD	2018-10-28	0.35150	0.35150	0.35150	0.35150	0
NEU_USD	2018-10-27	0.35150	0.29641	0.35219	0.29641	27394
NEU_USD	2018-10-26	0.29641	0.29509	0.29834	0.29070	27638
NEU_USD	2018-10-25	0.29509	0.31281	0.31342	0.29259	27595
NEU_USD	2018-10-24	0.31281	0.31444	0.32165	0.31016	30869
NEU_USD	2018-10-23	0.31444	0.30632	0.31546	0.30419	26014
NEU_USD	2018-10-22	0.30632	0.34420	0.34420	0.30532	31601
NEU_USD	2018-10-21	0.34420	0.34420	0.35121	0.32576	23172
NEU_USD	2018-10-20	0.34420	0.34827	0.35121	0.34420	24132
NEU_USD	2018-10-19	0.34827	0.35281	0.35281	0.34532	24303
NEU_USD	2018-10-18	0.35281	0.35166	0.35580	0.34982	23598
NEU_USD	2018-10-17	0.35166	0.36324	0.36514	0.34756	20766
NEU_USD	2018-10-16	0.36324	0.35973	0.36514	0.35669	24054
NEU_USD	2018-10-15	0.35973	0.33068	0.37961	0.32788	31820
NEU_USD	2018-10-14	0.33068	0.33132	0.34669	0.32854	19569
NEU_USD	2018-10-13	0.33132	0.36443	0.36443	0.30100	25851
NEU_USD	2018-10-12	0.36443	0.36134	0.36576	0.35669	21242
NEU_USD	2018-10-11	0.36134	0.38133	0.39466	0.33431	28493
NEU_USD	2018-10-10	0.38133	0.37894	0.38133	0.37771	23159
NEU_USD	2018-10-09	0.37894	0.38826	0.38889	0.37771	23956
NEU_USD	2018-10-08	0.38826	0.37854	0.39939	0.37411	24632
NEU_USD	2018-10-07	0.37854	0.37171	0.37854	0.36930	21747
NEU_USD	2018-10-06	0.37171	0.40417	0.40500	0.36930	21922
NEU_USD	2018-10-05	0.40417	0.38270	0.40500	0.37777	29179
NEU_USD	2018-10-04	0.38270	0.39738	0.40500	0.37899	23094
NEU_USD	2018-10-03	0.39738	0.42124	0.42539	0.39402	18890
NEU_USD	2018-10-02	0.42124	0.42124	0.45915	0.41768	24067
NEU_USD	2018-10-01	0.42124	0.41046	0.44741	0.40436	27363
NEU_USD	2018-09-30	0.41046	0.33361	0.42206	0.33361	33770
NEU_USD	2018-09-29	0.33361	0.33410	0.33426	0.32914	29829
NEU_USD	2018-09-28	0.33410	0.33760	0.34046	0.33128	27577
NEU_USD	2018-09-27	0.33760	0.32897	0.33826	0.32618	22985
NEU_USD	2018-09-26	0.32897	0.32263	0.32961	0.31990	23421
NEU_USD	2018-09-25	0.32263	0.32684	0.32684	0.31375	28098
NEU_USD	2018-09-24	0.32684	0.34423	0.34423	0.31990	26568
NEU_USD	2018-09-23	0.34423	0.34647	0.38756	0.34132	25698
NEU_USD	2018-09-22	0.34647	0.34647	0.35167	0.34132	26888
NEU_USD	2018-09-21	0.34647	0.34046	0.34940	0.33980	25347
NEU_USD	2018-09-20	0.34046	0.33760	0.35626	0.33000	28919
NEU_USD	2018-09-19	0.33760	0.33883	0.34714	0.33044	25099
NEU_USD	2018-09-18	0.33883	0.35788	0.37279	0.33802	26174
NEU_USD	2018-09-17	0.35788	0.37448	0.37521	0.35255	22935
NEU_USD	2018-09-16	0.37448	0.37206	0.37521	0.36500	21655
NEU_USD	2018-09-15	0.37206	0.38681	0.39008	0.36500	17236
NEU_USD	2018-09-14	0.38681	0.37691	0.38756	0.37131	17184
NEU_USD	2018-09-13	0.37691	0.39008	0.40293	0.37131	17462
NEU_USD	2018-09-12	0.39008	0.36891	0.51167	0.36816	16422
NEU_USD	2018-09-11	0.36891	0.37274	0.37615	0.36578	19459
NEU_USD	2018-09-10	0.37274	0.36877	0.38281	0.36602	23680
NEU_USD	2018-09-09	0.36877	0.34118	0.37153	0.33661	26543
NEU_USD	2018-09-08	0.34118	0.37098	0.37153	0.33863	27092
NEU_USD	2018-09-07	0.37098	0.39151	0.39443	0.35630	27496
NEU_USD	2018-09-06	0.39151	0.41253	0.41253	0.38224	29246
NEU_USD	2018-09-05	0.41253	0.48850	0.50407	0.41253	27196
NEU_USD	2018-09-04	0.48850	0.50333	0.50709	0.48485	21989
NEU_USD	2018-09-03	0.50333	0.51861	0.51861	0.48776	23369
NEU_USD	2018-09-02	0.51861	0.50759	0.52249	0.50759	21914
NEU_USD	2018-09-01	0.50759	0.49289	0.50808	0.48896	23683
NEU_USD	2018-08-31	0.49289	0.53913	0.54342	0.49180	23117
NEU_USD	2018-08-30	0.53913	0.54288	0.54724	0.52690	21280
NEU_USD	2018-08-29	0.54288	0.55965	0.55965	0.54288	23152
NEU_USD	2018-08-28	0.55965	0.54343	0.56411	0.54288	24158
NEU_USD	2018-08-27	0.54343	0.55935	0.56834	0.53483	20446
