NOBL_USD	2019-04-09	0.000131	0.000133	0.000133	0.000129	0
NOBL_USD	2019-04-08	0.000133	0.000131	0.000134	0.000129	0
NOBL_USD	2019-04-07	0.000131	0.000127	0.000133	0.000127	0
NOBL_USD	2019-04-06	0.000127	0.000127	0.000132	0.000124	0
NOBL_USD	2019-04-05	0.000127	0.000123	0.000128	0.000123	0
NOBL_USD	2019-04-04	0.000123	0.000124	0.000127	0.000121	0
NOBL_USD	2019-04-03	0.000124	0.000123	0.000133	0.000121	0
NOBL_USD	2019-04-02	0.000123	0.000105	0.000127	0.000105	0
NOBL_USD	2019-04-01	0.000105	0.000105	0.000106	0.000105	0
NOBL_USD	2019-03-31	0.000104	0.000104	0.000105	0.000104	0
NOBL_USD	2019-03-30	0.000104	0.000104	0.000105	0.000103	0
NOBL_USD	2019-03-29	0.000104	0.000102	0.000105	0.000102	0
NOBL_USD	2019-03-28	0.000102	0.000103	0.000103	0.000102	0
NOBL_USD	2019-03-27	0.000103	0.000100	0.000103	0.000099	0
NOBL_USD	2019-03-26	0.000100	0.000099	0.000100	0.000099	0
NOBL_USD	2019-03-25	0.000099	0.000101	0.000101	0.000099	0
NOBL_USD	2019-03-24	0.000101	0.000102	0.000102	0.000100	0
NOBL_USD	2019-03-23	0.000102	0.000101	0.000102	0.000101	0
NOBL_USD	2019-03-22	0.000101	0.000101	0.000102	0.000101	0
NOBL_USD	2019-03-21	0.000101	0.000103	0.000104	0.000100	0
NOBL_USD	2019-03-20	0.000103	0.000103	0.000103	0.000102	0
NOBL_USD	2019-03-19	0.000103	0.000102	0.000103	0.000101	0
NOBL_USD	2019-03-18	0.000102	0.000102	0.000103	0.000101	0
NOBL_USD	2019-03-17	0.000102	0.000102	0.000102	0.000101	0
NOBL_USD	2019-03-16	0.000102	0.000100	0.000104	0.000100	0
NOBL_USD	2019-03-15	0.000100	0.000099	0.000100	0.000099	0
NOBL_USD	2019-03-14	0.000099	0.000099	0.000100	0.000097	0
NOBL_USD	2019-03-13	0.000099	0.000099	0.000099	0.000098	0
NOBL_USD	2019-03-12	0.000099	0.000099	0.000099	0.000097	0
NOBL_USD	2019-03-11	0.000099	0.000100	0.000100	0.000098	0
NOBL_USD	2019-03-10	0.000100	0.000100	0.000100	0.000099	0
NOBL_USD	2019-03-09	0.000100	0.000099	0.000101	0.000098	0
NOBL_USD	2019-03-08	0.000099	0.000099	0.000100	0.000097	0
NOBL_USD	2019-03-07	0.000099	0.000099	0.000100	0.000098	0
NOBL_USD	2019-03-06	0.000099	0.000099	0.000099	0.000098	0
NOBL_USD	2019-03-05	0.000099	0.000095	0.000099	0.000095	0
NOBL_USD	2019-03-04	0.000095	0.000097	0.000098	0.000094	0
NOBL_USD	2019-03-03	0.000097	0.000098	0.000098	0.000097	0
NOBL_USD	2019-03-02	0.000098	0.000098	0.000098	0.000096	0
NOBL_USD	2019-03-01	0.000098	0.000097	0.000099	0.000097	0
NOBL_USD	2019-02-28	0.000097	0.000098	0.000100	0.000097	0
NOBL_USD	2019-02-27	0.000098	0.000097	0.000098	0.000094	0
NOBL_USD	2019-02-26	0.000097	0.000098	0.000098	0.000097	0
NOBL_USD	2019-02-25	0.000098	0.000096	0.000099	0.000096	0
NOBL_USD	2019-02-24	0.000096	0.000105	0.000107	0.000095	0
NOBL_USD	2019-02-23	0.000105	0.000102	0.000106	0.000100	0
NOBL_USD	2019-02-22	0.000102	0.000100	0.000102	0.000100	0
NOBL_USD	2019-02-21	0.000100	0.000102	0.000103	0.000099	0
NOBL_USD	2019-02-20	0.000102	0.000100	0.000102	0.000099	0
NOBL_USD	2019-02-19	0.000100	0.000099	0.000102	0.000099	0
NOBL_USD	2019-02-18	0.000099	0.000093	0.000100	0.000093	0
NOBL_USD	2019-02-17	0.000093	0.000092	0.000095	0.000092	0
NOBL_USD	2019-02-16	0.000092	0.000092	0.000093	0.000092	0
NOBL_USD	2019-02-15	0.000092	0.000091	0.000093	0.000091	0
NOBL_USD	2019-02-14	0.000091	0.000092	0.000092	0.000091	0
NOBL_USD	2019-02-13	0.000091	0.000092	0.000093	0.000091	0
NOBL_USD	2019-02-12	0.000092	0.000092	0.000093	0.000091	0
NOBL_USD	2019-02-11	0.000092	0.000094	0.000094	0.000092	0
NOBL_USD	2019-02-10	0.000094	0.000093	0.000094	0.000092	0
NOBL_USD	2019-02-09	0.000093	0.000093	0.000093	0.000092	0
NOBL_USD	2019-02-08	0.000093	0.000086	0.000095	0.000086	0
NOBL_USD	2019-02-07	0.000086	0.000086	0.000087	0.000086	0
NOBL_USD	2019-02-06	0.000086	0.000088	0.000088	0.000086	0
NOBL_USD	2019-02-05	0.000088	0.000087	0.000088	0.000087	0
NOBL_USD	2019-02-04	0.000087	0.000088	0.000088	0.000087	0
NOBL_USD	2019-02-03	0.000088	0.000089	0.000089	0.000087	0
NOBL_USD	2019-02-02	0.000089	0.000088	0.000089	0.000088	0
NOBL_USD	2019-02-01	0.000088	0.000088	0.000089	0.000087	0
NOBL_USD	2019-01-31	0.000088	0.000088	0.000089	0.000087	0
NOBL_USD	2019-01-30	0.000088	0.000087	0.000089	0.000086	0
NOBL_USD	2019-01-29	0.000087	0.000088	0.000088	0.000086	0
NOBL_USD	2019-01-28	0.000088	0.000090	0.000090	0.000086	0
NOBL_USD	2019-01-27	0.000090	0.000091	0.000091	0.000089	0
NOBL_USD	2019-01-26	0.000091	0.000091	0.000093	0.000091	0
NOBL_USD	2019-01-25	0.000090	0.000091	0.000092	0.000090	0
NOBL_USD	2019-01-24	0.000091	0.000090	0.000092	0.000090	0
NOBL_USD	2019-01-23	0.000090	0.000091	0.000092	0.000090	0
NOBL_USD	2019-01-22	0.000091	0.000090	0.000092	0.000088	0
NOBL_USD	2019-01-21	0.000090	0.000090	0.000090	0.000089	0
NOBL_USD	2019-01-20	0.000090	0.000094	0.000095	0.000089	0
NOBL_USD	2019-01-19	0.000095	0.000092	0.000095	0.000092	0
NOBL_USD	2019-01-18	0.000092	0.000093	0.000093	0.000091	0
NOBL_USD	2019-01-17	0.000093	0.000092	0.000093	0.000091	0
NOBL_USD	2019-01-16	0.000092	0.000091	0.000093	0.000091	0
NOBL_USD	2019-01-15	0.000091	0.000094	0.000094	0.000091	0
NOBL_USD	2019-01-14	0.000094	0.000090	0.000095	0.000089	0
NOBL_USD	2019-01-13	0.000090	0.000093	0.000093	0.000089	0
NOBL_USD	2019-01-12	0.000093	0.000093	0.000093	0.000092	0
NOBL_USD	2019-01-11	0.000093	0.000093	0.000094	0.000092	0
NOBL_USD	2019-01-10	0.000093	0.000102	0.000103	0.000092	0
NOBL_USD	2019-01-09	0.000102	0.000102	0.000145	0.000102	0
NOBL_USD	2019-01-08	0.000102	0.000103	0.000105	0.000101	0
NOBL_USD	2019-01-07	0.000103	0.000104	0.000105	0.000102	0
NOBL_USD	2019-01-06	0.000104	0.000098	0.000196	0.000097	0
NOBL_USD	2019-01-05	0.000098	0.000139	0.000141	0.000098	0
NOBL_USD	2019-01-04	0.000139	0.000137	0.000139	0.000135	0
NOBL_USD	2019-01-03	0.000137	0.000142	0.000142	0.000137	0
NOBL_USD	2019-01-02	0.000142	0.000139	0.000143	0.000137	0
NOBL_USD	2019-01-01	0.000139	0.000134	0.000139	0.000133	0
NOBL_USD	2018-12-31	0.000134	0.000139	0.000139	0.000118	0
NOBL_USD	2018-12-30	0.000139	0.000136	0.000140	0.000135	0
NOBL_USD	2018-12-29	0.000136	0.000141	0.000143	0.000135	0
NOBL_USD	2018-12-28	0.000141	0.000130	0.000143	0.000129	0
NOBL_USD	2018-12-27	0.000130	0.000138	0.000139	0.000129	0
NOBL_USD	2018-12-26	0.000138	0.000137	0.000140	0.000133	0
NOBL_USD	2018-12-25	0.000137	0.000145	0.000145	0.000134	0
NOBL_USD	2018-12-24	0.000145	0.000142	0.000153	0.000142	0
NOBL_USD	2018-12-23	0.000142	0.000144	0.000147	0.000141	0
NOBL_USD	2018-12-22	0.000144	0.000139	0.000145	0.000137	0
NOBL_USD	2018-12-21	0.000139	0.000148	0.000150	0.000137	0
NOBL_USD	2018-12-20	0.000148	0.000133	0.000150	0.000132	0
NOBL_USD	2018-12-19	0.000133	0.000132	0.000141	0.000132	0
NOBL_USD	2018-12-18	0.000132	0.000127	0.000133	0.000124	0
NOBL_USD	2018-12-17	0.000127	0.000115	0.000130	0.000115	0
NOBL_USD	2018-12-16	0.000115	0.000115	0.000118	0.000115	0
NOBL_USD	2018-12-15	0.000115	0.000115	0.000116	0.000113	0
NOBL_USD	2018-12-14	0.000115	0.000117	0.000119	0.000113	0
NOBL_USD	2018-12-13	0.000117	0.000124	0.000140	0.000117	0
NOBL_USD	2018-12-12	0.000124	0.000137	0.000161	0.000120	0
NOBL_USD	2018-12-11	0.000138	0.000137	0.000139	0.000137	0
NOBL_USD	2018-12-10	0.000141	0.000164	0.000166	0.000124	0
NOBL_USD	2018-12-09	0.000164	0.000158	0.000170	0.000156	0
NOBL_USD	2018-12-08	0.000158	0.000156	0.000165	0.000149	0
NOBL_USD	2018-12-07	0.000156	0.000159	0.000162	0.000148	0
NOBL_USD	2018-12-06	0.000159	0.000169	0.000176	0.000158	0
NOBL_USD	2018-12-05	0.000170	0.000179	0.000180	0.000169	0
NOBL_USD	2018-12-04	0.000179	0.000176	0.000186	0.000171	0
NOBL_USD	2018-12-03	0.000176	0.000187	0.000188	0.000173	0
NOBL_USD	2018-12-02	0.000187	0.000191	0.000196	0.000186	0
NOBL_USD	2018-12-01	0.000191	0.000182	0.000195	0.000179	0
NOBL_USD	2018-11-30	0.000182	0.000194	0.000196	0.000178	0
NOBL_USD	2018-11-29	0.000194	0.000194	0.000201	0.000188	0
NOBL_USD	2018-11-28	0.000194	0.000175	0.000199	0.000175	0
NOBL_USD	2018-11-27	0.000175	0.000174	0.000177	0.000167	0
NOBL_USD	2018-11-26	0.000174	0.000185	0.000189	0.000167	0
NOBL_USD	2018-11-25	0.000185	0.000177	0.000189	0.000165	0
NOBL_USD	2018-11-24	0.000177	0.000199	0.000203	0.000173	0
NOBL_USD	2018-11-23	0.000199	0.000198	0.000202	0.000191	0
NOBL_USD	2018-11-22	0.000198	0.000210	0.000212	0.000198	0
NOBL_USD	2018-11-21	0.000210	0.000206	0.000215	0.000199	0
NOBL_USD	2018-11-20	0.000206	0.000222	0.000227	0.000194	0
NOBL_USD	2018-11-19	0.000222	0.000255	0.000255	0.000220	0
NOBL_USD	2018-11-18	0.000255	0.000253	0.000257	0.000253	0
NOBL_USD	2018-11-17	0.000253	0.000255	0.000255	0.000251	0
NOBL_USD	2018-11-16	0.000255	0.000259	0.000259	0.000250	0
NOBL_USD	2018-11-15	0.000259	0.000265	0.000267	0.000245	0
NOBL_USD	2018-11-14	0.000265	0.000291	0.000292	0.000257	0
NOBL_USD	2018-11-13	0.000291	0.000290	0.000292	0.000288	0
NOBL_USD	2018-11-12	0.000290	0.000291	0.000292	0.000289	0
NOBL_USD	2018-11-11	0.000291	0.000289	0.000291	0.000286	0
NOBL_USD	2018-11-10	0.000289	0.000289	0.000291	0.000289	0
NOBL_USD	2018-11-09	0.000289	0.000292	0.000293	0.000288	0
NOBL_USD	2018-11-08	0.000292	0.000296	0.000296	0.000291	0
NOBL_USD	2018-11-07	0.000296	0.000293	0.000297	0.000293	0
NOBL_USD	2018-11-06	0.000293	0.000291	0.000293	0.000290	0
NOBL_USD	2018-11-05	0.000291	0.000292	0.000292	0.000290	0
NOBL_USD	2018-11-04	0.000292	0.000287	0.000293	0.000286	0
NOBL_USD	2018-11-03	0.000287	0.000289	0.000319	0.000285	0
NOBL_USD	2018-11-02	0.000289	0.000288	0.000290	0.000288	0
NOBL_USD	2018-11-01	0.000288	0.000350	0.000352	0.000286	0
NOBL_USD	2018-10-31	0.000350	0.000285	0.000352	0.000285	0
NOBL_USD	2018-10-30	0.000285	0.000317	0.000350	0.000284	0
NOBL_USD	2018-10-29	0.000317	0.000292	0.000357	0.000285	0
NOBL_USD	2018-10-28	0.000292	0.000293	0.000293	0.000291	0
NOBL_USD	2018-10-27	0.000293	0.000294	0.000295	0.000292	0
NOBL_USD	2018-10-26	0.000294	0.000294	0.000296	0.000293	0
NOBL_USD	2018-10-25	0.000294	0.000295	0.000295	0.000293	0
NOBL_USD	2018-10-24	0.000295	0.000295	0.000298	0.000294	0
NOBL_USD	2018-10-23	0.000295	0.000296	0.000296	0.000294	0
NOBL_USD	2018-10-22	0.000296	0.000296	0.000298	0.000295	0
NOBL_USD	2018-10-21	0.000296	0.000296	0.000299	0.000296	0
NOBL_USD	2018-10-20	0.000296	0.000294	0.000297	0.000293	0
NOBL_USD	2018-10-19	0.000294	0.000298	0.000298	0.000293	0
NOBL_USD	2018-10-18	0.000298	0.000303	0.000305	0.000296	0
NOBL_USD	2018-10-17	0.000303	0.000304	0.000306	0.000301	0
NOBL_USD	2018-10-16	0.000304	0.000303	0.000310	0.000301	0
NOBL_USD	2018-10-15	0.000303	0.000285	0.000338	0.000284	0
NOBL_USD	2018-10-14	0.000285	0.000285	0.000319	0.000284	0
NOBL_USD	2018-10-13	0.000285	0.000283	0.000348	0.000283	0
NOBL_USD	2018-10-12	0.000283	0.000281	0.000286	0.000280	0
NOBL_USD	2018-10-11	0.000281	0.000365	0.000365	0.000280	0
NOBL_USD	2018-10-10	0.000365	0.000366	0.000366	0.000359	0
NOBL_USD	2018-10-09	0.000366	0.000400	0.000433	0.000363	0
NOBL_USD	2018-10-08	0.000400	0.000429	0.000430	0.000363	0
NOBL_USD	2018-10-07	0.000429	0.000363	0.000431	0.000359	0
NOBL_USD	2018-10-06	0.000363	0.000432	0.000432	0.000361	0
NOBL_USD	2018-10-05	0.000432	0.000428	0.000433	0.000361	0
NOBL_USD	2018-10-04	0.000428	0.000488	0.000497	0.000396	0
NOBL_USD	2018-10-03	0.000488	0.000490	0.000491	0.000482	0
NOBL_USD	2018-10-02	0.000490	0.000495	0.000497	0.000489	0
NOBL_USD	2018-10-01	0.000495	0.000496	0.000499	0.000489	0
NOBL_USD	2018-09-30	0.000496	0.000495	0.000499	0.000490	0
NOBL_USD	2018-09-29	0.000495	0.000498	0.000498	0.000458	0
NOBL_USD	2018-09-28	0.000498	0.000502	0.000512	0.000491	0
NOBL_USD	2018-09-27	0.000502	0.000420	0.000504	0.000419	0
NOBL_USD	2018-09-26	0.000420	0.000483	0.000485	0.000418	0
NOBL_USD	2018-09-25	0.000483	0.000494	0.000494	0.000476	0
NOBL_USD	2018-09-24	0.000494	0.000503	0.000504	0.000492	0
NOBL_USD	2018-09-23	0.000503	0.000437	0.000509	0.000435	0
NOBL_USD	2018-09-22	0.000437	0.000440	0.000472	0.000432	0
NOBL_USD	2018-09-21	0.000440	0.000423	0.000441	0.000422	0
NOBL_USD	2018-09-20	0.000423	0.000415	0.000424	0.000413	0
NOBL_USD	2018-09-19	0.000415	0.000412	0.000420	0.000397	0
NOBL_USD	2018-09-18	0.000412	0.000438	0.000440	0.000407	0
NOBL_USD	2018-09-17	0.000438	0.000487	0.000490	0.000404	0
NOBL_USD	2018-09-16	0.000487	0.000489	0.000489	0.000479	0
NOBL_USD	2018-09-15	0.000489	0.000487	0.000493	0.000486	0
NOBL_USD	2018-09-14	0.000487	0.000486	0.000494	0.000478	0
NOBL_USD	2018-09-13	0.000486	0.000475	0.000489	0.000475	0
NOBL_USD	2018-09-12	0.000475	0.000472	0.000476	0.000465	0
NOBL_USD	2018-09-11	0.000472	0.000473	0.000479	0.000464	0
NOBL_USD	2018-09-10	0.000473	0.000530	0.000532	0.000468	0
NOBL_USD	2018-09-09	0.000530	0.000526	0.000545	0.000470	0
NOBL_USD	2018-09-08	0.000526	0.000544	0.000582	0.000522	0
NOBL_USD	2018-09-07	0.000545	0.000554	0.000555	0.000538	0
NOBL_USD	2018-09-06	0.000554	0.000570	0.000571	0.000536	0
NOBL_USD	2018-09-05	0.000570	0.000626	0.000629	0.000570	0
NOBL_USD	2018-09-04	0.000626	0.000618	0.000630	0.000543	0
NOBL_USD	2018-09-03	0.000618	0.000620	0.000624	0.000612	0
NOBL_USD	2018-09-02	0.000620	0.000540	0.000623	0.000535	0
NOBL_USD	2018-09-01	0.000540	0.000527	0.000605	0.000527	0
NOBL_USD	2018-08-31	0.000527	0.000525	0.000531	0.000517	0
NOBL_USD	2018-08-30	0.000525	0.000528	0.000530	0.000510	0
NOBL_USD	2018-08-29	0.000528	0.000531	0.000535	0.000520	0
NOBL_USD	2018-08-28	0.000531	0.000449	0.000568	0.000447	0
NOBL_USD	2018-08-27	0.000449	0.000436	0.000449	0.000433	0
NOBL_USD	2018-08-26	0.000436	0.000438	0.000441	0.000428	0
NOBL_USD	2018-08-25	0.000438	0.000435	0.000441	0.000434	0
NOBL_USD	2018-08-24	0.000435	0.000424	0.000437	0.000420	0
NOBL_USD	2018-08-23	0.000424	0.000413	0.000427	0.000413	0
NOBL_USD	2018-08-22	0.000413	0.000389	0.000439	0.000386	0
NOBL_USD	2018-08-21	0.000389	0.000344	0.000419	0.000344	0
NOBL_USD	2018-08-20	0.000344	0.000357	0.000359	0.000343	0
NOBL_USD	2018-08-19	0.000357	0.000351	0.000360	0.000347	0
NOBL_USD	2018-08-18	0.000351	0.000395	0.000397	0.000348	0
NOBL_USD	2018-08-17	0.000395	0.000347	0.000395	0.000346	0
NOBL_USD	2018-08-16	0.000347	0.000345	0.000356	0.000342	0
NOBL_USD	2018-08-15	0.000345	0.000402	0.000413	0.000343	0
NOBL_USD	2018-08-14	0.000402	0.000406	0.000406	0.000353	0
NOBL_USD	2018-08-13	0.000406	0.000410	0.000425	0.000400	0
NOBL_USD	2018-08-12	0.000410	0.000405	0.000419	0.000401	0
NOBL_USD	2018-08-11	0.000405	0.000399	0.000420	0.000391	0
NOBL_USD	2018-08-10	0.000399	0.000424	0.000427	0.000391	0
NOBL_USD	2018-08-09	0.000424	0.000408	0.000430	0.000402	0
NOBL_USD	2018-08-08	0.000408	0.000437	0.000437	0.000399	0
NOBL_USD	2018-08-07	0.000437	0.000451	0.000465	0.000434	0
NOBL_USD	2018-08-06	0.000451	0.000457	0.000464	0.000445	0
NOBL_USD	2018-08-05	0.000457	0.000455	0.000461	0.000448	0
NOBL_USD	2018-08-04	0.000455	0.000482	0.000487	0.000450	0
NOBL_USD	2018-08-03	0.000482	0.000490	0.000565	0.000473	0
NOBL_USD	2018-08-02	0.000490	0.000495	0.000501	0.000485	0
NOBL_USD	2018-08-01	0.000495	0.000542	0.000543	0.000484	0
NOBL_USD	2018-07-31	0.000542	0.000572	0.000572	0.000537	0
NOBL_USD	2018-07-30	0.000572	0.000534	0.000617	0.000525	0
NOBL_USD	2018-07-29	0.000534	0.000536	0.000577	0.000528	0
NOBL_USD	2018-07-28	0.000536	0.000577	0.000577	0.000536	0
NOBL_USD	2018-07-27	0.000577	0.000536	0.000577	0.000536	0
NOBL_USD	2018-07-26	0.000536	0.000532	0.000540	0.000531	0
NOBL_USD	2018-07-25	0.000532	0.000547	0.000552	0.000525	0
NOBL_USD	2018-07-24	0.000547	0.000501	0.000551	0.000501	0
NOBL_USD	2018-07-23	0.000501	0.000481	0.000506	0.000479	0
NOBL_USD	2018-07-22	0.000481	0.000481	0.000492	0.000478	0
NOBL_USD	2018-07-21	0.000481	0.000513	0.000519	0.000481	0
NOBL_USD	2018-07-20	0.000513	0.000523	0.000553	0.000473	0
NOBL_USD	2018-07-19	0.000523	0.000516	0.000561	0.000510	0
NOBL_USD	2018-07-18	0.000516	0.000476	0.000531	0.000476	0
NOBL_USD	2018-07-17	0.000476	0.000472	0.000485	0.000433	0
NOBL_USD	2018-07-16	0.000472	0.000413	0.000503	0.000412	0
NOBL_USD	2018-07-15	0.000413	0.000406	0.000415	0.000405	0
NOBL_USD	2018-07-14	0.000406	0.000404	0.000410	0.000402	0
NOBL_USD	2018-07-13	0.000404	0.000405	0.000411	0.000399	0
NOBL_USD	2018-07-12	0.000405	0.000446	0.000465	0.000395	0
NOBL_USD	2018-07-11	0.000446	0.000441	0.000479	0.000412	0
NOBL_USD	2018-07-10	0.000441	0.000466	0.000478	0.000440	0
NOBL_USD	2018-07-09	0.000466	0.000436	0.000503	0.000434	0
NOBL_USD	2018-07-08	0.000435	0.000440	0.000441	0.000434	0
NOBL_USD	2018-07-07	0.000440	0.000429	0.000444	0.000423	0
NOBL_USD	2018-07-06	0.000429	0.000425	0.000458	0.000422	0
NOBL_USD	2018-07-05	0.000425	0.000428	0.000435	0.000420	0
NOBL_USD	2018-07-04	0.000428	0.000422	0.000436	0.000417	0
NOBL_USD	2018-07-03	0.000423	0.000496	0.000500	0.000007	0
NOBL_USD	2018-07-02	0.000496	0.000476	0.000501	0.000000	0
NOBL_USD	2018-07-01	0.000476	0.000479	0.000482	0.000470	0
NOBL_USD	2018-06-30	0.000479	0.000465	0.000489	0.000465	0
NOBL_USD	2018-06-29	0.000466	0.000439	0.000470	0.000435	0
NOBL_USD	2018-06-28	0.000439	0.000521	0.000523	0.000437	0
NOBL_USD	2018-06-27	0.000521	0.000485	0.000525	0.000449	0
NOBL_USD	2018-06-26	0.000487	0.000500	0.000502	0.000461	0
NOBL_USD	2018-06-25	0.000500	0.000522	0.000537	0.000498	0
NOBL_USD	2018-06-24	0.000523	0.000524	0.000525	0.000433	0
NOBL_USD	2018-06-23	0.000523	0.000514	0.000531	0.000451	0
NOBL_USD	2018-06-22	0.000514	0.000504	0.000518	0.000445	0
NOBL_USD	2018-06-21	0.000504	0.000507	0.000509	0.000502	0
NOBL_USD	2018-06-20	0.000507	0.000505	0.000511	0.000492	0
NOBL_USD	2018-06-19	0.000506	0.000503	0.000512	0.000500	0
NOBL_USD	2018-06-18	0.000502	0.000483	0.000509	0.000479	0
NOBL_USD	2018-06-17	0.000483	0.000487	0.000493	0.000482	0
NOBL_USD	2018-06-16	0.000486	0.000479	0.000491	0.000475	0
NOBL_USD	2018-06-15	0.000479	0.000498	0.000498	0.000477	0
NOBL_USD	2018-06-14	0.000497	0.000472	0.000551	0.000470	0
NOBL_USD	2018-06-13	0.000472	0.000491	0.000528	0.000460	0
NOBL_USD	2018-06-12	0.000491	0.000550	0.000550	0.000483	0
NOBL_USD	2018-06-11	0.000550	0.000507	0.000552	0.000498	0
NOBL_USD	2018-06-10	0.000506	0.000637	0.000637	0.000499	0
NOBL_USD	2018-06-09	0.000637	0.000647	0.000653	0.000635	0
NOBL_USD	2018-06-08	0.000647	0.000653	0.000654	0.000641	0
NOBL_USD	2018-06-07	0.000654	0.000651	0.000659	0.000650	0
NOBL_USD	2018-06-06	0.000651	0.000648	0.000654	0.000570	0
NOBL_USD	2018-06-05	0.000648	0.000637	0.000652	0.000627	0
NOBL_USD	2018-06-04	0.000637	0.000657	0.000659	0.000634	0
NOBL_USD	2018-06-03	0.000656	0.000649	0.000661	0.000646	0
NOBL_USD	2018-06-02	0.000649	0.000640	0.000654	0.000607	0
NOBL_USD	2018-06-01	0.000639	0.000599	0.000643	0.000561	0
NOBL_USD	2018-05-31	0.000599	0.000590	0.000644	0.000567	0
NOBL_USD	2018-05-30	0.000590	0.000560	0.000642	0.000550	0
NOBL_USD	2018-05-29	0.000559	0.000604	0.000637	0.000555	0
NOBL_USD	2018-05-28	0.000603	0.000624	0.000632	0.000601	0
NOBL_USD	2018-05-27	0.000624	0.000623	0.000628	0.000614	0
NOBL_USD	2018-05-26	0.000623	0.000634	0.000647	0.000601	0
NOBL_USD	2018-05-25	0.000635	0.000682	0.000687	0.000625	0
NOBL_USD	2018-05-24	0.000682	0.000713	0.000733	0.000673	0
NOBL_USD	2018-05-23	0.000713	0.000718	0.000753	0.000663	0
NOBL_USD	2018-05-22	0.000718	0.000714	0.000793	0.000702	0
NOBL_USD	2018-05-21	0.000714	0.000767	0.000808	0.000711	0
NOBL_USD	2018-05-20	0.000767	0.000700	0.000811	0.000695	0
NOBL_USD	2018-05-19	0.000699	0.000700	0.000713	0.000692	0
NOBL_USD	2018-05-18	0.000700	0.000685	0.000786	0.000674	0
NOBL_USD	2018-05-17	0.000686	0.000793	0.000804	0.000680	0
NOBL_USD	2018-05-16	0.000792	0.000719	0.000800	0.000689	0
NOBL_USD	2018-05-15	0.000720	0.000737	0.000750	0.000716	0
NOBL_USD	2018-05-14	0.000737	0.000912	0.000914	0.000707	0
NOBL_USD	2018-05-13	0.000912	0.000890	0.000919	0.000874	0
NOBL_USD	2018-05-12	0.000888	0.000881	0.000906	0.000862	0
NOBL_USD	2018-05-11	0.000881	0.001037	0.001037	0.000876	0
NOBL_USD	2018-05-10	0.001037	0.001118	0.001125	0.001035	0
NOBL_USD	2018-05-09	0.001118	0.000964	0.001121	0.000943	0
NOBL_USD	2018-05-08	0.000965	0.001076	0.001078	0.000000	0
NOBL_USD	2018-05-07	0.001084	0.001062	0.001087	0.000978	0
NOBL_USD	2018-05-06	0.001062	0.001134	0.001146	0.000997	0
NOBL_USD	2018-05-05	0.001133	0.001116	0.001148	0.001114	0
NOBL_USD	2018-05-04	0.001116	0.001123	0.001128	0.001100	0
NOBL_USD	2018-05-03	0.001123	0.001062	0.001131	0.000969	0
NOBL_USD	2018-05-02	0.001062	0.001043	0.001066	0.001033	0
NOBL_USD	2018-05-01	0.001044	0.001062	0.001062	0.001016	0
NOBL_USD	2018-04-30	0.001062	0.001081	0.001087	0.001048	0
NOBL_USD	2018-04-29	0.001081	0.001074	0.001170	0.001061	0
NOBL_USD	2018-04-28	0.001074	0.001027	0.001093	0.001020	0
NOBL_USD	2018-04-27	0.001027	0.001255	0.001256	0.001024	0
NOBL_USD	2018-04-26	0.001255	0.001021	0.001257	0.000996	0
NOBL_USD	2018-04-25	0.001021	0.001206	0.001219	0.001010	0
NOBL_USD	2018-04-24	0.001209	0.001117	0.001232	0.001055	0
NOBL_USD	2018-04-23	0.001117	0.001100	0.001126	0.001097	0
NOBL_USD	2018-04-22	0.001100	0.001114	0.001219	0.001094	0
NOBL_USD	2018-04-21	0.001114	0.001242	0.001292	0.001090	0
NOBL_USD	2018-04-20	0.001242	0.001034	0.001317	0.001034	0
NOBL_USD	2018-04-19	0.001034	0.000817	0.001195	0.000772	0
NOBL_USD	2018-04-18	0.000817	0.000907	0.000911	0.000778	0
NOBL_USD	2018-04-17	0.000907	0.000765	0.000934	0.000757	0
NOBL_USD	2018-04-16	0.000765	0.000794	0.000799	0.000672	0
NOBL_USD	2018-04-15	0.000794	0.000760	0.000800	0.000760	0
NOBL_USD	2018-04-14	0.000760	0.000748	0.000777	0.000743	0
NOBL_USD	2018-04-13	0.000748	0.000752	0.000848	0.000737	0
NOBL_USD	2018-04-12	0.000752	0.000729	0.000847	0.000652	0
NOBL_USD	2018-04-11	0.000729	0.000650	0.000732	0.000578	0
NOBL_USD	2018-04-10	0.000650	0.000642	0.000655	0.000632	0
NOBL_USD	2018-04-09	0.000642	0.000666	0.000680	0.000567	0
NOBL_USD	2018-04-08	0.000666	0.000654	0.000671	0.000589	0
NOBL_USD	2018-04-07	0.000654	0.000628	0.000665	0.000577	0
NOBL_USD	2018-04-06	0.000628	0.000642	0.000711	0.000618	0
NOBL_USD	2018-04-05	0.000642	0.000645	0.000656	0.000563	0
NOBL_USD	2018-04-04	0.000645	0.000629	0.000649	0.000569	0
NOBL_USD	2018-04-03	0.000629	0.000670	0.000780	0.000626	0
NOBL_USD	2018-04-02	0.000670	0.000851	0.000936	0.000670	0
NOBL_USD	2018-04-01	0.000851	0.000935	0.000948	0.000734	0
NOBL_USD	2018-03-31	0.000935	0.000923	0.001099	0.000923	0
NOBL_USD	2018-03-30	0.000923	0.001028	0.001581	0.000918	0
NOBL_USD	2018-03-29	0.001028	0.001271	0.001382	0.001000	0
NOBL_USD	2018-03-28	0.001271	0.001207	0.001462	0.001198	0
NOBL_USD	2018-03-27	0.001207	0.001259	0.001270	0.001023	0
NOBL_USD	2018-03-26	0.001259	0.001225	0.001305	0.000986	0
NOBL_USD	2018-03-25	0.001225	0.001404	0.001520	0.001219	0
NOBL_USD	2018-03-24	0.001404	0.001825	0.001834	0.001402	0
NOBL_USD	2018-03-23	0.001825	0.001569	0.001938	0.001562	0
NOBL_USD	2018-03-22	0.001569	0.001557	0.002300	0.001341	0
NOBL_USD	2018-03-21	0.001557	0.000756	0.002268	0.000753	0
NOBL_USD	2018-03-20	0.000756	0.000645	0.000767	0.000634	0
NOBL_USD	2018-03-19	0.000645	0.000616	0.000652	0.000608	0
NOBL_USD	2018-03-18	0.000616	0.000512	0.000620	0.000476	0
NOBL_USD	2018-03-17	0.000512	0.000539	0.000542	0.000504	0
NOBL_USD	2018-03-16	0.000539	0.000619	0.000644	0.000526	0
NOBL_USD	2018-03-15	0.000619	0.000614	0.000630	0.000576	0
NOBL_USD	2018-03-14	0.000614	0.000685	0.000701	0.000594	0
NOBL_USD	2018-03-13	0.000685	0.000684	0.000708	0.000575	0
NOBL_USD	2018-03-12	0.000684	0.000713	0.000742	0.000610	0
NOBL_USD	2018-03-11	0.000713	0.000657	0.000728	0.000632	0
NOBL_USD	2018-03-10	0.000657	0.000692	0.000712	0.000653	0
NOBL_USD	2018-03-09	0.000692	0.000697	0.000706	0.000626	0
NOBL_USD	2018-03-08	0.000697	0.000741	0.000756	0.000678	0
NOBL_USD	2018-03-07	0.000741	0.000804	0.000926	0.000708	0
NOBL_USD	2018-03-06	0.000804	0.000862	0.000929	0.000794	0
NOBL_USD	2018-03-05	0.000862	0.000978	0.000994	0.000862	0
NOBL_USD	2018-03-04	0.000978	0.000972	0.000981	0.000837	0
NOBL_USD	2018-03-03	0.000960	0.000827	0.000979	0.000827	0
NOBL_USD	2018-03-02	0.000825	0.000929	0.000951	0.000823	0
