NOBS_USD	2019-04-09	0.15640	0.15946	0.15946	0.15502	0
NOBS_USD	2019-04-08	0.15946	0.17142	0.17523	0.15824	0
NOBS_USD	2019-04-07	0.17142	0.16617	0.17322	0.16592	0
NOBS_USD	2019-04-06	0.16617	0.17335	0.17335	0.16237	0
NOBS_USD	2019-04-05	0.17335	0.18360	0.24586	0.17099	0
NOBS_USD	2019-04-04	0.18360	0.18419	0.19445	0.18108	0
NOBS_USD	2019-04-03	0.18419	0.21622	0.22177	0.17176	0
NOBS_USD	2019-04-02	0.21622	0.19170	0.22977	0.19122	0
NOBS_USD	2019-04-01	0.19170	0.20021	0.20117	0.19170	0
NOBS_USD	2019-03-31	0.20021	0.18736	0.20246	0.18620	0
NOBS_USD	2019-03-30	0.18736	0.19274	0.24637	0.16288	0
NOBS_USD	2019-03-29	0.19274	0.10442	0.24893	0.10418	0
NOBS_USD	2019-03-28	0.10442	0.10544	0.10544	0.10410	0
NOBS_USD	2019-03-27	0.10544	0.10364	0.10628	0.10324	0
NOBS_USD	2019-03-26	0.10364	0.10709	0.10731	0.10342	0
NOBS_USD	2019-03-25	0.10709	0.11399	0.11399	0.10665	0
NOBS_USD	2019-03-24	0.11399	0.11627	0.11627	0.11397	0
NOBS_USD	2019-03-23	0.11627	0.11580	0.11658	0.11547	0
NOBS_USD	2019-03-22	0.11580	0.11564	0.11638	0.11539	0
NOBS_USD	2019-03-21	0.11564	0.11795	0.11849	0.11453	0
NOBS_USD	2019-03-20	0.11795	0.11740	0.11821	0.11640	0
NOBS_USD	2019-03-19	0.11740	0.11673	0.11802	0.11626	0
NOBS_USD	2019-03-18	0.11673	0.11749	0.11893	0.11568	0
NOBS_USD	2019-03-17	0.11749	0.11899	0.11899	0.11684	0
NOBS_USD	2019-03-16	0.11899	0.11783	0.12227	0.11783	0
NOBS_USD	2019-03-15	0.11783	0.11757	0.11804	0.11645	0
NOBS_USD	2019-03-14	0.11757	0.11566	0.12010	0.11309	0
NOBS_USD	2019-03-13	0.11573	0.12451	0.12459	0.11573	0
NOBS_USD	2019-03-12	0.12451	0.15513	0.15513	0.12447	0
NOBS_USD	2019-03-11	0.15513	0.17331	0.17656	0.15464	0
NOBS_USD	2019-03-10	0.17331	0.17445	0.17940	0.17223	0
NOBS_USD	2019-03-09	0.17445	0.22615	0.23408	0.16630	0
NOBS_USD	2019-03-08	0.22615	0.22767	0.23073	0.22244	0
NOBS_USD	2019-03-07	0.22767	0.23246	0.23482	0.16836	0
NOBS_USD	2019-03-06	0.23246	0.23475	0.23527	0.23193	0
NOBS_USD	2019-03-05	0.23475	0.22804	0.23650	0.22692	0
NOBS_USD	2019-03-04	0.22804	0.18590	0.22821	0.18044	0
NOBS_USD	2019-03-03	0.18590	0.18438	0.18731	0.18438	0
NOBS_USD	2019-03-02	0.18438	0.16923	0.18438	0.16725	0
NOBS_USD	2019-03-01	0.16923	0.17195	0.18239	0.16917	0
NOBS_USD	2019-02-28	0.17195	0.17488	0.17710	0.17174	0
NOBS_USD	2019-02-27	0.17488	0.17874	0.17875	0.16968	0
NOBS_USD	2019-02-26	0.17874	0.19575	0.19649	0.17481	0
NOBS_USD	2019-02-25	0.19575	0.26345	0.27080	0.19532	0
NOBS_USD	2019-02-24	0.26345	0.29191	0.29642	0.26270	0
NOBS_USD	2019-02-23	0.29191	0.28360	0.29517	0.27902	0
NOBS_USD	2019-02-22	0.28360	0.35841	0.36187	0.28162	0
NOBS_USD	2019-02-21	0.35841	0.36281	0.36829	0.35534	0
NOBS_USD	2019-02-20	0.36281	0.35660	0.36332	0.35451	0
NOBS_USD	2019-02-19	0.35660	0.35548	0.36463	0.35230	0
NOBS_USD	2019-02-18	0.35548	0.33367	0.35812	0.33266	0
NOBS_USD	2019-02-17	0.33367	0.32834	0.33793	0.32772	0
NOBS_USD	2019-02-16	0.32834	0.32721	0.33251	0.32721	0
NOBS_USD	2019-02-15	0.32721	0.32661	0.33186	0.32548	0
NOBS_USD	2019-02-14	0.32661	0.32756	0.32865	0.32526	0
NOBS_USD	2019-02-13	0.32756	0.32978	0.33345	0.32588	0
NOBS_USD	2019-02-12	0.32978	0.32853	0.33238	0.32535	0
NOBS_USD	2019-02-11	0.32853	0.33434	0.33457	0.32809	0
NOBS_USD	2019-02-10	0.33434	0.33175	0.33442	0.32724	0
NOBS_USD	2019-02-09	0.33175	0.33219	0.33354	0.32957	0
NOBS_USD	2019-02-08	0.33219	0.30643	0.33839	0.30573	0
NOBS_USD	2019-02-07	0.30643	0.30784	0.30876	0.30598	0
NOBS_USD	2019-02-06	0.30784	0.31313	0.31393	0.30526	0
NOBS_USD	2019-02-05	0.31313	0.31117	0.31349	0.30988	0
NOBS_USD	2019-02-04	0.31117	0.31208	0.31369	0.30976	0
NOBS_USD	2019-02-03	0.31208	0.31711	0.31780	0.30935	0
NOBS_USD	2019-02-02	0.31711	0.31511	0.31827	0.31193	0
NOBS_USD	2019-02-01	0.31511	0.31192	0.31660	0.30870	0
NOBS_USD	2019-01-31	0.31192	0.31428	0.31763	0.31009	0
NOBS_USD	2019-01-30	0.31428	0.30783	0.31576	0.30567	0
NOBS_USD	2019-01-29	0.30783	0.30502	0.30858	0.30030	0
NOBS_USD	2019-01-28	0.30502	0.31211	0.31217	0.29997	0
NOBS_USD	2019-01-27	0.31211	0.31510	0.31596	0.30743	0
NOBS_USD	2019-01-26	0.31510	0.31465	0.32366	0.31431	0
NOBS_USD	2019-01-25	0.31465	0.31655	0.31752	0.31170	0
NOBS_USD	2019-01-24	0.31655	0.31276	0.31847	0.31114	0
NOBS_USD	2019-01-23	0.31276	0.30905	0.31482	0.30905	0
NOBS_USD	2019-01-22	0.30905	0.30399	0.31211	0.29732	0
NOBS_USD	2019-01-21	0.30399	0.30433	0.30605	0.30162	0
NOBS_USD	2019-01-20	0.30433	0.31943	0.32208	0.30105	0
NOBS_USD	2019-01-19	0.31943	0.31172	0.32654	0.31159	0
NOBS_USD	2019-01-18	0.31172	0.33942	0.33974	0.30992	0
NOBS_USD	2019-01-17	0.33942	0.33480	0.33960	0.33017	0
NOBS_USD	2019-01-16	0.33480	0.33327	0.34042	0.33206	0
NOBS_USD	2019-01-15	0.33327	0.34165	0.34395	0.33116	0
NOBS_USD	2019-01-14	0.34165	0.32518	0.34642	0.32412	0
NOBS_USD	2019-01-13	0.32518	0.33469	0.33892	0.32340	0
NOBS_USD	2019-01-12	0.33469	0.33417	0.33721	0.33027	0
NOBS_USD	2019-01-11	0.33417	0.33386	0.33895	0.32983	0
NOBS_USD	2019-01-10	0.33386	0.36713	0.37191	0.33155	0
NOBS_USD	2019-01-09	0.36713	0.36837	0.37407	0.36283	0
NOBS_USD	2019-01-08	0.36837	0.36894	0.37928	0.36440	0
NOBS_USD	2019-01-07	0.36894	0.36897	0.37177	0.36286	0
NOBS_USD	2019-01-06	0.36897	0.34458	0.69278	0.34298	0
NOBS_USD	2019-01-05	0.34458	0.34365	0.34992	0.34346	0
NOBS_USD	2019-01-04	0.34365	0.33531	0.34566	0.33315	0
NOBS_USD	2019-01-03	0.33531	0.34099	0.34146	0.33218	0
NOBS_USD	2019-01-02	0.34099	0.33166	0.34277	0.32852	0
NOBS_USD	2019-01-01	0.33166	0.30877	0.33358	0.30727	0
NOBS_USD	2018-12-31	0.30877	0.42269	0.42378	0.30641	0
NOBS_USD	2018-12-30	0.42269	0.41577	0.42862	0.41191	0
NOBS_USD	2018-12-29	0.41577	0.45325	0.45755	0.41411	0
NOBS_USD	2018-12-28	0.45325	0.41697	0.45860	0.41506	0
NOBS_USD	2018-12-27	0.41697	0.44118	0.44480	0.41408	0
NOBS_USD	2018-12-26	0.44118	0.44168	0.45124	0.43114	0
NOBS_USD	2018-12-25	0.44168	0.46907	0.46984	0.43234	0
NOBS_USD	2018-12-24	0.46907	0.51587	0.55555	0.46342	0
NOBS_USD	2018-12-23	0.51587	0.52282	0.53353	0.51165	0
NOBS_USD	2018-12-22	0.52282	0.50333	0.52544	0.49671	0
NOBS_USD	2018-12-21	0.50333	0.53413	0.54346	0.49491	0
NOBS_USD	2018-12-20	0.53413	0.48289	0.54446	0.47934	0
NOBS_USD	2018-12-19	0.48289	0.48836	0.51198	0.47877	0
NOBS_USD	2018-12-18	0.48836	0.46849	0.49071	0.45877	0
NOBS_USD	2018-12-17	0.46849	0.42852	0.47866	0.42661	0
NOBS_USD	2018-12-16	0.42852	0.42681	0.43863	0.42557	0
NOBS_USD	2018-12-15	0.42681	0.42458	0.43027	0.41692	0
NOBS_USD	2018-12-14	0.42458	0.44945	0.45417	0.41703	0
NOBS_USD	2018-12-13	0.44945	0.47353	0.47437	0.44600	0
NOBS_USD	2018-12-12	0.47353	0.45782	0.48267	0.45698	0
NOBS_USD	2018-12-11	0.46158	0.46576	0.47051	0.45203	0
NOBS_USD	2018-12-10	0.46576	0.47691	0.48407	0.45824	0
NOBS_USD	2018-12-09	0.47691	0.45579	0.49520	0.45324	0
NOBS_USD	2018-12-08	0.45579	0.44333	0.47516	0.43074	0
NOBS_USD	2018-12-07	0.44333	0.42502	0.46037	0.40705	0
NOBS_USD	2018-12-06	0.42502	0.45217	0.47010	0.42211	0
NOBS_USD	2018-12-05	0.45217	0.47793	0.47974	0.45021	0
NOBS_USD	2018-12-04	0.47793	0.46838	0.49609	0.45720	0
NOBS_USD	2018-12-03	0.46838	0.49920	0.50144	0.46086	0
NOBS_USD	2018-12-02	0.49920	0.50920	0.52242	0.49531	0
NOBS_USD	2018-12-01	0.50920	0.48463	0.52069	0.47756	0
NOBS_USD	2018-11-30	0.48463	0.51746	0.52293	0.47599	0
NOBS_USD	2018-11-29	0.51746	0.51678	0.53623	0.50194	0
NOBS_USD	2018-11-28	0.51678	0.46621	0.53174	0.46621	0
NOBS_USD	2018-11-27	0.46621	0.46307	0.47321	0.44560	0
NOBS_USD	2018-11-26	0.46307	0.48794	0.49872	0.44457	0
NOBS_USD	2018-11-25	0.48794	0.46717	0.49926	0.43545	0
NOBS_USD	2018-11-24	0.46717	0.52567	0.53665	0.45576	0
NOBS_USD	2018-11-23	0.52567	0.52202	0.53263	0.50527	0
NOBS_USD	2018-11-22	0.52202	0.55522	0.56061	0.52202	0
NOBS_USD	2018-11-21	0.55522	0.54541	0.56724	0.52654	0
NOBS_USD	2018-11-20	0.54541	0.58695	0.59982	0.51324	0
NOBS_USD	2018-11-19	0.58695	0.67271	0.67271	0.58137	0
NOBS_USD	2018-11-18	0.67271	0.66881	0.67876	0.66813	0
NOBS_USD	2018-11-17	0.66881	0.67563	0.67563	0.66257	0
NOBS_USD	2018-11-16	0.67563	0.68650	0.68714	0.66304	0
NOBS_USD	2018-11-15	0.68650	0.70240	0.70770	0.64950	0
NOBS_USD	2018-11-14	0.70240	0.77160	0.77406	0.68092	0
NOBS_USD	2018-11-13	0.77160	0.77263	0.77554	0.76742	0
NOBS_USD	2018-11-12	0.77263	0.77418	0.77657	0.76927	0
NOBS_USD	2018-11-11	0.77418	0.77073	0.77418	0.76269	0
NOBS_USD	2018-11-10	0.77073	0.76942	0.77441	0.76874	0
NOBS_USD	2018-11-09	0.76942	0.77654	0.77930	0.76623	0
NOBS_USD	2018-11-08	0.77654	0.78770	0.78917	0.77623	0
NOBS_USD	2018-11-07	0.78770	0.78082	0.79183	0.78045	0
NOBS_USD	2018-11-06	0.78082	0.77542	0.78082	0.77273	0
NOBS_USD	2018-11-05	0.77542	0.77721	0.77842	0.77171	0
NOBS_USD	2018-11-04	0.77721	0.76555	0.78013	0.76223	0
NOBS_USD	2018-11-03	0.76555	0.77024	0.77087	0.75886	0
NOBS_USD	2018-11-02	0.77024	0.76698	0.77357	0.76600	0
NOBS_USD	2018-11-01	0.76698	0.76321	0.76979	0.76144	0
NOBS_USD	2018-10-31	0.76321	0.75862	0.76676	0.74911	0
NOBS_USD	2018-10-30	0.75862	0.76029	0.76462	0.75660	0
NOBS_USD	2018-10-29	0.76029	0.77781	0.77926	0.75752	0
NOBS_USD	2018-10-28	0.77781	0.77901	0.78020	0.77375	0
NOBS_USD	2018-10-27	0.77901	0.78276	0.78545	0.77679	0
NOBS_USD	2018-10-26	0.78276	0.78235	0.78941	0.78071	0
NOBS_USD	2018-10-25	0.78235	0.78547	0.78666	0.77995	0
NOBS_USD	2018-10-24	0.78547	0.78502	0.79373	0.78416	0
NOBS_USD	2018-10-23	0.78502	0.78715	0.78912	0.78293	0
NOBS_USD	2018-10-22	0.78715	0.78968	0.79442	0.78498	0
NOBS_USD	2018-10-21	0.78968	0.78931	0.79771	0.78908	0
NOBS_USD	2018-10-20	0.78931	0.78231	0.79206	0.78042	0
NOBS_USD	2018-10-19	0.78231	0.79263	0.79466	0.78145	0
NOBS_USD	2018-10-18	0.79263	0.80722	0.81238	0.78717	0
NOBS_USD	2018-10-17	0.80722	0.79352	0.82178	0.78455	0
NOBS_USD	2018-10-16	0.79352	0.79174	0.80936	0.78433	0
NOBS_USD	2018-10-15	0.79174	0.74381	0.88289	0.73990	0
NOBS_USD	2018-10-14	0.74381	0.74301	0.75154	0.74208	0
NOBS_USD	2018-10-13	0.74301	0.73957	0.74360	0.73856	0
NOBS_USD	2018-10-12	0.73957	0.73069	0.74558	0.72676	0
NOBS_USD	2018-10-11	0.73069	0.77063	0.77063	0.72494	0
NOBS_USD	2018-10-10	0.77063	0.78344	0.78344	0.76593	0
NOBS_USD	2018-10-09	0.78344	0.79322	0.79396	0.78034	0
NOBS_USD	2018-10-08	0.79322	0.79036	0.80177	0.78806	0
NOBS_USD	2018-10-07	0.79036	0.78937	0.79429	0.78256	0
NOBS_USD	2018-10-06	0.78937	0.79581	0.79622	0.78605	0
NOBS_USD	2018-10-05	0.79581	0.78806	0.79822	0.78423	0
NOBS_USD	2018-10-04	0.78806	0.77878	0.79433	0.77833	0
NOBS_USD	2018-10-03	0.77878	0.78302	0.78470	0.77017	0
NOBS_USD	2018-10-02	0.78302	0.79052	0.79437	0.78012	0
NOBS_USD	2018-10-01	0.79052	0.79282	0.79765	0.78103	0
NOBS_USD	2018-09-30	0.79282	0.79117	0.79731	0.78238	0
NOBS_USD	2018-09-29	0.79117	0.79488	0.79488	0.77463	0
NOBS_USD	2018-09-28	0.79488	0.80140	0.81771	0.78413	0
NOBS_USD	2018-09-27	0.80140	0.77432	0.80599	0.77177	0
NOBS_USD	2018-09-26	0.77432	0.77108	0.78506	0.76522	0
NOBS_USD	2018-09-25	0.77108	0.78915	0.78915	0.76115	0
NOBS_USD	2018-09-24	0.78915	0.80429	0.80552	0.78557	0
NOBS_USD	2018-09-23	0.80429	0.80586	0.81313	0.79911	0
NOBS_USD	2018-09-22	0.80586	0.78265	0.80796	0.77337	0
NOBS_USD	2018-09-21	0.78265	0.75122	0.78350	0.75072	0
NOBS_USD	2018-09-20	0.75122	0.73866	0.75406	0.73468	0
NOBS_USD	2018-09-19	0.73866	0.73300	0.74754	0.70655	0
NOBS_USD	2018-09-18	0.73300	0.72283	0.73758	0.71998	0
NOBS_USD	2018-09-17	0.72283	0.75099	0.75484	0.71800	0
NOBS_USD	2018-09-16	0.75099	0.75352	0.75352	0.73737	0
NOBS_USD	2018-09-15	0.75352	0.74973	0.75917	0.74816	0
NOBS_USD	2018-09-14	0.74973	0.74838	0.76115	0.73655	0
NOBS_USD	2018-09-13	0.74838	0.73233	0.75392	0.73201	0
NOBS_USD	2018-09-12	0.73233	0.72693	0.73386	0.71689	0
NOBS_USD	2018-09-11	0.72693	0.72908	0.73796	0.71422	0
NOBS_USD	2018-09-10	0.72908	0.72115	0.73346	0.72115	0
NOBS_USD	2018-09-09	0.72115	0.71483	0.74169	0.71149	0
NOBS_USD	2018-09-08	0.71483	0.74015	0.74835	0.70964	0
NOBS_USD	2018-09-07	0.74015	0.75256	0.75479	0.73071	0
NOBS_USD	2018-09-06	0.75256	0.77461	0.77650	0.72922	0
NOBS_USD	2018-09-05	0.77461	0.85044	0.85457	0.77416	0
NOBS_USD	2018-09-04	0.85044	0.84015	0.85638	0.83741	0
NOBS_USD	2018-09-03	0.84015	0.84247	0.84783	0.83209	0
NOBS_USD	2018-09-02	0.84247	0.83174	0.84902	0.82478	0
NOBS_USD	2018-09-01	0.83174	0.81203	0.83901	0.81132	0
NOBS_USD	2018-08-31	0.81203	0.80810	0.81848	0.79665	0
NOBS_USD	2018-08-30	0.80810	0.81415	0.81571	0.78642	0
NOBS_USD	2018-08-29	0.81415	0.81784	0.82351	0.80051	0
NOBS_USD	2018-08-28	0.81784	0.79758	0.82346	0.79400	0
NOBS_USD	2018-08-27	0.79758	0.77516	0.79850	0.76950	0
NOBS_USD	2018-08-26	0.77516	0.77878	0.78361	0.76051	0
NOBS_USD	2018-08-25	0.77878	0.77358	0.78488	0.77079	0
NOBS_USD	2018-08-24	0.77358	0.75428	0.77715	0.74684	0
NOBS_USD	2018-08-23	0.75428	0.73437	0.75874	0.73386	0
NOBS_USD	2018-08-22	0.73437	0.74872	0.79350	0.72259	0
NOBS_USD	2018-08-21	0.74872	0.72283	0.75107	0.72226	0
NOBS_USD	2018-08-20	0.72283	0.74942	0.75353	0.71996	0
NOBS_USD	2018-08-19	0.74942	0.73305	0.75571	0.72740	0
NOBS_USD	2018-08-18	0.73305	0.76308	0.76308	0.72319	0
NOBS_USD	2018-08-17	0.76308	0.76081	0.78573	0.74172	0
NOBS_USD	2018-08-16	0.76081	0.75812	0.78014	0.75136	0
NOBS_USD	2018-08-15	0.75812	0.74807	0.79967	0.74758	0
NOBS_USD	2018-08-14	0.74807	0.75611	0.75611	0.71188	0
NOBS_USD	2018-08-13	0.75611	0.76374	0.79058	0.74506	0
NOBS_USD	2018-08-12	0.76374	0.75302	0.78019	0.74709	0
NOBS_USD	2018-08-11	0.75302	0.74475	0.78274	0.72848	0
NOBS_USD	2018-08-10	0.74475	0.79150	0.79691	0.72950	0
NOBS_USD	2018-08-09	0.79150	0.75995	0.80272	0.74927	0
NOBS_USD	2018-08-08	0.75995	0.81287	0.81287	0.74207	0
NOBS_USD	2018-08-07	0.81287	0.83653	0.86200	0.80848	0
NOBS_USD	2018-08-06	0.83653	0.84795	0.86157	0.82607	0
NOBS_USD	2018-08-05	0.84795	0.84474	0.85483	0.83085	0
NOBS_USD	2018-08-04	0.84474	0.89603	0.90475	0.83558	0
NOBS_USD	2018-08-03	0.89603	0.90886	0.90994	0.87648	0
NOBS_USD	2018-08-02	0.90886	0.92204	0.93336	0.90613	0
NOBS_USD	2018-08-01	0.92204	0.93537	0.93656	0.90098	0
NOBS_USD	2018-07-31	0.93537	0.98672	0.98995	0.92631	0
NOBS_USD	2018-07-30	0.98672	0.99148	0.99803	0.94844	0
NOBS_USD	2018-07-29	0.99148	0.99435	0.99798	0.97956	0
NOBS_USD	2018-07-28	0.99435	0.99452	0.99452	0.99435	0
NOBS_USD	2018-07-27	0.99452	0.99460	0.99460	0.99452	0
NOBS_USD	2018-07-26	0.99460	0.98656	1.00179	0.98625	0
NOBS_USD	2018-07-25	0.98656	1.01511	1.02384	0.97417	0
NOBS_USD	2018-07-24	1.01511	0.93079	1.02230	0.92827	0
NOBS_USD	2018-07-23	0.93079	0.89328	0.93896	0.88997	0
NOBS_USD	2018-07-22	0.89328	0.89358	0.91288	0.88669	0
NOBS_USD	2018-07-21	0.89358	0.88534	0.89879	0.87191	0
NOBS_USD	2018-07-20	0.88534	0.90258	0.92763	0.87902	0
NOBS_USD	2018-07-19	0.90258	0.88961	0.91256	0.87986	0
NOBS_USD	2018-07-18	0.88961	0.88399	0.91542	0.87559	0
NOBS_USD	2018-07-17	0.88399	0.81352	0.90126	0.80519	0
NOBS_USD	2018-07-16	0.81352	0.76709	0.81493	0.76575	0
NOBS_USD	2018-07-15	0.76709	0.75897	0.77557	0.75444	0
NOBS_USD	2018-07-14	0.75897	0.75322	0.76413	0.74853	0
NOBS_USD	2018-07-13	0.75322	0.75789	0.76830	0.74584	0
NOBS_USD	2018-07-12	0.75789	0.77171	0.77171	0.73933	0
NOBS_USD	2018-07-11	0.77171	0.76114	0.77949	0.75990	0
NOBS_USD	2018-07-10	0.76114	0.80437	0.80705	0.75854	0
NOBS_USD	2018-07-09	0.80437	0.81056	0.82249	0.80133	0
NOBS_USD	2018-07-08	0.81056	0.81658	0.82008	0.80731	0
NOBS_USD	2018-07-07	0.81658	0.79718	0.82436	0.78643	0
NOBS_USD	2018-07-06	0.79718	0.78983	0.80064	0.77928	0
NOBS_USD	2018-07-05	0.78983	0.79584	0.80881	0.78021	0
NOBS_USD	2018-07-04	0.79584	0.78493	0.81081	0.77503	0
NOBS_USD	2018-07-03	0.78493	0.79913	0.80543	0.01051	0
NOBS_USD	2018-07-02	0.79913	1.01407	1.06049	0.00001	0
NOBS_USD	2018-07-01	1.01417	1.02950	1.03593	1.00399	0
NOBS_USD	2018-06-30	1.02952	1.00430	1.05439	1.00430	0
NOBS_USD	2018-06-29	1.00513	0.95081	1.01598	0.94200	0
NOBS_USD	2018-06-28	0.95237	1.00002	1.00502	0.94769	0
NOBS_USD	2018-06-27	1.00006	0.99242	1.00774	0.97782	0
NOBS_USD	2018-06-26	0.99556	1.02642	1.02926	0.99026	0
NOBS_USD	2018-06-25	1.02578	1.01339	1.03868	1.00056	0
NOBS_USD	2018-06-24	1.01372	1.01916	1.02939	0.95290	0
NOBS_USD	2018-06-23	1.01787	1.00166	1.03429	0.99700	0
NOBS_USD	2018-06-22	1.00167	1.11457	1.11738	0.98423	0
NOBS_USD	2018-06-21	1.11450	1.12378	1.12803	1.10890	0
NOBS_USD	2018-06-20	1.12384	1.11998	1.13256	1.09140	0
NOBS_USD	2018-06-19	1.12124	1.11819	1.13621	1.11016	0
NOBS_USD	2018-06-18	1.11781	1.07303	1.13080	1.06398	0
NOBS_USD	2018-06-17	1.07216	1.08090	1.09452	1.07031	0
NOBS_USD	2018-06-16	1.08070	1.06549	1.09129	1.05497	0
NOBS_USD	2018-06-15	1.06499	1.10999	1.10999	1.06151	0
NOBS_USD	2018-06-14	1.10786	1.05417	1.12008	1.05031	0
NOBS_USD	2018-06-13	1.05356	1.09608	1.10633	1.02621	0
NOBS_USD	2018-06-12	1.09581	1.15085	1.15085	1.07884	0
NOBS_USD	2018-06-11	1.15141	1.13219	1.15531	1.11217	0
NOBS_USD	2018-06-10	1.13089	1.25646	1.25646	1.11270	0
NOBS_USD	2018-06-09	1.25611	1.27632	1.28784	1.25190	0
NOBS_USD	2018-06-08	1.27630	1.28829	1.29010	1.26444	0
NOBS_USD	2018-06-07	1.28882	1.28326	1.30032	1.28160	0
NOBS_USD	2018-06-06	1.28319	1.28065	1.29046	1.25654	0
NOBS_USD	2018-06-05	1.27956	1.25775	1.28821	1.23798	0
NOBS_USD	2018-06-04	1.25871	1.29667	1.30318	1.25270	0
NOBS_USD	2018-06-03	1.29671	1.28409	1.30780	1.07545	0
NOBS_USD	2018-06-02	1.28506	1.26737	1.29441	1.25521	0
NOBS_USD	2018-06-01	1.26636	1.35019	1.37073	1.26295	0
NOBS_USD	2018-05-31	1.35031	1.33056	1.37067	1.32437	0
NOBS_USD	2018-05-30	1.33114	1.34819	1.36476	1.31425	0
NOBS_USD	2018-05-29	1.34658	1.28376	1.35930	1.27371	0
NOBS_USD	2018-05-28	1.28296	1.36980	1.37699	1.27749	0
NOBS_USD	2018-05-27	1.36973	1.35768	1.37439	1.33822	0
NOBS_USD	2018-05-26	1.35737	1.36046	1.40651	1.34844	0
NOBS_USD	2018-05-25	1.36070	1.38145	1.39436	1.33683	0
NOBS_USD	2018-05-24	1.38087	1.36535	1.40768	1.32465	0
NOBS_USD	2018-05-23	1.36638	1.44215	1.44948	1.35022	0
NOBS_USD	2018-05-22	1.44266	1.50315	1.50501	1.43690	0
NOBS_USD	2018-05-21	1.50315	1.51362	1.51903	1.49408	0
NOBS_USD	2018-05-20	1.51362	1.45468	1.64408	1.44277	0
NOBS_USD	2018-05-19	1.45468	1.45109	1.48029	1.43581	0
NOBS_USD	2018-05-18	1.45109	1.41403	1.45634	1.39160	0
NOBS_USD	2018-05-17	1.41587	1.46413	1.48462	1.40316	0
NOBS_USD	2018-05-16	1.46287	1.45449	1.49895	1.40236	0
NOBS_USD	2018-05-15	1.45438	1.60388	1.63431	1.42868	0
NOBS_USD	2018-05-14	1.60397	1.59035	1.64379	1.51652	0
NOBS_USD	2018-05-13	1.59035	1.55446	1.60201	1.52670	0
NOBS_USD	2018-05-12	1.55093	1.54323	1.58401	1.50787	0
NOBS_USD	2018-05-11	1.54323	1.66152	1.66152	1.53504	0
NOBS_USD	2018-05-10	1.66152	1.71883	1.72963	1.65875	0
NOBS_USD	2018-05-09	1.71883	1.69494	1.72906	1.65706	0
NOBS_USD	2018-05-08	1.69494	1.72915	1.73467	0.00018	0
NOBS_USD	2018-05-07	1.74283	1.79223	1.79536	1.70060	0
NOBS_USD	2018-05-06	1.79223	1.82875	1.84715	1.75385	0
NOBS_USD	2018-05-05	1.82663	1.80468	1.85201	1.80061	0
NOBS_USD	2018-05-04	1.80468	1.81582	1.82437	1.77783	0
NOBS_USD	2018-05-03	1.81582	1.71758	1.82904	1.70627	0
NOBS_USD	2018-05-02	1.71758	1.68477	2.18831	1.66878	0
NOBS_USD	2018-05-01	1.68630	2.21220	2.21281	1.61125	0
NOBS_USD	2018-04-30	2.21220	2.27209	2.28454	2.19844	0
NOBS_USD	2018-04-29	2.27209	2.25764	2.31095	2.22033	0
NOBS_USD	2018-04-28	2.25764	2.15836	2.28042	2.14457	0
NOBS_USD	2018-04-27	2.15836	2.24689	2.26759	2.15221	0
NOBS_USD	2018-04-26	2.24709	2.14556	2.24953	2.09440	0
NOBS_USD	2018-04-25	2.14556	2.33309	2.35806	2.12344	0
NOBS_USD	2018-04-24	2.33851	2.16011	2.35422	2.15766	0
NOBS_USD	2018-04-23	2.16016	2.12711	2.17687	2.12058	0
NOBS_USD	2018-04-22	2.12711	2.15448	2.18201	2.11602	0
NOBS_USD	2018-04-21	2.15448	2.14433	2.18266	2.08352	0
NOBS_USD	2018-04-20	2.14433	2.00046	2.15869	1.98844	0
NOBS_USD	2018-04-19	2.00046	1.97432	2.00577	1.96055	0
NOBS_USD	2018-04-18	1.97432	1.90749	1.98812	1.90388	0
NOBS_USD	2018-04-17	1.90749	1.94760	1.97399	1.89226	0
NOBS_USD	2018-04-16	1.94760	2.02035	2.03190	1.91020	0
NOBS_USD	2018-04-15	2.02035	1.93528	2.03600	1.93481	0
NOBS_USD	2018-04-14	1.93528	1.90482	1.97791	1.89111	0
NOBS_USD	2018-04-13	1.90482	1.92646	1.98848	1.88816	0
NOBS_USD	2018-04-12	1.92646	1.67817	1.96311	1.64615	0
NOBS_USD	2018-04-11	1.67817	1.65359	1.68561	1.64280	0
NOBS_USD	2018-04-10	1.65359	1.63526	1.66567	1.60828	0
NOBS_USD	2018-04-09	1.63471	1.69672	1.73759	1.59942	0
NOBS_USD	2018-04-08	1.69672	1.66592	1.71939	1.66500	0
NOBS_USD	2018-04-07	1.66592	1.59839	1.70624	1.59471	0
NOBS_USD	2018-04-06	1.59839	1.73649	1.75601	1.57888	0
NOBS_USD	2018-04-05	1.73649	1.74455	1.77545	1.68931	0
NOBS_USD	2018-04-04	1.74455	1.90155	1.90444	1.72131	0
NOBS_USD	2018-04-03	1.90155	1.81279	1.92969	1.80446	0
NOBS_USD	2018-04-02	1.81282	1.75184	1.83000	1.74277	0
NOBS_USD	2018-04-01	1.75184	1.78030	1.80671	1.65528	0
NOBS_USD	2018-03-31	1.78030	1.75929	1.85607	1.74747	0
NOBS_USD	2018-03-30	1.75929	1.82535	1.86740	1.69318	0
NOBS_USD	2018-03-29	1.82535	2.04506	2.05052	1.77430	0
NOBS_USD	2018-03-28	2.04506	2.00560	2.08814	1.99157	0
NOBS_USD	2018-03-27	2.00560	2.08588	2.10684	1.98734	0
NOBS_USD	2018-03-26	2.08588	2.16540	2.17737	2.01499	0
NOBS_USD	2018-03-25	2.16540	2.22193	2.23303	2.06640	0
NOBS_USD	2018-03-24	2.22193	3.32244	3.55549	2.14232	0
NOBS_USD	2018-03-23	3.32244	2.14806	3.48677	2.03860	0
NOBS_USD	2018-03-22	2.14806	2.21164	2.25631	2.09513	0
NOBS_USD	2018-03-21	2.21164	2.48719	2.54083	2.18198	0
NOBS_USD	2018-03-20	2.48719	2.43133	2.53213	2.34393	0
NOBS_USD	2018-03-19	2.43133	2.33450	2.46868	2.30685	0
NOBS_USD	2018-03-18	2.33450	2.24170	2.35077	2.08279	0
NOBS_USD	2018-03-17	2.24170	2.40294	2.41539	2.20821	0
NOBS_USD	2018-03-16	2.40294	2.39761	2.49047	2.29533	0
NOBS_USD	2018-03-15	2.39761	2.38206	2.44306	2.23389	0
NOBS_USD	2018-03-14	2.38206	3.42235	3.50491	2.30635	0
NOBS_USD	2018-03-13	3.42235	3.41756	3.54903	3.24575	0
NOBS_USD	2018-03-12	3.41756	3.48336	3.70709	3.29771	0
NOBS_USD	2018-03-11	3.48336	3.20817	3.55871	3.08242	0
NOBS_USD	2018-03-10	3.20817	2.25890	3.23966	2.14323	0
NOBS_USD	2018-03-09	2.25890	2.76967	2.80567	2.11956	0
NOBS_USD	2018-03-08	2.76967	2.94506	3.00484	2.69293	0
NOBS_USD	2018-03-07	2.94506	3.68330	3.74281	2.81196	0
NOBS_USD	2018-03-06	3.68330	3.91809	3.91809	3.63938	0
NOBS_USD	2018-03-05	3.91809	3.13682	4.34326	3.07703	0
NOBS_USD	2018-03-04	3.13682	3.11710	3.14624	3.01538	0
NOBS_USD	2018-03-03	3.11710	3.00463	3.13890	3.00463	0
NOBS_USD	2018-03-02	3.00463	2.97968	3.04983	2.93647	0
