OBITS_USD	2019-04-09	0.05097	0.06089	0.06089	0.05033	0
OBITS_USD	2019-04-08	0.06089	0.06030	0.06171	0.05891	0
OBITS_USD	2019-04-07	0.06030	0.05454	0.06030	0.05444	0
OBITS_USD	2019-04-06	0.05454	0.05532	0.05688	0.05338	0
OBITS_USD	2019-04-05	0.05532	0.05423	0.05583	0.05416	0
OBITS_USD	2019-04-04	0.05423	0.05514	0.05647	0.05322	0
OBITS_USD	2019-04-03	0.05514	0.05287	0.05904	0.05263	0
OBITS_USD	2019-04-02	0.05287	0.04929	0.05917	0.04919	0
OBITS_USD	2019-04-01	0.04929	0.04684	0.04980	0.04640	0
OBITS_USD	2019-03-31	0.04684	0.04719	0.04737	0.04677	0
OBITS_USD	2019-03-30	0.04719	0.04710	0.04928	0.04683	0
OBITS_USD	2019-03-29	0.04710	0.04590	0.04759	0.04588	0
OBITS_USD	2019-03-28	0.04590	0.04597	0.04660	0.04566	0
OBITS_USD	2019-03-27	0.04597	0.04469	0.04646	0.04469	0
OBITS_USD	2019-03-26	0.04469	0.04254	0.04545	0.04245	0
OBITS_USD	2019-03-25	0.04254	0.04062	0.04365	0.04044	0
OBITS_USD	2019-03-24	0.04062	0.04205	0.04210	0.04050	0
OBITS_USD	2019-03-23	0.04205	0.04191	0.04258	0.04171	0
OBITS_USD	2019-03-22	0.04191	0.04156	0.04315	0.04119	0
OBITS_USD	2019-03-21	0.04156	0.04288	0.04300	0.04134	0
OBITS_USD	2019-03-20	0.04288	0.04268	0.04297	0.04236	0
OBITS_USD	2019-03-19	0.04268	0.04251	0.04309	0.04218	0
OBITS_USD	2019-03-18	0.04251	0.04295	0.04343	0.04086	0
OBITS_USD	2019-03-17	0.04295	0.04243	0.04392	0.04195	0
OBITS_USD	2019-03-16	0.04243	0.04011	0.04323	0.04011	0
OBITS_USD	2019-03-15	0.04011	0.04009	0.04035	0.03992	0
OBITS_USD	2019-03-14	0.04009	0.04041	0.04082	0.03968	0
OBITS_USD	2019-03-13	0.04041	0.04007	0.04133	0.03998	0
OBITS_USD	2019-03-12	0.04007	0.04039	0.04257	0.03937	0
OBITS_USD	2019-03-11	0.04039	0.04027	0.04415	0.03908	0
OBITS_USD	2019-03-10	0.04027	0.03929	0.04432	0.03795	0
OBITS_USD	2019-03-09	0.03929	0.03826	0.04343	0.03820	0
OBITS_USD	2019-03-08	0.03826	0.03973	0.04291	0.03775	0
OBITS_USD	2019-03-07	0.03973	0.04216	0.04260	0.03744	0
OBITS_USD	2019-03-06	0.04216	0.04061	0.04287	0.03993	0
OBITS_USD	2019-03-05	0.04061	0.04269	0.04442	0.04039	0
OBITS_USD	2019-03-04	0.04269	0.04374	0.04406	0.04245	0
OBITS_USD	2019-03-03	0.04374	0.04471	0.04483	0.04346	0
OBITS_USD	2019-03-02	0.04471	0.04473	0.04483	0.04404	0
OBITS_USD	2019-03-01	0.04473	0.03714	0.04486	0.03702	0
OBITS_USD	2019-02-28	0.03714	0.03714	0.04067	0.03666	0
OBITS_USD	2019-02-27	0.03714	0.03834	0.03869	0.03601	0
OBITS_USD	2019-02-26	0.03834	0.03884	0.03889	0.03815	0
OBITS_USD	2019-02-25	0.03884	0.03837	0.03927	0.03834	0
OBITS_USD	2019-02-24	0.03837	0.04355	0.04422	0.03822	0
OBITS_USD	2019-02-23	0.04355	0.03929	0.04406	0.03825	0
OBITS_USD	2019-02-22	0.03929	0.03882	0.04079	0.03779	0
OBITS_USD	2019-02-21	0.03882	0.03685	0.04342	0.03647	0
OBITS_USD	2019-02-20	0.03685	0.03638	0.03777	0.03613	0
OBITS_USD	2019-02-19	0.03638	0.03832	0.03930	0.03608	0
OBITS_USD	2019-02-18	0.03832	0.03597	0.03861	0.03587	0
OBITS_USD	2019-02-17	0.03597	0.03540	0.03643	0.03533	0
OBITS_USD	2019-02-16	0.03540	0.03529	0.03585	0.03528	0
OBITS_USD	2019-02-15	0.03529	0.03522	0.03579	0.03510	0
OBITS_USD	2019-02-14	0.03522	0.03533	0.03545	0.03508	0
OBITS_USD	2019-02-13	0.03533	0.03557	0.03597	0.03515	0
OBITS_USD	2019-02-12	0.03557	0.03755	0.03792	0.03465	0
OBITS_USD	2019-02-11	0.03755	0.03822	0.03825	0.03750	0
OBITS_USD	2019-02-10	0.03822	0.03793	0.03823	0.03741	0
OBITS_USD	2019-02-09	0.03793	0.03705	0.03957	0.03621	0
OBITS_USD	2019-02-08	0.03705	0.03721	0.03866	0.03365	0
OBITS_USD	2019-02-07	0.03721	0.03820	0.03868	0.03510	0
OBITS_USD	2019-02-06	0.03820	0.03886	0.03896	0.03788	0
OBITS_USD	2019-02-05	0.03886	0.03930	0.04005	0.03585	0
OBITS_USD	2019-02-04	0.03930	0.03509	0.03939	0.03503	0
OBITS_USD	2019-02-03	0.03509	0.03459	0.03527	0.03395	0
OBITS_USD	2019-02-02	0.03459	0.03497	0.03509	0.03343	0
OBITS_USD	2019-02-01	0.03497	0.03415	0.03600	0.03381	0
OBITS_USD	2019-01-31	0.03415	0.03334	0.03426	0.03334	0
OBITS_USD	2019-01-30	0.03334	0.03659	0.03731	0.02902	0
OBITS_USD	2019-01-29	0.03659	0.03683	0.03695	0.03601	0
OBITS_USD	2019-01-28	0.03683	0.03784	0.03785	0.03636	0
OBITS_USD	2019-01-27	0.03784	0.03822	0.03832	0.03728	0
OBITS_USD	2019-01-26	0.03822	0.03818	0.03926	0.03814	0
OBITS_USD	2019-01-25	0.03818	0.03842	0.03854	0.03782	0
OBITS_USD	2019-01-24	0.03842	0.03808	0.03859	0.03777	0
OBITS_USD	2019-01-23	0.03808	0.03828	0.03863	0.03779	0
OBITS_USD	2019-01-22	0.03828	0.03767	0.03867	0.03684	0
OBITS_USD	2019-01-21	0.03767	0.03773	0.03793	0.03738	0
OBITS_USD	2019-01-20	0.03773	0.03961	0.03993	0.03732	0
OBITS_USD	2019-01-19	0.03961	0.03867	0.04049	0.03865	0
OBITS_USD	2019-01-18	0.03867	0.03914	0.03917	0.03844	0
OBITS_USD	2019-01-17	0.03914	0.03861	0.03916	0.03806	0
OBITS_USD	2019-01-16	0.03861	0.04239	0.04340	0.03843	0
OBITS_USD	2019-01-15	0.04239	0.04257	0.04423	0.04179	0
OBITS_USD	2019-01-14	0.04257	0.03236	0.04262	0.03226	0
OBITS_USD	2019-01-13	0.03236	0.03360	0.03369	0.03206	0
OBITS_USD	2019-01-12	0.03360	0.03172	0.03389	0.03166	0
OBITS_USD	2019-01-11	0.03172	0.02922	0.03327	0.02905	0
OBITS_USD	2019-01-10	0.02922	0.03214	0.03255	0.02902	0
OBITS_USD	2019-01-09	0.03214	0.03226	0.03275	0.03176	0
OBITS_USD	2019-01-08	0.03226	0.03238	0.03312	0.03194	0
OBITS_USD	2019-01-07	0.03238	0.03283	0.03303	0.03210	0
OBITS_USD	2019-01-06	0.03283	0.03092	0.06192	0.03068	0
OBITS_USD	2019-01-05	0.03092	0.03110	0.03155	0.02937	0
OBITS_USD	2019-01-04	0.03110	0.03082	0.03133	0.03034	0
OBITS_USD	2019-01-03	0.03082	0.03185	0.03189	0.03034	0
OBITS_USD	2019-01-02	0.03185	0.03117	0.03201	0.03087	0
OBITS_USD	2019-01-01	0.03117	0.03016	0.03135	0.02984	0
OBITS_USD	2018-12-31	0.03016	0.03129	0.03137	0.02978	0
OBITS_USD	2018-12-30	0.03129	0.03058	0.03142	0.03028	0
OBITS_USD	2018-12-29	0.03058	0.03179	0.03219	0.03046	0
OBITS_USD	2018-12-28	0.03179	0.02906	0.03217	0.02891	0
OBITS_USD	2018-12-27	0.02906	0.03142	0.03168	0.02900	0
OBITS_USD	2018-12-26	0.03142	0.03122	0.03190	0.03048	0
OBITS_USD	2018-12-25	0.03122	0.03306	0.03330	0.03054	0
OBITS_USD	2018-12-24	0.03306	0.03232	0.03750	0.03232	0
OBITS_USD	2018-12-23	0.03232	0.03344	0.03698	0.03232	0
OBITS_USD	2018-12-22	0.03344	0.04018	0.04528	0.02979	0
OBITS_USD	2018-12-21	0.04018	0.03222	0.05094	0.02986	0
OBITS_USD	2018-12-20	0.03222	0.03820	0.04218	0.03080	0
OBITS_USD	2018-12-19	0.03820	0.04724	0.04942	0.03820	0
OBITS_USD	2018-12-18	0.04724	0.03185	0.04747	0.03119	0
OBITS_USD	2018-12-17	0.03185	0.02899	0.03254	0.02886	0
OBITS_USD	2018-12-16	0.02899	0.02888	0.02967	0.02879	0
OBITS_USD	2018-12-15	0.02888	0.02883	0.02916	0.02827	0
OBITS_USD	2018-12-14	0.02883	0.02937	0.02969	0.02834	0
OBITS_USD	2018-12-13	0.02937	0.03090	0.03095	0.02915	0
OBITS_USD	2018-12-12	0.03090	0.03011	0.03176	0.03004	0
OBITS_USD	2018-12-11	0.03027	0.03895	0.04162	0.03024	0
OBITS_USD	2018-12-10	0.03895	0.03281	0.03899	0.02965	0
OBITS_USD	2018-12-09	0.03281	0.03343	0.03630	0.02962	0
OBITS_USD	2018-12-08	0.03343	0.03306	0.03512	0.02947	0
OBITS_USD	2018-12-07	0.03306	0.03384	0.03441	0.03139	0
OBITS_USD	2018-12-06	0.03384	0.03601	0.03744	0.03361	0
OBITS_USD	2018-12-05	0.03601	0.04030	0.04031	0.03458	0
OBITS_USD	2018-12-04	0.04030	0.03171	0.04058	0.03021	0
OBITS_USD	2018-12-03	0.03171	0.04817	0.04839	0.03052	0
OBITS_USD	2018-12-02	0.04817	0.04913	0.05041	0.04779	0
OBITS_USD	2018-12-01	0.04913	0.04676	0.05024	0.04608	0
OBITS_USD	2018-11-30	0.04676	0.04993	0.05046	0.04593	0
OBITS_USD	2018-11-29	0.04993	0.04987	0.05174	0.04843	0
OBITS_USD	2018-11-28	0.04987	0.04498	0.05131	0.04498	0
OBITS_USD	2018-11-27	0.04498	0.04466	0.04566	0.04300	0
OBITS_USD	2018-11-26	0.04466	0.04753	0.04858	0.04304	0
OBITS_USD	2018-11-25	0.04753	0.04616	0.05111	0.04453	0
OBITS_USD	2018-11-24	0.04616	0.05192	0.05301	0.04448	0
OBITS_USD	2018-11-23	0.05192	0.05156	0.05261	0.04991	0
OBITS_USD	2018-11-22	0.05156	0.05757	0.05770	0.05156	0
OBITS_USD	2018-11-21	0.05757	0.05869	0.07016	0.05137	0
OBITS_USD	2018-11-20	0.05869	0.05592	0.07243	0.04935	0
OBITS_USD	2018-11-19	0.05592	0.07337	0.08448	0.05592	0
OBITS_USD	2018-11-18	0.07337	0.06620	0.07352	0.06569	0
OBITS_USD	2018-11-17	0.06620	0.07245	0.07245	0.06620	0
OBITS_USD	2018-11-16	0.07245	0.07362	0.07369	0.07110	0
OBITS_USD	2018-11-15	0.07362	0.07532	0.07589	0.06965	0
OBITS_USD	2018-11-14	0.07532	0.08274	0.08301	0.07302	0
OBITS_USD	2018-11-13	0.08274	0.08246	0.08533	0.08042	0
OBITS_USD	2018-11-12	0.08246	0.08814	0.09288	0.07719	0
OBITS_USD	2018-11-11	0.08814	0.08675	0.08814	0.08675	0
OBITS_USD	2018-11-10	0.08675	0.07553	0.08687	0.07413	0
OBITS_USD	2018-11-09	0.07553	0.08443	0.08560	0.07348	0
OBITS_USD	2018-11-08	0.08443	0.09711	0.09729	0.08370	0
OBITS_USD	2018-11-07	0.09711	0.09392	0.09738	0.09387	0
OBITS_USD	2018-11-06	0.09392	0.09356	0.09651	0.08701	0
OBITS_USD	2018-11-05	0.09356	0.08165	0.09491	0.08113	0
OBITS_USD	2018-11-04	0.08165	0.08119	0.08195	0.08038	0
OBITS_USD	2018-11-03	0.08119	0.09207	0.09344	0.08119	0
OBITS_USD	2018-11-02	0.09207	0.09302	0.09411	0.09116	0
OBITS_USD	2018-11-01	0.09302	0.09256	0.09336	0.09235	0
OBITS_USD	2018-10-31	0.09256	0.09201	0.09299	0.09085	0
OBITS_USD	2018-10-30	0.09201	0.09221	0.09273	0.09176	0
OBITS_USD	2018-10-29	0.09221	0.09430	0.09451	0.09187	0
OBITS_USD	2018-10-28	0.09430	0.09974	0.09974	0.09224	0
OBITS_USD	2018-10-27	0.09974	0.09049	0.09974	0.09049	0
OBITS_USD	2018-10-26	0.09049	0.08862	0.09081	0.08787	0
OBITS_USD	2018-10-25	0.08862	0.09022	0.09130	0.08476	0
OBITS_USD	2018-10-24	0.09022	0.09147	0.09243	0.09007	0
OBITS_USD	2018-10-23	0.09147	0.09171	0.09195	0.09123	0
OBITS_USD	2018-10-22	0.09171	0.09200	0.09256	0.09146	0
OBITS_USD	2018-10-21	0.09200	0.09144	0.09294	0.09138	0
OBITS_USD	2018-10-20	0.09144	0.08959	0.09215	0.08937	0
OBITS_USD	2018-10-19	0.08959	0.09116	0.09205	0.08949	0
OBITS_USD	2018-10-18	0.09116	0.09351	0.09435	0.09063	0
OBITS_USD	2018-10-17	0.09351	0.10549	0.10596	0.09243	0
OBITS_USD	2018-10-16	0.10549	0.11080	0.11168	0.10549	0
OBITS_USD	2018-10-15	0.11080	0.11204	0.13298	0.10940	0
OBITS_USD	2018-10-14	0.11204	0.11191	0.11320	0.11178	0
OBITS_USD	2018-10-13	0.11191	0.11140	0.11200	0.11124	0
OBITS_USD	2018-10-12	0.11140	0.11066	0.11230	0.11009	0
OBITS_USD	2018-10-11	0.11066	0.11742	0.11742	0.11021	0
OBITS_USD	2018-10-10	0.11742	0.12033	0.12033	0.11708	0
OBITS_USD	2018-10-09	0.12033	0.12052	0.12065	0.11935	0
OBITS_USD	2018-10-08	0.12052	0.11921	0.12133	0.11894	0
OBITS_USD	2018-10-07	0.11921	0.11905	0.11981	0.11803	0
OBITS_USD	2018-10-06	0.11905	0.12000	0.12007	0.11854	0
OBITS_USD	2018-10-05	0.12000	0.12055	0.12132	0.11894	0
OBITS_USD	2018-10-04	0.12055	0.11611	0.13065	0.11605	0
OBITS_USD	2018-10-03	0.11611	0.12132	0.12132	0.11509	0
OBITS_USD	2018-10-02	0.12132	0.12872	0.13816	0.11902	0
OBITS_USD	2018-10-01	0.12872	0.14069	0.14155	0.12872	0
OBITS_USD	2018-09-30	0.14069	0.14131	0.14154	0.13883	0
OBITS_USD	2018-09-29	0.14131	0.13957	0.14222	0.13677	0
OBITS_USD	2018-09-28	0.13957	0.14241	0.14531	0.12908	0
OBITS_USD	2018-09-27	0.14241	0.13868	0.14322	0.13803	0
OBITS_USD	2018-09-26	0.13868	0.13973	0.14181	0.13819	0
OBITS_USD	2018-09-25	0.13973	0.14533	0.14533	0.13825	0
OBITS_USD	2018-09-24	0.14533	0.14251	0.14652	0.14180	0
OBITS_USD	2018-09-23	0.14251	0.13384	0.15599	0.11019	0
OBITS_USD	2018-09-22	0.13384	0.15488	0.15627	0.10866	0
OBITS_USD	2018-09-21	0.15488	0.13323	0.15488	0.13323	0
OBITS_USD	2018-09-20	0.13323	0.12915	0.14140	0.11742	0
OBITS_USD	2018-09-19	0.12915	0.13688	0.13967	0.12610	0
OBITS_USD	2018-09-18	0.13688	0.12578	0.15069	0.12188	0
OBITS_USD	2018-09-17	0.12578	0.13783	0.13860	0.12494	0
OBITS_USD	2018-09-16	0.13783	0.13099	0.14154	0.12818	0
OBITS_USD	2018-09-15	0.13099	0.13033	0.13197	0.13006	0
OBITS_USD	2018-09-14	0.13033	0.13009	0.13231	0.12804	0
OBITS_USD	2018-09-13	0.13009	0.12730	0.13106	0.12725	0
OBITS_USD	2018-09-12	0.12730	0.12637	0.12757	0.12462	0
OBITS_USD	2018-09-11	0.12637	0.12651	0.12959	0.12416	0
OBITS_USD	2018-09-10	0.12651	0.11649	0.13071	0.11594	0
OBITS_USD	2018-09-09	0.11649	0.11331	0.11936	0.11293	0
OBITS_USD	2018-09-08	0.11331	0.10628	0.12813	0.10192	0
OBITS_USD	2018-09-07	0.10628	0.10813	0.10835	0.10497	0
OBITS_USD	2018-09-06	0.10813	0.11115	0.11142	0.10470	0
OBITS_USD	2018-09-05	0.11115	0.14206	0.14272	0.11109	0
OBITS_USD	2018-09-04	0.14206	0.14922	0.15825	0.13613	0
OBITS_USD	2018-09-03	0.14922	0.16360	0.16426	0.14922	0
OBITS_USD	2018-09-02	0.16360	0.16194	0.16531	0.16059	0
OBITS_USD	2018-09-01	0.16194	0.15821	0.16336	0.15807	0
OBITS_USD	2018-08-31	0.15821	0.15041	0.15953	0.14329	0
OBITS_USD	2018-08-30	0.15041	0.15696	0.15726	0.14309	0
OBITS_USD	2018-08-29	0.15696	0.15622	0.15803	0.15401	0
OBITS_USD	2018-08-28	0.15622	0.13861	0.15729	0.13799	0
OBITS_USD	2018-08-27	0.13861	0.14561	0.16119	0.13493	0
OBITS_USD	2018-08-26	0.14561	0.14627	0.14718	0.14284	0
OBITS_USD	2018-08-25	0.14627	0.14530	0.14742	0.14477	0
OBITS_USD	2018-08-24	0.14530	0.14180	0.14597	0.14027	0
OBITS_USD	2018-08-23	0.14180	0.14000	0.14284	0.13886	0
OBITS_USD	2018-08-22	0.14000	0.14264	0.15117	0.13775	0
OBITS_USD	2018-08-21	0.14264	0.13767	0.14308	0.13756	0
OBITS_USD	2018-08-20	0.13767	0.14274	0.14352	0.13713	0
OBITS_USD	2018-08-19	0.14274	0.14066	0.14394	0.13887	0
OBITS_USD	2018-08-18	0.14066	0.14495	0.14543	0.13874	0
OBITS_USD	2018-08-17	0.14495	0.14671	0.15207	0.13821	0
OBITS_USD	2018-08-16	0.14671	0.14575	0.15044	0.14473	0
OBITS_USD	2018-08-15	0.14575	0.14379	0.15372	0.14370	0
OBITS_USD	2018-08-14	0.14379	0.14858	0.14858	0.13815	0
OBITS_USD	2018-08-13	0.14858	0.16107	0.16668	0.14655	0
OBITS_USD	2018-08-12	0.16107	0.15879	0.16454	0.15754	0
OBITS_USD	2018-08-11	0.15879	0.16287	0.16484	0.15521	0
OBITS_USD	2018-08-10	0.16287	0.17308	0.17426	0.15954	0
OBITS_USD	2018-08-09	0.17308	0.16643	0.17553	0.16408	0
OBITS_USD	2018-08-08	0.16643	0.17836	0.17836	0.16255	0
OBITS_USD	2018-08-07	0.17836	0.19527	0.19893	0.17793	0
OBITS_USD	2018-08-06	0.19527	0.20036	0.20324	0.19282	0
OBITS_USD	2018-08-05	0.20036	0.20594	0.20663	0.19852	0
OBITS_USD	2018-08-04	0.20594	0.23079	0.23304	0.20346	0
OBITS_USD	2018-08-03	0.23079	0.23894	0.23894	0.23021	0
OBITS_USD	2018-08-02	0.23894	0.24131	0.24417	0.23660	0
OBITS_USD	2018-08-01	0.24131	0.24633	0.24661	0.23608	0
OBITS_USD	2018-07-31	0.24633	0.26495	0.26511	0.24395	0
OBITS_USD	2018-07-30	0.26495	0.27749	0.27895	0.25234	0
OBITS_USD	2018-07-29	0.27749	0.26959	0.27943	0.26461	0
OBITS_USD	2018-07-27	0.27627	0.27627	0.27627	0.27627	0
OBITS_USD	2018-07-26	0.27627	0.27400	0.27825	0.27391	0
OBITS_USD	2018-07-25	0.27400	0.28188	0.28431	0.27055	0
OBITS_USD	2018-07-24	0.28188	0.25844	0.28387	0.25774	0
OBITS_USD	2018-07-23	0.25844	0.24799	0.26069	0.24707	0
OBITS_USD	2018-07-22	0.24799	0.26808	0.27332	0.24616	0
OBITS_USD	2018-07-21	0.26808	0.26550	0.26964	0.26147	0
OBITS_USD	2018-07-20	0.26550	0.27062	0.27813	0.26361	0
OBITS_USD	2018-07-19	0.27062	0.26839	0.27361	0.26445	0
OBITS_USD	2018-07-18	0.26839	0.28046	0.28904	0.24884	0
OBITS_USD	2018-07-17	0.28046	0.25777	0.28594	0.25546	0
OBITS_USD	2018-07-16	0.25777	0.22109	0.27230	0.20660	0
OBITS_USD	2018-07-15	0.22109	0.21294	0.23478	0.21237	0
OBITS_USD	2018-07-14	0.21294	0.22619	0.22790	0.20806	0
OBITS_USD	2018-07-13	0.22619	0.21670	0.22674	0.20655	0
OBITS_USD	2018-07-12	0.21670	0.22179	0.22179	0.21148	0
OBITS_USD	2018-07-11	0.22179	0.21911	0.22237	0.21874	0
OBITS_USD	2018-07-10	0.21911	0.23623	0.23697	0.21839	0
OBITS_USD	2018-07-09	0.23623	0.23468	0.24750	0.20886	0
OBITS_USD	2018-07-08	0.23468	0.20525	0.23492	0.20381	0
OBITS_USD	2018-07-07	0.20525	0.20038	0.20721	0.19767	0
OBITS_USD	2018-07-06	0.20038	0.19761	0.20126	0.19533	0
OBITS_USD	2018-07-05	0.19761	0.18719	0.19971	0.18569	0
OBITS_USD	2018-07-04	0.18719	0.18167	0.18924	0.17896	0
OBITS_USD	2018-07-03	0.18167	0.18453	0.18882	0.00243	0
OBITS_USD	2018-07-02	0.18453	0.18288	0.19403	0.00000	0
OBITS_USD	2018-07-01	0.18290	0.20383	0.20501	0.18273	0
OBITS_USD	2018-06-30	0.20392	0.21385	0.22465	0.20274	0
OBITS_USD	2018-06-29	0.21403	0.20151	0.21626	0.19981	0
OBITS_USD	2018-06-28	0.20183	0.20984	0.21063	0.20084	0
OBITS_USD	2018-06-27	0.20990	0.21774	0.21977	0.20901	0
OBITS_USD	2018-06-26	0.21843	0.25153	0.25189	0.21738	0
OBITS_USD	2018-06-25	0.25136	0.30730	0.31098	0.24778	0
OBITS_USD	2018-06-24	0.30734	0.21289	0.30915	0.19984	0
OBITS_USD	2018-06-23	0.21261	0.20919	0.21612	0.20826	0
OBITS_USD	2018-06-22	0.20919	0.23223	0.23291	0.20553	0
OBITS_USD	2018-06-21	0.23222	0.23410	0.23500	0.23132	0
OBITS_USD	2018-06-20	0.23411	0.23321	0.23577	0.22726	0
OBITS_USD	2018-06-19	0.23348	0.25012	0.25059	0.23052	0
OBITS_USD	2018-06-18	0.25015	0.22899	0.36041	0.22137	0
OBITS_USD	2018-06-17	0.22880	0.23055	0.23350	0.22841	0
OBITS_USD	2018-06-16	0.23051	0.22698	0.23277	0.22497	0
OBITS_USD	2018-06-15	0.22688	0.23612	0.23612	0.22611	0
OBITS_USD	2018-06-14	0.23567	0.22514	0.23811	0.22412	0
OBITS_USD	2018-06-13	0.22501	0.24013	0.24239	0.22038	0
OBITS_USD	2018-06-12	0.24007	0.25235	0.25235	0.23645	0
OBITS_USD	2018-06-11	0.25247	0.25149	0.25332	0.24437	0
OBITS_USD	2018-06-10	0.25123	0.26995	0.26995	0.24298	0
OBITS_USD	2018-06-09	0.26987	0.28942	0.29045	0.26904	0
OBITS_USD	2018-06-08	0.28945	0.31150	0.31165	0.28927	0
OBITS_USD	2018-06-07	0.31167	0.32219	0.32902	0.29790	0
OBITS_USD	2018-06-06	0.32218	0.29979	0.32231	0.29293	0
OBITS_USD	2018-06-05	0.29953	0.14297	0.29985	0.14277	0
OBITS_USD	2018-05-30	0.00000	0.00000	0.00000	0.00000	0
OBITS_USD	2018-05-29	0.00000	0.38000	0.38000	0.00000	0
OBITS_USD	2018-05-28	0.38000	0.39600	0.39600	0.00000	19
OBITS_USD	2018-05-27	0.39600	0.39600	0.39600	0.39600	0
OBITS_USD	2018-05-26	0.00000	0.44465	0.44465	0.00000	0
OBITS_USD	2018-05-25	0.44465	0.39600	0.44465	0.00000	55
OBITS_USD	2018-05-24	0.39600	0.40000	0.40000	0.39600	41
OBITS_USD	2018-05-23	0.40415	0.00000	0.42000	0.00000	28
OBITS_USD	2018-05-22	0.00000	0.44000	0.44000	0.00000	0
OBITS_USD	2018-05-21	0.44000	0.44000	0.44000	0.44000	0
OBITS_USD	2018-05-20	0.44000	0.00000	0.44000	0.00000	3
OBITS_USD	2018-05-19	0.00000	0.00000	0.00000	0.00000	0
OBITS_USD	2018-05-18	0.00000	0.00000	0.00000	0.00000	0
OBITS_USD	2018-05-14	0.00000	0.00000	0.00000	0.00000	0
OBITS_USD	2018-05-13	0.00000	0.42002	0.42002	0.00000	0
OBITS_USD	2018-05-12	0.42002	0.00000	0.45500	0.00000	251
OBITS_USD	2018-05-11	0.00000	0.59796	0.59796	0.00000	0
OBITS_USD	2018-05-10	0.59796	0.60767	0.60767	0.50000	3
OBITS_USD	2018-05-09	0.60767	0.00000	0.60767	0.00000	75
OBITS_USD	2018-05-08	0.00000	0.00000	0.00000	0.00000	0
OBITS_USD	2018-05-07	0.00000	0.00000	0.00000	0.00000	0
OBITS_USD	2018-05-06	0.00000	0.00000	0.00000	0.00000	0
OBITS_USD	2018-05-05	0.00000	0.00000	0.00000	0.00000	0
OBITS_USD	2018-05-04	0.00000	0.66460	0.66460	0.00000	0
OBITS_USD	2018-05-03	0.66460	0.00000	0.66460	0.00000	105
OBITS_USD	2018-05-02	0.00000	0.40501	0.40501	0.00000	0
OBITS_USD	2018-05-01	0.40501	0.46310	0.46310	0.40501	11
OBITS_USD	2018-04-30	0.46310	0.00000	0.46352	0.00000	70
OBITS_USD	2018-04-29	0.00000	0.45027	0.45027	0.00000	0
OBITS_USD	2018-04-28	0.45027	0.45027	0.45027	0.45027	0
OBITS_USD	2018-04-27	0.45027	0.45027	0.45027	0.45027	0
OBITS_USD	2018-04-26	0.45027	0.45027	0.45027	0.45027	0
OBITS_USD	2018-04-25	0.45027	0.53000	0.53000	0.45027	3
OBITS_USD	2018-04-24	0.53000	0.53000	0.53000	0.53000	0
OBITS_USD	2018-04-23	0.53000	0.45420	0.53000	0.45420	4
OBITS_USD	2018-04-22	0.45420	0.43400	0.45420	0.43400	2
OBITS_USD	2018-04-21	0.43400	0.35580	0.43400	0.35580	7
OBITS_USD	2018-04-20	0.35580	0.35580	0.35580	0.35580	0
OBITS_USD	2018-04-19	0.35580	0.43000	0.43000	0.35580	144
OBITS_USD	2018-04-18	0.43000	0.25821	0.43000	0.25821	133
OBITS_USD	2018-04-17	0.25821	0.25821	0.25821	0.25821	0
OBITS_USD	2018-04-16	0.25821	0.25821	0.25821	0.25821	0
OBITS_USD	2018-04-15	0.25821	0.25821	0.25821	0.25821	0
OBITS_USD	2018-04-14	0.25821	0.25821	0.25821	0.25821	0
OBITS_USD	2018-04-13	0.25821	0.25821	0.25821	0.25821	0
OBITS_USD	2018-04-12	0.25821	0.25821	0.25821	0.25821	0
OBITS_USD	2018-04-11	0.25821	0.27385	0.27385	0.25821	70
OBITS_USD	2018-04-10	0.27385	0.27408	0.27408	0.27385	316
OBITS_USD	2018-04-09	0.27408	0.28400	0.28400	0.27408	313
OBITS_USD	2018-04-08	0.28400	0.28400	0.28400	0.28400	0
OBITS_USD	2018-04-07	0.28400	0.28401	0.28401	0.28400	8
OBITS_USD	2018-04-06	0.28401	0.28582	0.28582	0.28401	1
OBITS_USD	2018-04-05	0.28582	0.28582	0.28582	0.28582	0
OBITS_USD	2018-04-04	0.28582	0.28582	0.28582	0.28582	0
OBITS_USD	2018-04-03	0.28582	0.28582	0.28582	0.28582	0
OBITS_USD	2018-04-02	0.28582	0.28582	0.28582	0.28582	0
OBITS_USD	2018-04-01	0.28582	0.28582	0.28582	0.28582	0
OBITS_USD	2018-03-31	0.28582	0.28582	0.28582	0.28582	0
OBITS_USD	2018-03-30	0.28582	0.28535	0.28582	0.28535	0
OBITS_USD	2018-03-29	0.28535	0.28535	0.28535	0.28535	0
OBITS_USD	2018-03-28	0.28535	0.28535	0.28535	0.28535	0
OBITS_USD	2018-03-27	0.28535	0.45362	0.45362	0.28535	0
OBITS_USD	2018-03-26	0.45362	0.45362	0.45362	0.45362	0
OBITS_USD	2018-03-25	0.45362	0.28420	0.45362	0.28420	20
OBITS_USD	2018-03-24	0.28420	0.28222	0.45362	0.28222	223
OBITS_USD	2018-03-23	0.28222	0.45362	0.45362	0.28222	240
OBITS_USD	2018-03-22	0.45362	0.37888	0.45362	0.27380	17
OBITS_USD	2018-03-21	0.37888	0.37888	0.37888	0.37888	0
OBITS_USD	2018-03-20	0.37888	0.37888	0.37888	0.37888	0
OBITS_USD	2018-03-19	0.37888	0.37888	0.37888	0.37888	0
OBITS_USD	2018-03-18	0.37888	0.37888	0.37888	0.37888	0
OBITS_USD	2018-03-17	0.37888	0.47333	0.47333	0.37888	49
OBITS_USD	2018-03-16	0.47333	0.47333	0.47333	0.47333	0
OBITS_USD	2018-03-15	0.47333	0.47616	0.47616	0.47333	26
OBITS_USD	2018-03-14	0.47616	0.54000	0.54000	0.47616	1
OBITS_USD	2018-03-13	0.54000	0.54000	0.54000	0.54000	0
OBITS_USD	2018-03-12	0.54000	0.72000	0.72000	0.39102	58
OBITS_USD	2018-03-11	0.72000	0.30925	0.74499	0.30925	25
OBITS_USD	2018-03-10	0.30925	0.60000	0.60000	0.30920	70
OBITS_USD	2018-03-09	0.60000	0.74500	0.74500	0.60000	1
OBITS_USD	2018-03-08	0.74500	0.74500	0.74500	0.74500	0
OBITS_USD	2018-03-07	0.74500	0.51000	0.74900	0.51000	37
OBITS_USD	2018-03-06	0.51000	0.61000	0.61000	0.51000	5
OBITS_USD	2018-03-05	0.61000	0.81010	0.81010	0.61000	214
OBITS_USD	2018-03-04	0.81010	0.81010	0.81010	0.81010	0
OBITS_USD	2018-03-03	0.81010	0.81010	0.81010	0.81010	0
OBITS_USD	2018-03-02	0.81010	0.81010	0.81010	0.81010	0
OBITS_USD	2018-03-01	0.81010	0.81010	0.81010	0.81010	0
OBITS_USD	2018-02-28	0.81010	0.70059	0.81010	0.70059	10
OBITS_USD	2018-02-27	0.70059	0.70059	0.70059	0.70059	0
OBITS_USD	2018-02-26	0.70059	0.70059	0.70059	0.70059	0
OBITS_USD	2018-02-25	0.70059	0.70059	0.70059	0.70059	0
OBITS_USD	2018-02-24	0.70059	0.70059	0.70059	0.70059	0
OBITS_USD	2018-02-23	0.70059	0.70059	0.70059	0.70059	0
OBITS_USD	2018-02-22	0.70059	0.94000	0.94000	0.70059	94
OBITS_USD	2018-02-21	0.94000	0.94000	0.94000	0.94000	0
OBITS_USD	2018-02-20	0.94000	0.70064	0.94038	0.70064	97
OBITS_USD	2018-02-19	0.70064	0.74409	0.74409	0.70062	27
OBITS_USD	2018-02-18	0.74409	0.74409	0.74409	0.74409	0
OBITS_USD	2018-02-17	0.74409	0.74393	0.74409	0.74393	150
OBITS_USD	2018-02-16	0.74393	0.60918	0.74393	0.60918	9
OBITS_USD	2018-02-15	0.60918	0.60918	0.60918	0.60918	0
OBITS_USD	2018-02-14	0.60918	0.60918	0.60918	0.60918	0
OBITS_USD	2018-02-13	0.60918	0.60918	0.60918	0.60918	0
OBITS_USD	2018-02-12	0.60918	0.60918	0.60918	0.60918	0
OBITS_USD	2018-02-11	0.60918	0.60918	0.60918	0.60918	0
OBITS_USD	2018-02-10	0.60918	0.60918	0.60918	0.60918	0
OBITS_USD	2018-02-09	0.60918	0.60918	0.60918	0.60918	0
OBITS_USD	2018-02-08	0.60918	0.80000	0.80000	0.60918	23
OBITS_USD	2018-02-07	0.80000	0.80000	0.80000	0.80000	0
OBITS_USD	2018-02-06	0.80000	0.80000	0.80000	0.80000	0
OBITS_USD	2018-02-05	0.80000	1.08000	1.08000	0.80000	5
OBITS_USD	2018-02-04	1.08000	1.08000	1.08000	1.08000	0
OBITS_USD	2018-02-03	1.08000	0.90000	1.08000	0.90000	1
OBITS_USD	2018-02-02	0.90000	0.90003	0.90003	0.90000	61
