OMNI_USD	2019-04-09	2.8562	2.8842	2.8842	2.8083	0
OMNI_USD	2019-04-08	2.8887	2.8444	2.9106	2.7960	0
OMNI_USD	2019-04-07	2.8479	2.7641	2.8777	2.7556	0
OMNI_USD	2019-04-06	2.7581	2.7597	2.8647	2.6974	0
OMNI_USD	2019-04-05	2.7604	2.6856	2.7786	2.6783	0
OMNI_USD	2019-04-04	2.6793	2.7029	2.7685	2.6245	0
OMNI_USD	2019-04-03	2.7031	2.6733	2.8916	2.6335	0
OMNI_USD	2019-04-02	2.6775	2.2786	2.7563	2.2747	0
OMNI_USD	2019-04-01	2.2797	2.2627	2.2914	2.2411	0
OMNI_USD	2019-03-31	2.2627	2.2613	2.2701	2.2550	0
OMNI_USD	2019-03-30	2.2613	2.2689	2.2857	2.2400	0
OMNI_USD	2019-03-29	2.2689	2.2219	2.2734	2.2180	0
OMNI_USD	2019-03-28	2.2219	2.2274	2.2281	2.2084	0
OMNI_USD	2019-03-27	2.2274	2.1679	2.2312	2.1606	0
OMNI_USD	2019-03-26	2.1672	2.1566	2.1689	2.1451	0
OMNI_USD	2019-03-25	2.1554	2.1942	2.1988	2.1391	0
OMNI_USD	2019-03-24	2.1942	2.2060	2.2060	2.1788	0
OMNI_USD	2019-03-23	2.2060	2.1962	2.2131	2.1912	0
OMNI_USD	2019-03-22	2.1982	2.1961	2.2093	2.1907	0
OMNI_USD	2019-03-21	2.1961	2.2407	2.2509	2.1749	0
OMNI_USD	2019-03-20	2.2407	2.2284	2.2456	2.2113	0
OMNI_USD	2019-03-19	2.2301	2.2117	2.2357	2.2024	0
OMNI_USD	2019-03-18	2.2117	2.2091	2.2361	2.1922	0
OMNI_USD	2019-03-17	2.2091	2.2195	2.2196	2.1941	0
OMNI_USD	2019-03-16	2.2204	2.1734	2.2546	2.1734	0
OMNI_USD	2019-03-15	2.1734	2.1439	2.1776	2.1439	0
OMNI_USD	2019-03-14	2.1445	2.1425	2.1717	2.1108	0
OMNI_USD	2019-03-13	2.1434	2.1472	2.1557	2.1311	0
OMNI_USD	2019-03-12	2.1468	2.1441	2.1605	2.1153	0
OMNI_USD	2019-03-11	2.1455	2.1707	2.1767	2.1288	0
OMNI_USD	2019-03-10	2.1713	2.1811	2.1811	2.1526	0
OMNI_USD	2019-03-09	2.1800	2.1394	2.1961	2.1358	0
OMNI_USD	2019-03-08	2.1394	2.1524	2.1824	2.1044	0
OMNI_USD	2019-03-07	2.1525	2.1453	2.1682	2.1367	0
OMNI_USD	2019-03-06	2.1453	2.1454	2.1593	2.1234	0
OMNI_USD	2019-03-05	2.1446	2.0632	2.1537	2.0557	0
OMNI_USD	2019-03-04	2.0631	2.1092	2.1213	2.0454	0
OMNI_USD	2019-03-03	2.1090	2.1245	2.1301	2.0957	0
OMNI_USD	2019-03-02	2.1245	2.1256	2.1303	2.0937	0
OMNI_USD	2019-03-01	2.1266	2.1138	2.1434	2.1136	0
OMNI_USD	2019-02-28	2.1149	2.1185	2.1646	2.1090	0
OMNI_USD	2019-02-27	2.1179	2.1154	2.1358	2.0484	0
OMNI_USD	2019-02-26	2.1165	2.1281	2.1359	2.1033	0
OMNI_USD	2019-02-25	2.1302	2.0802	2.1524	2.0796	0
OMNI_USD	2019-02-24	2.0810	2.2869	2.3250	2.0700	0
OMNI_USD	2019-02-23	2.2869	2.2033	2.3101	2.1798	0
OMNI_USD	2019-02-22	2.2069	2.1769	2.2118	2.1671	0
OMNI_USD	2019-02-21	2.1771	2.2013	2.2376	2.1587	0
OMNI_USD	2019-02-20	2.2046	2.1647	2.2079	2.1544	0
OMNI_USD	2019-02-19	2.1671	2.1596	2.2159	2.1409	0
OMNI_USD	2019-02-18	2.1603	2.0277	2.1766	2.0220	0
OMNI_USD	2019-02-17	2.0282	1.9960	2.0541	1.9920	0
OMNI_USD	2019-02-16	1.9960	1.9926	2.0214	1.9893	0
OMNI_USD	2019-02-15	1.9894	1.9841	2.0176	1.9789	0
OMNI_USD	2019-02-14	1.9857	1.9904	1.9986	1.9777	0
OMNI_USD	2019-02-13	1.9920	2.0062	2.0280	1.9819	0
OMNI_USD	2019-02-12	2.0056	1.9988	2.0217	1.9792	0
OMNI_USD	2019-02-11	1.9985	2.0347	2.0357	1.9960	0
OMNI_USD	2019-02-10	2.0343	2.0188	2.0348	1.9913	0
OMNI_USD	2019-02-09	2.0188	2.0219	2.0297	2.0055	0
OMNI_USD	2019-02-08	2.0219	1.8668	2.0597	1.8611	0
OMNI_USD	2019-02-07	1.8655	1.8741	1.8797	1.8628	0
OMNI_USD	2019-02-06	1.8741	1.9073	1.9116	1.8586	0
OMNI_USD	2019-02-05	1.9068	1.8951	1.9090	1.8872	0
OMNI_USD	2019-02-04	1.8951	1.9012	1.9108	1.8869	0
OMNI_USD	2019-02-03	1.9012	1.9351	1.9365	1.8846	0
OMNI_USD	2019-02-02	1.9323	1.9192	1.9394	1.9007	0
OMNI_USD	2019-02-01	1.9207	1.9030	1.9299	1.8819	0
OMNI_USD	2019-01-31	1.9017	1.9163	1.9368	1.8906	0
OMNI_USD	2019-01-30	1.9163	1.8883	1.9253	1.8743	0
OMNI_USD	2019-01-29	1.8883	1.9008	1.9070	1.8585	0
OMNI_USD	2019-01-28	1.9009	1.9517	1.9534	1.8766	0
OMNI_USD	2019-01-27	1.9530	1.9713	1.9775	1.9239	0
OMNI_USD	2019-01-26	1.9724	1.9702	2.0262	1.9681	0
OMNI_USD	2019-01-25	1.9702	1.9833	1.9889	1.9520	0
OMNI_USD	2019-01-24	1.9828	1.9659	1.9914	1.9490	0
OMNI_USD	2019-01-23	1.9653	1.9757	1.9935	1.9503	0
OMNI_USD	2019-01-22	1.9757	1.9433	1.9959	1.9013	0
OMNI_USD	2019-01-21	1.9442	1.9483	1.9577	1.9290	0
OMNI_USD	2019-01-20	1.9470	2.0429	2.0610	1.9262	0
OMNI_USD	2019-01-19	2.0440	1.9957	2.0898	1.9947	0
OMNI_USD	2019-01-18	1.9957	2.0202	2.0218	1.9838	0
OMNI_USD	2019-01-17	2.0199	1.9973	2.0210	1.9653	0
OMNI_USD	2019-01-16	1.9933	1.9833	2.0270	1.9778	0
OMNI_USD	2019-01-15	1.9851	2.0356	2.0491	1.9727	0
OMNI_USD	2019-01-14	2.0355	1.9500	2.0616	1.9437	0
OMNI_USD	2019-01-13	1.9501	2.0101	2.0191	1.9393	0
OMNI_USD	2019-01-12	2.0101	2.0174	2.0273	1.9928	0
OMNI_USD	2019-01-11	2.0169	2.0158	2.0460	1.9907	0
OMNI_USD	2019-01-10	2.0158	2.2169	2.2456	2.0018	0
OMNI_USD	2019-01-09	2.2170	2.2262	2.2591	2.1912	0
OMNI_USD	2019-01-08	2.2256	2.2336	2.2846	2.2037	0
OMNI_USD	2019-01-07	2.2336	2.2642	2.2786	2.2146	0
OMNI_USD	2019-01-06	2.2648	2.1235	4.2474	2.1110	0
OMNI_USD	2019-01-05	2.1238	2.1472	2.1795	2.1199	0
OMNI_USD	2019-01-04	2.1484	2.1300	2.1640	2.0956	0
OMNI_USD	2019-01-03	2.1286	2.1983	2.2016	2.1191	0
OMNI_USD	2019-01-02	2.1989	2.1544	2.2109	2.1283	0
OMNI_USD	2019-01-01	2.1489	2.0809	2.1614	2.0572	0
OMNI_USD	2018-12-31	2.0796	2.1597	2.1625	2.0532	0
OMNI_USD	2018-12-30	2.1570	2.1103	2.1659	2.0879	0
OMNI_USD	2018-12-29	2.1080	2.1917	2.2195	2.1001	0
OMNI_USD	2018-12-28	2.1917	2.0163	2.2176	2.0070	0
OMNI_USD	2018-12-27	2.0163	2.1337	2.1511	2.0023	0
OMNI_USD	2018-12-26	2.1336	2.1226	2.1662	2.0697	0
OMNI_USD	2018-12-25	2.1203	2.2481	2.2541	2.0742	0
OMNI_USD	2018-12-24	2.2505	2.2105	2.3801	2.2105	0
OMNI_USD	2018-12-23	2.2102	2.2450	2.2857	2.1921	0
OMNI_USD	2018-12-22	2.2400	2.1588	2.2512	2.1281	0
OMNI_USD	2018-12-21	2.1564	2.2866	2.3281	2.1203	0
OMNI_USD	2018-12-20	2.2882	2.0656	2.3323	2.0534	0
OMNI_USD	2018-12-19	2.0686	2.0541	2.1930	2.0423	0
OMNI_USD	2018-12-18	2.0519	1.9689	2.0618	1.9275	0
OMNI_USD	2018-12-17	1.9683	1.7918	2.0110	1.7835	0
OMNI_USD	2018-12-16	1.7916	1.7836	1.8338	1.7793	0
OMNI_USD	2018-12-15	1.7846	1.7819	1.8022	1.7470	0
OMNI_USD	2018-12-14	1.7815	1.8212	1.8386	1.7517	0
OMNI_USD	2018-12-13	1.8195	1.9196	1.9238	1.8075	0
OMNI_USD	2018-12-12	1.9204	1.8607	1.9575	1.8545	0
OMNI_USD	2018-12-11	1.8668	1.9134	1.9271	1.8437	0
OMNI_USD	2018-12-10	1.9137	1.9774	2.0087	1.8871	0
OMNI_USD	2018-12-09	1.9793	1.9034	2.0507	1.8835	0
OMNI_USD	2018-12-08	1.9035	1.8785	1.9854	1.8008	0
OMNI_USD	2018-12-07	1.8778	1.9169	1.9544	1.7824	0
OMNI_USD	2018-12-06	1.9220	2.0471	2.1260	1.9088	0
OMNI_USD	2018-12-05	2.0450	2.1649	2.1702	2.0366	0
OMNI_USD	2018-12-04	2.1620	2.1166	2.2443	2.0684	0
OMNI_USD	2018-12-03	2.1189	2.2656	2.2685	2.0849	0
OMNI_USD	2018-12-02	2.2584	2.3036	2.3634	2.2408	0
OMNI_USD	2018-12-01	2.3036	2.1925	2.3556	2.1605	0
OMNI_USD	2018-11-30	2.1925	2.3471	2.3657	2.1534	0
OMNI_USD	2018-11-29	2.3410	2.3379	2.4259	2.2708	0
OMNI_USD	2018-11-28	2.3379	2.1090	2.4056	2.1090	0
OMNI_USD	2018-11-27	2.1090	2.0940	2.1406	2.0160	0
OMNI_USD	2018-11-26	2.0940	2.2202	2.2778	2.0179	0
OMNI_USD	2018-11-25	2.2286	2.1340	2.2803	1.9884	0
OMNI_USD	2018-11-24	2.1340	2.4012	2.4514	2.0819	0
OMNI_USD	2018-11-23	2.4012	2.3715	2.4330	2.3081	0
OMNI_USD	2018-11-22	2.3846	2.5330	2.5608	2.3846	0
OMNI_USD	2018-11-21	2.5361	2.4975	2.5910	2.4051	0
OMNI_USD	2018-11-20	2.4913	2.6809	2.7397	2.3444	0
OMNI_USD	2018-11-19	2.6809	3.0727	3.0727	2.6554	0
OMNI_USD	2018-11-18	3.0727	3.0548	3.1003	3.0518	0
OMNI_USD	2018-11-17	3.0548	3.0732	3.0732	3.0260	0
OMNI_USD	2018-11-16	3.0732	3.1227	3.1255	3.0159	0
OMNI_USD	2018-11-15	3.1227	3.2154	3.2191	2.9544	0
OMNI_USD	2018-11-14	3.1950	3.5067	3.5209	3.0973	0
OMNI_USD	2018-11-13	3.5097	3.5002	3.5276	3.4766	0
OMNI_USD	2018-11-12	3.5002	3.5016	3.5180	3.4850	0
OMNI_USD	2018-11-11	3.5072	3.4916	3.5072	3.4551	0
OMNI_USD	2018-11-10	3.4916	3.4857	3.5082	3.4826	0
OMNI_USD	2018-11-09	3.4857	3.5179	3.5304	3.4712	0
OMNI_USD	2018-11-08	3.5179	3.5685	3.5751	3.5165	0
OMNI_USD	2018-11-07	3.5685	3.5373	3.5872	3.5356	0
OMNI_USD	2018-11-06	3.5373	3.5128	3.5373	3.5006	0
OMNI_USD	2018-11-05	3.5128	3.5210	3.5264	3.4960	0
OMNI_USD	2018-11-04	3.5210	3.4681	3.5341	3.4531	0
OMNI_USD	2018-11-03	3.4681	3.4894	3.4922	3.4378	0
OMNI_USD	2018-11-02	3.4894	3.4746	3.5044	3.4701	0
OMNI_USD	2018-11-01	3.4746	3.4575	3.4873	3.4495	0
OMNI_USD	2018-10-31	3.4575	3.4367	3.4736	3.3936	0
OMNI_USD	2018-10-30	3.4367	3.4443	3.4639	3.4276	0
OMNI_USD	2018-10-29	3.4443	3.5237	3.5302	3.4317	0
OMNI_USD	2018-10-28	3.5237	3.5291	3.5345	3.5053	0
OMNI_USD	2018-10-27	3.5291	3.5461	3.5582	3.5190	0
OMNI_USD	2018-10-26	3.5461	3.5442	3.5762	3.5368	0
OMNI_USD	2018-10-25	3.5442	3.5584	3.5637	3.5333	0
OMNI_USD	2018-10-24	3.5584	3.5562	3.5956	3.5524	0
OMNI_USD	2018-10-23	3.5562	3.5655	3.5748	3.5467	0
OMNI_USD	2018-10-22	3.5655	3.5784	3.5983	3.5557	0
OMNI_USD	2018-10-21	3.5768	3.5761	3.6132	3.5744	0
OMNI_USD	2018-10-20	3.5755	3.5440	3.5879	3.5352	0
OMNI_USD	2018-10-19	3.5438	3.7663	3.7762	3.3820	0
OMNI_USD	2018-10-18	3.7664	4.0642	4.1875	3.4567	0
OMNI_USD	2018-10-17	4.0637	4.2341	4.3318	3.7612	0
OMNI_USD	2018-10-16	4.2364	4.3382	4.4400	4.1453	0
OMNI_USD	2018-10-15	4.3381	4.1105	4.8804	4.0875	0
OMNI_USD	2018-10-14	4.1092	4.0987	4.2755	4.0139	0
OMNI_USD	2018-10-13	4.0987	4.3480	4.3666	3.9859	0
OMNI_USD	2018-10-12	4.3507	4.4306	4.5308	4.1299	0
OMNI_USD	2018-10-11	4.4330	5.0728	5.0729	4.0304	0
OMNI_USD	2018-10-10	5.0728	5.3473	5.4319	4.9204	0
OMNI_USD	2018-10-09	5.2808	5.4055	5.7116	5.1366	0
OMNI_USD	2018-10-08	5.4052	5.7981	5.9790	5.2739	0
OMNI_USD	2018-10-07	5.7981	6.2979	6.4111	5.4295	0
OMNI_USD	2018-10-06	6.2977	7.2068	7.2564	5.8967	0
OMNI_USD	2018-10-05	7.2067	7.6493	7.7935	6.9190	0
OMNI_USD	2018-10-04	7.6493	7.6317	7.8207	7.6022	0
OMNI_USD	2018-10-03	7.6369	7.3524	7.7847	7.3163	0
OMNI_USD	2018-10-02	7.3630	7.2264	7.9928	7.2131	0
OMNI_USD	2018-10-01	7.2240	7.3606	7.4425	7.1447	0
OMNI_USD	2018-09-30	7.3606	7.2916	7.5132	7.1838	0
OMNI_USD	2018-09-29	7.2916	7.5860	7.5860	7.1611	0
OMNI_USD	2018-09-28	7.5860	7.7208	7.9158	7.4900	0
OMNI_USD	2018-09-27	7.7132	7.5104	7.7935	7.4077	0
OMNI_USD	2018-09-26	7.5104	7.3575	7.6554	7.1071	0
OMNI_USD	2018-09-25	7.3476	7.4589	7.5551	7.1335	0
OMNI_USD	2018-09-24	7.4589	8.0050	8.0173	7.3548	0
OMNI_USD	2018-09-23	7.8855	7.8550	8.1055	7.6952	0
OMNI_USD	2018-09-22	7.8564	7.9560	8.0466	7.6257	0
OMNI_USD	2018-09-21	7.9673	7.8736	8.3985	7.6858	0
OMNI_USD	2018-09-20	7.8736	8.0915	8.2794	7.5025	0
OMNI_USD	2018-09-19	8.0890	7.6746	8.1804	7.3672	0
OMNI_USD	2018-09-18	7.6747	7.5794	8.2498	7.5347	0
OMNI_USD	2018-09-17	7.5794	8.4928	8.5799	7.5731	0
OMNI_USD	2018-09-16	8.4927	8.6479	8.6479	8.3342	0
OMNI_USD	2018-09-15	8.6548	8.6035	8.6974	8.5752	0
OMNI_USD	2018-09-14	8.6130	8.7503	8.7817	8.1784	0
OMNI_USD	2018-09-13	8.7502	8.8622	8.9626	8.3237	0
OMNI_USD	2018-09-12	8.8633	8.9384	9.2419	8.7444	0
OMNI_USD	2018-09-11	8.9346	9.5522	9.6997	8.8610	0
OMNI_USD	2018-09-10	9.5518	9.3727	10.0031	8.9907	0
OMNI_USD	2018-09-09	9.3651	9.4501	10.6284	9.0070	0
OMNI_USD	2018-09-08	9.4502	9.1484	9.6311	9.1484	0
OMNI_USD	2018-09-07	9.1483	9.4572	9.8484	8.8347	0
OMNI_USD	2018-09-06	9.4520	8.9567	9.6722	7.9869	0
OMNI_USD	2018-09-05	8.9570	11.2063	11.5238	8.9139	0
OMNI_USD	2018-09-04	11.2063	8.7102	12.1252	8.6919	0
OMNI_USD	2018-09-03	8.7165	8.6367	8.7745	8.2593	0
OMNI_USD	2018-09-02	8.6367	9.1229	9.3160	8.5019	0
OMNI_USD	2018-09-01	9.1214	8.2954	9.1351	8.2069	0
OMNI_USD	2018-08-31	8.2954	8.1444	8.3625	7.9228	0
OMNI_USD	2018-08-30	8.1536	8.7516	8.7864	7.7042	0
OMNI_USD	2018-08-29	8.7623	8.2034	8.8797	8.0399	0
OMNI_USD	2018-08-28	8.2018	8.1793	9.5598	8.0292	0
OMNI_USD	2018-08-27	8.1704	7.7934	8.1796	7.6985	0
OMNI_USD	2018-08-26	7.8046	8.2523	8.3351	7.7201	0
OMNI_USD	2018-08-25	8.2600	7.4186	8.7907	7.3981	0
OMNI_USD	2018-08-24	7.4167	7.1620	7.6253	7.0293	0
OMNI_USD	2018-08-23	7.1416	7.0225	7.2383	6.9954	0
OMNI_USD	2018-08-22	7.0154	7.3030	7.8323	6.9415	0
OMNI_USD	2018-08-21	7.3029	7.4930	7.5647	7.0363	0
OMNI_USD	2018-08-20	7.4982	7.8019	8.1962	7.2200	0
OMNI_USD	2018-08-19	7.8083	7.8439	8.2138	7.4587	0
OMNI_USD	2018-08-18	7.8433	7.9676	8.9285	7.6678	0
OMNI_USD	2018-08-17	7.9747	7.2948	8.0452	7.2923	0
OMNI_USD	2018-08-16	7.3020	7.5889	7.8883	7.2044	0
OMNI_USD	2018-08-15	7.5962	7.6772	8.1053	7.1507	0
OMNI_USD	2018-08-14	7.6761	6.8843	13.1307	6.3669	0
OMNI_USD	2018-08-13	6.8931	7.0812	7.3134	6.8433	0
OMNI_USD	2018-08-12	7.0855	7.0643	7.3348	7.0004	0
OMNI_USD	2018-08-11	7.0564	6.8056	7.4018	6.5746	0
OMNI_USD	2018-08-10	6.8072	7.4072	7.4770	6.6576	0
OMNI_USD	2018-08-09	7.3891	6.8577	7.6194	6.8497	0
OMNI_USD	2018-08-08	6.8573	8.5357	8.5395	6.6231	0
OMNI_USD	2018-08-07	8.5452	8.6934	9.3181	8.4482	0
OMNI_USD	2018-08-06	8.6899	8.4519	9.2536	8.3355	0
OMNI_USD	2018-08-05	8.4641	8.4579	8.7385	8.0674	0
OMNI_USD	2018-08-04	8.4491	9.1340	9.7745	8.1663	0
OMNI_USD	2018-08-03	9.1293	9.1068	9.2666	8.8123	0
OMNI_USD	2018-08-02	9.1167	9.2256	9.4178	8.6719	0
OMNI_USD	2018-08-01	9.2089	9.7019	9.7724	8.9473	0
OMNI_USD	2018-07-31	9.7041	10.9465	11.1004	9.3550	0
OMNI_USD	2018-07-30	10.9399	11.1500	11.3428	10.6197	0
OMNI_USD	2018-07-29	11.1724	11.6963	11.9737	11.0962	0
OMNI_USD	2018-07-28	11.6932	11.9950	12.2089	11.5412	0
OMNI_USD	2018-07-27	11.9970	12.2798	12.5190	11.8910	0
OMNI_USD	2018-07-26	12.2798	12.7521	13.3600	12.0193	0
OMNI_USD	2018-07-25	12.7471	12.7450	13.4025	12.5106	0
OMNI_USD	2018-07-24	12.8062	11.9395	12.8969	11.4158	0
OMNI_USD	2018-07-23	11.9312	11.9296	12.6174	11.8520	0
OMNI_USD	2018-07-22	11.9381	12.2567	12.3812	11.5384	0
OMNI_USD	2018-07-21	12.2569	11.9199	12.7981	11.7376	0
OMNI_USD	2018-07-20	11.9186	13.4966	13.7328	11.8824	0
OMNI_USD	2018-07-19	13.4966	13.6574	13.9904	13.4049	0
OMNI_USD	2018-07-18	13.6348	12.4846	14.3718	12.4712	0
OMNI_USD	2018-07-17	12.4839	10.9556	12.9466	10.9498	0
OMNI_USD	2018-07-16	11.0010	10.2707	11.3670	10.2707	0
OMNI_USD	2018-07-15	10.2744	11.0664	11.3198	10.2670	0
OMNI_USD	2018-07-14	11.0664	11.2888	11.3780	10.8847	0
OMNI_USD	2018-07-13	11.2895	11.0509	11.3601	10.9259	0
OMNI_USD	2018-07-12	11.0441	11.2833	11.2833	10.7644	0
OMNI_USD	2018-07-11	11.2906	11.5095	11.6485	11.0114	0
OMNI_USD	2018-07-10	11.5114	12.3840	12.6251	11.5027	0
OMNI_USD	2018-07-09	12.3876	13.8950	14.0505	12.3876	0
OMNI_USD	2018-07-08	13.9029	14.7315	15.0445	13.6082	0
OMNI_USD	2018-07-07	14.7315	14.5998	15.0178	14.1626	0
OMNI_USD	2018-07-06	14.5980	15.7680	15.8054	14.3494	0
OMNI_USD	2018-07-05	15.7894	16.4676	16.7355	15.6183	0
OMNI_USD	2018-07-04	16.4760	16.4019	16.9442	16.0233	0
OMNI_USD	2018-07-03	16.3703	16.9362	17.2749	0.2253	0
OMNI_USD	2018-07-02	16.9330	16.9375	17.7589	0.0002	0
OMNI_USD	2018-07-01	16.9391	17.3348	17.4441	16.6212	0
OMNI_USD	2018-06-30	17.3351	16.8688	18.1361	16.8573	0
OMNI_USD	2018-06-29	16.8593	15.0892	16.9289	15.0710	0
OMNI_USD	2018-06-28	15.1134	15.8350	15.9620	15.0975	0
OMNI_USD	2018-06-27	15.8283	15.7035	15.9404	15.3787	0
OMNI_USD	2018-06-26	15.7532	16.1322	16.2867	15.6686	0
OMNI_USD	2018-06-25	16.1217	16.0149	16.4533	15.5948	0
OMNI_USD	2018-06-24	16.0201	16.5194	16.5728	14.9861	0
OMNI_USD	2018-06-23	16.4980	15.8967	16.7581	15.8857	0
OMNI_USD	2018-06-22	15.8960	18.5789	18.6252	15.6654	0
OMNI_USD	2018-06-21	18.5778	18.9660	19.3474	18.5393	0
OMNI_USD	2018-06-20	18.9669	17.8712	20.4234	17.3960	0
OMNI_USD	2018-06-19	17.8898	18.8651	18.9097	17.6650	0
OMNI_USD	2018-06-18	18.8684	17.3511	19.2678	17.0802	0
OMNI_USD	2018-06-17	17.3371	17.8809	18.1872	17.3371	0
OMNI_USD	2018-06-16	17.8776	17.6082	18.6439	17.1890	0
OMNI_USD	2018-06-15	17.6000	17.8018	18.9261	17.5228	0
OMNI_USD	2018-06-14	17.7677	16.7889	17.9629	16.6201	0
OMNI_USD	2018-06-13	16.7792	19.0349	19.1042	16.4510	0
OMNI_USD	2018-06-12	19.0303	20.4218	20.7529	18.8521	0
OMNI_USD	2018-06-11	20.4317	20.0414	20.5009	19.6841	0
OMNI_USD	2018-06-10	20.0182	22.9080	22.9080	19.7250	0
OMNI_USD	2018-06-09	22.9018	23.3030	23.4776	22.8249	0
OMNI_USD	2018-06-08	23.3027	23.5004	23.8521	23.1058	0
OMNI_USD	2018-06-07	23.5102	23.9335	24.3514	23.3573	0
OMNI_USD	2018-06-06	23.9318	23.5211	24.0814	23.3906	0
OMNI_USD	2018-06-05	23.5011	24.0893	24.1160	22.2152	0
OMNI_USD	2018-06-04	24.1070	25.0831	25.3059	23.7909	0
OMNI_USD	2018-06-03	25.0823	25.2273	25.6959	24.8385	0
OMNI_USD	2018-06-02	25.2465	24.6549	25.3714	24.4378	0
OMNI_USD	2018-06-01	24.6549	25.3441	25.4382	24.1160	0
OMNI_USD	2018-05-31	25.3465	24.7341	25.6021	24.5262	0
OMNI_USD	2018-05-30	24.7341	25.4511	26.0887	24.5894	0
OMNI_USD	2018-05-29	25.4208	24.3110	26.3547	24.1208	0
OMNI_USD	2018-05-28	24.2960	26.0996	26.4999	24.1923	0
OMNI_USD	2018-05-27	26.0996	26.1520	26.3521	25.4855	0
OMNI_USD	2018-05-26	26.1461	26.8775	27.5696	26.0118	0
OMNI_USD	2018-05-25	26.8815	25.8418	26.9918	24.6492	0
OMNI_USD	2018-05-24	25.8307	25.1875	26.3869	24.8498	0
OMNI_USD	2018-05-23	25.2066	28.3161	28.4669	24.8555	0
OMNI_USD	2018-05-22	28.3260	32.0252	32.0645	28.3260	0
OMNI_USD	2018-05-21	32.0283	34.6317	34.7474	31.4315	0
OMNI_USD	2018-05-20	34.6335	33.3364	35.5693	32.7983	0
OMNI_USD	2018-05-19	33.3728	33.6373	34.3552	32.0089	0
OMNI_USD	2018-05-18	33.6373	31.8641	33.8603	31.0592	0
OMNI_USD	2018-05-17	31.9057	33.9779	35.6998	31.6851	0
OMNI_USD	2018-05-16	33.9486	34.8025	34.9292	32.8381	0
OMNI_USD	2018-05-15	34.7986	35.1713	36.8728	34.2613	0
OMNI_USD	2018-05-14	35.2091	36.1368	36.1368	32.8586	0
OMNI_USD	2018-05-13	36.1218	35.0228	36.2337	34.2858	0
OMNI_USD	2018-05-12	34.9790	35.8630	36.2079	34.1827	0
OMNI_USD	2018-05-11	35.7775	37.0913	38.5441	34.5084	0
OMNI_USD	2018-05-10	37.1573	38.2774	41.4521	36.9466	0
OMNI_USD	2018-05-09	38.2907	37.1395	39.1707	36.0137	0
OMNI_USD	2018-05-08	37.2132	38.0072	39.9743	0.0041	0
OMNI_USD	2018-05-07	38.0784	42.5576	42.6211	37.6174	0
OMNI_USD	2018-05-06	42.5245	43.2814	43.7342	40.3315	0
OMNI_USD	2018-05-05	43.2347	42.2853	43.5892	42.2114	0
OMNI_USD	2018-05-04	42.3262	45.1288	45.1288	40.7516	0
OMNI_USD	2018-05-03	45.1816	44.7262	46.7032	42.5728	0
OMNI_USD	2018-05-02	44.6524	40.9825	45.6675	40.6069	0
OMNI_USD	2018-05-01	40.9562	38.7925	43.7248	37.8592	0
OMNI_USD	2018-04-30	38.7281	38.4513	43.2048	37.7564	0
OMNI_USD	2018-04-29	38.4430	38.0676	39.3349	37.4774	0
OMNI_USD	2018-04-28	38.0640	36.5351	38.5238	36.3406	0
OMNI_USD	2018-04-27	36.5742	39.9509	39.9694	36.4700	0
OMNI_USD	2018-04-26	39.9398	34.2965	40.0625	33.5844	0
OMNI_USD	2018-04-25	34.3482	39.8511	43.1708	34.0498	0
OMNI_USD	2018-04-24	39.9092	39.9392	41.2043	38.7669	0
OMNI_USD	2018-04-23	39.9321	38.6742	39.9470	38.3489	0
OMNI_USD	2018-04-22	38.6451	40.2143	40.2421	38.4788	0
OMNI_USD	2018-04-21	40.1889	40.6503	41.1359	38.0956	0
OMNI_USD	2018-04-20	40.6072	39.0890	40.9080	38.2202	0
OMNI_USD	2018-04-19	39.1635	35.9052	40.2687	35.1599	0
OMNI_USD	2018-04-18	35.8725	30.5453	35.9581	30.4924	0
OMNI_USD	2018-04-17	30.5390	31.1435	31.7113	30.1160	0
OMNI_USD	2018-04-16	31.0714	31.6864	32.3831	29.9441	0
OMNI_USD	2018-04-15	31.6996	30.8344	32.4614	30.8344	0
OMNI_USD	2018-04-14	30.7976	29.0299	32.5387	28.0688	0
OMNI_USD	2018-04-13	28.9933	29.8050	31.3897	28.9520	0
OMNI_USD	2018-04-12	29.8134	24.4084	30.0581	23.2527	0
OMNI_USD	2018-04-11	24.4679	21.5087	24.5395	21.3708	0
OMNI_USD	2018-04-10	21.4808	21.1005	21.6478	20.5822	0
OMNI_USD	2018-04-09	21.0821	22.4545	22.4912	20.5696	0
OMNI_USD	2018-04-08	22.4141	21.9190	22.7001	21.6073	0
OMNI_USD	2018-04-07	21.9099	20.7882	22.5166	20.7498	0
OMNI_USD	2018-04-06	20.7648	21.9580	22.1879	20.4164	0
OMNI_USD	2018-04-05	21.9625	22.1207	22.6865	21.2409	0
OMNI_USD	2018-04-04	22.1222	24.2467	25.1789	21.6353	0
OMNI_USD	2018-04-03	24.2718	21.9830	24.4468	21.8484	0
OMNI_USD	2018-04-02	21.9760	21.6051	22.6967	21.4106	0
OMNI_USD	2018-04-01	21.6314	21.4363	22.3924	19.8486	0
OMNI_USD	2018-03-31	21.4363	21.0328	22.6066	20.8757	0
OMNI_USD	2018-03-30	21.0629	21.9017	22.3221	20.2474	0
OMNI_USD	2018-03-29	21.8632	24.7732	24.8823	21.3844	0
OMNI_USD	2018-03-28	24.7320	24.0163	25.3292	23.8715	0
OMNI_USD	2018-03-27	23.9957	26.2591	26.4746	23.9621	0
OMNI_USD	2018-03-26	26.1865	28.0555	28.3400	25.0534	0
OMNI_USD	2018-03-25	28.0839	28.1920	28.7074	27.2181	0
OMNI_USD	2018-03-24	28.1003	29.7383	29.9379	28.1003	0
OMNI_USD	2018-03-23	29.7118	29.1920	29.7118	27.3249	0
OMNI_USD	2018-03-22	29.2630	31.4608	32.0064	27.0656	0
OMNI_USD	2018-03-21	31.4632	31.5562	32.4978	30.7145	0
OMNI_USD	2018-03-20	31.5453	29.1527	32.1162	27.4887	0
OMNI_USD	2018-03-19	29.1910	27.5083	29.6913	25.9583	0
OMNI_USD	2018-03-18	27.4773	27.2445	27.7895	24.0112	0
OMNI_USD	2018-03-17	27.3044	27.4389	28.8012	26.4567	0
OMNI_USD	2018-03-16	27.5759	28.1369	28.6374	26.7287	0
OMNI_USD	2018-03-15	28.0628	29.2737	30.0149	26.0231	0
OMNI_USD	2018-03-14	29.3601	32.6446	33.4376	28.4465	0
OMNI_USD	2018-03-13	32.4940	34.7703	36.0041	30.5058	0
OMNI_USD	2018-03-12	34.7222	35.1383	36.9713	33.2360	0
OMNI_USD	2018-03-11	35.0742	30.8069	35.9084	29.6067	0
OMNI_USD	2018-03-10	30.7880	32.1038	34.1712	30.6203	0
OMNI_USD	2018-03-09	32.1157	31.1659	34.5442	28.8728	0
OMNI_USD	2018-03-08	31.1572	34.0962	35.0116	30.2524	0
OMNI_USD	2018-03-07	34.0457	39.0251	39.7477	31.7804	0
OMNI_USD	2018-03-06	39.0731	43.8061	43.8439	38.6450	0
OMNI_USD	2018-03-05	44.2047	44.4957	45.4578	43.7230	0
OMNI_USD	2018-03-04	44.4854	45.0593	45.5905	43.2018	0
OMNI_USD	2018-03-03	45.1075	40.3757	50.1722	40.3757	0
OMNI_USD	2018-03-02	40.3654	39.8137	41.2058	38.7944	0
OMNI_USD	2018-03-01	39.8356	36.1802	40.1783	35.7260	0
