OPT_USD	2019-04-09	0.003048	0.003055	0.003089	0.002948	0
OPT_USD	2019-04-08	0.003059	0.002960	0.003109	0.002910	0
OPT_USD	2019-04-07	0.002964	0.003207	0.003240	0.002928	0
OPT_USD	2019-04-06	0.003200	0.003380	0.003497	0.002907	0
OPT_USD	2019-04-05	0.003381	0.002844	0.004734	0.002844	0
OPT_USD	2019-04-04	0.002838	0.003560	0.003822	0.002695	0
OPT_USD	2019-04-03	0.003560	0.003201	0.003858	0.002856	0
OPT_USD	2019-04-02	0.003526	0.002728	0.003553	0.002430	0
OPT_USD	2019-04-01	0.002729	0.002855	0.003026	0.002729	0
OPT_USD	2019-03-31	0.002855	0.003165	0.003189	0.002367	0
OPT_USD	2019-03-30	0.003165	0.003594	0.005314	0.002759	0
OPT_USD	2019-03-29	0.003594	0.002456	0.006672	0.002456	0
OPT_USD	2019-03-28	0.002456	0.002154	0.002635	0.002019	0
OPT_USD	2019-03-27	0.002154	0.001797	0.002857	0.001766	0
OPT_USD	2019-03-26	0.001796	0.001986	0.002012	0.001790	0
OPT_USD	2019-03-25	0.001985	0.002102	0.002106	0.001861	0
OPT_USD	2019-03-24	0.002102	0.002316	0.002316	0.002087	0
OPT_USD	2019-03-23	0.002316	0.002447	0.002854	0.002267	0
OPT_USD	2019-03-22	0.002450	0.002953	0.003789	0.002166	0
OPT_USD	2019-03-21	0.002953	0.002394	0.003016	0.002065	0
OPT_USD	2019-03-20	0.002394	0.002319	0.002701	0.002301	0
OPT_USD	2019-03-19	0.002321	0.001792	0.002336	0.001788	0
OPT_USD	2019-03-18	0.001792	0.001790	0.001812	0.001777	0
OPT_USD	2019-03-17	0.001790	0.001819	0.001819	0.001781	0
OPT_USD	2019-03-16	0.001820	0.001781	0.001848	0.001781	0
OPT_USD	2019-03-15	0.001781	0.001698	0.001785	0.001698	0
OPT_USD	2019-03-14	0.001698	0.001697	0.001720	0.001672	0
OPT_USD	2019-03-13	0.001698	0.001661	0.001701	0.001640	0
OPT_USD	2019-03-12	0.001661	0.001678	0.001685	0.001656	0
OPT_USD	2019-03-11	0.001679	0.001739	0.001744	0.001678	0
OPT_USD	2019-03-10	0.001740	0.001748	0.001748	0.001725	0
OPT_USD	2019-03-09	0.001747	0.001734	0.001760	0.001717	0
OPT_USD	2019-03-08	0.001734	0.001744	0.001769	0.001705	0
OPT_USD	2019-03-07	0.001744	0.001719	0.001755	0.001719	0
OPT_USD	2019-03-06	0.001719	0.001462	0.001797	0.001462	0
OPT_USD	2019-03-05	0.001462	0.001596	0.001626	0.001452	0
OPT_USD	2019-03-04	0.001596	0.001573	0.001596	0.001337	0
OPT_USD	2019-03-03	0.001573	0.001761	0.001823	0.001419	0
OPT_USD	2019-03-02	0.001585	0.001801	0.001814	0.001565	0
OPT_USD	2019-03-01	0.001782	0.001655	0.002890	0.001585	0
OPT_USD	2019-02-28	0.001656	0.001814	0.002671	0.001263	0
OPT_USD	2019-02-27	0.002243	0.001578	0.002304	0.001552	0
OPT_USD	2019-02-26	0.001579	0.002195	0.002203	0.001481	0
OPT_USD	2019-02-25	0.002197	0.002433	0.002462	0.002060	0
OPT_USD	2019-02-24	0.002434	0.002527	0.002690	0.002313	0
OPT_USD	2019-02-23	0.002527	0.002435	0.002559	0.002409	0
OPT_USD	2019-02-22	0.002439	0.002426	0.002444	0.002395	0
OPT_USD	2019-02-21	0.002426	0.002372	0.002431	0.002273	0
OPT_USD	2019-02-20	0.002375	0.002093	0.002379	0.002068	0
OPT_USD	2019-02-19	0.002096	0.002088	0.002338	0.002070	0
OPT_USD	2019-02-18	0.002089	0.002390	0.002554	0.001957	0
OPT_USD	2019-02-17	0.002391	0.002224	0.002595	0.002220	0
OPT_USD	2019-02-16	0.002224	0.001652	0.002373	0.001649	0
OPT_USD	2019-02-15	0.001649	0.002924	0.003523	0.001468	0
OPT_USD	2019-02-14	0.002926	0.002970	0.003162	0.002914	0
OPT_USD	2019-02-13	0.002972	0.002771	0.003312	0.002766	0
OPT_USD	2019-02-12	0.002771	0.005522	0.005523	0.001833	0
OPT_USD	2019-02-11	0.005522	0.005621	0.005624	0.003678	0
OPT_USD	2019-02-10	0.005621	0.005578	0.005622	0.005502	0
OPT_USD	2019-02-09	0.005578	0.005586	0.005608	0.005541	0
OPT_USD	2019-02-08	0.005586	0.005158	0.005690	0.005142	0
OPT_USD	2019-02-07	0.005154	0.005178	0.005193	0.001725	0
OPT_USD	2019-02-06	0.005178	0.005269	0.005281	0.005135	0
OPT_USD	2019-02-05	0.005268	0.005236	0.005274	0.005214	0
OPT_USD	2019-02-04	0.005236	0.005253	0.005279	0.005213	0
OPT_USD	2019-02-03	0.005253	0.005346	0.005350	0.005207	0
OPT_USD	2019-02-02	0.005339	0.005302	0.005358	0.005251	0
OPT_USD	2019-02-01	0.005307	0.005258	0.005332	0.005199	0
OPT_USD	2019-01-31	0.005254	0.005294	0.005351	0.005223	0
OPT_USD	2019-01-30	0.005294	0.005217	0.005319	0.005178	0
OPT_USD	2019-01-29	0.005217	0.005252	0.005269	0.005135	0
OPT_USD	2019-01-28	0.005252	0.005392	0.005397	0.005185	0
OPT_USD	2019-01-27	0.005396	0.005446	0.005464	0.005315	0
OPT_USD	2019-01-26	0.005449	0.005443	0.005598	0.005438	0
OPT_USD	2019-01-25	0.005443	0.005480	0.005495	0.005393	0
OPT_USD	2019-01-24	0.005478	0.005431	0.005502	0.005385	0
OPT_USD	2019-01-23	0.005430	0.005459	0.005508	0.005388	0
OPT_USD	2019-01-22	0.005459	0.005369	0.005514	0.005253	0
OPT_USD	2019-01-21	0.005371	0.005383	0.005409	0.005330	0
OPT_USD	2019-01-20	0.005379	0.005644	0.005694	0.005322	0
OPT_USD	2019-01-19	0.005647	0.005514	0.005774	0.005511	0
OPT_USD	2019-01-18	0.005514	0.005581	0.005586	0.005481	0
OPT_USD	2019-01-17	0.005581	0.005518	0.005584	0.005430	0
OPT_USD	2019-01-16	0.005507	0.005480	0.005600	0.005464	0
OPT_USD	2019-01-15	0.005484	0.005624	0.005661	0.005450	0
OPT_USD	2019-01-14	0.005624	0.005387	0.005696	0.005370	0
OPT_USD	2019-01-13	0.005388	0.005554	0.005578	0.005358	0
OPT_USD	2019-01-12	0.005553	0.005574	0.005601	0.005506	0
OPT_USD	2019-01-11	0.005572	0.005569	0.005653	0.005500	0
OPT_USD	2019-01-10	0.005569	0.006125	0.006204	0.005531	0
OPT_USD	2019-01-09	0.006125	0.006151	0.006241	0.006054	0
OPT_USD	2019-01-08	0.006149	0.006171	0.006312	0.006088	0
OPT_USD	2019-01-07	0.006171	0.006256	0.006295	0.006118	0
OPT_USD	2019-01-06	0.006257	0.005867	0.011735	0.005832	0
OPT_USD	2019-01-05	0.005868	0.005932	0.006022	0.005857	0
OPT_USD	2019-01-04	0.005936	0.005885	0.005979	0.005790	0
OPT_USD	2019-01-03	0.005881	0.006074	0.006083	0.005855	0
OPT_USD	2019-01-02	0.006075	0.005952	0.006108	0.005880	0
OPT_USD	2019-01-01	0.005937	0.005749	0.005971	0.005684	0
OPT_USD	2018-12-31	0.005746	0.005967	0.005975	0.005672	0
OPT_USD	2018-12-30	0.005959	0.005830	0.005984	0.005768	0
OPT_USD	2018-12-29	0.005824	0.006055	0.006132	0.005802	0
OPT_USD	2018-12-28	0.006055	0.005571	0.006127	0.005545	0
OPT_USD	2018-12-27	0.005571	0.005895	0.005943	0.005532	0
OPT_USD	2018-12-26	0.005895	0.005864	0.005985	0.005718	0
OPT_USD	2018-12-25	0.005858	0.006211	0.006228	0.005731	0
OPT_USD	2018-12-24	0.006218	0.006107	0.006576	0.006107	0
OPT_USD	2018-12-23	0.006106	0.006203	0.006315	0.006056	0
OPT_USD	2018-12-22	0.006189	0.005964	0.006220	0.005880	0
OPT_USD	2018-12-21	0.005958	0.006317	0.006432	0.005858	0
OPT_USD	2018-12-20	0.006322	0.005707	0.006444	0.005673	0
OPT_USD	2018-12-19	0.005715	0.005675	0.006059	0.001934	0
OPT_USD	2018-12-18	0.005669	0.005440	0.005696	0.005325	0
OPT_USD	2018-12-17	0.005438	0.004951	0.005556	0.004928	0
OPT_USD	2018-12-16	0.004950	0.004928	0.005066	0.004916	0
OPT_USD	2018-12-15	0.004931	0.004923	0.004979	0.004827	0
OPT_USD	2018-12-14	0.004922	0.005032	0.005080	0.004840	0
OPT_USD	2018-12-13	0.005027	0.005303	0.005315	0.004994	0
OPT_USD	2018-12-12	0.005306	0.005141	0.005408	0.005124	0
OPT_USD	2018-12-11	0.005158	0.005286	0.005324	0.005094	0
OPT_USD	2018-12-10	0.005287	0.005463	0.005550	0.005214	0
OPT_USD	2018-12-09	0.005468	0.005259	0.005666	0.005204	0
OPT_USD	2018-12-08	0.005259	0.005190	0.005485	0.004975	0
OPT_USD	2018-12-07	0.005188	0.005296	0.005400	0.004925	0
OPT_USD	2018-12-06	0.005310	0.005656	0.005874	0.005274	0
OPT_USD	2018-12-05	0.005650	0.005981	0.005996	0.005627	0
OPT_USD	2018-12-04	0.005973	0.005848	0.006201	0.005714	0
OPT_USD	2018-12-03	0.005854	0.006259	0.006268	0.005760	0
OPT_USD	2018-12-02	0.006239	0.006364	0.006530	0.006191	0
OPT_USD	2018-12-01	0.006364	0.002019	0.006436	0.001990	0
OPT_USD	2018-11-30	0.002019	0.002162	0.002179	0.001983	0
OPT_USD	2018-11-29	0.002156	0.002153	0.002234	0.002091	0
OPT_USD	2018-11-28	0.002153	0.001942	0.002215	0.001942	0
OPT_USD	2018-11-27	0.001942	0.001928	0.001971	0.001857	0
OPT_USD	2018-11-26	0.001928	0.002045	0.002098	0.001858	0
OPT_USD	2018-11-25	0.002052	0.001965	0.002100	0.001831	0
OPT_USD	2018-11-24	0.001965	0.002211	0.002258	0.001917	0
OPT_USD	2018-11-23	0.002211	0.002184	0.002241	0.002126	0
OPT_USD	2018-11-22	0.002196	0.002333	0.002358	0.002196	0
OPT_USD	2018-11-21	0.002336	0.002300	0.002386	0.002215	0
OPT_USD	2018-11-20	0.002294	0.002469	0.002523	0.002159	0
OPT_USD	2018-11-19	0.002469	0.008489	0.008489	0.002446	0
OPT_USD	2018-11-18	0.008489	0.008440	0.008566	0.008431	0
OPT_USD	2018-11-17	0.008440	0.008491	0.008491	0.008360	0
OPT_USD	2018-11-16	0.008491	0.008627	0.008635	0.002806	0
OPT_USD	2018-11-15	0.008627	0.008884	0.008894	0.008162	0
OPT_USD	2018-11-14	0.008827	0.009688	0.009728	0.008557	0
OPT_USD	2018-11-13	0.009697	0.009670	0.009746	0.009605	0
OPT_USD	2018-11-12	0.009670	0.009674	0.009720	0.009628	0
OPT_USD	2018-11-11	0.009690	0.009647	0.009690	0.009546	0
OPT_USD	2018-11-10	0.009647	0.009630	0.009693	0.009622	0
OPT_USD	2018-11-09	0.009630	0.009719	0.009754	0.009590	0
OPT_USD	2018-11-08	0.009719	0.009859	0.009877	0.009715	0
OPT_USD	2018-11-07	0.009859	0.009773	0.009911	0.009768	0
OPT_USD	2018-11-06	0.009773	0.009705	0.009773	0.009672	0
OPT_USD	2018-11-05	0.009705	0.009728	0.009743	0.009659	0
OPT_USD	2018-11-04	0.009728	0.009582	0.009764	0.009540	0
OPT_USD	2018-11-03	0.009582	0.009640	0.009648	0.009498	0
OPT_USD	2018-11-02	0.009640	0.009600	0.009682	0.009587	0
OPT_USD	2018-11-01	0.009600	0.009553	0.009635	0.009530	0
OPT_USD	2018-10-31	0.009553	0.009495	0.009597	0.009376	0
OPT_USD	2018-10-30	0.009495	0.009516	0.009570	0.009470	0
OPT_USD	2018-10-29	0.009516	0.009735	0.009753	0.009481	0
OPT_USD	2018-10-28	0.009735	0.009750	0.009765	0.009684	0
OPT_USD	2018-10-27	0.009750	0.009797	0.009831	0.009722	0
OPT_USD	2018-10-26	0.009797	0.009792	0.009880	0.009772	0
OPT_USD	2018-10-25	0.009792	0.009831	0.009846	0.009762	0
OPT_USD	2018-10-24	0.009831	0.009825	0.009934	0.009815	0
OPT_USD	2018-10-23	0.009825	0.009851	0.009876	0.009799	0
OPT_USD	2018-10-22	0.009851	0.009886	0.009941	0.009824	0
OPT_USD	2018-10-21	0.009882	0.009880	0.009983	0.009875	0
OPT_USD	2018-10-20	0.009878	0.009791	0.009913	0.009767	0
OPT_USD	2018-10-19	0.009791	0.009920	0.009945	0.009780	0
OPT_USD	2018-10-18	0.009920	0.010104	0.010167	0.009852	0
OPT_USD	2018-10-17	0.010102	0.010131	0.010188	0.010022	0
OPT_USD	2018-10-16	0.010137	0.010113	0.010338	0.010020	0
OPT_USD	2018-10-15	0.010113	0.009503	0.011276	0.009450	0
OPT_USD	2018-10-14	0.009500	0.009490	0.009599	0.009478	0
OPT_USD	2018-10-13	0.009490	0.009440	0.009497	0.009433	0
OPT_USD	2018-10-12	0.009446	0.009378	0.009520	0.006308	0
OPT_USD	2018-10-11	0.009383	0.009945	0.009945	0.009345	0
OPT_USD	2018-10-10	0.009945	0.003332	0.009958	0.003314	0
OPT_USD	2018-10-09	0.009995	0.010010	0.010020	0.003328	0
OPT_USD	2018-10-08	0.010010	0.009901	0.010078	0.009879	0
OPT_USD	2018-10-07	0.009901	0.009888	0.009951	0.009803	0
OPT_USD	2018-10-06	0.009888	0.009967	0.009972	0.009846	0
OPT_USD	2018-10-05	0.009967	0.009870	0.009997	0.009822	0
OPT_USD	2018-10-04	0.009870	0.009760	0.009949	0.006557	0
OPT_USD	2018-10-03	0.009755	0.009794	0.009818	0.003240	0
OPT_USD	2018-10-02	0.009807	0.006603	0.009950	0.003286	0
OPT_USD	2018-10-01	0.006601	0.009928	0.009989	0.003298	0
OPT_USD	2018-09-30	0.009928	0.006605	0.009985	0.003283	0
OPT_USD	2018-09-29	0.006605	0.009953	0.009953	0.003274	0
OPT_USD	2018-09-28	0.009953	0.010043	0.010238	0.009818	0
OPT_USD	2018-09-27	0.010033	0.009694	0.010091	0.009662	0
OPT_USD	2018-09-26	0.009694	0.009665	0.009827	0.009579	0
OPT_USD	2018-09-25	0.009652	0.009878	0.009878	0.009527	0
OPT_USD	2018-09-24	0.009878	0.010065	0.010082	0.009833	0
OPT_USD	2018-09-23	0.010067	0.010085	0.010175	0.009999	0
OPT_USD	2018-09-22	0.010086	0.010144	0.010261	0.009965	0
OPT_USD	2018-09-21	0.010159	0.009751	0.010170	0.009744	0
OPT_USD	2018-09-20	0.009751	0.009590	0.009787	0.009536	0
OPT_USD	2018-09-19	0.009588	0.009514	0.009703	0.009171	0
OPT_USD	2018-09-18	0.009514	0.009382	0.009574	0.009345	0
OPT_USD	2018-09-17	0.009382	0.009748	0.009798	0.009319	0
OPT_USD	2018-09-16	0.009748	0.009772	0.009776	0.009570	0
OPT_USD	2018-09-15	0.009780	0.009720	0.009853	0.009710	0
OPT_USD	2018-09-14	0.009731	0.009713	0.009879	0.009560	0
OPT_USD	2018-09-13	0.009713	0.009505	0.009785	0.009501	0
OPT_USD	2018-09-12	0.009505	0.009438	0.009525	0.009305	0
OPT_USD	2018-09-11	0.009435	0.009462	0.009578	0.009270	0
OPT_USD	2018-09-10	0.009462	0.009367	0.009519	0.009362	0
OPT_USD	2018-09-09	0.009359	0.009278	0.009626	0.009234	0
OPT_USD	2018-09-08	0.009278	0.009606	0.009713	0.009210	0
OPT_USD	2018-09-07	0.009606	0.009774	0.009800	0.009488	0
OPT_USD	2018-09-06	0.009771	0.010056	0.010081	0.009467	0
OPT_USD	2018-09-05	0.010056	0.011038	0.011092	0.010050	0
OPT_USD	2018-09-04	0.011038	0.010899	0.011116	0.003676	0
OPT_USD	2018-09-03	0.010905	0.010936	0.011005	0.010800	0
OPT_USD	2018-09-02	0.010936	0.010796	0.011020	0.010706	0
OPT_USD	2018-09-01	0.010796	0.010540	0.010891	0.010531	0
OPT_USD	2018-08-31	0.010540	0.010479	0.010626	0.010343	0
OPT_USD	2018-08-30	0.010491	0.010557	0.010590	0.010210	0
OPT_USD	2018-08-29	0.010570	0.010620	0.010691	0.010392	0
OPT_USD	2018-08-28	0.010618	0.010366	0.010691	0.010308	0
OPT_USD	2018-08-27	0.010355	0.010048	0.010367	0.009989	0
OPT_USD	2018-08-26	0.010063	0.010099	0.010172	0.009872	0
OPT_USD	2018-08-25	0.010109	0.010044	0.010188	0.010005	0
OPT_USD	2018-08-24	0.010041	0.009798	0.010088	0.009694	0
OPT_USD	2018-08-23	0.009791	0.009542	0.009849	0.009526	0
OPT_USD	2018-08-22	0.009532	0.009723	0.010300	0.009379	0
OPT_USD	2018-08-21	0.009719	0.009378	0.009749	0.009375	0
OPT_USD	2018-08-20	0.009383	0.009725	0.009781	0.009345	0
OPT_USD	2018-08-19	0.009728	0.009587	0.009809	0.009464	0
OPT_USD	2018-08-18	0.009586	0.009875	0.009916	0.009457	0
OPT_USD	2018-08-17	0.009883	0.009458	0.009883	0.009439	0
OPT_USD	2018-08-16	0.009467	0.009395	0.009708	0.009339	0
OPT_USD	2018-08-15	0.009405	0.009283	0.009920	0.009273	0
OPT_USD	2018-08-14	0.009279	0.009366	0.009366	0.008829	0
OPT_USD	2018-08-13	0.009378	0.009465	0.009805	0.009240	0
OPT_USD	2018-08-12	0.009471	0.009344	0.009675	0.009262	0
OPT_USD	2018-08-11	0.009335	0.009220	0.009687	0.009015	0
OPT_USD	2018-08-10	0.009216	0.009817	0.009860	0.009027	0
OPT_USD	2018-08-09	0.009793	0.009417	0.009932	0.009284	0
OPT_USD	2018-08-08	0.009417	0.010071	0.010071	0.009199	0
OPT_USD	2018-08-07	0.010077	0.010416	0.010725	0.010022	0
OPT_USD	2018-08-06	0.010407	0.010536	0.010718	0.010277	0
OPT_USD	2018-08-05	0.010549	0.010520	0.010634	0.010336	0
OPT_USD	2018-08-04	0.010509	0.011130	0.011233	0.010395	0
OPT_USD	2018-08-03	0.011124	0.011291	0.011297	0.010925	0
OPT_USD	2018-08-02	0.011303	0.011410	0.011550	0.011192	0
OPT_USD	2018-08-01	0.011415	0.011615	0.011632	0.011167	0
OPT_USD	2018-07-31	0.011618	0.012264	0.012264	0.011505	0
OPT_USD	2018-07-30	0.012257	0.012333	0.012414	0.011798	0
OPT_USD	2018-07-29	0.012333	0.020614	0.020614	0.012264	0
OPT_USD	2018-07-28	0.020614	0.020614	0.020614	0.020614	0
OPT_USD	2018-07-27	0.020614	0.020614	0.020614	0.020614	0
OPT_USD	2018-07-26	0.020614	0.020463	0.020762	0.016492	0
OPT_USD	2018-07-25	0.020444	0.020932	0.021214	0.012394	0
OPT_USD	2018-07-24	0.021032	0.019297	0.021181	0.019232	0
OPT_USD	2018-07-23	0.019284	0.018490	0.019451	0.018435	0
OPT_USD	2018-07-22	0.018504	0.018508	0.026134	0.018367	0
OPT_USD	2018-07-21	0.018508	0.018333	0.018616	0.018053	0
OPT_USD	2018-07-20	0.018331	0.018684	0.019202	0.018200	0
OPT_USD	2018-07-19	0.018684	0.018446	0.018890	0.018214	0
OPT_USD	2018-07-18	0.018415	0.018302	0.018950	0.014651	0
OPT_USD	2018-07-17	0.018300	0.016780	0.018657	0.016669	0
OPT_USD	2018-07-16	0.016841	0.015868	0.016870	0.015830	0
OPT_USD	2018-07-15	0.015867	0.015625	0.015971	0.015583	0
OPT_USD	2018-07-14	0.015625	0.009329	0.015757	0.009270	0
OPT_USD	2018-07-13	0.009330	0.009353	0.009493	0.009217	0
OPT_USD	2018-07-12	0.009347	0.009560	0.009560	0.009122	0
OPT_USD	2018-07-11	0.009567	0.015758	0.015987	0.009437	0
OPT_USD	2018-07-10	0.015752	0.016645	0.016700	0.015700	0
OPT_USD	2018-07-09	0.016650	0.016760	0.016989	0.016591	0
OPT_USD	2018-07-08	0.016770	0.016904	0.016977	0.016704	0
OPT_USD	2018-07-07	0.016904	0.016505	0.017065	0.016280	0
OPT_USD	2018-07-06	0.016503	0.016328	0.016575	0.016132	0
OPT_USD	2018-07-05	0.016351	0.016475	0.016743	0.016151	0
OPT_USD	2018-07-04	0.016475	0.016283	0.016770	0.016045	0
OPT_USD	2018-07-03	0.016250	0.016547	0.016674	0.000218	0
OPT_USD	2018-07-02	0.016544	0.015873	0.016686	0.000000	0
OPT_USD	2018-07-01	0.015874	0.015979	0.016079	0.015676	0
OPT_USD	2018-06-30	0.015979	0.015520	0.016291	0.015508	0
OPT_USD	2018-06-29	0.015520	0.014623	0.015683	0.014500	0
OPT_USD	2018-06-28	0.014647	0.015334	0.015412	0.014575	0
OPT_USD	2018-06-27	0.015333	0.015165	0.015448	0.014972	0
OPT_USD	2018-06-26	0.015213	0.015627	0.015684	0.015132	0
OPT_USD	2018-06-25	0.015616	0.015365	0.015788	0.015205	0
OPT_USD	2018-06-24	0.015370	0.015400	0.015597	0.014435	0
OPT_USD	2018-06-23	0.015380	0.015106	0.015622	0.015039	0
OPT_USD	2018-06-22	0.015106	0.016785	0.016826	0.014841	0
OPT_USD	2018-06-21	0.016784	0.016900	0.016965	0.016727	0
OPT_USD	2018-06-20	0.016901	0.016831	0.017028	0.016402	0
OPT_USD	2018-06-19	0.016850	0.016779	0.017069	0.016674	0
OPT_USD	2018-06-18	0.016773	0.022551	0.023751	0.016748	0
OPT_USD	2018-06-17	0.022532	0.022705	0.022995	0.019411	0
OPT_USD	2018-06-16	0.022700	0.022347	0.022923	0.015833	0
OPT_USD	2018-06-15	0.022337	0.023246	0.023246	0.016202	0
OPT_USD	2018-06-14	0.023202	0.022033	0.023442	0.021954	0
OPT_USD	2018-06-13	0.022020	0.022904	0.023119	0.021447	0
OPT_USD	2018-06-12	0.022898	0.024046	0.024046	0.022544	0
OPT_USD	2018-06-11	0.024058	0.023652	0.024139	0.023235	0
OPT_USD	2018-06-10	0.023625	0.026245	0.026245	0.023245	0
OPT_USD	2018-06-09	0.026238	0.026653	0.026897	0.026150	0
OPT_USD	2018-06-08	0.026653	0.026900	0.026938	0.026404	0
OPT_USD	2018-06-07	0.026911	0.026789	0.027146	0.026760	0
OPT_USD	2018-06-06	0.026787	0.019070	0.026934	0.018738	0
OPT_USD	2018-06-05	0.019054	0.033701	0.033774	0.018553	0
OPT_USD	2018-06-04	0.033725	0.027037	0.033918	0.026102	0
OPT_USD	2018-06-03	0.027013	0.026713	0.027215	0.026601	0
OPT_USD	2018-06-02	0.026733	0.026345	0.026912	0.026090	0
OPT_USD	2018-06-01	0.026324	0.026200	0.026599	0.025729	0
OPT_USD	2018-05-31	0.026203	0.025813	0.026599	0.025683	0
OPT_USD	2018-05-30	0.025813	0.026128	0.026451	0.025482	0
OPT_USD	2018-05-29	0.026098	0.031969	0.033610	0.025900	0
OPT_USD	2018-05-28	0.031949	0.033028	0.033436	0.031813	0
OPT_USD	2018-05-27	0.033028	0.032981	0.033244	0.032500	0
OPT_USD	2018-05-26	0.032974	0.033555	0.034265	0.032798	0
OPT_USD	2018-05-25	0.033561	0.034092	0.034413	0.032994	0
OPT_USD	2018-05-24	0.034078	0.033765	0.041865	0.032690	0
OPT_USD	2018-05-23	0.033791	0.035897	0.043617	0.033579	0
OPT_USD	2018-05-22	0.035910	0.037775	0.037822	0.035773	0
OPT_USD	2018-05-21	0.037779	0.038352	0.038594	0.037430	0
OPT_USD	2018-05-20	0.038354	0.037039	0.038623	0.036772	0
OPT_USD	2018-05-19	0.037080	0.037075	0.037764	0.036646	0
OPT_USD	2018-05-18	0.037075	0.036250	0.037235	0.035675	0
OPT_USD	2018-05-17	0.036297	0.037568	0.038088	0.035980	0
OPT_USD	2018-05-16	0.037535	0.038097	0.038197	0.036467	0
OPT_USD	2018-05-15	0.038097	0.038999	0.039719	0.037915	0
OPT_USD	2018-05-14	0.039002	0.047761	0.047818	0.037250	0
OPT_USD	2018-05-13	0.047760	0.038082	0.048141	0.037832	0
OPT_USD	2018-05-12	0.038034	0.037856	0.038822	0.036928	0
OPT_USD	2018-05-11	0.037766	0.040548	0.040548	0.037554	0
OPT_USD	2018-05-10	0.040584	0.041938	0.042255	0.040514	0
OPT_USD	2018-05-09	0.041932	0.041330	0.042169	0.040409	0
OPT_USD	2018-05-08	0.041356	0.042091	0.042614	0.000005	0
OPT_USD	2018-05-07	0.042170	0.043466	0.043541	0.041398	0
OPT_USD	2018-05-06	0.043478	0.044374	0.044839	0.042545	0
OPT_USD	2018-05-05	0.044326	0.043664	0.044937	0.043588	0
OPT_USD	2018-05-04	0.043749	0.043945	0.044152	0.043029	0
OPT_USD	2018-05-03	0.043950	0.041559	0.044265	0.041277	0
OPT_USD	2018-05-02	0.041490	0.040798	0.041713	0.040409	0
OPT_USD	2018-05-01	0.040835	0.050799	0.050813	0.040835	0
OPT_USD	2018-04-30	0.050818	0.051750	0.051975	0.050137	0
OPT_USD	2018-04-29	0.051701	0.051373	0.052581	0.050514	0
OPT_USD	2018-04-28	0.051387	0.049059	0.051887	0.048798	0
OPT_USD	2018-04-27	0.049112	0.051125	0.051595	0.048972	0
OPT_USD	2018-04-26	0.051035	0.048815	0.051191	0.047656	0
OPT_USD	2018-04-25	0.048746	0.053079	0.053653	0.048313	0
OPT_USD	2018-04-24	0.053228	0.049169	0.053559	0.049116	0
OPT_USD	2018-04-23	0.049142	0.048352	0.049532	0.039753	0
OPT_USD	2018-04-22	0.048318	0.053519	0.058670	0.039767	0
OPT_USD	2018-04-21	0.049028	0.048776	0.049661	0.047406	0
OPT_USD	2018-04-20	0.048729	0.045507	0.049116	0.045238	0
OPT_USD	2018-04-19	0.045575	0.036780	0.045632	0.036493	0
OPT_USD	2018-04-18	0.036699	0.043389	0.043731	0.035469	0
OPT_USD	2018-04-17	0.043369	0.036252	0.044909	0.035325	0
OPT_USD	2018-04-16	0.036206	0.037622	0.037821	0.027723	0
OPT_USD	2018-04-15	0.037638	0.028011	0.037638	0.028011	0
OPT_USD	2018-04-14	0.028000	0.035464	0.036816	0.027516	0
OPT_USD	2018-04-13	0.035419	0.027692	0.036798	0.027153	0
OPT_USD	2018-04-12	0.027732	0.031239	0.035517	0.023941	0
OPT_USD	2018-04-11	0.031274	0.030776	0.031376	0.030579	0
OPT_USD	2018-04-10	0.030780	0.030426	0.031005	0.029938	0
OPT_USD	2018-04-09	0.030418	0.024584	0.030494	0.023145	0
OPT_USD	2018-04-08	0.024551	0.024125	0.024874	0.024093	0
OPT_USD	2018-04-07	0.024115	0.023142	0.024721	0.023099	0
OPT_USD	2018-04-06	0.023116	0.023706	0.023955	0.022779	0
OPT_USD	2018-04-05	0.023711	0.023747	0.024175	0.023002	0
OPT_USD	2018-04-04	0.023748	0.025912	0.025959	0.023436	0
OPT_USD	2018-04-03	0.025939	0.024684	0.026278	0.024570	0
OPT_USD	2018-04-02	0.024676	0.023853	0.031524	0.023711	0
OPT_USD	2018-04-01	0.023835	0.024238	0.031555	0.022523	0
OPT_USD	2018-03-31	0.024232	0.023941	0.025276	0.023776	0
OPT_USD	2018-03-30	0.023976	0.024824	0.025403	0.023025	0
OPT_USD	2018-03-29	0.024781	0.027800	0.027866	0.024128	0
OPT_USD	2018-03-28	0.027754	0.027218	0.028365	0.027054	0
OPT_USD	2018-03-27	0.027195	0.020312	0.028097	0.019353	0
OPT_USD	2018-03-26	0.020397	0.021108	0.021231	0.019622	0
OPT_USD	2018-03-25	0.021101	0.021313	0.021643	0.020935	0
OPT_USD	2018-03-24	0.021242	0.031189	0.031399	0.021242	0
OPT_USD	2018-03-23	0.031161	0.021792	0.031161	0.020683	0
OPT_USD	2018-03-22	0.021698	0.022250	0.022715	0.021197	0
OPT_USD	2018-03-21	0.022252	0.022260	0.032081	0.021999	0
OPT_USD	2018-03-20	0.022250	0.021500	0.030146	0.020787	0
OPT_USD	2018-03-19	0.021557	0.020524	0.021747	0.020281	0
OPT_USD	2018-03-18	0.020519	0.019632	0.020663	0.018308	0
OPT_USD	2018-03-17	0.019685	0.028878	0.029089	0.019375	0
OPT_USD	2018-03-16	0.029022	0.028914	0.030066	0.027664	0
OPT_USD	2018-03-15	0.028878	0.028616	0.029414	0.026880	0
OPT_USD	2018-03-14	0.028700	0.031990	0.032735	0.027732	0
OPT_USD	2018-03-13	0.031972	0.031934	0.033160	0.030962	0
OPT_USD	2018-03-12	0.031894	0.033343	0.034623	0.030810	0
OPT_USD	2018-03-11	0.033279	0.030678	0.033994	0.029503	0
OPT_USD	2018-03-10	0.030659	0.032258	0.033245	0.027632	0
OPT_USD	2018-03-09	0.032270	0.023249	0.032680	0.020877	0
