OTN_USD	2019-04-09	0.04236	0.04236	0.04236	0.04236	0
OTN_USD	2019-04-08	0.04236	0.04750	0.04750	0.04236	524
OTN_USD	2019-04-07	0.04750	0.02908	0.04750	0.02908	442
OTN_USD	2019-04-06	0.02908	0.02908	0.02908	0.02567	16122
OTN_USD	2019-04-05	0.02908	0.03699	0.03699	0.01500	10520
OTN_USD	2019-04-04	0.03699	0.04783	0.04783	0.03040	2501
OTN_USD	2019-04-03	0.04783	0.03943	0.04783	0.03034	2416
OTN_USD	2019-04-02	0.03943	0.03854	0.03943	0.03003	1529
OTN_USD	2019-04-01	0.03854	0.03861	0.03861	0.03827	43
OTN_USD	2019-03-31	0.03861	0.03729	0.03861	0.03326	284
OTN_USD	2019-03-30	0.03821	0.03821	0.03821	0.03821	0
OTN_USD	2019-03-29	0.03821	0.03876	0.03876	0.03332	259
OTN_USD	2019-03-28	0.03876	0.03283	0.03876	0.03283	516
OTN_USD	2019-03-27	0.03283	0.03283	0.03283	0.03283	0
OTN_USD	2019-03-26	0.03283	0.04098	0.04098	0.03283	634
OTN_USD	2019-03-25	0.04098	0.04098	0.04098	0.04098	0
OTN_USD	2019-03-24	0.03675	0.03675	0.03675	0.03675	0
OTN_USD	2019-03-23	0.03675	0.04286	0.04286	0.03025	1579
OTN_USD	2019-03-22	0.04286	0.03139	0.04286	0.03139	1121
OTN_USD	2019-03-21	0.03139	0.04000	0.04285	0.01006	13751
OTN_USD	2019-03-20	0.04000	0.04514	0.06483	0.04000	321
OTN_USD	2019-03-19	0.04514	0.04627	0.07000	0.04465	3208
OTN_USD	2019-03-18	0.04627	0.10000	0.10000	0.02000	4474
OTN_USD	2019-03-17	0.10000	0.09999	0.10000	0.09999	182
OTN_USD	2019-03-16	0.09999	0.08254	0.09999	0.08254	255
OTN_USD	2019-03-15	0.08200	0.08200	0.08200	0.08200	0
OTN_USD	2019-03-14	0.08200	0.08000	0.08200	0.08000	53
OTN_USD	2019-03-13	0.08000	0.11195	0.11195	0.08000	50
OTN_USD	2019-03-12	0.11195	0.11574	0.11575	0.11195	50
OTN_USD	2019-03-11	0.11574	0.14798	0.14798	0.11574	192
OTN_USD	2019-03-10	0.14798	0.14887	0.14887	0.14798	167
OTN_USD	2019-03-09	0.14887	0.11470	0.14896	0.11470	73
OTN_USD	2019-03-08	0.11470	0.14893	0.14893	0.11354	172
OTN_USD	2019-03-07	0.14893	0.07974	0.14999	0.07974	118
OTN_USD	2019-03-02	0.07400	0.07400	0.07400	0.07400	0
OTN_USD	2019-03-01	0.07400	0.07404	0.07404	0.07400	2517
OTN_USD	2019-02-28	0.07404	0.04552	0.10694	0.04552	2805
OTN_USD	2019-02-27	0.04552	0.04552	0.04552	0.04552	0
OTN_USD	2019-02-26	0.04552	0.06899	0.06899	0.02300	809
OTN_USD	2019-02-25	0.06899	0.06899	0.06899	0.06899	0
OTN_USD	2019-02-23	0.06899	0.06899	0.06899	0.06899	0
OTN_USD	2019-02-22	0.06899	0.06899	0.06899	0.06899	0
OTN_USD	2019-02-12	0.06899	0.06899	0.06899	0.06899	0
OTN_USD	2019-02-11	0.06899	0.06899	0.06899	0.06899	0
OTN_USD	2019-02-10	0.06899	0.06899	0.06899	0.06899	0
OTN_USD	2019-02-09	0.06899	0.06899	0.06899	0.06899	0
OTN_USD	2019-02-08	0.06899	0.04600	0.06899	0.04600	150
OTN_USD	2019-02-07	0.04600	0.04567	0.04600	0.02102	1740
OTN_USD	2019-02-06	0.04567	0.03796	0.04599	0.03796	144
OTN_USD	2019-02-05	0.03796	0.03796	0.03796	0.03796	0
OTN_USD	2019-02-04	0.03796	0.04581	0.04581	0.03725	706
OTN_USD	2019-02-03	0.04581	0.03617	0.04581	0.03617	50
OTN_USD	2019-02-02	0.03617	0.03603	0.03617	0.03603	146
OTN_USD	2019-02-01	0.03603	0.02956	0.03603	0.02956	351
OTN_USD	2019-01-31	0.02956	0.02537	0.02956	0.02145	86
OTN_USD	2019-01-30	0.02537	0.03098	0.03098	0.02537	459
OTN_USD	2019-01-29	0.03098	0.03695	0.03695	0.03098	419
OTN_USD	2019-01-28	0.03695	0.03695	0.03695	0.03695	0
OTN_USD	2019-01-27	0.03322	0.03322	0.03322	0.03322	0
OTN_USD	2019-01-26	0.03322	0.03213	0.03322	0.03213	120
OTN_USD	2019-01-25	0.03213	0.03213	0.03213	0.03213	0
OTN_USD	2019-01-24	0.03213	0.03213	0.03213	0.03213	0
OTN_USD	2019-01-23	0.03213	0.03213	0.03213	0.03213	0
OTN_USD	2019-01-22	0.03213	0.03375	0.03375	0.03213	967
OTN_USD	2019-01-21	0.03375	0.04599	0.04599	0.03375	3483
OTN_USD	2019-01-20	0.04599	0.02550	0.04599	0.02550	784
OTN_USD	2019-01-19	0.02550	0.02550	0.02550	0.02550	0
OTN_USD	2019-01-18	0.02550	0.04479	0.04479	0.02550	382
OTN_USD	2019-01-17	0.04479	0.04030	0.04599	0.04030	75
OTN_USD	2019-01-16	0.04030	0.04030	0.04030	0.04030	0
OTN_USD	2019-01-15	0.04030	0.03750	0.05498	0.03191	5083
OTN_USD	2019-01-14	0.03750	0.05070	0.05070	0.03750	1195
OTN_USD	2019-01-13	0.05070	0.06246	0.06246	0.05070	139
OTN_USD	2019-01-12	0.06246	0.05233	0.06246	0.05233	114
OTN_USD	2019-01-11	0.05233	0.06998	0.06998	0.05233	94
OTN_USD	2019-01-10	0.06998	0.06998	0.06998	0.06998	0
OTN_USD	2019-01-09	0.06998	0.06988	0.06998	0.06988	33
OTN_USD	2019-01-08	0.06988	0.07064	0.07064	0.06988	21
OTN_USD	2019-01-07	0.07064	0.06100	0.07064	0.06100	252
OTN_USD	2019-01-06	0.06100	0.06400	0.06400	0.06100	246
OTN_USD	2019-01-05	0.06400	0.06400	0.06999	0.06400	471
OTN_USD	2019-01-04	0.06400	0.06700	0.06700	0.06400	169
OTN_USD	2019-01-03	0.06700	0.07400	0.07400	0.06700	68
OTN_USD	2019-01-02	0.07400	0.07400	0.07400	0.07400	0
OTN_USD	2019-01-01	0.07400	0.07400	0.07400	0.07400	0
OTN_USD	2018-12-31	0.07400	0.08415	0.08415	0.07400	108
OTN_USD	2018-12-30	0.08415	0.08415	0.08415	0.08415	0
OTN_USD	2018-12-29	0.08415	0.06004	0.08415	0.06004	120
OTN_USD	2018-12-28	0.06004	0.06004	0.06004	0.06004	0
OTN_USD	2018-12-27	0.06004	0.06004	0.06004	0.06004	0
OTN_USD	2018-12-26	0.06004	0.06004	0.06004	0.06004	0
OTN_USD	2018-12-25	0.06004	0.06004	0.06004	0.06004	0
OTN_USD	2018-12-24	0.06004	0.08385	0.08385	0.06004	926
OTN_USD	2018-12-23	0.08385	0.08385	0.08385	0.08385	0
OTN_USD	2018-12-22	0.08385	0.08385	0.08385	0.08385	0
OTN_USD	2018-12-20	0.08385	0.08385	0.08385	0.08385	0
OTN_USD	2018-12-19	0.08385	0.11002	0.11002	0.08148	491
OTN_USD	2018-12-18	0.11002	0.07737	0.11002	0.07737	543
OTN_USD	2018-12-17	0.07737	0.08128	0.08369	0.06797	1478
OTN_USD	2018-12-16	0.08128	0.05475	0.09240	0.05475	103
OTN_USD	2018-12-15	0.05475	0.05475	0.05475	0.05475	0
OTN_USD	2018-12-14	0.05475	0.06368	0.07389	0.05325	2811
OTN_USD	2018-12-13	0.06368	0.07451	0.07557	0.06368	352
OTN_USD	2018-12-12	0.07451	0.10294	0.10294	0.07451	2201
OTN_USD	2018-12-11	0.10294	0.11022	0.11022	0.09144	3665
OTN_USD	2018-12-10	0.11022	0.16099	0.17009	0.07225	1488
OTN_USD	2018-12-09	0.16099	0.16099	0.16099	0.16099	0
OTN_USD	2018-12-08	0.16099	0.16000	0.16099	0.16000	7
OTN_USD	2018-12-07	0.16000	0.18899	0.18899	0.16000	228
OTN_USD	2018-12-06	0.18899	0.18898	0.18899	0.18898	129
OTN_USD	2018-12-05	0.15005	0.15000	0.15005	0.15000	442
OTN_USD	2018-12-04	0.15000	0.16123	0.16123	0.15000	472
OTN_USD	2018-12-03	0.16123	0.16250	0.16250	0.16123	29
OTN_USD	2018-12-02	0.16250	0.16250	0.16250	0.16250	0
OTN_USD	2018-11-30	0.16250	0.16250	0.16250	0.16250	0
OTN_USD	2018-11-29	0.16250	0.16250	0.16250	0.16250	0
OTN_USD	2018-11-28	0.16250	0.16250	0.16250	0.16250	0
OTN_USD	2018-11-27	0.16250	0.16250	0.16250	0.16250	0
OTN_USD	2018-11-25	0.25000	0.25000	0.25000	0.25000	0
OTN_USD	2018-11-24	0.25000	0.25000	0.25000	0.25000	0
OTN_USD	2018-11-23	0.25000	0.25000	0.25000	0.25000	0
OTN_USD	2018-11-22	0.25000	0.30000	0.30000	0.25000	35
OTN_USD	2018-11-21	0.30000	0.30153	0.30153	0.30000	11
OTN_USD	2018-11-20	0.30153	0.30153	0.30153	0.30153	0
OTN_USD	2018-11-19	0.30153	0.32303	0.38117	0.30153	106
OTN_USD	2018-11-18	0.32303	0.32303	0.32303	0.32303	0
OTN_USD	2018-11-17	0.32303	0.30851	0.35739	0.30851	35
OTN_USD	2018-11-16	0.30851	0.37009	0.37009	0.30851	88
OTN_USD	2018-11-15	0.37009	0.59998	0.59998	0.37009	53
OTN_USD	2018-11-14	0.59998	0.38102	0.61600	0.38102	58
OTN_USD	2018-11-13	0.38102	0.43000	0.43000	0.38102	154
OTN_USD	2018-11-12	0.43000	0.43003	0.43003	0.43000	2
OTN_USD	2018-11-10	0.43003	0.43003	0.43003	0.43003	0
OTN_USD	2018-11-09	0.43003	0.55000	0.55000	0.43003	12
OTN_USD	2018-11-03	0.55000	0.55000	0.55000	0.55000	0
OTN_USD	2018-11-02	0.55000	0.55000	0.55000	0.55000	0
OTN_USD	2018-11-01	0.99800	0.99800	0.99800	0.99800	0
OTN_USD	2018-10-31	0.99800	0.60386	0.99800	0.45810	1156
OTN_USD	2018-10-30	0.60386	0.41001	0.60386	0.41001	72
OTN_USD	2018-10-28	0.58236	0.58236	0.58236	0.58236	0
OTN_USD	2018-10-27	0.58236	0.58236	0.58236	0.58236	0
OTN_USD	2018-10-26	0.44899	0.44899	0.44899	0.44899	0
OTN_USD	2018-10-25	0.44899	0.39598	0.44899	0.39598	28
OTN_USD	2018-10-24	0.39598	0.41001	0.41001	0.39598	180
OTN_USD	2018-10-23	0.41001	0.41001	0.41011	0.41001	134
OTN_USD	2018-10-22	0.41001	0.41001	0.41001	0.41001	0
OTN_USD	2018-10-19	1.08640	1.08640	1.08640	1.08640	0
OTN_USD	2018-10-18	1.08640	0.51744	1.08640	0.43000	14
OTN_USD	2018-10-17	0.51744	0.51744	0.51744	0.51744	0
OTN_USD	2018-10-16	0.55703	0.55703	0.55703	0.55703	0
OTN_USD	2018-10-15	0.55703	0.55703	0.55703	0.55703	0
OTN_USD	2018-10-12	0.69043	0.69043	0.69043	0.69043	0
OTN_USD	2018-10-11	0.69043	0.69222	1.08640	0.68573	35
OTN_USD	2018-10-10	0.72542	0.72542	0.72542	0.72542	0
OTN_USD	2018-10-09	0.72542	0.72542	0.72542	0.72542	0
OTN_USD	2018-10-08	1.00000	1.00000	1.00000	1.00000	0
OTN_USD	2018-10-07	1.00000	0.70000	1.00000	0.70000	165
OTN_USD	2018-10-06	0.70000	0.70000	0.70000	0.70000	0
OTN_USD	2018-10-05	0.88083	0.88083	0.88083	0.88083	0
OTN_USD	2018-10-04	0.88083	1.13000	1.30000	0.71000	419
OTN_USD	2018-10-03	1.13000	1.13030	1.27870	1.06335	76
OTN_USD	2018-10-02	1.13030	1.13030	1.13030	1.13030	0
OTN_USD	2018-10-01	1.13030	1.15001	1.32472	1.13030	227
OTN_USD	2018-09-30	1.15001	1.25000	1.25000	1.15001	255
OTN_USD	2018-09-29	1.25000	1.21770	1.25000	1.21770	10
OTN_USD	2018-09-28	1.21770	1.40000	1.40000	1.21770	10
OTN_USD	2018-09-27	1.40000	1.45306	1.50000	1.25000	1152
OTN_USD	2018-09-26	1.45306	1.00301	1.45306	1.00301	639
OTN_USD	2018-09-25	1.20000	1.20000	1.20000	1.20000	0
OTN_USD	2018-09-24	1.20000	1.00001	1.25770	1.00001	159
OTN_USD	2018-09-22	1.26294	1.26294	1.26294	1.26294	0
OTN_USD	2018-09-21	1.26294	1.08640	1.26294	1.08640	4
OTN_USD	2018-09-20	1.08640	0.93761	1.08640	0.93761	49
OTN_USD	2018-09-19	0.93761	1.13000	1.22569	0.93761	339
OTN_USD	2018-09-18	1.13000	1.15789	1.15789	1.13000	90
OTN_USD	2018-09-17	1.15789	1.26560	1.26560	1.15789	4
OTN_USD	2018-09-16	1.26560	1.23000	1.26560	1.00000	12
OTN_USD	2018-09-15	1.38000	1.38000	1.38000	1.38000	0
OTN_USD	2018-09-14	1.38000	1.38000	1.38028	1.38000	2
OTN_USD	2018-09-13	1.38000	1.38000	1.38000	1.38000	0
OTN_USD	2018-09-12	1.45000	1.45000	1.45000	1.45000	0
OTN_USD	2018-09-11	1.45000	1.36000	1.45000	1.36000	84
OTN_USD	2018-09-10	1.36000	1.44068	1.45000	1.36000	29
OTN_USD	2018-09-09	1.44068	1.24685	1.44068	1.24685	62
OTN_USD	2018-09-08	1.24685	1.29559	1.29559	1.20000	312
OTN_USD	2018-09-07	1.29559	1.23542	1.29559	1.23542	117
OTN_USD	2018-09-06	1.23542	1.30000	1.30000	1.13000	104
OTN_USD	2018-09-05	1.30000	1.23899	1.30000	1.20010	118
OTN_USD	2018-09-04	1.23899	1.22310	1.59607	1.21196	92
OTN_USD	2018-09-03	1.22310	1.46000	1.47607	1.22310	57
OTN_USD	2018-09-02	1.56947	1.56947	1.56947	1.56947	0
OTN_USD	2018-09-01	1.56947	1.46000	1.79533	1.46000	305
OTN_USD	2018-08-31	1.46000	1.50000	2.18900	1.46000	702
OTN_USD	2018-08-30	1.50000	1.91083	1.91083	1.50000	1
OTN_USD	2018-08-29	1.91083	2.00000	2.88000	1.50000	978
OTN_USD	2018-08-28	2.00000	1.30001	2.00000	1.30001	315
OTN_USD	2018-08-27	1.30001	1.44886	2.00000	1.30001	196
OTN_USD	2018-08-26	1.23469	1.23469	1.23469	1.23469	0
OTN_USD	2018-08-25	1.23469	1.26560	1.41900	1.23469	37
OTN_USD	2018-08-24	1.06769	1.06769	1.06769	1.06769	0
OTN_USD	2018-08-23	1.06769	1.20000	1.20000	1.00000	20
OTN_USD	2018-08-22	1.14730	1.14730	1.14730	1.14730	0
OTN_USD	2018-08-21	1.14730	1.41900	1.41900	1.13000	6
OTN_USD	2018-08-20	1.41900	1.00009	1.41900	1.00009	113
OTN_USD	2018-08-19	1.04748	1.04748	1.04748	1.04748	0
OTN_USD	2018-08-18	1.04748	1.15000	1.15000	1.04748	84
OTN_USD	2018-08-17	1.15000	1.00000	1.15000	1.00000	64
OTN_USD	2018-08-16	1.04974	1.04974	1.04974	1.04974	0
OTN_USD	2018-08-15	1.04974	1.08640	1.41899	1.00008	298
OTN_USD	2018-08-14	1.08640	1.21100	1.21100	0.97000	25
OTN_USD	2018-08-12	0.99233	0.99233	0.99233	0.99233	0
OTN_USD	2018-08-11	0.99233	1.16000	1.16000	0.99233	5
OTN_USD	2018-08-10	1.16000	1.10000	1.16000	1.10000	1
OTN_USD	2018-08-09	1.10000	1.13000	1.13000	1.10000	2
OTN_USD	2018-08-08	1.13000	1.26973	1.26973	1.13000	161
OTN_USD	2018-08-07	1.26973	1.00000	1.41900	1.00000	340
OTN_USD	2018-08-06	1.00000	1.00000	1.16000	1.00000	281
OTN_USD	2018-08-05	1.00000	1.06160	1.06160	1.00000	6
OTN_USD	2018-08-04	1.06160	1.06161	1.06161	1.06160	4
OTN_USD	2018-08-03	1.42700	1.42700	1.42700	1.42700	0
OTN_USD	2018-08-02	1.42700	1.46087	1.46087	1.00000	236
OTN_USD	2018-08-01	1.46087	1.31700	1.46087	1.27849	50
OTN_USD	2018-07-30	1.31914	1.31914	1.31914	1.31914	0
OTN_USD	2018-07-29	1.31914	1.32100	1.32100	1.31914	5
OTN_USD	2018-07-28	1.32100	1.46000	1.46000	1.32100	41
OTN_USD	2018-07-25	1.46000	1.46000	1.46000	1.46000	0
OTN_USD	2018-07-24	1.46000	1.60299	1.60299	1.46000	13
OTN_USD	2018-07-23	1.57980	1.57980	1.57980	1.57980	0
OTN_USD	2018-07-22	1.57980	1.57980	1.57980	1.57980	0
OTN_USD	2018-07-19	1.24143	1.24143	1.24143	1.24143	0
OTN_USD	2018-07-18	1.24143	1.39000	1.39000	1.24143	341
OTN_USD	2018-07-17	1.39000	1.71069	1.71069	1.39000	108
OTN_USD	2018-07-16	1.71069	1.21000	1.71069	1.11000	10
OTN_USD	2018-07-11	1.26013	1.26013	1.26013	1.26013	0
OTN_USD	2018-07-10	1.26013	1.51539	1.52750	1.26013	14
OTN_USD	2018-07-09	1.51539	1.50523	1.51539	1.50523	13
OTN_USD	2018-07-08	1.50523	1.50523	1.50523	1.50523	0
OTN_USD	2018-07-06	1.52594	1.52594	1.52594	1.52594	0
OTN_USD	2018-07-05	1.52594	1.46030	1.52594	1.46030	28
OTN_USD	2018-07-04	1.46030	1.23915	1.46030	1.23915	5
OTN_USD	2018-07-03	1.23915	1.20489	1.46044	1.20489	74
OTN_USD	2018-07-02	1.20489	1.51012	1.70000	1.20000	413
OTN_USD	2018-07-01	1.51012	1.51000	6.70000	1.21000	1286
OTN_USD	2018-06-30	1.70000	1.40382	2.00000	1.21001	2220
OTN_USD	2018-06-29	1.40760	1.33249	1.40760	1.33249	54
OTN_USD	2018-06-28	1.33249	0.00000	1.50000	0.00000	176
OTN_USD	2018-06-27	0.00000	1.40001	1.40001	0.00000	0
OTN_USD	2018-06-26	1.40001	1.40001	1.40001	1.40001	0
OTN_USD	2018-06-25	1.30000	1.30000	1.30000	1.30000	0
OTN_USD	2018-06-24	1.60000	1.75000	1.75000	0.00000	5
OTN_USD	2018-06-23	1.75000	1.62523	1.75000	1.62523	125
OTN_USD	2018-06-22	2.13990	1.60000	2.13990	1.60000	169
OTN_USD	2018-06-21	1.60000	2.00000	2.13990	1.60000	101
OTN_USD	2018-06-20	1.79942	1.57938	1.79942	1.57938	237
OTN_USD	2018-06-19	1.30100	1.35083	1.58833	1.30100	218
OTN_USD	2018-06-18	1.30102	1.60000	1.60000	1.30102	115
OTN_USD	2018-06-17	1.60000	0.00000	1.60000	0.00000	5
OTN_USD	2018-06-16	1.80000	1.80000	1.80000	1.80000	0
OTN_USD	2018-06-15	1.60003	2.19000	2.19000	0.00000	2
OTN_USD	2018-06-14	2.19000	2.19000	2.19000	2.19000	0
OTN_USD	2018-06-13	0.00000	0.00000	0.00000	0.00000	0
OTN_USD	2018-06-12	0.00000	1.85000	1.85000	0.00000	0
OTN_USD	2018-06-11	1.85000	1.78399	1.85000	1.78399	41
OTN_USD	2018-06-10	1.78399	1.85547	2.38000	1.78399	37
OTN_USD	2018-06-09	0.00000	1.80000	1.80000	0.00000	0
OTN_USD	2018-06-08	1.80000	1.88000	1.88000	0.00000	74
OTN_USD	2018-06-07	1.88000	1.90000	1.90000	1.70000	27
OTN_USD	2018-06-06	1.90000	1.92000	1.92000	0.00000	30
OTN_USD	2018-06-05	0.00000	0.00000	0.00000	0.00000	0
OTN_USD	2018-06-04	0.00000	2.00000	2.00000	0.00000	0
OTN_USD	2018-06-03	2.80928	1.92006	2.80928	1.92006	8
OTN_USD	2018-06-02	0.00000	0.00000	0.00000	0.00000	0
OTN_USD	2018-06-01	1.92015	1.92402	1.92402	1.92015	32
OTN_USD	2018-05-31	0.00000	0.00000	0.00000	0.00000	0
OTN_USD	2018-05-30	0.00000	1.88000	1.88000	0.00000	0
OTN_USD	2018-05-29	1.88000	2.10000	2.10000	1.88000	14
OTN_USD	2018-05-28	2.14511	2.14511	2.14511	2.14511	0
OTN_USD	2018-05-27	2.96997	2.96997	2.96997	2.96997	0
OTN_USD	2018-05-25	0.00000	0.00000	0.00000	0.00000	0
OTN_USD	2018-05-24	0.00000	2.58881	2.58881	0.00000	0
OTN_USD	2018-05-23	2.58881	2.99000	2.99000	0.00000	22
OTN_USD	2018-05-22	2.99000	2.58882	2.99000	2.58882	98
OTN_USD	2018-05-21	2.58882	2.58882	2.58882	2.58882	0
OTN_USD	2018-05-20	2.58882	0.00000	2.90676	0.00000	2
OTN_USD	2018-05-19	0.00000	2.70000	2.70000	0.00000	0
OTN_USD	2018-05-18	2.70000	2.70000	2.70000	2.70000	0
OTN_USD	2018-05-17	2.70000	2.72850	2.72850	2.70000	48
OTN_USD	2018-05-16	2.72850	2.72806	2.98739	2.72806	96
OTN_USD	2018-05-15	3.08902	2.70001	3.08902	0.00000	60
OTN_USD	2018-05-14	2.70001	2.70000	2.90000	2.70000	18
OTN_USD	2018-05-13	2.70000	2.70142	2.70142	2.70000	26
OTN_USD	2018-05-12	0.00000	2.89311	2.89311	0.00000	0
OTN_USD	2018-05-11	2.89311	0.00000	2.89328	0.00000	15
OTN_USD	2018-05-10	0.00000	2.89174	2.89174	0.00000	0
OTN_USD	2018-05-09	2.89174	3.49920	3.49920	2.89174	9
OTN_USD	2018-05-08	3.49920	0.00000	3.49920	0.00000	0
OTN_USD	2018-05-07	3.23270	3.49989	3.49989	3.23270	29
OTN_USD	2018-05-06	3.49989	3.84721	3.84721	3.49970	5
OTN_USD	2018-05-05	3.84721	3.10140	3.84721	3.10001	204
OTN_USD	2018-05-04	3.10140	0.00000	3.10140	0.00000	12
OTN_USD	2018-05-03	0.00000	3.10022	3.10022	0.00000	0
OTN_USD	2018-05-02	3.10022	3.86975	3.86975	3.10022	9
OTN_USD	2018-05-01	3.86975	3.25000	3.86989	3.10001	47
OTN_USD	2018-04-30	3.25000	3.30000	3.98800	3.10001	27
OTN_USD	2018-04-29	3.30000	2.80500	3.30000	2.80500	66
OTN_USD	2018-04-28	2.80500	3.19957	3.19957	2.80500	16
OTN_USD	2018-04-27	3.19957	3.19973	3.19973	2.87144	46
OTN_USD	2018-04-26	3.19973	2.71004	3.19973	2.54701	168
OTN_USD	2018-04-25	2.71004	2.98431	3.18969	2.71004	12
OTN_USD	2018-04-24	2.98431	3.18969	3.18969	2.90617	91
OTN_USD	2018-04-23	3.18969	2.85527	3.18979	2.85000	148
OTN_USD	2018-04-22	2.85527	3.00000	3.08618	2.85521	42
OTN_USD	2018-04-21	3.00000	2.90000	3.04681	2.90000	45
OTN_USD	2018-04-20	2.90000	3.00000	3.00000	2.71166	302
OTN_USD	2018-04-19	3.00000	2.70001	3.11187	2.70001	77
OTN_USD	2018-04-18	2.70001	2.54699	2.70001	2.54699	65
OTN_USD	2018-04-17	2.54699	2.54713	3.20000	2.54699	78
OTN_USD	2018-04-16	2.54713	2.56033	2.91680	2.54713	50
OTN_USD	2018-04-15	2.56033	2.56033	2.56033	2.56033	0
OTN_USD	2018-04-14	2.56033	2.56033	2.56033	2.56033	0
OTN_USD	2018-04-13	2.56033	2.85487	2.85487	2.54699	128
OTN_USD	2018-04-12	2.85487	2.79795	2.85487	2.39850	120
OTN_USD	2018-04-11	2.79795	2.38398	2.85487	2.38398	24
OTN_USD	2018-04-10	2.38398	2.43000	2.43000	2.38398	5
OTN_USD	2018-04-09	2.43000	2.04435	2.43000	2.04435	99
OTN_USD	2018-04-08	2.04435	2.76422	2.76422	2.04435	99
OTN_USD	2018-04-07	2.76422	2.76422	2.76422	2.76422	0
OTN_USD	2018-04-06	2.76422	2.29130	2.76422	2.29130	11
OTN_USD	2018-04-05	2.29129	2.29129	2.29129	2.29129	0
OTN_USD	2018-04-04	2.29130	2.29130	2.29130	2.29130	0
OTN_USD	2018-04-03	2.29129	2.29112	2.29129	2.29112	0
OTN_USD	2018-04-02	2.29109	2.29109	2.29109	2.29109	0
OTN_USD	2018-04-01	2.29109	2.43906	3.95900	2.29109	1
OTN_USD	2018-03-31	2.43906	2.43906	2.43906	2.43906	0
OTN_USD	2018-03-30	2.43906	2.90005	2.90005	2.43906	104
OTN_USD	2018-03-29	2.90005	2.91297	2.91297	2.90005	83
OTN_USD	2018-03-28	2.91297	2.90015	3.00000	2.90015	127
OTN_USD	2018-03-27	2.90015	2.90006	2.90015	2.90006	119
OTN_USD	2018-03-26	2.90006	2.83212	2.90006	2.83212	1
OTN_USD	2018-03-25	2.83212	2.83212	2.83212	2.83212	0
OTN_USD	2018-03-24	2.83212	2.83212	2.83212	2.83212	0
OTN_USD	2018-03-23	2.83212	3.00199	3.00199	2.83212	34
OTN_USD	2018-03-22	3.00199	3.90000	3.90000	3.00199	2
OTN_USD	2018-03-21	3.90000	2.91600	3.99999	2.90000	1
OTN_USD	2018-03-20	2.91599	2.91599	2.91599	2.91599	0
OTN_USD	2018-03-19	2.91599	2.00000	2.91600	2.00000	7
OTN_USD	2018-03-18	2.00000	2.70017	2.91600	1.80000	223
OTN_USD	2018-03-17	2.70017	3.31646	3.31646	2.60134	93
OTN_USD	2018-03-16	3.31646	2.72382	3.31646	2.72382	11
OTN_USD	2018-03-15	2.72382	2.60000	3.85487	2.60000	49
OTN_USD	2018-03-14	2.60000	3.30404	3.54523	2.60000	271
OTN_USD	2018-03-13	3.30404	3.69151	4.38738	3.30404	423
OTN_USD	2018-03-12	3.69151	4.38742	4.38742	3.00020	82
OTN_USD	2018-03-11	4.38742	4.29985	4.40000	3.76436	69
OTN_USD	2018-03-10	4.29985	4.39304	4.39304	4.19750	104
OTN_USD	2018-03-09	4.39304	4.40000	4.40000	3.59775	149
OTN_USD	2018-03-08	4.40000	4.13000	4.48656	4.05000	55
OTN_USD	2018-03-07	4.13000	5.15729	5.15729	4.13000	136
OTN_USD	2018-03-06	5.15729	5.51000	5.60000	5.00000	634
OTN_USD	2018-03-05	5.51000	5.60290	6.26888	5.51000	83
OTN_USD	2018-03-04	5.60290	5.75068	5.75723	5.53175	60
OTN_USD	2018-03-03	5.75068	5.51698	6.02521	5.51698	47
OTN_USD	2018-03-02	5.51698	5.51637	6.26024	5.51600	49
OTN_USD	2018-03-01	5.51637	5.70000	5.76687	5.50000	342
OTN_USD	2018-02-28	5.70000	6.12359	6.12359	5.67000	122
OTN_USD	2018-02-27	6.12359	6.12345	6.55020	6.00000	189
OTN_USD	2018-02-26	6.12345	6.39998	6.39998	6.00010	132
OTN_USD	2018-02-25	6.39998	6.60043	6.65002	6.39998	36
OTN_USD	2018-02-24	6.60043	6.50063	7.22273	6.49100	228
OTN_USD	2018-02-23	6.50063	6.48856	7.36091	6.48856	27
OTN_USD	2018-02-22	6.48856	7.00000	7.41172	6.48856	74
OTN_USD	2018-02-21	7.00000	8.10000	8.48786	7.00000	194
OTN_USD	2018-02-20	8.10000	7.76999	8.45667	7.00000	525
OTN_USD	2018-02-19	7.76999	8.09998	8.09998	7.27060	113
OTN_USD	2018-02-18	8.09998	7.29467	8.29982	7.27062	74
OTN_USD	2018-02-17	7.29467	8.00000	8.63000	7.25000	785
OTN_USD	2018-02-16	8.00000	7.12001	8.00000	7.00000	475
OTN_USD	2018-02-15	7.12001	7.11500	7.79880	7.11040	110
OTN_USD	2018-02-14	7.11500	7.36033	7.59000	7.10100	46
OTN_USD	2018-02-13	7.36033	7.49900	7.69084	7.00001	89
OTN_USD	2018-02-12	7.49900	7.63879	7.83690	7.00000	139
OTN_USD	2018-02-11	7.63879	6.50000	7.85001	6.50000	195
OTN_USD	2018-02-10	6.50000	6.92518	7.25709	6.48250	351
OTN_USD	2018-02-09	6.92518	6.90038	7.26000	6.71300	368
OTN_USD	2018-02-08	6.90038	6.83889	7.39521	6.70944	317
OTN_USD	2018-02-07	6.83889	6.30011	7.57302	6.20000	960
OTN_USD	2018-02-06	6.30011	6.50000	7.35001	5.00000	788
OTN_USD	2018-02-05	6.50000	8.60499	9.29000	5.50000	974
OTN_USD	2018-02-04	8.60499	9.26011	10.34356	8.50632	262
OTN_USD	2018-02-03	9.26011	8.50000	10.30000	8.50000	419
OTN_USD	2018-02-02	8.50000	9.32137	9.32137	7.25001	814
