OWN_USD	2019-04-09	0.003154	0.003214	0.003234	0.003104	0
OWN_USD	2019-04-08	0.003219	0.003065	0.003271	0.002730	0
OWN_USD	2019-04-07	0.003069	0.002978	0.003075	0.002893	0
OWN_USD	2019-04-06	0.002972	0.002948	0.003236	0.002882	0
OWN_USD	2019-04-05	0.002949	0.002819	0.003122	0.002819	0
OWN_USD	2019-04-04	0.002813	0.002863	0.003141	0.002755	0
OWN_USD	2019-04-03	0.002863	0.002683	0.003062	0.002608	0
OWN_USD	2019-04-02	0.002688	0.002266	0.002789	0.002262	0
OWN_USD	2019-04-01	0.002267	0.002230	0.002327	0.002208	0
OWN_USD	2019-03-31	0.002230	0.002249	0.002278	0.002189	0
OWN_USD	2019-03-30	0.002249	0.002215	0.002284	0.002213	0
OWN_USD	2019-03-29	0.002215	0.002005	0.002270	0.001941	0
OWN_USD	2019-03-28	0.002005	0.001990	0.002126	0.001858	0
OWN_USD	2019-03-27	0.001969	0.002316	0.002427	0.001906	0
OWN_USD	2019-03-26	0.002315	0.002165	0.002582	0.002145	0
OWN_USD	2019-03-25	0.002164	0.002182	0.002327	0.002139	0
OWN_USD	2019-03-24	0.002142	0.002336	0.002392	0.002141	0
OWN_USD	2019-03-23	0.002336	0.002083	0.002337	0.002081	0
OWN_USD	2019-03-22	0.002085	0.002043	0.002103	0.002023	0
OWN_USD	2019-03-21	0.002043	0.001940	0.002085	0.001910	0
OWN_USD	2019-03-20	0.001940	0.001847	0.001955	0.001814	0
OWN_USD	2019-03-19	0.001869	0.001915	0.001935	0.001821	0
OWN_USD	2019-03-18	0.001915	0.002014	0.002025	0.001888	0
OWN_USD	2019-03-17	0.002014	0.001983	0.002039	0.001949	0
OWN_USD	2019-03-16	0.001984	0.001962	0.002097	0.001937	0
OWN_USD	2019-03-15	0.001962	0.001895	0.002064	0.001861	0
OWN_USD	2019-03-14	0.001896	0.001894	0.001962	0.001754	0
OWN_USD	2019-03-13	0.001915	0.002037	0.002061	0.001871	0
OWN_USD	2019-03-12	0.002036	0.002014	0.002141	0.001815	0
OWN_USD	2019-03-11	0.002015	0.002199	0.002221	0.001953	0
OWN_USD	2019-03-10	0.002200	0.002149	0.002224	0.002121	0
OWN_USD	2019-03-09	0.002148	0.002049	0.002182	0.002018	0
OWN_USD	2019-03-08	0.002049	0.002299	0.002299	0.001925	0
OWN_USD	2019-03-07	0.002280	0.002470	0.002485	0.002182	0
OWN_USD	2019-03-06	0.002470	0.002134	0.002580	0.002112	0
OWN_USD	2019-03-05	0.002133	0.002014	0.002152	0.002007	0
OWN_USD	2019-03-04	0.002014	0.002078	0.002095	0.001984	0
OWN_USD	2019-03-03	0.002078	0.002015	0.002096	0.002015	0
OWN_USD	2019-03-02	0.002015	0.002095	0.002110	0.001994	0
OWN_USD	2019-03-01	0.002096	0.002044	0.002111	0.001981	0
OWN_USD	2019-02-28	0.002045	0.002029	0.002135	0.002004	0
OWN_USD	2019-02-27	0.002028	0.002357	0.002455	0.002012	0
OWN_USD	2019-02-26	0.002359	0.002332	0.002779	0.002198	0
OWN_USD	2019-02-25	0.002335	0.002241	0.002350	0.002241	0
OWN_USD	2019-02-24	0.002242	0.002485	0.002527	0.002222	0
OWN_USD	2019-02-23	0.002485	0.002374	0.002530	0.002358	0
OWN_USD	2019-02-22	0.002378	0.002326	0.002404	0.002320	0
OWN_USD	2019-02-21	0.002326	0.002352	0.002411	0.002236	0
OWN_USD	2019-02-20	0.002355	0.002273	0.002399	0.002267	0
OWN_USD	2019-02-19	0.002275	0.002188	0.002404	0.002157	0
OWN_USD	2019-02-18	0.002188	0.002091	0.002418	0.002086	0
OWN_USD	2019-02-17	0.002092	0.002261	0.002286	0.001968	0
OWN_USD	2019-02-16	0.002261	0.002129	0.002410	0.002120	0
OWN_USD	2019-02-15	0.002125	0.001864	0.002515	0.001693	0
OWN_USD	2019-02-14	0.001865	0.002273	0.002280	0.001826	0
OWN_USD	2019-02-13	0.002275	0.002494	0.002494	0.002038	0
OWN_USD	2019-02-12	0.002494	0.002393	0.002760	0.002369	0
OWN_USD	2019-02-11	0.002393	0.002436	0.002437	0.002390	0
OWN_USD	2019-02-10	0.002436	0.002789	0.002794	0.002384	0
OWN_USD	2019-02-09	0.002789	0.002793	0.002797	0.002401	0
OWN_USD	2019-02-08	0.002793	0.002579	0.002845	0.002278	0
OWN_USD	2019-02-07	0.002577	0.002934	0.002943	0.002240	0
OWN_USD	2019-02-06	0.002934	0.002986	0.002993	0.002567	0
OWN_USD	2019-02-05	0.002985	0.002618	0.002989	0.002614	0
OWN_USD	2019-02-04	0.002618	0.003327	0.003329	0.002607	0
OWN_USD	2019-02-03	0.003327	0.003030	0.003329	0.002620	0
OWN_USD	2019-02-02	0.003025	0.003005	0.003714	0.002626	0
OWN_USD	2019-02-01	0.003007	0.002629	0.003351	0.002600	0
OWN_USD	2019-01-31	0.002627	0.002647	0.002675	0.002302	0
OWN_USD	2019-01-30	0.002647	0.002956	0.003014	0.002287	0
OWN_USD	2019-01-29	0.002956	0.002976	0.003334	0.002910	0
OWN_USD	2019-01-28	0.003326	0.003415	0.003417	0.002961	0
OWN_USD	2019-01-27	0.003417	0.003449	0.003460	0.003366	0
OWN_USD	2019-01-26	0.003451	0.003448	0.003545	0.003444	0
OWN_USD	2019-01-25	0.003448	0.003105	0.003471	0.003080	0
OWN_USD	2019-01-24	0.003104	0.003802	0.003804	0.002698	0
OWN_USD	2019-01-23	0.003801	0.003821	0.003855	0.003772	0
OWN_USD	2019-01-22	0.003821	0.004116	0.004187	0.003813	0
OWN_USD	2019-01-21	0.004118	0.004127	0.004147	0.004086	0
OWN_USD	2019-01-20	0.004124	0.004327	0.004365	0.003743	0
OWN_USD	2019-01-19	0.004330	0.004227	0.004427	0.003892	0
OWN_USD	2019-01-18	0.004227	0.004279	0.004282	0.003864	0
OWN_USD	2019-01-17	0.004279	0.004598	0.004603	0.003834	0
OWN_USD	2019-01-16	0.004589	0.005297	0.005673	0.004201	0
OWN_USD	2019-01-15	0.005302	0.006186	0.006566	0.005275	0
OWN_USD	2019-01-14	0.006186	0.006285	0.006397	0.005811	0
OWN_USD	2019-01-13	0.006286	0.006479	0.006508	0.006086	0
OWN_USD	2019-01-12	0.006479	0.006874	0.006897	0.006423	0
OWN_USD	2019-01-11	0.006872	0.006497	0.006963	0.006459	0
OWN_USD	2019-01-10	0.006497	0.007554	0.008024	0.006127	0
OWN_USD	2019-01-09	0.007554	0.007586	0.007698	0.007119	0
OWN_USD	2019-01-08	0.007584	0.007611	0.008130	0.007184	0
OWN_USD	2019-01-07	0.007611	0.008966	0.008968	0.006896	0
OWN_USD	2019-01-06	0.008969	0.008409	0.016820	0.008383	0
OWN_USD	2019-01-05	0.008410	0.008503	0.008631	0.007716	0
OWN_USD	2019-01-04	0.008508	0.008435	0.008569	0.007912	0
OWN_USD	2019-01-03	0.008429	0.007896	0.008967	0.007725	0
OWN_USD	2019-01-02	0.007898	0.008135	0.008150	0.007688	0
OWN_USD	2019-01-01	0.008114	0.008241	0.008739	0.007833	0
OWN_USD	2018-12-31	0.008235	0.008950	0.009250	0.007777	0
OWN_USD	2018-12-30	0.008939	0.010300	0.013624	0.008835	0
OWN_USD	2018-12-29	0.010289	0.010092	0.010833	0.008974	0
OWN_USD	2018-12-28	0.010294	0.010213	0.010722	0.009426	0
OWN_USD	2018-12-27	0.010213	0.009235	0.010228	0.008767	0
OWN_USD	2018-12-26	0.009235	0.009188	0.009748	0.008608	0
OWN_USD	2018-12-25	0.009178	0.009731	0.009757	0.008321	0
OWN_USD	2018-12-24	0.009741	0.010789	0.011445	0.009332	0
OWN_USD	2018-12-23	0.010788	0.011785	0.012349	0.010312	0
OWN_USD	2018-12-22	0.011758	0.010537	0.012311	0.010387	0
OWN_USD	2018-12-21	0.010525	0.011582	0.011582	0.008838	0
OWN_USD	2018-12-20	0.011590	0.011985	0.012565	0.009426	0
OWN_USD	2018-12-19	0.012002	0.013431	0.014859	0.011545	0
OWN_USD	2018-12-18	0.013417	0.016138	0.017044	0.012105	0
OWN_USD	2018-12-17	0.016314	0.021122	0.022499	0.016040	0
OWN_USD	2018-12-16	0.021120	0.022832	0.028602	0.019922	0
OWN_USD	2018-12-15	0.022845	0.017230	0.026903	0.016900	0
OWN_USD	2018-12-14	0.017227	0.017107	0.018713	0.016294	0
OWN_USD	2018-12-13	0.017092	0.018209	0.022174	0.016679	0
OWN_USD	2018-12-12	0.018216	0.015937	0.018568	0.015883	0
OWN_USD	2018-12-11	0.015989	0.013568	0.018960	0.013475	0
OWN_USD	2018-12-10	0.013571	0.014386	0.015382	0.013404	0
OWN_USD	2018-12-09	0.014400	0.014198	0.016027	0.013233	0
OWN_USD	2018-12-08	0.014200	0.014013	0.015909	0.013267	0
OWN_USD	2018-12-07	0.014008	0.016947	0.018243	0.012556	0
OWN_USD	2018-12-06	0.016992	0.019795	0.025715	0.015614	0
OWN_USD	2018-12-05	0.019775	0.023726	0.023848	0.018851	0
OWN_USD	2018-12-04	0.023693	0.025145	0.026558	0.022862	0
OWN_USD	2018-12-03	0.025173	0.027541	0.028647	0.023185	0
OWN_USD	2018-12-02	0.027454	0.032459	0.034451	0.026956	0
OWN_USD	2018-12-01	0.032459	0.028470	0.035945	0.027498	0
OWN_USD	2018-11-30	0.028470	0.028964	0.033607	0.026568	0
OWN_USD	2018-11-29	0.028889	0.030789	0.030789	0.026838	0
OWN_USD	2018-11-28	0.030143	0.026997	0.030447	0.025592	0
OWN_USD	2018-11-27	0.026997	0.027769	0.028557	0.024188	0
OWN_USD	2018-11-26	0.027769	0.034146	0.035242	0.027187	0
OWN_USD	2018-11-25	0.034481	0.034393	0.036809	0.030012	0
OWN_USD	2018-11-24	0.034589	0.042016	0.045744	0.033307	0
OWN_USD	2018-11-23	0.041795	0.040840	0.045067	0.034476	0
OWN_USD	2018-11-22	0.041945	0.021695	0.052373	0.021129	0
OWN_USD	2018-11-21	0.021955	0.019090	0.022655	0.018483	0
OWN_USD	2018-11-20	0.019043	0.021974	0.022738	0.017234	0
OWN_USD	2018-11-19	0.021974	0.020091	0.024693	0.019236	0
OWN_USD	2018-11-18	0.020091	0.019131	0.021198	0.018872	0
OWN_USD	2018-11-17	0.019131	0.019529	0.019878	0.018706	0
OWN_USD	2018-11-16	0.019529	0.016392	0.022206	0.016303	0
OWN_USD	2018-11-15	0.016392	0.016879	0.018528	0.015574	0
OWN_USD	2018-11-14	0.016772	0.018085	0.020566	0.016737	0
OWN_USD	2018-11-13	0.018100	0.018374	0.018998	0.017114	0
OWN_USD	2018-11-12	0.018374	0.018381	0.018936	0.017061	0
OWN_USD	2018-11-11	0.018411	0.019293	0.019654	0.018197	0
OWN_USD	2018-11-10	0.019293	0.016371	0.019708	0.016057	0
OWN_USD	2018-11-09	0.016371	0.017819	0.017875	0.015681	0
OWN_USD	2018-11-08	0.017819	0.018076	0.021166	0.016639	0
OWN_USD	2018-11-07	0.018075	0.021175	0.021473	0.017426	0
OWN_USD	2018-11-06	0.021175	0.022969	0.022986	0.019395	0
OWN_USD	2018-11-05	0.022969	0.022374	0.024270	0.019078	0
OWN_USD	2018-11-04	0.022374	0.023635	0.023640	0.020982	0
OWN_USD	2018-11-03	0.023635	0.021852	0.023957	0.021212	0
OWN_USD	2018-11-02	0.021852	0.025279	0.025308	0.019887	0
OWN_USD	2018-11-01	0.025279	0.030568	0.031555	0.023865	0
OWN_USD	2018-10-31	0.030568	0.025637	0.034754	0.025627	0
OWN_USD	2018-10-30	0.025637	0.023803	0.027553	0.023790	0
OWN_USD	2018-10-29	0.023790	0.029530	0.030792	0.023211	0
OWN_USD	2018-10-28	0.029530	0.022426	0.031389	0.022393	0
OWN_USD	2018-10-27	0.022426	0.018615	0.023170	0.016337	0
OWN_USD	2018-10-26	0.018615	0.017299	0.018628	0.016638	0
OWN_USD	2018-10-25	0.017299	0.019007	0.019035	0.016671	0
OWN_USD	2018-10-24	0.019007	0.019323	0.019681	0.018134	0
OWN_USD	2018-10-23	0.019323	0.018717	0.020063	0.018672	0
OWN_USD	2018-10-22	0.018717	0.021091	0.022370	0.016733	0
OWN_USD	2018-10-21	0.021082	0.019431	0.022520	0.019431	0
OWN_USD	2018-10-20	0.019427	0.021215	0.022127	0.018707	0
OWN_USD	2018-10-19	0.021213	0.027445	0.035946	0.019932	0
OWN_USD	2018-10-18	0.027445	0.012798	0.036624	0.012798	0
OWN_USD	2018-10-17	0.012796	0.011144	0.012796	0.010462	0
OWN_USD	2018-10-16	0.011151	0.013147	0.013439	0.010360	0
OWN_USD	2018-10-15	0.013147	0.013621	0.015787	0.012304	0
OWN_USD	2018-10-14	0.013616	0.013602	0.014067	0.013038	0
OWN_USD	2018-10-13	0.013602	0.013845	0.014199	0.012958	0
OWN_USD	2018-10-12	0.013854	0.013442	0.015158	0.013380	0
OWN_USD	2018-10-11	0.013449	0.014587	0.014587	0.011588	0
OWN_USD	2018-10-10	0.014587	0.014326	0.014937	0.013386	0
OWN_USD	2018-10-09	0.014326	0.014347	0.014933	0.013634	0
OWN_USD	2018-10-08	0.014347	0.016172	0.016848	0.013669	0
OWN_USD	2018-10-07	0.016172	0.016809	0.017685	0.016046	0
OWN_USD	2018-10-06	0.016809	0.018273	0.018282	0.016153	0
OWN_USD	2018-10-05	0.018273	0.018095	0.020115	0.016128	0
OWN_USD	2018-10-04	0.018095	0.018545	0.020827	0.018033	0
OWN_USD	2018-10-03	0.018209	0.020240	0.020290	0.016142	0
OWN_USD	2018-10-02	0.020269	0.022450	0.023076	0.020228	0
OWN_USD	2018-10-01	0.022443	0.024821	0.025525	0.022073	0
OWN_USD	2018-09-30	0.024821	0.023777	0.026872	0.022709	0
OWN_USD	2018-09-29	0.023777	0.020569	0.026297	0.019170	0
OWN_USD	2018-09-28	0.020569	0.023800	0.023870	0.017755	0
OWN_USD	2018-09-27	0.023746	0.022941	0.025071	0.020290	0
OWN_USD	2018-09-26	0.022941	0.017719	0.023745	0.016931	0
OWN_USD	2018-09-25	0.017696	0.017121	0.017700	0.015146	0
OWN_USD	2018-09-24	0.017121	0.017111	0.017768	0.016219	0
OWN_USD	2018-09-23	0.016778	0.014455	0.017097	0.014455	0
OWN_USD	2018-09-22	0.014457	0.014540	0.016850	0.013619	0
OWN_USD	2018-09-21	0.014561	0.011701	0.015188	0.011449	0
OWN_USD	2018-09-20	0.011701	0.009910	0.012566	0.009885	0
OWN_USD	2018-09-19	0.009907	0.010466	0.010466	0.009185	0
OWN_USD	2018-09-18	0.010466	0.010320	0.011160	0.009543	0
OWN_USD	2018-09-17	0.010320	0.011372	0.011431	0.010252	0
OWN_USD	2018-09-16	0.011372	0.012053	0.012055	0.011057	0
OWN_USD	2018-09-15	0.012062	0.011988	0.012809	0.011418	0
OWN_USD	2018-09-14	0.012001	0.011980	0.012228	0.011790	0
OWN_USD	2018-09-13	0.011980	0.011723	0.012068	0.011168	0
OWN_USD	2018-09-12	0.011723	0.011326	0.012503	0.010344	0
OWN_USD	2018-09-11	0.011322	0.011039	0.011322	0.010197	0
OWN_USD	2018-09-10	0.011039	0.010928	0.012692	0.010310	0
OWN_USD	2018-09-09	0.010919	0.011133	0.012139	0.010211	0
OWN_USD	2018-09-08	0.011133	0.013769	0.013769	0.011098	0
OWN_USD	2018-09-07	0.013769	0.012706	0.014024	0.011979	0
OWN_USD	2018-09-06	0.012702	0.014413	0.015228	0.011852	0
OWN_USD	2018-09-05	0.013743	0.013614	0.017920	0.012879	0
OWN_USD	2018-09-04	0.013614	0.014168	0.016623	0.013576	0
OWN_USD	2018-09-03	0.014176	0.012758	0.015670	0.012705	0
OWN_USD	2018-09-02	0.012758	0.012596	0.013536	0.012503	0
OWN_USD	2018-09-01	0.012596	0.012297	0.013162	0.012286	0
OWN_USD	2018-08-31	0.012297	0.010828	0.012397	0.010712	0
OWN_USD	2018-08-30	0.010841	0.011612	0.011802	0.010550	0
OWN_USD	2018-08-29	0.011627	0.012390	0.013075	0.011596	0
OWN_USD	2018-08-28	0.012387	0.012093	0.012774	0.011367	0
OWN_USD	2018-08-27	0.012080	0.012393	0.013700	0.011092	0
OWN_USD	2018-08-26	0.012411	0.012456	0.012545	0.011608	0
OWN_USD	2018-08-25	0.012467	0.013057	0.013776	0.012340	0
OWN_USD	2018-08-24	0.013054	0.011431	0.017258	0.009828	0
OWN_USD	2018-08-23	0.011423	0.010496	0.012205	0.010478	0
OWN_USD	2018-08-22	0.010486	0.011989	0.012402	0.010317	0
OWN_USD	2018-08-21	0.011986	0.009066	0.012577	0.008075	0
OWN_USD	2018-08-20	0.009070	0.010049	0.010107	0.009034	0
OWN_USD	2018-08-19	0.010052	0.009906	0.010210	0.009779	0
OWN_USD	2018-08-18	0.010225	0.010204	0.012753	0.009804	0
OWN_USD	2018-08-17	0.010213	0.009774	0.010774	0.009286	0
OWN_USD	2018-08-16	0.009783	0.011274	0.011287	0.009703	0
OWN_USD	2018-08-15	0.011286	0.011449	0.012401	0.009816	0
OWN_USD	2018-08-14	0.011444	0.012176	0.012176	0.010737	0
OWN_USD	2018-08-13	0.012191	0.013893	0.014271	0.012103	0
OWN_USD	2018-08-12	0.013891	0.011213	0.016324	0.011114	0
OWN_USD	2018-08-11	0.011202	0.012600	0.013163	0.011169	0
OWN_USD	2018-08-10	0.012902	0.014399	0.016373	0.012437	0
OWN_USD	2018-08-09	0.014364	0.012242	0.014567	0.012227	0
OWN_USD	2018-08-08	0.012242	0.013092	0.013600	0.011929	0
OWN_USD	2018-08-07	0.013100	0.011110	0.015833	0.010709	0
OWN_USD	2018-08-06	0.011101	0.012643	0.013113	0.010962	0
OWN_USD	2018-08-05	0.012659	0.012624	0.013116	0.012200	0
OWN_USD	2018-08-04	0.012611	0.016695	0.018277	0.012216	0
OWN_USD	2018-08-03	0.016687	0.011667	0.020329	0.009585	0
OWN_USD	2018-08-02	0.013187	0.015973	0.016479	0.010852	0
OWN_USD	2018-08-01	0.015980	0.020907	0.020938	0.015088	0
OWN_USD	2018-07-31	0.020912	0.025755	0.025755	0.020347	0
OWN_USD	2018-07-30	0.025739	0.025899	0.027043	0.023259	0
OWN_USD	2018-07-29	0.025899	0.025150	0.026069	0.023500	0
OWN_USD	2018-07-28	0.025150	0.024325	0.025150	0.023500	0
OWN_USD	2018-07-27	0.024325	0.024325	0.025150	0.021851	0
OWN_USD	2018-07-26	0.024325	0.025784	0.026926	0.023913	0
OWN_USD	2018-07-25	0.025760	0.025537	0.026647	0.023895	0
OWN_USD	2018-07-24	0.025659	0.026630	0.027667	0.023493	0
OWN_USD	2018-07-23	0.026612	0.026256	0.028399	0.026178	0
OWN_USD	2018-07-22	0.026275	0.027392	0.027926	0.026081	0
OWN_USD	2018-07-21	0.027392	0.027133	0.027689	0.026718	0
OWN_USD	2018-07-20	0.027130	0.028026	0.031396	0.026463	0
OWN_USD	2018-07-19	0.028026	0.028407	0.031921	0.027596	0
OWN_USD	2018-07-18	0.028360	0.029649	0.029849	0.028054	0
OWN_USD	2018-07-17	0.029646	0.027855	0.030615	0.026559	0
OWN_USD	2018-07-16	0.027956	0.026023	0.028004	0.025399	0
OWN_USD	2018-07-15	0.026021	0.026563	0.026575	0.025528	0
OWN_USD	2018-07-14	0.026563	0.023946	0.027348	0.023946	0
OWN_USD	2018-07-13	0.023947	0.024629	0.024999	0.023112	0
OWN_USD	2018-07-12	0.024302	0.024538	0.024538	0.020973	0
OWN_USD	2018-07-11	0.024554	0.024583	0.025889	0.024445	0
OWN_USD	2018-07-10	0.024573	0.027630	0.027722	0.024483	0
OWN_USD	2018-07-09	0.027639	0.027152	0.028542	0.026376	0
OWN_USD	2018-07-08	0.027167	0.028061	0.028182	0.026568	0
OWN_USD	2018-07-07	0.028061	0.027399	0.028096	0.025295	0
OWN_USD	2018-07-06	0.027066	0.024493	0.030253	0.024463	0
OWN_USD	2018-07-05	0.024526	0.028666	0.030189	0.024268	0
OWN_USD	2018-07-04	0.028666	0.033542	0.033881	0.019976	0
OWN_USD	2018-07-03	0.033475	0.036073	0.039084	0.000418	0
OWN_USD	2018-07-02	0.036727	0.033015	0.039098	0.000000	0
OWN_USD	2018-07-01	0.033018	0.029401	0.035200	0.026143	0
OWN_USD	2018-06-30	0.029417	0.029464	0.030988	0.029033	0
OWN_USD	2018-06-29	0.029463	0.026615	0.029797	0.025026	0
OWN_USD	2018-06-28	0.026736	0.030054	0.031004	0.026363	0
OWN_USD	2018-06-27	0.030063	0.031241	0.031487	0.029697	0
OWN_USD	2018-06-26	0.031255	0.030941	0.041318	0.030192	0
OWN_USD	2018-06-25	0.030932	0.029808	0.032332	0.028260	0
OWN_USD	2018-06-24	0.029808	0.032298	0.032366	0.027044	0
OWN_USD	2018-06-23	0.031990	0.026889	0.032807	0.025149	0
OWN_USD	2018-06-22	0.026890	0.038269	0.038988	0.026890	0
OWN_USD	2018-06-21	0.038333	0.041912	0.043348	0.037143	0
OWN_USD	2018-06-20	0.041893	0.040058	0.045649	0.035438	0
