PAI_USD	2019-04-09	0.066888	0.071015	0.071467	0.065585	39954808
PAI_USD	2019-04-08	0.071015	0.075760	0.078437	0.065690	45579312
PAI_USD	2019-04-07	0.075760	0.074360	0.076489	0.071312	30314898
PAI_USD	2019-04-06	0.074360	0.078096	0.080799	0.073065	33197244
PAI_USD	2019-04-05	0.078096	0.079366	0.081881	0.074531	49446592
PAI_USD	2019-04-04	0.079365	0.064310	0.086511	0.062556	86488200
PAI_USD	2019-04-03	0.064310	0.059444	0.073386	0.057512	89662080
PAI_USD	2019-04-02	0.059446	0.058226	0.061519	0.055017	55850704
PAI_USD	2019-04-01	0.058220	0.062382	0.062874	0.056193	26955356
PAI_USD	2019-03-31	0.062382	0.054536	0.064392	0.053411	79593040
PAI_USD	2019-03-30	0.054522	0.053839	0.056539	0.052535	26977136
PAI_USD	2019-03-29	0.053839	0.051724	0.054128	0.050738	23728476
PAI_USD	2019-03-28	0.051724	0.053903	0.053908	0.051039	16657281
PAI_USD	2019-03-27	0.053903	0.051100	0.054910	0.049793	24655208
PAI_USD	2019-03-26	0.051074	0.053022	0.053023	0.047814	30686456
PAI_USD	2019-03-25	0.053023	0.055035	0.056968	0.051090	26718600
PAI_USD	2019-03-24	0.055035	0.058874	0.059768	0.052053	27821340
PAI_USD	2019-03-23	0.058874	0.051692	0.059763	0.051465	55169396
PAI_USD	2019-03-22	0.051692	0.051265	0.052965	0.050383	19309848
PAI_USD	2019-03-21	0.051265	0.053894	0.053935	0.046204	44711576
PAI_USD	2019-03-20	0.053893	0.049515	0.056979	0.049270	69822712
PAI_USD	2019-03-19	0.049515	0.048978	0.050394	0.047823	28435952
PAI_USD	2019-03-18	0.048978	0.045818	0.050148	0.045527	32269296
PAI_USD	2019-03-17	0.045818	0.045795	0.047151	0.044103	20904940
PAI_USD	2019-03-16	0.045796	0.049859	0.049859	0.044350	52819592
PAI_USD	2019-03-15	0.049859	0.047968	0.050996	0.047728	20136520
