PASC_USD	2019-04-09	0.34316	0.36725	0.36725	0.33312	0
PASC_USD	2019-04-08	0.36725	0.33343	0.36960	0.33190	0
PASC_USD	2019-04-07	0.33343	0.32576	0.35803	0.32547	0
PASC_USD	2019-04-06	0.32576	0.33452	0.34207	0.32011	0
PASC_USD	2019-04-05	0.33452	0.31783	0.33983	0.31178	0
PASC_USD	2019-04-04	0.31783	0.31065	0.33143	0.29837	0
PASC_USD	2019-04-03	0.31065	0.27881	0.34321	0.27613	0
PASC_USD	2019-04-02	0.27881	0.25212	0.30252	0.25048	0
PASC_USD	2019-04-01	0.25212	0.26614	0.27055	0.24979	0
PASC_USD	2019-03-31	0.26614	0.27382	0.27812	0.26192	0
PASC_USD	2019-03-30	0.27382	0.25218	0.27387	0.24825	0
PASC_USD	2019-03-29	0.25218	0.23471	0.25238	0.23471	0
PASC_USD	2019-03-28	0.23471	0.23797	0.23871	0.22945	0
PASC_USD	2019-03-27	0.23797	0.22142	0.23844	0.22033	0
PASC_USD	2019-03-26	0.22142	0.22297	0.22930	0.21348	0
PASC_USD	2019-03-25	0.22297	0.23220	0.23303	0.22131	0
PASC_USD	2019-03-24	0.23220	0.23526	0.23680	0.22170	0
PASC_USD	2019-03-23	0.23526	0.22811	0.24927	0.22544	0
PASC_USD	2019-03-22	0.22811	0.23288	0.23325	0.21918	0
PASC_USD	2019-03-21	0.23288	0.23727	0.24524	0.23004	0
PASC_USD	2019-03-20	0.23727	0.25069	0.25300	0.23222	0
PASC_USD	2019-03-19	0.25069	0.25595	0.25748	0.24843	0
PASC_USD	2019-03-18	0.25595	0.26180	0.26546	0.25131	0
PASC_USD	2019-03-17	0.26180	0.25749	0.26758	0.24777	0
PASC_USD	2019-03-16	0.25749	0.25110	0.28410	0.24849	0
PASC_USD	2019-03-15	0.25110	0.22830	0.25622	0.21688	0
PASC_USD	2019-03-14	0.22830	0.23307	0.24277	0.21920	0
PASC_USD	2019-03-13	0.23307	0.21834	0.23855	0.21343	0
PASC_USD	2019-03-12	0.21834	0.21788	0.22569	0.20220	0
PASC_USD	2019-03-11	0.21788	0.22158	0.22178	0.20120	0
PASC_USD	2019-03-10	0.22158	0.22147	0.22199	0.21685	0
PASC_USD	2019-03-09	0.22147	0.21470	0.22180	0.20699	0
PASC_USD	2019-03-08	0.21470	0.20945	0.21817	0.20944	0
PASC_USD	2019-03-07	0.20945	0.20964	0.22424	0.20921	0
PASC_USD	2019-03-06	0.20964	0.20868	0.21632	0.20696	0
PASC_USD	2019-03-05	0.20868	0.20843	0.21799	0.19911	0
PASC_USD	2019-03-04	0.20843	0.22321	0.22447	0.20302	0
PASC_USD	2019-03-03	0.22321	0.22167	0.22932	0.21571	0
PASC_USD	2019-03-02	0.22167	0.22354	0.22537	0.21815	0
PASC_USD	2019-03-01	0.22354	0.20650	0.23640	0.20637	0
PASC_USD	2019-02-28	0.20650	0.21324	0.21631	0.20592	0
PASC_USD	2019-02-27	0.21324	0.20616	0.21562	0.20108	0
PASC_USD	2019-02-26	0.20616	0.20221	0.20762	0.20001	0
PASC_USD	2019-02-25	0.20221	0.20109	0.20815	0.19795	0
PASC_USD	2019-02-24	0.20109	0.22445	0.23157	0.20094	0
PASC_USD	2019-02-23	0.22445	0.21735	0.22471	0.20953	0
PASC_USD	2019-02-22	0.21735	0.21443	0.21751	0.20884	0
PASC_USD	2019-02-21	0.21443	0.22437	0.22934	0.21164	0
PASC_USD	2019-02-20	0.22437	0.21478	0.23159	0.21352	0
PASC_USD	2019-02-19	0.21478	0.21349	0.22035	0.21140	0
PASC_USD	2019-02-18	0.21349	0.19969	0.21680	0.19919	0
PASC_USD	2019-02-17	0.19969	0.19891	0.20583	0.19390	0
PASC_USD	2019-02-16	0.19891	0.19653	0.20084	0.19241	0
PASC_USD	2019-02-15	0.19653	0.19532	0.20278	0.19001	0
PASC_USD	2019-02-14	0.19532	0.19730	0.20086	0.19518	0
PASC_USD	2019-02-13	0.19730	0.20316	0.20610	0.19474	0
PASC_USD	2019-02-12	0.20316	0.21085	0.21088	0.18966	0
PASC_USD	2019-02-11	0.21085	0.21811	0.22039	0.20383	0
PASC_USD	2019-02-10	0.21811	0.21479	0.21937	0.20958	0
PASC_USD	2019-02-09	0.21479	0.21724	0.22513	0.20690	0
PASC_USD	2019-02-08	0.21724	0.19656	0.22935	0.19051	0
PASC_USD	2019-02-07	0.19656	0.19560	0.20300	0.19361	0
PASC_USD	2019-02-06	0.19560	0.20489	0.20541	0.19479	0
PASC_USD	2019-02-05	0.20489	0.20238	0.20501	0.20180	0
PASC_USD	2019-02-04	0.20238	0.20455	0.20926	0.20027	0
PASC_USD	2019-02-03	0.20455	0.21340	0.21399	0.20180	0
PASC_USD	2019-02-02	0.21340	0.21541	0.21945	0.20461	0
PASC_USD	2019-02-01	0.21541	0.21036	0.21646	0.20736	0
PASC_USD	2019-01-31	0.21036	0.21866	0.22099	0.20648	0
PASC_USD	2019-01-30	0.21866	0.21068	0.21912	0.20441	0
PASC_USD	2019-01-29	0.21068	0.21394	0.21662	0.20950	0
PASC_USD	2019-01-28	0.21394	0.23065	0.23069	0.21157	0
PASC_USD	2019-01-27	0.23065	0.22102	0.23135	0.21040	0
PASC_USD	2019-01-26	0.22102	0.21168	0.23406	0.21095	0
PASC_USD	2019-01-25	0.21168	0.21971	0.22228	0.21045	0
PASC_USD	2019-01-24	0.21971	0.21012	0.22300	0.20354	0
PASC_USD	2019-01-23	0.21010	0.20550	0.22577	0.20482	0
PASC_USD	2019-01-22	0.20550	0.20730	0.21324	0.20170	0
PASC_USD	2019-01-21	0.20730	0.20770	0.21386	0.20488	0
PASC_USD	2019-01-20	0.20770	0.21680	0.22875	0.20679	0
PASC_USD	2019-01-19	0.21680	0.21003	0.22221	0.20993	0
PASC_USD	2019-01-18	0.21003	0.21895	0.21913	0.20400	0
PASC_USD	2019-01-17	0.21895	0.21092	0.21932	0.20711	0
PASC_USD	2019-01-16	0.21092	0.22172	0.22172	0.20555	0
PASC_USD	2019-01-15	0.22172	0.22127	0.22639	0.21524	0
PASC_USD	2019-01-14	0.22127	0.21511	0.22415	0.20693	0
PASC_USD	2019-01-13	0.21511	0.22728	0.22792	0.21398	0
PASC_USD	2019-01-12	0.22728	0.23272	0.23354	0.22551	0
PASC_USD	2019-01-11	0.23272	0.23125	0.23912	0.22580	0
PASC_USD	2019-01-10	0.23125	0.26542	0.28476	0.23125	0
PASC_USD	2019-01-09	0.26542	0.25976	0.27110	0.25340	0
PASC_USD	2019-01-08	0.25976	0.26095	0.27546	0.25617	0
PASC_USD	2019-01-07	0.26095	0.27730	0.27899	0.25349	0
PASC_USD	2019-01-06	0.27730	0.26082	0.51296	0.25565	0
PASC_USD	2019-01-05	0.26082	0.26236	0.27597	0.26077	0
PASC_USD	2019-01-04	0.26236	0.25108	0.28188	0.24640	0
PASC_USD	2019-01-03	0.25108	0.25752	0.27191	0.25071	0
PASC_USD	2019-01-02	0.25752	0.25379	0.26043	0.24921	0
PASC_USD	2019-01-01	0.25379	0.24574	0.25557	0.24152	0
PASC_USD	2018-12-31	0.24574	0.25899	0.26075	0.24234	0
PASC_USD	2018-12-30	0.25899	0.25393	0.27597	0.25071	0
PASC_USD	2018-12-29	0.25393	0.26808	0.27027	0.25297	0
PASC_USD	2018-12-28	0.26808	0.25031	0.27560	0.24294	0
PASC_USD	2018-12-27	0.25031	0.26501	0.26651	0.24578	0
PASC_USD	2018-12-26	0.26501	0.26826	0.27467	0.25570	0
PASC_USD	2018-12-25	0.26826	0.28827	0.28890	0.26115	0
PASC_USD	2018-12-24	0.28827	0.28065	0.34934	0.28065	0
PASC_USD	2018-12-23	0.28065	0.27519	0.29848	0.25599	0
PASC_USD	2018-12-22	0.27519	0.24405	0.27696	0.24133	0
PASC_USD	2018-12-21	0.24405	0.27500	0.27858	0.23790	0
PASC_USD	2018-12-20	0.27500	0.24830	0.28326	0.24648	0
PASC_USD	2018-12-19	0.24830	0.26958	0.27727	0.24299	0
PASC_USD	2018-12-18	0.26958	0.22397	0.27127	0.22397	0
PASC_USD	2018-12-17	0.22397	0.20356	0.23160	0.20096	0
PASC_USD	2018-12-16	0.20356	0.20728	0.21440	0.20307	0
PASC_USD	2018-12-15	0.20728	0.20439	0.20918	0.19666	0
PASC_USD	2018-12-14	0.20439	0.21083	0.21648	0.20003	0
PASC_USD	2018-12-13	0.21083	0.23325	0.23413	0.20928	0
PASC_USD	2018-12-12	0.23325	0.21396	0.23655	0.21357	0
PASC_USD	2018-12-11	0.21580	0.23685	0.23749	0.21530	0
PASC_USD	2018-12-10	0.23685	0.25485	0.25726	0.23448	0
PASC_USD	2018-12-09	0.25485	0.24544	0.26442	0.24289	0
PASC_USD	2018-12-08	0.24544	0.24361	0.25599	0.23223	0
PASC_USD	2018-12-07	0.24361	0.25113	0.25113	0.22353	0
PASC_USD	2018-12-06	0.25113	0.29017	0.29951	0.24943	0
PASC_USD	2018-12-05	0.29017	0.26549	0.29837	0.25921	0
PASC_USD	2018-12-04	0.26549	0.25997	0.28468	0.25306	0
PASC_USD	2018-12-03	0.25997	0.28858	0.28969	0.25414	0
PASC_USD	2018-12-02	0.28858	0.29711	0.30474	0.28075	0
PASC_USD	2018-12-01	0.29711	0.27434	0.30403	0.26769	0
PASC_USD	2018-11-30	0.27434	0.30702	0.31129	0.26015	0
PASC_USD	2018-11-29	0.30702	0.31726	0.33190	0.29726	0
PASC_USD	2018-11-28	0.31726	0.27317	0.33080	0.27317	0
PASC_USD	2018-11-27	0.27317	0.27397	0.28437	0.26126	0
PASC_USD	2018-11-26	0.27397	0.28664	0.29439	0.25493	0
PASC_USD	2018-11-25	0.28664	0.28228	0.29584	0.25660	0
PASC_USD	2018-11-24	0.28228	0.32213	0.32886	0.27317	0
PASC_USD	2018-11-23	0.32213	0.31810	0.32899	0.30641	0
PASC_USD	2018-11-22	0.31810	0.34196	0.35495	0.31781	0
PASC_USD	2018-11-21	0.34196	0.35679	0.35768	0.31942	0
PASC_USD	2018-11-20	0.35679	0.37427	0.40270	0.32016	0
PASC_USD	2018-11-19	0.37427	0.49325	0.49699	0.35968	0
PASC_USD	2018-11-18	0.49325	0.46141	0.51218	0.46141	0
PASC_USD	2018-11-17	0.46141	0.41751	0.46169	0.40950	0
PASC_USD	2018-11-16	0.41751	0.43085	0.44594	0.40671	0
PASC_USD	2018-11-15	0.43085	0.51236	0.52254	0.38589	0
PASC_USD	2018-11-14	0.51236	0.63410	0.64347	0.43012	0
PASC_USD	2018-11-13	0.63410	0.62410	0.71948	0.59424	0
PASC_USD	2018-11-12	0.62410	0.57215	0.62670	0.54785	0
PASC_USD	2018-11-11	0.57215	0.59867	0.61193	0.54807	0
PASC_USD	2018-11-10	0.59867	0.55139	0.70026	0.55139	0
PASC_USD	2018-11-09	0.55139	0.64799	0.67127	0.52827	0
PASC_USD	2018-11-08	0.64799	0.53564	0.71960	0.53564	0
PASC_USD	2018-11-07	0.53564	0.58953	0.60133	0.51670	0
PASC_USD	2018-11-06	0.58953	0.50221	0.60246	0.48723	0
PASC_USD	2018-11-05	0.50221	0.44764	0.51955	0.43679	0
PASC_USD	2018-11-04	0.44764	0.42077	0.45685	0.40921	0
PASC_USD	2018-11-03	0.42077	0.42855	0.43601	0.40423	0
PASC_USD	2018-11-02	0.42855	0.43694	0.44915	0.42831	0
PASC_USD	2018-11-01	0.43694	0.41089	0.44425	0.40922	0
PASC_USD	2018-10-31	0.41089	0.40902	0.42718	0.40473	0
PASC_USD	2018-10-30	0.40902	0.41432	0.43033	0.40235	0
PASC_USD	2018-10-29	0.41432	0.43455	0.45435	0.41350	0
PASC_USD	2018-10-28	0.43455	0.44357	0.45556	0.42210	0
PASC_USD	2018-10-27	0.44357	0.43434	0.46205	0.43255	0
PASC_USD	2018-10-26	0.43434	0.41261	0.45520	0.40851	0
PASC_USD	2018-10-25	0.41261	0.41962	0.42526	0.40736	0
PASC_USD	2018-10-24	0.41962	0.41688	0.44349	0.40983	0
PASC_USD	2018-10-23	0.41688	0.38819	0.42658	0.37877	0
PASC_USD	2018-10-22	0.38819	0.38435	0.39164	0.37773	0
PASC_USD	2018-10-21	0.38435	0.39309	0.40219	0.38435	0
PASC_USD	2018-10-20	0.39309	0.39231	0.39551	0.38327	0
PASC_USD	2018-10-19	0.39231	0.38783	0.40798	0.38537	0
PASC_USD	2018-10-18	0.38783	0.40588	0.41157	0.38582	0
PASC_USD	2018-10-17	0.40588	0.39270	0.41206	0.38945	0
PASC_USD	2018-10-16	0.39270	0.39255	0.41771	0.38893	0
PASC_USD	2018-10-15	0.39255	0.37616	0.43676	0.36786	0
PASC_USD	2018-10-14	0.37616	0.36877	0.39375	0.36583	0
PASC_USD	2018-10-13	0.36877	0.35815	0.38061	0.35646	0
PASC_USD	2018-10-12	0.35815	0.37263	0.38613	0.35149	0
PASC_USD	2018-10-11	0.37263	0.43551	0.43551	0.35406	0
PASC_USD	2018-10-10	0.43551	0.43170	0.45276	0.42052	0
PASC_USD	2018-10-09	0.43170	0.46156	0.46216	0.42470	0
PASC_USD	2018-10-08	0.46156	0.44187	0.50032	0.42593	0
PASC_USD	2018-10-07	0.44187	0.45161	0.48283	0.43341	0
PASC_USD	2018-10-06	0.45161	0.50567	0.50589	0.37116	0
PASC_USD	2018-10-05	0.50567	0.50624	0.50977	0.48485	0
PASC_USD	2018-10-04	0.50624	0.51238	0.52327	0.49408	0
PASC_USD	2018-10-03	0.51238	0.54369	0.54429	0.51068	0
PASC_USD	2018-10-02	0.54369	0.55754	0.57027	0.54184	0
PASC_USD	2018-10-01	0.55754	0.55351	0.57683	0.55028	0
PASC_USD	2018-09-30	0.55351	0.55971	0.56444	0.54652	0
PASC_USD	2018-09-29	0.55971	0.57002	0.57782	0.54991	0
PASC_USD	2018-09-28	0.57002	0.59980	0.64159	0.57002	0
PASC_USD	2018-09-27	0.59980	0.53227	0.60841	0.53227	0
PASC_USD	2018-09-26	0.53227	0.52733	0.55856	0.51612	0
PASC_USD	2018-09-25	0.52733	0.58031	0.58031	0.51098	0
PASC_USD	2018-09-24	0.58031	0.61332	0.62585	0.57526	0
PASC_USD	2018-09-23	0.61332	0.59579	0.64090	0.55843	0
PASC_USD	2018-09-22	0.59579	0.61060	0.62722	0.58788	0
PASC_USD	2018-09-21	0.61060	0.59606	0.64398	0.59533	0
PASC_USD	2018-09-20	0.59606	0.66289	0.67031	0.55679	0
PASC_USD	2018-09-19	0.66289	0.59999	0.68715	0.53589	0
PASC_USD	2018-09-18	0.59999	0.61040	0.62764	0.52804	0
PASC_USD	2018-09-17	0.61040	0.62177	0.71606	0.60491	0
PASC_USD	2018-09-16	0.62177	0.61761	0.76973	0.59131	0
PASC_USD	2018-09-15	0.61761	0.47136	0.62243	0.46848	0
PASC_USD	2018-09-14	0.47136	0.47641	0.51074	0.46366	0
PASC_USD	2018-09-13	0.47641	0.41863	0.53612	0.40093	0
PASC_USD	2018-09-12	0.41863	0.43536	0.43706	0.39038	0
PASC_USD	2018-09-11	0.43536	0.46301	0.47433	0.43092	0
PASC_USD	2018-09-10	0.46301	0.45500	0.48146	0.45230	0
PASC_USD	2018-09-09	0.45500	0.42754	0.48315	0.42221	0
PASC_USD	2018-09-08	0.42754	0.45008	0.47332	0.41994	0
PASC_USD	2018-09-07	0.45008	0.43393	0.50297	0.43101	0
PASC_USD	2018-09-06	0.43393	0.41176	0.43535	0.38771	0
PASC_USD	2018-09-05	0.41176	0.52241	0.60655	0.41075	0
PASC_USD	2018-09-04	0.52241	0.41548	0.52272	0.40639	0
PASC_USD	2018-09-03	0.41548	0.38194	0.42777	0.38138	0
PASC_USD	2018-09-02	0.38194	0.37923	0.41417	0.36750	0
PASC_USD	2018-09-01	0.37923	0.34712	0.38494	0.34573	0
PASC_USD	2018-08-31	0.34712	0.34418	0.36375	0.33660	0
PASC_USD	2018-08-30	0.34418	0.35609	0.35677	0.32919	0
PASC_USD	2018-08-29	0.35609	0.39788	0.39830	0.34502	0
PASC_USD	2018-08-28	0.39788	0.33756	0.42031	0.33072	0
PASC_USD	2018-08-27	0.33756	0.27843	0.40284	0.27772	0
PASC_USD	2018-08-26	0.27843	0.28844	0.29418	0.27721	0
PASC_USD	2018-08-25	0.28844	0.29237	0.31705	0.27629	0
PASC_USD	2018-08-24	0.29237	0.27124	0.29345	0.26735	0
PASC_USD	2018-08-23	0.27124	0.27183	0.27402	0.25807	0
PASC_USD	2018-08-22	0.27183	0.28922	0.30507	0.26889	0
PASC_USD	2018-08-21	0.28922	0.30209	0.30608	0.28357	0
PASC_USD	2018-08-20	0.30209	0.30662	0.31700	0.29896	0
PASC_USD	2018-08-19	0.30662	0.29982	0.31384	0.29600	0
PASC_USD	2018-08-18	0.29982	0.33326	0.33882	0.29805	0
PASC_USD	2018-08-17	0.33326	0.29813	0.33695	0.29400	0
PASC_USD	2018-08-16	0.29813	0.27865	0.30530	0.27667	0
PASC_USD	2018-08-15	0.27865	0.26303	0.30179	0.26295	0
PASC_USD	2018-08-14	0.26303	0.24548	0.28128	0.23542	0
PASC_USD	2018-08-13	0.24548	0.29840	0.31651	0.24527	0
PASC_USD	2018-08-12	0.29840	0.31575	0.32308	0.29751	0
PASC_USD	2018-08-11	0.31575	0.33514	0.33640	0.30607	0
PASC_USD	2018-08-10	0.33514	0.34982	0.38965	0.33352	0
PASC_USD	2018-08-09	0.34982	0.35131	0.37098	0.34341	0
PASC_USD	2018-08-08	0.35131	0.41140	0.41140	0.34840	0
PASC_USD	2018-08-07	0.41140	0.42640	0.44332	0.40936	0
PASC_USD	2018-08-06	0.42640	0.46932	0.47660	0.42062	0
PASC_USD	2018-08-05	0.46932	0.46337	0.47330	0.44570	0
PASC_USD	2018-08-04	0.46337	0.48313	0.51862	0.46314	0
PASC_USD	2018-08-03	0.48313	0.51681	0.53588	0.47870	0
PASC_USD	2018-08-02	0.51681	0.55369	0.55426	0.51172	0
PASC_USD	2018-08-01	0.55369	0.54575	0.57252	0.52940	0
PASC_USD	2018-07-31	0.54575	0.59515	0.62473	0.54047	0
PASC_USD	2018-07-30	0.59515	0.60000	0.60999	0.57293	0
PASC_USD	2018-07-29	0.60000	0.61468	0.63893	0.59937	0
PASC_USD	2018-07-28	0.61468	0.65649	0.65653	0.61225	0
PASC_USD	2018-07-27	0.65649	0.62833	0.67619	0.62725	0
PASC_USD	2018-07-26	0.62833	0.68370	0.68924	0.62437	0
PASC_USD	2018-07-25	0.68370	0.62306	0.71736	0.62009	0
PASC_USD	2018-07-24	0.62306	0.62322	0.65690	0.60355	0
PASC_USD	2018-07-23	0.62322	0.64267	0.67971	0.62160	0
PASC_USD	2018-07-22	0.64267	0.64343	0.66014	0.61503	0
PASC_USD	2018-07-21	0.64343	0.62380	0.64939	0.60386	0
PASC_USD	2018-07-20	0.62380	0.63981	0.66744	0.57851	0
PASC_USD	2018-07-19	0.63981	0.63154	0.65500	0.61038	0
PASC_USD	2018-07-18	0.63154	0.67578	0.69199	0.61883	0
PASC_USD	2018-07-17	0.67578	0.64056	0.68894	0.55404	0
PASC_USD	2018-07-16	0.64056	0.43233	0.64379	0.42822	0
PASC_USD	2018-07-15	0.43233	0.43772	0.44550	0.43081	0
PASC_USD	2018-07-14	0.43772	0.42791	0.43947	0.41516	0
PASC_USD	2018-07-13	0.42791	0.45423	0.46423	0.42791	0
PASC_USD	2018-07-12	0.45423	0.48280	0.48735	0.44329	0
PASC_USD	2018-07-11	0.48280	0.46960	0.49675	0.46880	0
PASC_USD	2018-07-10	0.46960	0.49997	0.50277	0.46413	0
PASC_USD	2018-07-09	0.49997	0.49283	0.54360	0.46784	0
PASC_USD	2018-07-08	0.49283	0.48921	0.50608	0.48381	0
PASC_USD	2018-07-07	0.48921	0.48787	0.49575	0.47333	0
PASC_USD	2018-07-06	0.48787	0.50661	0.50712	0.46673	0
PASC_USD	2018-07-05	0.50661	0.49883	0.53425	0.49405	0
PASC_USD	2018-07-04	0.49883	0.49123	0.52329	0.47863	0
PASC_USD	2018-07-03	0.49123	0.48271	0.51250	0.00629	0
PASC_USD	2018-07-02	0.48271	0.44120	0.49140	0.00001	0
PASC_USD	2018-07-01	0.44121	0.44817	0.45993	0.43288	0
PASC_USD	2018-06-30	0.44818	0.43980	0.45946	0.43893	0
PASC_USD	2018-06-29	0.44016	0.41899	0.44092	0.40885	0
PASC_USD	2018-06-28	0.41966	0.44262	0.44490	0.41760	0
PASC_USD	2018-06-27	0.44250	0.45966	0.46104	0.43088	0
PASC_USD	2018-06-26	0.46112	0.47524	0.49891	0.44720	0
PASC_USD	2018-06-25	0.47574	0.42518	0.49692	0.42428	0
PASC_USD	2018-06-24	0.42514	0.44158	0.46871	0.40117	0
PASC_USD	2018-06-23	0.44100	0.44648	0.46258	0.43850	0
PASC_USD	2018-06-22	0.44648	0.50596	0.50722	0.43877	0
PASC_USD	2018-06-21	0.50593	0.49845	0.52399	0.49771	0
PASC_USD	2018-06-20	0.49847	0.53210	0.53940	0.48143	0
PASC_USD	2018-06-19	0.53270	0.56997	0.57163	0.48230	0
PASC_USD	2018-06-18	0.56977	0.56257	0.57081	0.53810	0
PASC_USD	2018-06-17	0.56212	0.54786	0.58382	0.54172	0
PASC_USD	2018-06-16	0.54776	0.54052	0.55604	0.53078	0
PASC_USD	2018-06-15	0.54026	0.59146	0.59569	0.53793	0
PASC_USD	2018-06-14	0.59029	0.53697	0.60250	0.52458	0
PASC_USD	2018-06-13	0.54153	0.59121	0.59916	0.52642	0
PASC_USD	2018-06-12	0.59074	0.62328	0.65189	0.58221	0
PASC_USD	2018-06-11	0.62354	0.60499	0.62368	0.58368	0
PASC_USD	2018-06-10	0.60429	0.71184	0.71184	0.59842	0
PASC_USD	2018-06-09	0.71164	0.71397	0.80060	0.70926	0
PASC_USD	2018-06-08	0.71396	0.74971	0.75322	0.69560	0
PASC_USD	2018-06-07	0.75002	0.72154	0.80029	0.71402	0
PASC_USD	2018-06-06	0.72150	0.70091	0.73423	0.68779	0
PASC_USD	2018-06-05	0.70032	0.72367	0.72523	0.66505	0
PASC_USD	2018-06-04	0.72420	0.74742	0.83895	0.71050	0
PASC_USD	2018-06-03	0.74738	0.76948	0.80682	0.72885	0
PASC_USD	2018-06-02	0.77007	0.78217	0.79764	0.76536	0
PASC_USD	2018-06-01	0.78155	0.77550	0.79609	0.75771	0
PASC_USD	2018-05-31	0.77557	0.75957	0.81315	0.75433	0
PASC_USD	2018-05-30	0.75990	0.75362	0.79886	0.74978	0
PASC_USD	2018-05-29	0.75269	0.71542	0.78015	0.69590	0
PASC_USD	2018-05-28	0.71498	0.76475	0.79861	0.71386	0
PASC_USD	2018-05-27	0.76442	0.77505	0.85107	0.75527	0
PASC_USD	2018-05-26	0.77488	0.77772	0.81512	0.74745	0
PASC_USD	2018-05-25	0.77786	0.72166	0.83070	0.71471	0
PASC_USD	2018-05-24	0.72135	0.66971	0.75863	0.64277	0
PASC_USD	2018-05-23	0.66635	0.75942	0.76339	0.65759	0
PASC_USD	2018-05-22	0.75969	0.80675	0.81261	0.75460	0
PASC_USD	2018-05-21	0.80675	0.88644	0.90653	0.80221	0
PASC_USD	2018-05-20	0.88644	0.77666	0.93976	0.77067	0
PASC_USD	2018-05-19	0.77666	0.77908	0.80605	0.77274	0
PASC_USD	2018-05-18	0.77908	0.77466	0.79121	0.75365	0
PASC_USD	2018-05-17	0.77567	0.84878	0.86294	0.77004	0
PASC_USD	2018-05-16	0.84804	0.91559	0.91791	0.82641	0
PASC_USD	2018-05-15	0.91560	0.94723	0.97200	0.91040	0
PASC_USD	2018-05-14	0.94731	0.97968	0.98330	0.91619	0
PASC_USD	2018-05-13	0.97968	0.91100	0.99969	0.87807	0
PASC_USD	2018-05-12	0.90412	0.91347	0.95757	0.87409	0
PASC_USD	2018-05-11	0.91347	1.02291	1.02291	0.90497	0
PASC_USD	2018-05-10	1.02291	1.05575	1.06549	1.01874	0
PASC_USD	2018-05-09	1.05575	1.07382	1.09191	1.01655	0
PASC_USD	2018-05-08	1.07462	1.07197	1.08457	0.00011	0
PASC_USD	2018-05-07	1.04290	1.10828	1.11784	1.01524	0
PASC_USD	2018-05-06	1.10828	1.17007	1.21813	1.07630	0
PASC_USD	2018-05-05	1.16869	1.21915	1.23231	1.15149	0
PASC_USD	2018-05-04	1.21915	1.19248	1.22367	1.12851	0
PASC_USD	2018-05-03	1.19248	1.07762	1.22742	1.06915	0
PASC_USD	2018-05-02	1.07762	1.07425	1.09638	1.03927	0
PASC_USD	2018-05-01	1.07425	1.12543	1.13646	1.03576	0
PASC_USD	2018-04-30	1.12543	1.09807	1.19826	1.08446	0
PASC_USD	2018-04-29	1.09807	1.10895	1.14829	1.07141	0
PASC_USD	2018-04-28	1.10895	1.05978	1.13445	1.04884	0
PASC_USD	2018-04-27	1.05978	1.07948	1.18033	1.02297	0
PASC_USD	2018-04-26	1.07948	1.00604	1.07948	0.96049	0
PASC_USD	2018-04-25	1.00604	1.16406	1.19008	0.98222	0
PASC_USD	2018-04-24	1.16406	1.04841	1.17465	1.04729	0
PASC_USD	2018-04-23	1.04841	1.02693	1.14253	1.02231	0
PASC_USD	2018-04-22	1.02693	1.04832	1.05752	1.00518	0
PASC_USD	2018-04-21	1.04832	0.99596	1.17383	0.98988	0
PASC_USD	2018-04-20	0.99596	0.96020	1.01219	0.93693	0
PASC_USD	2018-04-19	0.96020	0.91343	1.07345	0.90887	0
PASC_USD	2018-04-18	0.91343	0.78906	0.92153	0.78756	0
PASC_USD	2018-04-17	0.78906	0.79755	0.83005	0.78268	0
PASC_USD	2018-04-16	0.79755	0.82379	0.86413	0.78396	0
PASC_USD	2018-04-15	0.82379	0.76181	0.84710	0.76162	0
PASC_USD	2018-04-14	0.76181	0.78951	0.86915	0.75780	0
PASC_USD	2018-04-13	0.78951	0.70338	0.79939	0.69383	0
PASC_USD	2018-04-12	0.70338	0.61590	0.72787	0.61575	0
PASC_USD	2018-04-11	0.61590	0.60711	0.64749	0.58888	0
PASC_USD	2018-04-10	0.60711	0.56285	0.64015	0.55652	0
PASC_USD	2018-04-09	0.56285	0.58396	0.61187	0.55075	0
PASC_USD	2018-04-08	0.58396	0.59436	0.61061	0.57697	0
PASC_USD	2018-04-07	0.59436	0.56403	0.60679	0.56193	0
PASC_USD	2018-04-06	0.56403	0.58195	0.59582	0.55213	0
PASC_USD	2018-04-05	0.58195	0.59284	0.60389	0.57134	0
PASC_USD	2018-04-04	0.59284	0.66786	0.67626	0.56629	0
PASC_USD	2018-04-03	0.66786	0.62889	0.68604	0.62778	0
PASC_USD	2018-04-02	0.62889	0.58571	0.66018	0.58443	0
PASC_USD	2018-04-01	0.58571	0.59699	0.61536	0.55276	0
PASC_USD	2018-03-31	0.59699	0.61526	0.65762	0.59286	0
PASC_USD	2018-03-30	0.61526	0.63344	0.64970	0.57999	0
PASC_USD	2018-03-29	0.63344	0.75653	0.77149	0.61568	0
PASC_USD	2018-03-28	0.75653	0.78010	0.79188	0.71341	0
PASC_USD	2018-03-27	0.78010	0.83982	0.86698	0.76995	0
PASC_USD	2018-03-26	0.83982	0.99063	1.02658	0.76917	0
PASC_USD	2018-03-25	0.99063	0.99324	1.02439	0.93004	0
PASC_USD	2018-03-24	0.99324	0.94311	1.11324	0.92989	0
PASC_USD	2018-03-23	0.94311	0.94626	0.95761	0.80490	0
PASC_USD	2018-03-22	0.94626	0.98002	1.00374	0.93522	0
PASC_USD	2018-03-21	0.98002	0.93381	1.03108	0.93205	0
PASC_USD	2018-03-20	0.93381	0.86644	0.95924	0.84096	0
PASC_USD	2018-03-19	0.86644	0.80048	0.89968	0.74697	0
PASC_USD	2018-03-18	0.80048	0.67271	0.82021	0.59500	0
PASC_USD	2018-03-17	0.67271	0.76932	0.80398	0.65969	0
PASC_USD	2018-03-16	0.76932	0.78638	0.83804	0.74498	0
PASC_USD	2018-03-15	0.78638	0.81941	0.83092	0.76945	0
PASC_USD	2018-03-14	0.81941	0.95327	0.99717	0.79633	0
PASC_USD	2018-03-13	0.95327	0.99818	1.00671	0.92709	0
PASC_USD	2018-03-12	0.99818	1.09539	1.11631	0.94804	0
PASC_USD	2018-03-11	1.09539	1.01029	1.12224	0.96190	0
PASC_USD	2018-03-10	1.01029	1.05292	1.18942	0.99948	0
PASC_USD	2018-03-09	1.05292	0.99967	1.06823	0.87169	0
PASC_USD	2018-03-08	0.99967	1.07861	1.09308	0.94627	0
PASC_USD	2018-03-07	1.07861	1.22920	1.25194	1.03807	0
PASC_USD	2018-03-06	1.22920	1.23555	1.39968	1.16786	0
PASC_USD	2018-03-05	1.23555	1.44678	1.44744	1.23139	0
PASC_USD	2018-03-04	1.44678	1.52247	1.58132	1.36047	0
PASC_USD	2018-03-03	1.52247	1.51736	1.60258	1.47313	0
PASC_USD	2018-03-02	1.51736	1.43777	1.57692	1.35263	0
