PAXEX_USD	2019-04-09	0.003176	0.003192	0.003197	0.003129	0
PAXEX_USD	2019-04-08	0.003192	0.003121	0.003201	0.003058	0
PAXEX_USD	2019-04-07	0.003121	0.003582	0.003684	0.003018	0
PAXEX_USD	2019-04-06	0.003582	0.003406	0.003687	0.003386	0
PAXEX_USD	2019-04-05	0.003406	0.003775	0.003959	0.003364	0
PAXEX_USD	2019-04-04	0.003775	0.003535	0.004222	0.003470	0
PAXEX_USD	2019-04-03	0.003535	0.004142	0.004744	0.003444	0
PAXEX_USD	2019-04-02	0.004142	0.002729	0.005269	0.002691	0
PAXEX_USD	2019-04-01	0.002729	0.002292	0.002751	0.002270	0
PAXEX_USD	2019-03-31	0.002292	0.002166	0.002328	0.002038	0
PAXEX_USD	2019-03-30	0.002166	0.002904	0.002947	0.002014	0
PAXEX_USD	2019-03-29	0.002904	0.002783	0.003239	0.002565	0
PAXEX_USD	2019-03-28	0.002783	0.001662	0.003742	0.001612	0
PAXEX_USD	2019-03-27	0.001662	0.001876	0.002005	0.001530	0
PAXEX_USD	2019-03-26	0.001876	0.001985	0.001988	0.001868	0
PAXEX_USD	2019-03-25	0.001985	0.001960	0.002084	0.001772	0
PAXEX_USD	2019-03-24	0.001960	0.002255	0.002290	0.001539	0
PAXEX_USD	2019-03-23	0.002255	0.002024	0.002256	0.002003	0
PAXEX_USD	2019-03-22	0.002024	0.001901	0.002256	0.001618	0
PAXEX_USD	2019-03-21	0.001901	0.002022	0.002046	0.001769	0
PAXEX_USD	2019-03-20	0.002022	0.002300	0.002393	0.001966	0
PAXEX_USD	2019-03-19	0.002300	0.001731	0.002540	0.001592	0
PAXEX_USD	2019-03-18	0.001731	0.001770	0.001870	0.001676	0
PAXEX_USD	2019-03-17	0.001770	0.001881	0.002019	0.001623	0
PAXEX_USD	2019-03-16	0.001881	0.001681	0.001881	0.001653	0
PAXEX_USD	2019-03-15	0.001681	0.001758	0.001843	0.001640	0
PAXEX_USD	2019-03-14	0.001758	0.001954	0.001954	0.001559	0
PAXEX_USD	2019-03-13	0.001954	0.002412	0.002432	0.001433	0
PAXEX_USD	2019-03-12	0.002412	0.002411	0.002467	0.002391	0
PAXEX_USD	2019-03-11	0.002411	0.002560	0.002581	0.002323	0
PAXEX_USD	2019-03-10	0.002560	0.002510	0.002720	0.002484	0
PAXEX_USD	2019-03-09	0.002510	0.002601	0.002750	0.002386	0
PAXEX_USD	2019-03-08	0.002601	0.002993	0.003155	0.002300	0
PAXEX_USD	2019-03-07	0.002993	0.003280	0.003316	0.002955	0
PAXEX_USD	2019-03-06	0.003280	0.003970	0.004017	0.003217	0
PAXEX_USD	2019-03-05	0.003970	0.003477	0.004948	0.003427	0
PAXEX_USD	2019-03-04	0.003477	0.003535	0.006170	0.003209	0
PAXEX_USD	2019-03-03	0.003535	0.004950	0.005288	0.003267	0
PAXEX_USD	2019-03-02	0.004950	0.005327	0.006298	0.004715	0
PAXEX_USD	2019-03-01	0.005327	0.007674	0.008271	0.005320	0
PAXEX_USD	2019-02-28	0.007674	0.010552	0.013338	0.007650	0
PAXEX_USD	2019-02-27	0.010552	0.022377	0.028905	0.009372	0
PAXEX_USD	2019-02-26	0.022377	0.035686	0.038181	0.021984	0
PAXEX_USD	2019-02-25	0.035686	0.027175	0.036057	0.027158	0
PAXEX_USD	2019-02-24	0.027175	0.035257	0.035257	0.027148	0
PAXEX_USD	2019-02-23	0.035257	0.034470	0.036436	0.031780	0
PAXEX_USD	2019-02-22	0.034470	0.033964	0.036564	0.032500	0
PAXEX_USD	2019-02-21	0.033964	0.037824	0.037824	0.033215	0
PAXEX_USD	2019-02-20	0.037824	0.036462	0.039320	0.034252	0
PAXEX_USD	2019-02-19	0.036462	0.028907	0.039159	0.021634	0
PAXEX_USD	2019-02-18	0.028907	0.026560	0.029074	0.025453	0
PAXEX_USD	2019-02-17	0.026560	0.022831	0.027316	0.020963	0
PAXEX_USD	2019-02-16	0.022831	0.020043	0.022933	0.020042	0
PAXEX_USD	2019-02-15	0.020043	0.018068	0.020103	0.017357	0
PAXEX_USD	2019-02-14	0.018068	0.016620	0.018081	0.014625	0
PAXEX_USD	2019-02-13	0.016620	0.015054	0.016733	0.014993	0
PAXEX_USD	2019-02-12	0.015054	0.012736	0.015331	0.012613	0
PAXEX_USD	2019-02-11	0.012736	0.013021	0.013053	0.012439	0
PAXEX_USD	2019-02-10	0.013021	0.011955	0.013024	0.011930	0
PAXEX_USD	2019-02-09	0.011955	0.011619	0.012139	0.010836	0
PAXEX_USD	2019-02-08	0.011619	0.009741	0.011619	0.008937	0
PAXEX_USD	2019-02-07	0.009741	0.010287	0.010677	0.006161	0
PAXEX_USD	2019-02-06	0.010287	0.010273	0.011305	0.007092	0
PAXEX_USD	2019-02-05	0.010273	0.010436	0.010802	0.006514	0
PAXEX_USD	2019-02-04	0.010436	0.012589	0.012670	0.009493	0
PAXEX_USD	2019-02-03	0.012589	0.012190	0.012597	0.007921	0
PAXEX_USD	2019-02-02	0.012190	0.011834	0.012819	0.010048	0
PAXEX_USD	2019-02-01	0.011834	0.010736	0.012290	0.010693	0
PAXEX_USD	2019-01-31	0.010736	0.010201	0.010948	0.010161	0
PAXEX_USD	2019-01-30	0.010201	0.008469	0.010216	0.008278	0
PAXEX_USD	2019-01-29	0.008469	0.010731	0.010776	0.006452	0
PAXEX_USD	2019-01-28	0.010731	0.010342	0.011751	0.009633	0
PAXEX_USD	2019-01-27	0.010342	0.009137	0.015558	0.008866	0
PAXEX_USD	2019-01-26	0.009137	0.021701	0.023438	0.007899	0
PAXEX_USD	2019-01-25	0.021701	0.024214	0.025935	0.012482	0
PAXEX_USD	2019-01-24	0.024214	0.019746	0.024219	0.014429	0
PAXEX_USD	2019-01-23	0.019746	0.010444	0.019849	0.009191	0
PAXEX_USD	2019-01-22	0.010444	0.005891	0.011243	0.005891	0
PAXEX_USD	2019-01-21	0.005891	0.002994	0.005903	0.002083	0
PAXEX_USD	2019-01-20	0.002994	0.002560	0.003087	0.001734	0
PAXEX_USD	2019-01-19	0.002560	0.001801	0.002562	0.001627	0
PAXEX_USD	2019-01-18	0.001801	0.001116	0.001812	0.001112	0
PAXEX_USD	2019-01-17	0.001116	0.001157	0.001160	0.001104	0
PAXEX_USD	2019-01-16	0.001157	0.001133	0.001189	0.001116	0
PAXEX_USD	2019-01-15	0.001133	0.001162	0.001170	0.001126	0
PAXEX_USD	2019-01-14	0.001162	0.001167	0.001178	0.001100	0
PAXEX_USD	2019-01-13	0.001167	0.001185	0.001209	0.001149	0
PAXEX_USD	2019-01-12	0.001185	0.001244	0.001249	0.001181	0
PAXEX_USD	2019-01-11	0.001244	0.001151	0.001261	0.001147	0
PAXEX_USD	2019-01-10	0.001151	0.001388	0.001448	0.001037	0
PAXEX_USD	2019-01-09	0.001388	0.001476	0.001568	0.001364	0
PAXEX_USD	2019-01-08	0.001476	0.001275	0.001528	0.001136	0
PAXEX_USD	2019-01-07	0.001275	0.001919	0.001924	0.001270	0
PAXEX_USD	2019-01-06	0.001919	0.002112	0.004342	0.001127	0
PAXEX_USD	2019-01-05	0.002112	0.002176	0.002203	0.002108	0
PAXEX_USD	2019-01-04	0.002176	0.002078	0.002182	0.002039	0
PAXEX_USD	2019-01-03	0.002078	0.002268	0.002271	0.002065	0
PAXEX_USD	2019-01-02	0.002268	0.002217	0.002280	0.002166	0
PAXEX_USD	2019-01-01	0.002217	0.002164	0.002217	0.002103	0
PAXEX_USD	2018-12-31	0.002164	0.002225	0.002231	0.002137	0
PAXEX_USD	2018-12-30	0.002225	0.001844	0.002940	0.001827	0
PAXEX_USD	2018-12-29	0.001844	0.001958	0.002118	0.001531	0
PAXEX_USD	2018-12-28	0.001958	0.001894	0.001969	0.001793	0
PAXEX_USD	2018-12-27	0.001894	0.002122	0.002166	0.001881	0
PAXEX_USD	2018-12-26	0.002122	0.001875	0.002185	0.001675	0
PAXEX_USD	2018-12-25	0.001875	0.002881	0.003060	0.001719	0
PAXEX_USD	2018-12-24	0.002881	0.002687	0.004202	0.002687	0
PAXEX_USD	2018-12-23	0.002687	0.002228	0.002987	0.001804	0
PAXEX_USD	2018-12-22	0.002228	0.002383	0.002876	0.002024	0
PAXEX_USD	2018-12-21	0.002383	0.002086	0.002715	0.001874	0
PAXEX_USD	2018-12-20	0.002086	0.001638	0.002092	0.001626	0
PAXEX_USD	2018-12-19	0.001638	0.001606	0.001697	0.001542	0
PAXEX_USD	2018-12-18	0.001606	0.001541	0.001614	0.001406	0
PAXEX_USD	2018-12-17	0.001541	0.001369	0.001574	0.001363	0
PAXEX_USD	2018-12-16	0.001369	0.001331	0.001371	0.001215	0
PAXEX_USD	2018-12-15	0.001331	0.001411	0.001427	0.001231	0
PAXEX_USD	2018-12-14	0.001411	0.001341	0.001453	0.001322	0
PAXEX_USD	2018-12-13	0.001341	0.001397	0.001406	0.001332	0
PAXEX_USD	2018-12-12	0.001397	0.001283	0.001436	0.001199	0
PAXEX_USD	2018-12-11	0.001277	0.001428	0.001473	0.001216	0
PAXEX_USD	2018-12-10	0.001428	0.001422	0.001462	0.001390	0
PAXEX_USD	2018-12-09	0.001422	0.001683	0.001764	0.001342	0
PAXEX_USD	2018-12-08	0.001683	0.001747	0.001860	0.001497	0
PAXEX_USD	2018-12-07	0.001747	0.001735	0.001872	0.001362	0
PAXEX_USD	2018-12-06	0.001735	0.001224	0.002622	0.001093	0
PAXEX_USD	2018-12-05	0.001224	0.001215	0.001299	0.001095	0
PAXEX_USD	2018-12-04	0.001215	0.001503	0.001846	0.001133	0
PAXEX_USD	2018-12-03	0.001503	0.001601	0.001626	0.001478	0
PAXEX_USD	2018-12-02	0.001601	0.001909	0.002173	0.001379	0
PAXEX_USD	2018-12-01	0.001909	0.002221	0.002700	0.001422	0
PAXEX_USD	2018-11-30	0.002221	0.002113	0.002882	0.001890	0
PAXEX_USD	2018-11-29	0.002113	0.002045	0.002219	0.001955	0
PAXEX_USD	2018-11-28	0.002045	0.002039	0.002286	0.001620	0
PAXEX_USD	2018-11-27	0.002039	0.001986	0.002080	0.001952	0
PAXEX_USD	2018-11-26	0.001986	0.002114	0.002166	0.001821	0
PAXEX_USD	2018-11-25	0.002114	0.002319	0.002539	0.001965	0
PAXEX_USD	2018-11-24	0.002319	0.002632	0.002687	0.002224	0
PAXEX_USD	2018-11-23	0.002632	0.003492	0.003516	0.002149	0
PAXEX_USD	2018-11-22	0.003492	0.003433	0.003691	0.003361	0
PAXEX_USD	2018-11-21	0.003433	0.003373	0.003508	0.003256	0
PAXEX_USD	2018-11-20	0.003373	0.003555	0.003658	0.003174	0
PAXEX_USD	2018-11-19	0.003555	0.003990	0.003990	0.003522	0
PAXEX_USD	2018-11-18	0.003990	0.003854	0.003997	0.003854	0
PAXEX_USD	2018-11-17	0.003854	0.004076	0.004199	0.003701	0
PAXEX_USD	2018-11-16	0.004076	0.004026	0.004104	0.003926	0
PAXEX_USD	2018-11-15	0.004026	0.003207	0.004027	0.002966	0
PAXEX_USD	2018-11-14	0.003207	0.005139	0.005156	0.003081	0
PAXEX_USD	2018-11-13	0.005139	0.005125	0.005165	0.005091	0
PAXEX_USD	2018-11-12	0.005125	0.005136	0.005151	0.005103	0
PAXEX_USD	2018-11-11	0.005136	0.005113	0.005136	0.005059	0
PAXEX_USD	2018-11-10	0.005113	0.005104	0.005137	0.005099	0
PAXEX_USD	2018-11-09	0.005104	0.005216	0.005221	0.005083	0
PAXEX_USD	2018-11-08	0.005216	0.005291	0.005301	0.005214	0
PAXEX_USD	2018-11-07	0.005291	0.005245	0.005319	0.005242	0
PAXEX_USD	2018-11-06	0.005245	0.005208	0.005245	0.005190	0
PAXEX_USD	2018-11-05	0.005208	0.005221	0.005229	0.005184	0
PAXEX_USD	2018-11-04	0.005221	0.005142	0.005240	0.005120	0
PAXEX_USD	2018-11-03	0.005142	0.005174	0.005178	0.005097	0
PAXEX_USD	2018-11-02	0.005174	0.005152	0.005196	0.005145	0
PAXEX_USD	2018-11-01	0.005152	0.005158	0.005171	0.005085	0
PAXEX_USD	2018-10-31	0.005158	0.005064	0.005166	0.005001	0
PAXEX_USD	2018-10-30	0.005064	0.005075	0.005122	0.005051	0
PAXEX_USD	2018-10-29	0.005075	0.005192	0.005220	0.005057	0
PAXEX_USD	2018-10-28	0.005192	0.005233	0.005241	0.005165	0
PAXEX_USD	2018-10-27	0.005233	0.005225	0.005259	0.005218	0
PAXEX_USD	2018-10-26	0.005225	0.005222	0.005270	0.005211	0
PAXEX_USD	2018-10-25	0.005222	0.005243	0.005251	0.005206	0
PAXEX_USD	2018-10-24	0.005243	0.005240	0.005298	0.005223	0
PAXEX_USD	2018-10-23	0.005240	0.005254	0.005267	0.005226	0
PAXEX_USD	2018-10-22	0.005254	0.005270	0.005346	0.005239	0
PAXEX_USD	2018-10-21	0.005270	0.005268	0.005324	0.005267	0
PAXEX_USD	2018-10-20	0.005268	0.005287	0.005359	0.005251	0
PAXEX_USD	2018-10-19	0.005287	0.005357	0.005370	0.005281	0
PAXEX_USD	2018-10-18	0.005357	0.004613	0.005434	0.004600	0
PAXEX_USD	2018-10-17	0.004613	0.004697	0.004699	0.004314	0
PAXEX_USD	2018-10-16	0.004697	0.004618	0.004755	0.004552	0
PAXEX_USD	2018-10-15	0.004618	0.004307	0.005187	0.004284	0
PAXEX_USD	2018-10-14	0.004307	0.005219	0.005275	0.004240	0
PAXEX_USD	2018-10-13	0.005219	0.005195	0.005223	0.005188	0
PAXEX_USD	2018-10-12	0.005195	0.005161	0.005237	0.005134	0
PAXEX_USD	2018-10-11	0.005161	0.005437	0.005437	0.005116	0
PAXEX_USD	2018-10-10	0.005437	0.005664	0.005664	0.005384	0
PAXEX_USD	2018-10-09	0.005664	0.005772	0.005778	0.005584	0
PAXEX_USD	2018-10-08	0.005772	0.005875	0.005893	0.005184	0
PAXEX_USD	2018-10-07	0.005875	0.005834	0.005940	0.005104	0
PAXEX_USD	2018-10-06	0.005834	0.006844	0.006880	0.005147	0
PAXEX_USD	2018-10-05	0.006844	0.006876	0.006924	0.006787	0
PAXEX_USD	2018-10-04	0.006876	0.006731	0.006900	0.006727	0
PAXEX_USD	2018-10-03	0.006731	0.006800	0.006807	0.005799	0
PAXEX_USD	2018-10-02	0.006800	0.006733	0.006862	0.006718	0
PAXEX_USD	2018-10-01	0.006733	0.007744	0.007956	0.006678	0
PAXEX_USD	2018-09-30	0.007744	0.007595	0.007888	0.007412	0
PAXEX_USD	2018-09-29	0.007595	0.007564	0.007757	0.007307	0
PAXEX_USD	2018-09-28	0.007564	0.007625	0.007789	0.007366	0
PAXEX_USD	2018-09-27	0.007625	0.007755	0.008023	0.007433	0
PAXEX_USD	2018-09-26	0.007755	0.007561	0.007782	0.007366	0
PAXEX_USD	2018-09-25	0.007561	0.008198	0.008198	0.006960	0
PAXEX_USD	2018-09-24	0.008198	0.008355	0.008371	0.008161	0
PAXEX_USD	2018-09-23	0.008355	0.008372	0.008445	0.008299	0
PAXEX_USD	2018-09-22	0.008372	0.008838	0.008927	0.008335	0
PAXEX_USD	2018-09-21	0.008838	0.008873	0.008921	0.008526	0
PAXEX_USD	2018-09-20	0.008873	0.009044	0.009084	0.008750	0
PAXEX_USD	2018-09-19	0.009044	0.009038	0.009153	0.008403	0
PAXEX_USD	2018-09-18	0.009038	0.008725	0.009087	0.008691	0
PAXEX_USD	2018-09-17	0.008725	0.008838	0.008959	0.008585	0
PAXEX_USD	2018-09-16	0.008838	0.008574	0.008911	0.008454	0
PAXEX_USD	2018-09-15	0.008574	0.008758	0.008803	0.008433	0
PAXEX_USD	2018-09-14	0.008758	0.008515	0.008846	0.008496	0
PAXEX_USD	2018-09-13	0.008515	0.008903	0.009210	0.007037	0
PAXEX_USD	2018-09-12	0.008903	0.010630	0.010640	0.007785	0
PAXEX_USD	2018-09-11	0.010630	0.011008	0.011110	0.010612	0
PAXEX_USD	2018-09-10	0.011008	0.011075	0.011398	0.010373	0
PAXEX_USD	2018-09-09	0.011075	0.012123	0.013220	0.010772	0
PAXEX_USD	2018-09-08	0.012123	0.013288	0.013617	0.011771	0
PAXEX_USD	2018-09-07	0.013288	0.013386	0.013477	0.011754	0
PAXEX_USD	2018-09-06	0.013386	0.012168	0.013596	0.011518	0
PAXEX_USD	2018-09-05	0.012168	0.013209	0.013393	0.012161	0
PAXEX_USD	2018-09-04	0.013209	0.014831	0.014918	0.013169	0
PAXEX_USD	2018-09-03	0.014831	0.012940	0.016002	0.012258	0
PAXEX_USD	2018-09-02	0.012940	0.027818	0.028164	0.011791	0
PAXEX_USD	2018-09-01	0.027818	0.023855	0.028109	0.022470	0
PAXEX_USD	2018-08-31	0.023855	0.023570	0.024513	0.023425	0
PAXEX_USD	2018-08-30	0.023570	0.028433	0.028487	0.021125	0
PAXEX_USD	2018-08-29	0.028433	0.028420	0.029134	0.026243	0
PAXEX_USD	2018-08-28	0.028420	0.027750	0.028579	0.027626	0
PAXEX_USD	2018-08-27	0.027750	0.027069	0.027782	0.026838	0
PAXEX_USD	2018-08-26	0.027069	0.027361	0.027531	0.026737	0
PAXEX_USD	2018-08-25	0.027361	0.027245	0.027643	0.027125	0
PAXEX_USD	2018-08-24	0.027245	0.026500	0.027371	0.026271	0
PAXEX_USD	2018-08-23	0.026500	0.025801	0.026657	0.025783	0
PAXEX_USD	2018-08-22	0.025801	0.026273	0.027844	0.025387	0
PAXEX_USD	2018-08-21	0.026273	0.025333	0.026355	0.025313	0
PAXEX_USD	2018-08-20	0.025333	0.026622	0.026724	0.025232	0
PAXEX_USD	2018-08-19	0.026622	0.034446	0.034446	0.026599	0
PAXEX_USD	2018-08-18	0.034446	0.044441	0.046761	0.034421	0
PAXEX_USD	2018-08-17	0.044441	0.029949	0.057199	0.029860	0
PAXEX_USD	2018-08-16	0.029949	0.026836	0.030741	0.026648	0
PAXEX_USD	2018-08-15	0.026836	0.026445	0.028305	0.026428	0
PAXEX_USD	2018-08-14	0.026445	0.026665	0.026665	0.025134	0
PAXEX_USD	2018-08-13	0.026665	0.026897	0.027910	0.026273	0
PAXEX_USD	2018-08-12	0.026897	0.026481	0.027445	0.026273	0
PAXEX_USD	2018-08-11	0.026481	0.026203	0.027607	0.025693	0
PAXEX_USD	2018-08-10	0.026203	0.027944	0.028135	0.025727	0
PAXEX_USD	2018-08-09	0.027944	0.026838	0.028307	0.026491	0
PAXEX_USD	2018-08-08	0.026838	0.029021	0.029021	0.026525	0
PAXEX_USD	2018-08-07	0.029021	0.029902	0.030852	0.028831	0
PAXEX_USD	2018-08-06	0.029902	0.030275	0.030762	0.029528	0
PAXEX_USD	2018-08-05	0.030275	0.030161	0.030485	0.029655	0
PAXEX_USD	2018-08-04	0.030161	0.031816	0.032179	0.029799	0
PAXEX_USD	2018-08-03	0.031816	0.032251	0.032272	0.031189	0
PAXEX_USD	2018-08-02	0.032251	0.032570	0.032994	0.031860	0
PAXEX_USD	2018-08-01	0.032570	0.033071	0.033152	0.031827	0
PAXEX_USD	2018-07-31	0.033071	0.034932	0.034953	0.032738	0
PAXEX_USD	2018-07-30	0.034932	0.035190	0.035339	0.033586	0
PAXEX_USD	2018-07-29	0.035190	0.035209	0.035421	0.034767	0
PAXEX_USD	2018-07-28	0.035209	0.035333	0.035374	0.035168	0
PAXEX_USD	2018-07-27	0.035333	0.035416	0.035498	0.035292	0
PAXEX_USD	2018-07-26	0.035416	0.035328	0.035710	0.035112	0
PAXEX_USD	2018-07-25	0.035328	0.036218	0.036531	0.034865	0
PAXEX_USD	2018-07-24	0.036218	0.033400	0.036474	0.033309	0
PAXEX_USD	2018-07-23	0.033400	0.031974	0.033690	0.031856	0
PAXEX_USD	2018-07-22	0.031974	0.031834	0.032638	0.031618	0
PAXEX_USD	2018-07-21	0.031834	0.031382	0.031983	0.030906	0
PAXEX_USD	2018-07-20	0.031382	0.031875	0.032836	0.031132	0
PAXEX_USD	2018-07-19	0.031875	0.031380	0.032189	0.031036	0
PAXEX_USD	2018-07-18	0.031380	0.031110	0.032252	0.030849	0
PAXEX_USD	2018-07-17	0.031110	0.031560	0.034964	0.031094	0
PAXEX_USD	2018-07-16	0.031560	0.029575	0.031615	0.029539	0
PAXEX_USD	2018-07-15	0.029575	0.029031	0.029769	0.028954	0
PAXEX_USD	2018-07-14	0.029031	0.028830	0.029307	0.028675	0
PAXEX_USD	2018-07-13	0.028830	0.028664	0.029271	0.028418	0
PAXEX_USD	2018-07-12	0.028664	0.028891	0.028891	0.027974	0
PAXEX_USD	2018-07-11	0.028891	0.028165	0.028891	0.028117	0
PAXEX_USD	2018-07-10	0.028165	0.029770	0.029860	0.028072	0
PAXEX_USD	2018-07-09	0.029770	0.029850	0.030343	0.029664	0
PAXEX_USD	2018-07-08	0.029850	0.030056	0.030185	0.029733	0
PAXEX_USD	2018-07-07	0.030056	0.029277	0.030342	0.028913	0
PAXEX_USD	2018-07-06	0.029277	0.028875	0.029404	0.028554	0
PAXEX_USD	2018-07-05	0.028875	0.028765	0.029437	0.028490	0
PAXEX_USD	2018-07-04	0.028765	0.032955	0.033175	0.023045	0
PAXEX_USD	2018-07-03	0.032955	0.033551	0.033815	0.000441	0
PAXEX_USD	2018-07-02	0.033551	0.032190	0.033839	0.000000	0
PAXEX_USD	2018-07-01	0.032193	0.032117	0.032512	0.031778	0
PAXEX_USD	2018-06-30	0.032118	0.027759	0.032255	0.027465	0
PAXEX_USD	2018-06-29	0.027781	0.025883	0.028103	0.025883	0
PAXEX_USD	2018-06-28	0.025925	0.026988	0.027244	0.025798	0
PAXEX_USD	2018-06-27	0.026985	0.027116	0.027559	0.022398	0
PAXEX_USD	2018-06-26	0.027202	0.031785	0.031832	0.024169	0
PAXEX_USD	2018-06-25	0.031764	0.038966	0.040630	0.027662	0
PAXEX_USD	2018-06-24	0.038979	0.044321	0.044464	0.037832	0
PAXEX_USD	2018-06-23	0.044263	0.038007	0.058878	0.033630	0
PAXEX_USD	2018-06-22	0.038008	0.036053	0.041233	0.035548	0
PAXEX_USD	2018-06-21	0.036051	0.036301	0.036441	0.035931	0
PAXEX_USD	2018-06-20	0.036303	0.036187	0.036577	0.035239	0
PAXEX_USD	2018-06-19	0.036228	0.036040	0.036665	0.035817	0
PAXEX_USD	2018-06-18	0.036028	0.034599	0.036441	0.034304	0
PAXEX_USD	2018-06-17	0.034571	0.034835	0.035281	0.034513	0
PAXEX_USD	2018-06-16	0.034829	0.034287	0.035171	0.033992	0
PAXEX_USD	2018-06-15	0.034271	0.035700	0.035700	0.034155	0
PAXEX_USD	2018-06-14	0.035632	0.033867	0.036001	0.033715	0
PAXEX_USD	2018-06-13	0.033848	0.035174	0.035505	0.032967	0
PAXEX_USD	2018-06-12	0.035165	0.036928	0.036928	0.034621	0
PAXEX_USD	2018-06-11	0.036946	0.036019	0.037071	0.035384	0
PAXEX_USD	2018-06-10	0.035977	0.040905	0.040905	0.035365	0
PAXEX_USD	2018-06-09	0.040893	0.048928	0.049383	0.040756	0
PAXEX_USD	2018-06-08	0.048927	0.049266	0.049346	0.048394	0
PAXEX_USD	2018-06-07	0.049286	0.048794	0.049561	0.048794	0
PAXEX_USD	2018-06-06	0.048753	0.047790	0.054932	0.047543	0
PAXEX_USD	2018-06-05	0.047750	0.046881	0.048101	0.046154	0
PAXEX_USD	2018-06-04	0.046916	0.048126	0.048326	0.046537	0
PAXEX_USD	2018-06-03	0.048083	0.047625	0.048521	0.047425	0
PAXEX_USD	2018-06-02	0.047661	0.046818	0.047904	0.046365	0
PAXEX_USD	2018-06-01	0.046781	0.043493	0.053641	0.043295	0
PAXEX_USD	2018-05-31	0.043497	0.042868	0.044178	0.042671	0
PAXEX_USD	2018-05-30	0.042886	0.033706	0.045593	0.033600	0
PAXEX_USD	2018-05-29	0.033666	0.027315	0.034031	0.027315	0
PAXEX_USD	2018-05-28	0.027299	0.049784	0.050376	0.027291	0
PAXEX_USD	2018-05-27	0.049763	0.049178	0.050087	0.048462	0
PAXEX_USD	2018-05-26	0.049167	0.038141	0.055718	0.037654	0
PAXEX_USD	2018-05-25	0.038147	0.038979	0.039422	0.037601	0
PAXEX_USD	2018-05-24	0.038962	0.037029	0.039546	0.037029	0
PAXEX_USD	2018-05-23	0.037057	0.039567	0.039777	0.036717	0
PAXEX_USD	2018-05-22	0.039581	0.042606	0.042655	0.039429	0
PAXEX_USD	2018-05-21	0.042606	0.042189	0.042730	0.041801	0
PAXEX_USD	2018-05-20	0.042189	0.040788	0.042486	0.040449	0
PAXEX_USD	2018-05-19	0.040788	0.040783	0.041540	0.040310	0
PAXEX_USD	2018-05-18	0.040783	0.040036	0.041083	0.039401	0
PAXEX_USD	2018-05-17	0.040088	0.041491	0.042066	0.039737	0
PAXEX_USD	2018-05-16	0.041456	0.042076	0.042186	0.040276	0
PAXEX_USD	2018-05-15	0.042076	0.042942	0.043779	0.041875	0
PAXEX_USD	2018-05-14	0.042945	0.042897	0.044037	0.040933	0
PAXEX_USD	2018-05-13	0.042897	0.041823	0.043196	0.041099	0
PAXEX_USD	2018-05-12	0.041728	0.040745	0.042661	0.040580	0
PAXEX_USD	2018-05-11	0.040745	0.043651	0.043651	0.040517	0
PAXEX_USD	2018-05-10	0.043651	0.045100	0.045471	0.043575	0
PAXEX_USD	2018-05-09	0.045100	0.047070	0.047135	0.043418	0
PAXEX_USD	2018-05-08	0.047100	0.045016	0.047489	0.000005	0
PAXEX_USD	2018-05-07	0.045305	0.046991	0.048521	0.044296	0
PAXEX_USD	2018-05-06	0.046991	0.051149	0.051664	0.046167	0
PAXEX_USD	2018-05-05	0.051089	0.050286	0.051678	0.050174	0
PAXEX_USD	2018-05-04	0.050286	0.051562	0.051854	0.049827	0
PAXEX_USD	2018-05-03	0.051562	0.048901	0.051938	0.048563	0
PAXEX_USD	2018-05-02	0.048901	0.048096	0.049082	0.047638	0
PAXEX_USD	2018-05-01	0.048140	0.049229	0.049242	0.047053	0
PAXEX_USD	2018-04-30	0.049229	0.052162	0.052448	0.048861	0
PAXEX_USD	2018-04-29	0.052162	0.052115	0.053346	0.051295	0
PAXEX_USD	2018-04-28	0.052115	0.049960	0.052659	0.049641	0
PAXEX_USD	2018-04-27	0.049960	0.051775	0.052439	0.049817	0
PAXEX_USD	2018-04-26	0.051780	0.052853	0.053308	0.047402	0
PAXEX_USD	2018-04-25	0.052853	0.057325	0.057946	0.052266	0
PAXEX_USD	2018-04-24	0.057458	0.053102	0.057844	0.053045	0
PAXEX_USD	2018-04-23	0.053013	0.056582	0.057082	0.052132	0
PAXEX_USD	2018-04-22	0.056582	0.057586	0.059170	0.056280	0
PAXEX_USD	2018-04-21	0.057586	0.068349	0.068349	0.053956	0
PAXEX_USD	2018-04-20	0.068349	0.063715	0.068807	0.063374	0
PAXEX_USD	2018-04-19	0.063715	0.062760	0.063885	0.062323	0
PAXEX_USD	2018-04-18	0.062760	0.060596	0.063199	0.060482	0
PAXEX_USD	2018-04-17	0.060596	0.065617	0.065738	0.060113	0
PAXEX_USD	2018-04-16	0.065617	0.069112	0.075491	0.065609	0
PAXEX_USD	2018-04-15	0.069112	0.072446	0.073535	0.065696	0
PAXEX_USD	2018-04-14	0.072446	0.070674	0.074328	0.070165	0
PAXEX_USD	2018-04-13	0.070674	0.073186	0.091021	0.063472	0
PAXEX_USD	2018-04-12	0.073192	0.063763	0.074585	0.062542	0
PAXEX_USD	2018-04-11	0.063763	0.049932	0.064020	0.049606	0
PAXEX_USD	2018-04-10	0.049932	0.049459	0.050296	0.048566	0
PAXEX_USD	2018-04-09	0.049442	0.043736	0.049983	0.041941	0
PAXEX_USD	2018-04-08	0.043736	0.042806	0.044204	0.042782	0
PAXEX_USD	2018-04-07	0.042806	0.039983	0.043827	0.039904	0
PAXEX_USD	2018-04-06	0.039983	0.042701	0.043392	0.039554	0
PAXEX_USD	2018-04-05	0.042701	0.042484	0.043504	0.041207	0
PAXEX_USD	2018-04-04	0.042484	0.046168	0.046243	0.041918	0
PAXEX_USD	2018-04-03	0.046168	0.044397	0.046790	0.044187	0
PAXEX_USD	2018-04-02	0.044397	0.039056	0.055579	0.038852	0
PAXEX_USD	2018-04-01	0.039056	0.039647	0.040246	0.036937	0
PAXEX_USD	2018-03-31	0.039647	0.042787	0.044365	0.038754	0
PAXEX_USD	2018-03-30	0.042787	0.053475	0.054725	0.042658	0
PAXEX_USD	2018-03-29	0.053475	0.059835	0.059992	0.051978	0
PAXEX_USD	2018-03-28	0.059835	0.058652	0.061067	0.058244	0
PAXEX_USD	2018-03-27	0.058652	0.061302	0.061915	0.058407	0
PAXEX_USD	2018-03-26	0.061302	0.063677	0.064034	0.059218	0
PAXEX_USD	2018-03-25	0.063677	0.064137	0.065276	0.063138	0
PAXEX_USD	2018-03-24	0.064137	0.067079	0.067934	0.064067	0
PAXEX_USD	2018-03-23	0.067079	0.065638	0.067085	0.062298	0
PAXEX_USD	2018-03-22	0.065638	0.067061	0.068463	0.063846	0
PAXEX_USD	2018-03-21	0.067061	0.064629	0.069065	0.064389	0
PAXEX_USD	2018-03-20	0.064629	0.064370	0.065563	0.060738	0
PAXEX_USD	2018-03-19	0.064370	0.059997	0.064543	0.059260	0
PAXEX_USD	2018-03-18	0.059997	0.056627	0.060377	0.053460	0
PAXEX_USD	2018-03-17	0.056627	0.059577	0.059925	0.055723	0
PAXEX_USD	2018-03-16	0.059577	0.059348	0.061764	0.056829	0
PAXEX_USD	2018-03-15	0.059348	0.058848	0.061392	0.055180	0
PAXEX_USD	2018-03-14	0.058848	0.066411	0.067995	0.056969	0
PAXEX_USD	2018-03-13	0.066411	0.066712	0.069304	0.065085	0
PAXEX_USD	2018-03-12	0.066712	0.068379	0.072361	0.064393	0
PAXEX_USD	2018-03-11	0.068379	0.064049	0.069833	0.061140	0
PAXEX_USD	2018-03-10	0.064049	0.060575	0.069529	0.060553	0
PAXEX_USD	2018-03-09	0.060575	0.066022	0.066880	0.054477	0
PAXEX_USD	2018-03-08	0.066022	0.070208	0.071659	0.064173	0
PAXEX_USD	2018-03-07	0.070208	0.076185	0.077430	0.067035	0
PAXEX_USD	2018-03-06	0.076185	0.085066	0.085066	0.075185	0
PAXEX_USD	2018-03-05	0.085066	0.085328	0.086667	0.081507	0
PAXEX_USD	2018-03-04	0.085328	0.082390	0.090397	0.069877	0
PAXEX_USD	2018-03-03	0.082390	0.070279	0.082502	0.070279	0
PAXEX_USD	2018-03-02	0.070279	0.069493	0.071141	0.068704	0
