PLAY_USD	2019-04-09	0.020873	0.021123	0.021123	0.020561	0
PLAY_USD	2019-04-08	0.021123	0.020353	0.021451	0.018990	0
PLAY_USD	2019-04-07	0.020353	0.019762	0.020539	0.019693	0
PLAY_USD	2019-04-06	0.019762	0.019625	0.021183	0.019203	0
PLAY_USD	2019-04-05	0.019625	0.022330	0.023064	0.018216	0
PLAY_USD	2019-04-04	0.022330	0.024545	0.025241	0.021298	0
PLAY_USD	2019-04-03	0.024545	0.027444	0.029360	0.023913	0
PLAY_USD	2019-04-02	0.027444	0.021834	0.027798	0.021786	0
PLAY_USD	2019-04-01	0.021834	0.023005	0.023180	0.021793	0
PLAY_USD	2019-03-31	0.023005	0.021470	0.023595	0.021317	0
PLAY_USD	2019-03-30	0.021470	0.022922	0.023218	0.020960	0
PLAY_USD	2019-03-29	0.022922	0.022366	0.022940	0.022338	0
PLAY_USD	2019-03-28	0.022366	0.021292	0.022371	0.021131	0
PLAY_USD	2019-03-27	0.021292	0.020717	0.021329	0.020654	0
PLAY_USD	2019-03-26	0.020717	0.023840	0.023897	0.020486	0
PLAY_USD	2019-03-25	0.023840	0.024330	0.024380	0.023659	0
PLAY_USD	2019-03-24	0.024330	0.024460	0.024460	0.024159	0
PLAY_USD	2019-03-23	0.024460	0.024252	0.024539	0.024227	0
PLAY_USD	2019-03-22	0.024252	0.024370	0.024436	0.024224	0
PLAY_USD	2019-03-21	0.024370	0.024907	0.025021	0.024196	0
PLAY_USD	2019-03-20	0.024907	0.028158	0.028264	0.024769	0
PLAY_USD	2019-03-19	0.028158	0.027884	0.028229	0.027787	0
PLAY_USD	2019-03-18	0.027884	0.027771	0.028110	0.027679	0
PLAY_USD	2019-03-17	0.027771	0.027728	0.027832	0.027319	0
PLAY_USD	2019-03-16	0.027728	0.026641	0.027947	0.026641	0
PLAY_USD	2019-03-15	0.026641	0.024292	0.026655	0.024235	0
PLAY_USD	2019-03-14	0.024292	0.024300	0.024600	0.023911	0
PLAY_USD	2019-03-13	0.024300	0.024337	0.024438	0.024160	0
PLAY_USD	2019-03-12	0.024337	0.024303	0.024494	0.023981	0
PLAY_USD	2019-03-11	0.024303	0.024476	0.024516	0.022997	0
PLAY_USD	2019-03-10	0.024476	0.024755	0.024766	0.024365	0
PLAY_USD	2019-03-09	0.024755	0.024412	0.025018	0.024371	0
PLAY_USD	2019-03-08	0.024412	0.024601	0.024922	0.024031	0
PLAY_USD	2019-03-07	0.024601	0.024539	0.024800	0.024419	0
PLAY_USD	2019-03-06	0.024539	0.024490	0.024659	0.024248	0
PLAY_USD	2019-03-05	0.024490	0.023655	0.024594	0.023570	0
PLAY_USD	2019-03-04	0.023655	0.022822	0.023879	0.022276	0
PLAY_USD	2019-03-03	0.022822	0.023791	0.023835	0.022697	0
PLAY_USD	2019-03-02	0.023791	0.023893	0.024301	0.023620	0
PLAY_USD	2019-03-01	0.023893	0.023782	0.024418	0.023767	0
PLAY_USD	2019-02-28	0.023782	0.025414	0.025655	0.023763	0
PLAY_USD	2019-02-27	0.025414	0.023663	0.025672	0.023182	0
PLAY_USD	2019-02-26	0.023663	0.026210	0.026210	0.023644	0
PLAY_USD	2019-02-25	0.026210	0.025488	0.026491	0.024808	0
PLAY_USD	2019-02-24	0.025488	0.030770	0.031976	0.024871	0
PLAY_USD	2019-02-23	0.030770	0.030710	0.031721	0.030032	0
PLAY_USD	2019-02-22	0.030710	0.027047	0.030764	0.027021	0
PLAY_USD	2019-02-21	0.027047	0.026272	0.027167	0.025777	0
PLAY_USD	2019-02-20	0.026272	0.028259	0.028711	0.026119	0
PLAY_USD	2019-02-19	0.028259	0.025665	0.028607	0.025435	0
PLAY_USD	2019-02-18	0.025665	0.024842	0.025898	0.024528	0
PLAY_USD	2019-02-17	0.024842	0.023787	0.025829	0.023764	0
PLAY_USD	2019-02-16	0.023787	0.020006	0.024980	0.020006	0
PLAY_USD	2019-02-15	0.020006	0.019915	0.020235	0.019846	0
PLAY_USD	2019-02-14	0.019915	0.019977	0.020044	0.019834	0
PLAY_USD	2019-02-13	0.019977	0.020115	0.020339	0.019877	0
PLAY_USD	2019-02-12	0.020115	0.020227	0.020294	0.020031	0
PLAY_USD	2019-02-11	0.020227	0.020627	0.020641	0.018602	0
PLAY_USD	2019-02-10	0.020627	0.020470	0.020632	0.020191	0
PLAY_USD	2019-02-09	0.020470	0.020482	0.020512	0.020113	0
PLAY_USD	2019-02-08	0.020482	0.018898	0.020846	0.018853	0
PLAY_USD	2019-02-07	0.018898	0.018986	0.019042	0.018871	0
PLAY_USD	2019-02-06	0.018986	0.019316	0.019365	0.018828	0
PLAY_USD	2019-02-05	0.019316	0.019232	0.019338	0.019135	0
PLAY_USD	2019-02-04	0.019232	0.019575	0.019656	0.019212	0
PLAY_USD	2019-02-03	0.019575	0.018543	0.021833	0.018428	0
PLAY_USD	2019-02-02	0.018543	0.018467	0.018610	0.018292	0
PLAY_USD	2019-02-01	0.018467	0.019475	0.019721	0.018076	0
PLAY_USD	2019-01-31	0.019475	0.018389	0.019647	0.017229	0
PLAY_USD	2019-01-30	0.018389	0.017772	0.018488	0.017640	0
PLAY_USD	2019-01-29	0.017772	0.017926	0.017984	0.017509	0
PLAY_USD	2019-01-28	0.017926	0.018417	0.018600	0.017680	0
PLAY_USD	2019-01-27	0.018417	0.017874	0.018564	0.017417	0
PLAY_USD	2019-01-26	0.017874	0.017455	0.018044	0.017454	0
PLAY_USD	2019-01-25	0.017455	0.017384	0.017511	0.017186	0
PLAY_USD	2019-01-24	0.017384	0.017031	0.017961	0.015669	0
PLAY_USD	2019-01-23	0.017031	0.017813	0.018432	0.015722	0
PLAY_USD	2019-01-22	0.017813	0.018818	0.020560	0.015944	0
PLAY_USD	2019-01-21	0.018818	0.018845	0.018949	0.018671	0
PLAY_USD	2019-01-20	0.018845	0.020142	0.020309	0.018626	0
PLAY_USD	2019-01-19	0.020142	0.018324	0.020293	0.018315	0
PLAY_USD	2019-01-18	0.018324	0.020276	0.020597	0.018214	0
PLAY_USD	2019-01-17	0.020276	0.020064	0.020309	0.019765	0
PLAY_USD	2019-01-16	0.020064	0.021115	0.021358	0.019945	0
PLAY_USD	2019-01-15	0.021115	0.022307	0.022429	0.020804	0
PLAY_USD	2019-01-14	0.022307	0.022054	0.022689	0.021622	0
PLAY_USD	2019-01-13	0.022054	0.022954	0.023250	0.021938	0
PLAY_USD	2019-01-12	0.022954	0.024258	0.024324	0.022471	0
PLAY_USD	2019-01-11	0.024258	0.024208	0.024598	0.023943	0
PLAY_USD	2019-01-10	0.024208	0.023051	0.024303	0.020796	0
PLAY_USD	2019-01-09	0.023051	0.022792	0.023132	0.022460	0
PLAY_USD	2019-01-08	0.022792	0.022853	0.023354	0.022527	0
PLAY_USD	2019-01-07	0.022853	0.019648	0.023077	0.019490	0
PLAY_USD	2019-01-06	0.019648	0.021730	0.043419	0.018505	0
PLAY_USD	2019-01-05	0.021730	0.021903	0.022220	0.021690	0
PLAY_USD	2019-01-04	0.021903	0.021720	0.022065	0.021402	0
PLAY_USD	2019-01-03	0.021720	0.023187	0.023215	0.021623	0
PLAY_USD	2019-01-02	0.023187	0.022027	0.023314	0.020684	0
PLAY_USD	2019-01-01	0.022027	0.021719	0.022154	0.021079	0
PLAY_USD	2018-12-31	0.021719	0.020778	0.022168	0.019982	0
PLAY_USD	2018-12-30	0.020778	0.019394	0.022589	0.016486	0
PLAY_USD	2018-12-29	0.019394	0.022444	0.024280	0.017503	0
PLAY_USD	2018-12-28	0.022444	0.021002	0.023149	0.020779	0
PLAY_USD	2018-12-27	0.021002	0.022400	0.022664	0.018160	0
PLAY_USD	2018-12-26	0.022400	0.021792	0.022791	0.021668	0
PLAY_USD	2018-12-25	0.021792	0.024021	0.024060	0.021299	0
PLAY_USD	2018-12-24	0.024021	0.023591	0.025470	0.023591	0
PLAY_USD	2018-12-23	0.023591	0.023950	0.024397	0.023398	0
PLAY_USD	2018-12-22	0.023950	0.023017	0.024070	0.022754	0
PLAY_USD	2018-12-21	0.023017	0.025308	0.025312	0.022631	0
PLAY_USD	2018-12-20	0.025308	0.022708	0.025342	0.021721	0
PLAY_USD	2018-12-19	0.022708	0.024245	0.024921	0.020166	0
PLAY_USD	2018-12-18	0.024245	0.024000	0.024362	0.023181	0
PLAY_USD	2018-12-17	0.024000	0.021961	0.024614	0.021829	0
PLAY_USD	2018-12-16	0.021961	0.020330	0.022748	0.020274	0
PLAY_USD	2018-12-15	0.020330	0.020327	0.020518	0.019854	0
PLAY_USD	2018-12-14	0.020327	0.021884	0.022244	0.020164	0
PLAY_USD	2018-12-13	0.021884	0.023292	0.023438	0.021633	0
PLAY_USD	2018-12-12	0.023292	0.020087	0.024233	0.020050	0
PLAY_USD	2018-12-11	0.020332	0.020814	0.020814	0.018022	0
PLAY_USD	2018-12-10	0.020814	0.021072	0.021384	0.020126	0
PLAY_USD	2018-12-09	0.021072	0.021247	0.022927	0.020857	0
PLAY_USD	2018-12-08	0.021247	0.022360	0.022964	0.018500	0
PLAY_USD	2018-12-07	0.022360	0.021754	0.023434	0.020608	0
PLAY_USD	2018-12-06	0.021754	0.022299	0.023319	0.021045	0
PLAY_USD	2018-12-05	0.022299	0.026262	0.028605	0.021224	0
PLAY_USD	2018-12-04	0.026262	0.023475	0.029467	0.022972	0
PLAY_USD	2018-12-03	0.023475	0.025665	0.025747	0.023241	0
PLAY_USD	2018-12-02	0.025665	0.024206	0.026388	0.023628	0
PLAY_USD	2018-12-01	0.024206	0.023058	0.024818	0.022762	0
PLAY_USD	2018-11-30	0.023058	0.024513	0.024706	0.022647	0
PLAY_USD	2018-11-29	0.024513	0.024545	0.025380	0.023840	0
PLAY_USD	2018-11-28	0.024545	0.026628	0.026857	0.020402	0
PLAY_USD	2018-11-27	0.026628	0.027036	0.027682	0.023163	0
PLAY_USD	2018-11-26	0.027036	0.024978	0.028883	0.022852	0
PLAY_USD	2018-11-25	0.024978	0.023760	0.025599	0.022212	0
PLAY_USD	2018-11-24	0.023760	0.026713	0.027226	0.023180	0
PLAY_USD	2018-11-23	0.026713	0.025518	0.027043	0.024423	0
PLAY_USD	2018-11-22	0.025518	0.034800	0.035352	0.025372	0
PLAY_USD	2018-11-21	0.034800	0.026041	0.034929	0.025140	0
PLAY_USD	2018-11-20	0.026041	0.030986	0.031665	0.024483	0
PLAY_USD	2018-11-19	0.030986	0.033928	0.033928	0.030691	0
PLAY_USD	2018-11-18	0.033928	0.033619	0.034234	0.033619	0
PLAY_USD	2018-11-17	0.033619	0.032293	0.035008	0.031230	0
PLAY_USD	2018-11-16	0.032293	0.034423	0.034452	0.031561	0
PLAY_USD	2018-11-15	0.034423	0.029983	0.034428	0.028024	0
PLAY_USD	2018-11-14	0.029983	0.033712	0.034273	0.028952	0
PLAY_USD	2018-11-13	0.033712	0.033524	0.035207	0.032552	0
PLAY_USD	2018-11-12	0.033524	0.034076	0.035152	0.033414	0
PLAY_USD	2018-11-11	0.034076	0.037397	0.037419	0.033172	0
PLAY_USD	2018-11-10	0.037397	0.037012	0.037521	0.033502	0
PLAY_USD	2018-11-09	0.037012	0.038715	0.039587	0.032386	0
PLAY_USD	2018-11-08	0.038715	0.036774	0.039181	0.034695	0
PLAY_USD	2018-11-07	0.036774	0.037039	0.040843	0.034994	0
PLAY_USD	2018-11-06	0.037039	0.039500	0.044436	0.036839	0
PLAY_USD	2018-11-05	0.039500	0.037484	0.039500	0.037186	0
PLAY_USD	2018-11-04	0.037484	0.036986	0.037638	0.036825	0
PLAY_USD	2018-11-03	0.036986	0.036505	0.037019	0.036457	0
PLAY_USD	2018-11-02	0.036505	0.036191	0.036554	0.034367	0
PLAY_USD	2018-11-01	0.036191	0.035822	0.036356	0.035739	0
PLAY_USD	2018-10-31	0.035822	0.036429	0.036461	0.033939	0
PLAY_USD	2018-10-30	0.036429	0.036541	0.036749	0.036332	0
PLAY_USD	2018-10-29	0.036541	0.037383	0.037476	0.035261	0
PLAY_USD	2018-10-28	0.037383	0.032241	0.037952	0.032232	0
PLAY_USD	2018-10-27	0.032241	0.036282	0.036407	0.032149	0
PLAY_USD	2018-10-26	0.036282	0.037667	0.038043	0.035159	0
PLAY_USD	2018-10-25	0.037667	0.032836	0.037716	0.032605	0
PLAY_USD	2018-10-24	0.032836	0.037532	0.038310	0.032781	0
PLAY_USD	2018-10-23	0.037532	0.037762	0.037840	0.037496	0
PLAY_USD	2018-10-22	0.037762	0.038672	0.038904	0.036708	0
PLAY_USD	2018-10-21	0.038672	0.038756	0.040309	0.038647	0
PLAY_USD	2018-10-20	0.038756	0.036193	0.038858	0.036077	0
PLAY_USD	2018-10-19	0.036193	0.038952	0.039052	0.035795	0
PLAY_USD	2018-10-18	0.038952	0.038490	0.040542	0.038382	0
PLAY_USD	2018-10-17	0.038490	0.034499	0.038550	0.034394	0
PLAY_USD	2018-10-16	0.034499	0.034047	0.034908	0.033892	0
PLAY_USD	2018-10-15	0.034047	0.031888	0.037926	0.031720	0
PLAY_USD	2018-10-14	0.031888	0.034131	0.034681	0.030394	0
PLAY_USD	2018-10-13	0.034131	0.036555	0.036754	0.031878	0
PLAY_USD	2018-10-12	0.036555	0.038533	0.039025	0.036481	0
PLAY_USD	2018-10-11	0.038533	0.039715	0.039715	0.035862	0
PLAY_USD	2018-10-10	0.039715	0.036947	0.039998	0.034672	0
PLAY_USD	2018-10-09	0.036947	0.038671	0.039478	0.034348	0
PLAY_USD	2018-10-08	0.038671	0.038187	0.038721	0.035285	0
PLAY_USD	2018-10-07	0.038187	0.039485	0.039576	0.037594	0
PLAY_USD	2018-10-06	0.039485	0.040699	0.040720	0.039252	0
PLAY_USD	2018-10-05	0.040699	0.034841	0.042597	0.034556	0
PLAY_USD	2018-10-04	0.034841	0.037816	0.039059	0.032762	0
PLAY_USD	2018-10-03	0.037816	0.039131	0.039172	0.037449	0
PLAY_USD	2018-10-02	0.039131	0.039506	0.039982	0.035891	0
PLAY_USD	2018-10-01	0.039506	0.039581	0.039824	0.039028	0
PLAY_USD	2018-09-30	0.039581	0.037944	0.039806	0.037712	0
PLAY_USD	2018-09-29	0.037944	0.038019	0.038083	0.037050	0
PLAY_USD	2018-09-28	0.038019	0.038160	0.038971	0.037472	0
PLAY_USD	2018-09-27	0.038160	0.045463	0.045870	0.037835	0
PLAY_USD	2018-09-26	0.045463	0.046008	0.046131	0.045092	0
PLAY_USD	2018-09-25	0.046008	0.047445	0.047445	0.045412	0
PLAY_USD	2018-09-24	0.047445	0.048353	0.048353	0.047123	0
PLAY_USD	2018-09-23	0.048353	0.043337	0.048406	0.042997	0
PLAY_USD	2018-09-22	0.043337	0.041311	0.043486	0.040460	0
PLAY_USD	2018-09-21	0.041311	0.040303	0.041957	0.039823	0
PLAY_USD	2018-09-20	0.040303	0.039757	0.040578	0.038906	0
PLAY_USD	2018-09-19	0.039757	0.040689	0.041703	0.038003	0
PLAY_USD	2018-09-18	0.040689	0.039436	0.041494	0.039280	0
PLAY_USD	2018-09-17	0.039436	0.045392	0.045496	0.037967	0
PLAY_USD	2018-09-16	0.045392	0.045934	0.047638	0.040742	0
PLAY_USD	2018-09-15	0.045934	0.042459	0.050010	0.042033	0
PLAY_USD	2018-09-14	0.042459	0.038562	0.049774	0.038562	0
PLAY_USD	2018-09-13	0.038562	0.036943	0.039853	0.034986	0
PLAY_USD	2018-09-12	0.036943	0.036670	0.037020	0.036133	0
PLAY_USD	2018-09-11	0.036670	0.039772	0.040258	0.036409	0
PLAY_USD	2018-09-10	0.039772	0.033694	0.040020	0.033694	0
PLAY_USD	2018-09-09	0.033694	0.030925	0.036266	0.030780	0
PLAY_USD	2018-09-08	0.030925	0.032212	0.032570	0.030700	0
PLAY_USD	2018-09-07	0.032212	0.029638	0.032594	0.029491	0
PLAY_USD	2018-09-06	0.029638	0.033285	0.033434	0.027799	0
PLAY_USD	2018-09-05	0.033285	0.036132	0.038152	0.033156	0
PLAY_USD	2018-09-04	0.036132	0.037985	0.038399	0.036028	0
PLAY_USD	2018-09-03	0.037985	0.037144	0.038333	0.036685	0
PLAY_USD	2018-09-02	0.037144	0.035447	0.037223	0.034674	0
PLAY_USD	2018-09-01	0.035447	0.033131	0.035757	0.031999	0
PLAY_USD	2018-08-31	0.033131	0.032698	0.034518	0.032372	0
PLAY_USD	2018-08-30	0.032698	0.032801	0.033154	0.031814	0
PLAY_USD	2018-08-29	0.032801	0.033233	0.033339	0.032008	0
PLAY_USD	2018-08-28	0.033233	0.030891	0.033329	0.030787	0
PLAY_USD	2018-08-27	0.030891	0.030020	0.030927	0.029801	0
PLAY_USD	2018-08-26	0.030020	0.032415	0.032640	0.028402	0
PLAY_USD	2018-08-25	0.032415	0.028517	0.032577	0.025306	0
PLAY_USD	2018-08-24	0.028517	0.030482	0.030853	0.028116	0
PLAY_USD	2018-08-23	0.030482	0.031171	0.031711	0.028823	0
PLAY_USD	2018-08-22	0.031171	0.031683	0.034431	0.030671	0
PLAY_USD	2018-08-21	0.031683	0.034027	0.034542	0.030161	0
PLAY_USD	2018-08-20	0.034027	0.034696	0.035035	0.033892	0
PLAY_USD	2018-08-19	0.034696	0.034606	0.035019	0.034053	0
PLAY_USD	2018-08-18	0.034606	0.037293	0.038394	0.033326	0
PLAY_USD	2018-08-17	0.037293	0.035945	0.038488	0.035715	0
PLAY_USD	2018-08-16	0.035945	0.034893	0.036889	0.032395	0
PLAY_USD	2018-08-15	0.034893	0.034672	0.039363	0.034619	0
PLAY_USD	2018-08-14	0.034672	0.035136	0.035136	0.032175	0
PLAY_USD	2018-08-13	0.035136	0.038042	0.039569	0.034650	0
PLAY_USD	2018-08-12	0.038042	0.038119	0.040594	0.035170	0
PLAY_USD	2018-08-11	0.038119	0.037661	0.041158	0.036842	0
PLAY_USD	2018-08-10	0.037661	0.041589	0.042188	0.036860	0
PLAY_USD	2018-08-09	0.041589	0.036004	0.041627	0.035960	0
PLAY_USD	2018-08-08	0.036004	0.038662	0.039306	0.035172	0
PLAY_USD	2018-08-07	0.038662	0.045963	0.048148	0.038472	0
PLAY_USD	2018-08-06	0.045963	0.047927	0.052786	0.045874	0
PLAY_USD	2018-08-05	0.047927	0.047746	0.048449	0.040104	0
PLAY_USD	2018-08-04	0.047746	0.049244	0.049765	0.046084	0
PLAY_USD	2018-08-03	0.049244	0.053387	0.053387	0.048434	0
PLAY_USD	2018-08-02	0.053387	0.054372	0.061467	0.049617	0
PLAY_USD	2018-08-01	0.054372	0.058204	0.059441	0.053193	0
PLAY_USD	2018-07-31	0.058204	0.064103	0.064143	0.057640	0
PLAY_USD	2018-07-30	0.064103	0.065734	0.066168	0.061706	0
PLAY_USD	2018-07-29	0.065734	0.065925	0.066165	0.064944	0
PLAY_USD	2018-07-28	0.065925	0.070213	0.070213	0.065925	0
PLAY_USD	2018-07-27	0.070213	0.070171	0.073099	0.070089	0
PLAY_USD	2018-07-26	0.070171	0.057898	0.070295	0.057880	0
PLAY_USD	2018-07-25	0.057898	0.060826	0.061351	0.057091	0
PLAY_USD	2018-07-24	0.060826	0.057620	0.061257	0.053540	0
PLAY_USD	2018-07-23	0.057620	0.061543	0.062125	0.057088	0
PLAY_USD	2018-07-22	0.061543	0.063336	0.064437	0.041160	0
PLAY_USD	2018-07-21	0.063336	0.062765	0.063667	0.061812	0
PLAY_USD	2018-07-20	0.062765	0.066888	0.067097	0.059711	0
PLAY_USD	2018-07-19	0.066888	0.066185	0.067628	0.065460	0
PLAY_USD	2018-07-18	0.066185	0.062988	0.067791	0.062842	0
PLAY_USD	2018-07-17	0.062988	0.061873	0.064256	0.057363	0
PLAY_USD	2018-07-16	0.061873	0.051186	0.062030	0.050246	0
PLAY_USD	2018-07-15	0.051186	0.056438	0.057504	0.045171	0
PLAY_USD	2018-07-14	0.056438	0.057224	0.057748	0.055072	0
PLAY_USD	2018-07-13	0.057224	0.060756	0.061113	0.056529	0
PLAY_USD	2018-07-12	0.060756	0.061163	0.062302	0.056598	0
PLAY_USD	2018-07-11	0.061163	0.061213	0.064766	0.058880	0
PLAY_USD	2018-07-10	0.061213	0.064769	0.064963	0.060395	0
PLAY_USD	2018-07-09	0.064769	0.064363	0.065913	0.056872	0
PLAY_USD	2018-07-08	0.064363	0.065116	0.066546	0.063852	0
PLAY_USD	2018-07-07	0.065116	0.060303	0.065736	0.059997	0
PLAY_USD	2018-07-06	0.060303	0.057260	0.060566	0.055821	0
PLAY_USD	2018-07-05	0.057260	0.061583	0.062908	0.050037	0
PLAY_USD	2018-07-04	0.061583	0.067859	0.070094	0.058049	0
PLAY_USD	2018-07-03	0.067859	0.069484	0.071290	0.000914	0
PLAY_USD	2018-07-02	0.069484	0.060348	0.070114	0.000001	0
PLAY_USD	2018-07-01	0.060353	0.070817	0.071764	0.046016	0
PLAY_USD	2018-06-30	0.070754	0.068234	0.075820	0.065198	0
PLAY_USD	2018-06-29	0.068290	0.065834	0.069004	0.064078	0
PLAY_USD	2018-06-28	0.065911	0.074032	0.074407	0.064650	0
PLAY_USD	2018-06-27	0.074026	0.070185	0.074614	0.067179	0
PLAY_USD	2018-06-26	0.070408	0.075602	0.082998	0.070151	0
PLAY_USD	2018-06-25	0.075552	0.079929	0.080451	0.074566	0
PLAY_USD	2018-06-24	0.079955	0.080418	0.081260	0.075206	0
PLAY_USD	2018-06-23	0.080314	0.073899	0.081518	0.073658	0
PLAY_USD	2018-06-22	0.073931	0.088656	0.088878	0.073643	0
PLAY_USD	2018-06-21	0.088651	0.083148	0.094730	0.082877	0
PLAY_USD	2018-06-20	0.083152	0.091494	0.091531	0.082495	0
PLAY_USD	2018-06-19	0.093114	0.090705	0.095522	0.087001	0
PLAY_USD	2018-06-18	0.090666	0.084275	0.091009	0.083556	0
PLAY_USD	2018-06-17	0.084207	0.084494	0.085606	0.084020	0
PLAY_USD	2018-06-16	0.084478	0.082621	0.086988	0.077836	0
PLAY_USD	2018-06-15	0.082582	0.080798	0.088158	0.079233	0
PLAY_USD	2018-06-14	0.080644	0.076642	0.081379	0.075580	0
PLAY_USD	2018-06-13	0.076598	0.086576	0.087391	0.076474	0
PLAY_USD	2018-06-12	0.086555	0.091032	0.093817	0.084539	0
PLAY_USD	2018-06-11	0.091076	0.090621	0.091488	0.088812	0
PLAY_USD	2018-06-10	0.090517	0.095756	0.097525	0.089094	0
PLAY_USD	2018-06-09	0.095730	0.098617	0.099482	0.095409	0
PLAY_USD	2018-06-08	0.098616	0.104757	0.105245	0.097627	0
PLAY_USD	2018-06-07	0.104800	0.104897	0.107148	0.103396	0
PLAY_USD	2018-06-06	0.104890	0.113125	0.113629	0.097708	0
PLAY_USD	2018-06-05	0.113029	0.098181	0.113407	0.093503	0
PLAY_USD	2018-06-04	0.098254	0.107474	0.115987	0.087472	0
PLAY_USD	2018-06-03	0.107435	0.117498	0.119552	0.104357	0
PLAY_USD	2018-06-02	0.117588	0.124234	0.126950	0.117200	0
PLAY_USD	2018-06-01	0.124135	0.124527	0.127980	0.118675	0
PLAY_USD	2018-05-31	0.124539	0.121195	0.125120	0.113920	0
PLAY_USD	2018-05-30	0.121247	0.119257	0.123084	0.115271	0
PLAY_USD	2018-05-29	0.119115	0.114697	0.119241	0.107156	0
PLAY_USD	2018-05-28	0.114696	0.112381	0.116909	0.106582	0
PLAY_USD	2018-05-27	0.112333	0.123422	0.123529	0.111364	0
PLAY_USD	2018-05-26	0.123361	0.124674	0.128229	0.114022	0
PLAY_USD	2018-05-25	0.124697	0.118679	0.129042	0.114825	0
PLAY_USD	2018-05-24	0.118629	0.116715	0.120644	0.110865	0
PLAY_USD	2018-05-23	0.116878	0.128193	0.130513	0.116109	0
PLAY_USD	2018-05-22	0.128238	0.139027	0.142295	0.127748	0
PLAY_USD	2018-05-21	0.139027	0.143742	0.153487	0.138846	0
PLAY_USD	2018-05-20	0.143742	0.123558	0.143769	0.121837	0
PLAY_USD	2018-05-19	0.123558	0.126262	0.126671	0.115614	0
PLAY_USD	2018-05-18	0.126262	0.129130	0.130108	0.123277	0
PLAY_USD	2018-05-17	0.129258	0.127145	0.135280	0.108323	0
PLAY_USD	2018-05-16	0.127036	0.135498	0.137805	0.113756	0
PLAY_USD	2018-05-15	0.135457	0.162407	0.165806	0.121648	0
PLAY_USD	2018-05-14	0.162421	0.162426	0.166381	0.153245	0
PLAY_USD	2018-05-13	0.162426	0.162929	0.165151	0.157582	0
PLAY_USD	2018-05-12	0.162559	0.159539	0.164082	0.149882	0
PLAY_USD	2018-05-11	0.159539	0.164502	0.172321	0.148237	0
PLAY_USD	2018-05-10	0.164502	0.183614	0.192347	0.164218	0
PLAY_USD	2018-05-09	0.183614	0.175542	0.184137	0.164741	0
PLAY_USD	2018-05-08	0.175606	0.182312	0.184290	0.000020	0
PLAY_USD	2018-05-07	0.181878	0.190283	0.190614	0.164649	0
PLAY_USD	2018-05-06	0.190283	0.211256	0.213382	0.187256	0
PLAY_USD	2018-05-05	0.211006	0.191341	0.211569	0.184090	0
PLAY_USD	2018-05-04	0.191341	0.205713	0.210792	0.190191	0
PLAY_USD	2018-05-03	0.205713	0.187800	0.211877	0.185851	0
PLAY_USD	2018-05-02	0.187800	0.199547	0.211787	0.173590	0
PLAY_USD	2018-05-01	0.199547	0.206659	0.217129	0.197319	0
PLAY_USD	2018-04-30	0.206659	0.250047	0.253027	0.205324	0
PLAY_USD	2018-04-29	0.250047	0.259970	0.266109	0.230164	0
PLAY_USD	2018-04-28	0.259970	0.221047	0.264674	0.219634	0
PLAY_USD	2018-04-27	0.221047	0.259388	0.259388	0.220417	0
PLAY_USD	2018-04-26	0.259388	0.234756	0.260700	0.205270	0
PLAY_USD	2018-04-25	0.234756	0.265731	0.268608	0.226985	0
PLAY_USD	2018-04-24	0.265731	0.220856	0.268137	0.220620	0
PLAY_USD	2018-04-23	0.220856	0.221709	0.246650	0.218466	0
PLAY_USD	2018-04-22	0.221709	0.202799	0.225964	0.197327	0
PLAY_USD	2018-04-21	0.202799	0.217200	0.243160	0.198953	0
PLAY_USD	2018-04-20	0.217200	0.200745	0.218655	0.200485	0
PLAY_USD	2018-04-19	0.200745	0.182523	0.201111	0.173031	0
PLAY_USD	2018-04-18	0.182523	0.181711	0.186460	0.178341	0
PLAY_USD	2018-04-17	0.181711	0.193748	0.196628	0.180401	0
PLAY_USD	2018-04-16	0.193748	0.200401	0.201546	0.189436	0
PLAY_USD	2018-04-15	0.200401	0.187520	0.203590	0.185191	0
PLAY_USD	2018-04-14	0.187520	0.198629	0.203782	0.186534	0
PLAY_USD	2018-04-13	0.198629	0.176754	0.203126	0.173313	0
PLAY_USD	2018-04-12	0.176754	0.158001	0.186381	0.156051	0
PLAY_USD	2018-04-11	0.158001	0.154104	0.158639	0.152915	0
PLAY_USD	2018-04-10	0.154104	0.156018	0.162443	0.145435	0
PLAY_USD	2018-04-09	0.156018	0.158880	0.169266	0.148101	0
PLAY_USD	2018-04-08	0.158880	0.156519	0.159965	0.151323	0
PLAY_USD	2018-04-07	0.156519	0.153879	0.160644	0.152721	0
PLAY_USD	2018-04-06	0.153879	0.168909	0.170947	0.149918	0
PLAY_USD	2018-04-05	0.168909	0.173125	0.175561	0.154090	0
PLAY_USD	2018-04-04	0.173125	0.189856	0.190165	0.170295	0
PLAY_USD	2018-04-03	0.189856	0.187355	0.194671	0.164827	0
PLAY_USD	2018-04-02	0.187355	0.211114	0.224527	0.168630	0
PLAY_USD	2018-04-01	0.211114	0.192902	0.216018	0.171253	0
PLAY_USD	2018-03-31	0.192902	0.201006	0.217206	0.191786	0
PLAY_USD	2018-03-30	0.201006	0.214858	0.223525	0.182313	0
PLAY_USD	2018-03-29	0.214858	0.181966	0.265357	0.166983	0
PLAY_USD	2018-03-28	0.181966	0.174048	0.185549	0.165012	0
PLAY_USD	2018-03-27	0.174048	0.182564	0.185038	0.161518	0
PLAY_USD	2018-03-26	0.182564	0.191580	0.192820	0.178732	0
PLAY_USD	2018-03-25	0.191580	0.189223	0.196347	0.185773	0
PLAY_USD	2018-03-24	0.189223	0.205867	0.209213	0.189014	0
PLAY_USD	2018-03-23	0.205867	0.199093	0.205885	0.184992	0
PLAY_USD	2018-03-22	0.199093	0.228195	0.235254	0.197680	0
PLAY_USD	2018-03-21	0.228195	0.226581	0.234837	0.225355	0
PLAY_USD	2018-03-20	0.226581	0.224501	0.230120	0.207009	0
PLAY_USD	2018-03-19	0.224501	0.215118	0.227009	0.210235	0
PLAY_USD	2018-03-18	0.215118	0.218676	0.218676	0.168400	0
PLAY_USD	2018-03-17	0.218676	0.229934	0.231568	0.215299	0
PLAY_USD	2018-03-16	0.229934	0.214445	0.237909	0.207793	0
PLAY_USD	2018-03-15	0.214445	0.258266	0.260333	0.210663	0
PLAY_USD	2018-03-14	0.258266	0.297342	0.313063	0.250020	0
PLAY_USD	2018-03-13	0.297342	0.283675	0.324289	0.278544	0
PLAY_USD	2018-03-12	0.283675	0.306610	0.313497	0.273768	0
PLAY_USD	2018-03-11	0.306610	0.272043	0.314941	0.261907	0
PLAY_USD	2018-03-10	0.272043	0.271851	0.299422	0.261480	0
PLAY_USD	2018-03-09	0.271851	0.291938	0.297595	0.253657	0
PLAY_USD	2018-03-08	0.291938	0.303162	0.324511	0.283724	0
PLAY_USD	2018-03-07	0.303162	0.339052	0.344595	0.276205	0
PLAY_USD	2018-03-06	0.339052	0.366226	0.366226	0.325661	0
PLAY_USD	2018-03-05	0.366226	0.393613	0.445455	0.353009	0
PLAY_USD	2018-03-04	0.393613	0.355632	0.618822	0.327174	0
PLAY_USD	2018-03-03	0.355632	0.384026	0.417860	0.322206	0
PLAY_USD	2018-03-02	0.384026	0.470935	0.484835	0.261244	0
