PLURA_USD	2019-04-09	0.002893	0.003059	0.003059	0.002845	0
PLURA_USD	2019-04-08	0.003059	0.003042	0.003109	0.002961	0
PLURA_USD	2019-04-07	0.003042	0.002946	0.003074	0.002944	0
PLURA_USD	2019-04-06	0.002946	0.003025	0.003034	0.002857	0
PLURA_USD	2019-04-05	0.003025	0.003257	0.003372	0.002978	0
PLURA_USD	2019-04-04	0.003257	0.003336	0.003416	0.003190	0
PLURA_USD	2019-04-03	0.003336	0.003279	0.003568	0.003250	0
PLURA_USD	2019-04-02	0.003279	0.002771	0.003351	0.002765	0
PLURA_USD	2019-04-01	0.002771	0.002751	0.002786	0.002724	0
PLURA_USD	2019-03-31	0.002751	0.002749	0.002760	0.002741	0
PLURA_USD	2019-03-30	0.002749	0.002821	0.002842	0.002723	0
PLURA_USD	2019-03-29	0.002821	0.002742	0.002826	0.002737	0
PLURA_USD	2019-03-28	0.002742	0.002728	0.002744	0.002705	0
PLURA_USD	2019-03-27	0.002728	0.002654	0.002740	0.002646	0
PLURA_USD	2019-03-26	0.002654	0.002640	0.002657	0.002627	0
PLURA_USD	2019-03-25	0.002640	0.002688	0.002693	0.002620	0
PLURA_USD	2019-03-24	0.002688	0.002682	0.002699	0.002665	0
PLURA_USD	2019-03-23	0.002682	0.002713	0.002749	0.002644	0
PLURA_USD	2019-03-22	0.002713	0.002690	0.002726	0.002690	0
PLURA_USD	2019-03-21	0.002690	0.002724	0.002746	0.002664	0
PLURA_USD	2019-03-20	0.002724	0.002670	0.002725	0.002647	0
PLURA_USD	2019-03-19	0.002670	0.002648	0.002677	0.002637	0
PLURA_USD	2019-03-18	0.002648	0.002604	0.002671	0.002603	0
PLURA_USD	2019-03-17	0.002604	0.002638	0.002649	0.002586	0
PLURA_USD	2019-03-16	0.002638	0.002562	0.002638	0.002529	0
PLURA_USD	2019-03-15	0.002562	0.002508	0.002567	0.002507	0
PLURA_USD	2019-03-14	0.002508	0.002527	0.002540	0.002469	0
PLURA_USD	2019-03-13	0.002527	0.002511	0.002532	0.002493	0
PLURA_USD	2019-03-12	0.002511	0.002529	0.002547	0.002494	0
PLURA_USD	2019-03-11	0.002529	0.002580	0.002580	0.002490	0
PLURA_USD	2019-03-10	0.002580	0.002590	0.002591	0.002557	0
PLURA_USD	2019-03-09	0.002590	0.002502	0.002590	0.002498	0
PLURA_USD	2019-03-08	0.002502	0.002458	0.002532	0.002442	0
PLURA_USD	2019-03-07	0.002458	0.002450	0.002476	0.002440	0
PLURA_USD	2019-03-06	0.002450	0.002627	0.002631	0.002405	0
PLURA_USD	2019-03-05	0.002627	0.002508	0.002638	0.002499	0
PLURA_USD	2019-03-04	0.002508	0.002428	0.002579	0.002411	0
PLURA_USD	2019-03-03	0.002428	0.002583	0.002587	0.002413	0
PLURA_USD	2019-03-02	0.002583	0.002546	0.002586	0.002531	0
PLURA_USD	2019-03-01	0.002546	0.002454	0.002564	0.002453	0
PLURA_USD	2019-02-28	0.002454	0.002419	0.002472	0.002412	0
PLURA_USD	2019-02-27	0.002419	0.002514	0.002525	0.002366	0
PLURA_USD	2019-02-26	0.002514	0.002452	0.002521	0.002421	0
PLURA_USD	2019-02-25	0.002452	0.002338	0.002458	0.002337	0
PLURA_USD	2019-02-24	0.002338	0.002654	0.002738	0.002336	0
PLURA_USD	2019-02-23	0.002654	0.002541	0.002681	0.002509	0
PLURA_USD	2019-02-22	0.002541	0.002446	0.002542	0.002444	0
PLURA_USD	2019-02-21	0.002446	0.002436	0.002514	0.002417	0
PLURA_USD	2019-02-20	0.002436	0.002395	0.002440	0.002381	0
PLURA_USD	2019-02-19	0.002395	0.002387	0.002449	0.002359	0
PLURA_USD	2019-02-18	0.002387	0.002447	0.002626	0.002361	0
PLURA_USD	2019-02-17	0.002447	0.002353	0.002456	0.002352	0
PLURA_USD	2019-02-16	0.002353	0.002272	0.002390	0.002272	0
PLURA_USD	2019-02-15	0.002272	0.002560	0.002581	0.002166	0
PLURA_USD	2019-02-14	0.002560	0.002678	0.002749	0.002550	0
PLURA_USD	2019-02-13	0.002678	0.002752	0.002764	0.002482	0
PLURA_USD	2019-02-12	0.002752	0.002706	0.002769	0.002679	0
PLURA_USD	2019-02-11	0.002706	0.002660	0.002722	0.002625	0
PLURA_USD	2019-02-10	0.002660	0.002510	0.002661	0.002462	0
PLURA_USD	2019-02-09	0.002510	0.001918	0.002557	0.001909	0
PLURA_USD	2019-02-08	0.001918	0.001976	0.002124	0.001464	0
PLURA_USD	2019-02-07	0.001976	0.001985	0.001991	0.001973	0
PLURA_USD	2019-02-06	0.001985	0.002019	0.002025	0.001968	0
PLURA_USD	2019-02-05	0.002019	0.002007	0.002022	0.001999	0
PLURA_USD	2019-02-04	0.002007	0.001996	0.002024	0.001991	0
PLURA_USD	2019-02-03	0.001996	0.002046	0.002051	0.001979	0
PLURA_USD	2019-02-02	0.002046	0.002034	0.002054	0.001997	0
PLURA_USD	2019-02-01	0.002034	0.002014	0.002044	0.001993	0
PLURA_USD	2019-01-31	0.002014	0.002047	0.002079	0.001935	0
PLURA_USD	2019-01-30	0.002047	0.002000	0.002057	0.001985	0
PLURA_USD	2019-01-29	0.002000	0.002031	0.002037	0.001968	0
PLURA_USD	2019-01-28	0.002031	0.002086	0.002087	0.002005	0
PLURA_USD	2019-01-27	0.002086	0.002107	0.002113	0.002055	0
PLURA_USD	2019-01-26	0.002107	0.002087	0.002165	0.002084	0
PLURA_USD	2019-01-25	0.002087	0.002100	0.002106	0.002067	0
PLURA_USD	2019-01-24	0.002100	0.002100	0.002109	0.002064	0
PLURA_USD	2019-01-23	0.002100	0.002111	0.002130	0.002083	0
PLURA_USD	2019-01-22	0.002111	0.002077	0.002132	0.002031	0
PLURA_USD	2019-01-21	0.002077	0.002080	0.002091	0.002056	0
PLURA_USD	2019-01-20	0.002080	0.002165	0.002193	0.002058	0
PLURA_USD	2019-01-19	0.002165	0.002150	0.002271	0.002149	0
PLURA_USD	2019-01-18	0.002150	0.002158	0.002171	0.002138	0
PLURA_USD	2019-01-17	0.002158	0.002129	0.002159	0.002107	0
PLURA_USD	2019-01-16	0.002129	0.002121	0.002165	0.002113	0
PLURA_USD	2019-01-15	0.002121	0.002174	0.002189	0.002107	0
PLURA_USD	2019-01-14	0.002174	0.002101	0.002206	0.002094	0
PLURA_USD	2019-01-13	0.002101	0.002166	0.002176	0.002090	0
PLURA_USD	2019-01-12	0.002166	0.002173	0.002184	0.002147	0
PLURA_USD	2019-01-11	0.002173	0.002116	0.002183	0.002104	0
PLURA_USD	2019-01-10	0.002116	0.002328	0.002355	0.002102	0
PLURA_USD	2019-01-09	0.002328	0.002296	0.002356	0.002290	0
PLURA_USD	2019-01-08	0.002296	0.002222	0.002320	0.002192	0
PLURA_USD	2019-01-07	0.002222	0.002211	0.002257	0.002198	0
PLURA_USD	2019-01-06	0.002211	0.002230	0.004459	0.002074	0
PLURA_USD	2019-01-05	0.002230	0.002256	0.002288	0.002226	0
PLURA_USD	2019-01-04	0.002256	0.002196	0.002272	0.002181	0
PLURA_USD	2019-01-03	0.002196	0.002228	0.002257	0.002186	0
PLURA_USD	2019-01-02	0.002228	0.002137	0.002240	0.002127	0
PLURA_USD	2019-01-01	0.002137	0.002183	0.002192	0.002046	0
PLURA_USD	2018-12-31	0.002183	0.002245	0.002288	0.002156	0
PLURA_USD	2018-12-30	0.002245	0.002155	0.002252	0.002134	0
PLURA_USD	2018-12-29	0.002155	0.002200	0.002269	0.002147	0
PLURA_USD	2018-12-28	0.002200	0.001968	0.002203	0.001959	0
PLURA_USD	2018-12-27	0.001968	0.002181	0.002199	0.001955	0
PLURA_USD	2018-12-26	0.002181	0.002128	0.002214	0.002116	0
PLURA_USD	2018-12-25	0.002128	0.002197	0.002200	0.002069	0
PLURA_USD	2018-12-24	0.002197	0.001791	0.002266	0.001791	0
PLURA_USD	2018-12-23	0.001791	0.002187	0.002337	0.001710	0
PLURA_USD	2018-12-22	0.002187	0.002105	0.002200	0.002077	0
PLURA_USD	2018-12-21	0.002105	0.002234	0.002273	0.002070	0
PLURA_USD	2018-12-20	0.002234	0.001924	0.002277	0.001910	0
PLURA_USD	2018-12-19	0.001924	0.001909	0.002040	0.001900	0
PLURA_USD	2018-12-18	0.001909	0.001831	0.001918	0.001793	0
PLURA_USD	2018-12-17	0.001831	0.001666	0.001871	0.001659	0
PLURA_USD	2018-12-16	0.001666	0.001693	0.001710	0.001655	0
PLURA_USD	2018-12-15	0.001693	0.001690	0.001722	0.001657	0
PLURA_USD	2018-12-14	0.001690	0.001776	0.001795	0.001662	0
PLURA_USD	2018-12-13	0.001776	0.001981	0.001984	0.001765	0
PLURA_USD	2018-12-12	0.001981	0.001916	0.002037	0.001913	0
PLURA_USD	2018-12-11	0.001899	0.002027	0.002041	0.001834	0
PLURA_USD	2018-12-10	0.002027	0.002133	0.002164	0.002027	0
PLURA_USD	2018-12-09	0.002133	0.002051	0.002210	0.002029	0
PLURA_USD	2018-12-08	0.002051	0.002023	0.002139	0.001940	0
PLURA_USD	2018-12-07	0.002023	0.002071	0.002088	0.001921	0
PLURA_USD	2018-12-06	0.002071	0.002204	0.002291	0.002057	0
PLURA_USD	2018-12-05	0.002204	0.002190	0.002252	0.002166	0
PLURA_USD	2018-12-04	0.002190	0.002166	0.002356	0.002148	0
PLURA_USD	2018-12-03	0.002166	0.002558	0.002681	0.002106	0
PLURA_USD	2018-12-02	0.002558	0.002588	0.002736	0.002497	0
PLURA_USD	2018-12-01	0.002588	0.002524	0.002931	0.002457	0
PLURA_USD	2018-11-30	0.002524	0.002587	0.003179	0.002461	0
PLURA_USD	2018-11-29	0.002587	0.006352	0.006390	0.002455	0
PLURA_USD	2018-11-28	0.006352	0.003088	0.012965	0.003068	0
PLURA_USD	2018-11-27	0.003088	0.003047	0.003134	0.002934	0
PLURA_USD	2018-11-26	0.003047	0.003243	0.003314	0.002936	0
PLURA_USD	2018-11-25	0.003243	0.002181	0.003318	0.002033	0
PLURA_USD	2018-11-24	0.002181	0.002455	0.002506	0.002128	0
PLURA_USD	2018-11-23	0.002455	0.002438	0.002487	0.002359	0
PLURA_USD	2018-11-22	0.002438	0.002593	0.002641	0.002438	0
PLURA_USD	2018-11-21	0.002593	0.002547	0.002649	0.002459	0
PLURA_USD	2018-11-20	0.002547	0.002839	0.003044	0.002397	0
PLURA_USD	2018-11-19	0.002839	0.003198	0.003198	0.002812	0
PLURA_USD	2018-11-18	0.003198	0.003179	0.003272	0.003176	0
PLURA_USD	2018-11-17	0.003179	0.003198	0.003198	0.003149	0
PLURA_USD	2018-11-16	0.003198	0.003250	0.003253	0.003139	0
PLURA_USD	2018-11-15	0.003250	0.003354	0.003380	0.003074	0
PLURA_USD	2018-11-14	0.003354	0.004073	0.004073	0.003252	0
PLURA_USD	2018-11-13	0.004073	0.004029	0.004093	0.004002	0
PLURA_USD	2018-11-12	0.004029	0.003973	0.004035	0.003966	0
PLURA_USD	2018-11-11	0.003973	0.003891	0.003973	0.003882	0
PLURA_USD	2018-11-10	0.003891	0.003724	0.003899	0.003691	0
PLURA_USD	2018-11-09	0.003724	0.003661	0.003724	0.003567	0
PLURA_USD	2018-11-08	0.003661	0.003648	0.003677	0.003571	0
PLURA_USD	2018-11-07	0.003648	0.003714	0.003766	0.003607	0
PLURA_USD	2018-11-06	0.003714	0.003688	0.003714	0.003675	0
PLURA_USD	2018-11-05	0.003688	0.003697	0.003702	0.003670	0
PLURA_USD	2018-11-04	0.003697	0.003641	0.003710	0.003625	0
PLURA_USD	2018-11-03	0.003641	0.003663	0.003666	0.003609	0
PLURA_USD	2018-11-02	0.003663	0.003648	0.003679	0.003643	0
PLURA_USD	2018-11-01	0.003648	0.003630	0.003661	0.003622	0
PLURA_USD	2018-10-31	0.003630	0.003608	0.003647	0.003563	0
PLURA_USD	2018-10-30	0.003608	0.003616	0.003637	0.003599	0
PLURA_USD	2018-10-29	0.003616	0.003699	0.003706	0.003603	0
PLURA_USD	2018-10-28	0.003699	0.003705	0.003711	0.003680	0
PLURA_USD	2018-10-27	0.003705	0.003723	0.003736	0.003695	0
PLURA_USD	2018-10-26	0.003723	0.003754	0.003788	0.003713	0
PLURA_USD	2018-10-25	0.003754	0.003801	0.003807	0.003754	0
PLURA_USD	2018-10-24	0.003801	0.003799	0.003841	0.003795	0
PLURA_USD	2018-10-23	0.003799	0.003776	0.003819	0.003772	0
PLURA_USD	2018-10-22	0.003776	0.003788	0.003811	0.003766	0
PLURA_USD	2018-10-21	0.003788	0.003787	0.003860	0.003787	0
PLURA_USD	2018-10-20	0.003787	0.003851	0.003898	0.003779	0
PLURA_USD	2018-10-19	0.003851	0.003902	0.003912	0.003847	0
PLURA_USD	2018-10-18	0.003902	0.003974	0.003999	0.003875	0
PLURA_USD	2018-10-17	0.003974	0.003987	0.004007	0.003919	0
PLURA_USD	2018-10-16	0.003987	0.004079	0.004082	0.003901	0
PLURA_USD	2018-10-15	0.004079	0.003673	0.004360	0.003654	0
PLURA_USD	2018-10-14	0.003673	0.003669	0.003711	0.003665	0
PLURA_USD	2018-10-13	0.003669	0.003652	0.003672	0.003647	0
PLURA_USD	2018-10-12	0.003652	0.003628	0.003682	0.003609	0
PLURA_USD	2018-10-11	0.003628	0.003846	0.003846	0.003613	0
PLURA_USD	2018-10-10	0.003846	0.003865	0.003865	0.003787	0
PLURA_USD	2018-10-09	0.003865	0.003971	0.003975	0.003833	0
PLURA_USD	2018-10-08	0.003971	0.003862	0.003997	0.003853	0
PLURA_USD	2018-10-07	0.003862	0.003856	0.003881	0.003823	0
PLURA_USD	2018-10-06	0.003856	0.004053	0.004055	0.003850	0
PLURA_USD	2018-10-05	0.004053	0.004047	0.004075	0.004019	0
PLURA_USD	2018-10-04	0.004047	0.004032	0.004112	0.004030	0
PLURA_USD	2018-10-03	0.004032	0.004054	0.004063	0.003987	0
PLURA_USD	2018-10-02	0.004054	0.004027	0.004086	0.003997	0
PLURA_USD	2018-10-01	0.004027	0.003971	0.004073	0.003913	0
PLURA_USD	2018-09-30	0.003971	0.004062	0.004127	0.003919	0
PLURA_USD	2018-09-29	0.004062	0.004114	0.004114	0.003924	0
PLURA_USD	2018-09-28	0.004114	0.004013	0.004163	0.003991	0
PLURA_USD	2018-09-27	0.004013	0.004007	0.004163	0.003869	0
PLURA_USD	2018-09-26	0.004007	0.003893	0.004048	0.003863	0
PLURA_USD	2018-09-25	0.003893	0.003984	0.003984	0.003837	0
PLURA_USD	2018-09-24	0.003984	0.004027	0.004050	0.003966	0
PLURA_USD	2018-09-23	0.004027	0.004034	0.004070	0.004000	0
PLURA_USD	2018-09-22	0.004034	0.004030	0.004070	0.003953	0
PLURA_USD	2018-09-21	0.004030	0.004810	0.004858	0.003458	0
PLURA_USD	2018-09-20	0.004810	0.003963	0.004828	0.003954	0
PLURA_USD	2018-09-19	0.003963	0.003932	0.004010	0.003791	0
PLURA_USD	2018-09-18	0.003932	0.003878	0.003957	0.003863	0
PLURA_USD	2018-09-17	0.003878	0.004029	0.004050	0.003852	0
PLURA_USD	2018-09-16	0.004029	0.004042	0.004042	0.003956	0
PLURA_USD	2018-09-15	0.004042	0.005839	0.005912	0.004042	0
PLURA_USD	2018-09-14	0.005839	0.005925	0.006026	0.005797	0
PLURA_USD	2018-09-13	0.005925	0.005798	0.005969	0.005796	0
PLURA_USD	2018-09-12	0.005798	0.005724	0.005810	0.005645	0
PLURA_USD	2018-09-11	0.005724	0.005677	0.005778	0.005624	0
PLURA_USD	2018-09-10	0.005677	0.005616	0.005712	0.005616	0
PLURA_USD	2018-09-09	0.005616	0.005690	0.005936	0.005612	0
PLURA_USD	2018-09-08	0.005690	0.006116	0.006164	0.005649	0
PLURA_USD	2018-09-07	0.006116	0.006091	0.006147	0.005914	0
PLURA_USD	2018-09-06	0.006091	0.006268	0.006284	0.005947	0
PLURA_USD	2018-09-05	0.006268	0.006844	0.006877	0.006265	0
PLURA_USD	2018-09-04	0.006844	0.006834	0.006892	0.006794	0
PLURA_USD	2018-09-03	0.006834	0.006816	0.006900	0.006732	0
PLURA_USD	2018-09-02	0.006816	0.007054	0.007137	0.006684	0
PLURA_USD	2018-09-01	0.007054	0.006570	0.007079	0.006564	0
PLURA_USD	2018-08-31	0.006570	0.007134	0.007158	0.006273	0
PLURA_USD	2018-08-30	0.007134	0.007223	0.007236	0.006943	0
PLURA_USD	2018-08-29	0.007223	0.007255	0.007306	0.007101	0
PLURA_USD	2018-08-28	0.007255	0.007076	0.007305	0.007044	0
PLURA_USD	2018-08-27	0.007076	0.006876	0.007084	0.006826	0
PLURA_USD	2018-08-26	0.006876	0.006908	0.006951	0.006746	0
PLURA_USD	2018-08-25	0.006908	0.006862	0.006962	0.006837	0
PLURA_USD	2018-08-24	0.006862	0.006625	0.006893	0.006560	0
PLURA_USD	2018-08-23	0.006625	0.006450	0.006664	0.006446	0
PLURA_USD	2018-08-22	0.006450	0.006641	0.007038	0.006347	0
PLURA_USD	2018-08-21	0.006641	0.006411	0.006650	0.006406	0
PLURA_USD	2018-08-20	0.006411	0.006615	0.006663	0.006386	0
PLURA_USD	2018-08-19	0.006615	0.006519	0.006670	0.006436	0
PLURA_USD	2018-08-18	0.006519	0.006721	0.006743	0.006431	0
PLURA_USD	2018-08-17	0.006721	0.006438	0.006721	0.006419	0
PLURA_USD	2018-08-16	0.006438	0.006396	0.006666	0.006351	0
PLURA_USD	2018-08-15	0.006396	0.006372	0.006746	0.006366	0
PLURA_USD	2018-08-14	0.006372	0.006440	0.006440	0.006063	0
PLURA_USD	2018-08-13	0.006440	0.006503	0.006732	0.006345	0
PLURA_USD	2018-08-12	0.006503	0.006410	0.006960	0.006360	0
PLURA_USD	2018-08-11	0.006410	0.006666	0.007066	0.006254	0
PLURA_USD	2018-08-10	0.006666	0.007182	0.007231	0.006529	0
PLURA_USD	2018-08-09	0.007182	0.006906	0.007284	0.006808	0
PLURA_USD	2018-08-08	0.006906	0.007390	0.007390	0.006746	0
PLURA_USD	2018-08-07	0.007390	0.007458	0.007840	0.007350	0
PLURA_USD	2018-08-06	0.007458	0.007560	0.007681	0.007365	0
PLURA_USD	2018-08-05	0.007560	0.007531	0.007621	0.007408	0
PLURA_USD	2018-08-04	0.007531	0.007972	0.008050	0.007450	0
PLURA_USD	2018-08-03	0.007972	0.008100	0.008100	0.007830	0
PLURA_USD	2018-08-02	0.008100	0.008409	0.008509	0.008063	0
PLURA_USD	2018-08-01	0.008409	0.008558	0.008569	0.008227	0
PLURA_USD	2018-07-31	0.008558	0.009029	0.009035	0.008475	0
PLURA_USD	2018-07-30	0.009029	0.009209	0.009269	0.008810	0
PLURA_USD	2018-07-29	0.009209	0.009159	0.009269	0.009098	0
PLURA_USD	2018-07-28	0.009235	0.009235	0.009235	0.009235	0
PLURA_USD	2018-07-27	0.009235	0.009318	0.009318	0.009235	0
PLURA_USD	2018-07-26	0.009318	0.009036	0.009384	0.009034	0
PLURA_USD	2018-07-25	0.009036	0.009422	0.009504	0.008923	0
PLURA_USD	2018-07-24	0.009422	0.008871	0.009489	0.008757	0
PLURA_USD	2018-07-23	0.008871	0.008512	0.008948	0.008480	0
PLURA_USD	2018-07-22	0.008512	0.011438	0.011787	0.008449	0
PLURA_USD	2018-07-21	0.011438	0.011292	0.012417	0.011120	0
PLURA_USD	2018-07-20	0.011292	0.008034	0.011917	0.007900	0
PLURA_USD	2018-07-19	0.008034	0.007919	0.008123	0.007832	0
PLURA_USD	2018-07-18	0.007919	0.007942	0.008185	0.007794	0
PLURA_USD	2018-07-17	0.007942	0.007646	0.008097	0.007213	0
PLURA_USD	2018-07-16	0.007646	0.007235	0.007659	0.007218	0
PLURA_USD	2018-07-15	0.007235	0.007125	0.007283	0.007106	0
PLURA_USD	2018-07-14	0.007125	0.007029	0.007185	0.006983	0
PLURA_USD	2018-07-13	0.007029	0.007010	0.007152	0.006943	0
PLURA_USD	2018-07-12	0.007010	0.007207	0.007207	0.006841	0
PLURA_USD	2018-07-11	0.007207	0.007088	0.007238	0.007052	0
PLURA_USD	2018-07-10	0.007088	0.007393	0.007415	0.006995	0
PLURA_USD	2018-07-09	0.007393	0.007479	0.007543	0.007366	0
PLURA_USD	2018-07-08	0.007479	0.007607	0.007640	0.007450	0
PLURA_USD	2018-07-07	0.007607	0.007361	0.007679	0.007326	0
PLURA_USD	2018-07-06	0.007361	0.007325	0.007393	0.007227	0
PLURA_USD	2018-07-05	0.007325	0.007447	0.007568	0.007268	0
PLURA_USD	2018-07-04	0.007447	0.007410	0.007620	0.007316	0
PLURA_USD	2018-07-03	0.007410	0.009231	0.009240	0.000099	0
PLURA_USD	2018-07-02	0.009231	0.008889	0.009311	0.000000	0
PLURA_USD	2018-07-01	0.008890	0.008980	0.009241	0.008884	0
PLURA_USD	2018-06-30	0.008980	0.008777	0.009220	0.008777	0
PLURA_USD	2018-06-29	0.008785	0.008335	0.008876	0.008264	0
PLURA_USD	2018-06-28	0.008349	0.008802	0.008846	0.008308	0
PLURA_USD	2018-06-27	0.008801	0.008766	0.008867	0.008624	0
PLURA_USD	2018-06-26	0.008793	0.009313	0.009410	0.008746	0
PLURA_USD	2018-06-25	0.009307	0.008973	0.009409	0.008954	0
PLURA_USD	2018-06-24	0.008976	0.009579	0.009764	0.008928	0
PLURA_USD	2018-06-23	0.009566	0.009305	0.009686	0.009302	0
PLURA_USD	2018-06-22	0.009306	0.010272	0.010314	0.009142	0
PLURA_USD	2018-06-21	0.010272	0.010140	0.010350	0.010125	0
PLURA_USD	2018-06-20	0.010141	0.010267	0.010314	0.009804	0
PLURA_USD	2018-06-19	0.010279	0.010470	0.010720	0.010142	0
PLURA_USD	2018-06-18	0.010466	0.009890	0.010518	0.009800	0
PLURA_USD	2018-06-17	0.009882	0.009666	0.010086	0.009666	0
PLURA_USD	2018-06-16	0.009664	0.010407	0.010584	0.009361	0
PLURA_USD	2018-06-15	0.010403	0.010727	0.010823	0.010367	0
PLURA_USD	2018-06-14	0.010706	0.010167	0.010784	0.009700	0
PLURA_USD	2018-06-13	0.010161	0.010470	0.010569	0.009927	0
PLURA_USD	2018-06-12	0.010468	0.010993	0.010993	0.010306	0
PLURA_USD	2018-06-11	0.010998	0.010812	0.011035	0.010622	0
PLURA_USD	2018-06-10	0.010800	0.011998	0.011998	0.010560	0
PLURA_USD	2018-06-09	0.011994	0.012184	0.012296	0.011954	0
PLURA_USD	2018-06-08	0.012184	0.012297	0.012314	0.012070	0
PLURA_USD	2018-06-07	0.012302	0.012246	0.012410	0.012233	0
PLURA_USD	2018-06-06	0.012246	0.012701	0.012717	0.011987	0
PLURA_USD	2018-06-05	0.012690	0.012469	0.012773	0.012276	0
PLURA_USD	2018-06-04	0.012478	0.012823	0.012877	0.012417	0
PLURA_USD	2018-06-03	0.012812	0.012708	0.012947	0.012654	0
PLURA_USD	2018-06-02	0.012717	0.012533	0.012803	0.012411	0
PLURA_USD	2018-06-01	0.012523	0.012763	0.012908	0.012203	0
PLURA_USD	2018-05-31	0.012765	0.012569	0.012957	0.012511	0
PLURA_USD	2018-05-30	0.012575	0.011683	0.012595	0.011481	0
PLURA_USD	2018-05-29	0.011669	0.011225	0.011732	0.011049	0
PLURA_USD	2018-05-28	0.011218	0.011602	0.011777	0.011170	0
PLURA_USD	2018-05-27	0.011597	0.012606	0.012706	0.011535	0
PLURA_USD	2018-05-26	0.012603	0.015174	0.015181	0.009480	0
PLURA_USD	2018-05-25	0.015177	0.015379	0.015524	0.014884	0
PLURA_USD	2018-05-24	0.015373	0.016507	0.016976	0.015156	0
PLURA_USD	2018-05-23	0.016520	0.017749	0.017844	0.016405	0
PLURA_USD	2018-05-22	0.017755	0.018722	0.018743	0.017688	0
PLURA_USD	2018-05-21	0.018722	0.019092	0.019141	0.018650	0
PLURA_USD	2018-05-20	0.019092	0.018581	0.019238	0.018427	0
PLURA_USD	2018-05-19	0.018581	0.018661	0.018966	0.018435	0
PLURA_USD	2018-05-18	0.018661	0.018528	0.018824	0.018260	0
PLURA_USD	2018-05-17	0.018552	0.019243	0.019509	0.018390	0
PLURA_USD	2018-05-16	0.019226	0.019768	0.019820	0.018770	0
PLURA_USD	2018-05-15	0.019768	0.021709	0.022460	0.019674	0
PLURA_USD	2018-05-14	0.021711	0.027223	0.027544	0.020625	0
PLURA_USD	2018-05-13	0.027223	0.017840	0.028242	0.017489	0
PLURA_USD	2018-05-12	0.017799	0.018086	0.018376	0.017361	0
PLURA_USD	2018-05-11	0.018086	0.019390	0.019400	0.017984	0
PLURA_USD	2018-05-10	0.019390	0.019941	0.020188	0.019357	0
PLURA_USD	2018-05-09	0.019941	0.019655	0.020054	0.019217	0
PLURA_USD	2018-05-08	0.019667	0.019981	0.020108	0.000002	0
PLURA_USD	2018-05-07	0.024373	0.024872	0.024915	0.023689	0
PLURA_USD	2018-05-06	0.024872	0.023577	0.024906	0.022549	0
PLURA_USD	2018-05-05	0.023549	0.023105	0.023840	0.023053	0
PLURA_USD	2018-05-04	0.023105	0.022607	0.023249	0.022153	0
PLURA_USD	2018-05-03	0.022621	0.021287	0.022772	0.021189	0
PLURA_USD	2018-05-02	0.021287	0.020852	0.021366	0.020654	0
PLURA_USD	2018-05-01	0.020826	0.021243	0.021249	0.020279	0
PLURA_USD	2018-04-30	0.021243	0.021758	0.021819	0.021012	0
PLURA_USD	2018-04-29	0.021758	0.021528	0.022084	0.021262	0
PLURA_USD	2018-04-28	0.021528	0.020493	0.021698	0.020362	0
PLURA_USD	2018-04-27	0.020493	0.022263	0.022561	0.020435	0
PLURA_USD	2018-04-26	0.022263	0.020902	0.022292	0.020406	0
PLURA_USD	2018-04-25	0.020902	0.022727	0.022973	0.020687	0
PLURA_USD	2018-04-24	0.022780	0.021053	0.022933	0.021031	0
PLURA_USD	2018-04-23	0.021053	0.021251	0.021749	0.020791	0
PLURA_USD	2018-04-22	0.021251	0.021439	0.021798	0.021138	0
PLURA_USD	2018-04-21	0.021439	0.021245	0.021670	0.020686	0
PLURA_USD	2018-04-20	0.021245	0.019570	0.021388	0.019452	0
PLURA_USD	2018-04-19	0.019570	0.019151	0.019610	0.019017	0
PLURA_USD	2018-04-18	0.019151	0.018502	0.019285	0.018467	0
PLURA_USD	2018-04-17	0.018502	0.018851	0.019107	0.018316	0
PLURA_USD	2018-04-16	0.018851	0.019555	0.019667	0.018489	0
PLURA_USD	2018-04-15	0.019555	0.018732	0.019707	0.018727	0
PLURA_USD	2018-04-14	0.018732	0.018634	0.019226	0.018475	0
PLURA_USD	2018-04-13	0.018634	0.018712	0.019534	0.018348	0
PLURA_USD	2018-04-12	0.018713	0.016383	0.019029	0.015957	0
PLURA_USD	2018-04-11	0.016383	0.016108	0.016455	0.016037	0
PLURA_USD	2018-04-10	0.016108	0.015991	0.016226	0.015701	0
PLURA_USD	2018-04-09	0.015985	0.017747	0.018210	0.015639	0
PLURA_USD	2018-04-08	0.017747	0.017047	0.018858	0.017037	0
PLURA_USD	2018-04-07	0.017047	0.015874	0.017517	0.015839	0
PLURA_USD	2018-04-06	0.015874	0.016228	0.016426	0.015620	0
PLURA_USD	2018-04-05	0.016228	0.016288	0.016629	0.015773	0
PLURA_USD	2018-04-04	0.016288	0.017808	0.017837	0.016071	0
PLURA_USD	2018-04-03	0.017808	0.017032	0.018019	0.016953	0
PLURA_USD	2018-04-02	0.017032	0.016446	0.017185	0.016361	0
PLURA_USD	2018-04-01	0.016446	0.017867	0.018112	0.015541	0
PLURA_USD	2018-03-31	0.017867	0.017443	0.018416	0.017322	0
PLURA_USD	2018-03-30	0.017443	0.017766	0.018217	0.016512	0
PLURA_USD	2018-03-29	0.017766	0.019813	0.019865	0.017269	0
PLURA_USD	2018-03-28	0.019813	0.019460	0.020301	0.019324	0
PLURA_USD	2018-03-27	0.019460	0.021653	0.021869	0.019399	0
PLURA_USD	2018-03-26	0.021653	0.022422	0.022548	0.020873	0
PLURA_USD	2018-03-25	0.022422	0.022669	0.023036	0.022241	0
PLURA_USD	2018-03-24	0.022669	0.023680	0.024446	0.022644	0
PLURA_USD	2018-03-23	0.023680	0.023143	0.024126	0.022147	0
PLURA_USD	2018-03-22	0.023143	0.023629	0.024123	0.022511	0
PLURA_USD	2018-03-21	0.023629	0.024108	0.024724	0.023257	0
PLURA_USD	2018-03-20	0.024108	0.023048	0.024501	0.022366	0
PLURA_USD	2018-03-19	0.023048	0.021914	0.023312	0.021681	0
PLURA_USD	2018-03-18	0.021914	0.019715	0.022028	0.018846	0
PLURA_USD	2018-03-17	0.019715	0.020647	0.020767	0.019414	0
PLURA_USD	2018-03-16	0.020647	0.020470	0.021347	0.019602	0
PLURA_USD	2018-03-15	0.020470	0.020216	0.021388	0.019085	0
PLURA_USD	2018-03-14	0.020216	0.022609	0.023148	0.019571	0
PLURA_USD	2018-03-13	0.022609	0.022526	0.023401	0.021895	0
PLURA_USD	2018-03-12	0.022526	0.022729	0.023642	0.021743	0
PLURA_USD	2018-03-11	0.022729	0.021014	0.023213	0.020231	0
PLURA_USD	2018-03-10	0.021014	0.022358	0.023034	0.020908	0
PLURA_USD	2018-03-09	0.022358	0.022689	0.023015	0.020376	0
PLURA_USD	2018-03-08	0.022689	0.026828	0.027210	0.021572	0
PLURA_USD	2018-03-07	0.026828	0.026271	0.029605	0.023192	0
PLURA_USD	2018-03-06	0.026271	0.031017	0.031017	0.024343	0
PLURA_USD	2018-03-05	0.031017	0.028193	0.033426	0.025306	0
PLURA_USD	2018-03-04	0.028193	0.028473	0.028503	0.026890	0
PLURA_USD	2018-03-03	0.028535	0.028332	0.029324	0.028059	0
PLURA_USD	2018-03-02	0.028310	0.030868	0.055730	0.027971	0
