PPT_USD	2019-04-09	1.5958	1.6329	1.6329	1.5660	0
PPT_USD	2019-04-08	1.6329	1.6830	1.7823	1.6098	0
PPT_USD	2019-04-07	1.6830	1.6185	1.6982	1.6159	0
PPT_USD	2019-04-06	1.6150	1.6838	1.7043	1.5602	0
PPT_USD	2019-04-05	1.6836	1.5944	1.7096	1.5944	0
PPT_USD	2019-04-04	1.5944	1.6310	1.7028	1.5561	0
PPT_USD	2019-04-03	1.6310	1.7744	1.8460	1.5844	0
PPT_USD	2019-04-02	1.7744	1.6136	1.7744	1.5876	0
PPT_USD	2019-04-01	1.6136	1.5772	1.6613	1.5580	0
PPT_USD	2019-03-31	1.5772	1.5463	1.6000	1.5121	0
PPT_USD	2019-03-30	1.5439	1.5226	1.5680	1.5037	0
PPT_USD	2019-03-29	1.5226	1.5151	1.5424	1.4993	0
PPT_USD	2019-03-28	1.5151	1.5069	1.5411	1.4804	0
PPT_USD	2019-03-27	1.5069	1.4400	1.5941	1.4372	0
PPT_USD	2019-03-26	1.4400	1.3986	1.4634	1.3689	0
PPT_USD	2019-03-25	1.3986	1.4454	1.4532	1.3760	0
PPT_USD	2019-03-24	1.4454	1.4430	1.4896	1.4370	0
PPT_USD	2019-03-23	1.4444	1.4203	1.4634	1.4185	0
PPT_USD	2019-03-22	1.4215	1.3951	1.4270	1.3892	0
PPT_USD	2019-03-21	1.3951	1.4701	1.4952	1.3707	0
PPT_USD	2019-03-20	1.4701	1.4689	1.4806	1.4398	0
PPT_USD	2019-03-19	1.4689	1.4879	1.4966	1.4598	0
PPT_USD	2019-03-18	1.4879	1.4620	1.5081	1.4466	0
PPT_USD	2019-03-17	1.4620	1.4678	1.4784	1.4033	0
PPT_USD	2019-03-16	1.4690	1.4269	1.5410	1.4055	0
PPT_USD	2019-03-15	1.4269	1.4537	1.5799	1.3723	0
PPT_USD	2019-03-14	1.4537	1.3020	1.4778	1.2861	0
PPT_USD	2019-03-13	1.3020	1.3133	1.3868	1.2880	0
PPT_USD	2019-03-12	1.3133	1.2541	1.4372	1.2318	0
PPT_USD	2019-03-11	1.2541	1.2914	1.2975	1.2415	0
PPT_USD	2019-03-10	1.2914	1.2843	1.3035	1.2624	0
PPT_USD	2019-03-09	1.2837	1.2287	1.2955	1.2242	0
PPT_USD	2019-03-08	1.2287	1.2707	1.2881	1.2242	0
PPT_USD	2019-03-07	1.2707	1.2410	1.2925	1.2280	0
PPT_USD	2019-03-06	1.2410	1.2577	1.2732	1.2307	0
PPT_USD	2019-03-05	1.2577	1.2221	1.2685	1.1995	0
PPT_USD	2019-03-04	1.2221	1.2871	1.4629	1.1853	0
PPT_USD	2019-03-03	1.2871	1.2111	1.2927	1.2111	0
PPT_USD	2019-03-02	1.2111	1.2174	1.2453	1.1891	0
PPT_USD	2019-03-01	1.2180	1.1889	1.2274	1.1878	0
PPT_USD	2019-02-28	1.1889	1.2077	1.2286	1.1857	0
PPT_USD	2019-02-27	1.2077	1.2315	1.2724	1.1675	0
PPT_USD	2019-02-26	1.2315	1.1893	1.2374	1.1708	0
PPT_USD	2019-02-25	1.1893	1.1612	1.2310	1.1201	0
PPT_USD	2019-02-24	1.1612	1.3184	1.3562	1.1448	0
PPT_USD	2019-02-23	1.3193	1.2972	1.3496	1.2688	0
PPT_USD	2019-02-22	1.2995	1.3329	1.3416	1.2637	0
PPT_USD	2019-02-21	1.3329	1.3804	1.3804	1.3103	0
PPT_USD	2019-02-20	1.3804	1.3535	1.3804	1.3394	0
PPT_USD	2019-02-19	1.3535	1.3751	1.4002	1.3355	0
PPT_USD	2019-02-18	1.3751	1.3353	1.4100	1.3242	0
PPT_USD	2019-02-17	1.3353	1.2607	1.3421	1.2480	0
PPT_USD	2019-02-16	1.2607	1.2502	1.2765	1.2370	0
PPT_USD	2019-02-15	1.2502	1.2196	1.2568	1.2180	0
PPT_USD	2019-02-14	1.2196	1.2366	1.2513	1.2103	0
PPT_USD	2019-02-13	1.2366	1.2396	1.2649	1.2158	0
PPT_USD	2019-02-12	1.2396	1.2541	1.2577	1.2241	0
PPT_USD	2019-02-11	1.2541	1.3244	1.3255	1.2283	0
PPT_USD	2019-02-10	1.3244	1.3100	1.3517	1.2775	0
PPT_USD	2019-02-09	1.3098	1.2749	1.3287	1.2664	0
PPT_USD	2019-02-08	1.2749	1.1854	1.3122	1.1844	0
PPT_USD	2019-02-07	1.1854	1.1928	1.1965	1.1675	0
PPT_USD	2019-02-06	1.1928	1.1855	1.2848	1.1394	0
PPT_USD	2019-02-05	1.1855	1.2000	1.2031	1.1814	0
PPT_USD	2019-02-04	1.2000	1.2000	1.2442	1.1853	0
PPT_USD	2019-02-03	1.2000	1.2320	1.2356	1.1791	0
PPT_USD	2019-02-02	1.2302	1.2140	1.2347	1.1875	0
PPT_USD	2019-02-01	1.2150	1.2107	1.2471	1.1762	0
PPT_USD	2019-01-31	1.2107	1.2428	1.2666	1.1795	0
PPT_USD	2019-01-30	1.2428	1.2155	1.2672	1.1929	0
PPT_USD	2019-01-29	1.2155	1.2524	1.2837	1.1780	0
PPT_USD	2019-01-28	1.2524	1.3142	1.3185	1.1939	0
PPT_USD	2019-01-27	1.3142	1.3698	1.3780	1.3012	0
PPT_USD	2019-01-26	1.3710	1.3289	1.5305	1.3174	0
PPT_USD	2019-01-25	1.3289	1.3405	1.3494	1.3103	0
PPT_USD	2019-01-24	1.3405	1.3109	1.4069	1.2845	0
PPT_USD	2019-01-23	1.3109	1.3341	1.3617	1.2883	0
PPT_USD	2019-01-22	1.3341	1.3486	1.3911	1.2616	0
PPT_USD	2019-01-21	1.3486	1.2987	1.3722	1.2853	0
PPT_USD	2019-01-20	1.2987	1.3810	1.4083	1.2774	0
PPT_USD	2019-01-19	1.3815	1.3464	1.4266	1.3438	0
PPT_USD	2019-01-18	1.3475	1.3634	1.3707	1.3105	0
PPT_USD	2019-01-17	1.3634	1.3478	1.3660	1.3178	0
PPT_USD	2019-01-16	1.3478	1.3192	1.3861	1.3018	0
PPT_USD	2019-01-15	1.3192	1.4136	1.4136	1.3113	0
PPT_USD	2019-01-14	1.4136	1.3500	1.4307	1.3332	0
PPT_USD	2019-01-13	1.3500	1.3230	1.6488	1.3135	0
PPT_USD	2019-01-12	1.3230	1.3087	1.3537	1.2803	0
PPT_USD	2019-01-11	1.3084	1.3021	1.3494	1.2902	0
PPT_USD	2019-01-10	1.3021	1.5558	1.5558	1.2822	0
PPT_USD	2019-01-09	1.5558	1.5426	1.5903	1.5274	0
PPT_USD	2019-01-08	1.5426	1.5798	1.6087	1.5367	0
PPT_USD	2019-01-07	1.5798	1.6148	1.6367	1.5513	0
PPT_USD	2019-01-06	1.6148	1.5311	3.1117	1.5209	0
PPT_USD	2019-01-05	1.5313	1.5067	1.6646	1.5008	0
PPT_USD	2019-01-04	1.5067	1.4996	1.5592	1.4713	0
PPT_USD	2019-01-03	1.4996	1.5848	1.5867	1.4991	0
PPT_USD	2019-01-02	1.5848	1.5333	1.6001	1.5327	0
PPT_USD	2019-01-01	1.5333	1.5086	1.5520	1.4798	0
PPT_USD	2018-12-31	1.5086	1.6289	1.6475	1.4682	0
PPT_USD	2018-12-30	1.6289	1.5474	1.6400	1.5155	0
PPT_USD	2018-12-29	1.5443	1.6147	1.6636	1.5443	0
PPT_USD	2018-12-28	1.6149	1.4239	1.6430	1.4239	0
PPT_USD	2018-12-27	1.4239	1.6551	1.6611	1.4123	0
PPT_USD	2018-12-26	1.6551	1.7849	1.7896	1.6131	0
PPT_USD	2018-12-25	1.7849	1.8450	2.1363	1.6303	0
PPT_USD	2018-12-24	1.8450	1.5602	2.0188	1.5602	0
PPT_USD	2018-12-23	1.5602	1.5773	1.6905	1.5194	0
PPT_USD	2018-12-22	1.5742	1.4923	1.5825	1.4560	0
PPT_USD	2018-12-21	1.4906	1.6249	1.6582	1.4816	0
PPT_USD	2018-12-20	1.6249	1.4326	1.7012	1.4076	0
PPT_USD	2018-12-19	1.4326	1.3472	1.6925	1.3421	0
PPT_USD	2018-12-18	1.3472	1.2937	1.3548	1.2587	0
PPT_USD	2018-12-17	1.2937	1.1533	1.3336	1.1497	0
PPT_USD	2018-12-16	1.1533	1.1193	1.2034	1.1182	0
PPT_USD	2018-12-15	1.1194	1.1139	1.1283	1.0787	0
PPT_USD	2018-12-14	1.1138	1.1281	1.1754	1.0901	0
PPT_USD	2018-12-13	1.1281	1.2166	1.2242	1.1233	0
PPT_USD	2018-12-12	1.2166	1.1589	1.2653	1.1567	0
PPT_USD	2018-12-11	1.1671	1.2422	1.2667	1.1485	0
PPT_USD	2018-12-10	1.2422	1.3256	1.3504	1.2281	0
PPT_USD	2018-12-09	1.3256	1.2984	1.4200	1.2834	0
PPT_USD	2018-12-08	1.2985	1.3527	1.3927	1.2359	0
PPT_USD	2018-12-07	1.3522	1.3778	1.3994	1.1980	0
PPT_USD	2018-12-06	1.3778	1.5315	1.6197	1.3478	0
PPT_USD	2018-12-05	1.5315	1.7023	1.7045	1.5315	0
PPT_USD	2018-12-04	1.7023	1.5941	1.8852	1.5439	0
PPT_USD	2018-12-03	1.5941	1.7452	1.7519	1.5338	0
PPT_USD	2018-12-02	1.7452	1.8805	1.9229	1.7112	0
PPT_USD	2018-12-01	1.8845	1.7342	1.9310	1.6644	0
PPT_USD	2018-11-30	1.7342	1.8455	1.9107	1.6374	0
PPT_USD	2018-11-29	1.8455	1.8796	2.0229	1.7755	0
PPT_USD	2018-11-28	1.8796	1.5171	1.9706	1.5017	0
PPT_USD	2018-11-27	1.5171	1.4548	1.5431	1.3832	0
PPT_USD	2018-11-26	1.4548	1.6007	1.6379	1.3785	0
PPT_USD	2018-11-25	1.6007	1.5510	1.6222	1.3433	0
PPT_USD	2018-11-24	1.5540	1.6627	1.7081	1.4782	0
PPT_USD	2018-11-23	1.6627	1.7127	1.7522	1.6105	0
PPT_USD	2018-11-22	1.7127	1.9411	1.9854	1.7080	0
PPT_USD	2018-11-21	1.9411	1.7130	1.9524	1.6143	0
PPT_USD	2018-11-20	1.7130	2.0490	2.1693	1.5396	0
PPT_USD	2018-11-19	2.0490	2.6441	2.6475	1.9505	0
PPT_USD	2018-11-18	2.6441	2.5804	2.7068	2.5804	0
PPT_USD	2018-11-17	2.5804	2.6262	2.6397	2.5344	0
PPT_USD	2018-11-16	2.6262	2.7530	2.7779	2.5851	0
PPT_USD	2018-11-15	2.7530	2.8573	2.8887	2.4947	0
PPT_USD	2018-11-14	2.8573	3.1976	3.2193	2.6394	0
PPT_USD	2018-11-13	3.1976	3.4046	3.4208	3.1315	0
PPT_USD	2018-11-12	3.4046	3.4547	3.6625	3.4017	0
PPT_USD	2018-11-11	3.4547	3.4130	3.7732	3.3317	0
PPT_USD	2018-11-10	3.4142	3.3767	3.4372	3.3526	0
PPT_USD	2018-11-09	3.3767	3.4160	3.5081	3.3523	0
PPT_USD	2018-11-08	3.4160	3.5584	3.5694	3.3774	0
PPT_USD	2018-11-07	3.5584	3.4664	3.6738	3.4622	0
PPT_USD	2018-11-06	3.4664	3.4955	3.5111	3.3132	0
PPT_USD	2018-11-05	3.4955	3.5055	3.6359	3.4449	0
PPT_USD	2018-11-04	3.5055	3.7248	3.7888	3.4919	0
PPT_USD	2018-11-03	3.7235	3.6974	3.7920	3.6522	0
PPT_USD	2018-11-02	3.6974	3.7858	3.8246	3.6820	0
PPT_USD	2018-11-01	3.7858	3.7172	3.8314	3.6135	0
PPT_USD	2018-10-31	3.7172	3.4780	3.8466	3.4139	0
PPT_USD	2018-10-30	3.4780	3.4489	3.5705	3.4228	0
PPT_USD	2018-10-29	3.4489	3.4683	3.6679	3.3325	0
PPT_USD	2018-10-28	3.4683	3.4080	3.4704	3.4055	0
PPT_USD	2018-10-27	3.4093	3.4562	3.6357	3.3717	0
PPT_USD	2018-10-26	3.4486	3.4240	3.5160	3.3540	0
PPT_USD	2018-10-25	3.4240	3.5369	3.5875	3.4198	0
PPT_USD	2018-10-24	3.5369	3.4457	3.8592	3.4445	0
PPT_USD	2018-10-23	3.4457	3.4856	3.4994	3.3775	0
PPT_USD	2018-10-22	3.4856	3.4462	3.5189	3.3862	0
PPT_USD	2018-10-21	3.4462	3.5759	3.5922	3.4449	0
PPT_USD	2018-10-20	3.5733	3.4159	3.5904	3.3948	0
PPT_USD	2018-10-19	3.4157	3.3146	3.4846	3.2551	0
PPT_USD	2018-10-18	3.3146	3.3897	3.5900	3.2350	0
PPT_USD	2018-10-17	3.3897	3.3908	3.4473	3.3631	0
PPT_USD	2018-10-16	3.3908	3.4017	3.5112	3.3817	0
PPT_USD	2018-10-15	3.4017	3.2499	3.6828	3.1737	0
PPT_USD	2018-10-14	3.2499	3.2531	3.3804	3.1988	0
PPT_USD	2018-10-13	3.2521	3.1941	3.4235	3.1721	0
PPT_USD	2018-10-12	3.1961	3.0723	3.4080	2.9659	0
PPT_USD	2018-10-11	3.0723	3.6231	3.6231	3.0717	0
PPT_USD	2018-10-10	3.6231	3.7063	3.7317	3.4951	0
PPT_USD	2018-10-09	3.7063	3.7607	4.1016	3.6537	0
PPT_USD	2018-10-08	3.7607	3.3916	3.8111	3.3720	0
PPT_USD	2018-10-07	3.3916	3.2900	3.4389	3.2219	0
PPT_USD	2018-10-06	3.2900	3.4287	3.4404	3.2447	0
PPT_USD	2018-10-05	3.4304	3.2709	3.4353	3.1923	0
PPT_USD	2018-10-04	3.2709	3.1807	3.4246	3.1788	0
PPT_USD	2018-10-03	3.1807	3.1779	3.2291	3.0821	0
PPT_USD	2018-10-02	3.1779	3.1717	3.2546	3.1625	0
PPT_USD	2018-10-01	3.1717	3.2135	3.2304	2.9917	0
PPT_USD	2018-09-30	3.2135	3.1927	3.2633	3.1633	0
PPT_USD	2018-09-29	3.1927	3.1752	3.2543	3.0807	0
PPT_USD	2018-09-28	3.1785	3.2060	3.2807	3.1180	0
PPT_USD	2018-09-27	3.2060	3.0244	3.4215	3.0079	0
PPT_USD	2018-09-26	3.0244	3.0719	3.0973	2.9471	0
PPT_USD	2018-09-25	3.0719	3.0637	3.0758	2.8796	0
PPT_USD	2018-09-24	3.0637	3.1633	3.3457	3.0225	0
PPT_USD	2018-09-23	3.1633	3.1212	3.4994	3.0390	0
PPT_USD	2018-09-22	3.1271	3.2042	3.2617	3.0513	0
PPT_USD	2018-09-21	3.2087	3.1140	3.4012	2.9754	0
PPT_USD	2018-09-20	3.1140	3.0172	3.1213	2.9778	0
PPT_USD	2018-09-19	3.0172	3.1622	3.1990	2.9218	0
PPT_USD	2018-09-18	3.1622	3.1349	3.1974	3.0385	0
PPT_USD	2018-09-17	3.1349	3.4760	3.5126	3.0872	0
PPT_USD	2018-09-16	3.4760	3.5264	3.5850	3.3410	0
PPT_USD	2018-09-15	3.5264	3.2213	4.0167	3.2108	0
PPT_USD	2018-09-14	3.2248	3.4375	3.4385	3.0906	0
PPT_USD	2018-09-13	3.4375	3.1896	3.4621	3.1896	0
PPT_USD	2018-09-12	3.1896	3.3044	3.3100	2.9800	0
PPT_USD	2018-09-11	3.3044	3.5786	3.6267	3.1124	0
PPT_USD	2018-09-10	3.5786	3.6883	3.7915	3.5446	0
PPT_USD	2018-09-09	3.6883	3.6999	3.8621	3.5987	0
PPT_USD	2018-09-08	3.6999	4.0954	4.2223	3.6603	0
PPT_USD	2018-09-07	4.0954	4.0256	4.2675	3.9265	0
PPT_USD	2018-09-06	4.0256	3.9627	4.0548	3.7163	0
PPT_USD	2018-09-05	3.9627	4.5832	4.6155	3.9562	0
PPT_USD	2018-09-04	4.5832	4.3147	4.7355	4.3089	0
PPT_USD	2018-09-03	4.3147	4.3308	4.4887	4.2126	0
PPT_USD	2018-09-02	4.3308	4.4419	4.5085	4.3186	0
PPT_USD	2018-09-01	4.4419	4.2820	4.6932	4.2607	0
PPT_USD	2018-08-31	4.2820	4.3259	4.3689	4.2147	0
PPT_USD	2018-08-30	4.3259	4.5165	4.5701	4.1576	0
PPT_USD	2018-08-29	4.5165	4.7312	4.8225	4.5070	0
PPT_USD	2018-08-28	4.7312	4.8297	4.8694	4.5408	0
PPT_USD	2018-08-27	4.8297	4.4960	4.8463	4.3547	0
PPT_USD	2018-08-26	4.4960	4.5498	4.6169	4.3995	0
PPT_USD	2018-08-25	4.5540	4.7351	4.7460	4.4807	0
PPT_USD	2018-08-24	4.7351	4.9394	4.9884	4.5208	0
PPT_USD	2018-08-23	4.9394	4.5428	5.0736	4.5273	0
PPT_USD	2018-08-22	4.5428	5.0345	5.4235	4.4728	0
PPT_USD	2018-08-21	5.0345	4.5562	5.0405	4.3560	0
PPT_USD	2018-08-20	4.5562	5.3087	5.4572	4.5303	0
PPT_USD	2018-08-19	5.3087	5.3523	5.6481	5.1230	0
PPT_USD	2018-08-18	5.3439	5.4803	6.0401	5.1705	0
PPT_USD	2018-08-17	5.4901	4.3434	6.9788	4.3318	0
PPT_USD	2018-08-16	4.3434	3.3530	4.6190	3.3160	0
PPT_USD	2018-08-15	3.3530	3.1372	3.7118	3.1027	0
PPT_USD	2018-08-14	3.1372	3.5977	3.5977	2.5191	0
PPT_USD	2018-08-13	3.5977	3.9825	4.1790	3.5759	0
PPT_USD	2018-08-12	3.9825	4.1583	4.2245	3.9587	0
PPT_USD	2018-08-11	4.1701	4.1406	4.3871	4.0230	0
PPT_USD	2018-08-10	4.1372	4.5089	4.5665	4.0647	0
PPT_USD	2018-08-09	4.5089	4.4906	4.5624	4.0830	0
PPT_USD	2018-08-08	4.4906	4.4996	4.7314	4.1012	0
PPT_USD	2018-08-07	4.4996	4.5752	4.8374	4.3690	0
PPT_USD	2018-08-06	4.5752	4.7192	4.8187	4.5205	0
PPT_USD	2018-08-05	4.7192	4.6273	4.8367	4.5595	0
PPT_USD	2018-08-04	4.6222	4.6882	4.8508	4.4584	0
PPT_USD	2018-08-03	4.6882	4.9876	4.9925	4.4715	0
PPT_USD	2018-08-02	4.9876	5.4360	5.5726	4.9150	0
PPT_USD	2018-08-01	5.4360	4.7326	6.0570	4.4894	0
PPT_USD	2018-07-31	4.7326	5.3992	5.4564	4.5706	0
PPT_USD	2018-07-30	5.3992	5.7961	5.8645	5.1684	0
PPT_USD	2018-07-29	5.7961	5.5692	5.9800	5.5307	0
PPT_USD	2018-07-28	5.5692	5.6887	5.8726	5.5259	0
PPT_USD	2018-07-27	5.6900	5.7679	6.0112	5.6306	0
PPT_USD	2018-07-26	5.7679	5.9955	6.1611	5.6838	0
PPT_USD	2018-07-25	5.9955	5.9568	6.1431	5.8990	0
PPT_USD	2018-07-24	5.9568	5.9552	6.6071	5.8034	0
PPT_USD	2018-07-23	5.9552	6.3186	6.5957	5.9110	0
PPT_USD	2018-07-22	6.3186	6.6752	6.8169	6.2870	0
PPT_USD	2018-07-21	6.6752	6.3641	7.1372	6.2149	0
PPT_USD	2018-07-20	6.3681	6.8607	7.1069	6.1591	0
PPT_USD	2018-07-19	6.8607	7.2177	7.2760	6.7362	0
PPT_USD	2018-07-18	7.2177	7.4027	7.8405	7.0617	0
PPT_USD	2018-07-17	7.4027	6.9627	7.5803	6.6698	0
PPT_USD	2018-07-16	6.9627	6.6678	6.9857	6.4436	0
PPT_USD	2018-07-15	6.6678	6.3632	6.7394	6.2758	0
PPT_USD	2018-07-14	6.3632	6.4934	6.6548	6.1623	0
PPT_USD	2018-07-13	6.4934	6.2398	7.0170	6.2193	0
PPT_USD	2018-07-12	6.2398	6.3513	6.3745	5.9176	0
PPT_USD	2018-07-11	6.3513	6.3371	6.6046	6.1211	0
PPT_USD	2018-07-10	6.3371	7.3420	7.4460	6.2885	0
PPT_USD	2018-07-09	7.3420	7.7141	7.8917	7.3374	0
PPT_USD	2018-07-08	7.7141	8.1023	8.2939	7.5855	0
PPT_USD	2018-07-07	8.1023	7.9665	8.1147	7.5032	0
PPT_USD	2018-07-06	7.9734	8.0092	8.3126	7.1613	0
PPT_USD	2018-07-05	8.0092	8.2612	8.2981	7.8248	0
PPT_USD	2018-07-04	8.2612	8.0629	8.7865	7.7593	0
PPT_USD	2018-07-03	8.0629	8.6521	8.9947	0.1139	0
PPT_USD	2018-07-02	8.6521	8.9944	9.3527	0.0001	0
PPT_USD	2018-07-01	9.0156	7.9583	9.0521	7.5991	0
PPT_USD	2018-06-30	7.9607	6.4025	8.0616	6.4025	0
PPT_USD	2018-06-29	6.3969	5.6008	7.0409	5.6008	0
PPT_USD	2018-06-28	5.6256	6.0690	6.1431	5.5917	0
PPT_USD	2018-06-27	6.0680	5.4877	6.2127	5.4160	0
PPT_USD	2018-06-26	5.5024	6.1281	6.4813	5.4379	0
PPT_USD	2018-06-25	6.1241	5.6408	6.3057	5.3728	0
PPT_USD	2018-06-24	5.6421	5.4700	5.6900	4.6613	0
PPT_USD	2018-06-23	5.4565	5.9026	6.1376	5.4565	0
PPT_USD	2018-06-22	5.9045	7.3533	7.3855	5.8203	0
PPT_USD	2018-06-21	7.3462	7.7054	7.9897	7.2788	0
PPT_USD	2018-06-20	7.7038	7.9581	7.9649	7.2436	0
PPT_USD	2018-06-19	7.9576	7.8671	8.1904	7.5770	0
PPT_USD	2018-06-18	7.8427	7.8908	8.3411	7.4471	0
PPT_USD	2018-06-17	7.8822	8.2363	8.3209	7.8569	0
PPT_USD	2018-06-16	8.2348	8.2449	8.3785	8.0053	0
PPT_USD	2018-06-15	8.2423	8.8463	9.0173	8.0942	0
PPT_USD	2018-06-14	8.8294	7.8471	8.9509	7.7955	0
PPT_USD	2018-06-13	7.8419	7.9754	8.6246	7.2929	0
PPT_USD	2018-06-12	7.9571	8.7786	8.8752	7.3700	0
PPT_USD	2018-06-11	8.7859	8.9324	9.2377	8.2916	0
PPT_USD	2018-06-10	8.9082	10.5865	10.5865	8.6593	0
PPT_USD	2018-06-09	10.6113	11.2009	11.2293	10.5663	0
PPT_USD	2018-06-08	11.2046	10.9987	11.9078	10.5813	0
PPT_USD	2018-06-07	11.0156	11.8475	12.0182	10.7109	0
PPT_USD	2018-06-06	11.8469	12.2462	12.3158	11.4670	0
PPT_USD	2018-06-05	12.2358	11.9754	12.3539	11.5472	0
PPT_USD	2018-06-04	12.0235	12.8926	13.0498	11.9065	0
PPT_USD	2018-06-03	12.8911	12.6780	13.2986	12.6114	0
PPT_USD	2018-06-02	12.6761	12.3608	12.8733	12.2325	0
PPT_USD	2018-06-01	12.3654	12.6997	12.7528	11.9708	0
PPT_USD	2018-05-31	12.6886	12.4002	12.8598	12.3297	0
PPT_USD	2018-05-30	12.4024	13.0862	13.2784	12.0706	0
PPT_USD	2018-05-29	13.0835	11.6405	13.5566	11.3214	0
PPT_USD	2018-05-28	11.6290	12.7809	12.9540	11.3673	0
PPT_USD	2018-05-27	12.7780	13.1821	13.2158	12.5725	0
PPT_USD	2018-05-26	13.1766	13.7503	14.0193	13.1160	0
PPT_USD	2018-05-25	13.7506	14.4676	14.4829	13.3052	0
PPT_USD	2018-05-24	14.4588	13.3106	14.6874	12.9427	0
PPT_USD	2018-05-23	13.3147	14.6652	15.2435	12.9985	0
PPT_USD	2018-05-22	14.6971	16.4024	16.5379	14.6134	0
PPT_USD	2018-05-21	16.4024	17.6194	17.6744	16.2836	0
PPT_USD	2018-05-20	17.6194	18.1472	18.1472	16.9713	0
PPT_USD	2018-05-19	18.1061	18.0256	19.3078	16.9767	0
PPT_USD	2018-05-18	18.0367	15.0059	18.0903	14.5404	0
PPT_USD	2018-05-17	15.0275	15.4461	16.6236	15.0022	0
PPT_USD	2018-05-16	15.4307	17.5580	18.5546	14.6609	0
PPT_USD	2018-05-15	17.5683	15.5856	18.3038	15.5245	0
PPT_USD	2018-05-14	15.5877	16.3281	16.3951	14.8381	0
PPT_USD	2018-05-13	16.3281	15.4124	16.6283	15.2398	0
PPT_USD	2018-05-12	15.4387	14.6541	16.2729	14.2259	0
PPT_USD	2018-05-11	14.6312	17.1789	17.4611	14.3836	0
PPT_USD	2018-05-10	17.1789	19.6059	19.7314	17.1789	0
PPT_USD	2018-05-09	19.6059	19.5497	20.3392	18.6580	0
PPT_USD	2018-05-08	19.5702	20.5728	20.5978	0.0021	0
PPT_USD	2018-05-07	19.8199	19.8141	20.1422	18.3622	0
PPT_USD	2018-05-06	19.8141	21.0856	22.8699	19.4497	0
PPT_USD	2018-05-05	21.0321	21.0814	22.9477	20.1320	0
PPT_USD	2018-05-04	21.0965	22.3091	23.3927	20.9740	0
PPT_USD	2018-05-03	22.3091	24.0372	24.3315	22.2997	0
PPT_USD	2018-05-02	24.0372	23.4202	24.5112	23.3095	0
PPT_USD	2018-05-01	23.4202	24.5220	24.5348	22.2706	0
PPT_USD	2018-04-30	24.5220	26.2021	26.5673	23.5455	0
PPT_USD	2018-04-29	26.2021	23.9035	26.5208	23.8186	0
PPT_USD	2018-04-28	23.9035	21.3763	24.5936	21.2687	0
PPT_USD	2018-04-27	21.3966	23.8855	24.5000	21.3224	0
PPT_USD	2018-04-26	23.8855	21.5386	23.8919	21.0789	0
PPT_USD	2018-04-25	21.5386	25.8710	26.1518	21.0280	0
PPT_USD	2018-04-24	25.8710	24.0564	27.4849	24.0564	0
PPT_USD	2018-04-23	24.0564	26.2755	26.2755	23.3168	0
PPT_USD	2018-04-22	26.2755	27.3513	27.5749	26.0117	0
PPT_USD	2018-04-21	27.4158	28.1798	30.1354	25.2702	0
PPT_USD	2018-04-20	28.1442	24.2404	28.3683	23.6330	0
PPT_USD	2018-04-19	24.2404	23.4618	25.4977	23.4397	0
PPT_USD	2018-04-18	23.4618	23.2220	24.5068	22.4635	0
PPT_USD	2018-04-17	23.2220	21.1995	26.1480	20.9293	0
PPT_USD	2018-04-16	21.1995	0.0000	22.6897	0.0000	0
PPT_USD	2018-04-15	16.6163	16.1549	16.8528	16.0458	0
PPT_USD	2018-04-14	16.1078	15.0307	16.4089	14.7672	0
PPT_USD	2018-04-13	15.0150	13.8931	16.7146	13.6451	0
PPT_USD	2018-04-12	13.8851	12.1639	14.0273	11.6591	0
PPT_USD	2018-04-11	12.1603	11.6704	12.2303	11.5516	0
PPT_USD	2018-04-10	11.6765	11.6840	12.0273	11.2099	0
PPT_USD	2018-04-09	11.6850	12.1774	12.5077	11.2979	0
PPT_USD	2018-04-08	12.1338	12.0365	12.9798	11.9826	0
PPT_USD	2018-04-07	12.0307	11.4424	12.4647	11.3605	0
PPT_USD	2018-04-06	11.4230	11.8291	11.9413	11.2050	0
PPT_USD	2018-04-05	11.8122	11.8054	12.0883	11.0479	0
PPT_USD	2018-04-04	11.7896	13.3168	13.3609	11.2603	0
PPT_USD	2018-04-03	13.3251	11.7600	13.6811	11.7547	0
PPT_USD	2018-04-02	11.7864	11.3593	12.1865	11.0896	0
PPT_USD	2018-04-01	11.3665	12.1655	12.4225	10.9788	0
PPT_USD	2018-03-31	12.1717	11.8945	12.7565	11.5930	0
PPT_USD	2018-03-30	11.8815	12.6881	13.1648	11.1587	0
PPT_USD	2018-03-29	12.6653	14.5941	14.6548	12.3352	0
PPT_USD	2018-03-28	14.5827	15.0284	15.5216	14.3489	0
PPT_USD	2018-03-27	15.0288	15.2261	15.7829	14.0382	0
PPT_USD	2018-03-26	15.1858	15.4091	15.7266	14.0919	0
PPT_USD	2018-03-25	15.4306	15.1854	16.3026	15.1108	0
PPT_USD	2018-03-24	15.1796	15.7860	16.4205	14.9139	0
PPT_USD	2018-03-23	15.8217	14.8357	16.0152	13.6381	0
PPT_USD	2018-03-22	14.8706	15.6292	16.1968	14.4522	0
PPT_USD	2018-03-21	15.6323	16.0222	17.0022	15.4695	0
PPT_USD	2018-03-20	16.0052	15.4079	16.5216	14.4978	0
PPT_USD	2018-03-19	15.4283	15.2007	16.3734	14.0926	0
PPT_USD	2018-03-18	15.3184	13.9685	15.3952	11.3670	0
PPT_USD	2018-03-17	13.9989	15.3672	15.4972	13.9337	0
PPT_USD	2018-03-16	15.4536	15.9203	16.6380	15.1471	0
PPT_USD	2018-03-15	15.9203	16.0943	16.4983	14.7606	0
PPT_USD	2018-03-14	16.0943	18.9317	19.4563	15.1977	0
PPT_USD	2018-03-13	18.9317	16.7342	20.3272	16.7098	0
PPT_USD	2018-03-12	16.7342	16.6591	17.1635	15.2411	0
PPT_USD	2018-03-11	16.6591	15.7196	17.1250	14.5743	0
PPT_USD	2018-03-10	15.6059	15.5433	18.3976	15.5284	0
PPT_USD	2018-03-09	15.5620	15.6453	15.9122	13.0778	0
PPT_USD	2018-03-08	15.6453	17.7693	18.3066	15.2448	0
PPT_USD	2018-03-07	17.7693	19.8183	20.0373	15.7391	0
PPT_USD	2018-03-06	19.8183	20.9931	21.6125	19.1679	0
PPT_USD	2018-03-05	20.9931	20.9718	23.1138	20.7889	0
PPT_USD	2018-03-04	20.9718	20.4919	21.6877	19.7817	0
PPT_USD	2018-03-03	20.4951	21.0886	21.9656	20.2359	0
PPT_USD	2018-03-02	21.0886	22.5546	24.4807	20.9909	0
PPT_USD	2018-03-01	22.5546	17.9254	26.4029	17.6831	0
PPT_USD	2018-02-28	17.9254	21.3560	22.0568	17.5216	0
PPT_USD	2018-02-27	21.3560	21.7991	22.6286	21.1981	0
PPT_USD	2018-02-26	21.7991	21.4809	22.2119	20.6751	0
