PRIX_USD	2019-04-09	1.1959	1.2199	1.2199	1.1823	0
PRIX_USD	2019-04-08	1.2199	1.1953	1.2403	1.1880	0
PRIX_USD	2019-04-07	1.1953	1.2841	1.2841	1.1856	0
PRIX_USD	2019-04-06	1.2841	1.2497	1.3443	1.2393	0
PRIX_USD	2019-04-05	1.2497	1.0170	1.2557	1.0154	0
PRIX_USD	2019-04-04	1.0170	1.0321	1.0563	0.9975	0
PRIX_USD	2019-04-03	1.0321	1.0273	1.1048	1.0056	0
PRIX_USD	2019-04-02	1.0273	0.8823	1.0647	0.8804	0
PRIX_USD	2019-04-01	0.8823	0.8827	0.8899	0.8742	0
PRIX_USD	2019-03-31	0.8827	0.9044	0.9087	0.8706	0
PRIX_USD	2019-03-30	0.9044	0.9276	0.9345	0.7472	0
PRIX_USD	2019-03-29	0.9276	0.9112	0.9312	0.9093	0
PRIX_USD	2019-03-28	0.9112	0.9098	0.9122	0.9046	0
PRIX_USD	2019-03-27	0.9098	0.9875	1.0122	0.8896	0
PRIX_USD	2019-03-26	0.9875	0.9861	0.9888	0.9791	0
PRIX_USD	2019-03-25	0.9861	1.0078	1.0093	0.9790	0
PRIX_USD	2019-03-24	1.0078	1.0169	1.0169	1.0013	0
PRIX_USD	2019-03-23	1.0169	1.0167	1.0227	1.0116	0
PRIX_USD	2019-03-22	1.0167	1.0192	1.0234	1.0151	0
PRIX_USD	2019-03-21	1.0192	1.0430	1.0462	1.0105	0
PRIX_USD	2019-03-20	1.0430	1.0412	1.0454	1.0321	0
PRIX_USD	2019-03-19	1.0412	1.0353	1.0446	1.0304	0
PRIX_USD	2019-03-18	1.0353	1.0640	1.0770	1.0277	0
PRIX_USD	2019-03-17	1.0640	1.0679	1.0708	1.0564	0
PRIX_USD	2019-03-16	1.0679	1.0272	1.0797	1.0272	0
PRIX_USD	2019-03-15	1.0272	1.0068	1.0279	1.0065	0
PRIX_USD	2019-03-14	1.0068	0.9905	1.0196	0.9891	0
PRIX_USD	2019-03-13	0.9905	0.8871	0.9922	0.8871	0
PRIX_USD	2019-03-12	0.8871	0.8210	0.8886	0.6404	0
PRIX_USD	2019-03-11	0.8210	0.8364	0.8376	0.8174	0
PRIX_USD	2019-03-10	0.8364	0.8456	0.8460	0.8317	0
PRIX_USD	2019-03-09	0.8456	0.8355	0.8537	0.8340	0
PRIX_USD	2019-03-08	0.8355	0.8464	0.8552	0.8222	0
PRIX_USD	2019-03-07	0.8464	0.9445	0.9553	0.8429	0
PRIX_USD	2019-03-06	0.9445	0.9372	0.9468	0.9290	0
PRIX_USD	2019-03-05	0.9372	0.9303	0.9396	0.9014	0
PRIX_USD	2019-03-04	0.9303	0.9439	0.9498	0.9185	0
PRIX_USD	2019-03-03	0.9439	0.9440	0.9486	0.9378	0
PRIX_USD	2019-03-02	0.9440	0.9383	0.9440	0.9258	0
PRIX_USD	2019-03-01	0.9383	0.9273	0.9446	0.9267	0
PRIX_USD	2019-02-28	0.9273	0.9222	0.9444	0.9199	0
PRIX_USD	2019-02-27	0.9222	0.9006	0.9288	0.8914	0
PRIX_USD	2019-02-26	0.9006	0.9004	0.9044	0.8904	0
PRIX_USD	2019-02-25	0.9004	0.8739	0.9083	0.8733	0
PRIX_USD	2019-02-24	0.8739	0.9680	0.9772	0.8726	0
PRIX_USD	2019-02-23	0.9680	0.9157	0.9759	0.9118	0
PRIX_USD	2019-02-22	0.9157	0.8929	0.9191	0.8921	0
PRIX_USD	2019-02-21	0.8929	0.8846	0.9022	0.8734	0
PRIX_USD	2019-02-20	0.8846	0.8401	0.8846	0.8355	0
PRIX_USD	2019-02-19	0.8401	0.9697	0.9947	0.8399	0
PRIX_USD	2019-02-18	0.9697	0.8528	1.0831	0.8503	0
PRIX_USD	2019-02-17	0.8528	0.8327	0.8601	0.8326	0
PRIX_USD	2019-02-16	0.8327	0.8231	0.8404	0.8231	0
PRIX_USD	2019-02-15	0.8231	0.8186	0.8321	0.8165	0
PRIX_USD	2019-02-14	0.8186	0.7914	0.8826	0.7484	0
PRIX_USD	2019-02-13	0.7914	0.7968	0.8057	0.7874	0
PRIX_USD	2019-02-12	0.7968	0.7940	0.8032	0.7863	0
PRIX_USD	2019-02-11	0.7940	0.8082	0.8088	0.7930	0
PRIX_USD	2019-02-10	0.8082	0.8020	0.8084	0.7911	0
PRIX_USD	2019-02-09	0.8020	0.7978	0.8020	0.7893	0
PRIX_USD	2019-02-08	0.7978	0.6696	0.7979	0.6668	0
PRIX_USD	2019-02-07	0.6696	0.6839	0.6839	0.6696	0
PRIX_USD	2019-02-06	0.6839	0.7073	0.7091	0.6807	0
PRIX_USD	2019-02-05	0.7073	0.7147	0.7150	0.7067	0
PRIX_USD	2019-02-04	0.7147	0.7321	0.7331	0.7145	0
PRIX_USD	2019-02-03	0.7321	0.7551	0.7567	0.7268	0
PRIX_USD	2019-02-02	0.7551	0.7630	0.7630	0.7457	0
PRIX_USD	2019-02-01	0.7630	0.7654	0.7715	0.6241	0
PRIX_USD	2019-01-31	0.7654	0.8209	0.8209	0.7602	0
PRIX_USD	2019-01-30	0.8209	0.8070	0.8242	0.8010	0
PRIX_USD	2019-01-29	0.8070	0.8090	0.8116	0.7923	0
PRIX_USD	2019-01-28	0.8090	0.8128	0.8131	0.7887	0
PRIX_USD	2019-01-27	0.8128	0.8215	0.8231	0.7990	0
PRIX_USD	2019-01-26	0.8215	0.8218	0.8440	0.8208	0
PRIX_USD	2019-01-25	0.8218	0.8101	0.8233	0.7984	0
PRIX_USD	2019-01-24	0.8101	0.9048	0.9054	0.8085	0
PRIX_USD	2019-01-23	0.9048	0.9091	0.9216	0.8988	0
PRIX_USD	2019-01-22	0.9091	0.7731	0.9189	0.7727	0
PRIX_USD	2019-01-21	0.7731	0.9788	0.9807	0.7671	0
PRIX_USD	2019-01-20	0.9788	1.0136	1.0382	0.9760	0
PRIX_USD	2019-01-19	1.0136	0.8216	1.0214	0.8166	0
PRIX_USD	2019-01-18	0.8216	1.0282	1.0658	0.8201	0
PRIX_USD	2019-01-17	1.0282	0.6605	1.0706	0.6505	0
PRIX_USD	2019-01-16	0.6605	0.6598	0.6727	0.6574	0
PRIX_USD	2019-01-15	0.6598	0.6785	0.6830	0.6559	0
PRIX_USD	2019-01-14	0.6785	0.6520	0.6879	0.6499	0
PRIX_USD	2019-01-13	0.6520	0.6720	0.6750	0.6484	0
PRIX_USD	2019-01-12	0.6720	0.6489	0.6777	0.6450	0
PRIX_USD	2019-01-11	0.6489	0.6704	0.6729	0.6409	0
PRIX_USD	2019-01-10	0.6704	0.7531	0.7619	0.6693	0
PRIX_USD	2019-01-09	0.7531	0.8761	1.0017	0.6380	0
PRIX_USD	2019-01-08	0.8761	0.6738	0.8857	0.6682	0
PRIX_USD	2019-01-07	0.6738	0.4729	0.6738	0.4546	0
PRIX_USD	2019-01-06	0.4729	0.5410	0.9205	0.4233	0
PRIX_USD	2019-01-05	0.5410	0.5472	0.5551	0.5399	0
PRIX_USD	2019-01-04	0.5472	0.5421	0.5512	0.5337	0
PRIX_USD	2019-01-03	0.5421	0.5591	0.5598	0.5397	0
PRIX_USD	2019-01-02	0.5591	0.5468	0.5622	0.5416	0
PRIX_USD	2019-01-01	0.5468	0.5289	0.5502	0.5232	0
PRIX_USD	2018-12-31	0.5289	0.5437	0.5453	0.5207	0
PRIX_USD	2018-12-30	0.5437	0.5311	0.5458	0.5264	0
PRIX_USD	2018-12-29	0.5311	0.5525	0.5598	0.5290	0
PRIX_USD	2018-12-28	0.5525	0.4905	0.5587	0.4905	0
PRIX_USD	2018-12-27	0.4905	0.4881	0.5048	0.4814	0
PRIX_USD	2018-12-26	0.4881	0.4903	0.5049	0.4631	0
PRIX_USD	2018-12-25	0.4903	0.4866	0.4949	0.4560	0
PRIX_USD	2018-12-24	0.4866	0.3986	0.4899	0.3986	0
PRIX_USD	2018-12-23	0.3986	0.4074	0.4144	0.3955	0
PRIX_USD	2018-12-22	0.4074	0.4140	0.4244	0.3934	0
PRIX_USD	2018-12-21	0.4140	0.4562	0.4639	0.4073	0
PRIX_USD	2018-12-20	0.4562	0.4147	0.4658	0.4116	0
PRIX_USD	2018-12-19	0.4147	0.4480	0.4766	0.4122	0
PRIX_USD	2018-12-18	0.4480	0.4463	0.4505	0.4241	0
PRIX_USD	2018-12-17	0.4463	0.4401	0.4759	0.4058	0
PRIX_USD	2018-12-16	0.4401	0.4319	0.4481	0.4307	0
PRIX_USD	2018-12-15	0.4319	0.4100	0.4348	0.4087	0
PRIX_USD	2018-12-14	0.4100	0.4435	0.4492	0.4013	0
PRIX_USD	2018-12-13	0.4435	0.4344	0.4551	0.4225	0
PRIX_USD	2018-12-12	0.4344	0.4021	0.4346	0.4014	0
PRIX_USD	2018-12-11	0.4044	0.4150	0.4260	0.3990	0
PRIX_USD	2018-12-10	0.4150	0.4803	0.4875	0.4061	0
PRIX_USD	2018-12-09	0.4803	0.5083	0.5152	0.4355	0
PRIX_USD	2018-12-08	0.5083	0.5025	0.5259	0.4096	0
PRIX_USD	2018-12-07	0.5025	0.5168	0.5235	0.4776	0
PRIX_USD	2018-12-06	0.5168	0.5067	0.5413	0.4899	0
PRIX_USD	2018-12-05	0.5067	0.5665	0.5685	0.5054	0
PRIX_USD	2018-12-04	0.5665	0.5789	0.6062	0.5594	0
PRIX_USD	2018-12-03	0.5789	0.6608	0.6647	0.5746	0
PRIX_USD	2018-12-02	0.6608	0.6560	0.6774	0.6459	0
PRIX_USD	2018-12-01	0.6560	0.6244	0.6714	0.6168	0
PRIX_USD	2018-11-30	0.6244	0.6583	0.6668	0.5485	0
PRIX_USD	2018-11-29	0.6583	0.6478	0.6764	0.6297	0
PRIX_USD	2018-11-28	0.6478	0.5759	0.6652	0.5759	0
PRIX_USD	2018-11-27	0.5759	0.5667	0.5843	0.5479	0
PRIX_USD	2018-11-26	0.5667	0.4912	0.5931	0.4840	0
PRIX_USD	2018-11-25	0.4912	0.5781	0.5870	0.4575	0
PRIX_USD	2018-11-24	0.5781	0.6751	0.6895	0.5639	0
PRIX_USD	2018-11-23	0.6751	0.6645	0.6815	0.6434	0
PRIX_USD	2018-11-22	0.6645	0.6978	0.7055	0.6644	0
PRIX_USD	2018-11-21	0.6978	0.6771	0.7080	0.6540	0
PRIX_USD	2018-11-20	0.6771	0.7357	0.7525	0.6363	0
PRIX_USD	2018-11-19	0.7357	0.8322	0.8322	0.7281	0
PRIX_USD	2018-11-18	0.8322	0.8226	0.8379	0.8223	0
PRIX_USD	2018-11-17	0.8226	0.7877	0.8231	0.6671	0
PRIX_USD	2018-11-16	0.7877	0.8033	0.8041	0.7731	0
PRIX_USD	2018-11-15	0.8033	0.8636	0.8691	0.7612	0
PRIX_USD	2018-11-14	0.8636	0.9527	0.9547	0.8377	0
PRIX_USD	2018-11-13	0.9527	0.9522	0.9587	0.9457	0
PRIX_USD	2018-11-12	0.9522	0.9541	0.9571	0.9480	0
PRIX_USD	2018-11-11	0.9541	0.9499	0.9541	0.9400	0
PRIX_USD	2018-11-10	0.9499	0.9481	0.9541	0.9472	0
PRIX_USD	2018-11-09	0.9481	0.9569	0.9603	0.9441	0
PRIX_USD	2018-11-08	0.9569	0.9708	0.9726	0.9566	0
PRIX_USD	2018-11-07	0.9708	0.9624	0.9760	0.9619	0
PRIX_USD	2018-11-06	0.9624	0.9557	0.9624	0.9524	0
PRIX_USD	2018-11-05	0.9557	0.9580	0.9601	0.9512	0
PRIX_USD	2018-11-04	0.9580	0.9451	0.9615	0.9410	0
PRIX_USD	2018-11-03	0.9451	0.9275	0.9452	0.8214	0
PRIX_USD	2018-11-02	0.9275	0.7600	0.9287	0.7321	0
PRIX_USD	2018-11-01	0.7600	0.6941	0.7633	0.6892	0
PRIX_USD	2018-10-31	0.6941	0.6938	0.7608	0.6813	0
PRIX_USD	2018-10-30	0.6938	0.7637	0.7681	0.6920	0
PRIX_USD	2018-10-29	0.7637	0.7811	0.7826	0.7609	0
PRIX_USD	2018-10-28	0.7811	0.7920	0.7920	0.7061	0
PRIX_USD	2018-10-27	0.7920	0.8072	0.8080	0.7915	0
PRIX_USD	2018-10-26	0.8072	0.8137	0.8202	0.8063	0
PRIX_USD	2018-10-25	0.8137	0.8220	0.8231	0.8137	0
PRIX_USD	2018-10-24	0.8220	0.8273	0.8352	0.8208	0
PRIX_USD	2018-10-23	0.8273	0.8516	0.8535	0.8268	0
PRIX_USD	2018-10-22	0.8516	0.8592	0.8631	0.8505	0
PRIX_USD	2018-10-21	0.8592	0.8586	0.8751	0.8575	0
PRIX_USD	2018-10-20	0.8586	0.9767	0.9885	0.8566	0
PRIX_USD	2018-10-19	0.9767	0.8605	0.9890	0.8561	0
PRIX_USD	2018-10-18	0.8605	0.8615	0.8711	0.8541	0
PRIX_USD	2018-10-17	0.8615	0.8565	0.8624	0.8509	0
PRIX_USD	2018-10-16	0.8565	0.8476	0.8682	0.8429	0
PRIX_USD	2018-10-15	0.8476	0.7876	0.9193	0.7830	0
PRIX_USD	2018-10-14	0.7876	1.0702	1.0810	0.7775	0
PRIX_USD	2018-10-13	1.0702	1.0796	1.0848	1.0682	0
PRIX_USD	2018-10-12	1.0796	1.0683	1.0866	1.0628	0
PRIX_USD	2018-10-11	1.0683	1.1702	1.1704	1.0299	0
PRIX_USD	2018-10-10	1.1702	1.0662	1.1947	0.6476	0
PRIX_USD	2018-10-09	1.0662	1.0800	1.0811	1.0649	0
PRIX_USD	2018-10-08	1.0800	1.1343	1.1544	1.0768	0
PRIX_USD	2018-10-07	1.1343	1.0814	1.1604	1.0722	0
PRIX_USD	2018-10-06	1.0814	1.1998	1.2164	1.0801	0
PRIX_USD	2018-10-05	1.1998	1.2443	1.2748	1.1871	0
PRIX_USD	2018-10-04	1.2443	1.2007	1.2717	1.2000	0
PRIX_USD	2018-10-03	1.2007	1.2075	1.2100	1.1877	0
PRIX_USD	2018-10-02	1.2075	0.8377	1.3760	0.8322	0
PRIX_USD	2018-10-01	0.8377	1.0373	1.0439	0.8341	0
PRIX_USD	2018-09-30	1.0373	1.0362	1.0435	1.0233	0
PRIX_USD	2018-09-29	1.0362	1.0457	1.0457	1.0158	0
PRIX_USD	2018-09-28	1.0457	1.3380	1.3474	0.5493	0
PRIX_USD	2018-09-27	1.3380	1.3891	1.6446	1.3002	0
PRIX_USD	2018-09-26	1.3891	1.2488	1.8187	1.1077	0
PRIX_USD	2018-09-25	1.2488	1.1725	1.2491	1.1326	0
PRIX_USD	2018-09-24	1.1725	1.2302	1.2321	1.1571	0
PRIX_USD	2018-09-23	1.2302	1.1680	1.3446	1.1645	0
PRIX_USD	2018-09-22	1.1680	1.3035	1.3166	1.1477	0
PRIX_USD	2018-09-21	1.3035	1.2627	1.3085	1.1565	0
PRIX_USD	2018-09-20	1.2627	1.0561	1.2675	1.0494	0
PRIX_USD	2018-09-19	1.0561	1.0596	1.0713	1.0128	0
PRIX_USD	2018-09-18	1.0596	1.2032	1.2038	1.0143	0
PRIX_USD	2018-09-17	1.2032	1.1770	1.2077	1.1241	0
PRIX_USD	2018-09-16	1.1770	1.0392	1.2471	0.7269	0
PRIX_USD	2018-09-15	1.0392	1.6174	1.6271	0.9854	0
PRIX_USD	2018-09-14	1.6174	1.3994	1.6783	1.1082	0
PRIX_USD	2018-09-13	1.3994	1.6029	1.6653	1.1656	0
PRIX_USD	2018-09-12	1.6029	1.2858	1.6062	1.2199	0
PRIX_USD	2018-09-11	1.2858	1.1397	1.2893	1.1366	0
PRIX_USD	2018-09-10	1.1397	1.1232	1.1849	1.0783	0
PRIX_USD	2018-09-09	1.1232	1.1019	1.1434	1.0446	0
PRIX_USD	2018-09-08	1.1019	1.1349	1.1533	1.0936	0
PRIX_USD	2018-09-07	1.1349	1.1508	1.1542	1.1157	0
PRIX_USD	2018-09-06	1.1508	1.1298	1.1717	1.0361	0
PRIX_USD	2018-09-05	1.1298	1.1303	1.1761	1.0595	0
PRIX_USD	2018-09-04	1.1303	1.0250	1.2551	1.0232	0
PRIX_USD	2018-09-03	1.0250	1.0135	1.0330	1.0041	0
PRIX_USD	2018-09-02	1.0135	0.9185	1.0161	0.9121	0
PRIX_USD	2018-09-01	0.9185	1.1326	1.2275	0.7751	0
PRIX_USD	2018-08-31	1.1326	1.1203	1.1531	1.1105	0
PRIX_USD	2018-08-30	1.1203	1.0957	1.1203	1.0060	0
PRIX_USD	2018-08-29	1.0957	0.9534	1.1977	0.8545	0
PRIX_USD	2018-08-28	0.9534	1.0933	1.1147	0.6746	0
PRIX_USD	2018-08-27	1.0933	0.8725	1.1468	0.8174	0
PRIX_USD	2018-08-26	0.8725	1.6614	1.7758	0.8573	0
PRIX_USD	2018-08-25	1.6614	1.6305	1.8092	1.4736	0
PRIX_USD	2018-08-24	1.6305	1.5773	1.6379	1.5676	0
PRIX_USD	2018-08-23	1.5773	1.5166	1.5848	1.5156	0
PRIX_USD	2018-08-22	1.5166	1.4202	1.7968	1.4118	0
PRIX_USD	2018-08-21	1.4202	1.3633	1.4240	1.3622	0
PRIX_USD	2018-08-20	1.3633	1.4110	1.4195	1.3576	0
PRIX_USD	2018-08-19	1.4110	1.3803	1.4218	1.3642	0
PRIX_USD	2018-08-18	1.3803	1.4098	1.4152	1.3607	0
PRIX_USD	2018-08-17	1.4098	1.2416	1.6494	1.2378	0
PRIX_USD	2018-08-16	1.2416	1.2769	1.2927	1.2302	0
PRIX_USD	2018-08-15	1.2769	1.3066	1.3617	1.2717	0
PRIX_USD	2018-08-14	1.3066	1.6497	1.6497	1.2731	0
PRIX_USD	2018-08-13	1.6497	1.7395	1.8008	1.6231	0
PRIX_USD	2018-08-12	1.7395	1.7131	1.7754	1.6996	0
PRIX_USD	2018-08-11	1.7131	1.6911	1.7775	1.6543	0
PRIX_USD	2018-08-10	1.6911	1.7970	1.8093	1.6565	0
PRIX_USD	2018-08-09	1.7970	1.7280	1.8224	1.7036	0
PRIX_USD	2018-08-08	1.7280	1.9263	1.9263	1.6967	0
PRIX_USD	2018-08-07	1.9263	1.9689	2.0309	1.9127	0
PRIX_USD	2018-08-06	1.9689	2.0744	2.1116	1.7569	0
PRIX_USD	2018-08-05	2.0744	2.0778	2.1675	1.1518	0
PRIX_USD	2018-08-04	2.0778	2.2146	2.2469	2.0585	0
PRIX_USD	2018-08-03	2.2146	2.0274	2.3689	1.9598	0
PRIX_USD	2018-08-02	2.0274	2.3786	2.4062	1.9113	0
PRIX_USD	2018-08-01	2.3786	2.6948	2.6949	2.3358	0
PRIX_USD	2018-07-31	2.6948	2.6663	2.7773	2.1805	0
PRIX_USD	2018-07-30	2.6663	2.4589	3.9307	2.3685	0
PRIX_USD	2018-07-29	2.4589	1.9930	3.5324	1.9086	0
PRIX_USD	2018-07-28	1.9930	2.0599	2.0633	1.9894	0
PRIX_USD	2018-07-27	2.0599	1.6890	2.0599	1.4651	0
PRIX_USD	2018-07-26	1.6890	1.7641	1.7954	1.4407	0
PRIX_USD	2018-07-25	1.7641	2.9466	2.9718	1.4579	0
PRIX_USD	2018-07-24	2.9466	2.7470	2.9676	2.7390	0
PRIX_USD	2018-07-23	2.7470	2.7017	2.8122	2.6913	0
PRIX_USD	2018-07-22	2.7017	2.3676	2.9152	2.1926	0
PRIX_USD	2018-07-21	2.3676	2.6727	3.1595	1.3356	0
PRIX_USD	2018-07-20	2.6727	3.0215	3.0215	1.8383	0
PRIX_USD	2018-07-19	3.0215	2.9919	3.0548	2.9489	0
PRIX_USD	2018-07-18	2.9919	2.9763	3.0820	2.9443	0
PRIX_USD	2018-07-17	2.9763	2.7378	3.0341	2.7108	0
PRIX_USD	2018-07-16	2.7378	2.3489	2.7424	2.3457	0
PRIX_USD	2018-07-15	2.3489	2.4390	2.4893	2.3440	0
PRIX_USD	2018-07-14	2.4390	2.4281	2.4599	2.3081	0
PRIX_USD	2018-07-13	2.4281	2.4323	2.4712	2.3986	0
PRIX_USD	2018-07-12	2.4323	2.4612	2.4612	2.3736	0
PRIX_USD	2018-07-11	2.4612	2.2638	2.4612	2.0420	0
PRIX_USD	2018-07-10	2.2638	2.4253	2.4317	2.2574	0
PRIX_USD	2018-07-09	2.4253	2.4731	2.4783	2.4174	0
PRIX_USD	2018-07-08	2.4731	2.4981	2.5090	2.4645	0
PRIX_USD	2018-07-07	2.4981	2.4269	2.5215	2.4008	0
PRIX_USD	2018-07-06	2.4269	2.4970	2.5031	2.3705	0
PRIX_USD	2018-07-05	2.4970	2.5998	2.6401	2.1755	0
PRIX_USD	2018-07-04	2.5998	2.5846	2.6562	2.5509	0
PRIX_USD	2018-07-03	2.5846	2.7316	2.7498	0.0357	0
PRIX_USD	2018-07-02	2.7316	2.6929	2.8129	0.0000	0
PRIX_USD	2018-07-01	2.6932	2.7579	2.7753	2.6868	0
PRIX_USD	2018-06-30	2.7580	2.8224	2.9647	2.7461	0
PRIX_USD	2018-06-29	2.8247	2.6553	2.8542	2.6356	0
PRIX_USD	2018-06-28	2.6596	2.6682	2.7707	2.6441	0
PRIX_USD	2018-06-27	2.6682	2.5656	2.6883	2.5031	0
PRIX_USD	2018-06-26	2.5737	2.7152	2.7190	2.4923	0
PRIX_USD	2018-06-25	2.7134	2.6795	2.7679	2.6475	0
PRIX_USD	2018-06-24	2.6803	2.7061	2.7456	2.5402	0
PRIX_USD	2018-06-23	2.7061	2.7888	2.8415	2.2686	0
PRIX_USD	2018-06-22	2.7889	3.0989	3.1066	2.7391	0
PRIX_USD	2018-06-21	3.0988	3.1198	3.1320	3.0882	0
PRIX_USD	2018-06-20	3.1200	3.1645	3.1868	3.0837	0
PRIX_USD	2018-06-19	3.1681	3.1114	3.2092	3.0921	0
PRIX_USD	2018-06-18	3.1103	3.3717	3.3852	2.9637	0
PRIX_USD	2018-06-17	3.3690	2.9148	3.4032	2.9148	0
PRIX_USD	2018-06-16	2.9143	2.8747	2.9362	2.3866	0
PRIX_USD	2018-06-15	2.8734	3.0261	3.0261	2.6553	0
PRIX_USD	2018-06-14	3.0203	2.8913	3.0515	2.5481	0
PRIX_USD	2018-06-13	2.8896	2.9941	3.0269	2.8086	0
PRIX_USD	2018-06-12	2.9934	3.1004	3.1192	2.9431	0
PRIX_USD	2018-06-11	3.1019	4.0158	4.0420	2.8625	0
PRIX_USD	2018-06-10	4.0111	4.4653	4.4653	3.9476	0
PRIX_USD	2018-06-09	4.4641	4.5242	4.5656	4.4490	0
PRIX_USD	2018-06-08	4.5242	4.8149	4.8149	4.4838	0
PRIX_USD	2018-06-07	4.8169	5.3837	5.4379	4.7887	0
PRIX_USD	2018-06-06	5.3834	5.2803	6.4124	3.4591	0
PRIX_USD	2018-06-05	5.2737	3.4578	6.8087	3.3894	0
PRIX_USD	2018-06-04	3.4604	4.3314	4.3586	3.4604	0
PRIX_USD	2018-06-03	4.3314	2.9360	5.1379	2.9237	0
PRIX_USD	2018-06-02	2.9382	2.8952	2.9577	2.8672	0
PRIX_USD	2018-06-01	2.8929	2.8384	2.9085	2.8275	0
PRIX_USD	2018-05-31	2.8387	2.7454	2.8672	2.7338	0
PRIX_USD	2018-05-30	2.7466	2.2713	3.0924	2.2643	0
PRIX_USD	2018-05-29	2.2687	2.0816	2.2882	1.9537	0
PRIX_USD	2018-05-28	2.0803	2.1922	2.2192	2.0715	0
PRIX_USD	2018-05-27	2.1921	2.1708	2.2055	2.1392	0
PRIX_USD	2018-05-26	2.1768	2.1983	2.2597	2.1652	0
PRIX_USD	2018-05-25	2.1986	1.8929	2.2079	1.8757	0
PRIX_USD	2018-05-24	1.8921	2.3056	2.3641	1.7440	0
PRIX_USD	2018-05-23	2.3075	2.4593	2.4725	2.2890	0
PRIX_USD	2018-05-22	2.4603	2.5866	2.5896	2.4513	0
PRIX_USD	2018-05-21	2.5866	2.6054	2.6187	2.5763	0
PRIX_USD	2018-05-20	2.6054	2.2444	2.6166	2.2299	0
PRIX_USD	2018-05-19	2.2444	2.4900	2.8416	2.1279	0
PRIX_USD	2018-05-18	2.4900	2.4549	2.4900	2.4003	0
PRIX_USD	2018-05-17	2.4581	3.2892	3.3064	2.4411	0
PRIX_USD	2018-05-16	3.2865	3.6792	3.6879	2.1435	0
PRIX_USD	2018-05-15	3.6793	3.7816	3.8433	3.6636	0
PRIX_USD	2018-05-14	3.7820	3.8393	3.9189	3.6669	0
PRIX_USD	2018-05-13	3.8393	3.7840	3.8836	3.7276	0
PRIX_USD	2018-05-12	3.7746	4.7139	4.7583	2.5614	0
PRIX_USD	2018-05-11	4.7139	4.7646	4.8726	3.2911	0
PRIX_USD	2018-05-10	4.7646	5.4088	5.4183	4.4966	0
PRIX_USD	2018-05-09	5.4088	4.9954	5.4138	4.9511	0
PRIX_USD	2018-05-08	4.9954	3.9355	5.0398	0.0004	0
PRIX_USD	2018-05-07	4.1637	4.2725	4.2798	3.7654	0
PRIX_USD	2018-05-06	4.2725	5.0815	5.1347	2.6964	0
PRIX_USD	2018-05-05	5.0775	5.4470	5.5464	4.9116	0
PRIX_USD	2018-05-04	5.4470	5.2768	6.0704	5.1712	0
PRIX_USD	2018-05-03	5.2768	5.4028	5.8290	3.7357	0
PRIX_USD	2018-05-02	5.4028	4.3062	5.7242	4.2650	0
PRIX_USD	2018-05-01	4.3062	4.8947	4.8960	3.9903	0
PRIX_USD	2018-04-30	4.8947	4.0437	5.4698	3.9915	0
PRIX_USD	2018-04-29	4.0437	4.9281	5.0447	3.8161	0
PRIX_USD	2018-04-28	4.9281	5.0000	5.2592	4.8420	0
PRIX_USD	2018-04-27	5.0000	5.2084	5.2132	4.7153	0
PRIX_USD	2018-04-26	5.2084	5.5290	5.5290	3.5511	0
PRIX_USD	2018-04-25	5.5290	6.8760	7.8729	2.0239	0
PRIX_USD	2018-04-24	6.8760	3.2040	6.8910	3.1963	0
PRIX_USD	2018-04-23	3.2040	2.5831	3.2660	2.0645	0
PRIX_USD	2018-04-22	2.5831	2.1319	2.9495	2.1189	0
PRIX_USD	2018-04-21	2.1319	2.1221	2.1593	2.0613	0
PRIX_USD	2018-04-20	2.1221	2.0540	2.1358	1.9729	0
PRIX_USD	2018-04-19	2.0540	1.9494	2.0594	1.9358	0
PRIX_USD	2018-04-18	1.9494	2.1005	2.1714	1.9336	0
PRIX_USD	2018-04-17	2.1005	2.1450	2.1740	2.0838	0
PRIX_USD	2018-04-16	2.1450	2.2251	2.2379	2.1036	0
PRIX_USD	2018-04-15	2.2251	2.1315	2.2424	2.1310	0
PRIX_USD	2018-04-14	2.1315	2.0979	2.1784	2.0828	0
PRIX_USD	2018-04-13	2.0979	1.6719	2.1900	1.6393	0
PRIX_USD	2018-04-12	1.6719	1.4099	1.6848	1.3601	0
PRIX_USD	2018-04-11	1.4099	1.4381	1.4427	1.0540	0
PRIX_USD	2018-04-10	1.4381	1.4953	1.5017	1.4161	0
PRIX_USD	2018-04-09	1.4953	1.4781	1.5208	1.4132	0
PRIX_USD	2018-04-08	1.4781	1.4450	1.4940	1.4442	0
PRIX_USD	2018-04-07	1.4450	1.3876	1.4818	1.3845	0
PRIX_USD	2018-04-06	1.3876	1.4185	1.4358	1.3653	0
PRIX_USD	2018-04-05	1.4185	1.4236	1.4489	1.3786	0
PRIX_USD	2018-04-04	1.4236	1.7328	1.7353	1.4057	0
PRIX_USD	2018-04-03	1.7328	1.6583	1.7584	1.6506	0
PRIX_USD	2018-04-02	1.6583	1.3110	1.8036	1.3041	0
PRIX_USD	2018-04-01	1.3110	2.0239	2.0544	1.2803	0
PRIX_USD	2018-03-31	2.0239	2.0719	2.1725	2.0011	0
PRIX_USD	2018-03-30	2.0719	2.1481	2.1983	1.9925	0
PRIX_USD	2018-03-29	2.1481	2.4013	2.4076	2.0880	0
PRIX_USD	2018-03-28	2.4013	2.3538	2.4507	2.3374	0
PRIX_USD	2018-03-27	2.3538	2.4569	2.4815	2.3408	0
PRIX_USD	2018-03-26	2.4569	2.5540	2.5684	2.3734	0
PRIX_USD	2018-03-25	2.5540	2.5093	2.6182	2.4740	0
PRIX_USD	2018-03-24	2.5093	2.6264	2.6579	2.5065	0
PRIX_USD	2018-03-23	2.6264	2.5063	2.6266	2.3984	0
PRIX_USD	2018-03-22	2.5063	2.5384	2.5915	2.4183	0
PRIX_USD	2018-03-21	2.5384	2.5375	2.6144	2.4985	0
PRIX_USD	2018-03-20	2.5375	2.4529	2.5741	2.3715	0
PRIX_USD	2018-03-19	2.4529	2.3409	2.4811	2.3138	0
PRIX_USD	2018-03-18	2.3409	2.6075	2.6075	1.9735	0
PRIX_USD	2018-03-17	2.6075	2.5706	2.7593	2.5106	0
PRIX_USD	2018-03-16	2.5706	2.5588	2.6630	2.4502	0
PRIX_USD	2018-03-15	2.5588	2.6958	2.7174	2.1923	0
PRIX_USD	2018-03-14	2.6958	2.8031	2.8671	2.2413	0
PRIX_USD	2018-03-13	2.8031	2.8664	2.9556	2.7400	0
PRIX_USD	2018-03-12	2.8664	3.0137	3.1235	2.7793	0
PRIX_USD	2018-03-11	3.0137	2.8611	3.0847	2.5916	0
PRIX_USD	2018-03-10	2.8611	2.6210	3.0462	2.4468	0
PRIX_USD	2018-03-09	2.6210	2.6167	2.6543	2.3481	0
PRIX_USD	2018-03-08	2.6167	2.8373	3.0645	2.5471	0
PRIX_USD	2018-03-07	2.8373	3.0613	3.1114	2.6134	0
PRIX_USD	2018-03-06	3.0613	3.6446	3.6446	3.0421	0
PRIX_USD	2018-03-05	3.6446	4.1624	4.1983	3.6230	0
PRIX_USD	2018-03-04	4.1624	4.0767	4.1749	3.9421	0
PRIX_USD	2018-03-03	4.0767	4.2139	4.3894	3.9202	0
PRIX_USD	2018-03-02	4.2139	4.2556	4.3574	4.1215	0
