PX_USD	2019-04-09	0.000338	0.000293	0.000345	0.000292	0
PX_USD	2019-04-08	0.000293	0.000341	0.000348	0.000287	0
PX_USD	2019-04-07	0.000341	0.000330	0.000345	0.000330	0
PX_USD	2019-04-06	0.000330	0.000330	0.000343	0.000323	0
PX_USD	2019-04-05	0.000330	0.000444	0.000460	0.000325	0
PX_USD	2019-04-04	0.000444	0.000448	0.000459	0.000435	0
PX_USD	2019-04-03	0.000448	0.000444	0.000479	0.000437	0
PX_USD	2019-04-02	0.000444	0.000378	0.000457	0.000362	0
PX_USD	2019-04-01	0.000378	0.000377	0.000380	0.000357	0
PX_USD	2019-03-31	0.000375	0.000375	0.000376	0.000353	0
PX_USD	2019-03-30	0.000375	0.000376	0.000379	0.000371	0
PX_USD	2019-03-29	0.000376	0.000368	0.000377	0.000348	0
PX_USD	2019-03-28	0.000368	0.000369	0.000369	0.000348	0
PX_USD	2019-03-27	0.000369	0.000359	0.000370	0.000358	0
PX_USD	2019-03-26	0.000359	0.000357	0.000360	0.000356	0
PX_USD	2019-03-25	0.000357	0.000364	0.000364	0.000355	0
PX_USD	2019-03-24	0.000364	0.000366	0.000366	0.000361	0
PX_USD	2019-03-23	0.000366	0.000344	0.000366	0.000343	0
PX_USD	2019-03-22	0.000344	0.000364	0.000366	0.000343	0
PX_USD	2019-03-21	0.000364	0.000371	0.000373	0.000361	0
PX_USD	2019-03-20	0.000371	0.000370	0.000372	0.000367	0
PX_USD	2019-03-19	0.000370	0.000367	0.000371	0.000365	0
PX_USD	2019-03-18	0.000367	0.000366	0.000371	0.000345	0
PX_USD	2019-03-17	0.000366	0.000368	0.000368	0.000364	0
PX_USD	2019-03-16	0.000368	0.000360	0.000374	0.000360	0
PX_USD	2019-03-15	0.000360	0.000355	0.000361	0.000355	0
PX_USD	2019-03-14	0.000355	0.000355	0.000360	0.000350	0
PX_USD	2019-03-13	0.000355	0.000356	0.000357	0.000353	0
PX_USD	2019-03-12	0.000356	0.000336	0.000358	0.000332	0
PX_USD	2019-03-11	0.000336	0.000340	0.000341	0.000333	0
PX_USD	2019-03-10	0.000340	0.000341	0.000341	0.000337	0
PX_USD	2019-03-09	0.000341	0.000335	0.000344	0.000334	0
PX_USD	2019-03-08	0.000335	0.000337	0.000342	0.000329	0
PX_USD	2019-03-07	0.000337	0.000336	0.000339	0.000335	0
PX_USD	2019-03-06	0.000336	0.000336	0.000338	0.000332	0
PX_USD	2019-03-05	0.000336	0.000323	0.000337	0.000322	0
PX_USD	2019-03-04	0.000323	0.000330	0.000332	0.000320	0
PX_USD	2019-03-03	0.000330	0.000333	0.000333	0.000328	0
PX_USD	2019-03-02	0.000333	0.000353	0.000353	0.000331	0
PX_USD	2019-03-01	0.000353	0.000351	0.000355	0.000350	0
PX_USD	2019-02-28	0.000351	0.000351	0.000359	0.000331	0
PX_USD	2019-02-27	0.000351	0.000331	0.000352	0.000321	0
PX_USD	2019-02-26	0.000331	0.000334	0.000334	0.000329	0
PX_USD	2019-02-25	0.000334	0.000326	0.000337	0.000326	0
PX_USD	2019-02-24	0.000326	0.000358	0.000364	0.000324	0
PX_USD	2019-02-23	0.000358	0.000346	0.000362	0.000341	0
PX_USD	2019-02-22	0.000346	0.000341	0.000346	0.000339	0
PX_USD	2019-02-21	0.000341	0.000345	0.000350	0.000338	0
PX_USD	2019-02-20	0.000345	0.000319	0.000346	0.000317	0
PX_USD	2019-02-19	0.000319	0.000318	0.000327	0.000315	0
PX_USD	2019-02-18	0.000318	0.000318	0.000341	0.000297	0
PX_USD	2019-02-17	0.000318	0.000312	0.000322	0.000312	0
PX_USD	2019-02-16	0.000313	0.000311	0.000316	0.000311	0
PX_USD	2019-02-15	0.000312	0.000311	0.000316	0.000310	0
PX_USD	2019-02-14	0.000311	0.000312	0.000313	0.000310	0
PX_USD	2019-02-13	0.000312	0.000314	0.000318	0.000292	0
PX_USD	2019-02-12	0.000314	0.000294	0.000315	0.000292	0
PX_USD	2019-02-11	0.000294	0.000300	0.000315	0.000294	0
PX_USD	2019-02-10	0.000300	0.000297	0.000300	0.000293	0
PX_USD	2019-02-09	0.000297	0.000317	0.000318	0.000296	0
PX_USD	2019-02-08	0.000317	0.000275	0.000322	0.000274	0
PX_USD	2019-02-07	0.000275	0.000293	0.000294	0.000274	0
PX_USD	2019-02-06	0.000293	0.000299	0.000299	0.000291	0
PX_USD	2019-02-05	0.000299	0.000297	0.000299	0.000295	0
PX_USD	2019-02-04	0.000297	0.000298	0.000299	0.000295	0
PX_USD	2019-02-03	0.000298	0.000303	0.000303	0.000295	0
PX_USD	2019-02-02	0.000303	0.000301	0.000304	0.000298	0
PX_USD	2019-02-01	0.000301	0.000298	0.000302	0.000295	0
PX_USD	2019-01-31	0.000298	0.000300	0.000303	0.000296	0
PX_USD	2019-01-30	0.000300	0.000296	0.000301	0.000293	0
PX_USD	2019-01-29	0.000296	0.000298	0.000299	0.000291	0
PX_USD	2019-01-28	0.000298	0.000288	0.000298	0.000277	0
PX_USD	2019-01-27	0.000288	0.000291	0.000291	0.000283	0
PX_USD	2019-01-26	0.000291	0.000290	0.000299	0.000290	0
PX_USD	2019-01-25	0.000290	0.000292	0.000293	0.000288	0
PX_USD	2019-01-24	0.000292	0.000290	0.000293	0.000287	0
PX_USD	2019-01-23	0.000290	0.000291	0.000294	0.000287	0
PX_USD	2019-01-22	0.000291	0.000286	0.000294	0.000280	0
PX_USD	2019-01-21	0.000286	0.000287	0.000288	0.000284	0
PX_USD	2019-01-20	0.000287	0.000301	0.000304	0.000284	0
PX_USD	2019-01-19	0.000302	0.000294	0.000308	0.000294	0
PX_USD	2019-01-18	0.000294	0.000298	0.000298	0.000292	0
PX_USD	2019-01-17	0.000298	0.000294	0.000298	0.000290	0
PX_USD	2019-01-16	0.000294	0.000292	0.000299	0.000291	0
PX_USD	2019-01-15	0.000292	0.000300	0.000302	0.000291	0
PX_USD	2019-01-14	0.000300	0.000287	0.000304	0.000286	0
PX_USD	2019-01-13	0.000287	0.000315	0.000316	0.000286	0
PX_USD	2019-01-12	0.000315	0.000316	0.000317	0.000312	0
PX_USD	2019-01-11	0.000316	0.000316	0.000320	0.000312	0
PX_USD	2019-01-10	0.000316	0.000347	0.000352	0.000313	0
PX_USD	2019-01-09	0.000347	0.000348	0.000354	0.000343	0
PX_USD	2019-01-08	0.000348	0.000350	0.000358	0.000345	0
PX_USD	2019-01-07	0.000350	0.000355	0.000357	0.000347	0
PX_USD	2019-01-06	0.000355	0.000333	0.000665	0.000331	0
PX_USD	2019-01-05	0.000333	0.000336	0.000341	0.000332	0
PX_USD	2019-01-04	0.000336	0.000333	0.000339	0.000314	0
PX_USD	2019-01-03	0.000333	0.000344	0.000345	0.000332	0
PX_USD	2019-01-02	0.000344	0.000336	0.000346	0.000333	0
PX_USD	2019-01-01	0.000336	0.000326	0.000338	0.000322	0
PX_USD	2018-12-31	0.000326	0.000338	0.000339	0.000321	0
PX_USD	2018-12-30	0.000338	0.000330	0.000339	0.000327	0
PX_USD	2018-12-29	0.000330	0.000343	0.000347	0.000329	0
PX_USD	2018-12-28	0.000343	0.000316	0.000347	0.000314	0
PX_USD	2018-12-27	0.000316	0.000334	0.000337	0.000313	0
PX_USD	2018-12-26	0.000334	0.000332	0.000339	0.000324	0
PX_USD	2018-12-25	0.000332	0.000332	0.000336	0.000313	0
PX_USD	2018-12-24	0.000332	0.000387	0.000416	0.000328	0
PX_USD	2018-12-23	0.000387	0.000392	0.000400	0.000384	0
PX_USD	2018-12-22	0.000392	0.000377	0.000394	0.000372	0
PX_USD	2018-12-21	0.000377	0.000400	0.000407	0.000371	0
PX_USD	2018-12-20	0.000400	0.000362	0.000408	0.000359	0
PX_USD	2018-12-19	0.000362	0.000359	0.000384	0.000357	0
PX_USD	2018-12-18	0.000359	0.000344	0.000361	0.000337	0
PX_USD	2018-12-17	0.000344	0.000314	0.000352	0.000312	0
PX_USD	2018-12-16	0.000313	0.000312	0.000321	0.000311	0
PX_USD	2018-12-15	0.000312	0.000312	0.000315	0.000306	0
PX_USD	2018-12-14	0.000312	0.000302	0.000320	0.000298	0
PX_USD	2018-12-13	0.000302	0.000318	0.000328	0.000296	0
PX_USD	2018-12-12	0.000318	0.000308	0.000324	0.000295	0
PX_USD	2018-12-11	0.000311	0.000317	0.000319	0.000306	0
PX_USD	2018-12-10	0.000317	0.000346	0.000351	0.000313	0
PX_USD	2018-12-09	0.000346	0.000316	0.000359	0.000315	0
PX_USD	2018-12-08	0.000316	0.000311	0.000328	0.000301	0
PX_USD	2018-12-07	0.000311	0.000319	0.000335	0.000288	0
PX_USD	2018-12-06	0.000319	0.000339	0.000352	0.000316	0
PX_USD	2018-12-05	0.000339	0.000358	0.000360	0.000338	0
PX_USD	2018-12-04	0.000358	0.000351	0.000383	0.000343	0
PX_USD	2018-12-03	0.000351	0.000374	0.000376	0.000346	0
PX_USD	2018-12-02	0.000373	0.000382	0.000392	0.000354	0
PX_USD	2018-12-01	0.000382	0.000363	0.000390	0.000343	0
PX_USD	2018-11-30	0.000363	0.000431	0.000434	0.000357	0
PX_USD	2018-11-29	0.000431	0.000431	0.000433	0.000397	0
PX_USD	2018-11-28	0.000431	0.000369	0.000443	0.000369	0
PX_USD	2018-11-27	0.000369	0.000366	0.000375	0.000353	0
PX_USD	2018-11-26	0.000366	0.000390	0.000399	0.000339	0
PX_USD	2018-11-25	0.000390	0.000373	0.000399	0.000337	0
PX_USD	2018-11-24	0.000373	0.000420	0.000429	0.000347	0
PX_USD	2018-11-23	0.000420	0.000417	0.000426	0.000383	0
PX_USD	2018-11-22	0.000417	0.000420	0.000431	0.000397	0
PX_USD	2018-11-21	0.000420	0.000413	0.000447	0.000401	0
PX_USD	2018-11-20	0.000413	0.000469	0.000479	0.000402	0
PX_USD	2018-11-19	0.000469	0.000538	0.000539	0.000465	0
PX_USD	2018-11-18	0.000538	0.000422	0.000540	0.000422	0
PX_USD	2018-11-17	0.000422	0.000623	0.000623	0.000420	0
PX_USD	2018-11-16	0.000623	0.000633	0.000633	0.000611	0
PX_USD	2018-11-15	0.000633	0.000647	0.000652	0.000599	0
PX_USD	2018-11-14	0.000647	0.000743	0.000745	0.000628	0
PX_USD	2018-11-13	0.000743	0.000741	0.000747	0.000736	0
PX_USD	2018-11-12	0.000741	0.000743	0.000745	0.000738	0
PX_USD	2018-11-11	0.000743	0.000740	0.000743	0.000732	0
PX_USD	2018-11-10	0.000740	0.000738	0.000743	0.000738	0
PX_USD	2018-11-09	0.000738	0.000745	0.000748	0.000735	0
PX_USD	2018-11-08	0.000745	0.000756	0.000757	0.000745	0
PX_USD	2018-11-07	0.000756	0.000749	0.000760	0.000749	0
PX_USD	2018-11-06	0.000749	0.000744	0.000749	0.000741	0
PX_USD	2018-11-05	0.000744	0.000746	0.000747	0.000741	0
PX_USD	2018-11-04	0.000746	0.000735	0.000749	0.000731	0
PX_USD	2018-11-03	0.000735	0.000739	0.000740	0.000728	0
PX_USD	2018-11-02	0.000739	0.000736	0.000742	0.000735	0
PX_USD	2018-11-01	0.000736	0.000732	0.000739	0.000731	0
PX_USD	2018-10-31	0.000732	0.000728	0.000736	0.000719	0
PX_USD	2018-10-30	0.000728	0.000730	0.000734	0.000726	0
PX_USD	2018-10-29	0.000730	0.000746	0.000748	0.000727	0
PX_USD	2018-10-28	0.000746	0.000748	0.000749	0.000742	0
PX_USD	2018-10-27	0.000748	0.000751	0.000754	0.000745	0
PX_USD	2018-10-26	0.000751	0.000751	0.000758	0.000749	0
PX_USD	2018-10-25	0.000751	0.000786	0.000788	0.000751	0
PX_USD	2018-10-24	0.000786	0.000786	0.000795	0.000785	0
PX_USD	2018-10-23	0.000786	0.000788	0.000790	0.000784	0
PX_USD	2018-10-22	0.000788	0.000791	0.000795	0.000786	0
PX_USD	2018-10-21	0.000791	0.000790	0.000799	0.000790	0
PX_USD	2018-10-20	0.000790	0.000816	0.000816	0.000781	0
PX_USD	2018-10-19	0.000816	0.000860	0.000895	0.000815	0
PX_USD	2018-10-18	0.000860	0.000876	0.000881	0.000854	0
PX_USD	2018-10-17	0.000876	0.000845	0.000878	0.000835	0
PX_USD	2018-10-16	0.000845	0.000843	0.000861	0.000835	0
PX_USD	2018-10-15	0.000843	0.000823	0.000977	0.000819	0
PX_USD	2018-10-14	0.000823	0.000822	0.000832	0.000821	0
PX_USD	2018-10-13	0.000822	0.000819	0.000823	0.000818	0
PX_USD	2018-10-12	0.000819	0.000813	0.000825	0.000809	0
PX_USD	2018-10-11	0.000813	0.000729	0.000822	0.000688	0
PX_USD	2018-10-10	0.000729	0.000733	0.000733	0.000718	0
PX_USD	2018-10-09	0.000733	0.000801	0.000833	0.000663	0
PX_USD	2018-10-08	0.000801	0.000726	0.000836	0.000724	0
PX_USD	2018-10-07	0.000726	0.000659	0.000730	0.000654	0
PX_USD	2018-10-06	0.000659	0.000664	0.000665	0.000656	0
PX_USD	2018-10-05	0.000664	0.000592	0.000666	0.000589	0
PX_USD	2018-10-04	0.000592	0.000585	0.000597	0.000585	0
PX_USD	2018-10-03	0.000585	0.000588	0.000590	0.000579	0
PX_USD	2018-10-02	0.000588	0.000594	0.000597	0.000586	0
PX_USD	2018-10-01	0.000594	0.000596	0.000599	0.000587	0
PX_USD	2018-09-30	0.000596	0.000594	0.000599	0.000588	0
PX_USD	2018-09-29	0.000594	0.000597	0.000597	0.000582	0
PX_USD	2018-09-28	0.000597	0.000602	0.000614	0.000589	0
PX_USD	2018-09-27	0.000602	0.000582	0.000605	0.000580	0
PX_USD	2018-09-26	0.000582	0.000579	0.000590	0.000575	0
PX_USD	2018-09-25	0.000579	0.000593	0.000593	0.000572	0
PX_USD	2018-09-24	0.000593	0.000604	0.000605	0.000590	0
PX_USD	2018-09-23	0.000604	0.000639	0.000640	0.000600	0
PX_USD	2018-09-22	0.000639	0.000643	0.000650	0.000631	0
PX_USD	2018-09-21	0.000643	0.000585	0.000643	0.000585	0
PX_USD	2018-09-20	0.000585	0.000639	0.000642	0.000572	0
PX_USD	2018-09-19	0.000639	0.000761	0.000776	0.000638	0
PX_USD	2018-09-18	0.000761	0.000751	0.000766	0.000748	0
PX_USD	2018-09-17	0.000751	0.000780	0.000784	0.000746	0
PX_USD	2018-09-16	0.000780	0.000782	0.000782	0.000766	0
PX_USD	2018-09-15	0.000782	0.000778	0.000788	0.000777	0
PX_USD	2018-09-14	0.000778	0.000842	0.000844	0.000778	0
PX_USD	2018-09-13	0.000842	0.000824	0.000848	0.000823	0
PX_USD	2018-09-12	0.000824	0.000818	0.000825	0.000806	0
PX_USD	2018-09-11	0.000818	0.000757	0.000825	0.000756	0
PX_USD	2018-09-10	0.000757	0.000780	0.000852	0.000749	0
PX_USD	2018-09-09	0.000780	0.000742	0.000834	0.000739	0
PX_USD	2018-09-08	0.000742	0.000801	0.000809	0.000740	0
PX_USD	2018-09-07	0.000801	0.000814	0.000817	0.000791	0
PX_USD	2018-09-06	0.000814	0.000838	0.000840	0.000789	0
PX_USD	2018-09-05	0.000838	0.000920	0.000924	0.000838	0
PX_USD	2018-09-04	0.000920	0.000909	0.000926	0.000906	0
PX_USD	2018-09-03	0.000909	0.000911	0.000917	0.000900	0
PX_USD	2018-09-02	0.000911	0.000900	0.000918	0.000892	0
PX_USD	2018-09-01	0.000900	0.000843	0.000902	0.000842	0
PX_USD	2018-08-31	0.000843	0.000839	0.000850	0.000827	0
PX_USD	2018-08-30	0.000839	0.000846	0.000846	0.000817	0
PX_USD	2018-08-29	0.000846	0.000849	0.000855	0.000831	0
PX_USD	2018-08-28	0.000849	0.000828	0.000855	0.000825	0
PX_USD	2018-08-27	0.000828	0.000805	0.000829	0.000799	0
PX_USD	2018-08-26	0.000805	0.000809	0.000814	0.000790	0
PX_USD	2018-08-25	0.000809	0.000803	0.000815	0.000800	0
PX_USD	2018-08-24	0.000803	0.000783	0.000807	0.000776	0
PX_USD	2018-08-23	0.000783	0.000731	0.000788	0.000730	0
PX_USD	2018-08-22	0.000731	0.000713	0.000768	0.000708	0
PX_USD	2018-08-21	0.000713	0.000688	0.000715	0.000688	0
PX_USD	2018-08-20	0.000688	0.000713	0.000717	0.000685	0
PX_USD	2018-08-19	0.000713	0.000703	0.000719	0.000694	0
PX_USD	2018-08-18	0.000703	0.000758	0.000760	0.000694	0
PX_USD	2018-08-17	0.000758	0.000757	0.000773	0.000736	0
PX_USD	2018-08-16	0.000757	0.000784	0.000791	0.000748	0
PX_USD	2018-08-15	0.000784	0.000773	0.000827	0.000773	0
PX_USD	2018-08-14	0.000773	0.000781	0.000781	0.000736	0
PX_USD	2018-08-13	0.000781	0.000789	0.000817	0.000770	0
PX_USD	2018-08-12	0.000789	0.000778	0.000806	0.000772	0
PX_USD	2018-08-11	0.000778	0.000768	0.000807	0.000751	0
PX_USD	2018-08-10	0.000768	0.000816	0.000822	0.000752	0
PX_USD	2018-08-09	0.000816	0.000785	0.000828	0.000774	0
PX_USD	2018-08-08	0.000785	0.000840	0.000840	0.000767	0
PX_USD	2018-08-07	0.000840	0.000867	0.000894	0.000835	0
PX_USD	2018-08-06	0.000867	0.000879	0.000893	0.000856	0
PX_USD	2018-08-05	0.000879	0.000876	0.000886	0.000861	0
PX_USD	2018-08-04	0.000876	0.000927	0.000936	0.000866	0
PX_USD	2018-08-03	0.000927	0.000942	0.000942	0.000910	0
PX_USD	2018-08-02	0.000942	0.000951	0.000963	0.000933	0
PX_USD	2018-08-01	0.000951	0.000968	0.000969	0.000931	0
PX_USD	2018-07-31	0.000968	0.000981	0.001020	0.000959	0
PX_USD	2018-07-30	0.000981	0.001028	0.001028	0.000944	0
PX_USD	2018-07-29	0.001028	0.001031	0.001034	0.001015	0
PX_USD	2018-07-28	0.001031	0.000989	0.001031	0.000989	0
PX_USD	2018-07-27	0.000989	0.000989	0.001031	0.000989	0
PX_USD	2018-07-26	0.000989	0.001022	0.001038	0.000989	0
PX_USD	2018-07-25	0.001022	0.001052	0.001061	0.001009	0
PX_USD	2018-07-24	0.001052	0.000964	0.001059	0.000962	0
PX_USD	2018-07-23	0.000964	0.000925	0.000973	0.000922	0
PX_USD	2018-07-22	0.000925	0.000925	0.000945	0.000918	0
PX_USD	2018-07-21	0.000925	0.000917	0.000931	0.000903	0
PX_USD	2018-07-20	0.000917	0.000934	0.000960	0.000910	0
PX_USD	2018-07-19	0.000934	0.000921	0.000945	0.000911	0
PX_USD	2018-07-18	0.000921	0.000915	0.000947	0.000906	0
PX_USD	2018-07-17	0.000915	0.000842	0.000933	0.000833	0
PX_USD	2018-07-16	0.000842	0.000793	0.000844	0.000791	0
PX_USD	2018-07-15	0.000793	0.000781	0.000799	0.000779	0
PX_USD	2018-07-14	0.000781	0.000778	0.000788	0.000772	0
PX_USD	2018-07-13	0.000778	0.000779	0.000791	0.000768	0
PX_USD	2018-07-12	0.000779	0.000797	0.000797	0.000760	0
PX_USD	2018-07-11	0.000797	0.000788	0.000799	0.000786	0
PX_USD	2018-07-10	0.000788	0.000833	0.000835	0.000785	0
PX_USD	2018-07-09	0.000833	0.000838	0.000849	0.000830	0
PX_USD	2018-07-08	0.000838	0.000845	0.000849	0.000835	0
PX_USD	2018-07-07	0.000845	0.000825	0.000853	0.000814	0
PX_USD	2018-07-06	0.000825	0.000818	0.000829	0.000807	0
PX_USD	2018-07-05	0.000818	0.000791	0.000835	0.000783	0
PX_USD	2018-07-04	0.000791	0.000780	0.000806	0.000770	0
PX_USD	2018-07-03	0.000780	0.000827	0.000834	0.000011	0
PX_USD	2018-07-02	0.000827	0.000794	0.000834	0.000000	0
PX_USD	2018-07-01	0.000794	0.000799	0.000804	0.000784	0
PX_USD	2018-06-30	0.000799	0.000775	0.000815	0.000775	0
PX_USD	2018-06-29	0.000776	0.000731	0.000784	0.000725	0
PX_USD	2018-06-28	0.000732	0.000797	0.000801	0.000729	0
PX_USD	2018-06-27	0.000797	0.000789	0.000803	0.000779	0
PX_USD	2018-06-26	0.000791	0.000844	0.000847	0.000787	0
PX_USD	2018-06-25	0.000843	0.000860	0.000884	0.000842	0
PX_USD	2018-06-24	0.000861	0.000862	0.000873	0.000808	0
PX_USD	2018-06-23	0.000861	0.000876	0.000893	0.000842	0
PX_USD	2018-06-22	0.000876	0.000940	0.000942	0.000853	0
PX_USD	2018-06-21	0.000973	0.000946	0.000983	0.000943	0
PX_USD	2018-06-20	0.000946	0.000943	0.000954	0.000894	0
PX_USD	2018-06-19	0.000944	0.000940	0.000956	0.000934	0
PX_USD	2018-06-18	0.000939	0.000902	0.000950	0.000894	0
PX_USD	2018-06-17	0.000901	0.000908	0.000920	0.000870	0
PX_USD	2018-06-16	0.000908	0.001085	0.001085	0.000823	0
PX_USD	2018-06-15	0.001085	0.001129	0.001129	0.001081	0
PX_USD	2018-06-14	0.001127	0.001070	0.001139	0.001066	0
PX_USD	2018-06-13	0.001070	0.000949	0.001102	0.000925	0
PX_USD	2018-06-12	0.000949	0.000996	0.000996	0.000934	0
PX_USD	2018-06-11	0.000997	0.000980	0.001000	0.000963	0
PX_USD	2018-06-10	0.000979	0.001237	0.001237	0.000975	0
PX_USD	2018-06-09	0.001237	0.001333	0.001345	0.001233	0
PX_USD	2018-06-08	0.001333	0.001230	0.001337	0.001207	0
PX_USD	2018-06-07	0.001230	0.001225	0.001241	0.001223	0
PX_USD	2018-06-06	0.001225	0.001411	0.001413	0.001199	0
PX_USD	2018-06-05	0.001410	0.001236	0.001451	0.001217	0
PX_USD	2018-06-04	0.001237	0.001197	0.001237	0.001161	0
PX_USD	2018-06-03	0.001196	0.001221	0.001244	0.001151	0
PX_USD	2018-06-02	0.001222	0.001355	0.001356	0.001158	0
PX_USD	2018-06-01	0.001354	0.001535	0.001540	0.001354	0
PX_USD	2018-05-31	0.001535	0.001511	0.001558	0.001504	0
PX_USD	2018-05-30	0.001512	0.001568	0.001587	0.001493	0
PX_USD	2018-05-29	0.001566	0.001456	0.001767	0.001445	0
PX_USD	2018-05-28	0.001455	0.001505	0.001523	0.001449	0
PX_USD	2018-05-27	0.001505	0.001502	0.001514	0.001481	0
PX_USD	2018-05-26	0.001502	0.001529	0.001561	0.001494	0
PX_USD	2018-05-25	0.001529	0.001553	0.001568	0.001503	0
PX_USD	2018-05-24	0.001552	0.001613	0.001620	0.001489	0
PX_USD	2018-05-23	0.001614	0.001556	0.001760	0.001535	0
PX_USD	2018-05-22	0.001596	0.001847	0.001849	0.001554	0
PX_USD	2018-05-21	0.001847	0.001875	0.001880	0.001840	0
PX_USD	2018-05-20	0.001875	0.001730	0.001888	0.001716	0
PX_USD	2018-05-19	0.001730	0.001648	0.001762	0.001648	0
PX_USD	2018-05-18	0.001648	0.001772	0.001832	0.001604	0
PX_USD	2018-05-17	0.001775	0.001878	0.001904	0.001759	0
PX_USD	2018-05-16	0.001877	0.001905	0.001910	0.001823	0
PX_USD	2018-05-15	0.001905	0.001950	0.001986	0.001896	0
PX_USD	2018-05-14	0.001950	0.002127	0.002132	0.001872	0
PX_USD	2018-05-13	0.002127	0.001780	0.002144	0.001749	0
PX_USD	2018-05-12	0.001776	0.001762	0.001812	0.001723	0
PX_USD	2018-05-11	0.001762	0.002210	0.002210	0.001762	0
PX_USD	2018-05-10	0.002210	0.002562	0.002575	0.002040	0
PX_USD	2018-05-09	0.002562	0.002526	0.002577	0.002469	0
PX_USD	2018-05-08	0.002527	0.002574	0.002582	0.000000	0
PX_USD	2018-05-07	0.002593	0.002656	0.002661	0.002530	0
PX_USD	2018-05-06	0.002656	0.002417	0.002660	0.001958	0
PX_USD	2018-05-05	0.002414	0.002475	0.002546	0.002386	0
PX_USD	2018-05-04	0.002475	0.002295	0.002747	0.002249	0
PX_USD	2018-05-03	0.002295	0.002355	0.002440	0.001984	0
PX_USD	2018-05-02	0.002355	0.001949	0.002606	0.001931	0
PX_USD	2018-05-01	0.001951	0.002032	0.002033	0.001900	0
PX_USD	2018-04-30	0.002032	0.002021	0.002057	0.001939	0
PX_USD	2018-04-29	0.002021	0.002008	0.002055	0.001975	0
PX_USD	2018-04-28	0.002008	0.002322	0.002368	0.001954	0
PX_USD	2018-04-27	0.002322	0.002370	0.002439	0.002315	0
PX_USD	2018-04-26	0.002371	0.002308	0.002373	0.002053	0
PX_USD	2018-04-25	0.002308	0.002557	0.002585	0.002284	0
PX_USD	2018-04-24	0.002563	0.002458	0.002600	0.002456	0
PX_USD	2018-04-23	0.002458	0.002904	0.002918	0.002418	0
PX_USD	2018-04-22	0.002904	0.002897	0.002970	0.002536	0
PX_USD	2018-04-21	0.002897	0.003149	0.003149	0.002801	0
PX_USD	2018-04-20	0.003149	0.003020	0.003170	0.002682	0
PX_USD	2018-04-19	0.003020	0.002899	0.003027	0.002676	0
PX_USD	2018-04-18	0.002899	0.002840	0.002919	0.002798	0
PX_USD	2018-04-17	0.002840	0.002900	0.002939	0.002818	0
PX_USD	2018-04-16	0.002900	0.002967	0.002984	0.002844	0
PX_USD	2018-04-15	0.002967	0.002922	0.003014	0.002797	0
PX_USD	2018-04-14	0.002922	0.002876	0.002986	0.002855	0
PX_USD	2018-04-13	0.002876	0.002888	0.003002	0.002782	0
PX_USD	2018-04-12	0.002888	0.002534	0.002943	0.002468	0
PX_USD	2018-04-11	0.002535	0.002462	0.002545	0.002453	0
PX_USD	2018-04-10	0.002462	0.002569	0.002586	0.002425	0
PX_USD	2018-04-09	0.002568	0.002666	0.002730	0.002513	0
PX_USD	2018-04-08	0.002666	0.002617	0.002701	0.002616	0
PX_USD	2018-04-07	0.002617	0.002513	0.002653	0.002508	0
PX_USD	2018-04-06	0.002513	0.002569	0.002601	0.002473	0
PX_USD	2018-04-05	0.002569	0.002511	0.002622	0.002432	0
PX_USD	2018-04-04	0.002511	0.002703	0.002707	0.002478	0
PX_USD	2018-04-03	0.002703	0.002715	0.002844	0.002623	0
PX_USD	2018-04-02	0.002715	0.002588	0.002772	0.002574	0
PX_USD	2018-04-01	0.002588	0.002597	0.002682	0.002477	0
PX_USD	2018-03-31	0.002597	0.002565	0.002708	0.002547	0
PX_USD	2018-03-30	0.002565	0.002624	0.002685	0.002434	0
PX_USD	2018-03-29	0.002624	0.002859	0.002882	0.002516	0
PX_USD	2018-03-28	0.002859	0.002880	0.002985	0.002783	0
PX_USD	2018-03-27	0.002880	0.003047	0.003077	0.002871	0
PX_USD	2018-03-26	0.003054	0.003209	0.003412	0.002987	0
PX_USD	2018-03-25	0.003209	0.003232	0.003290	0.003182	0
PX_USD	2018-03-24	0.003232	0.003516	0.003544	0.003229	0
PX_USD	2018-03-23	0.003516	0.003617	0.003617	0.003268	0
PX_USD	2018-03-22	0.003617	0.003515	0.003652	0.003506	0
PX_USD	2018-03-21	0.003515	0.003514	0.003621	0.003460	0
PX_USD	2018-03-20	0.003514	0.003268	0.003565	0.003186	0
PX_USD	2018-03-19	0.003268	0.003652	0.003759	0.003042	0
PX_USD	2018-03-18	0.003652	0.003581	0.003678	0.003223	0
PX_USD	2018-03-17	0.003581	0.003773	0.003795	0.003526	0
PX_USD	2018-03-16	0.003773	0.003632	0.003881	0.003517	0
PX_USD	2018-03-15	0.003632	0.003601	0.003740	0.003410	0
PX_USD	2018-03-14	0.003601	0.004065	0.004162	0.003486	0
PX_USD	2018-03-13	0.004065	0.004013	0.004216	0.003937	0
PX_USD	2018-03-12	0.004013	0.004184	0.004353	0.003873	0
PX_USD	2018-03-11	0.004184	0.004378	0.004673	0.004035	0
PX_USD	2018-03-10	0.004378	0.004287	0.005236	0.004231	0
PX_USD	2018-03-09	0.004287	0.004277	0.004459	0.003749	0
PX_USD	2018-03-08	0.004277	0.004545	0.004610	0.004115	0
PX_USD	2018-03-07	0.004545	0.004932	0.005013	0.004340	0
PX_USD	2018-03-06	0.004932	0.005284	0.005284	0.004868	0
PX_USD	2018-03-05	0.005284	0.005293	0.005380	0.005279	0
PX_USD	2018-03-04	0.005260	0.005146	0.005284	0.005040	0
PX_USD	2018-03-03	0.005146	0.004134	0.005163	0.004134	0
PX_USD	2018-03-02	0.004147	0.004097	0.004161	0.004042	0
