QBIC_USD	2019-04-09	0.000026	0.000027	0.000027	0.000026	0
QBIC_USD	2019-04-08	0.000027	0.000026	0.000027	0.000026	0
QBIC_USD	2019-04-07	0.000026	0.000025	0.000026	0.000025	0
QBIC_USD	2019-04-06	0.000025	0.000025	0.000026	0.000025	0
QBIC_USD	2019-04-05	0.000025	0.000025	0.000075	0.000025	0
QBIC_USD	2019-04-04	0.000025	0.000025	0.000025	0.000024	0
QBIC_USD	2019-04-03	0.000025	0.000025	0.000027	0.000024	0
QBIC_USD	2019-04-02	0.000025	0.000021	0.000025	0.000021	0
QBIC_USD	2019-04-01	0.000021	0.000042	0.000042	0.000021	0
QBIC_USD	2019-03-31	0.000042	0.000042	0.000042	0.000042	0
QBIC_USD	2019-03-30	0.000042	0.000042	0.000042	0.000041	0
QBIC_USD	2019-03-29	0.000042	0.000041	0.000042	0.000041	0
QBIC_USD	2019-03-28	0.000041	0.000041	0.000041	0.000041	0
QBIC_USD	2019-03-27	0.000041	0.000040	0.000041	0.000040	0
QBIC_USD	2019-03-26	0.000040	0.000040	0.000040	0.000040	0
QBIC_USD	2019-03-25	0.000040	0.000040	0.000040	0.000039	0
QBIC_USD	2019-03-24	0.000040	0.000041	0.000041	0.000040	0
QBIC_USD	2019-03-23	0.000041	0.000040	0.000041	0.000040	0
QBIC_USD	2019-03-22	0.000040	0.000040	0.000041	0.000040	0
QBIC_USD	2019-03-21	0.000040	0.000041	0.000041	0.000040	0
QBIC_USD	2019-03-20	0.000041	0.000041	0.000041	0.000041	0
QBIC_USD	2019-03-19	0.000041	0.000041	0.000041	0.000041	0
QBIC_USD	2019-03-18	0.000041	0.000041	0.000041	0.000040	0
QBIC_USD	2019-03-17	0.000041	0.000041	0.000041	0.000040	0
QBIC_USD	2019-03-16	0.000041	0.000040	0.000042	0.000040	0
QBIC_USD	2019-03-15	0.000040	0.000039	0.000040	0.000039	0
QBIC_USD	2019-03-14	0.000039	0.000039	0.000040	0.000039	0
QBIC_USD	2019-03-13	0.000039	0.000020	0.000040	0.000020	0
QBIC_USD	2019-03-12	0.000020	0.000020	0.000020	0.000019	0
QBIC_USD	2019-03-11	0.000020	0.000060	0.000060	0.000020	0
QBIC_USD	2019-03-10	0.000060	0.000060	0.000060	0.000059	0
QBIC_USD	2019-03-09	0.000060	0.000020	0.000060	0.000020	0
QBIC_USD	2019-03-08	0.000020	0.000020	0.000020	0.000019	0
QBIC_USD	2019-03-07	0.000020	0.000020	0.000020	0.000020	0
QBIC_USD	2019-03-06	0.000020	0.000020	0.000020	0.000020	0
QBIC_USD	2019-03-05	0.000020	0.000019	0.000020	0.000019	0
QBIC_USD	2019-03-04	0.000019	0.000019	0.000020	0.000019	0
QBIC_USD	2019-03-03	0.000019	0.000020	0.000020	0.000019	0
QBIC_USD	2019-03-02	0.000020	0.000020	0.000020	0.000019	0
QBIC_USD	2019-03-01	0.000020	0.000019	0.000020	0.000019	0
QBIC_USD	2019-02-28	0.000019	0.000019	0.000020	0.000019	0
QBIC_USD	2019-02-27	0.000019	0.000019	0.000020	0.000019	0
QBIC_USD	2019-02-26	0.000019	0.000020	0.000020	0.000019	0
QBIC_USD	2019-02-25	0.000020	0.000019	0.000020	0.000019	0
QBIC_USD	2019-02-24	0.000019	0.000021	0.000021	0.000019	0
QBIC_USD	2019-02-23	0.000021	0.000020	0.000021	0.000020	0
QBIC_USD	2019-02-22	0.000020	0.000020	0.000020	0.000020	0
QBIC_USD	2019-02-21	0.000020	0.000041	0.000041	0.000020	0
QBIC_USD	2019-02-20	0.000041	0.000040	0.000041	0.000040	0
QBIC_USD	2019-02-19	0.000040	0.000040	0.000041	0.000039	0
QBIC_USD	2019-02-18	0.000040	0.000037	0.000040	0.000037	0
QBIC_USD	2019-02-17	0.000037	0.000037	0.000038	0.000037	0
QBIC_USD	2019-02-16	0.000037	0.000037	0.000037	0.000037	0
QBIC_USD	2019-02-15	0.000037	0.000037	0.000037	0.000036	0
QBIC_USD	2019-02-14	0.000037	0.000037	0.000037	0.000036	0
QBIC_USD	2019-02-13	0.000037	0.000037	0.000037	0.000037	0
QBIC_USD	2019-02-12	0.000037	0.000037	0.000037	0.000036	0
QBIC_USD	2019-02-11	0.000037	0.000037	0.000037	0.000037	0
QBIC_USD	2019-02-10	0.000037	0.000037	0.000055	0.000018	0
QBIC_USD	2019-02-09	0.000037	0.000037	0.000037	0.000037	0
QBIC_USD	2019-02-08	0.000037	0.000034	0.000038	0.000034	0
QBIC_USD	2019-02-07	0.000034	0.000035	0.000035	0.000034	0
QBIC_USD	2019-02-06	0.000035	0.000035	0.000035	0.000034	0
QBIC_USD	2019-02-05	0.000035	0.000035	0.000035	0.000035	0
QBIC_USD	2019-02-04	0.000035	0.000035	0.000035	0.000035	0
QBIC_USD	2019-02-03	0.000035	0.000036	0.000036	0.000035	0
QBIC_USD	2019-02-02	0.000036	0.000035	0.000036	0.000035	0
QBIC_USD	2019-02-01	0.000035	0.000018	0.000036	0.000017	0
QBIC_USD	2019-01-31	0.000018	0.000035	0.000036	0.000017	0
QBIC_USD	2019-01-30	0.000035	0.000035	0.000035	0.000035	0
QBIC_USD	2019-01-29	0.000035	0.000053	0.000053	0.000017	0
QBIC_USD	2019-01-28	0.000053	0.000054	0.000054	0.000052	0
QBIC_USD	2019-01-27	0.000054	0.000054	0.000055	0.000053	0
QBIC_USD	2019-01-26	0.000054	0.000054	0.000056	0.000054	0
QBIC_USD	2019-01-25	0.000054	0.000055	0.000055	0.000054	0
QBIC_USD	2019-01-24	0.000055	0.000054	0.000055	0.000054	0
QBIC_USD	2019-01-23	0.000054	0.000055	0.000055	0.000054	0
QBIC_USD	2019-01-22	0.000055	0.000054	0.000055	0.000053	0
QBIC_USD	2019-01-21	0.000054	0.000054	0.000054	0.000053	0
QBIC_USD	2019-01-20	0.000054	0.000056	0.000057	0.000053	0
QBIC_USD	2019-01-19	0.000056	0.000055	0.000058	0.000055	0
QBIC_USD	2019-01-18	0.000055	0.000056	0.000056	0.000055	0
QBIC_USD	2019-01-17	0.000056	0.000055	0.000056	0.000054	0
QBIC_USD	2019-01-16	0.000055	0.000055	0.000056	0.000055	0
QBIC_USD	2019-01-15	0.000055	0.000056	0.000057	0.000055	0
QBIC_USD	2019-01-14	0.000056	0.000054	0.000057	0.000054	0
QBIC_USD	2019-01-13	0.000054	0.000056	0.000056	0.000054	0
QBIC_USD	2019-01-12	0.000056	0.000056	0.000056	0.000055	0
QBIC_USD	2019-01-11	0.000056	0.000056	0.000057	0.000055	0
QBIC_USD	2019-01-10	0.000056	0.000061	0.000062	0.000055	0
QBIC_USD	2019-01-09	0.000061	0.000061	0.000062	0.000061	0
QBIC_USD	2019-01-08	0.000061	0.000062	0.000063	0.000061	0
QBIC_USD	2019-01-07	0.000062	0.000063	0.000063	0.000061	0
QBIC_USD	2019-01-06	0.000063	0.000059	0.000117	0.000058	0
QBIC_USD	2019-01-05	0.000059	0.000059	0.000060	0.000059	0
QBIC_USD	2019-01-04	0.000059	0.000059	0.000060	0.000058	0
QBIC_USD	2019-01-03	0.000059	0.000061	0.000061	0.000059	0
QBIC_USD	2019-01-02	0.000061	0.000059	0.000061	0.000059	0
QBIC_USD	2019-01-01	0.000059	0.000057	0.000060	0.000057	0
QBIC_USD	2018-12-31	0.000057	0.000060	0.000060	0.000057	0
QBIC_USD	2018-12-30	0.000060	0.000058	0.000060	0.000058	0
QBIC_USD	2018-12-29	0.000058	0.000061	0.000061	0.000058	0
QBIC_USD	2018-12-28	0.000061	0.000056	0.000061	0.000055	0
QBIC_USD	2018-12-27	0.000056	0.000059	0.000059	0.000055	0
QBIC_USD	2018-12-26	0.000059	0.000059	0.000060	0.000057	0
QBIC_USD	2018-12-25	0.000059	0.000062	0.000062	0.000057	0
QBIC_USD	2018-12-24	0.000062	0.000061	0.000066	0.000061	0
QBIC_USD	2018-12-23	0.000061	0.000062	0.000063	0.000061	0
QBIC_USD	2018-12-22	0.000062	0.000060	0.000062	0.000059	0
QBIC_USD	2018-12-21	0.000060	0.000063	0.000064	0.000059	0
QBIC_USD	2018-12-20	0.000063	0.000057	0.000064	0.000057	0
QBIC_USD	2018-12-19	0.000057	0.000057	0.000061	0.000056	0
QBIC_USD	2018-12-18	0.000057	0.000054	0.000057	0.000053	0
QBIC_USD	2018-12-17	0.000054	0.000049	0.000056	0.000049	0
QBIC_USD	2018-12-16	0.000049	0.000049	0.000051	0.000049	0
QBIC_USD	2018-12-15	0.000049	0.000049	0.000050	0.000048	0
QBIC_USD	2018-12-14	0.000049	0.000050	0.000051	0.000048	0
QBIC_USD	2018-12-13	0.000050	0.000053	0.000053	0.000050	0
QBIC_USD	2018-12-12	0.000053	0.000051	0.000054	0.000051	0
QBIC_USD	2018-12-11	0.000052	0.000053	0.000053	0.000051	0
QBIC_USD	2018-12-10	0.000053	0.000055	0.000056	0.000052	0
QBIC_USD	2018-12-09	0.000055	0.000053	0.000057	0.000052	0
QBIC_USD	2018-12-08	0.000053	0.000052	0.000055	0.000050	0
QBIC_USD	2018-12-07	0.000052	0.000053	0.000054	0.000049	0
QBIC_USD	2018-12-06	0.000053	0.000057	0.000059	0.000053	0
QBIC_USD	2018-12-05	0.000057	0.000060	0.000060	0.000056	0
QBIC_USD	2018-12-04	0.000060	0.000059	0.000062	0.000057	0
QBIC_USD	2018-12-03	0.000059	0.000062	0.000063	0.000058	0
QBIC_USD	2018-12-02	0.000062	0.000064	0.000065	0.000062	0
QBIC_USD	2018-12-01	0.000064	0.000061	0.000065	0.000060	0
QBIC_USD	2018-11-30	0.000061	0.000065	0.000065	0.000059	0
QBIC_USD	2018-11-29	0.000065	0.000065	0.000067	0.000063	0
QBIC_USD	2018-11-28	0.000065	0.000058	0.000066	0.000058	0
QBIC_USD	2018-11-27	0.000058	0.000058	0.000059	0.000056	0
QBIC_USD	2018-11-26	0.000058	0.000062	0.000063	0.000056	0
QBIC_USD	2018-11-25	0.000062	0.000059	0.000063	0.000055	0
QBIC_USD	2018-11-24	0.000059	0.000066	0.000068	0.000058	0
QBIC_USD	2018-11-23	0.000066	0.000066	0.000067	0.000064	0
QBIC_USD	2018-11-22	0.000066	0.000070	0.000071	0.000066	0
QBIC_USD	2018-11-21	0.000070	0.000115	0.000118	0.000068	0
QBIC_USD	2018-11-20	0.000115	0.000123	0.000126	0.000108	0
QBIC_USD	2018-11-19	0.000123	0.000141	0.000141	0.000122	0
QBIC_USD	2018-11-18	0.000141	0.000141	0.000143	0.000141	0
QBIC_USD	2018-11-17	0.000141	0.000142	0.000142	0.000139	0
QBIC_USD	2018-11-16	0.000142	0.000144	0.000144	0.000139	0
QBIC_USD	2018-11-15	0.000144	0.000147	0.000148	0.000136	0
QBIC_USD	2018-11-14	0.000147	0.000162	0.000162	0.000143	0
QBIC_USD	2018-11-13	0.000162	0.000161	0.000162	0.000160	0
QBIC_USD	2018-11-12	0.000161	0.000161	0.000162	0.000160	0
QBIC_USD	2018-11-11	0.000161	0.000161	0.000161	0.000159	0
QBIC_USD	2018-11-10	0.000161	0.000160	0.000162	0.000160	0
QBIC_USD	2018-11-09	0.000160	0.000162	0.000163	0.000160	0
QBIC_USD	2018-11-08	0.000162	0.000164	0.000165	0.000162	0
QBIC_USD	2018-11-07	0.000165	0.000163	0.000165	0.000163	0
QBIC_USD	2018-11-06	0.000163	0.000162	0.000163	0.000161	0
QBIC_USD	2018-11-05	0.000162	0.000162	0.000162	0.000161	0
QBIC_USD	2018-11-04	0.000163	0.000160	0.000163	0.000159	0
QBIC_USD	2018-11-03	0.000160	0.000161	0.000161	0.000158	0
QBIC_USD	2018-11-02	0.000161	0.000192	0.000194	0.000160	0
QBIC_USD	2018-11-01	0.000192	0.000223	0.000224	0.000191	0
QBIC_USD	2018-10-31	0.000223	0.000222	0.000224	0.000219	0
QBIC_USD	2018-10-30	0.000222	0.000222	0.000223	0.000221	0
QBIC_USD	2018-10-29	0.000222	0.000227	0.000228	0.000221	0
QBIC_USD	2018-10-28	0.000227	0.000228	0.000228	0.000226	0
QBIC_USD	2018-10-27	0.000228	0.000229	0.000229	0.000227	0
QBIC_USD	2018-10-26	0.000229	0.000228	0.000231	0.000228	0
QBIC_USD	2018-10-25	0.000228	0.000229	0.000230	0.000228	0
QBIC_USD	2018-10-24	0.000229	0.000229	0.000232	0.000229	0
QBIC_USD	2018-10-23	0.000229	0.000230	0.000230	0.000229	0
QBIC_USD	2018-10-22	0.000230	0.000231	0.000232	0.000229	0
QBIC_USD	2018-10-21	0.000231	0.000230	0.000233	0.000230	0
QBIC_USD	2018-10-20	0.000230	0.000228	0.000231	0.000228	0
QBIC_USD	2018-10-19	0.000228	0.000231	0.000232	0.000228	0
QBIC_USD	2018-10-18	0.000231	0.000236	0.000237	0.000230	0
QBIC_USD	2018-10-17	0.000236	0.000237	0.000238	0.000234	0
QBIC_USD	2018-10-16	0.000237	0.000236	0.000241	0.000234	0
QBIC_USD	2018-10-15	0.000236	0.000222	0.000263	0.000221	0
QBIC_USD	2018-10-14	0.000222	0.000221	0.000224	0.000221	0
QBIC_USD	2018-10-13	0.000221	0.000157	0.000222	0.000157	0
QBIC_USD	2018-10-12	0.000157	0.000156	0.000159	0.000156	0
QBIC_USD	2018-10-11	0.000156	0.000166	0.000166	0.000156	0
QBIC_USD	2018-10-10	0.000166	0.000167	0.000167	0.000163	0
QBIC_USD	2018-10-09	0.000167	0.000167	0.000167	0.000165	0
QBIC_USD	2018-10-08	0.000167	0.000165	0.000168	0.000165	0
QBIC_USD	2018-10-07	0.000165	0.000165	0.000166	0.000163	0
QBIC_USD	2018-10-06	0.000165	0.000166	0.000166	0.000164	0
QBIC_USD	2018-10-05	0.000166	0.000165	0.000167	0.000164	0
QBIC_USD	2018-10-04	0.000165	0.000163	0.000166	0.000162	0
QBIC_USD	2018-10-03	0.000163	0.000163	0.000164	0.000161	0
QBIC_USD	2018-10-02	0.000163	0.000165	0.000166	0.000163	0
QBIC_USD	2018-10-01	0.000165	0.000165	0.000166	0.000163	0
QBIC_USD	2018-09-30	0.000165	0.000165	0.000166	0.000163	0
QBIC_USD	2018-09-29	0.000165	0.000166	0.000166	0.000162	0
QBIC_USD	2018-09-28	0.000166	0.000167	0.000171	0.000164	0
QBIC_USD	2018-09-27	0.000167	0.000162	0.000168	0.000161	0
QBIC_USD	2018-09-26	0.000162	0.000161	0.000164	0.000160	0
QBIC_USD	2018-09-25	0.000161	0.000165	0.000165	0.000159	0
QBIC_USD	2018-09-24	0.000165	0.000168	0.000168	0.000164	0
QBIC_USD	2018-09-23	0.000168	0.000168	0.000170	0.000167	0
QBIC_USD	2018-09-22	0.000167	0.000169	0.000171	0.000166	0
QBIC_USD	2018-09-21	0.000169	0.000163	0.000169	0.000162	0
QBIC_USD	2018-09-20	0.000163	0.000160	0.000163	0.000159	0
QBIC_USD	2018-09-19	0.000160	0.000159	0.000162	0.000153	0
QBIC_USD	2018-09-18	0.000158	0.000156	0.000160	0.000156	0
QBIC_USD	2018-09-17	0.000156	0.000162	0.000163	0.000155	0
QBIC_USD	2018-09-16	0.000162	0.000163	0.000163	0.000160	0
QBIC_USD	2018-09-15	0.000163	0.000162	0.000164	0.000162	0
QBIC_USD	2018-09-14	0.000162	0.000162	0.000165	0.000159	0
QBIC_USD	2018-09-13	0.000163	0.000158	0.000163	0.000158	0
QBIC_USD	2018-09-12	0.000158	0.000157	0.000158	0.000155	0
QBIC_USD	2018-09-11	0.000157	0.000158	0.000160	0.000154	0
QBIC_USD	2018-09-10	0.000158	0.000156	0.000159	0.000156	0
QBIC_USD	2018-09-09	0.000156	0.000155	0.000160	0.000154	0
QBIC_USD	2018-09-08	0.000155	0.000160	0.000162	0.000154	0
QBIC_USD	2018-09-07	0.000160	0.000163	0.000163	0.000158	0
QBIC_USD	2018-09-06	0.000163	0.000201	0.000202	0.000160	0
QBIC_USD	2018-09-05	0.000201	0.000221	0.000258	0.000201	0
QBIC_USD	2018-09-04	0.000221	0.000254	0.000254	0.000182	0
QBIC_USD	2018-09-03	0.000254	0.000255	0.000257	0.000252	0
QBIC_USD	2018-09-02	0.000255	0.000180	0.000257	0.000178	0
QBIC_USD	2018-09-01	0.000180	0.000246	0.000247	0.000176	0
QBIC_USD	2018-08-31	0.000246	0.000245	0.000248	0.000241	0
QBIC_USD	2018-08-30	0.000245	0.000247	0.000247	0.000238	0
QBIC_USD	2018-08-29	0.000247	0.000248	0.000249	0.000242	0
QBIC_USD	2018-08-28	0.000248	0.000242	0.000249	0.000241	0
QBIC_USD	2018-08-27	0.000242	0.000235	0.000242	0.000233	0
QBIC_USD	2018-08-26	0.000235	0.000236	0.000237	0.000230	0
QBIC_USD	2018-08-25	0.000236	0.000234	0.000238	0.000233	0
QBIC_USD	2018-08-24	0.000234	0.000228	0.000235	0.000226	0
QBIC_USD	2018-08-23	0.000228	0.000222	0.000230	0.000222	0
QBIC_USD	2018-08-22	0.000222	0.000227	0.000240	0.000219	0
QBIC_USD	2018-08-21	0.000227	0.000250	0.000253	0.000220	0
QBIC_USD	2018-08-20	0.000250	0.000259	0.000261	0.000224	0
QBIC_USD	2018-08-19	0.000259	0.000256	0.000262	0.000252	0
QBIC_USD	2018-08-18	0.000256	0.000264	0.000264	0.000252	0
QBIC_USD	2018-08-17	0.000264	0.000252	0.000264	0.000252	0
QBIC_USD	2018-08-16	0.000252	0.000251	0.000259	0.000249	0
QBIC_USD	2018-08-15	0.000251	0.000247	0.000265	0.000247	0
QBIC_USD	2018-08-14	0.000247	0.000250	0.000250	0.000235	0
QBIC_USD	2018-08-13	0.000250	0.000253	0.000261	0.000246	0
QBIC_USD	2018-08-12	0.000253	0.000280	0.000286	0.000250	0
QBIC_USD	2018-08-11	0.000280	0.000276	0.000291	0.000270	0
QBIC_USD	2018-08-10	0.000276	0.000294	0.000296	0.000271	0
QBIC_USD	2018-08-09	0.000294	0.000283	0.000298	0.000279	0
QBIC_USD	2018-08-08	0.000283	0.000302	0.000302	0.000276	0
QBIC_USD	2018-08-07	0.000302	0.000312	0.000322	0.000301	0
QBIC_USD	2018-08-06	0.000312	0.000387	0.000393	0.000241	0
QBIC_USD	2018-08-05	0.000387	0.000385	0.000390	0.000379	0
QBIC_USD	2018-08-04	0.000385	0.000408	0.000412	0.000381	0
QBIC_USD	2018-08-03	0.000408	0.000414	0.000414	0.000401	0
QBIC_USD	2018-08-02	0.000414	0.000419	0.000423	0.000410	0
QBIC_USD	2018-08-01	0.000419	0.000426	0.000427	0.000409	0
QBIC_USD	2018-07-31	0.000426	0.000449	0.000450	0.000422	0
QBIC_USD	2018-07-30	0.000449	0.000452	0.000491	0.000433	0
QBIC_USD	2018-07-29	0.000452	0.000450	0.000455	0.000447	0
QBIC_USD	2018-07-27	0.000454	0.000454	0.000454	0.000454	0
QBIC_USD	2018-07-26	0.000454	0.000450	0.000457	0.000450	0
QBIC_USD	2018-07-25	0.000450	0.000463	0.000467	0.000444	0
QBIC_USD	2018-07-24	0.000463	0.000424	0.000466	0.000423	0
QBIC_USD	2018-07-23	0.000424	0.000407	0.000428	0.000406	0
QBIC_USD	2018-07-22	0.000407	0.000407	0.000416	0.000404	0
QBIC_USD	2018-07-21	0.000407	0.000403	0.000410	0.000397	0
QBIC_USD	2018-07-20	0.000403	0.000411	0.000422	0.000400	0
QBIC_USD	2018-07-19	0.000411	0.000405	0.000416	0.000401	0
QBIC_USD	2018-07-18	0.000405	0.000403	0.000417	0.000399	0
QBIC_USD	2018-07-17	0.000403	0.000370	0.000410	0.000367	0
QBIC_USD	2018-07-16	0.000371	0.000381	0.000382	0.000348	0
QBIC_USD	2018-07-15	0.000381	0.000375	0.000383	0.000374	0
QBIC_USD	2018-07-14	0.000375	0.000342	0.000378	0.000341	0
QBIC_USD	2018-07-13	0.000342	0.000343	0.000348	0.000338	0
QBIC_USD	2018-07-12	0.000343	0.000351	0.000351	0.000334	0
QBIC_USD	2018-07-11	0.000351	0.000347	0.000352	0.000346	0
QBIC_USD	2018-07-10	0.000347	0.000366	0.000367	0.000345	0
QBIC_USD	2018-07-09	0.000366	0.000369	0.000374	0.000365	0
QBIC_USD	2018-07-08	0.000369	0.000372	0.000373	0.000367	0
QBIC_USD	2018-07-07	0.000372	0.000363	0.000375	0.000358	0
QBIC_USD	2018-07-06	0.000363	0.000360	0.000365	0.000355	0
QBIC_USD	2018-07-05	0.000360	0.000362	0.000368	0.000329	0
QBIC_USD	2018-07-04	0.000362	0.001007	0.001016	0.000361	0
QBIC_USD	2018-07-03	0.001007	0.001026	0.001034	0.000013	0
QBIC_USD	2018-07-02	0.001026	0.000984	0.001035	0.000000	0
QBIC_USD	2018-07-01	0.000984	0.000991	0.000997	0.000972	0
QBIC_USD	2018-06-30	0.000991	0.000961	0.001010	0.000961	0
QBIC_USD	2018-06-29	0.000962	0.000907	0.000972	0.000899	0
QBIC_USD	2018-06-28	0.000908	0.000951	0.000956	0.000904	0
QBIC_USD	2018-06-27	0.000951	0.000940	0.000958	0.000928	0
QBIC_USD	2018-06-26	0.000943	0.000969	0.000972	0.000938	0
QBIC_USD	2018-06-25	0.000968	0.000953	0.000979	0.000943	0
QBIC_USD	2018-06-24	0.000953	0.000955	0.000967	0.000895	0
QBIC_USD	2018-06-23	0.000954	0.000937	0.000969	0.000932	0
QBIC_USD	2018-06-22	0.000937	0.001041	0.001043	0.000920	0
QBIC_USD	2018-06-21	0.001041	0.001048	0.001052	0.001037	0
QBIC_USD	2018-06-20	0.001048	0.001044	0.001056	0.001017	0
QBIC_USD	2018-06-19	0.001045	0.001040	0.001058	0.001034	0
QBIC_USD	2018-06-18	0.001040	0.000999	0.001052	0.000990	0
QBIC_USD	2018-06-17	0.000998	0.001005	0.001018	0.000996	0
QBIC_USD	2018-06-16	0.001005	0.000990	0.001015	0.000981	0
QBIC_USD	2018-06-15	0.000989	0.001029	0.001029	0.000986	0
QBIC_USD	2018-06-14	0.001028	0.000976	0.001038	0.000972	0
QBIC_USD	2018-06-13	0.000975	0.001014	0.001024	0.000950	0
QBIC_USD	2018-06-12	0.001014	0.001065	0.001065	0.000998	0
QBIC_USD	2018-06-11	0.001065	0.001047	0.001069	0.001029	0
QBIC_USD	2018-06-10	0.001046	0.001162	0.001162	0.001029	0
QBIC_USD	2018-06-09	0.001162	0.001180	0.001191	0.001158	0
QBIC_USD	2018-06-08	0.001180	0.001191	0.001193	0.001169	0
QBIC_USD	2018-06-07	0.001192	0.001186	0.001202	0.001185	0
QBIC_USD	2018-06-06	0.001186	0.001182	0.001193	0.001162	0
QBIC_USD	2018-06-05	0.001181	0.001161	0.001189	0.001143	0
QBIC_USD	2018-06-04	0.001162	0.001197	0.001202	0.001156	0
QBIC_USD	2018-06-03	0.001196	0.001183	0.001205	0.001178	0
QBIC_USD	2018-06-02	0.001184	0.001167	0.001192	0.001155	0
QBIC_USD	2018-06-01	0.001166	0.001160	0.001178	0.001139	0
QBIC_USD	2018-05-31	0.001160	0.001143	0.001178	0.001137	0
QBIC_USD	2018-05-30	0.001143	0.001157	0.001171	0.001128	0
QBIC_USD	2018-05-29	0.001156	0.001101	0.001166	0.001093	0
QBIC_USD	2018-05-28	0.001100	0.001138	0.001152	0.001096	0
QBIC_USD	2018-05-27	0.001138	0.001136	0.001145	0.001119	0
QBIC_USD	2018-05-26	0.001136	0.001156	0.001180	0.001130	0
QBIC_USD	2018-05-25	0.001156	0.001174	0.001185	0.001136	0
QBIC_USD	2018-05-24	0.001174	0.001163	0.001196	0.001126	0
QBIC_USD	2018-05-23	0.001164	0.001236	0.001243	0.001154	0
QBIC_USD	2018-05-22	0.001237	0.001301	0.001303	0.001232	0
QBIC_USD	2018-05-21	0.001301	0.001321	0.001324	0.001296	0
QBIC_USD	2018-05-20	0.001321	0.001277	0.001330	0.001267	0
QBIC_USD	2018-05-19	0.001276	0.001277	0.001301	0.001262	0
QBIC_USD	2018-05-18	0.001277	0.001249	0.001283	0.001229	0
QBIC_USD	2018-05-17	0.001250	0.001294	0.001312	0.001239	0
QBIC_USD	2018-05-16	0.001293	0.001312	0.001316	0.001256	0
QBIC_USD	2018-05-15	0.001312	0.001343	0.001368	0.001306	0
QBIC_USD	2018-05-14	0.001343	0.001346	0.001376	0.001283	0
QBIC_USD	2018-05-13	0.001346	0.001314	0.001357	0.001291	0
QBIC_USD	2018-05-12	0.001311	0.001301	0.001337	0.001272	0
QBIC_USD	2018-05-11	0.001301	0.001398	0.001398	0.001294	0
QBIC_USD	2018-05-10	0.001398	0.001444	0.001455	0.001396	0
QBIC_USD	2018-05-09	0.001444	0.001424	0.001452	0.001392	0
QBIC_USD	2018-05-08	0.001425	0.001451	0.001456	0.000000	0
QBIC_USD	2018-05-07	0.001461	0.001497	0.001500	0.001426	0
QBIC_USD	2018-05-06	0.001497	0.001529	0.001544	0.001465	0
QBIC_USD	2018-05-05	0.001527	0.001505	0.001548	0.001501	0
QBIC_USD	2018-05-04	0.001505	0.001514	0.001521	0.001482	0
QBIC_USD	2018-05-03	0.001514	0.001431	0.001525	0.001422	0
QBIC_USD	2018-05-02	0.001431	0.001405	0.001437	0.001392	0
QBIC_USD	2018-05-01	0.001407	0.001432	0.001432	0.001370	0
QBIC_USD	2018-04-30	0.001432	0.001457	0.001465	0.001413	0
QBIC_USD	2018-04-29	0.001457	0.001448	0.001482	0.001424	0
QBIC_USD	2018-04-28	0.001448	0.001384	0.001462	0.001375	0
QBIC_USD	2018-04-27	0.001384	0.001441	0.001454	0.001380	0
QBIC_USD	2018-04-26	0.001441	0.001376	0.001443	0.001343	0
QBIC_USD	2018-04-25	0.001376	0.001496	0.001512	0.001362	0
QBIC_USD	2018-04-24	0.001499	0.001386	0.001509	0.001384	0
QBIC_USD	2018-04-23	0.001386	0.001364	0.001396	0.001360	0
QBIC_USD	2018-04-22	0.001364	0.001382	0.001399	0.001357	0
QBIC_USD	2018-04-21	0.001382	0.001375	0.001400	0.001336	0
QBIC_USD	2018-04-20	0.001375	0.001283	0.001384	0.001275	0
QBIC_USD	2018-04-19	0.001283	0.001266	0.001286	0.001257	0
QBIC_USD	2018-04-18	0.001266	0.001223	0.001275	0.001221	0
QBIC_USD	2018-04-17	0.001223	0.001249	0.001266	0.001213	0
QBIC_USD	2018-04-16	0.001249	0.001295	0.001303	0.001225	0
QBIC_USD	2018-04-15	0.001295	0.001241	0.001305	0.001241	0
QBIC_USD	2018-04-14	0.001241	0.001221	0.001268	0.001212	0
QBIC_USD	2018-04-13	0.001221	0.001226	0.001275	0.001202	0
QBIC_USD	2018-04-12	0.001226	0.001076	0.001250	0.001048	0
QBIC_USD	2018-04-11	0.001076	0.001060	0.001081	0.001053	0
QBIC_USD	2018-04-10	0.001060	0.001048	0.001068	0.001031	0
QBIC_USD	2018-04-09	0.001048	0.001087	0.001113	0.001025	0
QBIC_USD	2018-04-08	0.001087	0.001068	0.001102	0.001067	0
QBIC_USD	2018-04-07	0.001068	0.001025	0.001095	0.001023	0
QBIC_USD	2018-04-06	0.001025	0.001048	0.001061	0.001009	0
QBIC_USD	2018-04-05	0.001048	0.001052	0.001071	0.001019	0
QBIC_USD	2018-04-04	0.001052	0.001148	0.001150	0.001038	0
QBIC_USD	2018-04-03	0.001148	0.001093	0.001164	0.001088	0
QBIC_USD	2018-04-02	0.001093	0.001056	0.001103	0.001050	0
QBIC_USD	2018-04-01	0.001056	0.001073	0.001090	0.000997	0
QBIC_USD	2018-03-31	0.001073	0.001060	0.001119	0.001053	0
QBIC_USD	2018-03-30	0.001060	0.001099	0.001125	0.001020	0
QBIC_USD	2018-03-29	0.001099	0.001231	0.001234	0.001069	0
QBIC_USD	2018-03-28	0.001231	0.001207	0.001256	0.001198	0
QBIC_USD	2018-03-27	0.001207	0.001259	0.001272	0.001200	0
QBIC_USD	2018-03-26	0.001259	0.001309	0.001316	0.001217	0
QBIC_USD	2018-03-25	0.001309	0.001318	0.001342	0.001298	0
QBIC_USD	2018-03-24	0.001318	0.001380	0.001397	0.001317	0
QBIC_USD	2018-03-23	0.001380	0.001351	0.001380	0.001282	0
QBIC_USD	2018-03-22	0.001351	0.001379	0.001408	0.001314	0
QBIC_USD	2018-03-21	0.001379	0.001379	0.001421	0.001358	0
QBIC_USD	2018-03-20	0.001379	0.001333	0.001399	0.001289	0
QBIC_USD	2018-03-19	0.001333	0.001272	0.001348	0.001257	0
QBIC_USD	2018-03-18	0.001272	0.001220	0.001281	0.001135	0
QBIC_USD	2018-03-17	0.001220	0.001285	0.001293	0.001201	0
QBIC_USD	2018-03-16	0.001285	0.001279	0.001332	0.001225	0
QBIC_USD	2018-03-15	0.001279	0.001269	0.001303	0.001190	0
QBIC_USD	2018-03-14	0.001269	0.001416	0.001450	0.001228	0
QBIC_USD	2018-03-13	0.001416	0.001550	0.001590	0.001394	0
QBIC_USD	2018-03-12	0.001550	0.001664	0.001697	0.001408	0
QBIC_USD	2018-03-11	0.001664	0.001839	0.001841	0.001632	0
QBIC_USD	2018-03-10	0.001839	0.001982	0.002167	0.001786	0
QBIC_USD	2018-03-09	0.001982	0.001813	0.002007	0.001647	0
QBIC_USD	2018-03-08	0.001813	0.001877	0.002158	0.001756	0
QBIC_USD	2018-03-07	0.001877	0.001769	0.002368	0.001769	0
QBIC_USD	2018-03-06	0.001769	0.002240	0.002466	0.001746	0
QBIC_USD	2018-03-05	0.002240	0.003222	0.003222	0.002137	0
QBIC_USD	2018-03-04	0.003199	0.003316	0.003561	0.002710	0
QBIC_USD	2018-03-03	0.003301	0.002866	0.004977	0.002490	0
QBIC_USD	2018-03-02	0.002891	0.004316	0.005249	0.002879	0
