QUAN_USD	2019-04-09	0.05737	0.05867	0.05867	0.05669	0
QUAN_USD	2019-04-08	0.05847	0.05868	0.06603	0.05674	0
QUAN_USD	2019-04-07	0.05875	0.05516	0.06383	0.05233	0
QUAN_USD	2019-04-06	0.05509	0.05815	0.05837	0.05240	0
QUAN_USD	2019-04-05	0.05811	0.05496	0.05942	0.05366	0
QUAN_USD	2019-04-04	0.05488	0.06425	0.06601	0.05407	0
QUAN_USD	2019-04-03	0.06435	0.06179	0.07817	0.06179	0
QUAN_USD	2019-04-02	0.06189	0.05338	0.06427	0.05281	0
QUAN_USD	2019-04-01	0.05345	0.04874	0.05417	0.04718	0
QUAN_USD	2019-03-31	0.04872	0.04092	0.05328	0.04074	0
QUAN_USD	2019-03-30	0.04092	0.04175	0.04287	0.04059	0
QUAN_USD	2019-03-29	0.04175	0.03923	0.04311	0.03740	0
QUAN_USD	2019-03-28	0.03941	0.04357	0.04380	0.03720	0
QUAN_USD	2019-03-27	0.04353	0.04282	0.04955	0.03813	0
QUAN_USD	2019-03-26	0.04305	0.05019	0.05050	0.03605	0
QUAN_USD	2019-03-25	0.05020	0.06107	0.06205	0.04907	0
QUAN_USD	2019-03-24	0.06111	0.06424	0.06424	0.05892	0
QUAN_USD	2019-03-23	0.06424	0.05874	0.06426	0.05859	0
QUAN_USD	2019-03-22	0.05879	0.05550	0.05986	0.05521	0
QUAN_USD	2019-03-21	0.05550	0.06178	0.06228	0.05488	0
QUAN_USD	2019-03-20	0.06178	0.06052	0.06196	0.05989	0
QUAN_USD	2019-03-19	0.06075	0.06223	0.06507	0.06030	0
QUAN_USD	2019-03-18	0.06229	0.06081	0.07284	0.05948	0
QUAN_USD	2019-03-17	0.06116	0.05936	0.06152	0.05821	0
QUAN_USD	2019-03-16	0.05936	0.05987	0.06519	0.05856	0
QUAN_USD	2019-03-15	0.05987	0.06377	0.07561	0.05661	0
QUAN_USD	2019-03-14	0.06774	0.12022	0.12211	0.05314	0
QUAN_USD	2019-03-13	0.12027	0.13318	0.13670	0.10489	0
QUAN_USD	2019-03-12	0.13315	0.14115	0.14115	0.12317	0
QUAN_USD	2019-03-11	0.14131	0.15013	0.15265	0.13818	0
QUAN_USD	2019-03-10	0.15014	0.12273	0.15087	0.12132	0
QUAN_USD	2019-03-09	0.12287	0.13228	0.15047	0.11967	0
QUAN_USD	2019-03-08	0.13258	0.14764	0.17135	0.13199	0
QUAN_USD	2019-03-07	0.14764	0.11224	0.14848	0.09818	0
QUAN_USD	2019-03-06	0.11226	0.09861	0.11692	0.07654	0
QUAN_USD	2019-03-05	0.09859	0.10251	0.13878	0.09810	0
QUAN_USD	2019-03-04	0.10235	0.10103	0.12365	0.10103	0
QUAN_USD	2019-03-03	0.10102	0.09292	0.12694	0.07698	0
QUAN_USD	2019-03-02	0.09321	0.08261	0.09737	0.07274	0
QUAN_USD	2019-03-01	0.08273	0.07621	0.08502	0.06733	0
QUAN_USD	2019-02-28	0.07497	0.05020	0.08219	0.04918	0
QUAN_USD	2019-02-27	0.05038	0.05270	0.05283	0.04725	0
QUAN_USD	2019-02-26	0.05273	0.05217	0.05655	0.05146	0
QUAN_USD	2019-02-25	0.05224	0.04010	0.05682	0.03776	0
QUAN_USD	2019-02-24	0.04011	0.04362	0.04634	0.03999	0
QUAN_USD	2019-02-23	0.04362	0.04241	0.04451	0.04067	0
QUAN_USD	2019-02-22	0.04248	0.04090	0.04441	0.04086	0
QUAN_USD	2019-02-21	0.04090	0.04369	0.04515	0.04055	0
QUAN_USD	2019-02-20	0.04375	0.04410	0.04838	0.04243	0
QUAN_USD	2019-02-19	0.04415	0.04344	0.04620	0.04315	0
QUAN_USD	2019-02-18	0.04345	0.04508	0.04803	0.04322	0
QUAN_USD	2019-02-17	0.04509	0.04373	0.04756	0.04371	0
QUAN_USD	2019-02-16	0.04373	0.04356	0.04738	0.04333	0
QUAN_USD	2019-02-15	0.04349	0.04336	0.04389	0.04247	0
QUAN_USD	2019-02-14	0.04341	0.04526	0.04526	0.04266	0
QUAN_USD	2019-02-13	0.04529	0.04674	0.04697	0.04451	0
QUAN_USD	2019-02-12	0.04673	0.04738	0.04847	0.04625	0
QUAN_USD	2019-02-11	0.04738	0.04568	0.04741	0.04341	0
QUAN_USD	2019-02-10	0.04568	0.04525	0.04776	0.04431	0
QUAN_USD	2019-02-09	0.04525	0.04800	0.04880	0.04438	0
QUAN_USD	2019-02-08	0.04800	0.04676	0.05206	0.04390	0
QUAN_USD	2019-02-07	0.04673	0.04456	0.04807	0.04332	0
QUAN_USD	2019-02-06	0.04451	0.04500	0.04540	0.04011	0
QUAN_USD	2019-02-05	0.04501	0.04567	0.04567	0.04331	0
QUAN_USD	2019-02-04	0.04567	0.04579	0.04661	0.04553	0
QUAN_USD	2019-02-03	0.04579	0.04837	0.04946	0.04540	0
QUAN_USD	2019-02-02	0.04830	0.04675	0.04841	0.04673	0
QUAN_USD	2019-02-01	0.04679	0.04650	0.04712	0.04437	0
QUAN_USD	2019-01-31	0.04646	0.04622	0.04882	0.04513	0
QUAN_USD	2019-01-30	0.04622	0.04558	0.04704	0.04506	0
QUAN_USD	2019-01-29	0.04558	0.04597	0.04701	0.04459	0
QUAN_USD	2019-01-28	0.04599	0.04495	0.04862	0.04312	0
QUAN_USD	2019-01-27	0.04498	0.05441	0.05578	0.04400	0
QUAN_USD	2019-01-26	0.05437	0.05491	0.06255	0.05209	0
QUAN_USD	2019-01-25	0.05494	0.05184	0.06425	0.04409	0
QUAN_USD	2019-01-24	0.05186	0.06223	0.06277	0.04089	0
QUAN_USD	2019-01-23	0.06221	0.06039	0.07158	0.05959	0
QUAN_USD	2019-01-22	0.06039	0.06842	0.06930	0.05753	0
QUAN_USD	2019-01-21	0.06841	0.07787	0.08251	0.05436	0
QUAN_USD	2019-01-20	0.07800	0.04594	0.09673	0.03832	0
QUAN_USD	2019-01-19	0.04525	0.04404	0.04985	0.03883	0
QUAN_USD	2019-01-18	0.04269	0.07023	0.07148	0.03185	0
QUAN_USD	2019-01-17	0.07024	0.09304	0.09891	0.06846	0
QUAN_USD	2019-01-16	0.09287	0.06915	0.10003	0.06905	0
QUAN_USD	2019-01-15	0.06921	0.11289	0.12119	0.06435	0
QUAN_USD	2019-01-14	0.11275	0.14223	0.14391	0.10075	0
QUAN_USD	2019-01-13	0.14224	0.13465	0.14763	0.12494	0
QUAN_USD	2019-01-12	0.13439	0.11963	0.14113	0.11158	0
QUAN_USD	2019-01-11	0.11953	0.12150	0.12407	0.10891	0
QUAN_USD	2019-01-10	0.12135	0.12129	0.12871	0.10884	0
QUAN_USD	2019-01-09	0.12389	0.08486	0.19479	0.08416	0
QUAN_USD	2019-01-08	0.08484	0.08678	0.08766	0.07498	0
QUAN_USD	2019-01-07	0.08678	0.10451	0.11937	0.07075	0
QUAN_USD	2019-01-06	0.10454	0.09055	0.22648	0.07453	0
QUAN_USD	2019-01-05	0.09263	0.05962	0.09778	0.05779	0
QUAN_USD	2019-01-04	0.05965	0.02163	0.11865	0.02106	0
QUAN_USD	2019-01-03	0.03480	0.03648	0.03832	0.03447	0
QUAN_USD	2019-01-02	0.03649	0.03674	0.03907	0.03378	0
QUAN_USD	2019-01-01	0.03610	0.03497	0.03720	0.03280	0
QUAN_USD	2018-12-31	0.03495	0.03389	0.03939	0.02893	0
QUAN_USD	2018-12-30	0.03214	0.04194	0.04259	0.03009	0
QUAN_USD	2018-12-29	0.04189	0.04828	0.05226	0.03669	0
QUAN_USD	2018-12-28	0.04830	0.05437	0.05446	0.03278	0
QUAN_USD	2018-12-27	0.05439	0.04698	0.06217	0.04639	0
QUAN_USD	2018-12-26	0.04745	0.05128	0.05854	0.04229	0
QUAN_USD	2018-12-25	0.05339	0.03518	0.05489	0.03240	0
QUAN_USD	2018-12-24	0.03679	0.05596	0.05599	0.03309	0
QUAN_USD	2018-12-23	0.05339	0.05882	0.06111	0.04440	0
QUAN_USD	2018-12-22	0.05863	0.05241	0.05917	0.05097	0
QUAN_USD	2018-12-21	0.05235	0.04622	0.05850	0.04539	0
QUAN_USD	2018-12-20	0.04625	0.04881	0.05150	0.04457	0
QUAN_USD	2018-12-19	0.04873	0.04290	0.05119	0.03927	0
QUAN_USD	2018-12-18	0.04290	0.05190	0.05593	0.03710	0
QUAN_USD	2018-12-17	0.05184	0.05830	0.06678	0.03421	0
QUAN_USD	2018-12-16	0.05828	0.06114	0.06342	0.05384	0
QUAN_USD	2018-12-15	0.06117	0.06858	0.07150	0.05260	0
QUAN_USD	2018-12-14	0.06869	0.07242	0.07723	0.06668	0
QUAN_USD	2018-12-13	0.07236	0.07915	0.08239	0.07070	0
QUAN_USD	2018-12-12	0.07918	0.06479	0.09562	0.05585	0
QUAN_USD	2018-12-11	0.06500	0.07133	0.07768	0.06477	0
QUAN_USD	2018-12-10	0.07134	0.08907	0.09051	0.07134	0
QUAN_USD	2018-12-09	0.08915	0.08232	0.09140	0.08028	0
QUAN_USD	2018-12-08	0.08232	0.08501	0.08587	0.07635	0
QUAN_USD	2018-12-07	0.08469	0.08659	0.09327	0.07968	0
QUAN_USD	2018-12-06	0.08691	0.08193	0.11006	0.08190	0
QUAN_USD	2018-12-05	0.08185	0.08826	0.09019	0.08169	0
QUAN_USD	2018-12-04	0.08816	0.09183	0.09521	0.08542	0
QUAN_USD	2018-12-03	0.09189	0.09552	0.10177	0.08250	0
QUAN_USD	2018-12-02	0.09555	0.12105	0.12428	0.08599	0
QUAN_USD	2018-12-01	0.12118	0.12278	0.12936	0.10981	0
QUAN_USD	2018-11-30	0.12290	0.14714	0.14836	0.11369	0
QUAN_USD	2018-11-29	0.14675	0.15317	0.15956	0.14349	0
QUAN_USD	2018-11-28	0.15311	0.12891	0.15860	0.12710	0
QUAN_USD	2018-11-27	0.12854	0.13830	0.13830	0.12237	0
QUAN_USD	2018-11-26	0.13805	0.13278	0.14049	0.12692	0
QUAN_USD	2018-11-25	0.13328	0.14748	0.14907	0.12809	0
QUAN_USD	2018-11-24	0.14740	0.16654	0.17767	0.14319	0
QUAN_USD	2018-11-23	0.16654	0.17749	0.18535	0.16099	0
QUAN_USD	2018-11-22	0.17860	0.16206	0.19126	0.15334	0
QUAN_USD	2018-11-21	0.16225	0.15730	0.16259	0.14404	0
QUAN_USD	2018-11-20	0.15677	0.17559	0.17793	0.13344	0
QUAN_USD	2018-11-19	0.17705	0.23325	0.23325	0.16796	0
QUAN_USD	2018-11-18	0.23325	0.25176	0.25808	0.21666	0
QUAN_USD	2018-11-17	0.25143	0.21377	0.25896	0.18749	0
QUAN_USD	2018-11-16	0.21371	0.21821	0.22675	0.17711	0
QUAN_USD	2018-11-15	0.21833	0.21771	0.23363	0.20125	0
QUAN_USD	2018-11-14	0.21691	0.27176	0.27187	0.20764	0
QUAN_USD	2018-11-13	0.27180	0.30800	0.31292	0.21644	0
QUAN_USD	2018-11-12	0.30794	0.27081	0.33554	0.17774	0
QUAN_USD	2018-11-11	0.27125	0.32255	0.32695	0.26327	0
QUAN_USD	2018-11-10	0.32133	0.29767	0.32593	0.26823	0
QUAN_USD	2018-11-09	0.29607	0.36797	0.36797	0.26690	0
QUAN_USD	2018-11-08	0.36878	0.38289	0.42397	0.36718	0
QUAN_USD	2018-11-07	0.38230	0.41805	0.44022	0.36908	0
QUAN_USD	2018-11-06	0.41799	0.41412	0.48345	0.38669	0
QUAN_USD	2018-11-05	0.41428	0.35805	0.41428	0.32383	0
QUAN_USD	2018-11-04	0.35805	0.37723	0.37963	0.31907	0
QUAN_USD	2018-11-03	0.37720	0.35030	0.40315	0.27397	0
QUAN_USD	2018-11-02	0.35027	0.37445	0.43682	0.27593	0
QUAN_USD	2018-11-01	0.37522	0.30033	0.44420	0.28154	0
QUAN_USD	2018-10-31	0.29199	0.13429	0.37923	0.12287	0
QUAN_USD	2018-10-30	0.13413	0.10315	0.13846	0.09650	0
QUAN_USD	2018-10-29	0.10318	0.11030	0.11536	0.10275	0
QUAN_USD	2018-10-28	0.11017	0.09432	0.11889	0.08778	0
QUAN_USD	2018-10-27	0.09357	0.10179	0.11114	0.08599	0
QUAN_USD	2018-10-26	0.10160	0.07641	0.10160	0.07467	0
QUAN_USD	2018-10-25	0.07641	0.07652	0.07862	0.07412	0
QUAN_USD	2018-10-24	0.07652	0.07886	0.07905	0.06208	0
QUAN_USD	2018-10-23	0.07886	0.08551	0.08551	0.07727	0
QUAN_USD	2018-10-22	0.08551	0.09320	0.09601	0.08180	0
QUAN_USD	2018-10-21	0.09319	0.09541	0.09804	0.08379	0
QUAN_USD	2018-10-20	0.09539	0.11172	0.11180	0.07865	0
QUAN_USD	2018-10-19	0.11171	0.11104	0.11743	0.10619	0
QUAN_USD	2018-10-18	0.11104	0.12636	0.13748	0.11015	0
QUAN_USD	2018-10-17	0.12611	0.13160	0.13247	0.11552	0
QUAN_USD	2018-10-16	0.13114	0.13764	0.13904	0.12575	0
QUAN_USD	2018-10-15	0.13784	0.11951	0.15781	0.11220	0
QUAN_USD	2018-10-14	0.11948	0.10758	0.12051	0.10100	0
QUAN_USD	2018-10-13	0.10764	0.11139	0.11628	0.10166	0
QUAN_USD	2018-10-12	0.11146	0.11435	0.12326	0.10790	0
QUAN_USD	2018-10-11	0.11353	0.10244	0.14896	0.09434	0
QUAN_USD	2018-10-10	0.10297	0.12487	0.12787	0.07955	0
QUAN_USD	2018-10-09	0.12487	0.16683	0.18096	0.11698	0
QUAN_USD	2018-10-08	0.16853	0.11806	0.18064	0.11190	0
QUAN_USD	2018-10-07	0.11806	0.06219	0.14387	0.05990	0
QUAN_USD	2018-10-06	0.06219	0.05784	0.07822	0.05413	0
QUAN_USD	2018-10-05	0.05784	0.05123	0.07850	0.05010	0
QUAN_USD	2018-10-04	0.05123	0.05215	0.05593	0.04862	0
QUAN_USD	2018-10-03	0.05212	0.05364	0.05419	0.04576	0
QUAN_USD	2018-10-02	0.05371	0.05398	0.06845	0.04790	0
QUAN_USD	2018-10-01	0.05396	0.05861	0.06200	0.05009	0
QUAN_USD	2018-09-30	0.05861	0.05333	0.06138	0.04782	0
QUAN_USD	2018-09-29	0.05333	0.05457	0.05856	0.04823	0
QUAN_USD	2018-09-28	0.05457	0.05735	0.06493	0.04862	0
QUAN_USD	2018-09-27	0.05722	0.05296	0.06014	0.04574	0
QUAN_USD	2018-09-26	0.05296	0.06376	0.06376	0.04725	0
QUAN_USD	2018-09-25	0.06367	0.06401	0.06721	0.05642	0
QUAN_USD	2018-09-24	0.06453	0.06502	0.07150	0.05785	0
QUAN_USD	2018-09-23	0.06503	0.06370	0.06876	0.05258	0
QUAN_USD	2018-09-22	0.06371	0.06651	0.07462	0.05740	0
QUAN_USD	2018-09-21	0.06661	0.07017	0.07220	0.06654	0
QUAN_USD	2018-09-20	0.07079	0.07372	0.07399	0.06849	0
QUAN_USD	2018-09-19	0.07370	0.07316	0.07625	0.06997	0
QUAN_USD	2018-09-18	0.07316	0.07412	0.07747	0.06812	0
QUAN_USD	2018-09-17	0.07412	0.07538	0.07876	0.06756	0
QUAN_USD	2018-09-16	0.07489	0.07046	0.08372	0.06870	0
QUAN_USD	2018-09-15	0.07051	0.06827	0.08110	0.06817	0
QUAN_USD	2018-09-14	0.06834	0.06851	0.07251	0.06715	0
QUAN_USD	2018-09-13	0.07126	0.07363	0.09162	0.06882	0
QUAN_USD	2018-09-12	0.07363	0.07324	0.07363	0.06503	0
QUAN_USD	2018-09-11	0.07322	0.07585	0.07681	0.06482	0
QUAN_USD	2018-09-10	0.07576	0.07909	0.10385	0.06440	0
QUAN_USD	2018-09-09	0.07903	0.06810	0.08068	0.06745	0
QUAN_USD	2018-09-08	0.06810	0.06295	0.07628	0.05857	0
QUAN_USD	2018-09-07	0.06295	0.07689	0.08322	0.05599	0
QUAN_USD	2018-09-06	0.07686	0.07167	0.07712	0.06786	0
QUAN_USD	2018-09-05	0.07170	0.08757	0.09522	0.07159	0
QUAN_USD	2018-09-04	0.08757	0.07418	0.10210	0.07310	0
QUAN_USD	2018-09-03	0.07423	0.07538	0.07787	0.06951	0
QUAN_USD	2018-09-02	0.07538	0.07291	0.07882	0.06716	0
QUAN_USD	2018-09-01	0.07295	0.08443	0.08812	0.05681	0
QUAN_USD	2018-08-31	0.08443	0.08202	0.09064	0.07701	0
QUAN_USD	2018-08-30	0.08211	0.10233	0.10247	0.05082	0
QUAN_USD	2018-08-29	0.10246	0.10018	0.11137	0.09556	0
QUAN_USD	2018-08-28	0.10016	0.10618	0.11792	0.09715	0
QUAN_USD	2018-08-27	0.10607	0.11057	0.12325	0.09950	0
QUAN_USD	2018-08-26	0.11062	0.11022	0.11332	0.10463	0
QUAN_USD	2018-08-25	0.11032	0.11453	0.11990	0.10959	0
QUAN_USD	2018-08-24	0.11450	0.11565	0.11890	0.11083	0
QUAN_USD	2018-08-23	0.11954	0.10748	0.11963	0.10704	0
QUAN_USD	2018-08-22	0.10737	0.11450	0.12060	0.10676	0
QUAN_USD	2018-08-21	0.11445	0.10682	0.11695	0.10678	0
QUAN_USD	2018-08-20	0.11018	0.11628	0.11907	0.10622	0
QUAN_USD	2018-08-19	0.11631	0.10715	0.11970	0.10616	0
QUAN_USD	2018-08-18	0.10714	0.12828	0.12880	0.10645	0
QUAN_USD	2018-08-17	0.12838	0.12523	0.13178	0.12300	0
QUAN_USD	2018-08-16	0.12535	0.13269	0.13591	0.12070	0
QUAN_USD	2018-08-15	0.13239	0.11650	0.14662	0.11435	0
QUAN_USD	2018-08-14	0.11794	0.12020	0.12821	0.11045	0
QUAN_USD	2018-08-13	0.12035	0.15190	0.15251	0.11521	0
QUAN_USD	2018-08-12	0.15182	0.13592	0.15182	0.11407	0
QUAN_USD	2018-08-11	0.13580	0.15587	0.15607	0.12921	0
QUAN_USD	2018-08-10	0.14969	0.15649	0.18832	0.14370	0
QUAN_USD	2018-08-09	0.15572	0.15670	0.18956	0.14137	0
QUAN_USD	2018-08-08	0.15676	0.17795	0.21030	0.15340	0
QUAN_USD	2018-08-07	0.17813	0.16075	0.20806	0.16075	0
QUAN_USD	2018-08-06	0.16242	0.18508	0.19530	0.14227	0
QUAN_USD	2018-08-05	0.18531	0.19756	0.22124	0.17073	0
QUAN_USD	2018-08-04	0.19736	0.19492	0.23029	0.18441	0
QUAN_USD	2018-08-03	0.19482	0.20767	0.22904	0.14720	0
QUAN_USD	2018-08-02	0.20790	0.25501	0.25649	0.20790	0
QUAN_USD	2018-08-01	0.25512	0.26885	0.27337	0.23417	0
