RCN_USD	2019-04-09	0.024320	0.027225	0.027395	0.024320	147791
RCN_USD	2019-04-08	0.027225	0.028652	0.029572	0.027225	260299
RCN_USD	2019-04-07	0.028652	0.026986	0.029633	0.025525	292080
RCN_USD	2019-04-06	0.026986	0.025368	0.026986	0.020914	234098
RCN_USD	2019-04-05	0.025368	0.024436	0.026989	0.024436	137831
RCN_USD	2019-04-04	0.023995	0.017522	0.028300	0.015298	117603
RCN_USD	2019-04-03	0.017522	0.018858	0.019606	0.016915	59218
RCN_USD	2019-04-02	0.018858	0.016514	0.018881	0.014647	62826
RCN_USD	2019-04-01	0.016514	0.018064	0.019161	0.016127	54793
RCN_USD	2019-03-31	0.018064	0.022497	0.024661	0.018036	60467
RCN_USD	2019-03-30	0.022497	0.012658	0.023114	0.012624	82792
RCN_USD	2019-03-29	0.012658	0.013392	0.013392	0.012226	43189
RCN_USD	2019-03-28	0.013392	0.012323	0.013497	0.012323	46062
RCN_USD	2019-03-27	0.012323	0.012348	0.012363	0.012209	42214
RCN_USD	2019-03-26	0.012348	0.012350	0.012390	0.012306	42452
RCN_USD	2019-03-25	0.012350	0.012562	0.012562	0.012350	42373
RCN_USD	2019-03-24	0.012562	0.013143	0.013311	0.012362	43153
RCN_USD	2019-03-23	0.013143	0.012785	0.013565	0.012776	45931
RCN_USD	2019-03-22	0.012785	0.012737	0.012936	0.012471	44131
RCN_USD	2019-03-21	0.012737	0.012254	0.012776	0.012254	43854
RCN_USD	2019-03-20	0.012254	0.012304	0.012304	0.012231	41995
RCN_USD	2019-03-19	0.012304	0.013417	0.013459	0.012304	42158
RCN_USD	2019-03-18	0.013417	0.012648	0.013516	0.012528	46397
RCN_USD	2019-03-17	0.012648	0.012262	0.012676	0.012262	43454
RCN_USD	2019-03-16	0.012262	0.012822	0.012822	0.012251	42022
RCN_USD	2019-03-15	0.012822	0.012736	0.012963	0.012437	44090
RCN_USD	2019-03-14	0.012736	0.012429	0.012736	0.012293	43886
RCN_USD	2019-03-13	0.012429	0.012990	0.013075	0.012356	42737
RCN_USD	2019-03-12	0.012990	0.012511	0.013446	0.012487	45071
RCN_USD	2019-03-11	0.012511	0.013947	0.013947	0.012376	43236
RCN_USD	2019-03-10	0.013947	0.014361	0.014702	0.013731	49219
RCN_USD	2019-03-09	0.014361	0.013784	0.015143	0.013784	50897
RCN_USD	2019-03-08	0.013784	0.012694	0.014163	0.012688	49319
RCN_USD	2019-03-07	0.012694	0.012345	0.012695	0.012322	44126
RCN_USD	2019-03-06	0.012345	0.014977	0.014982	0.012344	42480
RCN_USD	2019-03-05	0.014977	0.013233	0.015669	0.013220	61409
RCN_USD	2019-03-04	0.013233	0.012554	0.013343	0.012554	48094
RCN_USD	2019-03-03	0.012554	0.013087	0.013087	0.012365	44000
RCN_USD	2019-03-02	0.013087	0.013081	0.013187	0.012718	46432
RCN_USD	2019-03-01	0.013081	0.015725	0.015750	0.013081	46454
RCN_USD	2019-02-28	0.015725	0.014505	0.015725	0.013365	60281
RCN_USD	2019-02-27	0.014505	0.015035	0.015143	0.014006	63246
RCN_USD	2019-02-26	0.015035	0.020665	0.030809	0.014707	67760
RCN_USD	2019-02-25	0.020665	0.014803	0.022528	0.013748	523604
RCN_USD	2019-02-24	0.014803	0.016724	0.016957	0.013570	260706
RCN_USD	2019-02-23	0.016724	0.018450	0.018743	0.015853	727539
RCN_USD	2019-02-22	0.018450	0.015610	0.019813	0.015445	1786909
RCN_USD	2019-02-21	0.015610	0.011823	0.016599	0.011823	533364
RCN_USD	2019-02-20	0.011823	0.012066	0.012066	0.011680	71966
RCN_USD	2019-02-19	0.012066	0.011810	0.012147	0.011810	50249
RCN_USD	2019-02-18	0.011810	0.012196	0.012196	0.011677	81590
RCN_USD	2019-02-17	0.012196	0.012182	0.012196	0.012176	41916
RCN_USD	2019-02-16	0.012182	0.011816	0.012200	0.011816	42364
RCN_USD	2019-02-15	0.011816	0.011259	0.011816	0.011211	59312
RCN_USD	2019-02-14	0.011259	0.011477	0.012147	0.011248	101559
RCN_USD	2019-02-13	0.011477	0.011104	0.011477	0.010739	72729
RCN_USD	2019-02-12	0.011104	0.012098	0.012199	0.011104	266008
RCN_USD	2019-02-11	0.012098	0.011798	0.012098	0.011798	46575
RCN_USD	2019-02-10	0.011798	0.011391	0.011798	0.011131	69860
RCN_USD	2019-02-09	0.011391	0.012196	0.012196	0.011118	218476
RCN_USD	2019-02-08	0.012196	0.012200	0.012200	0.012196	41904
RCN_USD	2019-02-07	0.012200	0.010815	0.012200	0.010815	41805
RCN_USD	2019-02-06	0.010815	0.011376	0.011866	0.010734	122733
RCN_USD	2019-02-05	0.011376	0.012176	0.012200	0.011376	68792
RCN_USD	2019-02-04	0.012176	0.011977	0.012176	0.011977	42305
RCN_USD	2019-02-03	0.011977	0.011483	0.011977	0.011483	47045
RCN_USD	2019-02-02	0.011483	0.011898	0.011989	0.011483	67145
RCN_USD	2019-02-01	0.011898	0.010693	0.011930	0.010447	52327
RCN_USD	2019-01-31	0.010693	0.012153	0.012153	0.010693	202262
RCN_USD	2019-01-30	0.012153	0.011931	0.012153	0.011766	44103
RCN_USD	2019-01-29	0.011931	0.011539	0.011965	0.011539	67951
RCN_USD	2019-01-28	0.011539	0.011760	0.012496	0.011149	79225
RCN_USD	2019-01-27	0.011760	0.012200	0.012200	0.011470	156508
RCN_USD	2019-01-26	0.012200	0.012166	0.012863	0.012010	114556
RCN_USD	2019-01-25	0.012166	0.012010	0.012195	0.012008	44858
RCN_USD	2019-01-24	0.012010	0.012054	0.012068	0.011630	67428
RCN_USD	2019-01-23	0.012054	0.012294	0.012452	0.012054	81241
RCN_USD	2019-01-22	0.012294	0.012746	0.012746	0.012294	60927
RCN_USD	2019-01-21	0.012746	0.012937	0.013741	0.012286	467057
RCN_USD	2019-01-20	0.012937	0.012510	0.013177	0.011962	159001
RCN_USD	2019-01-19	0.012510	0.012466	0.012965	0.012160	185960
RCN_USD	2019-01-18	0.012466	0.011850	0.012710	0.011688	373248
RCN_USD	2019-01-17	0.011850	0.011798	0.011881	0.011562	61282
RCN_USD	2019-01-16	0.011798	0.012434	0.012435	0.011183	98355
RCN_USD	2019-01-15	0.012434	0.011269	0.012434	0.010675	188958
RCN_USD	2019-01-14	0.011269	0.011237	0.014549	0.010942	272773
RCN_USD	2019-01-13	0.011237	0.010827	0.011298	0.010610	80595
RCN_USD	2019-01-12	0.010827	0.011395	0.011528	0.010300	295137
RCN_USD	2019-01-11	0.011395	0.010343	0.011395	0.010150	84172
RCN_USD	2019-01-10	0.010343	0.012207	0.012207	0.010001	360754
RCN_USD	2019-01-09	0.012207	0.012204	0.012500	0.012204	41928
RCN_USD	2019-01-08	0.012204	0.012227	0.012300	0.012200	42305
RCN_USD	2019-01-07	0.012227	0.012027	0.012505	0.012027	57571
RCN_USD	2019-01-06	0.012027	0.012200	0.012200	0.012009	53346
RCN_USD	2019-01-05	0.012200	0.012197	0.012200	0.011400	690
RCN_USD	2019-01-04	0.012197	0.012128	0.012235	0.011800	42089
RCN_USD	2019-01-03	0.012128	0.012627	0.012627	0.012029	50917
RCN_USD	2019-01-02	0.012627	0.012249	0.012631	0.012002	286121
RCN_USD	2019-01-01	0.012249	0.011420	0.012249	0.010913	81819
RCN_USD	2018-12-31	0.011420	0.012181	0.012509	0.011100	189831
RCN_USD	2018-12-30	0.012181	0.012179	0.012181	0.012158	43151
RCN_USD	2018-12-29	0.012179	0.012200	0.012200	0.012179	43616
RCN_USD	2018-12-28	0.012200	0.011491	0.012200	0.010400	93442
RCN_USD	2018-12-27	0.011491	0.011844	0.012288	0.011491	91989
RCN_USD	2018-12-26	0.011844	0.011788	0.012289	0.011766	145245
RCN_USD	2018-12-25	0.011788	0.013881	0.013885	0.011712	62861
RCN_USD	2018-12-24	0.013881	0.013700	0.015730	0.013700	45567
RCN_USD	2018-12-23	0.013700	0.013577	0.013960	0.013532	43022
RCN_USD	2018-12-22	0.013577	0.012850	0.014169	0.012445	501647
RCN_USD	2018-12-21	0.012850	0.012947	0.013309	0.012705	122167
RCN_USD	2018-12-20	0.012947	0.012429	0.013345	0.011771	130991
RCN_USD	2018-12-19	0.012429	0.012037	0.013753	0.012031	142041
RCN_USD	2018-12-18	0.012037	0.012116	0.012659	0.011967	228842
RCN_USD	2018-12-17	0.012116	0.010900	0.012210	0.010820	71476
RCN_USD	2018-12-16	0.010900	0.010809	0.011166	0.010677	72155
RCN_USD	2018-12-15	0.010809	0.010603	0.011536	0.010444	99079
RCN_USD	2018-12-14	0.010603	0.011154	0.011391	0.010601	25667
RCN_USD	2018-12-13	0.011154	0.011764	0.011764	0.010650	42253
RCN_USD	2018-12-12	0.011764	0.011617	0.011764	0.011313	5413
RCN_USD	2018-12-11	0.011617	0.011800	0.011816	0.011617	10225
RCN_USD	2018-12-10	0.011800	0.011996	0.012582	0.011800	34151
RCN_USD	2018-12-09	0.011996	0.011532	0.012100	0.011532	25414
RCN_USD	2018-12-08	0.011532	0.010933	0.012300	0.010933	169399
RCN_USD	2018-12-07	0.010933	0.013451	0.013504	0.010929	56139
RCN_USD	2018-12-06	0.013451	0.015703	0.015703	0.013451	266431
RCN_USD	2018-12-05	0.015703	0.017469	0.019566	0.015700	429949
RCN_USD	2018-12-04	0.017469	0.015388	0.017688	0.015386	99231
RCN_USD	2018-12-03	0.015388	0.017766	0.017778	0.015106	104283
RCN_USD	2018-12-02	0.017766	0.017623	0.017766	0.017041	40483
RCN_USD	2018-12-01	0.017623	0.014935	0.017868	0.014935	80647
RCN_USD	2018-11-30	0.014935	0.016469	0.016680	0.014550	147133
RCN_USD	2018-11-29	0.016469	0.017516	0.018244	0.016400	105130
RCN_USD	2018-11-28	0.017516	0.013347	0.019386	0.013347	277479
RCN_USD	2018-11-27	0.013347	0.014222	0.014336	0.012811	328729
RCN_USD	2018-11-26	0.014222	0.013437	0.014900	0.013200	335631
RCN_USD	2018-11-25	0.013437	0.013410	0.013503	0.012453	103073
RCN_USD	2018-11-24	0.013410	0.015000	0.015281	0.013187	263399
RCN_USD	2018-11-23	0.015000	0.015169	0.015169	0.013886	125459
RCN_USD	2018-11-22	0.015169	0.015994	0.016927	0.015092	283030
RCN_USD	2018-11-21	0.015994	0.015182	0.017180	0.014801	32138
RCN_USD	2018-11-20	0.015182	0.018392	0.026703	0.015166	690374
RCN_USD	2018-11-19	0.018392	0.025033	0.025035	0.018016	652359
RCN_USD	2018-11-18	0.025033	0.024320	0.025151	0.021937	411592
RCN_USD	2018-11-17	0.024320	0.022480	0.024320	0.022280	218455
RCN_USD	2018-11-16	0.022480	0.024087	0.024300	0.022480	334768
RCN_USD	2018-11-15	0.024087	0.025857	0.028829	0.022120	943497
RCN_USD	2018-11-14	0.025857	0.031588	0.031588	0.024399	937369
RCN_USD	2018-11-13	0.031588	0.033255	0.033582	0.031500	169974
RCN_USD	2018-11-12	0.033255	0.033517	0.033775	0.032389	65204
RCN_USD	2018-11-11	0.033517	0.033420	0.033871	0.031987	80853
RCN_USD	2018-11-10	0.033420	0.034847	0.035091	0.033323	69189
RCN_USD	2018-11-09	0.034847	0.037325	0.039166	0.034454	1050671
RCN_USD	2018-11-08	0.037325	0.034793	0.037943	0.034793	465422
RCN_USD	2018-11-07	0.034793	0.033925	0.036517	0.033924	686223
RCN_USD	2018-11-06	0.033925	0.032367	0.037724	0.031446	939151
RCN_USD	2018-11-05	0.032367	0.031160	0.032524	0.030541	197301
RCN_USD	2018-11-04	0.031160	0.033593	0.033593	0.031160	126826
RCN_USD	2018-11-03	0.033593	0.034769	0.034785	0.033246	116793
RCN_USD	2018-11-02	0.034769	0.034236	0.035597	0.034236	446302
RCN_USD	2018-11-01	0.034236	0.032862	0.037650	0.032434	490829
RCN_USD	2018-10-31	0.032862	0.033343	0.033634	0.030529	95938
RCN_USD	2018-10-30	0.033343	0.031600	0.035780	0.030484	453545
RCN_USD	2018-10-29	0.031600	0.034296	0.035296	0.031500	351182
RCN_USD	2018-10-28	0.034296	0.034293	0.041346	0.033900	2951463
RCN_USD	2018-10-27	0.034293	0.028900	0.044569	0.027495	1744623
RCN_USD	2018-10-26	0.028900	0.029400	0.029888	0.028786	151429
RCN_USD	2018-10-25	0.029400	0.031400	0.031400	0.029400	419373
RCN_USD	2018-10-24	0.031400	0.030064	0.032362	0.030037	314922
RCN_USD	2018-10-23	0.030064	0.031768	0.031768	0.029822	44834
RCN_USD	2018-10-22	0.031768	0.031417	0.032218	0.029921	363881
RCN_USD	2018-10-21	0.031417	0.029543	0.035154	0.029413	448304
RCN_USD	2018-10-20	0.029543	0.028354	0.029900	0.028097	129927
RCN_USD	2018-10-19	0.028354	0.027733	0.028676	0.027290	262005
RCN_USD	2018-10-18	0.027733	0.029936	0.030689	0.027733	469693
RCN_USD	2018-10-17	0.029936	0.028103	0.030754	0.027948	534229
RCN_USD	2018-10-16	0.028103	0.027016	0.028832	0.027016	105872
RCN_USD	2018-10-15	0.027016	0.027700	0.029729	0.026842	216925
RCN_USD	2018-10-14	0.027700	0.027508	0.029047	0.026592	392949
RCN_USD	2018-10-13	0.027508	0.026400	0.027965	0.025787	90161
RCN_USD	2018-10-12	0.026400	0.025070	0.026994	0.024097	199555
RCN_USD	2018-10-11	0.025070	0.031740	0.033587	0.025070	587853
RCN_USD	2018-10-10	0.031740	0.030681	0.032051	0.029237	405153
RCN_USD	2018-10-09	0.030681	0.029296	0.030681	0.029231	140113
RCN_USD	2018-10-08	0.029296	0.028300	0.029400	0.028102	41184
RCN_USD	2018-10-07	0.028300	0.029914	0.030155	0.028013	343102
RCN_USD	2018-10-06	0.029914	0.030652	0.031693	0.027771	446270
RCN_USD	2018-10-05	0.030652	0.028611	0.031260	0.028111	700990
RCN_USD	2018-10-04	0.028611	0.027515	0.028644	0.026468	298140
RCN_USD	2018-10-03	0.027515	0.027412	0.027733	0.025182	432449
RCN_USD	2018-10-02	0.027412	0.027414	0.028242	0.027100	127228
RCN_USD	2018-10-01	0.027414	0.028524	0.028706	0.026776	646195
RCN_USD	2018-09-30	0.028524	0.028532	0.029200	0.028104	172138
RCN_USD	2018-09-29	0.028532	0.027942	0.029060	0.027925	259476
RCN_USD	2018-09-28	0.027942	0.027900	0.029520	0.026588	400120
RCN_USD	2018-09-27	0.027900	0.027173	0.027968	0.025950	91274
RCN_USD	2018-09-26	0.027173	0.027191	0.029756	0.026200	535699
RCN_USD	2018-09-25	0.027191	0.027200	0.028638	0.025124	315571
RCN_USD	2018-09-24	0.027200	0.029932	0.029938	0.027026	389765
RCN_USD	2018-09-23	0.029932	0.029288	0.036167	0.029288	381993
RCN_USD	2018-09-22	0.029288	0.029043	0.031294	0.027704	336627
RCN_USD	2018-09-21	0.029043	0.028850	0.029796	0.027163	1584204
RCN_USD	2018-09-20	0.028850	0.028270	0.030958	0.026308	867347
RCN_USD	2018-09-19	0.028270	0.034265	0.034265	0.025831	1885560
RCN_USD	2018-09-18	0.034265	0.022326	0.037360	0.022097	4005291
RCN_USD	2018-09-17	0.022326	0.025536	0.032642	0.021716	1570431
RCN_USD	2018-09-16	0.025536	0.023258	0.028992	0.021638	1932741
RCN_USD	2018-09-15	0.023258	0.020399	0.024519	0.020399	599328
RCN_USD	2018-09-14	0.020399	0.020700	0.020700	0.019007	513811
RCN_USD	2018-09-13	0.020700	0.018669	0.021875	0.018669	403461
RCN_USD	2018-09-12	0.018669	0.019818	0.019819	0.017046	119645
RCN_USD	2018-09-11	0.019818	0.020667	0.020897	0.018096	558651
RCN_USD	2018-09-10	0.020667	0.019653	0.022544	0.019587	615522
RCN_USD	2018-09-09	0.019653	0.018355	0.020214	0.017456	460872
RCN_USD	2018-09-08	0.018355	0.019318	0.020332	0.017988	344501
RCN_USD	2018-09-07	0.019318	0.019597	0.028012	0.018636	3032920
RCN_USD	2018-09-06	0.019598	0.019226	0.020353	0.018548	248793
RCN_USD	2018-09-05	0.019226	0.022844	0.024017	0.019226	690854
RCN_USD	2018-09-04	0.022844	0.022039	0.023464	0.021685	242233
RCN_USD	2018-09-03	0.022039	0.022579	0.022658	0.021711	198688
RCN_USD	2018-09-02	0.022579	0.022478	0.023516	0.021467	424282
RCN_USD	2018-09-01	0.022478	0.022020	0.023154	0.021870	123674
RCN_USD	2018-08-31	0.022020	0.019940	0.023039	0.019650	271610
RCN_USD	2018-08-30	0.019940	0.020929	0.020929	0.019325	190571
RCN_USD	2018-08-29	0.020929	0.023110	0.023505	0.020204	564852
RCN_USD	2018-08-28	0.023110	0.021870	0.023465	0.021785	634584
RCN_USD	2018-08-27	0.021870	0.021587	0.022577	0.020809	262481
RCN_USD	2018-08-26	0.021587	0.019669	0.023240	0.018551	254361
RCN_USD	2018-08-25	0.019669	0.019268	0.019874	0.019097	164978
RCN_USD	2018-08-24	0.019268	0.018836	0.020023	0.018030	114583
RCN_USD	2018-08-23	0.018836	0.018045	0.018843	0.017463	60839
RCN_USD	2018-08-22	0.018045	0.018985	0.020235	0.018045	112309
RCN_USD	2018-08-21	0.018985	0.018487	0.024662	0.018475	306777
RCN_USD	2018-08-20	0.018487	0.021010	0.022083	0.018487	1048447
RCN_USD	2018-08-19	0.021010	0.020562	0.022376	0.020562	18031
RCN_USD	2018-08-18	0.020562	0.021943	0.022753	0.020504	232589
RCN_USD	2018-08-17	0.021943	0.019241	0.022063	0.018892	475233
RCN_USD	2018-08-16	0.019241	0.017591	0.020186	0.017162	370949
RCN_USD	2018-08-15	0.017591	0.017075	0.021212	0.016424	646252
RCN_USD	2018-08-14	0.017075	0.021053	0.021053	0.016689	85776
RCN_USD	2018-08-13	0.021053	0.022425	0.025081	0.020110	293025
RCN_USD	2018-08-12	0.022425	0.023840	0.023843	0.022424	81508
RCN_USD	2018-08-11	0.023840	0.025231	0.026499	0.021149	512700
RCN_USD	2018-08-10	0.025231	0.029022	0.029204	0.024851	388047
RCN_USD	2018-08-09	0.029022	0.027770	0.029196	0.026263	276251
RCN_USD	2018-08-08	0.027770	0.031460	0.031654	0.027529	29556
RCN_USD	2018-08-07	0.031460	0.032867	0.035849	0.031460	94929
RCN_USD	2018-08-06	0.032867	0.032870	0.034543	0.031943	252442
RCN_USD	2018-08-05	0.032870	0.031265	0.036343	0.031013	97187
RCN_USD	2018-08-04	0.031265	0.033964	0.035070	0.031015	118734
RCN_USD	2018-08-03	0.033964	0.036647	0.036647	0.032490	64080
RCN_USD	2018-08-02	0.036647	0.038400	0.039561	0.035401	246903
RCN_USD	2018-08-01	0.038400	0.042041	0.042041	0.037701	322969
RCN_USD	2018-07-31	0.042041	0.046861	0.048253	0.042041	318547
RCN_USD	2018-07-30	0.046861	0.047192	0.052885	0.045871	333681
RCN_USD	2018-07-29	0.047192	0.045041	0.052055	0.042842	307989
RCN_USD	2018-07-28	0.045041	0.044961	0.047400	0.044472	141844
RCN_USD	2018-07-27	0.044961	0.042935	0.045483	0.040316	172968
RCN_USD	2018-07-26	0.042935	0.044598	0.045686	0.042680	279328
RCN_USD	2018-07-25	0.044598	0.046449	0.046588	0.042796	289221
RCN_USD	2018-07-24	0.046449	0.043629	0.046556	0.041561	252049
RCN_USD	2018-07-23	0.043629	0.043634	0.053000	0.041914	648189
RCN_USD	2018-07-22	0.043634	0.042257	0.044595	0.040353	151997
RCN_USD	2018-07-21	0.042257	0.041781	0.043400	0.040252	206093
RCN_USD	2018-07-20	0.041781	0.047459	0.047459	0.041781	235043
RCN_USD	2018-07-19	0.047459	0.050558	0.060663	0.042961	791691
RCN_USD	2018-07-18	0.050558	0.048542	0.055323	0.048542	589278
RCN_USD	2018-07-17	0.048542	0.045954	0.048804	0.045279	103901
RCN_USD	2018-07-16	0.045954	0.042963	0.047550	0.042211	231791
RCN_USD	2018-07-15	0.042963	0.041365	0.043055	0.041292	121431
RCN_USD	2018-07-14	0.041365	0.040831	0.043427	0.040395	151532
RCN_USD	2018-07-13	0.040831	0.041929	0.046450	0.040799	138010
RCN_USD	2018-07-12	0.041929	0.043607	0.044627	0.039424	119627
RCN_USD	2018-07-11	0.043607	0.043353	0.046379	0.039603	258744
RCN_USD	2018-07-10	0.043353	0.050447	0.054684	0.040956	904665
RCN_USD	2018-07-09	0.050447	0.053159	0.053159	0.048116	304038
RCN_USD	2018-07-08	0.053159	0.050344	0.054673	0.049521	349182
RCN_USD	2018-07-07	0.050344	0.050503	0.054406	0.048283	467932
RCN_USD	2018-07-06	0.050503	0.050374	0.056901	0.048531	169387
RCN_USD	2018-07-05	0.050374	0.053331	0.057063	0.048320	405315
RCN_USD	2018-07-04	0.053331	0.050889	0.056969	0.048077	632266
RCN_USD	2018-07-03	0.050889	0.052737	0.056587	0.050033	970125
RCN_USD	2018-07-02	0.052737	0.046644	0.058600	0.044300	1094745
RCN_USD	2018-07-01	0.046644	0.043454	0.049472	0.042321	781471
RCN_USD	2018-06-30	0.042108	0.039117	0.045700	0.039117	332703
RCN_USD	2018-06-29	0.039123	0.038525	0.041472	0.037781	275676
RCN_USD	2018-06-28	0.038362	0.042662	0.044632	0.038083	346817
RCN_USD	2018-06-27	0.042662	0.043689	0.044552	0.040754	177890
RCN_USD	2018-06-26	0.043868	0.049047	0.049952	0.043868	167800
RCN_USD	2018-06-25	0.049046	0.043140	0.054598	0.041185	694442
RCN_USD	2018-06-24	0.043132	0.046787	0.048620	0.040000	207600
RCN_USD	2018-06-23	0.046786	0.047421	0.049095	0.044885	187396
RCN_USD	2018-06-22	0.046138	0.053938	0.053980	0.046138	168899
RCN_USD	2018-06-21	0.053938	0.057193	0.057737	0.052663	168406
RCN_USD	2018-06-20	0.057204	0.057641	0.057641	0.055178	45164
RCN_USD	2018-06-19	0.057448	0.058400	0.060293	0.056183	162865
RCN_USD	2018-06-18	0.058400	0.057211	0.058534	0.054744	251888
RCN_USD	2018-06-17	0.057213	0.058829	0.060457	0.057213	122484
RCN_USD	2018-06-16	0.059153	0.060087	0.060547	0.056923	78939
RCN_USD	2018-06-15	0.059968	0.063407	0.063407	0.058313	255456
RCN_USD	2018-06-14	0.063591	0.051662	0.070706	0.051453	546009
RCN_USD	2018-06-13	0.051669	0.056183	0.057279	0.051553	56973
RCN_USD	2018-06-12	0.056203	0.065444	0.065924	0.055458	171015
RCN_USD	2018-06-11	0.064429	0.067221	0.067293	0.061540	173277
RCN_USD	2018-06-10	0.067221	0.080390	0.080390	0.066353	729444
RCN_USD	2018-06-09	0.080165	0.082062	0.083297	0.079893	172806
RCN_USD	2018-06-08	0.082062	0.082251	0.084161	0.080132	453689
RCN_USD	2018-06-07	0.082251	0.084528	0.084645	0.081753	55467
RCN_USD	2018-06-06	0.084525	0.086403	0.090781	0.080909	304343
RCN_USD	2018-06-05	0.086272	0.084900	0.086814	0.081536	331808
RCN_USD	2018-06-04	0.084900	0.090601	0.091705	0.082488	523182
RCN_USD	2018-06-03	0.090443	0.091646	0.102742	0.087809	929999
RCN_USD	2018-06-02	0.091646	0.093874	0.095797	0.090891	294275
RCN_USD	2018-06-01	0.094055	0.086704	0.095659	0.078825	1119302
RCN_USD	2018-05-31	0.086321	0.081416	0.088370	0.075576	268327
RCN_USD	2018-05-30	0.080962	0.085794	0.088389	0.080844	201355
RCN_USD	2018-05-29	0.085794	0.081131	0.085794	0.077583	386966
RCN_USD	2018-05-28	0.078923	0.089238	0.089409	0.077854	285997
RCN_USD	2018-05-27	0.086399	0.089119	0.089119	0.084584	118265
RCN_USD	2018-05-26	0.089209	0.088680	0.092518	0.085888	185551
RCN_USD	2018-05-25	0.088680	0.090069	0.092671	0.086092	244356
RCN_USD	2018-05-24	0.090069	0.088282	0.096067	0.083555	507304
RCN_USD	2018-05-23	0.085918	0.100116	0.102970	0.084952	1003050
RCN_USD	2018-05-22	0.101215	0.109194	0.111652	0.101215	233739
RCN_USD	2018-05-21	0.109194	0.115950	0.116140	0.109139	358171
RCN_USD	2018-05-20	0.115950	0.114322	0.118114	0.112183	352294
RCN_USD	2018-05-19	0.114322	0.111138	0.121638	0.108254	769669
RCN_USD	2018-05-18	0.111138	0.111212	0.113766	0.103317	799140
RCN_USD	2018-05-17	0.111989	0.119450	0.122872	0.111212	564117
RCN_USD	2018-05-16	0.119446	0.120533	0.121006	0.100838	529346
RCN_USD	2018-05-15	0.120397	0.132917	0.135723	0.120000	744704
RCN_USD	2018-05-14	0.132889	0.129459	0.140626	0.117625	2143186
RCN_USD	2018-05-13	0.129459	0.114312	0.131460	0.107527	642433
RCN_USD	2018-05-12	0.115956	0.114451	0.123594	0.101002	663832
RCN_USD	2018-05-11	0.114451	0.130000	0.130000	0.097563	1367775
RCN_USD	2018-05-10	0.130000	0.138158	0.146176	0.130000	1035067
RCN_USD	2018-05-09	0.138158	0.143664	0.143664	0.131970	748690
RCN_USD	2018-05-08	0.143664	0.152583	0.153766	0.140133	920629
RCN_USD	2018-05-07	0.149112	0.158790	0.159322	0.141658	1217966
RCN_USD	2018-05-06	0.158790	0.175896	0.179203	0.152007	2072323
RCN_USD	2018-05-05	0.176703	0.166924	0.189143	0.166121	2734683
RCN_USD	2018-05-04	0.166924	0.166208	0.192583	0.161862	3426897
RCN_USD	2018-05-03	0.165231	0.151390	0.177911	0.149244	2478075
RCN_USD	2018-05-02	0.151390	0.149529	0.162858	0.140871	832820
RCN_USD	2018-05-01	0.149529	0.155825	0.155825	0.136254	623989
RCN_USD	2018-04-30	0.155825	0.157498	0.162660	0.148642	527099
RCN_USD	2018-04-29	0.157498	0.160484	0.160484	0.125996	906814
RCN_USD	2018-04-28	0.160484	0.135544	0.163115	0.124576	1643062
RCN_USD	2018-04-27	0.135544	0.137713	0.144422	0.135544	769452
RCN_USD	2018-04-26	0.137713	0.127374	0.138293	0.122652	318155
RCN_USD	2018-04-25	0.127374	0.157225	0.157225	0.119969	945229
RCN_USD	2018-04-24	0.157225	0.142234	0.188600	0.142217	902812
RCN_USD	2018-04-23	0.142234	0.147254	0.155544	0.141203	415071
RCN_USD	2018-04-22	0.147254	0.130345	0.170377	0.127713	879043
RCN_USD	2018-04-21	0.130345	0.137949	0.141887	0.120423	594457
RCN_USD	2018-04-20	0.137949	0.137606	0.144130	0.131941	894966
RCN_USD	2018-04-19	0.137606	0.125390	0.143217	0.123495	490752
RCN_USD	2018-04-18	0.125390	0.117708	0.127400	0.117451	210268
RCN_USD	2018-04-17	0.117708	0.117670	0.125161	0.114730	110655
RCN_USD	2018-04-16	0.117670	0.127362	0.127978	0.115195	271697
RCN_USD	2018-04-15	0.127362	0.116457	0.131561	0.116457	361793
RCN_USD	2018-04-14	0.116457	0.110169	0.121364	0.106832	307609
RCN_USD	2018-04-13	0.110169	0.108804	0.123336	0.104700	1090744
RCN_USD	2018-04-12	0.108804	0.100104	0.112432	0.092795	460569
RCN_USD	2018-04-11	0.100104	0.093952	0.103177	0.093947	150309
RCN_USD	2018-04-10	0.093952	0.093082	0.096198	0.091021	246018
RCN_USD	2018-04-09	0.093082	0.100954	0.114738	0.091046	1086003
RCN_USD	2018-04-08	0.100954	0.083667	0.103667	0.083667	615292
RCN_USD	2018-04-07	0.083667	0.080002	0.097164	0.080002	56760
RCN_USD	2018-04-06	0.080002	0.087406	0.087406	0.077662	27130
RCN_USD	2018-04-05	0.087406	0.085526	0.087406	0.080124	16641
RCN_USD	2018-04-04	0.085526	0.088750	0.089994	0.084088	141395
RCN_USD	2018-04-03	0.088750	0.082308	0.089265	0.081445	280389
RCN_USD	2018-04-02	0.082308	0.076196	0.087161	0.076196	114774
RCN_USD	2018-04-01	0.076196	0.085954	0.085954	0.070898	104244
RCN_USD	2018-03-31	0.085954	0.079045	0.086303	0.075287	92699
RCN_USD	2018-03-30	0.079045	0.087314	0.087314	0.075598	29784
RCN_USD	2018-03-29	0.087314	0.095387	0.099417	0.087289	300977
RCN_USD	2018-03-28	0.095387	0.093829	0.105305	0.090397	277537
RCN_USD	2018-03-27	0.093829	0.100772	0.103159	0.093781	376094
RCN_USD	2018-03-26	0.100772	0.120204	0.120204	0.097151	158720
RCN_USD	2018-03-25	0.120204	0.101775	0.140643	0.098542	341719
RCN_USD	2018-03-24	0.101775	0.099999	0.104552	0.096728	73803
RCN_USD	2018-03-23	0.099999	0.102339	0.105011	0.089754	204083
RCN_USD	2018-03-22	0.102339	0.101042	0.112793	0.101042	115137
RCN_USD	2018-03-21	0.101042	0.098657	0.111235	0.098285	264196
RCN_USD	2018-03-20	0.098657	0.094373	0.098683	0.085964	179427
RCN_USD	2018-03-19	0.094373	0.079820	0.094374	0.072813	107366
RCN_USD	2018-03-18	0.079820	0.089755	0.089755	0.070077	300306
RCN_USD	2018-03-17	0.089755	0.104410	0.104410	0.089755	61080
RCN_USD	2018-03-16	0.104410	0.113360	0.113360	0.094143	369984
RCN_USD	2018-03-15	0.113360	0.091600	0.113468	0.087658	231442
RCN_USD	2018-03-14	0.091603	0.102751	0.119181	0.091603	93964
RCN_USD	2018-03-13	0.102749	0.105836	0.112159	0.102156	30681
RCN_USD	2018-03-12	0.105838	0.110687	0.117625	0.105079	92396
RCN_USD	2018-03-11	0.110687	0.105533	0.112090	0.094340	97736
RCN_USD	2018-03-10	0.105533	0.115531	0.120394	0.103515	93266
RCN_USD	2018-03-09	0.115534	0.113945	0.115534	0.089301	152840
RCN_USD	2018-03-08	0.113945	0.122088	0.127319	0.111865	52903
RCN_USD	2018-03-07	0.122088	0.142955	0.145527	0.118082	101654
RCN_USD	2018-03-06	0.142955	0.145691	0.160000	0.140408	164146
RCN_USD	2018-03-05	0.145691	0.143235	0.153467	0.139838	110400
RCN_USD	2018-03-04	0.143235	0.145218	0.145218	0.136337	56993
RCN_USD	2018-03-03	0.145217	0.150977	0.157974	0.140826	308134
RCN_USD	2018-03-02	0.150977	0.141552	0.155725	0.137176	172136
RCN_USD	2018-03-01	0.141552	0.136437	0.151512	0.129808	195448
RCN_USD	2018-02-28	0.136437	0.144371	0.148946	0.133947	113961
RCN_USD	2018-02-27	0.144371	0.152350	0.152350	0.141011	34693
RCN_USD	2018-02-26	0.152350	0.139550	0.155070	0.136422	129858
RCN_USD	2018-02-25	0.139550	0.138369	0.151694	0.135824	178291
RCN_USD	2018-02-24	0.138369	0.150900	0.155656	0.138369	304945
RCN_USD	2018-02-23	0.150900	0.147721	0.159556	0.144938	61812
RCN_USD	2018-02-22	0.147721	0.156475	0.173464	0.147721	70385
RCN_USD	2018-02-21	0.156475	0.156372	0.177055	0.152391	163806
RCN_USD	2018-02-20	0.156372	0.179845	0.182200	0.156372	394877
RCN_USD	2018-02-19	0.179845	0.180332	0.194044	0.178894	128570
RCN_USD	2018-02-18	0.180332	0.206343	0.207165	0.165848	89627
RCN_USD	2018-02-17	0.206343	0.200312	0.206350	0.189079	164076
RCN_USD	2018-02-16	0.200312	0.184827	0.200312	0.183670	56635
RCN_USD	2018-02-15	0.184827	0.191406	0.191470	0.179392	50951
RCN_USD	2018-02-14	0.191406	0.184164	0.191406	0.177166	45119
RCN_USD	2018-02-13	0.184164	0.189840	0.189889	0.172307	22166
RCN_USD	2018-02-12	0.189840	0.173178	0.192995	0.173178	39719
RCN_USD	2018-02-11	0.173178	0.171790	0.181449	0.159720	110607
RCN_USD	2018-02-10	0.171790	0.185151	0.190434	0.166098	134796
RCN_USD	2018-02-09	0.185151	0.177987	0.187934	0.155828	136484
RCN_USD	2018-02-08	0.177987	0.159302	0.178871	0.154028	91651
RCN_USD	2018-02-07	0.159302	0.163580	0.190401	0.150611	276986
RCN_USD	2018-02-06	0.163580	0.136727	0.174803	0.113435	278501
RCN_USD	2018-02-05	0.136727	0.166588	0.191410	0.132514	399080
RCN_USD	2018-02-04	0.166588	0.208533	0.213310	0.164530	591795
RCN_USD	2018-02-03	0.208533	0.191540	0.218626	0.179954	132374
RCN_USD	2018-02-02	0.191540	0.211233	0.211233	0.158726	257291
