RCT_USD	2019-04-09	0.002841	0.002861	0.002865	0.002788	0
RCT_USD	2019-04-08	0.002867	0.002939	0.003112	0.002771	0
RCT_USD	2019-04-07	0.002948	0.002888	0.002967	0.002695	0
RCT_USD	2019-04-06	0.002885	0.002866	0.003009	0.002655	0
RCT_USD	2019-04-05	0.002871	0.002903	0.003057	0.002443	0
RCT_USD	2019-04-04	0.002902	0.002950	0.003047	0.002789	0
RCT_USD	2019-04-03	0.002940	0.003050	0.003316	0.002789	0
RCT_USD	2019-04-02	0.003050	0.002650	0.003099	0.002585	0
RCT_USD	2019-04-01	0.002656	0.002722	0.002753	0.002622	0
RCT_USD	2019-03-31	0.002723	0.002782	0.002851	0.002661	0
RCT_USD	2019-03-30	0.002782	0.002902	0.002945	0.002748	0
RCT_USD	2019-03-29	0.002902	0.002857	0.002966	0.002748	0
RCT_USD	2019-03-28	0.002857	0.002849	0.002976	0.002693	0
RCT_USD	2019-03-27	0.002849	0.002797	0.002918	0.002736	0
RCT_USD	2019-03-26	0.002797	0.002801	0.002864	0.002718	0
RCT_USD	2019-03-25	0.002801	0.002789	0.002960	0.002669	0
RCT_USD	2019-03-24	0.002789	0.002909	0.003013	0.002784	0
RCT_USD	2019-03-23	0.002909	0.002866	0.002944	0.002859	0
RCT_USD	2019-03-22	0.002866	0.003075	0.003158	0.002862	0
RCT_USD	2019-03-21	0.003075	0.003234	0.003250	0.003051	0
RCT_USD	2019-03-20	0.003232	0.003134	0.003247	0.003100	0
RCT_USD	2019-03-19	0.003137	0.003199	0.003259	0.003113	0
RCT_USD	2019-03-18	0.003199	0.003164	0.003270	0.003148	0
RCT_USD	2019-03-17	0.003164	0.003308	0.003308	0.003106	0
RCT_USD	2019-03-16	0.003308	0.003134	0.003412	0.003134	0
RCT_USD	2019-03-15	0.003133	0.003031	0.003232	0.002947	0
RCT_USD	2019-03-14	0.003033	0.002918	0.003358	0.002780	0
RCT_USD	2019-03-13	0.002918	0.002836	0.003097	0.002734	0
RCT_USD	2019-03-12	0.002836	0.002696	0.002849	0.002622	0
RCT_USD	2019-03-11	0.002695	0.002764	0.002938	0.002638	0
RCT_USD	2019-03-10	0.002764	0.002778	0.003186	0.002731	0
RCT_USD	2019-03-09	0.002777	0.002612	0.002880	0.002572	0
RCT_USD	2019-03-08	0.002612	0.002654	0.002729	0.002546	0
RCT_USD	2019-03-07	0.002655	0.002726	0.002768	0.002632	0
RCT_USD	2019-03-06	0.002725	0.002799	0.002849	0.002698	0
RCT_USD	2019-03-05	0.002796	0.002514	0.002856	0.002503	0
RCT_USD	2019-03-04	0.002514	0.002635	0.002647	0.002490	0
RCT_USD	2019-03-03	0.002632	0.002640	0.002726	0.002583	0
RCT_USD	2019-03-02	0.002640	0.002545	0.002647	0.002430	0
RCT_USD	2019-03-01	0.002547	0.002667	0.002690	0.002511	0
RCT_USD	2019-02-28	0.002668	0.002677	0.002794	0.002655	0
RCT_USD	2019-02-27	0.002677	0.002945	0.003052	0.002518	0
RCT_USD	2019-02-26	0.002950	0.002797	0.003045	0.002768	0
RCT_USD	2019-02-25	0.002798	0.002729	0.002881	0.002641	0
RCT_USD	2019-02-24	0.002725	0.003232	0.003474	0.002725	0
RCT_USD	2019-02-23	0.003236	0.003195	0.003284	0.003035	0
RCT_USD	2019-02-22	0.003201	0.003381	0.003423	0.002908	0
RCT_USD	2019-02-21	0.003382	0.003661	0.003670	0.003125	0
RCT_USD	2019-02-20	0.003675	0.003325	0.003688	0.003206	0
