RDN_USD	2019-04-09	0.31770	0.33682	0.33690	0.31744	51187
RDN_USD	2019-04-08	0.33682	0.34925	0.36673	0.32835	79347
RDN_USD	2019-04-07	0.34925	0.35138	0.35935	0.34127	71191
RDN_USD	2019-04-06	0.35138	0.30972	0.35138	0.30565	55927
RDN_USD	2019-04-05	0.30972	0.34674	0.35688	0.30843	26958
RDN_USD	2019-04-04	0.34674	0.33493	0.36816	0.32897	55094
RDN_USD	2019-04-03	0.33493	0.32870	0.36772	0.32338	52883
RDN_USD	2019-04-02	0.32870	0.28141	0.32870	0.27510	36870
RDN_USD	2019-04-01	0.28141	0.26137	0.28142	0.26090	21050
RDN_USD	2019-03-31	0.24446	0.28659	0.28913	0.24446	14938
RDN_USD	2019-03-30	0.28659	0.27804	0.29343	0.26583	22824
RDN_USD	2019-03-29	0.27804	0.28342	0.28965	0.26720	20468
RDN_USD	2019-03-28	0.28342	0.25638	0.28473	0.25493	23018
RDN_USD	2019-03-27	0.25638	0.29097	0.29097	0.25638	16815
RDN_USD	2019-03-26	0.29097	0.26221	0.29222	0.25534	22534
RDN_USD	2019-03-25	0.26221	0.25522	0.27245	0.25191	19025
RDN_USD	2019-03-24	0.25522	0.25080	0.25522	0.24306	16979
RDN_USD	2019-03-23	0.25080	0.25015	0.25711	0.24973	16357
RDN_USD	2019-03-22	0.25015	0.27929	0.28027	0.24718	16105
RDN_USD	2019-03-21	0.27929	0.24312	0.28537	0.24312	25909
RDN_USD	2019-03-20	0.24312	0.25445	0.25445	0.24179	14831
RDN_USD	2019-03-19	0.25445	0.25720	0.26298	0.25445	17171
RDN_USD	2019-03-18	0.25720	0.28671	0.28723	0.25162	17627
RDN_USD	2019-03-17	0.28671	0.26040	0.29823	0.25567	26102
RDN_USD	2019-03-16	0.26040	0.26077	0.26723	0.25516	17958
RDN_USD	2019-03-15	0.26077	0.27492	0.27944	0.25350	19701
RDN_USD	2019-03-14	0.27492	0.25830	0.29268	0.25602	29220
RDN_USD	2019-03-13	0.25830	0.27398	0.27532	0.25454	19344
RDN_USD	2019-03-12	0.27402	0.26617	0.28569	0.26419	28746
RDN_USD	2019-03-11	0.26617	0.26633	0.26728	0.24908	22884
RDN_USD	2019-03-10	0.26633	0.28463	0.29164	0.26608	25848
RDN_USD	2019-03-09	0.28463	0.25450	0.28802	0.25448	52603
RDN_USD	2019-03-08	0.25450	0.25068	0.25717	0.24543	18705
RDN_USD	2019-03-07	0.25068	0.24825	0.25318	0.24498	17559
RDN_USD	2019-03-06	0.24825	0.24463	0.24825	0.24463	16365
RDN_USD	2019-03-05	0.24463	0.24644	0.24988	0.24420	15596
RDN_USD	2019-03-04	0.24644	0.25285	0.25285	0.24450	17338
RDN_USD	2019-03-03	0.25285	0.25242	0.25285	0.24412	18814
RDN_USD	2019-03-02	0.25242	0.25917	0.26782	0.25242	18134
RDN_USD	2019-03-01	0.25917	0.24787	0.25938	0.24776	20327
RDN_USD	2019-02-28	0.24787	0.27261	0.27318	0.24787	17332
RDN_USD	2019-02-27	0.27261	0.26674	0.31050	0.26674	31325
RDN_USD	2019-02-26	0.26674	0.24459	0.28379	0.24459	27203
RDN_USD	2019-02-25	0.24459	0.24795	0.25226	0.24241	19017
RDN_USD	2019-02-24	0.24795	0.27048	0.28396	0.24771	64469
RDN_USD	2019-02-23	0.27048	0.25818	0.27395	0.25336	38217
RDN_USD	2019-02-22	0.25818	0.25612	0.26113	0.24861	37484
RDN_USD	2019-02-21	0.25612	0.25970	0.25970	0.24947	53442
RDN_USD	2019-02-20	0.25970	0.25354	0.25975	0.24710	31251
RDN_USD	2019-02-19	0.25354	0.26213	0.26213	0.24794	53093
RDN_USD	2019-02-18	0.26213	0.24646	0.26677	0.24033	139084
RDN_USD	2019-02-17	0.24646	0.24229	0.31713	0.23992	349164
RDN_USD	2019-02-16	0.24229	0.22223	0.25671	0.22223	79195
RDN_USD	2019-02-15	0.22223	0.23359	0.23552	0.22221	44542
RDN_USD	2019-02-14	0.23359	0.23384	0.23487	0.23065	19698
RDN_USD	2019-02-13	0.23384	0.23125	0.23764	0.23125	22189
RDN_USD	2019-02-12	0.23125	0.23056	0.23125	0.22413	24620
RDN_USD	2019-02-11	0.23056	0.23321	0.23348	0.22761	32067
RDN_USD	2019-02-10	0.23321	0.22751	0.23321	0.22495	24746
RDN_USD	2019-02-09	0.22751	0.23179	0.23747	0.22748	49802
RDN_USD	2019-02-08	0.23179	0.22541	0.23419	0.22320	25626
RDN_USD	2019-02-07	0.22541	0.23124	0.23372	0.22541	24638
RDN_USD	2019-02-06	0.23124	0.23878	0.23878	0.23124	18428
RDN_USD	2019-02-05	0.23878	0.23859	0.23957	0.23743	15341
RDN_USD	2019-02-04	0.23859	0.22037	0.23859	0.22037	15709
RDN_USD	2019-02-03	0.22037	0.23224	0.23393	0.22037	33184
RDN_USD	2019-02-02	0.23224	0.22524	0.23425	0.22194	19031
RDN_USD	2019-02-01	0.22524	0.21047	0.22524	0.21047	26712
RDN_USD	2019-01-31	0.21047	0.22973	0.22973	0.21030	46592
RDN_USD	2019-01-30	0.22973	0.23150	0.23391	0.22783	27560
RDN_USD	2019-01-29	0.23150	0.21305	0.23615	0.21305	19141
RDN_USD	2019-01-28	0.21305	0.22400	0.22586	0.20499	78225
RDN_USD	2019-01-27	0.22400	0.23355	0.23359	0.21988	52873
RDN_USD	2019-01-26	0.23355	0.23244	0.23492	0.23108	40228
RDN_USD	2019-01-25	0.23244	0.23632	0.23765	0.23066	41605
RDN_USD	2019-01-24	0.23632	0.26470	0.26470	0.22816	171777
RDN_USD	2019-01-23	0.26470	0.22550	0.27519	0.22550	261319
RDN_USD	2019-01-22	0.22550	0.22447	0.22658	0.21762	51766
RDN_USD	2019-01-21	0.22447	0.22755	0.24466	0.22149	83324
RDN_USD	2019-01-20	0.22755	0.24022	0.24769	0.22030	50733
RDN_USD	2019-01-19	0.24022	0.23477	0.24022	0.22967	60306
RDN_USD	2019-01-18	0.23477	0.23405	0.23686	0.22736	29182
RDN_USD	2019-01-17	0.23405	0.24226	0.24226	0.22817	33485
RDN_USD	2019-01-16	0.24226	0.22184	0.24226	0.22184	30519
RDN_USD	2019-01-15	0.22184	0.22219	0.22856	0.21700	37888
RDN_USD	2019-01-14	0.22219	0.21983	0.23354	0.21711	49813
RDN_USD	2019-01-13	0.21983	0.22397	0.22930	0.21928	36160
RDN_USD	2019-01-12	0.22397	0.23324	0.24029	0.22120	44214
RDN_USD	2019-01-11	0.23324	0.21823	0.23582	0.21530	21815
RDN_USD	2019-01-10	0.21823	0.24814	0.25433	0.21687	107590
RDN_USD	2019-01-09	0.24814	0.25168	0.25168	0.24359	32449
RDN_USD	2019-01-08	0.25168	0.24451	0.25201	0.24451	33332
RDN_USD	2019-01-07	0.24451	0.24720	0.26341	0.24451	27040
RDN_USD	2019-01-06	0.24720	0.24850	0.25448	0.24567	33547
RDN_USD	2019-01-05	0.24850	0.26414	0.26414	0.24789	33508
RDN_USD	2019-01-04	0.26414	0.25140	0.27090	0.24509	64408
RDN_USD	2019-01-03	0.25140	0.26077	0.28995	0.25050	78076
RDN_USD	2019-01-02	0.26077	0.23604	0.26612	0.23476	45090
RDN_USD	2019-01-01	0.23604	0.23483	0.23607	0.23068	40321
RDN_USD	2018-12-31	0.23483	0.26515	0.26515	0.23199	49432
RDN_USD	2018-12-30	0.26515	0.23302	0.28085	0.22842	79078
RDN_USD	2018-12-29	0.23302	0.23365	0.24344	0.22601	71094
RDN_USD	2018-12-28	0.23365	0.22303	0.23532	0.21020	25884
RDN_USD	2018-12-27	0.22303	0.23602	0.23946	0.22303	100006
RDN_USD	2018-12-26	0.23602	0.24436	0.25683	0.23200	26301
RDN_USD	2018-12-25	0.24436	0.28021	0.28021	0.23315	31431
RDN_USD	2018-12-24	0.28021	0.28416	0.30467	0.28021	37746
RDN_USD	2018-12-23	0.28416	0.30036	0.32503	0.27940	50687
RDN_USD	2018-12-22	0.30036	0.21087	0.34238	0.21087	224620
RDN_USD	2018-12-21	0.21087	0.19987	0.21853	0.19597	36059
RDN_USD	2018-12-20	0.19987	0.18224	0.21236	0.17385	65769
RDN_USD	2018-12-19	0.18224	0.18623	0.22038	0.17788	46416
RDN_USD	2018-12-18	0.18623	0.18160	0.18623	0.16756	51760
RDN_USD	2018-12-17	0.18160	0.16639	0.18246	0.15592	12387
RDN_USD	2018-12-16	0.16639	0.15698	0.18252	0.15271	8911
RDN_USD	2018-12-15	0.15698	0.15963	0.16825	0.15268	52879
RDN_USD	2018-12-14	0.15963	0.16894	0.17803	0.15751	2663
RDN_USD	2018-12-13	0.16894	0.18801	0.18801	0.16748	28682
RDN_USD	2018-12-12	0.18801	0.17979	0.18834	0.17636	17669
RDN_USD	2018-12-11	0.17903	0.19399	0.25464	0.17846	47243
RDN_USD	2018-12-10	0.19399	0.19771	0.20372	0.19060	17931
RDN_USD	2018-12-09	0.19771	0.20616	0.20808	0.18981	29828
RDN_USD	2018-12-08	0.20616	0.19787	0.20811	0.18557	55784
RDN_USD	2018-12-07	0.19787	0.21345	0.21345	0.18100	35414
RDN_USD	2018-12-06	0.21345	0.25233	0.25314	0.21345	17908
RDN_USD	2018-12-05	0.25233	0.25977	0.25977	0.24437	8163
RDN_USD	2018-12-04	0.25977	0.25110	0.26597	0.24874	5695
RDN_USD	2018-12-03	0.25110	0.26788	0.26807	0.25067	22159
RDN_USD	2018-12-02	0.26788	0.27564	0.29494	0.26780	17961
RDN_USD	2018-12-01	0.27564	0.25830	0.27610	0.25830	7301
RDN_USD	2018-11-30	0.25830	0.27903	0.27984	0.25565	11180
RDN_USD	2018-11-29	0.27903	0.27243	0.28721	0.25257	29423
RDN_USD	2018-11-28	0.27243	0.23391	0.28047	0.23112	53557
RDN_USD	2018-11-27	0.23391	0.21294	0.25901	0.20595	37750
RDN_USD	2018-11-26	0.21294	0.22966	0.23246	0.21101	24493
RDN_USD	2018-11-25	0.22966	0.23312	0.23788	0.21409	22122
RDN_USD	2018-11-24	0.23312	0.25264	0.26340	0.23097	34583
RDN_USD	2018-11-23	0.25264	0.27088	0.27088	0.24877	42286
RDN_USD	2018-11-22	0.27088	0.29467	0.30250	0.27088	20910
RDN_USD	2018-11-21	0.29467	0.27509	0.29467	0.25963	19711
RDN_USD	2018-11-20	0.27509	0.29957	0.37801	0.25205	86478
RDN_USD	2018-11-19	0.29957	0.39304	0.39304	0.29957	19178
RDN_USD	2018-11-18	0.39304	0.38214	0.39917	0.38214	9213
RDN_USD	2018-11-17	0.38214	0.38751	0.38766	0.37474	3424
RDN_USD	2018-11-16	0.38751	0.38335	0.40739	0.38069	11587
RDN_USD	2018-11-15	0.38335	0.40155	0.42152	0.36832	36276
RDN_USD	2018-11-14	0.40155	0.47993	0.48162	0.39376	24352
RDN_USD	2018-11-13	0.47993	0.49800	0.49802	0.47993	3424
RDN_USD	2018-11-12	0.49800	0.50263	0.51392	0.48805	7479
RDN_USD	2018-11-11	0.50263	0.56259	0.56259	0.50251	8851
RDN_USD	2018-11-10	0.56259	0.49686	0.60166	0.48881	11940
RDN_USD	2018-11-09	0.49686	0.50020	0.51331	0.49686	6090
RDN_USD	2018-11-08	0.50020	0.53507	0.53507	0.50020	16741
RDN_USD	2018-11-07	0.53507	0.51302	0.56915	0.51199	40331
RDN_USD	2018-11-06	0.51302	0.51638	0.51644	0.49338	34468
RDN_USD	2018-11-05	0.51638	0.54543	0.54863	0.51622	48256
RDN_USD	2018-11-04	0.54543	0.53760	0.55126	0.53410	14327
RDN_USD	2018-11-03	0.53760	0.55785	0.55990	0.53671	9679
RDN_USD	2018-11-02	0.55785	0.56829	0.57001	0.55683	4412
RDN_USD	2018-11-01	0.56829	0.54532	0.56829	0.54236	7297
RDN_USD	2018-10-31	0.54532	0.54510	0.57270	0.53462	6985
RDN_USD	2018-10-30	0.54510	0.55032	0.57046	0.53532	17384
RDN_USD	2018-10-29	0.55032	0.60963	0.60963	0.53563	33162
RDN_USD	2018-10-28	0.60963	0.57011	0.64396	0.57011	36565
RDN_USD	2018-10-27	0.57011	0.58139	0.58172	0.57011	13746
RDN_USD	2018-10-26	0.58139	0.60301	0.60547	0.57564	31309
RDN_USD	2018-10-25	0.60301	0.60128	0.61127	0.59329	54735
RDN_USD	2018-10-24	0.60128	0.64039	0.64039	0.60128	29150
RDN_USD	2018-10-23	0.64039	0.62825	0.68842	0.62118	70646
RDN_USD	2018-10-22	0.62825	0.60793	0.64826	0.58029	74990
RDN_USD	2018-10-21	0.60793	0.60183	0.63473	0.59063	81098
RDN_USD	2018-10-20	0.60183	0.55846	0.66822	0.55246	174496
RDN_USD	2018-10-19	0.55846	0.55060	0.56535	0.54375	12523
RDN_USD	2018-10-18	0.55060	0.57042	0.57859	0.53172	45719
RDN_USD	2018-10-17	0.57042	0.56683	0.58898	0.54589	53081
RDN_USD	2018-10-16	0.56683	0.54645	0.58652	0.54391	26416
RDN_USD	2018-10-15	0.54645	0.51355	0.56916	0.50784	58890
RDN_USD	2018-10-14	0.51355	0.51369	0.57241	0.50643	141367
RDN_USD	2018-10-13	0.51369	0.47041	0.55384	0.47038	94355
RDN_USD	2018-10-12	0.47041	0.47217	0.49299	0.47027	42626
RDN_USD	2018-10-11	0.47217	0.55410	0.55413	0.47201	47882
RDN_USD	2018-10-10	0.55410	0.56735	0.58614	0.54120	31599
RDN_USD	2018-10-09	0.56735	0.55832	0.56806	0.55682	24182
RDN_USD	2018-10-08	0.55832	0.54547	0.56831	0.53517	36625
RDN_USD	2018-10-07	0.54547	0.55997	0.56840	0.54533	23879
RDN_USD	2018-10-06	0.55997	0.60596	0.60982	0.55244	59676
RDN_USD	2018-10-05	0.60596	0.52895	0.86800	0.52895	622724
RDN_USD	2018-10-04	0.52895	0.46181	0.56762	0.46181	95195
RDN_USD	2018-10-03	0.46181	0.47229	0.47229	0.45006	10239
RDN_USD	2018-10-02	0.47229	0.46431	0.49961	0.46415	46781
RDN_USD	2018-10-01	0.46431	0.49210	0.52380	0.46431	40778
RDN_USD	2018-09-30	0.49210	0.45978	0.49210	0.44604	38897
RDN_USD	2018-09-29	0.45978	0.45469	0.46989	0.43877	16234
RDN_USD	2018-09-28	0.45469	0.46259	0.46936	0.44227	8559
RDN_USD	2018-09-27	0.46259	0.44188	0.46272	0.43725	27208
RDN_USD	2018-09-26	0.44188	0.46956	0.46956	0.43752	50705
RDN_USD	2018-09-25	0.46956	0.47808	0.47808	0.43418	27963
RDN_USD	2018-09-24	0.47808	0.48884	0.49103	0.47069	21211
RDN_USD	2018-09-23	0.48884	0.48424	0.50620	0.48330	55696
RDN_USD	2018-09-22	0.48424	0.51138	0.51552	0.47542	99574
RDN_USD	2018-09-21	0.51138	0.50834	0.52720	0.47600	140343
RDN_USD	2018-09-20	0.50834	0.42533	0.50834	0.42533	105737
RDN_USD	2018-09-19	0.42533	0.43655	0.44316	0.41063	48987
RDN_USD	2018-09-18	0.43655	0.41000	0.45262	0.40034	84403
RDN_USD	2018-09-17	0.41000	0.45299	0.47019	0.40016	57671
RDN_USD	2018-09-16	0.45299	0.46581	0.46581	0.43292	34756
RDN_USD	2018-09-15	0.46581	0.46711	0.47057	0.45890	30439
RDN_USD	2018-09-14	0.46711	0.49845	0.52921	0.43810	130445
RDN_USD	2018-09-13	0.49845	0.37593	0.54894	0.37593	176124
RDN_USD	2018-09-12	0.37593	0.38543	0.38591	0.34955	19280
RDN_USD	2018-09-11	0.38543	0.44212	0.45903	0.36919	30209
RDN_USD	2018-09-10	0.44212	0.46679	0.48765	0.42982	20841
RDN_USD	2018-09-09	0.46679	0.45781	0.50189	0.42446	21575
RDN_USD	2018-09-08	0.45781	0.50095	0.53013	0.45781	35846
RDN_USD	2018-09-07	0.50095	0.56037	0.57526	0.50095	23386
RDN_USD	2018-09-06	0.56037	0.47422	0.62599	0.45505	69668
RDN_USD	2018-09-05	0.47422	0.60960	0.60960	0.47422	37868
RDN_USD	2018-09-04	0.60960	0.52199	0.62232	0.51384	25526
RDN_USD	2018-09-03	0.52199	0.52056	0.55140	0.49156	8607
RDN_USD	2018-09-02	0.52056	0.55203	0.55731	0.51964	15649
RDN_USD	2018-09-01	0.55203	0.53963	0.56645	0.52096	36457
RDN_USD	2018-08-31	0.53963	0.51199	0.57978	0.48359	67981
RDN_USD	2018-08-30	0.51199	0.45212	0.51199	0.41476	30647
RDN_USD	2018-08-29	0.45212	0.45537	0.48616	0.43643	57199
RDN_USD	2018-08-28	0.45537	0.43820	0.46966	0.38381	78341
RDN_USD	2018-08-27	0.43820	0.37425	0.44716	0.36831	35686
RDN_USD	2018-08-26	0.37425	0.35057	0.38331	0.33460	26334
RDN_USD	2018-08-25	0.35057	0.34300	0.36098	0.33409	22283
RDN_USD	2018-08-24	0.34300	0.32538	0.34300	0.32538	7782
RDN_USD	2018-08-23	0.32538	0.31332	0.33121	0.31026	9279
RDN_USD	2018-08-22	0.31332	0.32223	0.35269	0.31234	28894
RDN_USD	2018-08-21	0.32223	0.32754	0.36269	0.31573	24990
RDN_USD	2018-08-20	0.32754	0.37325	0.38220	0.32754	14287
RDN_USD	2018-08-19	0.37325	0.35258	0.37390	0.34875	13801
RDN_USD	2018-08-18	0.35258	0.42501	0.42501	0.35170	36457
RDN_USD	2018-08-17	0.42501	0.35425	0.42631	0.35425	14272
RDN_USD	2018-08-16	0.35425	0.32303	0.36055	0.31932	14770
RDN_USD	2018-08-15	0.32303	0.31631	0.37697	0.30582	42911
RDN_USD	2018-08-14	0.31631	0.34023	0.34023	0.23446	51767
RDN_USD	2018-08-13	0.34023	0.39362	0.43621	0.34023	35961
RDN_USD	2018-08-12	0.39362	0.38617	0.40076	0.37125	36996
RDN_USD	2018-08-11	0.38617	0.42296	0.46193	0.37830	93030
RDN_USD	2018-08-10	0.42296	0.55102	0.55102	0.42294	41759
RDN_USD	2018-08-09	0.55102	0.51507	0.55124	0.51452	9654
RDN_USD	2018-08-08	0.51507	0.60000	0.60000	0.50412	22167
RDN_USD	2018-08-07	0.60000	0.60755	0.64876	0.60000	21271
RDN_USD	2018-08-06	0.60755	0.62076	0.62448	0.60219	13939
RDN_USD	2018-08-05	0.62076	0.63576	0.63595	0.61200	4636
RDN_USD	2018-08-04	0.63576	0.65517	0.66595	0.62129	9166
RDN_USD	2018-08-03	0.65517	0.66093	0.66095	0.62504	13966
RDN_USD	2018-08-02	0.66093	0.71883	0.72215	0.66086	11386
RDN_USD	2018-08-01	0.71883	0.75598	0.76082	0.69862	4095
RDN_USD	2018-07-31	0.75598	0.83327	0.83793	0.74280	30846
RDN_USD	2018-07-30	0.83327	0.81145	0.87832	0.80750	14138
RDN_USD	2018-07-29	0.81145	0.80596	0.82392	0.79194	2760
RDN_USD	2018-07-28	0.80596	0.83691	0.83727	0.80596	474
RDN_USD	2018-07-27	0.83691	0.81570	0.83834	0.79956	7886
RDN_USD	2018-07-26	0.81570	0.86260	0.87585	0.81570	7382
RDN_USD	2018-07-25	0.86260	0.87689	0.89614	0.79825	11380
RDN_USD	2018-07-24	0.87689	0.92828	0.92828	0.86507	13459
RDN_USD	2018-07-23	0.92828	0.93348	0.93506	0.86560	9550
RDN_USD	2018-07-22	0.93348	0.94313	0.98876	0.93248	19245
RDN_USD	2018-07-21	0.94313	0.89294	0.94588	0.87245	7873
RDN_USD	2018-07-20	0.89294	0.87824	0.91745	0.86463	37102
RDN_USD	2018-07-19	0.87824	0.87393	0.88572	0.84030	35540
RDN_USD	2018-07-18	0.87393	0.87419	0.91918	0.87223	26829
RDN_USD	2018-07-17	0.87419	0.79496	0.89131	0.73280	22796
RDN_USD	2018-07-16	0.79496	0.74395	0.82776	0.71826	16786
RDN_USD	2018-07-15	0.74395	0.74122	0.74760	0.72318	7519
RDN_USD	2018-07-14	0.74122	0.73053	0.79632	0.70580	17463
RDN_USD	2018-07-13	0.73053	0.72641	0.76156	0.72641	8056
RDN_USD	2018-07-12	0.72641	0.74899	0.74901	0.71746	16321
RDN_USD	2018-07-11	0.74899	0.74348	0.75900	0.72371	13726
RDN_USD	2018-07-10	0.74348	0.83992	0.83992	0.73429	24348
RDN_USD	2018-07-09	0.83992	0.83695	0.87538	0.82158	17226
RDN_USD	2018-07-08	0.83695	0.83520	0.85526	0.81405	8673
RDN_USD	2018-07-07	0.83520	0.79871	0.83530	0.79513	8936
RDN_USD	2018-07-06	0.79871	0.79543	0.83130	0.78098	17753
RDN_USD	2018-07-05	0.79543	0.84416	0.86753	0.79526	46504
RDN_USD	2018-07-04	0.84416	0.84160	0.91214	0.77629	42622
RDN_USD	2018-07-03	0.84160	0.92502	1.04755	0.81562	51644
RDN_USD	2018-07-02	0.92502	0.81693	1.04942	0.81693	95085
RDN_USD	2018-07-01	0.81694	0.82835	0.82841	0.80834	18560
RDN_USD	2018-06-30	0.82837	0.71927	0.82843	0.71837	29473
RDN_USD	2018-06-29	0.71458	0.70521	0.71474	0.66455	7896
RDN_USD	2018-06-28	0.70521	0.73152	0.74890	0.70100	8709
RDN_USD	2018-06-27	0.73155	0.73025	0.73340	0.71083	2130
RDN_USD	2018-06-26	0.73341	0.78300	0.78300	0.73339	7570
RDN_USD	2018-06-25	0.78797	0.80936	0.80936	0.77082	11193
RDN_USD	2018-06-24	0.80944	0.77725	0.81141	0.71458	20146
RDN_USD	2018-06-23	0.77425	0.76338	0.80431	0.67202	18107
RDN_USD	2018-06-22	0.76338	0.88625	0.88625	0.76313	56301
RDN_USD	2018-06-21	0.88628	0.86989	0.90512	0.86987	14638
RDN_USD	2018-06-20	0.87943	0.89756	0.89773	0.80716	28451
RDN_USD	2018-06-19	0.89755	0.85366	0.98071	0.85366	30363
RDN_USD	2018-06-18	0.85365	0.84330	0.90310	0.81344	15412
RDN_USD	2018-06-17	0.84442	0.91737	0.91737	0.84432	23015
RDN_USD	2018-06-16	0.91737	0.89001	0.92316	0.87450	19791
RDN_USD	2018-06-15	0.89048	1.00248	1.12905	0.88106	65519
RDN_USD	2018-06-14	1.00249	0.80187	1.08747	0.79709	109373
RDN_USD	2018-06-13	0.78617	0.81601	0.86600	0.76449	35199
RDN_USD	2018-06-12	0.81638	0.95795	0.96912	0.81612	33863
RDN_USD	2018-06-11	0.95795	1.02224	1.02415	0.92137	13632
RDN_USD	2018-06-10	1.02224	1.16515	1.16515	0.89948	77952
RDN_USD	2018-06-09	1.16516	1.22157	1.24321	1.16516	35826
RDN_USD	2018-06-08	1.22157	1.24582	1.25403	1.13089	10057
RDN_USD	2018-06-07	1.24593	1.21111	1.27236	1.21110	18036
RDN_USD	2018-06-06	1.21111	1.29775	1.32096	1.21093	65809
RDN_USD	2018-06-05	1.29775	1.30964	1.32593	1.24692	22568
RDN_USD	2018-06-04	1.30976	1.39155	1.41992	1.29476	24009
RDN_USD	2018-06-03	1.39154	1.46554	1.49561	1.39154	34519
RDN_USD	2018-06-02	1.46224	1.41268	1.47355	1.38483	15687
RDN_USD	2018-06-01	1.40226	1.33976	1.40226	1.31208	14730
RDN_USD	2018-05-31	1.34166	1.28832	1.41010	1.23473	50630
RDN_USD	2018-05-30	1.28833	1.39373	1.39373	1.26656	25070
RDN_USD	2018-05-29	1.39390	1.21621	1.40376	1.21620	135780
RDN_USD	2018-05-28	1.21632	1.35191	1.35686	1.21632	22475
RDN_USD	2018-05-27	1.35141	1.35497	1.36839	1.24456	14650
RDN_USD	2018-05-26	1.35498	1.37505	1.39345	1.35041	13955
RDN_USD	2018-05-25	1.37505	1.38733	1.57433	1.32109	113349
RDN_USD	2018-05-24	1.38732	1.32568	1.46150	1.28448	25127
RDN_USD	2018-05-23	1.32562	1.53811	1.53878	1.29921	46611
RDN_USD	2018-05-22	1.53822	1.67861	1.68450	1.51513	25756
RDN_USD	2018-05-21	1.67861	1.77982	1.77982	1.67061	34411
RDN_USD	2018-05-20	1.77982	1.71644	1.78731	1.68033	30291
RDN_USD	2018-05-19	1.71644	1.66637	1.81071	1.62130	89566
RDN_USD	2018-05-18	1.66637	1.62219	1.66637	1.55120	22462
RDN_USD	2018-05-17	1.62193	1.63711	1.72725	1.61221	44769
RDN_USD	2018-05-16	1.61333	1.69993	1.71960	1.56276	37493
RDN_USD	2018-05-15	1.69993	1.72327	1.77927	1.63690	108874
RDN_USD	2018-05-14	1.71229	1.70754	1.78790	1.56256	77163
RDN_USD	2018-05-13	1.70754	1.66844	1.76380	1.57168	83706
RDN_USD	2018-05-12	1.67157	1.68055	1.74469	1.41706	138295
RDN_USD	2018-05-11	1.68055	1.96922	2.03315	1.66616	171211
RDN_USD	2018-05-10	1.96922	1.90632	2.24904	1.85696	262229
RDN_USD	2018-05-09	1.90632	1.98413	1.98413	1.79383	88913
RDN_USD	2018-05-08	1.98413	2.06271	2.10526	1.92695	43507
RDN_USD	2018-05-07	2.00297	2.07287	2.11914	1.91859	76706
RDN_USD	2018-05-06	2.07287	2.30436	2.53484	1.93428	88502
RDN_USD	2018-05-05	2.27707	2.33068	2.53701	2.24858	112090
RDN_USD	2018-05-04	2.33068	2.54938	2.55498	2.31976	64970
RDN_USD	2018-05-03	2.54937	2.25322	2.63070	2.22854	135587
RDN_USD	2018-05-02	2.25322	2.15504	2.29921	2.15320	62982
RDN_USD	2018-05-01	2.15504	2.21274	2.23577	2.03652	65397
RDN_USD	2018-04-30	2.21274	2.41851	2.41851	2.16608	146832
RDN_USD	2018-04-29	2.41851	2.33285	2.45569	2.20087	253540
RDN_USD	2018-04-28	2.33285	2.12492	2.66208	2.10984	204109
RDN_USD	2018-04-27	2.12492	2.13685	2.22109	2.08205	111757
RDN_USD	2018-04-26	2.13685	1.91540	2.21616	1.80420	186272
RDN_USD	2018-04-25	1.91540	2.29031	2.29031	1.83979	99098
RDN_USD	2018-04-24	2.32267	2.21983	2.38594	2.11656	79128
RDN_USD	2018-04-23	2.21983	2.08031	2.26679	2.04558	44482
RDN_USD	2018-04-22	2.08031	1.85531	2.35767	1.85531	121080
RDN_USD	2018-04-21	1.85531	2.05053	2.10470	1.83090	66499
RDN_USD	2018-04-20	2.05053	1.95958	2.07113	1.84135	40587
RDN_USD	2018-04-19	1.95958	1.76395	2.00074	1.74191	28316
RDN_USD	2018-04-18	1.76395	1.62163	1.80490	1.62013	14563
RDN_USD	2018-04-17	1.62163	1.66120	1.79321	1.61828	9407
RDN_USD	2018-04-16	1.66120	1.69438	1.76138	1.57227	12604
RDN_USD	2018-04-15	1.69438	1.56515	1.76971	1.52010	12034
RDN_USD	2018-04-14	1.56515	1.62300	1.72875	1.48020	18370
RDN_USD	2018-04-13	1.62300	1.56772	1.68034	1.50172	51408
RDN_USD	2018-04-12	1.56772	1.30746	1.56772	1.27458	33461
RDN_USD	2018-04-11	1.30746	1.27109	1.34143	1.26711	15553
RDN_USD	2018-04-10	1.27109	1.23624	1.29373	1.19458	14743
RDN_USD	2018-04-09	1.23624	1.27277	1.33367	1.22409	13083
RDN_USD	2018-04-08	1.27277	1.26171	1.36798	1.22710	26378
RDN_USD	2018-04-07	1.26171	1.16214	1.40264	1.16123	37581
RDN_USD	2018-04-06	1.16214	1.26025	1.26025	1.15285	16851
RDN_USD	2018-04-05	1.26025	1.23775	1.36478	1.17952	9147
RDN_USD	2018-04-04	1.23775	1.30141	1.37227	1.18188	15385
RDN_USD	2018-04-03	1.30139	1.26630	1.35438	1.23933	19143
RDN_USD	2018-04-02	1.26630	1.24492	1.33853	1.24078	18291
RDN_USD	2018-04-01	1.24492	1.37967	1.48192	1.20000	27114
RDN_USD	2018-03-31	1.37967	1.41237	1.57072	1.35915	8576
RDN_USD	2018-03-30	1.41237	1.42299	1.63070	1.33383	22416
RDN_USD	2018-03-29	1.42299	1.69253	2.20598	1.42299	30593
RDN_USD	2018-03-28	1.69253	1.48529	1.72124	1.44628	12179
RDN_USD	2018-03-27	1.48529	1.52610	1.57642	1.43700	3507
RDN_USD	2018-03-26	1.52610	1.68371	1.71123	1.48926	10867
RDN_USD	2018-03-25	1.68371	1.56925	1.87161	1.55007	5957
RDN_USD	2018-03-24	1.56925	1.61495	1.88369	1.56886	16835
RDN_USD	2018-03-23	1.61495	1.59512	1.62871	1.45653	4423
RDN_USD	2018-03-22	1.59512	1.69901	1.73325	1.56138	21971
RDN_USD	2018-03-21	1.69901	1.62295	1.85641	1.57692	12876
RDN_USD	2018-03-20	1.62295	1.55326	1.62352	1.44298	7285
RDN_USD	2018-03-19	1.55326	1.40717	1.81247	1.37072	13485
RDN_USD	2018-03-18	1.40717	1.58332	1.58880	1.18398	29385
RDN_USD	2018-03-17	1.58332	1.76134	1.79831	1.55063	7353
RDN_USD	2018-03-16	1.76134	1.70858	1.87406	1.54457	7076
RDN_USD	2018-03-15	1.70857	1.64577	1.75748	1.40612	24552
RDN_USD	2018-03-14	1.64577	1.88271	1.95397	1.63237	7340
RDN_USD	2018-03-13	1.88270	1.94613	2.02230	1.88101	4714
RDN_USD	2018-03-12	1.94613	2.07524	2.18234	1.94602	2443
RDN_USD	2018-03-11	2.07524	1.90870	2.26898	1.88004	6246
RDN_USD	2018-03-10	1.90870	2.01549	2.22169	1.90870	3146
RDN_USD	2018-03-09	2.01549	1.86995	2.01866	1.77711	7278
RDN_USD	2018-03-08	1.86987	2.21299	2.22255	1.86976	14831
RDN_USD	2018-03-07	2.21299	2.51175	2.52426	2.09975	15725
RDN_USD	2018-03-06	2.51175	2.77191	2.77191	2.47566	12570
RDN_USD	2018-03-05	2.77191	2.74301	2.85795	2.72527	10760
RDN_USD	2018-03-04	2.74302	2.82079	2.82247	2.64697	6358
RDN_USD	2018-03-03	2.82079	2.66269	2.91610	2.66074	2839
RDN_USD	2018-03-02	2.66270	2.82929	2.96893	2.66270	6578
RDN_USD	2018-03-01	2.82929	2.72348	2.89273	2.68668	11379
RDN_USD	2018-02-28	2.72348	3.12500	3.17491	2.72348	36118
RDN_USD	2018-02-27	3.12500	3.03367	3.19026	2.90039	31219
RDN_USD	2018-02-26	3.03367	3.13987	3.23017	2.90499	8188
RDN_USD	2018-02-25	3.13987	3.18032	3.23038	3.03870	5512
RDN_USD	2018-02-24	3.18032	3.32441	3.41009	3.04278	4743
RDN_USD	2018-02-23	3.32441	3.22666	3.46632	2.96113	5316
RDN_USD	2018-02-22	3.22666	3.20402	3.66795	2.88437	30849
RDN_USD	2018-02-21	3.20402	3.56049	3.68256	3.10409	46790
RDN_USD	2018-02-20	3.56049	3.65826	4.42373	3.56049	42870
RDN_USD	2018-02-19	3.65826	3.38125	3.75016	3.28216	10039
RDN_USD	2018-02-18	3.38125	3.33679	3.40000	3.18052	9502
RDN_USD	2018-02-17	3.33679	3.10580	3.45109	3.06269	9599
RDN_USD	2018-02-16	3.10580	3.03707	3.18289	2.92809	3617
RDN_USD	2018-02-15	3.03707	2.78862	3.08068	2.78862	7154
RDN_USD	2018-02-14	2.78862	2.66048	2.85886	2.62733	6586
RDN_USD	2018-02-13	2.66048	2.75551	2.80456	2.63156	4423
RDN_USD	2018-02-12	2.75551	2.65158	2.77231	2.57186	5592
RDN_USD	2018-02-11	2.65158	2.69148	2.74764	2.42380	9206
RDN_USD	2018-02-10	2.69148	2.97008	3.13222	2.66702	38649
RDN_USD	2018-02-09	2.97008	2.86038	3.09834	2.69516	7526
RDN_USD	2018-02-08	2.86038	2.67099	2.88014	2.67099	5605
RDN_USD	2018-02-07	2.67099	2.73387	3.19629	2.50139	14696
RDN_USD	2018-02-06	2.73387	2.28694	2.74895	1.93017	13367
RDN_USD	2018-02-05	2.28694	2.87105	2.95273	2.18790	27484
RDN_USD	2018-02-04	2.87105	3.42855	3.47643	2.79901	16577
RDN_USD	2018-02-03	3.42855	3.12161	3.55140	2.93946	21106
RDN_USD	2018-02-02	3.12161	3.60860	3.60939	2.74640	109449
RDN_USD	2018-02-01	3.60860	4.06747	4.17579	3.41796	21458
RDN_USD	2018-01-31	4.06747	4.20657	4.20657	3.96476	9215
RDN_USD	2018-01-30	4.20657	4.62897	4.65403	4.00578	20335
