REQ_USD	2019-04-09	0.029593	0.031296	0.031296	0.029593	177376
REQ_USD	2019-04-08	0.031296	0.031397	0.032696	0.029697	351220
REQ_USD	2019-04-07	0.031397	0.030616	0.034194	0.029891	492831
REQ_USD	2019-04-06	0.030616	0.030672	0.033958	0.030467	15707
REQ_USD	2019-04-05	0.030672	0.030881	0.031483	0.029979	47593
REQ_USD	2019-04-04	0.030881	0.028007	0.031688	0.027983	69765
REQ_USD	2019-04-03	0.028007	0.032000	0.032250	0.027805	5816
REQ_USD	2019-04-02	0.032000	0.028668	0.034518	0.027812	2432
REQ_USD	2019-04-01	0.028668	0.027735	0.028885	0.027439	2257
REQ_USD	2019-03-31	0.027786	0.025901	0.027786	0.025892	2203
REQ_USD	2019-03-30	0.025901	0.022005	0.030648	0.018020	1663
REQ_USD	2019-03-29	0.022005	0.026659	0.027090	0.022005	195
REQ_USD	2019-03-28	0.026659	0.027063	0.027494	0.025314	1938
REQ_USD	2019-03-27	0.027063	0.023530	0.028395	0.023498	2452
REQ_USD	2019-03-26	0.023530	0.021631	0.024466	0.020861	511
REQ_USD	2019-03-25	0.021631	0.013935	0.022634	0.013935	533
REQ_USD	2019-03-24	0.013935	0.019744	0.019744	0.013692	80
REQ_USD	2019-03-23	0.019744	0.021496	0.023333	0.019744	192
REQ_USD	2019-03-22	0.021496	0.021263	0.021496	0.016867	268
REQ_USD	2019-03-21	0.021263	0.025717	0.025717	0.017294	224
REQ_USD	2019-03-20	0.025717	0.023868	0.025717	0.022951	601
REQ_USD	2019-03-19	0.023868	0.022901	0.025167	0.022901	330
REQ_USD	2019-03-18	0.022901	0.024328	0.025187	0.022901	309
REQ_USD	2019-03-17	0.024328	0.024646	0.025350	0.024122	412
REQ_USD	2019-03-16	0.024646	0.025897	0.026387	0.024390	707
REQ_USD	2019-03-15	0.025897	0.024262	0.025987	0.021026	1651
REQ_USD	2019-03-14	0.024262	0.023555	0.024281	0.021760	502
REQ_USD	2019-03-13	0.023555	0.025271	0.025282	0.023555	696
REQ_USD	2019-03-12	0.025271	0.023432	0.026379	0.021993	1782
REQ_USD	2019-03-11	0.023432	0.022551	0.023433	0.022445	1069
REQ_USD	2019-03-10	0.022551	0.021435	0.026289	0.018568	360
REQ_USD	2019-03-09	0.021435	0.018867	0.021991	0.018867	358
REQ_USD	2019-03-08	0.018867	0.013400	0.018867	0.013400	228
REQ_USD	2019-03-07	0.013400	0.013400	0.013400	0.013400	0
REQ_USD	2019-03-06	0.013400	0.013572	0.013572	0.013400	76
REQ_USD	2019-03-05	0.013572	0.017630	0.017630	0.013400	78
REQ_USD	2019-03-04	0.017630	0.019227	0.019298	0.017630	188
REQ_USD	2019-03-03	0.019364	0.018112	0.019364	0.016458	337
REQ_USD	2019-03-02	0.018112	0.019097	0.019472	0.018112	192
REQ_USD	2019-03-01	0.019097	0.017008	0.019097	0.016132	264
REQ_USD	2019-02-28	0.017008	0.018079	0.018631	0.017008	143
REQ_USD	2019-02-27	0.018079	0.017585	0.018533	0.017570	252
REQ_USD	2019-02-26	0.017585	0.019976	0.020758	0.017585	189
REQ_USD	2019-02-25	0.019976	0.020296	0.020685	0.019786	20506
REQ_USD	2019-02-24	0.020296	0.021993	0.023393	0.020296	137812
REQ_USD	2019-02-23	0.021993	0.022712	0.023066	0.020985	1364
REQ_USD	2019-02-22	0.022712	0.022494	0.022712	0.020067	2537
REQ_USD	2019-02-21	0.022494	0.022480	0.022582	0.021484	6605
REQ_USD	2019-02-20	0.022480	0.022347	0.023477	0.021393	33843
REQ_USD	2019-02-19	0.022347	0.021444	0.022349	0.020465	13010
REQ_USD	2019-02-18	0.021444	0.019910	0.021444	0.019891	10967
REQ_USD	2019-02-17	0.019910	0.019967	0.020425	0.019468	632
REQ_USD	2019-02-16	0.019967	0.018731	0.020333	0.018731	15377
REQ_USD	2019-02-15	0.018731	0.019910	0.020010	0.017391	682
REQ_USD	2019-02-14	0.019910	0.019512	0.019918	0.019041	5553
REQ_USD	2019-02-13	0.019512	0.016217	0.019928	0.016217	1691
REQ_USD	2019-02-12	0.020438	0.020438	0.020438	0.020438	0
REQ_USD	2019-02-11	0.020438	0.020558	0.020558	0.019145	8751
REQ_USD	2019-02-10	0.020558	0.020294	0.020791	0.020289	12951
REQ_USD	2019-02-09	0.020294	0.020296	0.024694	0.019896	94981
REQ_USD	2019-02-08	0.020296	0.019214	0.021893	0.019214	121800
REQ_USD	2019-02-07	0.019214	0.018279	0.019312	0.018166	2455
REQ_USD	2019-02-06	0.018279	0.019358	0.019582	0.018279	17515
REQ_USD	2019-02-05	0.019358	0.013400	0.019495	0.013400	10936
REQ_USD	2019-02-04	0.013400	0.013400	0.013400	0.013400	0
REQ_USD	2019-02-03	0.013400	0.018995	0.018995	0.013400	76
REQ_USD	2019-02-02	0.018995	0.019795	0.020196	0.018995	86074
REQ_USD	2019-02-01	0.019795	0.019898	0.019898	0.018398	106117
REQ_USD	2019-01-31	0.019898	0.013400	0.034382	0.013400	321141
REQ_USD	2019-01-30	0.013400	0.013400	0.013400	0.013400	0
REQ_USD	2019-01-29	0.013400	0.019791	0.019791	0.013400	76
REQ_USD	2019-01-28	0.019791	0.021274	0.021274	0.019791	2398
REQ_USD	2019-01-27	0.021274	0.022638	0.022673	0.021274	23048
REQ_USD	2019-01-26	0.022638	0.017733	0.022736	0.017733	4397
REQ_USD	2019-01-25	0.017733	0.013400	0.021970	0.013400	159
REQ_USD	2019-01-24	0.013400	0.021970	0.021970	0.013400	76
REQ_USD	2019-01-23	0.021970	0.022885	0.022885	0.021970	776
REQ_USD	2019-01-22	0.022885	0.013400	0.023364	0.013400	47978
REQ_USD	2019-01-21	0.013400	0.023377	0.023377	0.013400	76
REQ_USD	2019-01-20	0.023377	0.023262	0.025632	0.021709	33159
REQ_USD	2019-01-19	0.023276	0.022193	0.023276	0.021253	6148
REQ_USD	2019-01-18	0.022193	0.021227	0.022193	0.021227	97176
REQ_USD	2019-01-17	0.021227	0.022216	0.022216	0.021141	8260
REQ_USD	2019-01-16	0.022216	0.020416	0.022216	0.020416	2431
REQ_USD	2019-01-15	0.020416	0.020341	0.020456	0.020311	6412
REQ_USD	2019-01-14	0.020341	0.019398	0.020397	0.018998	9072
REQ_USD	2019-01-13	0.019597	0.018876	0.019691	0.013400	139024
REQ_USD	2019-01-12	0.018876	0.020180	0.020180	0.018876	743
REQ_USD	2019-01-11	0.020180	0.020554	0.020600	0.018952	4377
REQ_USD	2019-01-10	0.020554	0.024342	0.024342	0.020554	11916
REQ_USD	2019-01-09	0.024342	0.023359	0.024500	0.023359	5336
REQ_USD	2019-01-08	0.023359	0.021872	0.024200	0.021872	976
REQ_USD	2019-01-07	0.021872	0.023513	0.023800	0.021872	410
REQ_USD	2019-01-06	0.023513	0.021185	0.028923	0.020839	1385
REQ_USD	2019-01-05	0.021185	0.020523	0.023100	0.013400	385
REQ_USD	2019-01-04	0.013400	0.020523	0.020523	0.013400	76
REQ_USD	2019-01-03	0.020523	0.022981	0.022981	0.020523	469
REQ_USD	2019-01-02	0.022981	0.021229	0.022982	0.021229	39393
REQ_USD	2019-01-01	0.021229	0.020993	0.021393	0.020789	3553
REQ_USD	2018-12-31	0.020993	0.016765	0.021692	0.013400	81212
REQ_USD	2018-12-30	0.016765	0.021461	0.021461	0.016765	130
REQ_USD	2018-12-29	0.021461	0.022828	0.023000	0.021461	15916
REQ_USD	2018-12-28	0.022828	0.022958	0.023000	0.022828	4233
REQ_USD	2018-12-27	0.022958	0.021907	0.022958	0.019413	17452
REQ_USD	2018-12-26	0.021907	0.023434	0.023434	0.021907	1388
REQ_USD	2018-12-25	0.023434	0.027747	0.027747	0.022951	11632
REQ_USD	2018-12-24	0.027747	0.027287	0.028723	0.021014	20844
REQ_USD	2018-12-23	0.027287	0.023599	0.027301	0.022797	36497
REQ_USD	2018-12-22	0.023599	0.022218	0.023599	0.022218	163870
REQ_USD	2018-12-21	0.022218	0.023500	0.023500	0.022097	6061
REQ_USD	2018-12-20	0.023500	0.022316	0.023500	0.021261	27288
REQ_USD	2018-12-19	0.022316	0.021700	0.022800	0.021700	42190
REQ_USD	2018-12-18	0.021700	0.019151	0.021700	0.018004	28132
REQ_USD	2018-12-17	0.019151	0.022517	0.027296	0.019140	76926
REQ_USD	2018-12-16	0.022517	0.021725	0.022828	0.020785	8177
REQ_USD	2018-12-15	0.021725	0.020202	0.022220	0.019555	12367
REQ_USD	2018-12-14	0.020202	0.017600	0.020202	0.017600	5452
REQ_USD	2018-12-13	0.017600	0.019053	0.019053	0.017600	2775
REQ_USD	2018-12-12	0.019053	0.020600	0.020600	0.019053	5383
REQ_USD	2018-12-11	0.020600	0.020100	0.021400	0.019000	169665
REQ_USD	2018-12-10	0.020100	0.019013	0.020700	0.017643	1089
REQ_USD	2018-12-09	0.019013	0.020627	0.022653	0.018746	64537
REQ_USD	2018-12-08	0.020627	0.019499	0.024496	0.019408	50554
REQ_USD	2018-12-07	0.019499	0.021747	0.022084	0.015515	33833
REQ_USD	2018-12-06	0.021747	0.023200	0.023200	0.020800	22481
REQ_USD	2018-12-05	0.023200	0.027092	0.027200	0.023200	13433
REQ_USD	2018-12-04	0.027092	0.026403	0.027092	0.018804	144761
REQ_USD	2018-12-03	0.026403	0.024913	0.045948	0.014952	262684
REQ_USD	2018-12-02	0.024913	0.026637	0.043746	0.023007	163156
REQ_USD	2018-12-01	0.026637	0.025296	0.028154	0.025296	60937
REQ_USD	2018-11-30	0.025296	0.025908	0.026421	0.024086	246016
REQ_USD	2018-11-29	0.025908	0.028347	0.028396	0.024204	131194
REQ_USD	2018-11-28	0.028347	0.025442	0.031191	0.025387	179542
REQ_USD	2018-11-27	0.025442	0.027328	0.032220	0.022247	216064
REQ_USD	2018-11-26	0.027328	0.020759	0.036852	0.020759	440119
REQ_USD	2018-11-25	0.020759	0.021389	0.024242	0.019282	11722
REQ_USD	2018-11-24	0.021389	0.024916	0.026023	0.020758	5084
REQ_USD	2018-11-23	0.024916	0.023976	0.026667	0.022626	46907
REQ_USD	2018-11-22	0.023976	0.026108	0.027498	0.023976	106873
REQ_USD	2018-11-21	0.026108	0.022612	0.026133	0.022339	1118
REQ_USD	2018-11-20	0.022612	0.031733	0.032260	0.022612	80577
REQ_USD	2018-11-19	0.031733	0.038386	0.038386	0.031733	19933
REQ_USD	2018-11-18	0.038386	0.037509	0.038386	0.037420	8342
REQ_USD	2018-11-17	0.037509	0.036710	0.037732	0.036279	70835
REQ_USD	2018-11-16	0.036710	0.037894	0.038256	0.035940	96673
REQ_USD	2018-11-15	0.037894	0.040030	0.040495	0.035175	107833
REQ_USD	2018-11-14	0.040030	0.048611	0.049714	0.036535	430726
REQ_USD	2018-11-13	0.048611	0.048775	0.059362	0.043283	111365
REQ_USD	2018-11-12	0.048775	0.051965	0.051965	0.048769	39995
REQ_USD	2018-11-11	0.051965	0.051990	0.051990	0.050018	3850
REQ_USD	2018-11-10	0.051990	0.052137	0.052666	0.050119	14127
REQ_USD	2018-11-09	0.052137	0.052004	0.053477	0.050000	46112
REQ_USD	2018-11-08	0.052004	0.052519	0.054187	0.050416	32581
REQ_USD	2018-11-07	0.052519	0.049346	0.052519	0.048045	15197
REQ_USD	2018-11-06	0.049346	0.050409	0.050473	0.036400	79416
REQ_USD	2018-11-05	0.050409	0.049992	0.052135	0.045928	46170
REQ_USD	2018-11-04	0.049992	0.048804	0.050012	0.048774	35456
REQ_USD	2018-11-03	0.048804	0.054689	0.055565	0.048804	34475
REQ_USD	2018-11-02	0.054689	0.053989	0.056477	0.053989	28811
REQ_USD	2018-11-01	0.053989	0.053009	0.056197	0.051402	25243
REQ_USD	2018-10-31	0.053009	0.053500	0.053567	0.048959	162201
REQ_USD	2018-10-30	0.053500	0.048258	0.058647	0.048015	81157
REQ_USD	2018-10-29	0.048258	0.052972	0.053196	0.047851	22736
REQ_USD	2018-10-28	0.052972	0.048575	0.053297	0.048575	18197
REQ_USD	2018-10-27	0.048575	0.052081	0.052123	0.048575	26082
REQ_USD	2018-10-26	0.052081	0.052273	0.054229	0.050567	49298
REQ_USD	2018-10-25	0.052273	0.057750	0.057753	0.050609	192111
REQ_USD	2018-10-24	0.057750	0.056682	0.059104	0.055050	136529
REQ_USD	2018-10-23	0.056682	0.059400	0.059400	0.056682	45860
REQ_USD	2018-10-22	0.059400	0.061828	0.061828	0.058922	28720
REQ_USD	2018-10-21	0.061828	0.063842	0.066824	0.061828	149884
REQ_USD	2018-10-20	0.063842	0.069876	0.077237	0.060652	538196
REQ_USD	2018-10-19	0.069876	0.062110	0.069920	0.061947	318113
REQ_USD	2018-10-18	0.062110	0.059857	0.064173	0.059042	200519
REQ_USD	2018-10-17	0.059857	0.060364	0.064649	0.058946	425131
REQ_USD	2018-10-16	0.060364	0.058869	0.061150	0.052603	466030
REQ_USD	2018-10-15	0.058869	0.053392	0.064626	0.053392	811797
REQ_USD	2018-10-14	0.053392	0.045800	0.056349	0.044557	217454
REQ_USD	2018-10-13	0.045800	0.042588	0.046894	0.042588	141155
REQ_USD	2018-10-12	0.042588	0.042400	0.053806	0.042400	279101
REQ_USD	2018-10-11	0.042400	0.047313	0.058200	0.038200	67431
REQ_USD	2018-10-10	0.047313	0.046097	0.047997	0.044882	9133
REQ_USD	2018-10-09	0.046097	0.045700	0.046999	0.043710	14540
REQ_USD	2018-10-08	0.045700	0.043692	0.046600	0.043644	7225
REQ_USD	2018-10-07	0.043692	0.046595	0.047764	0.042673	138961
REQ_USD	2018-10-06	0.046595	0.047854	0.072225	0.045280	382610
REQ_USD	2018-10-05	0.047854	0.045587	0.047856	0.044555	19199
REQ_USD	2018-10-04	0.045587	0.044944	0.047455	0.044816	57164
REQ_USD	2018-10-03	0.044944	0.047301	0.047301	0.044400	52609
REQ_USD	2018-10-02	0.047301	0.041481	0.050790	0.041458	150546
REQ_USD	2018-10-01	0.041481	0.049536	0.050253	0.041479	370235
REQ_USD	2018-09-30	0.049536	0.044778	0.049536	0.044417	233180
REQ_USD	2018-09-29	0.044778	0.040794	0.046243	0.040784	35739
REQ_USD	2018-09-28	0.040794	0.041500	0.043100	0.040794	2724
REQ_USD	2018-09-27	0.041500	0.039443	0.041500	0.039100	3705
REQ_USD	2018-09-26	0.039443	0.042910	0.042910	0.039226	7793
REQ_USD	2018-09-25	0.042910	0.040800	0.046480	0.031258	191896
REQ_USD	2018-09-24	0.040800	0.043100	0.045500	0.038500	76392
REQ_USD	2018-09-23	0.043100	0.040993	0.043100	0.040244	13819
REQ_USD	2018-09-22	0.040993	0.043133	0.047894	0.039742	28725
REQ_USD	2018-09-21	0.043133	0.040596	0.047488	0.040587	74292
REQ_USD	2018-09-20	0.040596	0.039857	0.040596	0.039658	4765
REQ_USD	2018-09-19	0.039857	0.036790	0.040398	0.036782	139691
REQ_USD	2018-09-18	0.036790	0.034363	0.039933	0.033247	123975
REQ_USD	2018-09-17	0.034363	0.036300	0.046981	0.034265	98170
REQ_USD	2018-09-16	0.036300	0.036200	0.040300	0.033200	113309
REQ_USD	2018-09-15	0.036200	0.035300	0.036200	0.034700	7907
REQ_USD	2018-09-14	0.035300	0.035182	0.039522	0.030071	51775
REQ_USD	2018-09-13	0.035182	0.030245	0.036802	0.030245	68130
REQ_USD	2018-09-12	0.030245	0.032529	0.038897	0.027661	109980
REQ_USD	2018-09-11	0.032529	0.034880	0.034918	0.031696	134225
REQ_USD	2018-09-10	0.034880	0.034800	0.040176	0.033016	152392
REQ_USD	2018-09-09	0.034800	0.036500	0.036500	0.032502	5830
REQ_USD	2018-09-08	0.036500	0.038800	0.038800	0.036500	4374
REQ_USD	2018-09-07	0.038800	0.037860	0.041300	0.037400	17252
REQ_USD	2018-09-06	0.037860	0.039912	0.040166	0.037417	14826
REQ_USD	2018-09-05	0.039912	0.051472	0.052375	0.039912	81182
REQ_USD	2018-09-04	0.051472	0.051145	0.051550	0.049700	52953
REQ_USD	2018-09-03	0.051145	0.047702	0.051145	0.047516	9869
REQ_USD	2018-09-02	0.047702	0.051777	0.051889	0.046787	1487
REQ_USD	2018-09-01	0.051777	0.048549	0.071235	0.047957	126914
REQ_USD	2018-08-31	0.048549	0.046700	0.049182	0.046562	4320
REQ_USD	2018-08-30	0.046700	0.046701	0.046720	0.046700	663
REQ_USD	2018-08-29	0.046701	0.049797	0.050095	0.046513	12826
REQ_USD	2018-08-28	0.049797	0.047482	0.050892	0.047215	98379
REQ_USD	2018-08-27	0.047482	0.043700	0.047515	0.043699	9106
REQ_USD	2018-08-26	0.043700	0.043875	0.044425	0.029746	17443
REQ_USD	2018-08-25	0.043875	0.043620	0.043876	0.040333	171603
REQ_USD	2018-08-24	0.043620	0.039600	0.043716	0.039600	11262
REQ_USD	2018-08-23	0.039600	0.038036	0.039600	0.037516	132955
REQ_USD	2018-08-22	0.038036	0.039323	0.043463	0.037350	169450
REQ_USD	2018-08-21	0.039323	0.042986	0.043000	0.037800	6477
REQ_USD	2018-08-20	0.042986	0.038155	0.042986	0.038155	6749
REQ_USD	2018-08-19	0.038155	0.036692	0.038165	0.036602	6738
REQ_USD	2018-08-18	0.036692	0.041281	0.041827	0.036692	126991
REQ_USD	2018-08-17	0.041281	0.033679	0.041281	0.033679	83352
REQ_USD	2018-08-16	0.033679	0.034932	0.035900	0.030200	71414
REQ_USD	2018-08-15	0.034932	0.033735	0.035069	0.032078	33501
REQ_USD	2018-08-14	0.033735	0.032889	0.033735	0.029775	82613
REQ_USD	2018-08-13	0.032889	0.039400	0.039400	0.031576	40464
REQ_USD	2018-08-12	0.039400	0.037774	0.041207	0.037508	77412
REQ_USD	2018-08-11	0.037774	0.045914	0.045914	0.037031	33918
REQ_USD	2018-08-10	0.045914	0.045931	0.046472	0.045629	35359
REQ_USD	2018-08-09	0.045931	0.046764	0.051732	0.043159	111724
REQ_USD	2018-08-08	0.046764	0.049904	0.054621	0.042273	57392
REQ_USD	2018-08-07	0.049904	0.047482	0.091602	0.046163	868436
REQ_USD	2018-08-06	0.047482	0.046300	0.051117	0.046300	59720
REQ_USD	2018-08-05	0.046300	0.045665	0.048200	0.044733	14794
REQ_USD	2018-08-04	0.045665	0.048554	0.048554	0.045483	24227
REQ_USD	2018-08-03	0.048554	0.048808	0.050700	0.047150	29687
REQ_USD	2018-08-02	0.048808	0.052542	0.052751	0.048450	12108
REQ_USD	2018-08-01	0.052542	0.057649	0.057649	0.051573	39974
REQ_USD	2018-07-31	0.057649	0.065855	0.065855	0.057615	13791
REQ_USD	2018-07-30	0.065855	0.068111	0.072832	0.063245	41654
REQ_USD	2018-07-29	0.068111	0.065442	0.070897	0.065029	47154
REQ_USD	2018-07-28	0.065442	0.066780	0.066780	0.064694	19507
REQ_USD	2018-07-27	0.066780	0.065776	0.115174	0.063709	162316
REQ_USD	2018-07-26	0.065776	0.068196	0.072162	0.065776	47784
REQ_USD	2018-07-25	0.068196	0.067360	0.069223	0.065668	48122
REQ_USD	2018-07-24	0.067360	0.067091	0.069274	0.064651	64104
REQ_USD	2018-07-23	0.067091	0.069906	0.076011	0.065573	135512
REQ_USD	2018-07-22	0.069906	0.072935	0.072935	0.069906	8093
REQ_USD	2018-07-21	0.072935	0.067055	0.074067	0.067050	84899
REQ_USD	2018-07-20	0.067055	0.080296	0.089516	0.067055	63058
REQ_USD	2018-07-19	0.080296	0.086757	0.089222	0.078064	261504
REQ_USD	2018-07-18	0.086757	0.077727	0.094450	0.076932	231957
REQ_USD	2018-07-17	0.077727	0.071939	0.081739	0.069539	49844
REQ_USD	2018-07-16	0.071939	0.066166	0.072999	0.066066	52946
REQ_USD	2018-07-15	0.066166	0.063300	0.066336	0.062744	50723
REQ_USD	2018-07-14	0.063300	0.065261	0.067198	0.063300	3454
REQ_USD	2018-07-13	0.065261	0.065409	0.066617	0.065261	8357
REQ_USD	2018-07-12	0.065409	0.070192	0.070192	0.064955	10905
REQ_USD	2018-07-11	0.070192	0.072783	0.072783	0.067888	7672
REQ_USD	2018-07-10	0.072783	0.076010	0.076010	0.071076	13222
REQ_USD	2018-07-09	0.076010	0.083817	0.083819	0.076010	570535
REQ_USD	2018-07-08	0.083817	0.080386	0.084263	0.076639	46203
REQ_USD	2018-07-07	0.080386	0.079682	0.080386	0.073388	41188
REQ_USD	2018-07-06	0.079682	0.080444	0.080819	0.078796	8170
REQ_USD	2018-07-05	0.080444	0.083953	0.086460	0.080399	32799
REQ_USD	2018-07-04	0.083953	0.078319	0.087954	0.075954	77879
REQ_USD	2018-07-03	0.078319	0.091636	0.091723	0.076216	253225
REQ_USD	2018-07-02	0.091636	0.085633	0.091636	0.077676	406519
REQ_USD	2018-07-01	0.082474	0.073092	0.086607	0.071754	70464
REQ_USD	2018-06-30	0.073092	0.071805	0.074488	0.071628	74664
REQ_USD	2018-06-29	0.071805	0.068734	0.073720	0.064140	76542
REQ_USD	2018-06-28	0.069049	0.071500	0.075208	0.067200	26959
REQ_USD	2018-06-27	0.071500	0.073298	0.073314	0.069600	7380
REQ_USD	2018-06-26	0.073298	0.078694	0.078694	0.073298	15056
REQ_USD	2018-06-25	0.078694	0.074377	0.079316	0.074075	37451
REQ_USD	2018-06-24	0.074377	0.083738	0.083753	0.069364	19491
REQ_USD	2018-06-23	0.083738	0.078200	0.088528	0.078200	64325
REQ_USD	2018-06-22	0.079370	0.093185	0.093185	0.077377	53820
REQ_USD	2018-06-21	0.093186	0.091790	0.095328	0.087580	94397
REQ_USD	2018-06-20	0.089775	0.098625	0.098625	0.089775	53766
REQ_USD	2018-06-19	0.098625	0.105057	0.105838	0.098289	218605
REQ_USD	2018-06-18	0.104997	0.103687	0.112094	0.096372	310461
REQ_USD	2018-06-17	0.103677	0.098835	0.136985	0.098835	675329
REQ_USD	2018-06-16	0.098134	0.092542	0.098843	0.092323	34680
REQ_USD	2018-06-15	0.092540	0.092197	0.096944	0.089082	118487
REQ_USD	2018-06-14	0.092197	0.084500	0.096071	0.084500	64433
REQ_USD	2018-06-13	0.084500	0.088644	0.094933	0.081413	42767
REQ_USD	2018-06-12	0.088642	0.099813	0.102886	0.088642	85591
REQ_USD	2018-06-11	0.099813	0.100466	0.103029	0.097670	30877
REQ_USD	2018-06-10	0.100463	0.120017	0.130199	0.094144	139189
REQ_USD	2018-06-09	0.120409	0.124840	0.124840	0.120409	25386
REQ_USD	2018-06-08	0.124811	0.132055	0.132344	0.119457	97541
REQ_USD	2018-06-07	0.114138	0.134988	0.140361	0.114138	46563
REQ_USD	2018-06-06	0.135353	0.142900	0.146152	0.133124	81643
REQ_USD	2018-06-05	0.144100	0.140351	0.145200	0.135300	86536
REQ_USD	2018-06-04	0.140355	0.151527	0.151655	0.138727	46598
REQ_USD	2018-06-03	0.151519	0.146812	0.200482	0.144432	167575
REQ_USD	2018-06-02	0.146559	0.142108	0.153371	0.140859	139114
REQ_USD	2018-06-01	0.142102	0.144073	0.146665	0.139454	67994
REQ_USD	2018-05-31	0.144071	0.143492	0.147100	0.136821	170945
REQ_USD	2018-05-30	0.137449	0.146025	0.149822	0.132206	386050
REQ_USD	2018-05-29	0.146025	0.132204	0.165086	0.129969	1383949
REQ_USD	2018-05-28	0.132204	0.150283	0.150655	0.132204	126314
REQ_USD	2018-05-27	0.150284	0.156508	0.156572	0.148307	27170
REQ_USD	2018-05-26	0.156467	0.143683	0.166156	0.143683	31839
REQ_USD	2018-05-25	0.143683	0.160806	0.166239	0.143417	50405
REQ_USD	2018-05-24	0.160805	0.149962	0.160816	0.143829	119696
REQ_USD	2018-05-23	0.152961	0.174004	0.174013	0.143093	168777
REQ_USD	2018-05-22	0.174004	0.181906	0.187431	0.174004	112546
REQ_USD	2018-05-21	0.181906	0.191428	0.194275	0.179253	87882
REQ_USD	2018-05-20	0.191428	0.191961	0.194964	0.179005	88000
REQ_USD	2018-05-19	0.191961	0.182963	0.191961	0.181268	49756
REQ_USD	2018-05-18	0.182963	0.186311	0.188702	0.177279	103811
REQ_USD	2018-05-17	0.186328	0.196057	0.204578	0.186328	64347
REQ_USD	2018-05-16	0.188689	0.202969	0.203006	0.185154	78723
REQ_USD	2018-05-15	0.203008	0.216430	0.222992	0.202692	54410
REQ_USD	2018-05-14	0.216400	0.220827	0.227700	0.198610	121465
REQ_USD	2018-05-13	0.220827	0.201957	0.223946	0.196347	57830
REQ_USD	2018-05-12	0.201957	0.202792	0.215844	0.186845	150064
REQ_USD	2018-05-11	0.202792	0.227100	0.227100	0.193169	100163
REQ_USD	2018-05-10	0.227100	0.243145	0.256795	0.216463	220161
REQ_USD	2018-05-09	0.243145	0.255576	0.255598	0.234779	59140
REQ_USD	2018-05-08	0.255576	0.262921	0.262924	0.248146	169576
REQ_USD	2018-05-07	0.263427	0.262199	0.272435	0.248550	232532
REQ_USD	2018-05-06	0.262199	0.292284	0.298111	0.259551	314434
REQ_USD	2018-05-05	0.292287	0.289453	0.323754	0.287448	630068
REQ_USD	2018-05-04	0.289453	0.290826	0.290835	0.272225	250401
REQ_USD	2018-05-03	0.290826	0.290907	0.300986	0.274535	384926
REQ_USD	2018-05-02	0.290907	0.276700	0.296476	0.265332	356616
REQ_USD	2018-05-01	0.276700	0.272037	0.287489	0.255094	268519
REQ_USD	2018-04-30	0.272037	0.265186	0.294276	0.256940	414800
REQ_USD	2018-04-29	0.265186	0.266024	0.282738	0.260440	480341
REQ_USD	2018-04-28	0.266024	0.257509	0.281387	0.251499	455937
REQ_USD	2018-04-27	0.257509	0.241632	0.271913	0.237541	189123
REQ_USD	2018-04-26	0.241632	0.223096	0.245665	0.219531	87538
REQ_USD	2018-04-25	0.223096	0.289202	0.290911	0.221055	316012
REQ_USD	2018-04-24	0.289162	0.251417	0.296787	0.248194	215703
REQ_USD	2018-04-23	0.251417	0.240802	0.273477	0.217084	211930
REQ_USD	2018-04-22	0.240802	0.220194	0.246749	0.213186	179240
REQ_USD	2018-04-21	0.220194	0.237721	0.239333	0.204262	158318
REQ_USD	2018-04-20	0.237721	0.228980	0.251236	0.196795	214924
REQ_USD	2018-04-19	0.228981	0.212597	0.232186	0.212279	66366
REQ_USD	2018-04-18	0.212596	0.200478	0.216300	0.200171	30941
REQ_USD	2018-04-17	0.200478	0.207288	0.215886	0.193343	71514
REQ_USD	2018-04-16	0.207288	0.210822	0.215149	0.190628	206104
REQ_USD	2018-04-15	0.210822	0.215490	0.215515	0.201813	41878
REQ_USD	2018-04-14	0.215490	0.193592	0.218036	0.190237	58905
REQ_USD	2018-04-13	0.193592	0.184312	0.210879	0.158012	552653
REQ_USD	2018-04-12	0.184311	0.168942	0.187761	0.144156	165525
REQ_USD	2018-04-11	0.168942	0.157174	0.170454	0.155255	44538
REQ_USD	2018-04-10	0.157174	0.155901	0.164901	0.151776	5092
REQ_USD	2018-04-09	0.155901	0.168808	0.173539	0.155238	19224
REQ_USD	2018-04-08	0.168808	0.157287	0.171090	0.152226	74107
REQ_USD	2018-04-07	0.157287	0.142596	0.164240	0.141177	96909
REQ_USD	2018-04-06	0.142604	0.145706	0.149896	0.138100	49974
REQ_USD	2018-04-05	0.145706	0.148246	0.149604	0.140610	59582
REQ_USD	2018-04-04	0.148246	0.164782	0.171707	0.145824	94247
REQ_USD	2018-04-03	0.164782	0.147509	0.185912	0.147509	14255
REQ_USD	2018-04-02	0.147509	0.149347	0.150242	0.145352	5937
REQ_USD	2018-04-01	0.149347	0.130837	0.162133	0.130810	22480
REQ_USD	2018-03-31	0.130837	0.162171	0.178100	0.130837	202175
REQ_USD	2018-03-30	0.162171	0.182985	0.231984	0.156790	116084
REQ_USD	2018-03-29	0.182985	0.210870	0.216362	0.182985	42369
REQ_USD	2018-03-28	0.210911	0.222746	0.223294	0.210321	36386
REQ_USD	2018-03-27	0.222746	0.234629	0.234629	0.210103	18604
REQ_USD	2018-03-26	0.234629	0.248042	0.269891	0.211754	96806
REQ_USD	2018-03-25	0.248043	0.231146	0.272719	0.227217	32250
REQ_USD	2018-03-24	0.231152	0.206636	0.247952	0.206536	15710
REQ_USD	2018-03-23	0.206635	0.219846	0.226718	0.193721	37424
REQ_USD	2018-03-22	0.219846	0.234526	0.256964	0.205282	44655
REQ_USD	2018-03-21	0.234526	0.213855	0.239107	0.205213	55701
REQ_USD	2018-03-20	0.213855	0.173316	0.213855	0.166653	67627
REQ_USD	2018-03-19	0.173316	0.158699	0.217774	0.145038	81224
REQ_USD	2018-03-18	0.158698	0.158706	0.161004	0.113947	76056
REQ_USD	2018-03-17	0.158706	0.181429	0.185991	0.158706	11921
REQ_USD	2018-03-16	0.181429	0.191488	0.193892	0.161692	15083
REQ_USD	2018-03-15	0.191488	0.185165	0.192433	0.154253	28456
REQ_USD	2018-03-14	0.185165	0.202798	0.215252	0.184996	30628
REQ_USD	2018-03-13	0.202798	0.200318	0.216179	0.200040	14449
REQ_USD	2018-03-12	0.200318	0.214222	0.220028	0.200318	76590
REQ_USD	2018-03-11	0.214222	0.196234	0.223304	0.185233	26902
REQ_USD	2018-03-10	0.196234	0.208225	0.228514	0.196212	45177
REQ_USD	2018-03-09	0.208225	0.211921	0.211921	0.180598	34979
REQ_USD	2018-03-08	0.211921	0.240285	0.240290	0.211424	17130
REQ_USD	2018-03-07	0.240285	0.264682	0.269217	0.220242	48441
REQ_USD	2018-03-06	0.264676	0.294381	0.294386	0.264675	9036
REQ_USD	2018-03-05	0.294381	0.293421	0.303958	0.293421	18823
REQ_USD	2018-03-04	0.293421	0.298598	0.298598	0.270105	4682
REQ_USD	2018-03-03	0.298598	0.295969	0.311410	0.286809	5224
REQ_USD	2018-03-02	0.295969	0.286973	0.308315	0.282092	60092
REQ_USD	2018-03-01	0.286973	0.280958	0.311996	0.278253	38903
REQ_USD	2018-02-28	0.280958	0.305487	0.309651	0.280958	8757
REQ_USD	2018-02-27	0.305487	0.295514	0.324716	0.295514	40034
REQ_USD	2018-02-26	0.295514	0.296400	0.324794	0.289656	56196
REQ_USD	2018-02-25	0.296400	0.294047	0.299346	0.290656	8929
REQ_USD	2018-02-24	0.294047	0.304074	0.322949	0.294047	156325
REQ_USD	2018-02-23	0.304074	0.290661	0.354088	0.260936	122716
REQ_USD	2018-02-22	0.290661	0.274566	0.342310	0.257800	45286
REQ_USD	2018-02-21	0.274566	0.288668	0.288757	0.266442	89191
REQ_USD	2018-02-20	0.288668	0.317800	0.321017	0.288639	92880
REQ_USD	2018-02-19	0.317800	0.318528	0.350217	0.316049	20534
REQ_USD	2018-02-18	0.318528	0.354565	0.354567	0.313083	22846
REQ_USD	2018-02-17	0.354565	0.326302	0.357722	0.326302	42926
REQ_USD	2018-02-16	0.326302	0.341507	0.346480	0.324910	8496
REQ_USD	2018-02-15	0.341507	0.314643	0.369070	0.311356	82375
REQ_USD	2018-02-14	0.314643	0.276729	0.333373	0.274572	32244
REQ_USD	2018-02-13	0.276729	0.296716	0.300359	0.266638	47850
REQ_USD	2018-02-12	0.296716	0.265324	0.317240	0.261313	71485
REQ_USD	2018-02-11	0.265324	0.268023	0.303289	0.242935	60660
REQ_USD	2018-02-10	0.268023	0.309831	0.318292	0.264800	225112
REQ_USD	2018-02-09	0.309831	0.288615	0.316957	0.259161	80266
REQ_USD	2018-02-08	0.288615	0.265148	0.318975	0.252729	55904
REQ_USD	2018-02-07	0.265148	0.294406	0.308559	0.242209	94922
REQ_USD	2018-02-06	0.294406	0.205413	0.314148	0.160300	99785
REQ_USD	2018-02-05	0.205413	0.285873	0.285883	0.177879	50635
REQ_USD	2018-02-04	0.285873	0.339174	0.343094	0.262166	62332
REQ_USD	2018-02-03	0.339174	0.317707	0.364144	0.291409	41890
REQ_USD	2018-02-02	0.317707	0.346965	0.356708	0.262774	267434
