RPI_USD	2019-01-27	0.000362	0.000362	0.000362	0.000362	0
RPI_USD	2019-01-26	0.000362	0.000362	0.000362	0.000362	0
RPI_USD	2019-01-25	0.000362	0.000362	0.000362	0.000362	0
RPI_USD	2019-01-24	0.000362	0.000362	0.000362	0.000362	0
RPI_USD	2019-01-23	0.000362	0.000362	0.000362	0.000362	0
RPI_USD	2019-01-22	0.000362	0.000362	0.000362	0.000362	0
RPI_USD	2019-01-21	0.000362	0.000362	0.000362	0.000362	0
RPI_USD	2019-01-20	0.000362	0.000362	0.000362	0.000362	0
RPI_USD	2019-01-19	0.000362	0.000362	0.000362	0.000362	0
RPI_USD	2019-01-18	0.000362	0.000362	0.000362	0.000362	0
RPI_USD	2019-01-17	0.000362	0.000362	0.000362	0.000362	0
RPI_USD	2019-01-16	0.000362	0.000362	0.000362	0.000362	0
RPI_USD	2019-01-15	0.000362	0.000362	0.000362	0.000362	0
RPI_USD	2019-01-14	0.000362	0.000359	0.000363	0.000358	0
RPI_USD	2019-01-13	0.000359	0.000370	0.000372	0.000357	0
RPI_USD	2019-01-12	0.000370	0.000371	0.000373	0.000367	0
RPI_USD	2019-01-11	0.000371	0.000371	0.000377	0.000367	0
RPI_USD	2019-01-10	0.000371	0.000408	0.000414	0.000369	0
RPI_USD	2019-01-09	0.000408	0.000410	0.000416	0.000404	0
RPI_USD	2019-01-08	0.000410	0.000411	0.000421	0.000406	0
RPI_USD	2019-01-07	0.000411	0.000417	0.000420	0.000408	0
RPI_USD	2019-01-06	0.000417	0.000391	0.000782	0.000389	0
RPI_USD	2019-01-05	0.000391	0.000396	0.000401	0.000390	0
RPI_USD	2019-01-04	0.000396	0.000392	0.000399	0.000386	0
RPI_USD	2019-01-03	0.000392	0.000405	0.000405	0.000390	0
RPI_USD	2019-01-02	0.000405	0.000396	0.000407	0.000392	0
RPI_USD	2019-01-01	0.000396	0.000383	0.000398	0.000379	0
RPI_USD	2018-12-31	0.000383	0.000397	0.000398	0.000378	0
RPI_USD	2018-12-30	0.000397	0.000388	0.000399	0.000385	0
RPI_USD	2018-12-29	0.000388	0.000404	0.000409	0.000387	0
RPI_USD	2018-12-28	0.000404	0.000371	0.000408	0.000370	0
RPI_USD	2018-12-27	0.000371	0.000393	0.000396	0.000369	0
RPI_USD	2018-12-26	0.000393	0.000391	0.000399	0.000381	0
RPI_USD	2018-12-25	0.000391	0.000415	0.000415	0.000382	0
RPI_USD	2018-12-24	0.000414	0.000407	0.000438	0.000407	0
RPI_USD	2018-12-23	0.000407	0.000413	0.000421	0.000404	0
RPI_USD	2018-12-22	0.000413	0.000397	0.000415	0.000392	0
RPI_USD	2018-12-21	0.000397	0.000421	0.000429	0.000391	0
RPI_USD	2018-12-20	0.000421	0.000381	0.000430	0.000378	0
RPI_USD	2018-12-19	0.000381	0.000378	0.000404	0.000376	0
RPI_USD	2018-12-18	0.000378	0.000363	0.000380	0.000355	0
RPI_USD	2018-12-17	0.000363	0.000379	0.000385	0.000334	0
RPI_USD	2018-12-16	0.000379	0.000378	0.000388	0.000377	0
RPI_USD	2018-12-15	0.000378	0.000377	0.000382	0.000370	0
RPI_USD	2018-12-14	0.000377	0.000385	0.000389	0.000371	0
RPI_USD	2018-12-13	0.000385	0.000407	0.000407	0.000383	0
RPI_USD	2018-12-12	0.000407	0.000394	0.000415	0.000393	0
RPI_USD	2018-12-11	0.000397	0.000405	0.000408	0.000391	0
RPI_USD	2018-12-10	0.000405	0.000419	0.000425	0.000400	0
RPI_USD	2018-12-09	0.000419	0.000403	0.000434	0.000399	0
RPI_USD	2018-12-08	0.000403	0.000398	0.000421	0.000381	0
RPI_USD	2018-12-07	0.000398	0.000407	0.000414	0.000378	0
RPI_USD	2018-12-06	0.000407	0.000433	0.000450	0.000404	0
RPI_USD	2018-12-05	0.000433	0.000458	0.000460	0.000431	0
RPI_USD	2018-12-04	0.000458	0.000449	0.000475	0.000438	0
RPI_USD	2018-12-03	0.000449	0.000478	0.000481	0.000442	0
RPI_USD	2018-12-02	0.000478	0.000488	0.000501	0.000475	0
RPI_USD	2018-12-01	0.000488	0.000464	0.000499	0.000458	0
RPI_USD	2018-11-30	0.000464	0.000496	0.000501	0.000456	0
RPI_USD	2018-11-29	0.000496	0.000495	0.000514	0.000481	0
RPI_USD	2018-11-28	0.000495	0.000524	0.000533	0.000450	0
RPI_USD	2018-11-27	0.000524	0.000521	0.000532	0.000501	0
RPI_USD	2018-11-26	0.000521	0.000595	0.000608	0.000502	0
RPI_USD	2018-11-25	0.000595	0.000531	0.000609	0.000494	0
RPI_USD	2018-11-24	0.000531	0.000597	0.000610	0.000518	0
RPI_USD	2018-11-23	0.000597	0.000637	0.000641	0.000574	0
RPI_USD	2018-11-22	0.000637	0.000677	0.000684	0.000607	0
RPI_USD	2018-11-21	0.000677	0.000597	0.000692	0.000576	0
RPI_USD	2018-11-20	0.000597	0.000667	0.000732	0.000556	0
RPI_USD	2018-11-19	0.000667	0.000849	0.000849	0.000660	0
RPI_USD	2018-11-18	0.000849	0.000816	0.000857	0.000816	0
RPI_USD	2018-11-17	0.000816	0.000821	0.000821	0.000808	0
RPI_USD	2018-11-16	0.000821	0.000834	0.000835	0.000805	0
RPI_USD	2018-11-15	0.000834	0.000883	0.000889	0.000816	0
RPI_USD	2018-11-14	0.000883	0.000970	0.000970	0.000856	0
RPI_USD	2018-11-13	0.000970	0.000967	0.000975	0.000961	0
RPI_USD	2018-11-12	0.000967	0.000937	0.001004	0.000931	0
RPI_USD	2018-11-11	0.000937	0.000836	0.000937	0.000836	0
RPI_USD	2018-11-10	0.000836	0.000803	0.000840	0.000802	0
RPI_USD	2018-11-09	0.000803	0.000875	0.000878	0.000799	0
RPI_USD	2018-11-08	0.000875	0.000920	0.000952	0.000849	0
RPI_USD	2018-11-07	0.000920	0.001042	0.001057	0.000753	0
RPI_USD	2018-11-06	0.001042	0.001003	0.001042	0.000999	0
RPI_USD	2018-11-05	0.001003	0.001005	0.001007	0.000998	0
RPI_USD	2018-11-04	0.001005	0.000862	0.001009	0.000859	0
RPI_USD	2018-11-03	0.000862	0.000964	0.000965	0.000855	0
RPI_USD	2018-11-02	0.000964	0.000768	0.001031	0.000768	0
RPI_USD	2018-11-01	0.000768	0.000987	0.001146	0.000704	0
RPI_USD	2018-10-31	0.000987	0.000981	0.001056	0.000956	0
RPI_USD	2018-10-30	0.000981	0.001047	0.001053	0.000981	0
RPI_USD	2018-10-29	0.001047	0.001136	0.001138	0.001047	0
RPI_USD	2018-10-28	0.001136	0.001138	0.001166	0.001100	0
RPI_USD	2018-10-27	0.001138	0.001110	0.001145	0.001102	0
RPI_USD	2018-10-26	0.001110	0.001142	0.001174	0.001107	0
RPI_USD	2018-10-25	0.001142	0.001114	0.001148	0.001106	0
RPI_USD	2018-10-24	0.001114	0.001277	0.001282	0.000953	0
RPI_USD	2018-10-23	0.001277	0.001215	0.001284	0.001215	0
RPI_USD	2018-10-22	0.001215	0.001186	0.001225	0.001148	0
RPI_USD	2018-10-21	0.001186	0.001120	0.001231	0.001119	0
RPI_USD	2018-10-20	0.001120	0.001044	0.001348	0.001014	0
RPI_USD	2018-10-19	0.001044	0.001025	0.001055	0.000950	0
RPI_USD	2018-10-18	0.001025	0.001145	0.001152	0.001018	0
RPI_USD	2018-10-17	0.001145	0.001115	0.001349	0.001112	0
RPI_USD	2018-10-16	0.001115	0.001214	0.001275	0.001102	0
RPI_USD	2018-10-15	0.001214	0.001108	0.002074	0.001102	0
RPI_USD	2018-10-14	0.001108	0.001107	0.001120	0.001106	0
RPI_USD	2018-10-13	0.001107	0.001133	0.001167	0.001040	0
RPI_USD	2018-10-12	0.001133	0.001157	0.001174	0.001131	0
RPI_USD	2018-10-11	0.001157	0.001227	0.001227	0.001153	0
RPI_USD	2018-10-10	0.001227	0.001233	0.001255	0.001213	0
RPI_USD	2018-10-09	0.001233	0.001235	0.001236	0.001190	0
RPI_USD	2018-10-08	0.001235	0.001188	0.001240	0.001185	0
RPI_USD	2018-10-07	0.001188	0.001187	0.001194	0.001086	0
RPI_USD	2018-10-06	0.001187	0.001229	0.001230	0.001185	0
RPI_USD	2018-10-05	0.001229	0.001217	0.001233	0.001211	0
RPI_USD	2018-10-04	0.001217	0.001203	0.001227	0.001202	0
RPI_USD	2018-10-03	0.001203	0.001210	0.001212	0.001190	0
RPI_USD	2018-10-02	0.001210	0.001221	0.001227	0.001205	0
RPI_USD	2018-10-01	0.001221	0.001258	0.001264	0.001206	0
RPI_USD	2018-09-30	0.001258	0.001156	0.001263	0.001148	0
RPI_USD	2018-09-29	0.001156	0.001128	0.001160	0.001099	0
RPI_USD	2018-09-28	0.001128	0.001304	0.001331	0.001046	0
RPI_USD	2018-09-27	0.001304	0.001131	0.001338	0.001131	0
RPI_USD	2018-09-26	0.001131	0.001319	0.001343	0.001103	0
RPI_USD	2018-09-25	0.001319	0.001416	0.001416	0.001148	0
RPI_USD	2018-09-24	0.001416	0.001409	0.001438	0.001395	0
RPI_USD	2018-09-23	0.001409	0.001345	0.001415	0.001338	0
RPI_USD	2018-09-22	0.001345	0.001354	0.001373	0.001329	0
RPI_USD	2018-09-21	0.001354	0.001398	0.001412	0.001303	0
RPI_USD	2018-09-20	0.001398	0.001310	0.001403	0.001219	0
RPI_USD	2018-09-19	0.001310	0.001332	0.001397	0.001287	0
RPI_USD	2018-09-18	0.001332	0.001439	0.001490	0.001332	0
RPI_USD	2018-09-17	0.001439	0.001397	0.001785	0.001397	0
RPI_USD	2018-09-16	0.001397	0.001108	0.001434	0.001067	0
RPI_USD	2018-09-15	0.001108	0.001330	0.001440	0.000979	0
RPI_USD	2018-09-14	0.001330	0.001327	0.001350	0.001307	0
RPI_USD	2018-09-13	0.001327	0.001236	0.001336	0.001235	0
RPI_USD	2018-09-12	0.001236	0.001227	0.001238	0.001210	0
RPI_USD	2018-09-11	0.001227	0.001262	0.001277	0.001217	0
RPI_USD	2018-09-10	0.001262	0.001435	0.001460	0.001217	0
RPI_USD	2018-09-09	0.001435	0.001330	0.001470	0.001324	0
RPI_USD	2018-09-08	0.001330	0.001281	0.001330	0.001228	0
RPI_USD	2018-09-07	0.001281	0.001335	0.001372	0.001265	0
RPI_USD	2018-09-06	0.001335	0.001475	0.001478	0.001126	0
RPI_USD	2018-09-05	0.001475	0.001619	0.001627	0.001474	0
RPI_USD	2018-09-04	0.001619	0.001817	0.001817	0.001416	0
RPI_USD	2018-09-03	0.001817	0.001495	0.001930	0.001302	0
RPI_USD	2018-09-02	0.001495	0.001907	0.001909	0.001492	0
RPI_USD	2018-09-01	0.001907	0.001546	0.001913	0.001545	0
RPI_USD	2018-08-31	0.001546	0.001469	0.001584	0.001456	0
RPI_USD	2018-08-30	0.001469	0.001374	0.001469	0.001337	0
RPI_USD	2018-08-29	0.001374	0.001699	0.001701	0.001233	0
RPI_USD	2018-08-28	0.001699	0.001726	0.001739	0.001660	0
RPI_USD	2018-08-27	0.001726	0.001711	0.001784	0.001580	0
RPI_USD	2018-08-26	0.001711	0.001718	0.001761	0.001594	0
RPI_USD	2018-08-25	0.001718	0.001674	0.001748	0.001536	0
RPI_USD	2018-08-24	0.001674	0.001762	0.001787	0.001612	0
RPI_USD	2018-08-23	0.001762	0.001748	0.001773	0.001721	0
RPI_USD	2018-08-22	0.001748	0.001782	0.001888	0.001720	0
RPI_USD	2018-08-21	0.001782	0.001470	0.001818	0.001469	0
RPI_USD	2018-08-20	0.001470	0.001654	0.001716	0.001464	0
RPI_USD	2018-08-19	0.001654	0.001662	0.001668	0.001614	0
RPI_USD	2018-08-18	0.001662	0.001713	0.001719	0.001639	0
RPI_USD	2018-08-17	0.001713	0.001609	0.001739	0.001605	0
RPI_USD	2018-08-16	0.001609	0.001630	0.001683	0.001596	0
RPI_USD	2018-08-15	0.001630	0.001670	0.001786	0.001587	0
RPI_USD	2018-08-14	0.001670	0.001594	0.001945	0.001501	0
RPI_USD	2018-08-13	0.001594	0.001610	0.001667	0.001571	0
RPI_USD	2018-08-12	0.001610	0.001431	0.001645	0.001420	0
RPI_USD	2018-08-11	0.001431	0.001505	0.001537	0.001405	0
RPI_USD	2018-08-10	0.001505	0.001795	0.001808	0.001495	0
RPI_USD	2018-08-09	0.001795	0.001758	0.001821	0.001702	0
RPI_USD	2018-08-08	0.001758	0.002083	0.002083	0.001656	0
RPI_USD	2018-08-07	0.002083	0.002220	0.002262	0.002071	0
RPI_USD	2018-08-06	0.002220	0.002356	0.002394	0.002178	0
RPI_USD	2018-08-05	0.002356	0.002277	0.002424	0.002239	0
RPI_USD	2018-08-04	0.002277	0.002410	0.002458	0.002218	0
RPI_USD	2018-08-03	0.002410	0.002487	0.002487	0.002338	0
RPI_USD	2018-08-02	0.002487	0.002473	0.002505	0.002461	0
RPI_USD	2018-08-01	0.002473	0.002556	0.002559	0.002420	0
RPI_USD	2018-07-31	0.002556	0.002860	0.002862	0.002457	0
RPI_USD	2018-07-30	0.002860	0.002754	0.002871	0.002706	0
RPI_USD	2018-07-29	0.002754	0.002804	0.002886	0.002744	0
RPI_USD	2018-07-28	0.002804	0.003092	0.003092	0.002680	0
RPI_USD	2018-07-27	0.003092	0.003133	0.003133	0.003092	0
RPI_USD	2018-07-26	0.003133	0.003108	0.003175	0.002804	0
RPI_USD	2018-07-25	0.003108	0.003029	0.003177	0.002954	0
RPI_USD	2018-07-24	0.003029	0.002931	0.003157	0.002824	0
RPI_USD	2018-07-23	0.002931	0.002887	0.003034	0.002850	0
RPI_USD	2018-07-22	0.002887	0.002887	0.002983	0.002866	0
RPI_USD	2018-07-21	0.002887	0.002750	0.002904	0.002708	0
RPI_USD	2018-07-20	0.002750	0.003102	0.003102	0.002702	0
RPI_USD	2018-07-19	0.003102	0.003204	0.003350	0.002958	0
RPI_USD	2018-07-18	0.003204	0.003514	0.003701	0.003198	0
RPI_USD	2018-07-17	0.003514	0.003200	0.003521	0.003034	0
RPI_USD	2018-07-16	0.003200	0.002951	0.003205	0.002926	0
RPI_USD	2018-07-15	0.002951	0.002844	0.002967	0.002805	0
RPI_USD	2018-07-14	0.002844	0.002830	0.002884	0.002795	0
RPI_USD	2018-07-13	0.002830	0.003022	0.003042	0.002796	0
RPI_USD	2018-07-12	0.003022	0.003189	0.003189	0.002949	0
RPI_USD	2018-07-11	0.003189	0.003276	0.003319	0.002855	0
RPI_USD	2018-07-10	0.003276	0.003963	0.003975	0.003059	0
RPI_USD	2018-07-09	0.003963	0.004226	0.004245	0.003936	0
RPI_USD	2018-07-08	0.004226	0.004497	0.004508	0.004209	0
RPI_USD	2018-07-07	0.004497	0.004159	0.004539	0.004133	0
RPI_USD	2018-07-06	0.004159	0.003761	0.004210	0.003747	0
RPI_USD	2018-07-05	0.003761	0.003723	0.003784	0.003618	0
RPI_USD	2018-07-04	0.003723	0.003477	0.003914	0.003426	0
RPI_USD	2018-07-03	0.003477	0.003474	0.003719	0.000046	0
RPI_USD	2018-07-02	0.003474	0.003079	0.003631	0.000000	0
RPI_USD	2018-07-01	0.003080	0.003036	0.003110	0.002955	0
RPI_USD	2018-06-30	0.003036	0.002915	0.003113	0.002908	0
RPI_USD	2018-06-29	0.002918	0.002778	0.003042	0.002538	0
RPI_USD	2018-06-28	0.002783	0.003220	0.003265	0.002415	0
RPI_USD	2018-06-27	0.003220	0.003124	0.003308	0.003030	0
RPI_USD	2018-06-26	0.003134	0.003469	0.003561	0.003104	0
RPI_USD	2018-06-25	0.003467	0.003380	0.003706	0.003138	0
RPI_USD	2018-06-24	0.003381	0.002526	0.003388	0.002427	0
RPI_USD	2018-06-23	0.002522	0.002387	0.002663	0.002231	0
RPI_USD	2018-06-22	0.002387	0.002585	0.002591	0.002282	0
RPI_USD	2018-06-21	0.002585	0.002941	0.003006	0.002484	0
RPI_USD	2018-06-20	0.002941	0.003737	0.003741	0.002900	0
RPI_USD	2018-06-19	0.003741	0.003960	0.004098	0.003541	0
RPI_USD	2018-06-18	0.003958	0.004027	0.004133	0.003645	0
RPI_USD	2018-06-17	0.004024	0.004249	0.004344	0.003828	0
RPI_USD	2018-06-16	0.004248	0.004278	0.004339	0.004115	0
RPI_USD	2018-06-15	0.004276	0.004649	0.004708	0.004153	0
RPI_USD	2018-06-14	0.004640	0.004029	0.004956	0.004028	0
RPI_USD	2018-06-13	0.004027	0.003795	0.004160	0.003790	0
RPI_USD	2018-06-12	0.003827	0.004569	0.004569	0.003711	0
RPI_USD	2018-06-11	0.004571	0.004426	0.004586	0.004283	0
RPI_USD	2018-06-10	0.004421	0.005174	0.005174	0.004350	0
RPI_USD	2018-06-09	0.005173	0.005407	0.005759	0.005155	0
RPI_USD	2018-06-08	0.005407	0.005380	0.005418	0.005148	0
RPI_USD	2018-06-07	0.005382	0.005166	0.005514	0.005146	0
RPI_USD	2018-06-06	0.005166	0.005645	0.005657	0.005158	0
RPI_USD	2018-06-05	0.005639	0.005504	0.005771	0.005301	0
RPI_USD	2018-06-04	0.005508	0.005369	0.005511	0.005252	0
RPI_USD	2018-06-03	0.005364	0.005839	0.006053	0.005312	0
RPI_USD	2018-06-02	0.005881	0.005005	0.006309	0.004968	0
RPI_USD	2018-06-01	0.005001	0.005352	0.005510	0.004768	0
RPI_USD	2018-05-31	0.005353	0.005824	0.006040	0.005114	0
RPI_USD	2018-05-30	0.005826	0.006345	0.006369	0.005759	0
RPI_USD	2018-05-29	0.006338	0.006571	0.006722	0.006126	0
RPI_USD	2018-05-28	0.006567	0.006645	0.006978	0.006109	0
RPI_USD	2018-05-27	0.006642	0.006779	0.006802	0.006220	0
RPI_USD	2018-05-26	0.006778	0.007568	0.007568	0.006653	0
RPI_USD	2018-05-25	0.007570	0.007576	0.008048	0.007314	0
RPI_USD	2018-05-24	0.007573	0.006603	0.008368	0.006342	0
RPI_USD	2018-05-23	0.006608	0.006541	0.006723	0.006199	0
RPI_USD	2018-05-22	0.006544	0.007682	0.007910	0.006533	0
RPI_USD	2018-05-21	0.007682	0.007841	0.007861	0.007310	0
RPI_USD	2018-05-20	0.007841	0.007334	0.007982	0.007286	0
RPI_USD	2018-05-19	0.007334	0.006962	0.007913	0.006911	0
RPI_USD	2018-05-18	0.006962	0.006122	0.007206	0.005968	0
RPI_USD	2018-05-17	0.006130	0.005802	0.006341	0.005781	0
RPI_USD	2018-05-16	0.005797	0.005799	0.005903	0.005551	0
RPI_USD	2018-05-15	0.005799	0.005936	0.006134	0.005663	0
RPI_USD	2018-05-14	0.005937	0.006426	0.006434	0.005668	0
RPI_USD	2018-05-13	0.006426	0.006780	0.007023	0.005938	0
RPI_USD	2018-05-12	0.006807	0.007008	0.007907	0.006448	0
RPI_USD	2018-05-11	0.007008	0.007576	0.007659	0.006587	0
RPI_USD	2018-05-10	0.007576	0.005777	0.008060	0.005685	0
RPI_USD	2018-05-09	0.005777	0.006932	0.007011	0.005240	0
RPI_USD	2018-05-08	0.006934	0.007347	0.007634	0.000001	0
RPI_USD	2018-05-07	0.007543	0.008210	0.008761	0.007158	0
RPI_USD	2018-05-06	0.008210	0.008977	0.009087	0.007135	0
RPI_USD	2018-05-05	0.008868	0.007960	0.009923	0.007733	0
RPI_USD	2018-05-04	0.007960	0.010889	0.010889	0.005472	0
RPI_USD	2018-05-03	0.010889	0.006649	0.012212	0.006629	0
RPI_USD	2018-05-02	0.006649	0.004306	0.006937	0.004237	0
RPI_USD	2018-05-01	0.004306	0.005542	0.005616	0.004301	0
RPI_USD	2018-04-30	0.005542	0.004182	0.005786	0.003908	0
RPI_USD	2018-04-29	0.004182	0.003642	0.004190	0.003444	0
RPI_USD	2018-04-28	0.003642	0.003081	0.003841	0.002982	0
RPI_USD	2018-04-27	0.003081	0.002789	0.003229	0.002711	0
RPI_USD	2018-04-26	0.002789	0.002796	0.002949	0.002556	0
RPI_USD	2018-04-25	0.002796	0.003040	0.003097	0.002708	0
RPI_USD	2018-04-24	0.003040	0.003084	0.003363	0.002830	0
RPI_USD	2018-04-23	0.003084	0.002860	0.003247	0.002744	0
RPI_USD	2018-04-22	0.002860	0.002853	0.003089	0.002758	0
RPI_USD	2018-04-21	0.002853	0.002972	0.003039	0.002730	0
RPI_USD	2018-04-20	0.002972	0.002648	0.002992	0.002463	0
RPI_USD	2018-04-19	0.002648	0.002695	0.002725	0.002428	0
RPI_USD	2018-04-18	0.002695	0.002525	0.002701	0.002414	0
RPI_USD	2018-04-17	0.002525	0.002860	0.002865	0.002516	0
RPI_USD	2018-04-16	0.002860	0.003259	0.003303	0.002852	0
RPI_USD	2018-04-15	0.003259	0.003162	0.003292	0.003037	0
RPI_USD	2018-04-14	0.003162	0.003388	0.003551	0.002878	0
RPI_USD	2018-04-13	0.003388	0.002492	0.003867	0.002366	0
RPI_USD	2018-04-12	0.002492	0.002013	0.002540	0.001995	0
RPI_USD	2018-04-11	0.002013	0.002052	0.002498	0.001964	0
RPI_USD	2018-04-10	0.002052	0.002062	0.002629	0.001750	0
RPI_USD	2018-04-09	0.002062	0.002350	0.002421	0.001914	0
RPI_USD	2018-04-08	0.002350	0.002789	0.002857	0.002276	0
RPI_USD	2018-04-07	0.002789	0.003076	0.003277	0.002646	0
RPI_USD	2018-04-06	0.003076	0.003449	0.003465	0.003062	0
RPI_USD	2018-04-05	0.003449	0.003427	0.003700	0.003289	0
RPI_USD	2018-04-04	0.003427	0.004295	0.004339	0.003355	0
RPI_USD	2018-04-03	0.004295	0.003456	0.004577	0.003363	0
RPI_USD	2018-04-02	0.003456	0.003712	0.003839	0.003398	0
RPI_USD	2018-04-01	0.003712	0.004120	0.004247	0.003364	0
RPI_USD	2018-03-31	0.004120	0.004070	0.004271	0.003891	0
RPI_USD	2018-03-30	0.004070	0.003936	0.004225	0.003710	0
RPI_USD	2018-03-29	0.003936	0.004487	0.004618	0.003826	0
RPI_USD	2018-03-28	0.004487	0.004826	0.004876	0.004360	0
RPI_USD	2018-03-27	0.004826	0.005200	0.005280	0.004811	0
RPI_USD	2018-03-26	0.005200	0.005701	0.005839	0.005062	0
RPI_USD	2018-03-25	0.005701	0.005584	0.006370	0.005542	0
RPI_USD	2018-03-24	0.005572	0.005965	0.006160	0.005468	0
RPI_USD	2018-03-23	0.005965	0.005622	0.008675	0.005336	0
RPI_USD	2018-03-22	0.005622	0.005607	0.006050	0.005053	0
RPI_USD	2018-03-21	0.005607	0.005916	0.005933	0.005387	0
RPI_USD	2018-03-20	0.005916	0.007052	0.007052	0.005196	0
RPI_USD	2018-03-19	0.007052	0.006771	0.007209	0.006331	0
RPI_USD	2018-03-18	0.006771	0.006847	0.006946	0.005760	0
RPI_USD	2018-03-17	0.006847	0.008043	0.008134	0.005213	0
RPI_USD	2018-03-16	0.008043	0.008213	0.008536	0.007904	0
RPI_USD	2018-03-15	0.008213	0.008226	0.008352	0.007610	0
RPI_USD	2018-03-14	0.008226	0.010277	0.010382	0.007884	0
RPI_USD	2018-03-13	0.010277	0.011263	0.011515	0.010017	0
RPI_USD	2018-03-12	0.011263	0.012458	0.013130	0.011136	0
RPI_USD	2018-03-11	0.012458	0.011601	0.012723	0.011069	0
RPI_USD	2018-03-10	0.011601	0.012032	0.012528	0.011543	0
RPI_USD	2018-03-09	0.012032	0.012367	0.012561	0.010695	0
RPI_USD	2018-03-08	0.012367	0.015069	0.015288	0.012365	0
RPI_USD	2018-03-07	0.015069	0.018389	0.019308	0.013964	0
RPI_USD	2018-03-06	0.018389	0.012751	0.028326	0.011969	0
RPI_USD	2018-03-05	0.012751	0.014557	0.017368	0.012163	0
RPI_USD	2018-03-04	0.014557	0.017439	0.017470	0.014489	0
RPI_USD	2018-03-03	0.017439	0.017253	0.017914	0.016752	0
RPI_USD	2018-03-02	0.017253	0.019231	0.019465	0.017207	0
