RPM_USD	2019-04-09	0.012978	0.013168	0.013168	0.012802	0
RPM_USD	2019-04-08	0.013168	0.012983	0.013269	0.012746	0
RPM_USD	2019-04-07	0.012983	0.012573	0.013118	0.012562	0
RPM_USD	2019-04-06	0.012573	0.012584	0.013059	0.012297	0
RPM_USD	2019-04-05	0.012584	0.012214	0.012667	0.012209	0
RPM_USD	2019-04-04	0.012214	0.012322	0.012620	0.011964	0
RPM_USD	2019-04-03	0.012322	0.012206	0.013182	0.012005	0
RPM_USD	2019-04-02	0.012206	0.010392	0.012565	0.010369	0
RPM_USD	2019-04-01	0.010392	0.010315	0.010446	0.010216	0
RPM_USD	2019-03-31	0.010315	0.010308	0.010349	0.010280	0
RPM_USD	2019-03-30	0.010308	0.010343	0.010420	0.010211	0
RPM_USD	2019-03-29	0.010343	0.010129	0.010363	0.010111	0
RPM_USD	2019-03-28	0.010129	0.010154	0.010157	0.010067	0
RPM_USD	2019-03-27	0.010154	0.009879	0.010171	0.009849	0
RPM_USD	2019-03-26	0.009879	0.009826	0.009887	0.009779	0
RPM_USD	2019-03-25	0.009826	0.010003	0.010023	0.009751	0
RPM_USD	2019-03-24	0.010003	0.010056	0.010056	0.009933	0
RPM_USD	2019-03-23	0.010056	0.010021	0.010089	0.009989	0
RPM_USD	2019-03-22	0.010021	0.010011	0.010071	0.009987	0
RPM_USD	2019-03-21	0.010011	0.010215	0.010261	0.009915	0
RPM_USD	2019-03-20	0.010215	0.010166	0.010237	0.010080	0
RPM_USD	2019-03-19	0.010166	0.010082	0.010192	0.010040	0
RPM_USD	2019-03-18	0.010082	0.010071	0.010194	0.009994	0
RPM_USD	2019-03-17	0.010071	0.010122	0.010122	0.010002	0
RPM_USD	2019-03-16	0.010122	0.009908	0.010278	0.009908	0
RPM_USD	2019-03-15	0.009908	0.009776	0.009927	0.009773	0
RPM_USD	2019-03-14	0.009776	0.009771	0.009900	0.009623	0
RPM_USD	2019-03-13	0.009771	0.009786	0.009827	0.009715	0
RPM_USD	2019-03-12	0.009786	0.009781	0.009849	0.009643	0
RPM_USD	2019-03-11	0.009781	0.009898	0.009923	0.009705	0
RPM_USD	2019-03-10	0.009898	0.009938	0.009943	0.009813	0
RPM_USD	2019-03-09	0.009938	0.009753	0.010011	0.009737	0
RPM_USD	2019-03-08	0.009753	0.009813	0.009949	0.009593	0
RPM_USD	2019-03-07	0.009813	0.009780	0.009884	0.009740	0
RPM_USD	2019-03-06	0.009780	0.009776	0.009844	0.009680	0
RPM_USD	2019-03-05	0.009776	0.009405	0.009818	0.009371	0
RPM_USD	2019-03-04	0.009405	0.009614	0.009670	0.009324	0
RPM_USD	2019-03-03	0.009614	0.009685	0.009711	0.009554	0
RPM_USD	2019-03-02	0.009685	0.009694	0.009711	0.009544	0
RPM_USD	2019-03-01	0.009694	0.009641	0.009771	0.009635	0
RPM_USD	2019-02-28	0.009641	0.009655	0.009868	0.009614	0
RPM_USD	2019-02-27	0.009655	0.009648	0.009737	0.009338	0
RPM_USD	2019-02-26	0.009648	0.009711	0.009737	0.009588	0
RPM_USD	2019-02-25	0.009711	0.009483	0.009812	0.009480	0
RPM_USD	2019-02-24	0.009486	0.010425	0.010599	0.009437	0
RPM_USD	2019-02-23	0.010425	0.010061	0.010531	0.009937	0
RPM_USD	2019-02-22	0.010061	0.009925	0.010083	0.009879	0
RPM_USD	2019-02-21	0.009925	0.010050	0.010201	0.009841	0
RPM_USD	2019-02-20	0.010050	0.009879	0.010065	0.009821	0
RPM_USD	2019-02-19	0.009879	0.009848	0.010101	0.009760	0
RPM_USD	2019-02-18	0.009848	0.009246	0.009922	0.009218	0
RPM_USD	2019-02-17	0.009246	0.009099	0.009364	0.009081	0
RPM_USD	2019-02-16	0.009099	0.009069	0.009215	0.009069	0
RPM_USD	2019-02-15	0.009069	0.009052	0.009198	0.009021	0
RPM_USD	2019-02-14	0.009052	0.009081	0.009111	0.009016	0
RPM_USD	2019-02-13	0.009081	0.009143	0.009245	0.009035	0
RPM_USD	2019-02-12	0.009143	0.009111	0.009216	0.009022	0
RPM_USD	2019-02-11	0.009111	0.009274	0.009280	0.009099	0
RPM_USD	2019-02-10	0.009274	0.009203	0.009276	0.009078	0
RPM_USD	2019-02-09	0.009203	0.009217	0.009253	0.009142	0
RPM_USD	2019-02-08	0.009217	0.008504	0.009389	0.008484	0
RPM_USD	2019-02-07	0.008504	0.008544	0.008569	0.008492	0
RPM_USD	2019-02-06	0.008544	0.008692	0.008714	0.008473	0
RPM_USD	2019-02-05	0.008692	0.008639	0.008702	0.008603	0
RPM_USD	2019-02-04	0.008639	0.008667	0.008711	0.008601	0
RPM_USD	2019-02-03	0.008667	0.008809	0.008828	0.008591	0
RPM_USD	2019-02-02	0.008809	0.008756	0.008841	0.008665	0
RPM_USD	2019-02-01	0.008756	0.008669	0.008798	0.008579	0
RPM_USD	2019-01-31	0.008669	0.008736	0.008829	0.008619	0
RPM_USD	2019-01-30	0.008736	0.008608	0.008777	0.008544	0
RPM_USD	2019-01-29	0.008608	0.008665	0.008693	0.008472	0
RPM_USD	2019-01-28	0.008665	0.008903	0.008905	0.008555	0
RPM_USD	2019-01-27	0.008903	0.008991	0.009015	0.008771	0
RPM_USD	2019-01-26	0.008991	0.008982	0.009237	0.008972	0
RPM_USD	2019-01-25	0.008982	0.009039	0.009067	0.008898	0
RPM_USD	2019-01-24	0.009039	0.008959	0.009078	0.008885	0
RPM_USD	2019-01-23	0.008959	0.009007	0.009088	0.008891	0
RPM_USD	2019-01-22	0.009007	0.008863	0.009099	0.008667	0
RPM_USD	2019-01-21	0.008863	0.008875	0.008924	0.008794	0
RPM_USD	2019-01-20	0.008875	0.009318	0.009395	0.008781	0
RPM_USD	2019-01-19	0.009318	0.009097	0.009527	0.009093	0
RPM_USD	2019-01-18	0.009097	0.009208	0.009217	0.009043	0
RPM_USD	2019-01-17	0.009208	0.009087	0.009213	0.008959	0
RPM_USD	2019-01-16	0.009087	0.009049	0.009240	0.009016	0
RPM_USD	2019-01-15	0.009049	0.009279	0.009341	0.008993	0
RPM_USD	2019-01-14	0.009279	0.008890	0.009398	0.008861	0
RPM_USD	2019-01-13	0.008890	0.009274	0.009519	0.008841	0
RPM_USD	2019-01-12	0.009274	0.009324	0.009522	0.009103	0
RPM_USD	2019-01-11	0.009324	0.009282	0.009487	0.009154	0
RPM_USD	2019-01-10	0.009282	0.010147	0.010278	0.008573	0
RPM_USD	2019-01-09	0.010147	0.010043	0.010535	0.009888	0
RPM_USD	2019-01-08	0.010043	0.009544	0.010604	0.009417	0
RPM_USD	2019-01-07	0.009544	0.010408	0.010471	0.009521	0
RPM_USD	2019-01-06	0.010408	0.008939	0.017954	0.008896	0
RPM_USD	2019-01-05	0.008939	0.008745	0.009028	0.008740	0
RPM_USD	2019-01-04	0.008745	0.008704	0.008809	0.008530	0
RPM_USD	2019-01-03	0.008704	0.008991	0.009147	0.008693	0
RPM_USD	2019-01-02	0.008991	0.008391	0.009285	0.008329	0
RPM_USD	2019-01-01	0.008391	0.008829	0.008905	0.007792	0
RPM_USD	2018-12-31	0.008829	0.010409	0.010451	0.008746	0
RPM_USD	2018-12-30	0.010409	0.010386	0.010690	0.010287	0
RPM_USD	2018-12-29	0.010386	0.010778	0.010997	0.010386	0
RPM_USD	2018-12-28	0.010778	0.010009	0.010888	0.009919	0
RPM_USD	2018-12-27	0.010009	0.011259	0.011411	0.009887	0
RPM_USD	2018-12-26	0.011259	0.011208	0.011517	0.010785	0
RPM_USD	2018-12-25	0.011208	0.012518	0.012518	0.011057	0
RPM_USD	2018-12-24	0.012518	0.011806	0.013077	0.011425	0
RPM_USD	2018-12-23	0.011806	0.011800	0.012358	0.011384	0
RPM_USD	2018-12-22	0.011800	0.011320	0.011818	0.010847	0
RPM_USD	2018-12-21	0.011320	0.012054	0.012286	0.011169	0
RPM_USD	2018-12-20	0.012054	0.011068	0.012544	0.010949	0
RPM_USD	2018-12-19	0.011068	0.011338	0.011827	0.010966	0
RPM_USD	2018-12-18	0.011338	0.010586	0.012052	0.009854	0
RPM_USD	2018-12-17	0.010586	0.010312	0.012420	0.010312	0
RPM_USD	2018-12-16	0.010312	0.009072	0.010430	0.009020	0
RPM_USD	2018-12-15	0.009072	0.009253	0.010394	0.008868	0
RPM_USD	2018-12-14	0.009253	0.008563	0.009446	0.008145	0
RPM_USD	2018-12-13	0.008563	0.008701	0.009199	0.008278	0
RPM_USD	2018-12-12	0.008701	0.009171	0.009241	0.008578	0
RPM_USD	2018-12-11	0.008043	0.009358	0.009396	0.007695	0
RPM_USD	2018-12-10	0.009358	0.009825	0.009858	0.008349	0
RPM_USD	2018-12-09	0.009825	0.008958	0.010236	0.008411	0
RPM_USD	2018-12-08	0.008958	0.009373	0.009682	0.008474	0
RPM_USD	2018-12-07	0.009373	0.008832	0.010038	0.007781	0
RPM_USD	2018-12-06	0.008832	0.009228	0.009555	0.008444	0
RPM_USD	2018-12-05	0.009228	0.010035	0.010089	0.008362	0
RPM_USD	2018-12-04	0.010035	0.008918	0.010896	0.008884	0
RPM_USD	2018-12-03	0.008918	0.010316	0.010405	0.008228	0
RPM_USD	2018-12-02	0.010316	0.011095	0.012209	0.009496	0
RPM_USD	2018-12-01	0.011095	0.010459	0.011178	0.009924	0
RPM_USD	2018-11-30	0.010459	0.010413	0.011451	0.009993	0
RPM_USD	2018-11-29	0.010413	0.009452	0.011735	0.009061	0
RPM_USD	2018-11-28	0.009452	0.008701	0.010021	0.008541	0
RPM_USD	2018-11-27	0.008701	0.008254	0.008858	0.008104	0
RPM_USD	2018-11-26	0.008254	0.008805	0.008978	0.007954	0
RPM_USD	2018-11-25	0.008805	0.009099	0.009196	0.008112	0
RPM_USD	2018-11-24	0.009099	0.009487	0.009930	0.008570	0
RPM_USD	2018-11-23	0.009487	0.010234	0.010397	0.009487	0
RPM_USD	2018-11-22	0.010234	0.010720	0.011106	0.010234	0
RPM_USD	2018-11-21	0.010720	0.010485	0.011147	0.009990	0
RPM_USD	2018-11-20	0.010485	0.011777	0.011928	0.009110	0
RPM_USD	2018-11-19	0.011777	0.014262	0.014262	0.011524	0
RPM_USD	2018-11-18	0.014262	0.014207	0.014390	0.014165	0
RPM_USD	2018-11-17	0.014207	0.013642	0.014788	0.013546	0
RPM_USD	2018-11-16	0.013642	0.013229	0.013835	0.013078	0
RPM_USD	2018-11-15	0.013229	0.013564	0.013726	0.012488	0
RPM_USD	2018-11-14	0.013564	0.015418	0.015911	0.013000	0
RPM_USD	2018-11-13	0.015418	0.016214	0.016637	0.015418	0
RPM_USD	2018-11-12	0.016214	0.015762	0.016926	0.015737	0
RPM_USD	2018-11-11	0.015762	0.014406	0.016095	0.014373	0
RPM_USD	2018-11-10	0.014406	0.014349	0.014501	0.014331	0
RPM_USD	2018-11-09	0.014349	0.014676	0.017561	0.013913	0
RPM_USD	2018-11-08	0.014676	0.014526	0.015512	0.013808	0
RPM_USD	2018-11-07	0.014526	0.016549	0.016782	0.014066	0
RPM_USD	2018-11-06	0.016549	0.017211	0.017353	0.015035	0
RPM_USD	2018-11-05	0.017211	0.017996	0.018406	0.016097	0
RPM_USD	2018-11-04	0.017996	0.018684	0.019263	0.016313	0
RPM_USD	2018-11-03	0.018684	0.018381	0.019339	0.016022	0
RPM_USD	2018-11-02	0.018381	0.019935	0.021303	0.018381	0
RPM_USD	2018-11-01	0.019935	0.018787	0.021164	0.018787	0
RPM_USD	2018-10-31	0.018787	0.020225	0.020525	0.018775	0
RPM_USD	2018-10-30	0.020225	0.019983	0.021735	0.018750	0
RPM_USD	2018-10-29	0.019983	0.020476	0.020802	0.018359	0
RPM_USD	2018-10-28	0.020476	0.019630	0.021385	0.019227	0
RPM_USD	2018-10-27	0.019630	0.019725	0.020408	0.018899	0
RPM_USD	2018-10-26	0.019725	0.020498	0.020839	0.019172	0
RPM_USD	2018-10-25	0.020498	0.020416	0.022274	0.018859	0
RPM_USD	2018-10-24	0.020416	0.020469	0.022078	0.018755	0
RPM_USD	2018-10-23	0.020469	0.017830	0.022008	0.017459	0
RPM_USD	2018-10-22	0.017830	0.018249	0.019410	0.017088	0
RPM_USD	2018-10-21	0.018249	0.018637	0.019318	0.018157	0
RPM_USD	2018-10-20	0.018637	0.019059	0.019350	0.017571	0
RPM_USD	2018-10-19	0.019059	0.021857	0.021857	0.018131	0
RPM_USD	2018-10-18	0.021857	0.025222	0.025674	0.020791	0
RPM_USD	2018-10-17	0.025222	0.024633	0.025790	0.020324	0
RPM_USD	2018-10-16	0.024633	0.024541	0.026058	0.023162	0
RPM_USD	2018-10-15	0.024541	0.018493	0.025823	0.017005	0
RPM_USD	2018-10-14	0.018493	0.023819	0.024408	0.017895	0
RPM_USD	2018-10-13	0.023819	0.014578	0.023819	0.014397	0
RPM_USD	2018-10-12	0.014578	0.014700	0.015167	0.014548	0
RPM_USD	2018-10-11	0.014700	0.016509	0.016533	0.014508	0
RPM_USD	2018-10-10	0.016509	0.017590	0.017590	0.015908	0
RPM_USD	2018-10-09	0.017590	0.016183	0.017757	0.015943	0
RPM_USD	2018-10-08	0.016183	0.016172	0.016876	0.014197	0
RPM_USD	2018-10-07	0.016172	0.017402	0.017437	0.014892	0
RPM_USD	2018-10-06	0.017402	0.018605	0.018615	0.017380	0
RPM_USD	2018-10-05	0.018605	0.018358	0.018762	0.018269	0
RPM_USD	2018-10-04	0.018358	0.017298	0.019334	0.017288	0
RPM_USD	2018-10-03	0.017298	0.017948	0.017951	0.016248	0
RPM_USD	2018-10-02	0.017948	0.019208	0.019870	0.016757	0
RPM_USD	2018-10-01	0.019208	0.018103	0.021183	0.018090	0
RPM_USD	2018-09-30	0.018103	0.015653	0.018371	0.014843	0
RPM_USD	2018-09-29	0.015653	0.014000	0.018022	0.013252	0
RPM_USD	2018-09-28	0.014000	0.014916	0.015072	0.013058	0
RPM_USD	2018-09-27	0.014916	0.015865	0.016051	0.011282	0
RPM_USD	2018-09-26	0.015865	0.016376	0.016633	0.015826	0
RPM_USD	2018-09-25	0.016376	0.018306	0.018714	0.016164	0
RPM_USD	2018-09-24	0.018306	0.021475	0.021475	0.017119	0
RPM_USD	2018-09-23	0.021475	0.019702	0.021484	0.019531	0
RPM_USD	2018-09-22	0.019702	0.020419	0.021928	0.019493	0
RPM_USD	2018-09-21	0.020419	0.022914	0.023200	0.020237	0
RPM_USD	2018-09-20	0.022914	0.023681	0.023754	0.019876	0
RPM_USD	2018-09-19	0.023681	0.024515	0.024723	0.022721	0
RPM_USD	2018-09-18	0.024515	0.024800	0.025527	0.023716	0
RPM_USD	2018-09-17	0.024800	0.026124	0.026258	0.024603	0
RPM_USD	2018-09-16	0.026124	0.026243	0.026304	0.025712	0
RPM_USD	2018-09-15	0.026243	0.026663	0.027531	0.025814	0
RPM_USD	2018-09-14	0.026663	0.026161	0.028715	0.025863	0
RPM_USD	2018-09-13	0.026161	0.025790	0.026430	0.025504	0
RPM_USD	2018-09-12	0.025790	0.026984	0.027119	0.025216	0
RPM_USD	2018-09-11	0.026984	0.025043	0.027237	0.024999	0
RPM_USD	2018-09-10	0.025043	0.024241	0.025123	0.024241	0
RPM_USD	2018-09-09	0.024241	0.022730	0.025061	0.022251	0
RPM_USD	2018-09-08	0.022730	0.023023	0.025412	0.022315	0
RPM_USD	2018-09-07	0.023023	0.025893	0.027014	0.022809	0
RPM_USD	2018-09-06	0.025893	0.026615	0.026646	0.025075	0
RPM_USD	2018-09-05	0.026615	0.032269	0.032370	0.026449	0
RPM_USD	2018-09-04	0.032269	0.029989	0.032326	0.027992	0
RPM_USD	2018-09-03	0.029989	0.029307	0.033527	0.025317	0
RPM_USD	2018-09-02	0.029307	0.026631	0.040035	0.026296	0
RPM_USD	2018-09-01	0.026631	0.023891	0.026664	0.023870	0
RPM_USD	2018-08-31	0.023891	0.024759	0.024913	0.022525	0
RPM_USD	2018-08-30	0.024759	0.025050	0.025226	0.024095	0
RPM_USD	2018-08-29	0.025050	0.026013	0.027262	0.024984	0
RPM_USD	2018-08-28	0.026013	0.025921	0.026192	0.024618	0
RPM_USD	2018-08-27	0.025921	0.025056	0.025951	0.024873	0
RPM_USD	2018-08-26	0.025056	0.025710	0.026182	0.024369	0
RPM_USD	2018-08-25	0.025710	0.027078	0.027473	0.025675	0
RPM_USD	2018-08-24	0.027078	0.026337	0.027203	0.025888	0
RPM_USD	2018-08-23	0.026337	0.025038	0.027400	0.024717	0
RPM_USD	2018-08-22	0.025038	0.026467	0.028060	0.024637	0
RPM_USD	2018-08-21	0.026467	0.025458	0.027969	0.025057	0
RPM_USD	2018-08-20	0.025458	0.026686	0.027126	0.024014	0
RPM_USD	2018-08-19	0.026686	0.027001	0.027202	0.023737	0
RPM_USD	2018-08-18	0.027001	0.026652	0.028197	0.025800	0
RPM_USD	2018-08-17	0.026652	0.025878	0.027310	0.025212	0
RPM_USD	2018-08-16	0.025878	0.028843	0.028990	0.025364	0
RPM_USD	2018-08-15	0.028843	0.023723	0.032537	0.023723	0
RPM_USD	2018-08-14	0.023723	0.026258	0.026521	0.022762	0
RPM_USD	2018-08-13	0.026258	0.029044	0.030164	0.024672	0
RPM_USD	2018-08-12	0.029044	0.024521	0.030756	0.024328	0
RPM_USD	2018-08-11	0.024521	0.026173	0.026434	0.023691	0
RPM_USD	2018-08-10	0.026173	0.028238	0.028592	0.024628	0
RPM_USD	2018-08-09	0.028238	0.028408	0.028700	0.025654	0
RPM_USD	2018-08-08	0.028408	0.031440	0.031440	0.026115	0
RPM_USD	2018-08-07	0.031440	0.032365	0.033609	0.029750	0
RPM_USD	2018-08-06	0.032365	0.030310	0.033360	0.029790	0
RPM_USD	2018-08-05	0.030310	0.031842	0.031944	0.030129	0
RPM_USD	2018-08-04	0.031842	0.033596	0.034064	0.031531	0
RPM_USD	2018-08-03	0.033596	0.034285	0.034879	0.032984	0
RPM_USD	2018-08-02	0.034285	0.035499	0.036078	0.033406	0
RPM_USD	2018-08-01	0.035499	0.040390	0.040406	0.034438	0
RPM_USD	2018-07-31	0.040390	0.046494	0.046512	0.036548	0
RPM_USD	2018-07-30	0.046494	0.052333	0.056639	0.041556	0
RPM_USD	2018-07-29	0.052333	0.058792	0.059864	0.048155	0
RPM_USD	2018-07-28	0.058792	0.049475	0.062091	0.047537	0
RPM_USD	2018-07-27	0.049475	0.047083	0.053144	0.043661	0
RPM_USD	2018-07-26	0.047083	0.051111	0.053395	0.044939	0
RPM_USD	2018-07-25	0.051111	0.049931	0.052158	0.042025	0
RPM_USD	2018-07-24	0.049931	0.040689	0.051499	0.038845	0
RPM_USD	2018-07-23	0.040689	0.038784	0.043856	0.032951	0
RPM_USD	2018-07-22	0.038784	0.041385	0.041874	0.037367	0
RPM_USD	2018-07-21	0.041385	0.040071	0.042198	0.039319	0
RPM_USD	2018-07-20	0.040071	0.042525	0.042525	0.039949	0
RPM_USD	2018-07-19	0.042525	0.039630	0.048772	0.039630	0
RPM_USD	2018-07-18	0.039630	0.056364	0.058087	0.038863	0
RPM_USD	2018-07-17	0.056364	0.051634	0.058105	0.050503	0
RPM_USD	2018-07-16	0.051634	0.052645	0.058865	0.046387	0
RPM_USD	2018-07-15	0.052645	0.050313	0.062252	0.046646	0
RPM_USD	2018-07-14	0.050313	0.052031	0.057934	0.043592	0
RPM_USD	2018-07-13	0.052031	0.058793	0.059952	0.050236	0
RPM_USD	2018-07-12	0.058793	0.060716	0.061167	0.057309	0
RPM_USD	2018-07-11	0.060716	0.064048	0.065289	0.060003	0
RPM_USD	2018-07-10	0.064048	0.068565	0.068771	0.063837	0
RPM_USD	2018-07-09	0.068565	0.075733	0.076044	0.068115	0
RPM_USD	2018-07-08	0.075733	0.068699	0.077672	0.068246	0
RPM_USD	2018-07-07	0.068699	0.071031	0.071454	0.066162	0
RPM_USD	2018-07-06	0.071031	0.069457	0.073049	0.066733	0
RPM_USD	2018-07-05	0.069457	0.077069	0.078973	0.067522	0
RPM_USD	2018-07-04	0.077069	0.078227	0.080371	0.074020	0
RPM_USD	2018-07-03	0.078227	0.080634	0.087478	0.001067	0
RPM_USD	2018-07-02	0.080634	0.075776	0.085496	0.000001	0
RPM_USD	2018-07-01	0.075783	0.076763	0.080827	0.069456	0
RPM_USD	2018-06-30	0.076826	0.071180	0.086507	0.068529	0
RPM_USD	2018-06-29	0.071239	0.065454	0.072246	0.062259	0
RPM_USD	2018-06-28	0.065559	0.069309	0.070395	0.064527	0
RPM_USD	2018-06-27	0.069303	0.068669	0.072240	0.065264	0
RPM_USD	2018-06-26	0.068886	0.073976	0.082585	0.066410	0
RPM_USD	2018-06-25	0.073928	0.071417	0.080039	0.070275	0
RPM_USD	2018-06-24	0.071533	0.072256	0.078928	0.066288	0
RPM_USD	2018-06-23	0.072162	0.070184	0.072947	0.067386	0
RPM_USD	2018-06-22	0.070275	0.078082	0.078146	0.067351	0
RPM_USD	2018-06-21	0.078077	0.077470	0.083265	0.072188	0
RPM_USD	2018-06-20	0.077467	0.082674	0.087951	0.073424	0
RPM_USD	2018-06-19	0.082768	0.077618	0.089745	0.072775	0
RPM_USD	2018-06-18	0.077591	0.070197	0.080893	0.069713	0
RPM_USD	2018-06-17	0.070140	0.075217	0.076547	0.069573	0
RPM_USD	2018-06-16	0.075171	0.073587	0.077006	0.069725	0
RPM_USD	2018-06-15	0.073616	0.074289	0.077026	0.071631	0
RPM_USD	2018-06-14	0.074147	0.075792	0.077156	0.070064	0
RPM_USD	2018-06-13	0.075748	0.075615	0.095646	0.071305	0
RPM_USD	2018-06-12	0.075597	0.078288	0.081526	0.074861	0
RPM_USD	2018-06-11	0.078325	0.084235	0.084235	0.074484	0
RPM_USD	2018-06-10	0.084138	0.092307	0.092307	0.080414	0
RPM_USD	2018-06-09	0.091682	0.092335	0.095201	0.091633	0
RPM_USD	2018-06-08	0.092334	0.097609	0.097954	0.092262	0
RPM_USD	2018-06-07	0.097650	0.099693	0.101205	0.096376	0
RPM_USD	2018-06-06	0.099687	0.100997	0.102876	0.096566	0
RPM_USD	2018-06-05	0.100873	0.101252	0.102722	0.094434	0
RPM_USD	2018-06-04	0.101326	0.107165	0.107261	0.100886	0
RPM_USD	2018-06-03	0.107242	0.113922	0.114080	0.099859	0
RPM_USD	2018-06-02	0.114036	0.100975	0.116436	0.098942	0
RPM_USD	2018-06-01	0.100895	0.095108	0.110882	0.093504	0
RPM_USD	2018-05-31	0.095117	0.095361	0.097907	0.093732	0
RPM_USD	2018-05-30	0.095029	0.100594	0.101383	0.093756	0
RPM_USD	2018-05-29	0.100476	0.097043	0.102474	0.093717	0
RPM_USD	2018-05-28	0.096983	0.102535	0.105805	0.096621	0
RPM_USD	2018-05-27	0.102608	0.108324	0.112382	0.101152	0
RPM_USD	2018-05-26	0.108303	0.110283	0.114476	0.106410	0
RPM_USD	2018-05-25	0.110303	0.111936	0.116765	0.105523	0
RPM_USD	2018-05-24	0.111889	0.111950	0.114221	0.102609	0
RPM_USD	2018-05-23	0.111885	0.113993	0.117928	0.109404	0
RPM_USD	2018-05-22	0.114033	0.126392	0.127169	0.113280	0
RPM_USD	2018-05-21	0.126392	0.125844	0.133430	0.119383	0
RPM_USD	2018-05-20	0.125844	0.123393	0.136421	0.121594	0
RPM_USD	2018-05-19	0.123393	0.121689	0.130246	0.117854	0
RPM_USD	2018-05-18	0.121689	0.120189	0.123721	0.116558	0
RPM_USD	2018-05-17	0.120345	0.128147	0.129922	0.118128	0
RPM_USD	2018-05-16	0.128037	0.126693	0.128365	0.121273	0
RPM_USD	2018-05-15	0.126694	0.131989	0.136474	0.126090	0
RPM_USD	2018-05-14	0.131999	0.137113	0.137256	0.128173	0
RPM_USD	2018-05-13	0.137113	0.130936	0.138384	0.128350	0
RPM_USD	2018-05-12	0.130259	0.134823	0.135944	0.127850	0
RPM_USD	2018-05-11	0.134823	0.146600	0.146600	0.130262	0
RPM_USD	2018-05-10	0.146600	0.152445	0.155370	0.146422	0
RPM_USD	2018-05-09	0.152445	0.149789	0.153307	0.146507	0
RPM_USD	2018-05-08	0.149844	0.154750	0.157949	0.000017	0
RPM_USD	2018-05-07	0.156327	0.157925	0.158047	0.150742	0
RPM_USD	2018-05-06	0.157925	0.155223	0.160757	0.147844	0
RPM_USD	2018-05-05	0.155040	0.155325	0.158185	0.152654	0
RPM_USD	2018-05-04	0.155325	0.156201	0.156772	0.145552	0
RPM_USD	2018-05-03	0.156201	0.147257	0.158346	0.146579	0
RPM_USD	2018-05-02	0.147257	0.142566	0.147803	0.141209	0
RPM_USD	2018-05-01	0.142566	0.143761	0.143801	0.138184	0
RPM_USD	2018-04-30	0.143761	0.145254	0.146570	0.137171	0
RPM_USD	2018-04-29	0.145254	0.135846	0.146085	0.134161	0
RPM_USD	2018-04-28	0.135846	0.137691	0.141055	0.133030	0
RPM_USD	2018-04-27	0.137691	0.143893	0.145216	0.137299	0
RPM_USD	2018-04-26	0.143893	0.135884	0.144080	0.132657	0
RPM_USD	2018-04-25	0.135884	0.146159	0.146583	0.127855	0
RPM_USD	2018-04-24	0.146159	0.139907	0.148495	0.139757	0
RPM_USD	2018-04-23	0.139907	0.140795	0.143273	0.138695	0
RPM_USD	2018-04-22	0.140795	0.139374	0.143943	0.137882	0
RPM_USD	2018-04-21	0.139374	0.142553	0.144379	0.136140	0
RPM_USD	2018-04-20	0.142553	0.137940	0.150786	0.134578	0
RPM_USD	2018-04-19	0.137940	0.143650	0.144772	0.124496	0
RPM_USD	2018-04-18	0.143650	0.136066	0.145351	0.134418	0
RPM_USD	2018-04-17	0.136066	0.141384	0.141861	0.131188	0
RPM_USD	2018-04-16	0.141384	0.142362	0.152556	0.114381	0
RPM_USD	2018-04-15	0.142362	0.150216	0.154581	0.141131	0
RPM_USD	2018-04-14	0.150216	0.160495	0.161401	0.146303	0
RPM_USD	2018-04-13	0.160495	0.155511	0.185543	0.151795	0
RPM_USD	2018-04-12	0.155511	0.112808	0.219791	0.111984	0
RPM_USD	2018-04-11	0.112808	0.108618	0.113264	0.107133	0
RPM_USD	2018-04-10	0.108618	0.104564	0.119432	0.103403	0
RPM_USD	2018-04-09	0.104564	0.118932	0.121509	0.102569	0
RPM_USD	2018-04-08	0.118932	0.121427	0.132522	0.115594	0
RPM_USD	2018-04-07	0.121427	0.117435	0.124382	0.117179	0
RPM_USD	2018-04-06	0.117435	0.126209	0.126892	0.114162	0
RPM_USD	2018-04-05	0.126209	0.111232	0.128819	0.107486	0
RPM_USD	2018-04-04	0.111232	0.114587	0.118240	0.103441	0
RPM_USD	2018-04-03	0.114587	0.115135	0.120371	0.112030	0
RPM_USD	2018-04-02	0.115135	0.110937	0.116345	0.110358	0
RPM_USD	2018-04-01	0.110937	0.112916	0.114517	0.104715	0
RPM_USD	2018-03-31	0.112916	0.111601	0.117607	0.111032	0
RPM_USD	2018-03-30	0.111601	0.118582	0.120700	0.106934	0
RPM_USD	2018-03-29	0.118582	0.133407	0.150839	0.113918	0
RPM_USD	2018-03-28	0.133407	0.130536	0.134727	0.129628	0
RPM_USD	2018-03-27	0.130536	0.138000	0.139381	0.128618	0
RPM_USD	2018-03-26	0.138000	0.142260	0.145471	0.130445	0
RPM_USD	2018-03-25	0.142260	0.145840	0.147332	0.139404	0
RPM_USD	2018-03-24	0.145840	0.158328	0.158780	0.145679	0
RPM_USD	2018-03-23	0.158328	0.156686	0.158342	0.146149	0
RPM_USD	2018-03-22	0.156686	0.164649	0.168363	0.154535	0
RPM_USD	2018-03-21	0.164649	0.165466	0.173387	0.156589	0
RPM_USD	2018-03-20	0.165466	0.163442	0.169584	0.146694	0
RPM_USD	2018-03-19	0.163442	0.152700	0.177448	0.146326	0
RPM_USD	2018-03-18	0.152700	0.183181	0.190195	0.151430	0
RPM_USD	2018-03-17	0.183181	0.201119	0.210642	0.182388	0
RPM_USD	2018-03-16	0.201119	0.230582	0.236659	0.200380	0
RPM_USD	2018-03-15	0.230582	0.245294	0.247547	0.211061	0
RPM_USD	2018-03-14	0.245294	0.277747	0.287037	0.218247	0
RPM_USD	2018-03-13	0.277747	0.280483	0.306106	0.265314	0
RPM_USD	2018-03-12	0.280483	0.311175	0.315157	0.264494	0
RPM_USD	2018-03-11	0.311175	0.268540	0.335082	0.252749	0
RPM_USD	2018-03-10	0.268540	0.319841	0.330783	0.258584	0
RPM_USD	2018-03-09	0.319841	0.335085	0.339770	0.272693	0
RPM_USD	2018-03-08	0.335085	0.360919	0.370152	0.293958	0
RPM_USD	2018-03-07	0.360919	0.409500	0.425958	0.354218	0
RPM_USD	2018-03-06	0.409500	0.447214	0.455916	0.409500	0
RPM_USD	2018-03-05	0.447214	0.475316	0.478933	0.402363	0
RPM_USD	2018-03-04	0.475316	0.480046	0.481788	0.441377	0
RPM_USD	2018-03-03	0.480046	0.445706	0.481711	0.443727	0
RPM_USD	2018-03-02	0.445706	0.458916	0.468121	0.421680	0
