SAFEX_USD	2019-04-09	0.004798	0.004886	0.004886	0.004724	0
SAFEX_USD	2019-04-08	0.004886	0.004951	0.005011	0.004864	0
SAFEX_USD	2019-04-07	0.004951	0.004832	0.004981	0.004830	0
SAFEX_USD	2019-04-06	0.004832	0.005821	0.005821	0.004770	0
SAFEX_USD	2019-04-05	0.005821	0.004912	0.005889	0.004808	0
SAFEX_USD	2019-04-04	0.004912	0.004937	0.005079	0.004840	0
SAFEX_USD	2019-04-03	0.004937	0.004000	0.004958	0.004000	0
SAFEX_USD	2019-04-02	0.004000	0.004955	0.006092	0.004000	14
SAFEX_USD	2019-04-01	0.004955	0.004000	0.005172	0.004000	0
SAFEX_USD	2019-03-31	0.004000	0.004915	0.005060	0.004000	35
SAFEX_USD	2019-03-30	0.004915	0.004455	0.004915	0.004370	0
SAFEX_USD	2019-03-29	0.004455	0.004000	0.004604	0.004000	0
SAFEX_USD	2019-03-28	0.004000	0.004677	0.006067	0.004000	233
SAFEX_USD	2019-03-27	0.004677	0.004185	0.004705	0.004154	0
SAFEX_USD	2019-03-26	0.004185	0.004183	0.004456	0.004153	0
SAFEX_USD	2019-03-25	0.004183	0.004587	0.004597	0.004128	0
SAFEX_USD	2019-03-24	0.004587	0.004530	0.004600	0.004267	0
SAFEX_USD	2019-03-23	0.004530	0.004308	0.004633	0.004228	0
SAFEX_USD	2019-03-22	0.004308	0.004235	0.004540	0.004205	0
SAFEX_USD	2019-03-21	0.004235	0.004437	0.004457	0.004169	0
SAFEX_USD	2019-03-20	0.004437	0.004498	0.004516	0.004172	0
SAFEX_USD	2019-03-19	0.004498	0.004440	0.004580	0.004191	0
SAFEX_USD	2019-03-18	0.004440	0.004187	0.004485	0.004137	0
SAFEX_USD	2019-03-17	0.004187	0.004000	0.004352	0.004000	0
SAFEX_USD	2019-03-16	0.004000	0.004000	0.004000	0.004000	0
SAFEX_USD	2019-03-15	0.004000	0.004172	0.004461	0.004000	3
SAFEX_USD	2019-03-14	0.004172	0.004000	0.004192	0.004000	0
SAFEX_USD	2019-03-13	0.004000	0.004359	0.004390	0.004000	2
SAFEX_USD	2019-03-12	0.004359	0.004310	0.004401	0.004199	0
SAFEX_USD	2019-03-11	0.004310	0.004488	0.004488	0.004204	9
SAFEX_USD	2019-03-10	0.004488	0.004878	0.005500	0.004488	57
SAFEX_USD	2019-03-09	0.004878	0.004967	0.004988	0.004819	0
SAFEX_USD	2019-03-08	0.004967	0.005059	0.005123	0.004935	0
SAFEX_USD	2019-03-07	0.005059	0.005190	0.005203	0.004989	0
SAFEX_USD	2019-03-06	0.005190	0.005169	0.005309	0.005063	0
SAFEX_USD	2019-03-05	0.005169	0.005211	0.005259	0.005087	0
SAFEX_USD	2019-03-04	0.005211	0.005304	0.005332	0.005130	0
SAFEX_USD	2019-03-03	0.005304	0.005382	0.005388	0.005278	0
SAFEX_USD	2019-03-02	0.005382	0.005365	0.005391	0.005324	0
SAFEX_USD	2019-03-01	0.005365	0.005428	0.005511	0.005353	0
SAFEX_USD	2019-02-28	0.005428	0.005412	0.005472	0.005290	0
SAFEX_USD	2019-02-27	0.005412	0.005372	0.005475	0.005316	0
SAFEX_USD	2019-02-26	0.005372	0.005438	0.005565	0.005308	0
SAFEX_USD	2019-02-25	0.005438	0.005318	0.005473	0.005196	0
SAFEX_USD	2019-02-24	0.005318	0.005750	0.005871	0.005090	0
SAFEX_USD	2019-02-23	0.005750	0.005792	0.006068	0.005669	0
SAFEX_USD	2019-02-22	0.005792	0.005497	0.005980	0.005357	0
SAFEX_USD	2019-02-21	0.005497	0.005542	0.005558	0.005335	0
SAFEX_USD	2019-02-20	0.005542	0.005554	0.005652	0.005481	0
SAFEX_USD	2019-02-19	0.005554	0.005446	0.005678	0.005342	0
SAFEX_USD	2019-02-18	0.005446	0.005318	0.005707	0.005042	0
SAFEX_USD	2019-02-17	0.005318	0.005250	0.005361	0.005174	0
SAFEX_USD	2019-02-16	0.005250	0.005251	0.005357	0.004969	0
SAFEX_USD	2019-02-15	0.005251	0.005500	0.005500	0.005204	0
SAFEX_USD	2019-02-14	0.005500	0.005081	0.005500	0.004679	17
SAFEX_USD	2019-02-13	0.005081	0.005327	0.005334	0.004854	0
SAFEX_USD	2019-02-12	0.005327	0.005500	0.005500	0.005247	0
SAFEX_USD	2019-02-11	0.005500	0.005738	0.006070	0.005500	7716
SAFEX_USD	2019-02-10	0.005738	0.005875	0.006066	0.005272	0
SAFEX_USD	2019-02-09	0.005875	0.005757	0.006077	0.005666	0
SAFEX_USD	2019-02-08	0.005757	0.005480	0.005807	0.005356	0
SAFEX_USD	2019-02-07	0.005480	0.005161	0.005659	0.005069	0
SAFEX_USD	2019-02-06	0.005161	0.005005	0.005423	0.004846	0
SAFEX_USD	2019-02-05	0.005005	0.005342	0.005425	0.004928	0
SAFEX_USD	2019-02-04	0.005342	0.004920	0.005386	0.004808	0
SAFEX_USD	2019-02-03	0.004920	0.005259	0.005463	0.004847	0
SAFEX_USD	2019-02-02	0.005259	0.004546	0.005449	0.004540	0
SAFEX_USD	2019-02-01	0.004546	0.004895	0.005017	0.004233	0
SAFEX_USD	2019-01-31	0.004895	0.004324	0.004942	0.004295	0
SAFEX_USD	2019-01-30	0.004324	0.004898	0.004956	0.004194	0
SAFEX_USD	2019-01-29	0.004898	0.004903	0.004943	0.004220	0
SAFEX_USD	2019-01-28	0.004903	0.004890	0.005125	0.004821	0
SAFEX_USD	2019-01-27	0.004890	0.004902	0.004950	0.004862	0
SAFEX_USD	2019-01-26	0.004902	0.004300	0.004971	0.004300	0
SAFEX_USD	2019-01-25	0.004300	0.004896	0.004916	0.004300	0
SAFEX_USD	2019-01-24	0.004896	0.004308	0.004935	0.004282	0
SAFEX_USD	2019-01-23	0.004308	0.004943	0.004974	0.004296	0
SAFEX_USD	2019-01-22	0.004943	0.004781	0.005151	0.004377	0
SAFEX_USD	2019-01-21	0.004781	0.005126	0.005203	0.004746	0
SAFEX_USD	2019-01-20	0.005126	0.005395	0.005406	0.005043	0
SAFEX_USD	2019-01-19	0.005395	0.005066	0.005489	0.005024	0
SAFEX_USD	2019-01-18	0.005066	0.005150	0.005200	0.004537	0
SAFEX_USD	2019-01-17	0.005150	0.004843	0.005481	0.004843	0
SAFEX_USD	2019-01-16	0.004843	0.005072	0.005120	0.004827	0
SAFEX_USD	2019-01-15	0.005072	0.005365	0.005383	0.005024	0
SAFEX_USD	2019-01-14	0.005365	0.005399	0.005443	0.005282	0
SAFEX_USD	2019-01-13	0.005399	0.005183	0.005408	0.005183	0
SAFEX_USD	2019-01-12	0.005183	0.005555	0.005634	0.005182	0
SAFEX_USD	2019-01-11	0.005609	0.005423	0.005704	0.005414	0
SAFEX_USD	2019-01-10	0.005423	0.005588	0.005712	0.005310	0
SAFEX_USD	2019-01-09	0.005588	0.005681	0.005733	0.005496	0
SAFEX_USD	2019-01-08	0.005681	0.005500	0.005844	0.005500	0
SAFEX_USD	2019-01-07	0.005500	0.005500	0.005500	0.005500	0
SAFEX_USD	2019-01-06	0.005500	0.006531	0.009406	0.005500	43
SAFEX_USD	2019-01-05	0.006531	0.006331	0.006723	0.006183	0
SAFEX_USD	2019-01-04	0.006331	0.006665	0.006726	0.006330	0
SAFEX_USD	2019-01-03	0.006665	0.006870	0.006874	0.006592	0
SAFEX_USD	2019-01-02	0.006870	0.006843	0.006888	0.006668	0
SAFEX_USD	2019-01-01	0.006843	0.006650	0.006843	0.006479	0
SAFEX_USD	2018-12-31	0.006650	0.007037	0.007037	0.006620	0
SAFEX_USD	2018-12-30	0.007037	0.006357	0.007037	0.006265	6
SAFEX_USD	2018-12-29	0.006357	0.006422	0.006582	0.006231	0
SAFEX_USD	2018-12-28	0.006422	0.006005	0.006473	0.005991	0
SAFEX_USD	2018-12-27	0.006005	0.006497	0.006555	0.005935	0
SAFEX_USD	2018-12-26	0.006497	0.006377	0.006524	0.006343	0
SAFEX_USD	2018-12-25	0.006377	0.006618	0.006624	0.006265	0
SAFEX_USD	2018-12-24	0.006618	0.006593	0.006906	0.006432	0
SAFEX_USD	2018-12-23	0.006593	0.006694	0.006850	0.006569	0
SAFEX_USD	2018-12-22	0.006694	0.006505	0.007327	0.006458	0
SAFEX_USD	2018-12-21	0.006505	0.007523	0.007611	0.006455	0
SAFEX_USD	2018-12-20	0.007523	0.006408	0.007545	0.006382	0
SAFEX_USD	2018-12-19	0.006408	0.006351	0.006575	0.006336	0
SAFEX_USD	2018-12-18	0.006351	0.005900	0.006368	0.005900	0
SAFEX_USD	2018-12-17	0.005900	0.005780	0.006059	0.005780	10
SAFEX_USD	2018-12-16	0.005780	0.005851	0.006002	0.005775	0
SAFEX_USD	2018-12-15	0.005851	0.005900	0.005931	0.005782	0
SAFEX_USD	2018-12-14	0.005900	0.005900	0.005900	0.005900	0
SAFEX_USD	2018-12-13	0.005900	0.006231	0.006326	0.005900	2
SAFEX_USD	2018-12-12	0.006231	0.005900	0.006245	0.005900	0
SAFEX_USD	2018-12-11	0.005900	0.009990	0.009990	0.005894	269
SAFEX_USD	2018-12-10	0.009990	0.005950	0.009990	0.005950	116
SAFEX_USD	2018-12-09	0.005950	0.009990	0.009990	0.005950	904
SAFEX_USD	2018-12-08	0.009990	0.006312	0.009990	0.006246	1
SAFEX_USD	2018-12-07	0.006312	0.006775	0.006782	0.005975	0
SAFEX_USD	2018-12-06	0.006775	0.007100	0.007312	0.006753	0
SAFEX_USD	2018-12-05	0.007100	0.007257	0.007260	0.006908	0
SAFEX_USD	2018-12-04	0.007257	0.007108	0.007299	0.007108	0
SAFEX_USD	2018-12-03	0.007108	0.007318	0.007429	0.007031	120
SAFEX_USD	2018-12-02	0.007318	0.007913	0.007913	0.007304	0
SAFEX_USD	2018-12-01	0.007913	0.007552	0.008328	0.007442	0
SAFEX_USD	2018-11-30	0.007552	0.007704	0.008243	0.007444	0
SAFEX_USD	2018-11-29	0.007704	0.007472	0.007770	0.007312	0
SAFEX_USD	2018-11-28	0.007472	0.007108	0.007765	0.007108	0
SAFEX_USD	2018-11-27	0.007108	0.008500	0.008500	0.007108	6
SAFEX_USD	2018-11-26	0.008500	0.007842	0.008500	0.007842	1005
SAFEX_USD	2018-11-25	0.007842	0.008829	0.008829	0.006504	1202
SAFEX_USD	2018-11-24	0.008829	0.008337	0.009102	0.007784	13
SAFEX_USD	2018-11-23	0.008337	0.009194	0.009274	0.008238	0
SAFEX_USD	2018-11-22	0.009194	0.010000	0.010000	0.009088	0
SAFEX_USD	2018-11-21	0.010000	0.007954	0.010000	0.007832	10
SAFEX_USD	2018-11-20	0.007954	0.007870	0.008085	0.007390	0
SAFEX_USD	2018-11-19	0.007870	0.008504	0.008512	0.007752	0
SAFEX_USD	2018-11-18	0.008504	0.008464	0.008628	0.008391	0
SAFEX_USD	2018-11-17	0.008464	0.008038	0.008520	0.008038	0
SAFEX_USD	2018-11-16	0.008038	0.009237	0.009237	0.008038	1
SAFEX_USD	2018-11-15	0.009237	0.009261	0.009261	0.007948	1238
SAFEX_USD	2018-11-14	0.009261	0.010252	0.010252	0.009261	210
SAFEX_USD	2018-11-13	0.010252	0.010252	0.010252	0.010252	0
SAFEX_USD	2018-11-12	0.010252	0.010252	0.010252	0.010252	0
SAFEX_USD	2018-11-11	0.010252	0.010252	0.010252	0.010252	0
SAFEX_USD	2018-11-10	0.010252	0.011980	0.011980	0.010252	345
SAFEX_USD	2018-11-09	0.011980	0.010450	0.011980	0.010252	372
SAFEX_USD	2018-11-08	0.010450	0.012265	0.012265	0.010450	670
SAFEX_USD	2018-11-07	0.012265	0.011565	0.012265	0.010450	626
SAFEX_USD	2018-11-06	0.011565	0.010707	0.011714	0.010615	0
SAFEX_USD	2018-11-05	0.010707	0.010252	0.011238	0.010252	0
SAFEX_USD	2018-11-04	0.010252	0.011178	0.015500	0.010252	18617
SAFEX_USD	2018-11-03	0.011178	0.015500	0.015500	0.010738	18293
SAFEX_USD	2018-11-02	0.015500	0.015800	0.015800	0.013892	302418
SAFEX_USD	2018-11-01	0.015800	0.017000	0.017000	0.011637	536438
SAFEX_USD	2018-10-31	0.017000	0.010252	0.030000	0.010252	452133
SAFEX_USD	2018-10-30	0.010252	0.010252	0.032000	0.010252	285491
SAFEX_USD	2018-10-29	0.010252	0.010252	0.010252	0.010252	0
SAFEX_USD	2018-10-28	0.010252	0.010300	0.011839	0.010252	17
SAFEX_USD	2018-10-27	0.010300	0.010300	0.010300	0.010300	0
SAFEX_USD	2018-10-26	0.010300	0.010300	0.011994	0.010300	10
SAFEX_USD	2018-10-25	0.010300	0.012790	0.012790	0.010300	14
SAFEX_USD	2018-10-24	0.012790	0.010252	0.012790	0.010252	6
SAFEX_USD	2018-10-23	0.010252	0.010252	0.012900	0.010252	19
SAFEX_USD	2018-10-22	0.010252	0.012243	0.012343	0.010152	18
SAFEX_USD	2018-10-21	0.012243	0.009920	0.012270	0.009902	10
SAFEX_USD	2018-10-20	0.009920	0.010086	0.010112	0.009783	19
SAFEX_USD	2018-10-19	0.010086	0.010309	0.013031	0.010086	12
SAFEX_USD	2018-10-18	0.010309	0.010662	0.010662	0.010068	441
SAFEX_USD	2018-10-17	0.010662	0.012095	0.013667	0.010662	481
SAFEX_USD	2018-10-16	0.012095	0.012095	0.013544	0.012095	308
SAFEX_USD	2018-10-15	0.012095	0.012389	0.013667	0.012095	3007
SAFEX_USD	2018-10-14	0.012389	0.011369	0.012389	0.009953	4884
SAFEX_USD	2018-10-13	0.011369	0.009175	0.011369	0.009175	9
SAFEX_USD	2018-10-12	0.009175	0.011028	0.012572	0.009175	159
SAFEX_USD	2018-10-11	0.011028	0.012400	0.012400	0.010014	156
SAFEX_USD	2018-10-10	0.011028	0.011028	0.011028	0.011028	0
SAFEX_USD	2018-10-09	0.011028	0.011028	0.012600	0.011028	18
SAFEX_USD	2018-10-08	0.011028	0.011211	0.013372	0.011028	10
SAFEX_USD	2018-10-07	0.011211	0.011211	0.011211	0.011211	0
SAFEX_USD	2018-10-06	0.011211	0.011044	0.013493	0.011044	17
SAFEX_USD	2018-10-05	0.011044	0.010795	0.011104	0.010751	14
SAFEX_USD	2018-10-04	0.010795	0.012654	0.016331	0.010640	14
SAFEX_USD	2018-10-03	0.012654	0.012719	0.012818	0.011974	0
SAFEX_USD	2018-10-02	0.012719	0.012146	0.013078	0.012143	0
SAFEX_USD	2018-10-01	0.012146	0.012411	0.013010	0.012074	0
SAFEX_USD	2018-09-30	0.012411	0.013440	0.013440	0.012328	0
SAFEX_USD	2018-09-29	0.013440	0.012694	0.013440	0.012039	81
SAFEX_USD	2018-09-28	0.012694	0.012931	0.013115	0.012161	0
SAFEX_USD	2018-09-27	0.012931	0.012556	0.013071	0.012438	0
SAFEX_USD	2018-09-26	0.012556	0.012448	0.012795	0.012285	0
SAFEX_USD	2018-09-25	0.012448	0.012744	0.012773	0.012337	0
SAFEX_USD	2018-09-24	0.012744	0.012971	0.012982	0.012675	0
SAFEX_USD	2018-09-23	0.012971	0.013001	0.013406	0.012893	0
SAFEX_USD	2018-09-22	0.013001	0.013575	0.013777	0.012797	0
SAFEX_USD	2018-09-21	0.013575	0.012284	0.013739	0.012284	0
SAFEX_USD	2018-09-20	0.012284	0.015193	0.015227	0.012284	1142
SAFEX_USD	2018-09-19	0.015193	0.015166	0.015416	0.014951	0
SAFEX_USD	2018-09-18	0.015166	0.014888	0.015268	0.014796	0
SAFEX_USD	2018-09-17	0.014888	0.015061	0.015100	0.014748	0
SAFEX_USD	2018-09-16	0.015061	0.015037	0.015210	0.014846	0
SAFEX_USD	2018-09-15	0.015037	0.015048	0.015665	0.014875	0
SAFEX_USD	2018-09-14	0.015048	0.014921	0.015634	0.014806	0
SAFEX_USD	2018-09-13	0.014921	0.015016	0.015128	0.014547	0
SAFEX_USD	2018-09-12	0.015016	0.015087	0.015214	0.014923	0
SAFEX_USD	2018-09-11	0.015087	0.015046	0.015557	0.015018	0
SAFEX_USD	2018-09-10	0.015046	0.015525	0.015738	0.015046	3
SAFEX_USD	2018-09-09	0.015525	0.015564	0.015914	0.015492	0
SAFEX_USD	2018-09-08	0.015564	0.015046	0.015953	0.015046	0
SAFEX_USD	2018-09-07	0.015046	0.015838	0.015939	0.015000	282
SAFEX_USD	2018-09-06	0.015838	0.015000	0.015881	0.015000	0
SAFEX_USD	2018-09-05	0.015000	0.019637	0.019637	0.015000	106
SAFEX_USD	2018-09-04	0.019637	0.016915	0.019637	0.016909	60
SAFEX_USD	2018-09-03	0.016915	0.016759	0.017149	0.016456	0
SAFEX_USD	2018-09-02	0.016759	0.015000	0.016778	0.015000	0
SAFEX_USD	2018-09-01	0.015000	0.018987	0.019487	0.015000	1
SAFEX_USD	2018-08-31	0.018987	0.017441	0.018987	0.015000	44
SAFEX_USD	2018-08-30	0.017441	0.018555	0.019015	0.016686	0
SAFEX_USD	2018-08-29	0.018555	0.019289	0.019387	0.016855	0
SAFEX_USD	2018-08-28	0.019289	0.016795	0.019492	0.016776	0
SAFEX_USD	2018-08-27	0.016795	0.016887	0.018579	0.016335	0
SAFEX_USD	2018-08-26	0.016887	0.018802	0.018970	0.016440	0
SAFEX_USD	2018-08-25	0.018802	0.018710	0.018896	0.016352	0
SAFEX_USD	2018-08-24	0.018710	0.015124	0.018981	0.015124	0
SAFEX_USD	2018-08-23	0.015124	0.015000	0.015124	0.015000	194452
SAFEX_USD	2018-08-22	0.015000	0.015894	0.016959	0.015000	194348
SAFEX_USD	2018-08-21	0.015894	0.017481	0.017481	0.014520	465
SAFEX_USD	2018-08-20	0.017481	0.018489	0.018619	0.015000	352
SAFEX_USD	2018-08-19	0.018489	0.018585	0.018709	0.018274	0
SAFEX_USD	2018-08-18	0.018585	0.019371	0.019371	0.018365	0
SAFEX_USD	2018-08-17	0.019371	0.016883	0.019371	0.016750	47
SAFEX_USD	2018-08-16	0.016883	0.016063	0.016886	0.016063	0
SAFEX_USD	2018-08-15	0.016063	0.018313	0.018766	0.016063	223
SAFEX_USD	2018-08-14	0.018313	0.018760	0.018787	0.017493	0
SAFEX_USD	2018-08-13	0.018760	0.017357	0.019562	0.017357	0
SAFEX_USD	2018-08-12	0.017357	0.014533	0.021450	0.014533	16404
SAFEX_USD	2018-08-11	0.014533	0.020780	0.021727	0.014533	14500
SAFEX_USD	2018-08-10	0.020780	0.022054	0.022640	0.020624	0
SAFEX_USD	2018-08-09	0.022054	0.022054	0.022054	0.022003	949
SAFEX_USD	2018-08-08	0.022054	0.026000	0.026000	0.022054	1779
SAFEX_USD	2018-08-07	0.026000	0.025000	0.026000	0.025000	3467
SAFEX_USD	2018-08-06	0.025000	0.026686	0.026686	0.025000	320
SAFEX_USD	2018-08-05	0.026686	0.025000	0.026686	0.025000	675
SAFEX_USD	2018-08-04	0.025000	0.023374	0.030950	0.023374	898
SAFEX_USD	2018-08-03	0.023374	0.029886	0.029886	0.002824	2556
SAFEX_USD	2018-08-02	0.029886	0.027497	0.030000	0.022142	3052
SAFEX_USD	2018-08-01	0.027497	0.029024	0.029024	0.027323	406
SAFEX_USD	2018-07-31	0.029024	0.030000	0.030000	0.029024	11313
SAFEX_USD	2018-07-30	0.030000	0.033000	0.033000	0.030000	2767
SAFEX_USD	2018-07-29	0.033000	0.033000	0.033000	0.031290	661
SAFEX_USD	2018-07-28	0.033000	0.031900	0.033000	0.031900	8157
SAFEX_USD	2018-07-27	0.031900	0.034942	0.034942	0.003070	6469
SAFEX_USD	2018-07-26	0.034942	0.033558	0.035000	0.033293	7626
SAFEX_USD	2018-07-25	0.033558	0.034650	0.034650	0.033478	0
SAFEX_USD	2018-07-24	0.034650	0.003800	0.035000	0.003800	7729
SAFEX_USD	2018-07-23	0.003800	0.029900	0.032932	0.003800	2831
SAFEX_USD	2018-07-22	0.029900	0.032133	0.032133	0.029888	507
SAFEX_USD	2018-07-21	0.032133	0.028629	0.032133	0.028443	307
SAFEX_USD	2018-07-20	0.028629	0.028893	0.029460	0.028487	0
SAFEX_USD	2018-07-19	0.028893	0.029059	0.029181	0.027966	0
SAFEX_USD	2018-07-18	0.029059	0.030012	0.030929	0.027966	0
SAFEX_USD	2018-07-17	0.030012	0.027003	0.030598	0.026598	0
SAFEX_USD	2018-07-16	0.027003	0.014819	0.027003	0.014785	0
SAFEX_USD	2018-07-15	0.014819	0.014594	0.014917	0.014555	0
SAFEX_USD	2018-07-14	0.014594	0.014524	0.014717	0.014430	0
SAFEX_USD	2018-07-13	0.014524	0.014550	0.014778	0.014347	0
SAFEX_USD	2018-07-12	0.014550	0.014892	0.014892	0.014200	0
SAFEX_USD	2018-07-11	0.014892	0.014712	0.014932	0.014687	0
SAFEX_USD	2018-07-10	0.014712	0.015551	0.015598	0.014664	0
SAFEX_USD	2018-07-09	0.015551	0.015663	0.015868	0.015496	0
SAFEX_USD	2018-07-08	0.015663	0.015789	0.015856	0.015602	0
SAFEX_USD	2018-07-07	0.015789	0.015414	0.015939	0.015206	0
SAFEX_USD	2018-07-06	0.015414	0.015271	0.015481	0.015067	0
SAFEX_USD	2018-07-05	0.015271	0.015388	0.015638	0.015085	0
SAFEX_USD	2018-07-04	0.015388	0.015177	0.015677	0.014986	0
SAFEX_USD	2018-07-03	0.015177	0.015452	0.015574	0.000203	0
SAFEX_USD	2018-07-02	0.015452	0.014825	0.015584	0.000000	0
SAFEX_USD	2018-07-01	0.014826	0.014924	0.015018	0.014642	0
SAFEX_USD	2018-06-30	0.014924	0.014484	0.015215	0.014484	0
SAFEX_USD	2018-06-29	0.014496	0.013658	0.014648	0.013543	0
SAFEX_USD	2018-06-28	0.013680	0.014322	0.014394	0.013613	0
SAFEX_USD	2018-06-27	0.014321	0.014164	0.014429	0.013984	0
SAFEX_USD	2018-06-26	0.014209	0.014595	0.014649	0.014133	0
SAFEX_USD	2018-06-25	0.014586	0.014351	0.014746	0.014202	0
SAFEX_USD	2018-06-24	0.014356	0.014383	0.014567	0.013482	0
SAFEX_USD	2018-06-23	0.014365	0.014109	0.014591	0.014047	0
SAFEX_USD	2018-06-22	0.014109	0.015677	0.015716	0.013862	0
SAFEX_USD	2018-06-21	0.015676	0.015785	0.015845	0.015623	0
SAFEX_USD	2018-06-20	0.015785	0.015720	0.015904	0.015319	0
SAFEX_USD	2018-06-19	0.015738	0.015671	0.015943	0.015574	0
SAFEX_USD	2018-06-18	0.015666	0.015045	0.015846	0.014916	0
SAFEX_USD	2018-06-17	0.015032	0.015147	0.015341	0.015007	0
SAFEX_USD	2018-06-16	0.015144	0.014909	0.015293	0.014781	0
SAFEX_USD	2018-06-15	0.014902	0.015509	0.015509	0.014851	0
SAFEX_USD	2018-06-14	0.015479	0.014699	0.015639	0.014646	0
SAFEX_USD	2018-06-13	0.014690	0.015280	0.015424	0.014308	0
SAFEX_USD	2018-06-12	0.015276	0.016042	0.016042	0.015040	0
SAFEX_USD	2018-06-11	0.016050	0.015779	0.016104	0.015501	0
SAFEX_USD	2018-06-10	0.015761	0.017509	0.017509	0.015508	0
SAFEX_USD	2018-06-09	0.017504	0.017782	0.017944	0.017446	0
SAFEX_USD	2018-06-08	0.017781	0.017946	0.017971	0.017615	0
SAFEX_USD	2018-06-07	0.017954	0.017872	0.018110	0.017853	0
SAFEX_USD	2018-06-06	0.017871	0.017812	0.017969	0.017501	0
SAFEX_USD	2018-06-05	0.017797	0.017487	0.017913	0.017216	0
SAFEX_USD	2018-06-04	0.017500	0.018038	0.018113	0.017414	0
SAFEX_USD	2018-06-03	0.018022	0.017821	0.018156	0.017746	0
SAFEX_USD	2018-06-02	0.017835	0.017576	0.017954	0.017406	0
SAFEX_USD	2018-06-01	0.017562	0.017479	0.017745	0.017165	0
SAFEX_USD	2018-05-31	0.017481	0.017213	0.017745	0.017134	0
SAFEX_USD	2018-05-30	0.017221	0.017431	0.017647	0.017000	0
SAFEX_USD	2018-05-29	0.017411	0.016588	0.017561	0.016458	0
SAFEX_USD	2018-05-28	0.016578	0.017145	0.017349	0.016507	0
SAFEX_USD	2018-05-27	0.017138	0.017113	0.017250	0.016864	0
SAFEX_USD	2018-05-26	0.017110	0.017411	0.017780	0.017019	0
SAFEX_USD	2018-05-25	0.017414	0.017690	0.017856	0.017120	0
SAFEX_USD	2018-05-24	0.017683	0.017520	0.018017	0.016962	0
SAFEX_USD	2018-05-23	0.017534	0.018627	0.018726	0.017390	0
SAFEX_USD	2018-05-22	0.018633	0.019603	0.019625	0.018562	0
SAFEX_USD	2018-05-21	0.019603	0.019901	0.019952	0.019528	0
SAFEX_USD	2018-05-20	0.019901	0.019240	0.020041	0.019081	0
SAFEX_USD	2018-05-19	0.019240	0.019238	0.019595	0.019015	0
SAFEX_USD	2018-05-18	0.019238	0.018810	0.019321	0.018511	0
SAFEX_USD	2018-05-17	0.018834	0.019493	0.019763	0.018669	0
SAFEX_USD	2018-05-16	0.019477	0.019768	0.019820	0.018922	0
SAFEX_USD	2018-05-15	0.019768	0.020236	0.020610	0.019674	0
SAFEX_USD	2018-05-14	0.020238	0.020276	0.020731	0.019328	0
SAFEX_USD	2018-05-13	0.020276	0.019789	0.020438	0.019446	0
SAFEX_USD	2018-05-12	0.019744	0.019596	0.020144	0.019162	0
SAFEX_USD	2018-05-11	0.019596	0.021059	0.021059	0.019486	0
SAFEX_USD	2018-05-10	0.021059	0.021758	0.021926	0.021022	0
SAFEX_USD	2018-05-09	0.021758	0.021446	0.021881	0.020968	0
SAFEX_USD	2018-05-08	0.021459	0.021853	0.021927	0.000002	0
SAFEX_USD	2018-05-07	0.022016	0.022554	0.022593	0.021481	0
SAFEX_USD	2018-05-06	0.022554	0.023025	0.023266	0.022076	0
SAFEX_USD	2018-05-05	0.023007	0.022668	0.023317	0.022617	0
SAFEX_USD	2018-05-04	0.022668	0.022803	0.022910	0.022327	0
SAFEX_USD	2018-05-03	0.022803	0.021564	0.022969	0.021418	0
SAFEX_USD	2018-05-02	0.021564	0.021170	0.021644	0.020968	0
SAFEX_USD	2018-05-01	0.021189	0.021566	0.021572	0.020633	0
SAFEX_USD	2018-04-30	0.021566	0.021945	0.022066	0.021285	0
SAFEX_USD	2018-04-29	0.021945	0.021808	0.022323	0.021446	0
SAFEX_USD	2018-04-28	0.021808	0.020850	0.022028	0.020717	0
SAFEX_USD	2018-04-27	0.020850	0.021705	0.021904	0.020791	0
SAFEX_USD	2018-04-26	0.021705	0.020724	0.021733	0.020232	0
SAFEX_USD	2018-04-25	0.020724	0.022534	0.022778	0.020511	0
SAFEX_USD	2018-04-24	0.022587	0.020874	0.022738	0.020852	0
SAFEX_USD	2018-04-23	0.020874	0.020547	0.021028	0.020484	0
SAFEX_USD	2018-04-22	0.020547	0.020815	0.021076	0.020438	0
SAFEX_USD	2018-04-21	0.020815	0.020713	0.021084	0.020126	0
SAFEX_USD	2018-04-20	0.020713	0.019321	0.020852	0.019205	0
SAFEX_USD	2018-04-19	0.019321	0.019069	0.019373	0.018936	0
SAFEX_USD	2018-04-18	0.019069	0.018424	0.019202	0.018389	0
SAFEX_USD	2018-04-17	0.018424	0.018811	0.019066	0.018276	0
SAFEX_USD	2018-04-16	0.018811	0.019514	0.019625	0.018450	0
SAFEX_USD	2018-04-15	0.019514	0.018692	0.019665	0.018687	0
SAFEX_USD	2018-04-14	0.018692	0.018397	0.019103	0.018265	0
SAFEX_USD	2018-04-13	0.018397	0.018475	0.019205	0.018115	0
SAFEX_USD	2018-04-12	0.018475	0.016210	0.018828	0.015788	0
SAFEX_USD	2018-04-11	0.016210	0.015971	0.016281	0.015867	0
SAFEX_USD	2018-04-10	0.015971	0.015788	0.016088	0.015535	0
SAFEX_USD	2018-04-09	0.015782	0.016379	0.016773	0.015441	0
SAFEX_USD	2018-04-08	0.016379	0.016082	0.016594	0.016074	0
SAFEX_USD	2018-04-07	0.016082	0.015444	0.016492	0.015411	0
SAFEX_USD	2018-04-06	0.015444	0.015789	0.015981	0.015197	0
SAFEX_USD	2018-04-05	0.015789	0.015847	0.016128	0.015346	0
SAFEX_USD	2018-04-04	0.015847	0.017290	0.017318	0.015635	0
SAFEX_USD	2018-04-03	0.017290	0.016468	0.017531	0.016392	0
SAFEX_USD	2018-04-02	0.016468	0.015902	0.016616	0.015819	0
SAFEX_USD	2018-04-01	0.015902	0.016170	0.016415	0.015026	0
SAFEX_USD	2018-03-31	0.016170	0.015972	0.016863	0.015862	0
SAFEX_USD	2018-03-30	0.015972	0.016560	0.016947	0.015361	0
SAFEX_USD	2018-03-29	0.016560	0.018542	0.018591	0.016097	0
SAFEX_USD	2018-03-28	0.018542	0.018175	0.018924	0.018049	0
SAFEX_USD	2018-03-27	0.018175	0.018971	0.019161	0.018076	0
SAFEX_USD	2018-03-26	0.018971	0.019720	0.019830	0.018327	0
SAFEX_USD	2018-03-25	0.019720	0.019862	0.020215	0.019553	0
SAFEX_USD	2018-03-24	0.019862	0.020787	0.021038	0.019840	0
SAFEX_USD	2018-03-23	0.020787	0.020354	0.020789	0.019318	0
SAFEX_USD	2018-03-22	0.020354	0.020781	0.021216	0.019798	0
SAFEX_USD	2018-03-21	0.020781	0.020772	0.021402	0.020454	0
SAFEX_USD	2018-03-20	0.020772	0.020081	0.021072	0.019415	0
SAFEX_USD	2018-03-19	0.020081	0.019164	0.020311	0.018942	0
SAFEX_USD	2018-03-18	0.019164	0.018377	0.019299	0.017100	0
SAFEX_USD	2018-03-17	0.018377	0.019362	0.019475	0.018097	0
SAFEX_USD	2018-03-16	0.019362	0.019274	0.020058	0.018456	0
SAFEX_USD	2018-03-15	0.019274	0.019111	0.019623	0.017933	0
SAFEX_USD	2018-03-14	0.019111	0.021330	0.021839	0.018501	0
SAFEX_USD	2018-03-13	0.021330	0.021295	0.022122	0.020656	0
SAFEX_USD	2018-03-12	0.021295	0.022206	0.023098	0.020555	0
SAFEX_USD	2018-03-11	0.022206	0.020445	0.022679	0.019683	0
SAFEX_USD	2018-03-10	0.020445	0.021529	0.022179	0.020341	0
SAFEX_USD	2018-03-09	0.021529	0.021713	0.021995	0.019499	0
SAFEX_USD	2018-03-08	0.021713	0.023073	0.023550	0.021120	0
SAFEX_USD	2018-03-07	0.023073	0.025038	0.025447	0.022030	0
SAFEX_USD	2018-03-06	0.025038	0.026824	0.026824	0.024709	0
SAFEX_USD	2018-03-05	0.026824	0.026870	0.027310	0.026677	0
SAFEX_USD	2018-03-04	0.026870	0.026701	0.026951	0.025830	0
SAFEX_USD	2018-03-03	0.026747	0.025741	0.026904	0.025741	0
SAFEX_USD	2018-03-02	0.025750	0.025514	0.026119	0.025164	0
