SCL_USD	2019-04-09	0.003481	0.003538	0.003538	0.003440	0
SCL_USD	2019-04-08	0.003538	0.003488	0.003565	0.003425	0
SCL_USD	2019-04-07	0.003488	0.003378	0.003525	0.003375	0
SCL_USD	2019-04-06	0.003378	0.003381	0.003509	0.003304	0
SCL_USD	2019-04-05	0.003381	0.003726	0.003857	0.003328	0
SCL_USD	2019-04-04	0.003726	0.003883	0.003977	0.003650	0
SCL_USD	2019-04-03	0.003883	0.003773	0.004154	0.003767	0
SCL_USD	2019-04-02	0.003773	0.003191	0.003858	0.003184	0
SCL_USD	2019-04-01	0.003191	0.003209	0.003238	0.003144	0
SCL_USD	2019-03-31	0.003209	0.003186	0.003218	0.003177	0
SCL_USD	2019-03-30	0.003186	0.003155	0.003196	0.003136	0
SCL_USD	2019-03-29	0.003155	0.003233	0.003333	0.003138	0
SCL_USD	2019-03-28	0.003233	0.003220	0.003233	0.003193	0
SCL_USD	2019-03-27	0.003220	0.003074	0.003226	0.003064	0
SCL_USD	2019-03-26	0.003074	0.003017	0.003076	0.003003	0
SCL_USD	2019-03-25	0.003017	0.003071	0.003078	0.002994	0
SCL_USD	2019-03-24	0.003072	0.003088	0.003122	0.003050	0
SCL_USD	2019-03-23	0.003088	0.003077	0.003098	0.003063	0
SCL_USD	2019-03-22	0.003077	0.003034	0.003093	0.003026	0
SCL_USD	2019-03-21	0.003034	0.003095	0.003109	0.003004	0
SCL_USD	2019-03-20	0.003095	0.003081	0.003102	0.003055	0
SCL_USD	2019-03-19	0.003081	0.003035	0.003145	0.003002	0
SCL_USD	2019-03-18	0.003035	0.003011	0.003119	0.003000	0
SCL_USD	2019-03-17	0.003011	0.003067	0.003067	0.002991	0
SCL_USD	2019-03-16	0.003067	0.003383	0.003385	0.002963	0
SCL_USD	2019-03-15	0.003383	0.002864	0.003389	0.002863	0
SCL_USD	2019-03-14	0.002864	0.002862	0.002926	0.002853	0
SCL_USD	2019-03-13	0.002862	0.002906	0.002917	0.002848	0
SCL_USD	2019-03-12	0.002906	0.002905	0.002923	0.002829	0
SCL_USD	2019-03-11	0.002905	0.002900	0.002947	0.002838	0
SCL_USD	2019-03-10	0.002900	0.003012	0.003013	0.002874	0
SCL_USD	2019-03-09	0.003012	0.002837	0.003012	0.002832	0
SCL_USD	2019-03-08	0.002837	0.002855	0.002894	0.002791	0
SCL_USD	2019-03-07	0.002855	0.002845	0.002875	0.002834	0
SCL_USD	2019-03-06	0.002845	0.002844	0.002864	0.002816	0
SCL_USD	2019-03-05	0.002844	0.002736	0.002856	0.002726	0
SCL_USD	2019-03-04	0.002736	0.002816	0.002833	0.002713	0
SCL_USD	2019-03-03	0.002816	0.002837	0.002844	0.002799	0
SCL_USD	2019-03-02	0.002837	0.002840	0.002845	0.002796	0
SCL_USD	2019-03-01	0.002840	0.002805	0.002862	0.002803	0
SCL_USD	2019-02-28	0.002805	0.002809	0.002871	0.002797	0
SCL_USD	2019-02-27	0.002809	0.002846	0.002846	0.002716	0
SCL_USD	2019-02-26	0.002846	0.002747	0.002872	0.002743	0
SCL_USD	2019-02-25	0.002747	0.002702	0.002755	0.002668	0
SCL_USD	2019-02-24	0.002702	0.002569	0.002988	0.002569	0
SCL_USD	2019-02-23	0.002569	0.002480	0.002596	0.002449	0
SCL_USD	2019-02-22	0.002480	0.002446	0.002485	0.002435	0
SCL_USD	2019-02-21	0.002446	0.002457	0.002493	0.002406	0
SCL_USD	2019-02-20	0.002457	0.002415	0.002460	0.002401	0
SCL_USD	2019-02-19	0.002415	0.002407	0.002469	0.002386	0
SCL_USD	2019-02-18	0.002407	0.002260	0.002425	0.002253	0
SCL_USD	2019-02-17	0.002260	0.002224	0.002289	0.002220	0
SCL_USD	2019-02-16	0.002224	0.002217	0.002253	0.002217	0
SCL_USD	2019-02-15	0.002217	0.002213	0.002248	0.002205	0
SCL_USD	2019-02-14	0.002213	0.002220	0.002227	0.002204	0
SCL_USD	2019-02-13	0.002220	0.002235	0.002260	0.002209	0
SCL_USD	2019-02-12	0.002235	0.002209	0.002248	0.002187	0
SCL_USD	2019-02-11	0.002209	0.002229	0.002231	0.002187	0
SCL_USD	2019-02-10	0.002229	0.002212	0.002230	0.002182	0
SCL_USD	2019-02-09	0.002212	0.002216	0.002224	0.002198	0
SCL_USD	2019-02-08	0.002216	0.002079	0.002257	0.002074	0
SCL_USD	2019-02-07	0.002079	0.002088	0.002095	0.002076	0
SCL_USD	2019-02-06	0.002088	0.002125	0.002130	0.002071	0
SCL_USD	2019-02-05	0.002125	0.002094	0.002126	0.002086	0
SCL_USD	2019-02-04	0.002094	0.002101	0.002112	0.002085	0
SCL_USD	2019-02-03	0.002101	0.002135	0.002140	0.002083	0
SCL_USD	2019-02-02	0.002135	0.002123	0.002143	0.002101	0
SCL_USD	2019-02-01	0.002123	0.002102	0.002133	0.002080	0
SCL_USD	2019-01-31	0.002102	0.002153	0.002158	0.002089	0
SCL_USD	2019-01-30	0.002153	0.002139	0.002181	0.002123	0
SCL_USD	2019-01-29	0.002139	0.002153	0.002160	0.002105	0
SCL_USD	2019-01-28	0.002153	0.002212	0.002213	0.002126	0
SCL_USD	2019-01-27	0.002212	0.002234	0.002240	0.002179	0
SCL_USD	2019-01-26	0.002234	0.002196	0.002266	0.002193	0
SCL_USD	2019-01-25	0.002196	0.002210	0.002216	0.002171	0
SCL_USD	2019-01-24	0.002210	0.002190	0.002219	0.002172	0
SCL_USD	2019-01-23	0.002190	0.002202	0.002221	0.002173	0
SCL_USD	2019-01-22	0.002202	0.002166	0.002224	0.002119	0
SCL_USD	2019-01-21	0.002166	0.002170	0.002182	0.002150	0
SCL_USD	2019-01-20	0.002170	0.002259	0.002278	0.002129	0
SCL_USD	2019-01-19	0.002259	0.002205	0.002309	0.002204	0
SCL_USD	2019-01-18	0.002205	0.002195	0.002211	0.002155	0
SCL_USD	2019-01-17	0.002195	0.002166	0.002196	0.002136	0
SCL_USD	2019-01-16	0.002166	0.002157	0.002203	0.002149	0
SCL_USD	2019-01-15	0.002157	0.002212	0.002227	0.002144	0
SCL_USD	2019-01-14	0.002212	0.002119	0.002240	0.002112	0
SCL_USD	2019-01-13	0.002119	0.002184	0.002194	0.002095	0
SCL_USD	2019-01-12	0.002184	0.002173	0.002203	0.002147	0
SCL_USD	2019-01-11	0.002173	0.002153	0.002202	0.002119	0
SCL_USD	2019-01-10	0.002153	0.002348	0.002399	0.002139	0
SCL_USD	2019-01-09	0.002348	0.002316	0.002368	0.002310	0
SCL_USD	2019-01-08	0.002316	0.002407	0.002418	0.002293	0
SCL_USD	2019-01-07	0.002407	0.002419	0.002445	0.002386	0
SCL_USD	2019-01-06	0.002420	0.002230	0.004537	0.002225	0
SCL_USD	2019-01-05	0.002230	0.002216	0.002288	0.002215	0
SCL_USD	2019-01-04	0.002216	0.002333	0.002364	0.002161	0
SCL_USD	2019-01-03	0.002333	0.002390	0.002390	0.002322	0
SCL_USD	2019-01-02	0.002390	0.002296	0.002403	0.002284	0
SCL_USD	2019-01-01	0.002296	0.002203	0.002309	0.002198	0
SCL_USD	2018-12-31	0.002203	0.002245	0.002261	0.002156	0
SCL_USD	2018-12-30	0.002245	0.002194	0.002254	0.002161	0
SCL_USD	2018-12-29	0.002194	0.002261	0.002310	0.002185	0
SCL_USD	2018-12-28	0.002261	0.002080	0.002287	0.002070	0
SCL_USD	2018-12-27	0.002080	0.002201	0.002219	0.002065	0
SCL_USD	2018-12-26	0.002201	0.002187	0.002234	0.002135	0
SCL_USD	2018-12-25	0.002187	0.002321	0.002325	0.002139	0
SCL_USD	2018-12-24	0.002321	0.002280	0.002462	0.002280	0
SCL_USD	2018-12-23	0.002280	0.002310	0.002358	0.002261	0
SCL_USD	2018-12-22	0.002310	0.002204	0.002322	0.002175	0
SCL_USD	2018-12-21	0.002204	0.002318	0.002358	0.002167	0
SCL_USD	2018-12-20	0.002318	0.002267	0.002503	0.002216	0
SCL_USD	2018-12-19	0.002267	0.002230	0.002535	0.002219	0
SCL_USD	2018-12-18	0.002230	0.002139	0.002241	0.002095	0
SCL_USD	2018-12-17	0.002139	0.002145	0.002204	0.001972	0
SCL_USD	2018-12-16	0.002145	0.002400	0.002420	0.002140	0
SCL_USD	2018-12-15	0.002401	0.002395	0.002423	0.002349	0
SCL_USD	2018-12-14	0.002395	0.002413	0.002467	0.002355	0
SCL_USD	2018-12-13	0.002413	0.002547	0.002551	0.002397	0
SCL_USD	2018-12-12	0.002547	0.002464	0.002596	0.002459	0
SCL_USD	2018-12-11	0.002485	0.002538	0.002556	0.002445	0
SCL_USD	2018-12-10	0.002538	0.002625	0.002664	0.002503	0
SCL_USD	2018-12-09	0.002625	0.002489	0.002720	0.002483	0
SCL_USD	2018-12-08	0.002489	0.002456	0.002596	0.002355	0
SCL_USD	2018-12-07	0.002456	0.002513	0.002556	0.002331	0
SCL_USD	2018-12-06	0.002513	0.002637	0.002780	0.002496	0
SCL_USD	2018-12-05	0.002637	0.002668	0.002723	0.002588	0
SCL_USD	2018-12-04	0.002668	0.002517	0.002687	0.002457	0
SCL_USD	2018-12-03	0.002517	0.002683	0.002695	0.002477	0
SCL_USD	2018-12-02	0.002683	0.002737	0.002808	0.002662	0
SCL_USD	2018-12-01	0.002737	0.002605	0.002798	0.002567	0
SCL_USD	2018-11-30	0.002605	0.002781	0.002810	0.002558	0
SCL_USD	2018-11-29	0.002781	0.002777	0.002882	0.002698	0
SCL_USD	2018-11-28	0.002777	0.002486	0.002858	0.002486	0
SCL_USD	2018-11-27	0.002486	0.002468	0.002523	0.002377	0
SCL_USD	2018-11-26	0.002468	0.002648	0.002706	0.002379	0
SCL_USD	2018-11-25	0.002648	0.002516	0.002709	0.002344	0
SCL_USD	2018-11-24	0.002516	0.002831	0.002890	0.002454	0
SCL_USD	2018-11-23	0.002831	0.002855	0.002874	0.002721	0
SCL_USD	2018-11-22	0.002855	0.002990	0.003019	0.002855	0
SCL_USD	2018-11-21	0.002990	0.002937	0.003054	0.002835	0
SCL_USD	2018-11-20	0.002937	0.003160	0.003230	0.002764	0
SCL_USD	2018-11-19	0.003160	0.003622	0.003622	0.003130	0
SCL_USD	2018-11-18	0.003622	0.003601	0.003655	0.003580	0
SCL_USD	2018-11-17	0.003601	0.003623	0.003623	0.003556	0
SCL_USD	2018-11-16	0.003623	0.003796	0.003800	0.003555	0
SCL_USD	2018-11-15	0.003796	0.003943	0.003973	0.003646	0
SCL_USD	2018-11-14	0.003943	0.004396	0.004396	0.003765	0
SCL_USD	2018-11-13	0.004396	0.004319	0.004418	0.004290	0
SCL_USD	2018-11-12	0.004319	0.004264	0.004338	0.004257	0
SCL_USD	2018-11-11	0.004264	0.004309	0.004322	0.004200	0
SCL_USD	2018-11-10	0.004309	0.004237	0.004329	0.004234	0
SCL_USD	2018-11-09	0.004237	0.004244	0.004332	0.004220	0
SCL_USD	2018-11-08	0.004244	0.004371	0.004379	0.004242	0
SCL_USD	2018-11-07	0.004371	0.004430	0.004493	0.004303	0
SCL_USD	2018-11-06	0.004430	0.004400	0.004430	0.004384	0
SCL_USD	2018-11-05	0.004400	0.004410	0.004417	0.004379	0
SCL_USD	2018-11-04	0.004410	0.004344	0.004426	0.004325	0
SCL_USD	2018-11-03	0.004344	0.004370	0.004374	0.004306	0
SCL_USD	2018-11-02	0.004370	0.004352	0.004389	0.004346	0
SCL_USD	2018-11-01	0.004352	0.004330	0.004368	0.004320	0
SCL_USD	2018-10-31	0.004330	0.004304	0.004351	0.004250	0
SCL_USD	2018-10-30	0.004304	0.004314	0.004338	0.004293	0
SCL_USD	2018-10-29	0.004314	0.004413	0.004422	0.004298	0
SCL_USD	2018-10-28	0.004413	0.004420	0.004427	0.004390	0
SCL_USD	2018-10-27	0.004420	0.004441	0.004457	0.004408	0
SCL_USD	2018-10-26	0.004441	0.004439	0.004479	0.004430	0
SCL_USD	2018-10-25	0.004439	0.004653	0.004685	0.004439	0
SCL_USD	2018-10-24	0.004653	0.004520	0.004675	0.004519	0
SCL_USD	2018-10-23	0.004520	0.004466	0.004543	0.004442	0
SCL_USD	2018-10-22	0.004466	0.004513	0.004540	0.004453	0
SCL_USD	2018-10-21	0.004513	0.004511	0.004559	0.004510	0
SCL_USD	2018-10-20	0.004511	0.004471	0.004527	0.004460	0
SCL_USD	2018-10-19	0.004471	0.004530	0.004542	0.004466	0
SCL_USD	2018-10-18	0.004530	0.004411	0.004616	0.004373	0
SCL_USD	2018-10-17	0.004411	0.004426	0.004449	0.004376	0
SCL_USD	2018-10-16	0.004426	0.004349	0.004445	0.004315	0
SCL_USD	2018-10-15	0.004349	0.004085	0.004849	0.004063	0
SCL_USD	2018-10-14	0.004085	0.004081	0.004127	0.004075	0
SCL_USD	2018-10-13	0.004081	0.004314	0.004330	0.004064	0
SCL_USD	2018-10-12	0.004314	0.004285	0.004349	0.004263	0
SCL_USD	2018-10-11	0.004285	0.004542	0.004542	0.004268	0
SCL_USD	2018-10-10	0.004542	0.004564	0.004564	0.004473	0
SCL_USD	2018-10-09	0.004564	0.004571	0.004576	0.004527	0
SCL_USD	2018-10-08	0.004571	0.004588	0.004703	0.004569	0
SCL_USD	2018-10-07	0.004588	0.004515	0.004610	0.004513	0
SCL_USD	2018-10-06	0.004515	0.004485	0.004538	0.004448	0
SCL_USD	2018-10-05	0.004485	0.004442	0.004499	0.004420	0
SCL_USD	2018-10-04	0.004442	0.004325	0.004457	0.004322	0
SCL_USD	2018-10-03	0.004325	0.004348	0.004357	0.004277	0
SCL_USD	2018-10-02	0.004348	0.004390	0.004411	0.004332	0
SCL_USD	2018-10-01	0.004390	0.004402	0.004429	0.004337	0
SCL_USD	2018-09-30	0.004402	0.004392	0.004427	0.004344	0
SCL_USD	2018-09-29	0.004392	0.004611	0.004611	0.004352	0
SCL_USD	2018-09-28	0.004611	0.004582	0.004675	0.004523	0
SCL_USD	2018-09-27	0.004582	0.004362	0.004608	0.004348	0
SCL_USD	2018-09-26	0.004362	0.004215	0.004393	0.004205	0
SCL_USD	2018-09-25	0.004215	0.004313	0.004313	0.004121	0
SCL_USD	2018-09-24	0.004313	0.004530	0.004554	0.004298	0
SCL_USD	2018-09-23	0.004530	0.004539	0.004579	0.004466	0
SCL_USD	2018-09-22	0.004539	0.004639	0.004686	0.004504	0
SCL_USD	2018-09-21	0.004639	0.004453	0.004644	0.004451	0
SCL_USD	2018-09-20	0.004453	0.005976	0.006078	0.003475	0
SCL_USD	2018-09-19	0.005976	0.005930	0.006048	0.005716	0
SCL_USD	2018-09-18	0.005930	0.005879	0.005974	0.005834	0
SCL_USD	2018-09-17	0.005879	0.006109	0.006140	0.005840	0
SCL_USD	2018-09-16	0.006109	0.006064	0.006127	0.005934	0
SCL_USD	2018-09-15	0.006064	0.006033	0.006109	0.005996	0
SCL_USD	2018-09-14	0.006033	0.006022	0.006125	0.005927	0
SCL_USD	2018-09-13	0.006022	0.005830	0.006027	0.005827	0
SCL_USD	2018-09-12	0.005830	0.005724	0.005842	0.005707	0
SCL_USD	2018-09-11	0.005724	0.005646	0.005748	0.005593	0
SCL_USD	2018-09-10	0.005646	0.005522	0.005678	0.005522	0
SCL_USD	2018-09-09	0.005522	0.005628	0.005808	0.005403	0
SCL_USD	2018-09-08	0.005628	0.005187	0.005826	0.005082	0
SCL_USD	2018-09-07	0.005187	0.005146	0.005193	0.004965	0
SCL_USD	2018-09-06	0.005146	0.005296	0.005554	0.005017	0
SCL_USD	2018-09-05	0.005296	0.006108	0.006113	0.005293	0
SCL_USD	2018-09-04	0.006108	0.006143	0.006162	0.006042	0
SCL_USD	2018-09-03	0.006143	0.006160	0.006199	0.006084	0
SCL_USD	2018-09-02	0.006160	0.006370	0.006465	0.006139	0
SCL_USD	2018-09-01	0.006370	0.005902	0.006379	0.005897	0
SCL_USD	2018-08-31	0.005902	0.005840	0.005951	0.005757	0
SCL_USD	2018-08-30	0.005840	0.005919	0.005930	0.005650	0
SCL_USD	2018-08-29	0.005919	0.005911	0.005978	0.005820	0
SCL_USD	2018-08-28	0.005911	0.006109	0.006134	0.005715	0
SCL_USD	2018-08-27	0.006109	0.005870	0.006116	0.005597	0
SCL_USD	2018-08-26	0.005870	0.005627	0.005893	0.005504	0
SCL_USD	2018-08-25	0.005627	0.005590	0.005671	0.005566	0
SCL_USD	2018-08-24	0.005590	0.006038	0.006118	0.005480	0
SCL_USD	2018-08-23	0.006038	0.005878	0.006073	0.005874	0
SCL_USD	2018-08-22	0.005878	0.005961	0.006317	0.005784	0
SCL_USD	2018-08-21	0.005961	0.005755	0.005979	0.005750	0
SCL_USD	2018-08-20	0.005755	0.005642	0.005928	0.005301	0
SCL_USD	2018-08-19	0.005642	0.005560	0.005689	0.005489	0
SCL_USD	2018-08-18	0.005560	0.005699	0.005718	0.005485	0
SCL_USD	2018-08-17	0.005699	0.005333	0.005699	0.005314	0
SCL_USD	2018-08-16	0.005333	0.007587	0.007659	0.004421	0
SCL_USD	2018-08-15	0.007587	0.007547	0.008035	0.007533	0
SCL_USD	2018-08-14	0.007547	0.007659	0.007659	0.007240	0
SCL_USD	2018-08-13	0.007659	0.007798	0.008072	0.007577	0
SCL_USD	2018-08-12	0.007798	0.007717	0.007966	0.007653	0
SCL_USD	2018-08-11	0.007717	0.007680	0.008072	0.007543	0
SCL_USD	2018-08-10	0.007680	0.008161	0.008217	0.007553	0
SCL_USD	2018-08-09	0.008161	0.007753	0.008277	0.007644	0
SCL_USD	2018-08-08	0.007753	0.008297	0.008297	0.007574	0
SCL_USD	2018-08-07	0.008297	0.008568	0.008830	0.008252	0
SCL_USD	2018-08-06	0.008568	0.008685	0.008825	0.008461	0
SCL_USD	2018-08-05	0.008685	0.008652	0.008756	0.008510	0
SCL_USD	2018-08-04	0.008652	0.009159	0.009248	0.008558	0
SCL_USD	2018-08-03	0.009159	0.009306	0.009306	0.008995	0
SCL_USD	2018-08-02	0.009306	0.009398	0.009510	0.009215	0
SCL_USD	2018-08-01	0.009398	0.009565	0.009577	0.009194	0
SCL_USD	2018-07-31	0.009565	0.010091	0.010098	0.009473	0
SCL_USD	2018-07-30	0.010091	0.010195	0.010262	0.009714	0
SCL_USD	2018-07-29	0.010195	0.010225	0.010262	0.010073	0
SCL_USD	2018-07-28	0.010225	0.010307	0.010307	0.010184	0
SCL_USD	2018-07-27	0.010307	0.010348	0.010348	0.010307	0
SCL_USD	2018-07-26	0.010348	0.011285	0.011460	0.010307	0
SCL_USD	2018-07-25	0.011285	0.011736	0.011837	0.011150	0
SCL_USD	2018-07-24	0.011736	0.010876	0.011863	0.010847	0
SCL_USD	2018-07-23	0.010876	0.010510	0.011009	0.010471	0
SCL_USD	2018-07-22	0.010510	0.010513	0.010741	0.010433	0
SCL_USD	2018-07-21	0.010513	0.010449	0.010795	0.010290	0
SCL_USD	2018-07-20	0.010449	0.010725	0.010945	0.010374	0
SCL_USD	2018-07-19	0.010725	0.008471	0.010786	0.008378	0
SCL_USD	2018-07-18	0.008471	0.008491	0.008717	0.008338	0
SCL_USD	2018-07-17	0.008491	0.007848	0.008657	0.007748	0
SCL_USD	2018-07-16	0.007848	0.007457	0.007861	0.007433	0
SCL_USD	2018-07-15	0.007457	0.007438	0.007535	0.007390	0
SCL_USD	2018-07-14	0.007438	0.007464	0.007501	0.007385	0
SCL_USD	2018-07-13	0.007464	0.007509	0.007563	0.007373	0
SCL_USD	2018-07-12	0.007509	0.007653	0.007653	0.007289	0
SCL_USD	2018-07-11	0.007653	0.007593	0.007706	0.007556	0
SCL_USD	2018-07-10	0.007593	0.008059	0.008083	0.007567	0
SCL_USD	2018-07-09	0.008059	0.008217	0.008236	0.008030	0
SCL_USD	2018-07-08	0.008217	0.008385	0.008421	0.008185	0
SCL_USD	2018-07-07	0.008385	0.008285	0.008464	0.008089	0
SCL_USD	2018-07-06	0.008285	0.008208	0.008321	0.008098	0
SCL_USD	2018-07-05	0.008208	0.008270	0.008439	0.008108	0
SCL_USD	2018-07-04	0.008270	0.007085	0.008270	0.006996	0
SCL_USD	2018-07-03	0.007085	0.007213	0.007379	0.000096	0
SCL_USD	2018-07-02	0.007213	0.009238	0.009702	0.000000	0
SCL_USD	2018-07-01	0.009239	0.010035	0.010098	0.009187	0
SCL_USD	2018-06-30	0.010035	0.009739	0.010231	0.009739	0
SCL_USD	2018-06-29	0.009747	0.009183	0.009849	0.009106	0
SCL_USD	2018-06-28	0.009198	0.010059	0.010110	0.009153	0
SCL_USD	2018-06-27	0.010058	0.009948	0.010134	0.009792	0
SCL_USD	2018-06-26	0.009980	0.010220	0.010262	0.009927	0
SCL_USD	2018-06-25	0.010213	0.010049	0.010325	0.009944	0
SCL_USD	2018-06-24	0.010052	0.010072	0.010200	0.009440	0
SCL_USD	2018-06-23	0.010058	0.013596	0.013852	0.009585	0
SCL_USD	2018-06-22	0.013596	0.015543	0.015581	0.013298	0
SCL_USD	2018-06-21	0.015542	0.015514	0.015626	0.015423	0
SCL_USD	2018-06-20	0.015515	0.015316	0.015564	0.014925	0
SCL_USD	2018-06-19	0.015334	0.015101	0.015499	0.015072	0
SCL_USD	2018-06-18	0.015096	0.014400	0.015269	0.014277	0
SCL_USD	2018-06-17	0.014389	0.014499	0.014684	0.014364	0
SCL_USD	2018-06-16	0.014496	0.014270	0.014638	0.014148	0
SCL_USD	2018-06-15	0.014264	0.014778	0.014807	0.014215	0
SCL_USD	2018-06-14	0.014750	0.014006	0.014903	0.013956	0
SCL_USD	2018-06-13	0.013998	0.014560	0.014730	0.013634	0
SCL_USD	2018-06-12	0.014557	0.015287	0.015287	0.014331	0
SCL_USD	2018-06-11	0.015294	0.015543	0.015647	0.014540	0
SCL_USD	2018-06-10	0.015525	0.017059	0.017059	0.015275	0
SCL_USD	2018-06-09	0.017055	0.012413	0.024012	0.012413	0
SCL_USD	2018-06-08	0.012413	0.012528	0.012597	0.012334	0
SCL_USD	2018-06-07	0.012533	0.012552	0.012720	0.012463	0
SCL_USD	2018-06-06	0.012552	0.012472	0.012659	0.012330	0
SCL_USD	2018-06-05	0.012461	0.012245	0.012543	0.012022	0
SCL_USD	2018-06-04	0.012254	0.012514	0.012580	0.012056	0
SCL_USD	2018-06-03	0.012503	0.012364	0.012674	0.012312	0
SCL_USD	2018-06-02	0.012374	0.012533	0.012640	0.012198	0
SCL_USD	2018-06-01	0.012523	0.012614	0.012893	0.012497	0
SCL_USD	2018-05-31	0.012615	0.012569	0.012991	0.012501	0
SCL_USD	2018-05-30	0.012575	0.012766	0.012923	0.012341	0
SCL_USD	2018-05-29	0.012751	0.012042	0.012860	0.011947	0
SCL_USD	2018-05-28	0.012034	0.012556	0.012706	0.011983	0
SCL_USD	2018-05-27	0.012551	0.012459	0.012603	0.012278	0
SCL_USD	2018-05-26	0.012457	0.012453	0.012855	0.012380	0
SCL_USD	2018-05-25	0.012455	0.012690	0.012809	0.012245	0
SCL_USD	2018-05-24	0.012685	0.012381	0.012809	0.012168	0
SCL_USD	2018-05-23	0.012390	0.012644	0.013006	0.012214	0
SCL_USD	2018-05-22	0.012648	0.013097	0.013112	0.012560	0
SCL_USD	2018-05-21	0.013097	0.013253	0.013287	0.013005	0
SCL_USD	2018-05-20	0.013253	0.011948	0.013346	0.011849	0
SCL_USD	2018-05-19	0.011948	0.011864	0.012168	0.011808	0
SCL_USD	2018-05-18	0.011864	0.011600	0.011915	0.011416	0
SCL_USD	2018-05-17	0.011615	0.013566	0.013960	0.011513	0
SCL_USD	2018-05-16	0.013554	0.013757	0.013793	0.013169	0
SCL_USD	2018-05-15	0.013757	0.014083	0.014431	0.013692	0
SCL_USD	2018-05-14	0.014084	0.015847	0.015932	0.012977	0
SCL_USD	2018-05-13	0.015847	0.015297	0.016158	0.014241	0
SCL_USD	2018-05-12	0.015389	0.012756	0.018720	0.012474	0
SCL_USD	2018-05-11	0.012756	0.013709	0.013709	0.012685	0
SCL_USD	2018-05-10	0.013709	0.014117	0.014318	0.013685	0
SCL_USD	2018-05-09	0.014117	0.014006	0.014290	0.013940	0
SCL_USD	2018-05-08	0.014015	0.014226	0.014274	0.000002	0
SCL_USD	2018-05-07	0.014426	0.014778	0.014804	0.014022	0
SCL_USD	2018-05-06	0.014778	0.015044	0.015279	0.014371	0
SCL_USD	2018-05-05	0.015075	0.015096	0.015444	0.014823	0
SCL_USD	2018-05-04	0.015096	0.015674	0.015674	0.014148	0
SCL_USD	2018-05-03	0.015674	0.015839	0.015862	0.014780	0
SCL_USD	2018-05-02	0.015839	0.017543	0.017756	0.014984	0
SCL_USD	2018-05-01	0.017559	0.017918	0.017923	0.017098	0
SCL_USD	2018-04-30	0.017918	0.018186	0.018286	0.017639	0
SCL_USD	2018-04-29	0.018186	0.019006	0.020865	0.018186	0
SCL_USD	2018-04-28	0.019006	0.013528	0.022502	0.013442	0
SCL_USD	2018-04-27	0.013528	0.015059	0.015059	0.013489	0
SCL_USD	2018-04-26	0.015060	0.014156	0.015211	0.013275	0
SCL_USD	2018-04-25	0.014156	0.021473	0.021623	0.013376	0
SCL_USD	2018-04-24	0.021523	0.019176	0.021667	0.019155	0
SCL_USD	2018-04-23	0.019176	0.018523	0.019317	0.018371	0
SCL_USD	2018-04-22	0.018523	0.018854	0.019213	0.018492	0
SCL_USD	2018-04-21	0.018854	0.018850	0.019007	0.018101	0
SCL_USD	2018-04-20	0.018850	0.017749	0.019155	0.017536	0
SCL_USD	2018-04-19	0.017749	0.017599	0.017828	0.017330	0
SCL_USD	2018-04-18	0.017599	0.017398	0.019224	0.017065	0
SCL_USD	2018-04-17	0.017398	0.017683	0.018004	0.017220	0
SCL_USD	2018-04-16	0.017683	0.018260	0.018364	0.017344	0
SCL_USD	2018-04-15	0.018260	0.017411	0.018402	0.017407	0
SCL_USD	2018-04-14	0.017411	0.017019	0.017794	0.016896	0
SCL_USD	2018-04-13	0.017019	0.017367	0.017848	0.016810	0
SCL_USD	2018-04-12	0.017367	0.015168	0.017699	0.014841	0
SCL_USD	2018-04-11	0.015168	0.014877	0.015537	0.014848	0
SCL_USD	2018-04-10	0.014877	0.013016	0.014986	0.012774	0
SCL_USD	2018-04-09	0.013011	0.013363	0.013828	0.012730	0
SCL_USD	2018-04-08	0.013363	0.013121	0.013716	0.013114	0
SCL_USD	2018-04-07	0.013121	0.012732	0.013632	0.012705	0
SCL_USD	2018-04-06	0.012732	0.012949	0.013175	0.012528	0
SCL_USD	2018-04-05	0.012949	0.013098	0.013365	0.012584	0
SCL_USD	2018-04-04	0.013098	0.014291	0.014314	0.012924	0
SCL_USD	2018-04-03	0.014291	0.013471	0.014491	0.013471	0
SCL_USD	2018-04-02	0.013471	0.012292	0.013484	0.012228	0
SCL_USD	2018-04-01	0.012292	0.012431	0.012619	0.011615	0
SCL_USD	2018-03-31	0.012431	0.012415	0.012963	0.012193	0
SCL_USD	2018-03-30	0.012415	0.013404	0.013718	0.011907	0
SCL_USD	2018-03-29	0.013404	0.014929	0.014968	0.013029	0
SCL_USD	2018-03-28	0.014929	0.014634	0.015236	0.014532	0
SCL_USD	2018-03-27	0.014634	0.015356	0.015718	0.014576	0
SCL_USD	2018-03-26	0.015356	0.015961	0.016256	0.014756	0
SCL_USD	2018-03-25	0.015961	0.015099	0.016537	0.014864	0
SCL_USD	2018-03-24	0.015099	0.015846	0.015992	0.015082	0
SCL_USD	2018-03-23	0.015846	0.015472	0.015846	0.014685	0
SCL_USD	2018-03-22	0.015472	0.015797	0.016128	0.015050	0
SCL_USD	2018-03-21	0.015797	0.015790	0.016269	0.015548	0
SCL_USD	2018-03-20	0.015790	0.015480	0.016018	0.014883	0
SCL_USD	2018-03-19	0.015480	0.014691	0.015658	0.014535	0
SCL_USD	2018-03-18	0.014691	0.014167	0.015001	0.013333	0
SCL_USD	2018-03-17	0.014167	0.015464	0.015471	0.013989	0
SCL_USD	2018-03-16	0.015464	0.015353	0.015978	0.014575	0
SCL_USD	2018-03-15	0.015353	0.014651	0.015616	0.013924	0
SCL_USD	2018-03-14	0.014651	0.016534	0.017521	0.014407	0
SCL_USD	2018-03-13	0.016534	0.014546	0.016997	0.014022	0
SCL_USD	2018-03-12	0.014546	0.015502	0.016025	0.014040	0
SCL_USD	2018-03-11	0.015502	0.014272	0.015831	0.013740	0
SCL_USD	2018-03-10	0.014272	0.017610	0.017712	0.014200	0
SCL_USD	2018-03-09	0.017610	0.024270	0.024586	0.017610	0
SCL_USD	2018-03-08	0.024270	0.024555	0.026324	0.023652	0
SCL_USD	2018-03-07	0.024555	0.026753	0.030222	0.023025	0
SCL_USD	2018-03-06	0.026753	0.033142	0.033142	0.026402	0
SCL_USD	2018-03-05	0.033142	0.033199	0.033743	0.032945	0
SCL_USD	2018-03-04	0.033199	0.032990	0.033299	0.031914	0
SCL_USD	2018-03-03	0.032990	0.031529	0.033089	0.031529	0
SCL_USD	2018-03-02	0.031477	0.031250	0.031991	0.030822	0
