SCORE_USD	2019-04-09	0.000339	0.000346	0.000346	0.000336	0
SCORE_USD	2019-04-08	0.000346	0.000341	0.000348	0.000335	0
SCORE_USD	2019-04-07	0.000341	0.000330	0.000345	0.000330	0
SCORE_USD	2019-04-06	0.000330	0.000330	0.000343	0.000323	0
SCORE_USD	2019-04-05	0.000330	0.000321	0.000333	0.000321	0
SCORE_USD	2019-04-04	0.000321	0.000324	0.000331	0.000314	0
SCORE_USD	2019-04-03	0.000324	0.000321	0.000346	0.000315	0
SCORE_USD	2019-04-02	0.000321	0.000273	0.000330	0.000272	0
SCORE_USD	2019-04-01	0.000273	0.000271	0.000274	0.000268	0
SCORE_USD	2019-03-31	0.000271	0.000271	0.000272	0.000270	0
SCORE_USD	2019-03-30	0.000271	0.000272	0.000274	0.000268	0
SCORE_USD	2019-03-29	0.000272	0.000266	0.000272	0.000266	0
SCORE_USD	2019-03-28	0.000266	0.000287	0.000287	0.000265	0
SCORE_USD	2019-03-27	0.000287	0.000279	0.000288	0.000279	0
SCORE_USD	2019-03-26	0.000279	0.000278	0.000280	0.000277	0
SCORE_USD	2019-03-25	0.000278	0.000283	0.000283	0.000276	0
SCORE_USD	2019-03-24	0.000283	0.000284	0.000284	0.000281	0
SCORE_USD	2019-03-23	0.000284	0.000283	0.000285	0.000283	0
SCORE_USD	2019-03-22	0.000283	0.000283	0.000285	0.000282	0
SCORE_USD	2019-03-21	0.000283	0.000289	0.000290	0.000280	0
SCORE_USD	2019-03-20	0.000289	0.000288	0.000290	0.000285	0
SCORE_USD	2019-03-19	0.000288	0.000285	0.000288	0.000284	0
SCORE_USD	2019-03-18	0.000285	0.000285	0.000288	0.000283	0
SCORE_USD	2019-03-17	0.000285	0.000286	0.000286	0.000283	0
SCORE_USD	2019-03-16	0.000286	0.000280	0.000291	0.000280	0
SCORE_USD	2019-03-15	0.000280	0.000276	0.000281	0.000276	0
SCORE_USD	2019-03-14	0.000276	0.000276	0.000280	0.000272	0
SCORE_USD	2019-03-13	0.000276	0.000277	0.000278	0.000275	0
SCORE_USD	2019-03-12	0.000277	0.000277	0.000279	0.000273	0
SCORE_USD	2019-03-11	0.000277	0.000280	0.000281	0.000274	0
SCORE_USD	2019-03-10	0.000280	0.000321	0.000321	0.000278	0
SCORE_USD	2019-03-09	0.000321	0.000296	0.000324	0.000295	0
SCORE_USD	2019-03-08	0.000296	0.000297	0.000301	0.000291	0
SCORE_USD	2019-03-07	0.000297	0.000316	0.000319	0.000295	0
SCORE_USD	2019-03-06	0.000316	0.000336	0.000338	0.000315	0
SCORE_USD	2019-03-05	0.000336	0.000323	0.000337	0.000322	0
SCORE_USD	2019-03-04	0.000323	0.000330	0.000332	0.000320	0
SCORE_USD	2019-03-03	0.000330	0.000333	0.000333	0.000328	0
SCORE_USD	2019-03-02	0.000333	0.000333	0.000334	0.000328	0
SCORE_USD	2019-03-01	0.000333	0.000273	0.000336	0.000273	0
SCORE_USD	2019-02-28	0.000273	0.000312	0.000336	0.000272	0
SCORE_USD	2019-02-27	0.000312	0.000273	0.000312	0.000272	0
SCORE_USD	2019-02-26	0.000273	0.000334	0.000334	0.000273	0
SCORE_USD	2019-02-25	0.000334	0.000287	0.000336	0.000287	0
SCORE_USD	2019-02-24	0.000287	0.000316	0.000341	0.000286	0
SCORE_USD	2019-02-23	0.000316	0.000264	0.000324	0.000261	0
SCORE_USD	2019-02-22	0.000263	0.000261	0.000265	0.000259	0
SCORE_USD	2019-02-21	0.000261	0.000244	0.000261	0.000239	0
SCORE_USD	2019-02-20	0.000244	0.000239	0.000244	0.000238	0
SCORE_USD	2019-02-19	0.000239	0.000239	0.000245	0.000237	0
SCORE_USD	2019-02-18	0.000239	0.000224	0.000261	0.000223	0
SCORE_USD	2019-02-17	0.000224	0.000202	0.000225	0.000202	0
SCORE_USD	2019-02-16	0.000202	0.000202	0.000205	0.000202	0
SCORE_USD	2019-02-15	0.000202	0.000201	0.000204	0.000200	0
SCORE_USD	2019-02-14	0.000201	0.000202	0.000202	0.000200	0
SCORE_USD	2019-02-13	0.000202	0.000222	0.000224	0.000183	0
SCORE_USD	2019-02-12	0.000222	0.000221	0.000223	0.000219	0
SCORE_USD	2019-02-11	0.000221	0.000225	0.000225	0.000221	0
SCORE_USD	2019-02-10	0.000225	0.000149	0.000240	0.000147	0
SCORE_USD	2019-02-09	0.000149	0.000149	0.000150	0.000148	0
SCORE_USD	2019-02-08	0.000149	0.000137	0.000152	0.000137	0
SCORE_USD	2019-02-07	0.000137	0.000190	0.000190	0.000121	0
SCORE_USD	2019-02-06	0.000190	0.000193	0.000194	0.000188	0
SCORE_USD	2019-02-05	0.000193	0.000192	0.000193	0.000191	0
SCORE_USD	2019-02-04	0.000192	0.000263	0.000263	0.000191	0
SCORE_USD	2019-02-03	0.000263	0.000267	0.000268	0.000260	0
SCORE_USD	2019-02-02	0.000267	0.000265	0.000283	0.000263	0
SCORE_USD	2019-02-01	0.000265	0.000280	0.000283	0.000264	0
SCORE_USD	2019-01-31	0.000280	0.000282	0.000285	0.000279	0
SCORE_USD	2019-01-30	0.000282	0.000278	0.000284	0.000276	0
SCORE_USD	2019-01-29	0.000278	0.000280	0.000281	0.000274	0
SCORE_USD	2019-01-28	0.000280	0.000270	0.000281	0.000260	0
SCORE_USD	2019-01-27	0.000270	0.000291	0.000291	0.000270	0
SCORE_USD	2019-01-26	0.000291	0.000290	0.000299	0.000290	0
SCORE_USD	2019-01-25	0.000290	0.000292	0.000293	0.000288	0
SCORE_USD	2019-01-24	0.000292	0.000290	0.000293	0.000287	0
SCORE_USD	2019-01-23	0.000290	0.000291	0.000294	0.000287	0
SCORE_USD	2019-01-22	0.000291	0.000286	0.000294	0.000280	0
SCORE_USD	2019-01-21	0.000286	0.000287	0.000288	0.000284	0
SCORE_USD	2019-01-20	0.000287	0.000320	0.000320	0.000284	0
SCORE_USD	2019-01-19	0.000320	0.000312	0.000327	0.000312	0
SCORE_USD	2019-01-18	0.000312	0.000316	0.000317	0.000311	0
SCORE_USD	2019-01-17	0.000316	0.000312	0.000316	0.000308	0
SCORE_USD	2019-01-16	0.000312	0.000292	0.000317	0.000291	0
SCORE_USD	2019-01-15	0.000292	0.000225	0.000292	0.000222	0
SCORE_USD	2019-01-14	0.000225	0.000233	0.000238	0.000216	0
SCORE_USD	2019-01-13	0.000233	0.000241	0.000242	0.000232	0
SCORE_USD	2019-01-12	0.000241	0.000279	0.000280	0.000239	0
SCORE_USD	2019-01-11	0.000279	0.000278	0.000283	0.000275	0
SCORE_USD	2019-01-10	0.000278	0.000306	0.000310	0.000277	0
SCORE_USD	2019-01-09	0.000306	0.000307	0.000312	0.000303	0
SCORE_USD	2019-01-08	0.000307	0.000309	0.000316	0.000304	0
SCORE_USD	2019-01-07	0.000309	0.000292	0.000312	0.000286	0
SCORE_USD	2019-01-06	0.000292	0.000215	0.000430	0.000214	0
SCORE_USD	2019-01-05	0.000215	0.000218	0.000221	0.000215	0
SCORE_USD	2019-01-04	0.000217	0.000235	0.000258	0.000212	0
SCORE_USD	2019-01-03	0.000235	0.000243	0.000243	0.000234	0
SCORE_USD	2019-01-02	0.000243	0.000257	0.000258	0.000235	0
SCORE_USD	2019-01-01	0.000257	0.000268	0.000269	0.000172	0
SCORE_USD	2018-12-31	0.000268	0.000278	0.000279	0.000265	0
SCORE_USD	2018-12-30	0.000278	0.000291	0.000294	0.000272	0
SCORE_USD	2018-12-29	0.000291	0.000303	0.000307	0.000290	0
SCORE_USD	2018-12-28	0.000303	0.000241	0.000306	0.000241	0
SCORE_USD	2018-12-27	0.000241	0.000255	0.000258	0.000240	0
SCORE_USD	2018-12-26	0.000255	0.000254	0.000259	0.000248	0
SCORE_USD	2018-12-25	0.000254	0.000269	0.000270	0.000248	0
SCORE_USD	2018-12-24	0.000269	0.000305	0.000328	0.000266	0
SCORE_USD	2018-12-23	0.000305	0.000330	0.000337	0.000303	0
SCORE_USD	2018-12-22	0.000330	0.000318	0.000332	0.000314	0
SCORE_USD	2018-12-21	0.000318	0.000358	0.000364	0.000271	0
SCORE_USD	2018-12-20	0.000358	0.000324	0.000365	0.000321	0
SCORE_USD	2018-12-19	0.000324	0.000321	0.000343	0.000320	0
SCORE_USD	2018-12-18	0.000321	0.000272	0.000323	0.000270	0
SCORE_USD	2018-12-17	0.000272	0.000264	0.000296	0.000263	0
SCORE_USD	2018-12-16	0.000264	0.000263	0.000270	0.000262	0
SCORE_USD	2018-12-15	0.000263	0.000295	0.000298	0.000258	0
SCORE_USD	2018-12-14	0.000295	0.000251	0.000299	0.000244	0
SCORE_USD	2018-12-13	0.000251	0.000318	0.000319	0.000250	0
SCORE_USD	2018-12-12	0.000318	0.000325	0.000326	0.000308	0
SCORE_USD	2018-12-11	0.000328	0.000388	0.000390	0.000324	0
SCORE_USD	2018-12-10	0.000388	0.000401	0.000407	0.000382	0
SCORE_USD	2018-12-09	0.000401	0.000386	0.000415	0.000382	0
SCORE_USD	2018-12-08	0.000386	0.000380	0.000402	0.000355	0
SCORE_USD	2018-12-07	0.000380	0.000389	0.000396	0.000361	0
SCORE_USD	2018-12-06	0.000389	0.000396	0.000419	0.000387	0
SCORE_USD	2018-12-05	0.000396	0.000418	0.000420	0.000394	0
SCORE_USD	2018-12-04	0.000418	0.000410	0.000434	0.000400	0
SCORE_USD	2018-12-03	0.000410	0.000458	0.000460	0.000331	0
SCORE_USD	2018-12-02	0.000458	0.000467	0.000479	0.000454	0
SCORE_USD	2018-12-01	0.000467	0.000444	0.000477	0.000438	0
SCORE_USD	2018-11-30	0.000444	0.000474	0.000479	0.000436	0
SCORE_USD	2018-11-29	0.000474	0.000474	0.000505	0.000460	0
SCORE_USD	2018-11-28	0.000474	0.000350	0.000487	0.000342	0
SCORE_USD	2018-11-27	0.000350	0.000366	0.000370	0.000338	0
SCORE_USD	2018-11-26	0.000366	0.000410	0.000420	0.000298	0
SCORE_USD	2018-11-25	0.000410	0.000393	0.000420	0.000366	0
SCORE_USD	2018-11-24	0.000393	0.000442	0.000452	0.000383	0
SCORE_USD	2018-11-23	0.000442	0.000461	0.000464	0.000425	0
SCORE_USD	2018-11-22	0.000461	0.000490	0.000495	0.000460	0
SCORE_USD	2018-11-21	0.000490	0.000482	0.000501	0.000465	0
SCORE_USD	2018-11-20	0.000482	0.000494	0.000522	0.000453	0
SCORE_USD	2018-11-19	0.000494	0.000566	0.000566	0.000489	0
SCORE_USD	2018-11-18	0.000566	0.000563	0.000571	0.000562	0
SCORE_USD	2018-11-17	0.000563	0.000509	0.000564	0.000502	0
SCORE_USD	2018-11-16	0.000509	0.000518	0.000518	0.000500	0
SCORE_USD	2018-11-15	0.000518	0.000588	0.000593	0.000490	0
SCORE_USD	2018-11-14	0.000588	0.000679	0.000679	0.000570	0
SCORE_USD	2018-11-13	0.000679	0.000806	0.000812	0.000679	0
SCORE_USD	2018-11-12	0.000806	0.000807	0.000810	0.000802	0
SCORE_USD	2018-11-11	0.000807	0.000804	0.000807	0.000795	0
SCORE_USD	2018-11-10	0.000804	0.000835	0.000837	0.000803	0
SCORE_USD	2018-11-09	0.000835	0.000810	0.000837	0.000802	0
SCORE_USD	2018-11-08	0.000810	0.000854	0.000856	0.000810	0
SCORE_USD	2018-11-07	0.000854	0.001010	0.001024	0.000850	0
SCORE_USD	2018-11-06	0.001010	0.000906	0.001010	0.000874	0
SCORE_USD	2018-11-05	0.000906	0.000713	0.000906	0.000709	0
SCORE_USD	2018-11-04	0.000713	0.000735	0.000738	0.000705	0
SCORE_USD	2018-11-03	0.000735	0.000739	0.000740	0.000728	0
SCORE_USD	2018-11-02	0.000739	0.000800	0.000807	0.000738	0
SCORE_USD	2018-11-01	0.000800	0.000892	0.000895	0.000795	0
SCORE_USD	2018-10-31	0.000892	0.000981	0.000982	0.000733	0
SCORE_USD	2018-10-30	0.000981	0.000983	0.000986	0.000950	0
SCORE_USD	2018-10-29	0.000983	0.001038	0.001040	0.000980	0
SCORE_USD	2018-10-28	0.001038	0.001040	0.001042	0.001033	0
SCORE_USD	2018-10-27	0.001040	0.001012	0.001041	0.000911	0
SCORE_USD	2018-10-26	0.001012	0.000979	0.001015	0.000977	0
SCORE_USD	2018-10-25	0.000979	0.001016	0.001049	0.000979	0
SCORE_USD	2018-10-24	0.001016	0.000983	0.001027	0.000982	0
SCORE_USD	2018-10-23	0.000983	0.000821	0.000988	0.000784	0
SCORE_USD	2018-10-22	0.000821	0.000856	0.000857	0.000790	0
SCORE_USD	2018-10-21	0.000856	0.001021	0.001059	0.000828	0
SCORE_USD	2018-10-20	0.001021	0.001012	0.001024	0.001009	0
SCORE_USD	2018-10-19	0.001012	0.001025	0.001028	0.001011	0
SCORE_USD	2018-10-18	0.001025	0.001111	0.001118	0.000959	0
SCORE_USD	2018-10-17	0.001111	0.001149	0.001155	0.001106	0
SCORE_USD	2018-10-16	0.001149	0.001247	0.001247	0.001109	0
SCORE_USD	2018-10-15	0.001247	0.001298	0.001541	0.001247	0
SCORE_USD	2018-10-14	0.001298	0.001297	0.001312	0.001295	0
SCORE_USD	2018-10-13	0.001297	0.001291	0.001298	0.001289	0
SCORE_USD	2018-10-12	0.001291	0.001251	0.001301	0.001245	0
SCORE_USD	2018-10-11	0.001251	0.001558	0.001558	0.001246	0
SCORE_USD	2018-10-10	0.001558	0.001366	0.001560	0.001339	0
SCORE_USD	2018-10-09	0.001366	0.001435	0.001436	0.001322	0
SCORE_USD	2018-10-08	0.001435	0.001254	0.001506	0.001153	0
SCORE_USD	2018-10-07	0.001254	0.001252	0.001260	0.001242	0
SCORE_USD	2018-10-06	0.001252	0.001262	0.001263	0.001216	0
SCORE_USD	2018-10-05	0.001262	0.001415	0.001746	0.001221	0
SCORE_USD	2018-10-04	0.001415	0.001333	0.001421	0.001316	0
SCORE_USD	2018-10-03	0.001333	0.001406	0.001407	0.001321	0
SCORE_USD	2018-10-02	0.001406	0.001419	0.001452	0.001403	0
SCORE_USD	2018-10-01	0.001419	0.001158	0.001624	0.001153	0
SCORE_USD	2018-09-30	0.001158	0.001057	0.001354	0.000957	0
SCORE_USD	2018-09-29	0.001057	0.000829	0.001152	0.000626	0
SCORE_USD	2018-09-28	0.000829	0.000702	0.000844	0.000702	0
SCORE_USD	2018-09-27	0.000702	0.000743	0.000751	0.000682	0
SCORE_USD	2018-09-26	0.000743	0.000740	0.000753	0.000734	0
SCORE_USD	2018-09-25	0.000740	0.000757	0.000757	0.000730	0
SCORE_USD	2018-09-24	0.000757	0.000772	0.000773	0.000754	0
SCORE_USD	2018-09-23	0.000772	0.000706	0.000773	0.000633	0
SCORE_USD	2018-09-22	0.000706	0.000880	0.000913	0.000670	0
SCORE_USD	2018-09-21	0.000880	0.000845	0.000881	0.000844	0
SCORE_USD	2018-09-20	0.000845	0.000831	0.000848	0.000826	0
SCORE_USD	2018-09-19	0.000831	0.000825	0.000841	0.000795	0
SCORE_USD	2018-09-18	0.000825	0.000844	0.000858	0.000811	0
SCORE_USD	2018-09-17	0.000844	0.000877	0.000882	0.000652	0
SCORE_USD	2018-09-16	0.000877	0.000815	0.000880	0.000798	0
SCORE_USD	2018-09-15	0.000815	0.000876	0.000881	0.000811	0
SCORE_USD	2018-09-14	0.000876	0.000874	0.000889	0.000860	0
SCORE_USD	2018-09-13	0.000874	0.000760	0.000881	0.000760	0
SCORE_USD	2018-09-12	0.000760	0.000849	0.000851	0.000750	0
SCORE_USD	2018-09-11	0.000849	0.000852	0.000862	0.000834	0
SCORE_USD	2018-09-10	0.000852	0.000811	0.000856	0.000811	0
SCORE_USD	2018-09-09	0.000811	0.000804	0.000834	0.000800	0
SCORE_USD	2018-09-08	0.000804	0.000833	0.000842	0.000798	0
SCORE_USD	2018-09-07	0.000833	0.000847	0.000871	0.000822	0
SCORE_USD	2018-09-06	0.000847	0.001106	0.001109	0.000838	0
SCORE_USD	2018-09-05	0.001106	0.001214	0.001220	0.001106	0
SCORE_USD	2018-09-04	0.001214	0.001127	0.001223	0.001123	0
SCORE_USD	2018-09-03	0.001127	0.001130	0.001137	0.001116	0
SCORE_USD	2018-09-02	0.001130	0.001116	0.001139	0.001106	0
SCORE_USD	2018-09-01	0.001116	0.001089	0.001125	0.001088	0
SCORE_USD	2018-08-31	0.001089	0.001084	0.001098	0.001069	0
SCORE_USD	2018-08-30	0.001084	0.001057	0.001089	0.001052	0
SCORE_USD	2018-08-29	0.001057	0.001062	0.001069	0.001039	0
SCORE_USD	2018-08-28	0.001062	0.001035	0.001069	0.001031	0
SCORE_USD	2018-08-27	0.001035	0.001006	0.001037	0.000999	0
SCORE_USD	2018-08-26	0.001006	0.001045	0.001051	0.000995	0
SCORE_USD	2018-08-25	0.001045	0.001038	0.001053	0.001034	0
SCORE_USD	2018-08-24	0.001038	0.001077	0.001079	0.001002	0
SCORE_USD	2018-08-23	0.001077	0.001049	0.001083	0.001048	0
SCORE_USD	2018-08-22	0.001049	0.001037	0.001099	0.000992	0
SCORE_USD	2018-08-21	0.001037	0.001001	0.001070	0.001000	0
SCORE_USD	2018-08-20	0.001001	0.001038	0.001043	0.000997	0
SCORE_USD	2018-08-19	0.001038	0.001023	0.001046	0.001010	0
SCORE_USD	2018-08-18	0.001023	0.001054	0.001058	0.001009	0
SCORE_USD	2018-08-17	0.001054	0.001010	0.001054	0.001007	0
SCORE_USD	2018-08-16	0.001010	0.001003	0.001035	0.000996	0
SCORE_USD	2018-08-15	0.001003	0.000866	0.001058	0.000865	0
SCORE_USD	2018-08-14	0.000866	0.000907	0.000929	0.000838	0
SCORE_USD	2018-08-13	0.000907	0.001010	0.001021	0.000893	0
SCORE_USD	2018-08-12	0.001010	0.001618	0.001640	0.000967	0
SCORE_USD	2018-08-11	0.001618	0.001874	0.001881	0.001558	0
SCORE_USD	2018-08-10	0.001874	0.001991	0.002005	0.001835	0
SCORE_USD	2018-08-09	0.001991	0.001883	0.002020	0.001881	0
SCORE_USD	2018-08-08	0.001883	0.001679	0.002021	0.001590	0
SCORE_USD	2018-08-07	0.001679	0.001769	0.001823	0.001626	0
SCORE_USD	2018-08-06	0.001769	0.001793	0.001822	0.001747	0
SCORE_USD	2018-08-05	0.001793	0.001857	0.002069	0.001778	0
SCORE_USD	2018-08-04	0.001857	0.002114	0.002134	0.001851	0
SCORE_USD	2018-08-03	0.002114	0.001771	0.002146	0.001712	0
SCORE_USD	2018-08-02	0.001771	0.001788	0.001810	0.001753	0
SCORE_USD	2018-08-01	0.001788	0.001859	0.001861	0.001750	0
SCORE_USD	2018-07-31	0.001859	0.002043	0.002044	0.001841	0
SCORE_USD	2018-07-30	0.002043	0.002179	0.002193	0.002006	0
SCORE_USD	2018-07-29	0.002179	0.002433	0.002433	0.002167	0
SCORE_USD	2018-07-28	0.002433	0.002474	0.002474	0.002020	0
SCORE_USD	2018-07-27	0.002474	0.002515	0.002515	0.002474	0
SCORE_USD	2018-07-26	0.002515	0.002208	0.002533	0.002207	0
SCORE_USD	2018-07-25	0.002208	0.002650	0.002673	0.002180	0
SCORE_USD	2018-07-24	0.002650	0.002430	0.002669	0.002423	0
SCORE_USD	2018-07-23	0.002430	0.002257	0.002451	0.002249	0
SCORE_USD	2018-07-22	0.002257	0.002480	0.002508	0.002241	0
SCORE_USD	2018-07-21	0.002480	0.002383	0.002495	0.002098	0
SCORE_USD	2018-07-20	0.002383	0.001980	0.002496	0.001933	0
SCORE_USD	2018-07-19	0.001980	0.002541	0.002588	0.001970	0
SCORE_USD	2018-07-18	0.002541	0.002489	0.002615	0.002457	0
SCORE_USD	2018-07-17	0.002489	0.002122	0.002511	0.001843	0
SCORE_USD	2018-07-16	0.002122	0.002253	0.002361	0.002074	0
SCORE_USD	2018-07-15	0.002253	0.002375	0.002427	0.002251	0
SCORE_USD	2018-07-14	0.002375	0.002395	0.002413	0.002348	0
SCORE_USD	2018-07-13	0.002395	0.002368	0.002437	0.002364	0
SCORE_USD	2018-07-12	0.002368	0.002551	0.002882	0.002311	0
SCORE_USD	2018-07-11	0.002551	0.002174	0.002551	0.002170	0
SCORE_USD	2018-07-10	0.002174	0.002165	0.002279	0.002136	0
SCORE_USD	2018-07-09	0.002165	0.002180	0.002209	0.002157	0
SCORE_USD	2018-07-08	0.002180	0.002231	0.002297	0.001988	0
SCORE_USD	2018-07-07	0.002231	0.002277	0.002284	0.002153	0
SCORE_USD	2018-07-06	0.002277	0.002093	0.002380	0.002035	0
SCORE_USD	2018-07-05	0.002093	0.001911	0.002118	0.001772	0
SCORE_USD	2018-07-04	0.001911	0.012772	0.012885	0.001904	0
SCORE_USD	2018-07-03	0.012772	0.013003	0.013106	0.000171	0
SCORE_USD	2018-07-02	0.013003	0.012476	0.013115	0.000000	0
SCORE_USD	2018-07-01	0.012477	0.012559	0.012638	0.012321	0
SCORE_USD	2018-06-30	0.012559	0.012189	0.012804	0.012189	0
SCORE_USD	2018-06-29	0.012199	0.011494	0.012327	0.011397	0
SCORE_USD	2018-06-28	0.011512	0.012052	0.012114	0.011456	0
SCORE_USD	2018-06-27	0.012051	0.011920	0.012142	0.011768	0
SCORE_USD	2018-06-26	0.011958	0.012283	0.012327	0.011894	0
SCORE_USD	2018-06-25	0.012274	0.012077	0.012409	0.011951	0
SCORE_USD	2018-06-24	0.012081	0.012104	0.012259	0.011346	0
SCORE_USD	2018-06-23	0.012089	0.011873	0.012279	0.011821	0
SCORE_USD	2018-06-22	0.011874	0.013193	0.013226	0.011665	0
SCORE_USD	2018-06-21	0.013192	0.013283	0.013334	0.013148	0
SCORE_USD	2018-06-20	0.013284	0.013229	0.013384	0.012892	0
SCORE_USD	2018-06-19	0.013244	0.013188	0.013417	0.013106	0
SCORE_USD	2018-06-18	0.013183	0.012661	0.013335	0.012553	0
SCORE_USD	2018-06-17	0.012650	0.012747	0.012910	0.012629	0
SCORE_USD	2018-06-16	0.012745	0.012546	0.012870	0.012439	0
SCORE_USD	2018-06-15	0.012541	0.013051	0.013051	0.012498	0
SCORE_USD	2018-06-14	0.013026	0.012370	0.013161	0.012326	0
SCORE_USD	2018-06-13	0.012363	0.012859	0.012980	0.012041	0
SCORE_USD	2018-06-12	0.012856	0.013500	0.013500	0.012657	0
SCORE_USD	2018-06-11	0.013507	0.013279	0.013553	0.013045	0
SCORE_USD	2018-06-10	0.013264	0.014735	0.014735	0.013050	0
SCORE_USD	2018-06-09	0.014731	0.014964	0.015101	0.014681	0
SCORE_USD	2018-06-08	0.014964	0.015103	0.015124	0.014824	0
SCORE_USD	2018-06-07	0.015109	0.015040	0.015240	0.015024	0
SCORE_USD	2018-06-06	0.015039	0.014989	0.015122	0.014728	0
SCORE_USD	2018-06-05	0.014977	0.014716	0.015075	0.014488	0
SCORE_USD	2018-06-04	0.014727	0.015180	0.015243	0.014655	0
SCORE_USD	2018-06-03	0.015166	0.014997	0.015279	0.014934	0
SCORE_USD	2018-06-02	0.015009	0.014791	0.015109	0.014647	0
SCORE_USD	2018-06-01	0.014779	0.014710	0.014934	0.014445	0
SCORE_USD	2018-05-31	0.014711	0.014486	0.014933	0.014419	0
SCORE_USD	2018-05-30	0.014492	0.014669	0.014850	0.014306	0
SCORE_USD	2018-05-29	0.014652	0.013960	0.014778	0.013850	0
SCORE_USD	2018-05-28	0.013951	0.014429	0.014600	0.013891	0
SCORE_USD	2018-05-27	0.014422	0.014402	0.014516	0.014192	0
SCORE_USD	2018-05-26	0.014398	0.014652	0.014963	0.014322	0
SCORE_USD	2018-05-25	0.014655	0.014887	0.015027	0.014408	0
SCORE_USD	2018-05-24	0.014881	0.014744	0.015162	0.014274	0
SCORE_USD	2018-05-23	0.014755	0.015675	0.015759	0.014635	0
SCORE_USD	2018-05-22	0.015681	0.016497	0.016516	0.015621	0
SCORE_USD	2018-05-21	0.016497	0.016748	0.016791	0.016433	0
SCORE_USD	2018-05-20	0.016748	0.016191	0.016865	0.016057	0
SCORE_USD	2018-05-19	0.016191	0.016190	0.016490	0.016002	0
SCORE_USD	2018-05-18	0.016190	0.015829	0.016259	0.015578	0
SCORE_USD	2018-05-17	0.015850	0.016405	0.016632	0.015711	0
SCORE_USD	2018-05-16	0.016390	0.016636	0.016679	0.015924	0
SCORE_USD	2018-05-15	0.016636	0.017029	0.017344	0.016556	0
SCORE_USD	2018-05-14	0.017031	0.017063	0.017446	0.016266	0
SCORE_USD	2018-05-13	0.017063	0.016653	0.017200	0.016365	0
SCORE_USD	2018-05-12	0.016615	0.016491	0.016952	0.016125	0
SCORE_USD	2018-05-11	0.016491	0.017722	0.017722	0.016399	0
SCORE_USD	2018-05-10	0.017722	0.018310	0.018451	0.017691	0
SCORE_USD	2018-05-09	0.018310	0.018047	0.018414	0.017645	0
SCORE_USD	2018-05-08	0.018047	0.018390	0.018452	0.000002	0
SCORE_USD	2018-05-07	0.018527	0.018980	0.019013	0.018077	0
SCORE_USD	2018-05-06	0.018980	0.019384	0.019580	0.018578	0
SCORE_USD	2018-05-05	0.019362	0.019076	0.019623	0.019033	0
SCORE_USD	2018-05-04	0.019076	0.019189	0.019280	0.018789	0
SCORE_USD	2018-05-03	0.019189	0.018147	0.019329	0.018024	0
SCORE_USD	2018-05-02	0.018147	0.017815	0.018215	0.017645	0
SCORE_USD	2018-05-01	0.017831	0.018149	0.018154	0.017363	0
SCORE_USD	2018-04-30	0.018149	0.018468	0.018569	0.017912	0
SCORE_USD	2018-04-29	0.018468	0.018352	0.018786	0.018047	0
SCORE_USD	2018-04-28	0.018352	0.017546	0.018538	0.017434	0
SCORE_USD	2018-04-27	0.017546	0.018265	0.018433	0.017496	0
SCORE_USD	2018-04-26	0.018265	0.017440	0.018289	0.017026	0
SCORE_USD	2018-04-25	0.017440	0.018964	0.019169	0.017261	0
SCORE_USD	2018-04-24	0.019008	0.017567	0.019135	0.017548	0
SCORE_USD	2018-04-23	0.017567	0.017291	0.017696	0.017238	0
SCORE_USD	2018-04-22	0.017291	0.017516	0.017736	0.017199	0
SCORE_USD	2018-04-21	0.017516	0.017431	0.017743	0.016937	0
SCORE_USD	2018-04-20	0.017431	0.016260	0.017548	0.016162	0
SCORE_USD	2018-04-19	0.016260	0.016047	0.016303	0.015935	0
SCORE_USD	2018-04-18	0.016047	0.015504	0.016160	0.015475	0
SCORE_USD	2018-04-17	0.015504	0.015830	0.016045	0.015380	0
SCORE_USD	2018-04-16	0.015830	0.016422	0.016515	0.015526	0
SCORE_USD	2018-04-15	0.016422	0.015730	0.016549	0.015726	0
SCORE_USD	2018-04-14	0.015730	0.015482	0.016076	0.015371	0
SCORE_USD	2018-04-13	0.015482	0.015547	0.016162	0.015244	0
SCORE_USD	2018-04-12	0.015547	0.013641	0.015844	0.013286	0
SCORE_USD	2018-04-11	0.013641	0.013440	0.013701	0.013353	0
SCORE_USD	2018-04-10	0.013440	0.013286	0.013539	0.013073	0
SCORE_USD	2018-04-09	0.013282	0.013784	0.014115	0.012994	0
SCORE_USD	2018-04-08	0.013784	0.013534	0.013965	0.013527	0
SCORE_USD	2018-04-07	0.013534	0.012997	0.013879	0.012969	0
SCORE_USD	2018-04-06	0.012997	0.013287	0.013449	0.012789	0
SCORE_USD	2018-04-05	0.013287	0.013336	0.013572	0.012914	0
SCORE_USD	2018-04-04	0.013336	0.014550	0.014574	0.013158	0
SCORE_USD	2018-04-03	0.014550	0.013859	0.014753	0.013794	0
SCORE_USD	2018-04-02	0.013859	0.013382	0.013983	0.013312	0
SCORE_USD	2018-04-01	0.013382	0.013608	0.013814	0.012645	0
SCORE_USD	2018-03-31	0.013608	0.013441	0.014191	0.013348	0
SCORE_USD	2018-03-30	0.013441	0.013936	0.014262	0.012927	0
SCORE_USD	2018-03-29	0.013936	0.015604	0.015645	0.013546	0
SCORE_USD	2018-03-28	0.015604	0.015295	0.015925	0.015189	0
SCORE_USD	2018-03-27	0.015295	0.015965	0.016125	0.015211	0
SCORE_USD	2018-03-26	0.015965	0.016595	0.016688	0.015423	0
SCORE_USD	2018-03-25	0.016595	0.016715	0.017012	0.016455	0
SCORE_USD	2018-03-24	0.016715	0.017493	0.017704	0.016696	0
SCORE_USD	2018-03-23	0.017493	0.017129	0.017495	0.016257	0
SCORE_USD	2018-03-22	0.017129	0.017488	0.017854	0.016661	0
SCORE_USD	2018-03-21	0.017488	0.017481	0.018011	0.017213	0
SCORE_USD	2018-03-20	0.017481	0.016899	0.017733	0.016338	0
SCORE_USD	2018-03-19	0.016899	0.016128	0.017093	0.015941	0
SCORE_USD	2018-03-18	0.016128	0.015465	0.016241	0.014390	0
SCORE_USD	2018-03-17	0.015465	0.016294	0.016389	0.015229	0
SCORE_USD	2018-03-16	0.016294	0.016220	0.016880	0.015531	0
SCORE_USD	2018-03-15	0.016220	0.016083	0.016514	0.015091	0
SCORE_USD	2018-03-14	0.016083	0.018772	0.019220	0.015569	0
SCORE_USD	2018-03-13	0.018772	0.021158	0.021933	0.018397	0
SCORE_USD	2018-03-12	0.021158	0.022634	0.023136	0.020467	0
SCORE_USD	2018-03-11	0.022634	0.020270	0.023019	0.019514	0
SCORE_USD	2018-03-10	0.020270	0.023649	0.024968	0.020125	0
SCORE_USD	2018-03-09	0.023649	0.029477	0.029861	0.021801	0
SCORE_USD	2018-03-08	0.029477	0.030336	0.032148	0.028261	0
SCORE_USD	2018-03-07	0.030336	0.027665	0.031515	0.025147	0
SCORE_USD	2018-03-06	0.027665	0.029638	0.030017	0.027302	0
SCORE_USD	2018-03-05	0.029638	0.031070	0.031279	0.029533	0
SCORE_USD	2018-03-04	0.031102	0.030475	0.031163	0.027012	0
SCORE_USD	2018-03-03	0.030475	0.026954	0.030665	0.026954	0
SCORE_USD	2018-03-02	0.026965	0.029229	0.029601	0.026302	0
