SEAL_USD	2019-04-09	0.73612	0.74759	0.74759	0.72680	0
SEAL_USD	2019-04-08	0.74759	0.77107	0.78383	0.62252	0
SEAL_USD	2019-04-07	0.77107	0.60479	0.77913	0.60424	0
SEAL_USD	2019-04-06	0.60479	0.73218	0.75986	0.59146	0
SEAL_USD	2019-04-05	0.73218	0.58725	0.73702	0.58706	0
SEAL_USD	2019-04-04	0.58725	0.62234	0.80834	0.50348	0
SEAL_USD	2019-04-03	0.62234	0.54859	0.66576	0.54743	0
SEAL_USD	2019-04-02	0.54859	0.46082	0.63573	0.45981	0
SEAL_USD	2019-04-01	0.46082	0.45977	0.46321	0.45952	0
SEAL_USD	2019-03-31	0.45739	0.33944	0.45874	0.33944	0
SEAL_USD	2019-03-30	0.33944	0.34059	0.34311	0.33626	0
SEAL_USD	2019-03-29	0.34059	0.52391	0.54947	0.33872	0
SEAL_USD	2019-03-28	0.52391	0.64201	0.64223	0.52244	0
SEAL_USD	2019-03-27	0.64201	0.62090	0.64312	0.61902	0
SEAL_USD	2019-03-26	0.62090	0.55371	0.62140	0.55371	0
SEAL_USD	2019-03-25	0.55371	0.61650	0.62640	0.53786	0
SEAL_USD	2019-03-24	0.61650	0.61979	0.62761	0.61219	0
SEAL_USD	2019-03-23	0.61979	0.60368	0.62004	0.60236	0
SEAL_USD	2019-03-22	0.60368	0.60454	0.61065	0.60127	0
SEAL_USD	2019-03-21	0.60454	0.65186	0.65487	0.60417	0
SEAL_USD	2019-03-20	0.65186	0.62648	0.65328	0.62040	0
SEAL_USD	2019-03-19	0.62648	0.57325	0.66901	0.57084	0
SEAL_USD	2019-03-18	0.57325	0.53710	0.57389	0.53376	0
SEAL_USD	2019-03-17	0.53710	0.49075	0.55747	0.48493	0
SEAL_USD	2019-03-16	0.49075	0.44631	0.49076	0.44631	0
SEAL_USD	2019-03-15	0.44631	0.30730	0.44718	0.30721	0
SEAL_USD	2019-03-14	0.30730	0.30702	0.31120	0.30248	0
SEAL_USD	2019-03-13	0.30715	0.44790	0.44825	0.29860	0
SEAL_USD	2019-03-12	0.44790	0.35495	0.44946	0.34995	0
SEAL_USD	2019-03-11	0.35495	0.35922	0.36010	0.35219	0
SEAL_USD	2019-03-10	0.35922	0.36066	0.36083	0.35611	0
SEAL_USD	2019-03-09	0.36066	0.35394	0.36332	0.35335	0
SEAL_USD	2019-03-08	0.35394	0.33830	0.37663	0.33736	0
SEAL_USD	2019-03-07	0.33830	0.46730	0.47228	0.33792	0
SEAL_USD	2019-03-06	0.46730	0.39497	0.46832	0.39106	0
SEAL_USD	2019-03-05	0.39497	0.37997	0.39664	0.37860	0
SEAL_USD	2019-03-04	0.37997	0.34767	0.38197	0.33734	0
SEAL_USD	2019-03-03	0.34767	0.36055	0.43046	0.32094	0
SEAL_USD	2019-03-02	0.36055	0.34861	0.36062	0.32151	0
SEAL_USD	2019-03-01	0.34861	0.46742	0.47230	0.34166	0
SEAL_USD	2019-02-28	0.46742	0.46804	0.47839	0.46611	0
SEAL_USD	2019-02-27	0.46804	0.46774	0.47201	0.45269	0
SEAL_USD	2019-02-26	0.46774	0.39193	0.46964	0.38697	0
SEAL_USD	2019-02-25	0.39193	0.35130	0.39601	0.35108	0
SEAL_USD	2019-02-24	0.35130	0.34753	0.52533	0.32600	0
SEAL_USD	2019-02-23	0.34753	0.43392	0.43392	0.32953	0
SEAL_USD	2019-02-22	0.43392	0.42806	0.43425	0.42609	0
SEAL_USD	2019-02-21	0.42806	0.43347	0.43996	0.42444	0
SEAL_USD	2019-02-20	0.43347	0.42609	0.43413	0.42359	0
SEAL_USD	2019-02-19	0.42609	0.42466	0.43568	0.42089	0
SEAL_USD	2019-02-18	0.42466	0.36283	0.42699	0.36173	0
SEAL_USD	2019-02-17	0.36283	0.30369	0.36411	0.30356	0
SEAL_USD	2019-02-16	0.30369	0.30270	0.30755	0.30269	0
SEAL_USD	2019-02-15	0.30270	0.28092	0.34260	0.28057	0
SEAL_USD	2019-02-14	0.28092	0.33327	0.33438	0.26120	0
SEAL_USD	2019-02-13	0.33327	0.33558	0.33932	0.33159	0
SEAL_USD	2019-02-12	0.33558	0.26629	0.33836	0.26370	0
SEAL_USD	2019-02-11	0.26629	0.26926	0.26944	0.26443	0
SEAL_USD	2019-02-10	0.26926	0.35084	0.35154	0.25782	0
SEAL_USD	2019-02-09	0.35084	0.35159	0.35285	0.34864	0
SEAL_USD	2019-02-08	0.35159	0.28083	0.35281	0.28016	0
SEAL_USD	2019-02-07	0.28083	0.28213	0.28297	0.28042	0
SEAL_USD	2019-02-06	0.28213	0.28658	0.28731	0.27979	0
SEAL_USD	2019-02-05	0.28658	0.26786	0.28687	0.26674	0
SEAL_USD	2019-02-04	0.26786	0.28835	0.28879	0.24503	0
SEAL_USD	2019-02-03	0.28835	0.28967	0.29030	0.28252	0
SEAL_USD	2019-02-02	0.28967	0.28794	0.29073	0.28493	0
SEAL_USD	2019-02-01	0.28794	0.28509	0.28930	0.28211	0
SEAL_USD	2019-01-31	0.28509	0.28728	0.29034	0.28342	0
SEAL_USD	2019-01-30	0.28728	0.28307	0.28863	0.28097	0
SEAL_USD	2019-01-29	0.28307	0.28496	0.28588	0.27860	0
SEAL_USD	2019-01-28	0.28496	0.29277	0.29283	0.28132	0
SEAL_USD	2019-01-27	0.29277	0.29562	0.29640	0.28836	0
SEAL_USD	2019-01-26	0.29562	0.29445	0.30284	0.29414	0
SEAL_USD	2019-01-25	0.29445	0.29615	0.29837	0.22372	0
SEAL_USD	2019-01-24	0.29615	0.28883	0.29743	0.28643	0
SEAL_USD	2019-01-23	0.28883	0.29036	0.29297	0.28662	0
SEAL_USD	2019-01-22	0.29036	0.20949	0.29081	0.20486	0
SEAL_USD	2019-01-21	0.20949	0.20978	0.21602	0.20825	0
SEAL_USD	2019-01-20	0.20978	0.22024	0.22207	0.20755	0
SEAL_USD	2019-01-19	0.22024	0.22567	0.22802	0.21736	0
SEAL_USD	2019-01-18	0.22567	0.22844	0.22864	0.22435	0
SEAL_USD	2019-01-17	0.22844	0.22543	0.22856	0.22226	0
SEAL_USD	2019-01-16	0.22543	0.22477	0.22951	0.22394	0
SEAL_USD	2019-01-15	0.22477	0.28710	0.28903	0.22337	0
SEAL_USD	2019-01-14	0.28710	0.27549	0.29125	0.27459	0
SEAL_USD	2019-01-13	0.27549	0.28397	0.28524	0.27397	0
SEAL_USD	2019-01-12	0.28397	0.28493	0.28639	0.28152	0
SEAL_USD	2019-01-11	0.28493	0.28478	0.28904	0.28123	0
SEAL_USD	2019-01-10	0.28478	0.31319	0.31724	0.28280	0
SEAL_USD	2019-01-09	0.31319	0.29056	0.31494	0.28982	0
SEAL_USD	2019-01-08	0.29056	0.40928	0.41277	0.17713	0
SEAL_USD	2019-01-07	0.40928	0.41501	0.41752	0.40579	0
SEAL_USD	2019-01-06	0.41501	0.31297	0.77829	0.27434	0
SEAL_USD	2019-01-05	0.31297	0.31659	0.32118	0.31238	0
SEAL_USD	2019-01-04	0.31659	0.31371	0.31888	0.30880	0
SEAL_USD	2019-01-03	0.31371	0.41614	0.41666	0.31336	0
SEAL_USD	2019-01-02	0.41614	0.40669	0.41842	0.40278	0
SEAL_USD	2019-01-01	0.40669	0.39358	0.40904	0.38934	0
SEAL_USD	2018-12-31	0.39358	0.40821	0.40926	0.38856	0
SEAL_USD	2018-12-30	0.40821	0.39894	0.40991	0.39514	0
SEAL_USD	2018-12-29	0.39894	0.44410	0.44838	0.39744	0
SEAL_USD	2018-12-28	0.44410	0.40862	0.44935	0.40672	0
SEAL_USD	2018-12-27	0.40862	0.43238	0.43592	0.40578	0
SEAL_USD	2018-12-26	0.43238	0.42969	0.43899	0.41943	0
SEAL_USD	2018-12-25	0.42969	0.45606	0.45680	0.42035	0
SEAL_USD	2018-12-24	0.45606	0.44791	0.48234	0.44791	0
SEAL_USD	2018-12-23	0.44791	0.45394	0.46320	0.44424	0
SEAL_USD	2018-12-22	0.45394	0.43700	0.45621	0.43127	0
SEAL_USD	2018-12-21	0.43700	0.46364	0.47174	0.42963	0
SEAL_USD	2018-12-20	0.46364	0.41914	0.47258	0.41606	0
SEAL_USD	2018-12-19	0.41914	0.41577	0.44436	0.41382	0
SEAL_USD	2018-12-18	0.41577	0.39882	0.41778	0.39055	0
SEAL_USD	2018-12-17	0.39882	0.35514	0.40749	0.35355	0
SEAL_USD	2018-12-16	0.35514	0.35375	0.36349	0.35270	0
SEAL_USD	2018-12-15	0.35375	0.35313	0.35724	0.34629	0
SEAL_USD	2018-12-14	0.35313	0.36067	0.36446	0.34723	0
SEAL_USD	2018-12-13	0.36067	0.38066	0.38134	0.35829	0
SEAL_USD	2018-12-12	0.38066	0.36828	0.38801	0.36760	0
SEAL_USD	2018-12-11	0.37150	0.37934	0.38200	0.36546	0
SEAL_USD	2018-12-10	0.37934	0.39234	0.39816	0.37407	0
SEAL_USD	2018-12-09	0.39234	0.37732	0.40649	0.37334	0
SEAL_USD	2018-12-08	0.37732	0.38054	0.39354	0.35695	0
SEAL_USD	2018-12-07	0.38054	0.39118	0.39777	0.36278	0
SEAL_USD	2018-12-06	0.39118	0.41622	0.43270	0.38850	0
SEAL_USD	2018-12-05	0.41622	0.44002	0.44169	0.41450	0
SEAL_USD	2018-12-04	0.44002	0.44141	0.46752	0.43087	0
SEAL_USD	2018-12-03	0.44141	0.47046	0.47257	0.43432	0
SEAL_USD	2018-12-02	0.47046	0.47988	0.49234	0.46679	0
SEAL_USD	2018-12-01	0.47988	0.45673	0.49071	0.45006	0
SEAL_USD	2018-11-30	0.45673	0.48766	0.49282	0.44858	0
SEAL_USD	2018-11-29	0.48766	0.47357	0.50536	0.45997	0
SEAL_USD	2018-11-28	0.47357	0.42719	0.48728	0.42719	0
SEAL_USD	2018-11-27	0.42719	0.37831	0.43360	0.36424	0
SEAL_USD	2018-11-26	0.37831	0.40264	0.41154	0.36458	0
SEAL_USD	2018-11-25	0.40264	0.38555	0.41198	0.35924	0
SEAL_USD	2018-11-24	0.38555	0.43383	0.44289	0.37613	0
SEAL_USD	2018-11-23	0.43383	0.43082	0.43958	0.41700	0
SEAL_USD	2018-11-22	0.43082	0.45820	0.46267	0.43082	0
SEAL_USD	2018-11-21	0.45820	0.45011	0.46812	0.43453	0
SEAL_USD	2018-11-20	0.45011	0.48436	0.49498	0.42356	0
SEAL_USD	2018-11-19	0.48436	0.52689	0.52689	0.46323	0
SEAL_USD	2018-11-18	0.52689	0.52384	0.53163	0.52331	0
SEAL_USD	2018-11-17	0.52384	0.52699	0.52699	0.51890	0
SEAL_USD	2018-11-16	0.52699	0.53547	0.53596	0.51717	0
SEAL_USD	2018-11-15	0.53547	0.54787	0.55200	0.50661	0
SEAL_USD	2018-11-14	0.54787	0.60184	0.60376	0.53111	0
SEAL_USD	2018-11-13	0.60184	0.60021	0.60491	0.59616	0
SEAL_USD	2018-11-12	0.60021	0.59838	0.60216	0.59742	0
SEAL_USD	2018-11-11	0.59838	0.63024	0.63212	0.59304	0
SEAL_USD	2018-11-10	0.63024	0.62917	0.63325	0.62862	0
SEAL_USD	2018-11-09	0.62917	0.63500	0.63725	0.62657	0
SEAL_USD	2018-11-08	0.63500	0.64412	0.64533	0.63474	0
SEAL_USD	2018-11-07	0.64412	0.63849	0.64750	0.63819	0
SEAL_USD	2018-11-06	0.63849	0.63407	0.63849	0.63188	0
SEAL_USD	2018-11-05	0.63407	0.63554	0.63653	0.63104	0
SEAL_USD	2018-11-04	0.63554	0.62601	0.63793	0.62329	0
SEAL_USD	2018-11-03	0.62601	0.62984	0.63036	0.62054	0
SEAL_USD	2018-11-02	0.62984	0.62718	0.63257	0.62637	0
SEAL_USD	2018-11-01	0.62718	0.62410	0.62948	0.62265	0
SEAL_USD	2018-10-31	0.62410	0.62034	0.62700	0.61256	0
SEAL_USD	2018-10-30	0.62034	0.62171	0.62524	0.61869	0
SEAL_USD	2018-10-29	0.62171	0.63603	0.63722	0.61944	0
SEAL_USD	2018-10-28	0.63603	0.63701	0.63798	0.63271	0
SEAL_USD	2018-10-27	0.63701	0.64008	0.64228	0.63520	0
SEAL_USD	2018-10-26	0.64008	0.63975	0.64552	0.63841	0
SEAL_USD	2018-10-25	0.63975	0.83597	0.83684	0.63778	0
SEAL_USD	2018-10-24	0.83597	0.83546	0.84473	0.83458	0
SEAL_USD	2018-10-23	0.83546	0.83765	0.83982	0.83323	0
SEAL_USD	2018-10-22	0.83765	0.84031	0.84536	0.83534	0
SEAL_USD	2018-10-21	0.84031	0.83999	0.84885	0.83974	0
SEAL_USD	2018-10-20	0.83999	0.83254	0.84291	0.83052	0
SEAL_USD	2018-10-19	0.83254	0.84352	0.84568	0.83162	0
SEAL_USD	2018-10-18	0.84352	0.85904	0.86454	0.83771	0
SEAL_USD	2018-10-17	0.85904	0.86198	0.86633	0.85219	0
SEAL_USD	2018-10-16	0.86198	0.85994	0.87907	0.85203	0
SEAL_USD	2018-10-15	0.85994	0.80781	0.95885	0.80356	0
SEAL_USD	2018-10-14	0.80781	0.80694	0.81620	0.80593	0
SEAL_USD	2018-10-13	0.80694	0.80320	0.80758	0.80210	0
SEAL_USD	2018-10-12	0.80320	0.79787	0.80973	0.79375	0
SEAL_USD	2018-10-11	0.79787	0.84569	0.84569	0.79464	0
SEAL_USD	2018-10-10	0.84569	0.84987	0.84987	0.83286	0
SEAL_USD	2018-10-09	0.84987	0.85117	0.85207	0.84292	0
SEAL_USD	2018-10-08	0.85117	0.84195	0.85693	0.84004	0
SEAL_USD	2018-10-07	0.84195	0.84079	0.84613	0.83357	0
SEAL_USD	2018-10-06	0.84079	0.84754	0.84797	0.83722	0
SEAL_USD	2018-10-05	0.84754	0.83929	0.85010	0.83520	0
SEAL_USD	2018-10-04	0.83929	0.82950	0.84620	0.82902	0
SEAL_USD	2018-10-03	0.82950	0.75514	0.86530	0.58514	0
SEAL_USD	2018-10-02	0.75514	0.76237	0.76608	0.75234	0
SEAL_USD	2018-10-01	0.76237	0.76118	0.76647	0.74742	0
SEAL_USD	2018-09-30	0.76118	0.75953	0.76553	0.75109	0
SEAL_USD	2018-09-29	0.75953	0.73772	0.76233	0.71893	0
SEAL_USD	2018-09-28	0.73772	0.74371	0.75884	0.72774	0
SEAL_USD	2018-09-27	0.74371	0.71852	0.74797	0.71615	0
SEAL_USD	2018-09-26	0.71852	0.71551	0.72842	0.71007	0
SEAL_USD	2018-09-25	0.71551	0.88618	0.88618	0.70776	0
SEAL_USD	2018-09-24	0.88618	0.90314	0.90457	0.88216	0
SEAL_USD	2018-09-23	0.90314	0.90490	0.91284	0.89707	0
SEAL_USD	2018-09-22	0.90490	0.91139	0.92056	0.89407	0
SEAL_USD	2018-09-21	0.91139	0.76790	0.91238	0.76738	0
SEAL_USD	2018-09-20	0.76790	0.75506	0.77079	0.75098	0
SEAL_USD	2018-09-19	0.75506	0.74927	0.76413	0.72224	0
SEAL_USD	2018-09-18	0.74927	0.73887	0.75395	0.73596	0
SEAL_USD	2018-09-17	0.73887	0.76766	0.77160	0.73394	0
SEAL_USD	2018-09-16	0.76766	0.77021	0.77021	0.75370	0
SEAL_USD	2018-09-15	0.77021	0.76634	0.77599	0.76473	0
SEAL_USD	2018-09-14	0.76634	0.76496	0.77801	0.75287	0
SEAL_USD	2018-09-13	0.76496	0.74855	0.77062	0.74823	0
SEAL_USD	2018-09-12	0.74855	0.74303	0.75012	0.73277	0
SEAL_USD	2018-09-11	0.74303	0.74517	0.75428	0.73004	0
SEAL_USD	2018-09-10	0.74517	0.73709	0.74967	0.73709	0
SEAL_USD	2018-09-09	0.73709	0.73063	0.75808	0.72721	0
SEAL_USD	2018-09-08	0.73063	0.76448	0.77296	0.72532	0
SEAL_USD	2018-09-07	0.76448	0.77760	0.77991	0.75506	0
SEAL_USD	2018-09-06	0.77760	0.80028	0.80224	0.75339	0
SEAL_USD	2018-09-05	0.80028	0.87847	0.88275	0.79982	0
SEAL_USD	2018-09-04	0.87847	0.86785	0.88461	0.86502	0
SEAL_USD	2018-09-03	0.86785	0.87029	0.87578	0.85952	0
SEAL_USD	2018-09-02	0.87029	0.85920	0.87705	0.85201	0
SEAL_USD	2018-09-01	0.85920	0.83881	0.86670	0.83807	0
SEAL_USD	2018-08-31	0.83881	0.83493	0.84565	0.82310	0
SEAL_USD	2018-08-30	0.83493	0.84118	0.84278	0.81252	0
SEAL_USD	2018-08-29	0.84118	0.84499	0.85084	0.82705	0
SEAL_USD	2018-08-28	0.84499	0.82405	0.85079	0.82035	0
SEAL_USD	2018-08-27	0.82405	0.80082	0.82501	0.79497	0
SEAL_USD	2018-08-26	0.80082	0.80449	0.80948	0.78561	0
SEAL_USD	2018-08-25	0.80449	0.79912	0.81079	0.79624	0
SEAL_USD	2018-08-24	0.79912	0.77918	0.80280	0.77149	0
SEAL_USD	2018-08-23	0.77918	0.75861	0.78379	0.75808	0
SEAL_USD	2018-08-22	0.75861	0.77353	0.81980	0.74645	0
SEAL_USD	2018-08-21	0.77353	0.74673	0.77596	0.74613	0
SEAL_USD	2018-08-20	0.74673	0.77468	0.77891	0.74376	0
SEAL_USD	2018-08-19	0.77468	0.92468	0.93504	0.75610	0
SEAL_USD	2018-08-18	0.92468	0.95333	0.95645	0.91223	0
SEAL_USD	2018-08-17	0.95333	0.91323	0.95333	0.91053	0
SEAL_USD	2018-08-16	0.91323	0.90723	0.93640	0.90088	0
SEAL_USD	2018-08-15	0.90723	0.83356	0.95320	0.83302	0
SEAL_USD	2018-08-14	0.83356	0.95477	0.95477	0.81043	0
SEAL_USD	2018-08-13	0.95477	0.96423	0.99821	0.94073	0
SEAL_USD	2018-08-12	0.96423	0.95043	0.98500	0.94295	0
SEAL_USD	2018-08-11	0.95043	0.93825	0.98620	0.91782	0
SEAL_USD	2018-08-10	0.93825	0.99707	1.00388	0.91903	0
SEAL_USD	2018-08-09	0.99707	0.95874	1.01119	0.94523	0
SEAL_USD	2018-08-08	0.95874	1.02592	1.02592	0.93658	0
SEAL_USD	2018-08-07	1.02592	1.05951	1.09190	1.02039	0
SEAL_USD	2018-08-06	1.05951	1.07398	1.09123	1.04626	0
SEAL_USD	2018-08-05	1.07398	1.07026	1.08305	1.05267	0
SEAL_USD	2018-08-04	1.07026	1.14611	1.17584	1.06695	0
SEAL_USD	2018-08-03	1.14611	1.16450	1.16450	1.12562	0
SEAL_USD	2018-08-02	1.16450	1.17601	1.18997	1.15308	0
SEAL_USD	2018-08-01	1.17601	1.19692	1.19844	1.15053	0
SEAL_USD	2018-07-31	1.19692	1.26278	1.26356	1.18533	0
SEAL_USD	2018-07-30	1.26278	1.27050	1.27900	1.21556	0
SEAL_USD	2018-07-29	1.27050	1.11248	1.27883	1.11248	0
SEAL_USD	2018-07-28	1.11248	1.11231	1.11248	1.11231	0
SEAL_USD	2018-07-27	1.11231	1.08761	1.11231	1.08761	0
SEAL_USD	2018-07-26	1.08761	1.07865	1.09538	1.07830	0
SEAL_USD	2018-07-25	1.07865	1.11005	1.11964	1.06510	0
SEAL_USD	2018-07-24	1.11005	1.13636	1.18408	1.04553	0
SEAL_USD	2018-07-23	1.13636	1.09038	1.14623	1.08635	0
SEAL_USD	2018-07-22	1.09038	1.11080	1.18167	1.08234	0
SEAL_USD	2018-07-21	1.11080	1.01685	1.11330	1.00142	0
SEAL_USD	2018-07-20	1.01685	1.03643	1.06519	1.00958	0
SEAL_USD	2018-07-19	1.03643	1.01984	1.04789	1.00903	0
SEAL_USD	2018-07-18	1.01984	1.00686	1.04913	1.00352	0
SEAL_USD	2018-07-17	1.00686	0.92658	1.02653	0.91711	0
SEAL_USD	2018-07-16	0.92658	0.87298	0.92819	0.87096	0
SEAL_USD	2018-07-15	0.87298	0.85969	0.87870	0.85740	0
SEAL_USD	2018-07-14	0.85969	0.85557	0.86693	0.85004	0
SEAL_USD	2018-07-13	0.85557	0.85712	0.87055	0.84517	0
SEAL_USD	2018-07-12	0.85712	0.87471	0.87471	0.83648	0
SEAL_USD	2018-07-11	0.87471	0.95801	0.97036	0.87081	0
SEAL_USD	2018-07-10	0.95801	1.02198	1.02505	0.95485	0
SEAL_USD	2018-07-09	1.02198	1.02598	1.04281	1.01833	0
SEAL_USD	2018-07-08	1.02598	1.03150	1.03593	1.02095	0
SEAL_USD	2018-07-07	1.03150	1.02354	1.04133	0.99341	0
SEAL_USD	2018-07-06	1.02354	0.99775	1.02786	0.98978	0
SEAL_USD	2018-07-05	0.99775	0.95656	1.01229	0.92008	0
SEAL_USD	2018-07-04	0.95656	0.84152	0.97246	0.83090	0
SEAL_USD	2018-07-03	0.84152	0.85673	0.86349	0.01127	0
SEAL_USD	2018-07-02	0.85673	0.82198	0.86409	0.00001	0
SEAL_USD	2018-07-01	0.82206	0.82747	0.83269	0.81180	0
SEAL_USD	2018-06-30	0.82748	0.80308	0.84363	0.80308	0
SEAL_USD	2018-06-29	0.80374	0.75729	0.81214	0.75089	0
SEAL_USD	2018-06-28	0.75850	0.79408	0.79811	0.75477	0
SEAL_USD	2018-06-27	0.79402	0.78535	0.80000	0.77534	0
SEAL_USD	2018-06-26	0.78784	0.80924	0.81220	0.78362	0
SEAL_USD	2018-06-25	0.80871	0.79570	0.81758	0.78741	0
SEAL_USD	2018-06-24	0.79596	0.79750	0.80770	0.74752	0
SEAL_USD	2018-06-23	0.79646	0.78229	0.80902	0.77882	0
SEAL_USD	2018-06-22	0.78230	0.86921	0.87138	0.76858	0
SEAL_USD	2018-06-21	0.86916	0.87518	0.87854	0.86625	0
SEAL_USD	2018-06-20	0.87523	0.87162	0.88183	0.84937	0
SEAL_USD	2018-06-19	0.87260	0.86890	0.88395	0.86350	0
SEAL_USD	2018-06-18	0.86860	0.83415	0.87856	0.82703	0
SEAL_USD	2018-06-17	0.83348	0.83985	0.85058	0.83207	0
SEAL_USD	2018-06-16	0.83969	0.82663	0.84794	0.81952	0
SEAL_USD	2018-06-15	0.82624	0.85989	0.85989	0.82344	0
SEAL_USD	2018-06-14	0.85824	0.81499	0.86714	0.81208	0
SEAL_USD	2018-06-13	0.81452	0.84721	0.85519	0.79333	0
SEAL_USD	2018-06-12	0.84701	0.88947	0.88947	0.83389	0
SEAL_USD	2018-06-11	0.88990	0.87489	0.89291	0.85947	0
SEAL_USD	2018-06-10	0.87388	0.97080	0.97080	0.85983	0
SEAL_USD	2018-06-09	0.97053	0.98591	0.99493	0.96728	0
SEAL_USD	2018-06-08	0.98590	0.99504	0.99643	0.97668	0
SEAL_USD	2018-06-07	0.99545	0.99092	1.00412	0.98987	0
SEAL_USD	2018-06-06	0.99087	0.98758	0.99630	0.97037	0
SEAL_USD	2018-06-05	0.98674	0.96957	0.99320	0.95453	0
SEAL_USD	2018-06-04	0.97028	1.00011	1.00427	0.96553	0
SEAL_USD	2018-06-03	0.99922	0.98811	1.00669	0.98395	0
SEAL_USD	2018-06-02	0.98886	0.97449	0.99549	0.96506	0
SEAL_USD	2018-06-01	0.97371	0.96916	0.98390	0.95172	0
SEAL_USD	2018-05-31	0.96925	0.95441	0.98389	0.95002	0
SEAL_USD	2018-05-30	0.95482	0.96649	0.97843	0.94258	0
SEAL_USD	2018-05-29	0.96535	0.91974	0.97367	0.91254	0
SEAL_USD	2018-05-28	0.91917	0.95063	0.96194	0.91525	0
SEAL_USD	2018-05-27	0.95023	0.94886	0.95642	0.93504	0
SEAL_USD	2018-05-26	0.94865	0.96537	0.98582	0.94361	0
SEAL_USD	2018-05-25	0.96554	0.98083	0.99005	0.94925	0
SEAL_USD	2018-05-24	0.98042	0.97142	0.99898	0.94048	0
SEAL_USD	2018-05-23	0.97216	1.03276	1.03826	0.96421	0
SEAL_USD	2018-05-22	1.03312	1.08690	1.08813	1.02918	0
SEAL_USD	2018-05-21	1.08690	1.10344	1.10627	1.08272	0
SEAL_USD	2018-05-20	1.10344	1.06679	1.11119	1.05793	0
SEAL_USD	2018-05-19	1.06679	1.06666	1.08646	1.05429	0
SEAL_USD	2018-05-18	1.06666	1.04291	1.07125	1.02637	0
SEAL_USD	2018-05-17	1.04427	1.08082	1.09579	1.03513	0
SEAL_USD	2018-05-16	1.07989	1.09604	1.09892	1.04916	0
SEAL_USD	2018-05-15	1.09606	1.12199	1.14272	1.09083	0
SEAL_USD	2018-05-14	1.12208	1.12422	1.14944	1.07167	0
SEAL_USD	2018-05-13	1.12422	1.09720	1.13320	1.07819	0
SEAL_USD	2018-05-12	1.09470	1.08652	1.11690	1.06243	0
SEAL_USD	2018-05-11	1.08652	1.16761	1.16761	1.08043	0
SEAL_USD	2018-05-10	1.16761	1.20637	1.21567	1.16560	0
SEAL_USD	2018-05-09	1.20637	1.18906	1.21320	1.16258	0
SEAL_USD	2018-05-08	1.18983	1.21165	1.21575	0.00013	0
SEAL_USD	2018-05-07	1.22068	1.25051	1.25269	1.19103	0
SEAL_USD	2018-05-06	1.25051	1.27665	1.29001	1.22402	0
SEAL_USD	2018-05-05	1.27564	1.25682	1.29284	1.25402	0
SEAL_USD	2018-05-04	1.25682	1.26431	1.27026	1.23795	0
SEAL_USD	2018-05-03	1.26431	1.19565	1.27351	1.18753	0
SEAL_USD	2018-05-02	1.19565	1.17375	1.20008	1.16258	0
SEAL_USD	2018-05-01	1.17482	1.19576	1.19609	1.14399	0
SEAL_USD	2018-04-30	1.19576	1.21678	1.22345	1.18017	0
SEAL_USD	2018-04-29	1.21678	1.20916	1.23772	1.18906	0
SEAL_USD	2018-04-28	1.20916	1.15604	1.22137	1.14866	0
SEAL_USD	2018-04-27	1.15604	1.20343	1.21449	1.15275	0
SEAL_USD	2018-04-26	1.20343	1.14906	1.20500	1.12178	0
SEAL_USD	2018-04-25	1.14906	1.24942	1.26295	1.13725	0
SEAL_USD	2018-04-24	1.25232	1.15738	1.26074	1.15614	0
SEAL_USD	2018-04-23	1.15738	1.13926	1.16593	1.13576	0
SEAL_USD	2018-04-22	1.13926	1.15408	1.16856	1.13317	0
SEAL_USD	2018-04-21	1.15408	1.14845	1.16898	1.11589	0
SEAL_USD	2018-04-20	1.14845	1.07129	1.15614	1.06485	0
SEAL_USD	2018-04-19	1.07129	1.05729	1.07413	1.04991	0
SEAL_USD	2018-04-18	1.05729	1.02150	1.06468	1.01957	0
SEAL_USD	2018-04-17	1.02150	1.04298	1.05712	1.01335	0
SEAL_USD	2018-04-16	1.04298	1.08194	1.08812	1.02295	0
SEAL_USD	2018-04-15	1.08194	1.03638	1.09032	1.03613	0
SEAL_USD	2018-04-14	1.03638	1.02005	1.05919	1.01271	0
SEAL_USD	2018-04-13	1.02005	1.02433	1.06485	1.00438	0
SEAL_USD	2018-04-12	1.02433	0.89875	1.04390	0.87535	0
SEAL_USD	2018-04-11	0.89875	0.88553	0.90270	0.87976	0
SEAL_USD	2018-04-10	0.88553	0.87535	0.89200	0.86132	0
SEAL_USD	2018-04-09	0.87506	0.90814	0.93000	0.85614	0
SEAL_USD	2018-04-08	0.90814	0.89169	0.92008	0.89120	0
SEAL_USD	2018-04-07	0.89169	0.85631	0.91443	0.85444	0
SEAL_USD	2018-04-06	0.85631	0.87541	0.88608	0.84260	0
SEAL_USD	2018-04-05	0.87541	0.87862	0.89422	0.85085	0
SEAL_USD	2018-04-04	0.87862	0.95864	0.96021	0.86691	0
SEAL_USD	2018-04-03	0.95864	0.91308	0.97203	0.90885	0
SEAL_USD	2018-04-02	0.91308	0.88167	0.92126	0.87707	0
SEAL_USD	2018-04-01	0.88167	0.89657	0.91012	0.83311	0
SEAL_USD	2018-03-31	0.89657	0.88559	0.93497	0.87946	0
SEAL_USD	2018-03-30	0.88559	0.91819	0.93965	0.85169	0
SEAL_USD	2018-03-29	0.91819	1.02807	1.03077	0.89249	0
SEAL_USD	2018-03-28	1.02807	1.00775	1.04923	1.00073	0
SEAL_USD	2018-03-27	1.00775	1.05188	1.06241	1.00221	0
SEAL_USD	2018-03-26	1.05188	1.09336	1.09949	1.01613	0
SEAL_USD	2018-03-25	1.09336	1.10127	1.12081	1.08411	0
SEAL_USD	2018-03-24	1.10127	1.15254	1.16646	1.10005	0
SEAL_USD	2018-03-23	1.15254	1.12853	1.15264	1.07111	0
SEAL_USD	2018-03-22	1.12853	1.15223	1.17631	1.09772	0
SEAL_USD	2018-03-21	1.15223	1.15172	1.18666	1.13407	0
SEAL_USD	2018-03-20	1.15172	1.11339	1.16835	1.07645	0
SEAL_USD	2018-03-19	1.11339	1.06258	1.12617	1.05026	0
SEAL_USD	2018-03-18	1.06258	1.01893	1.07005	0.94811	0
SEAL_USD	2018-03-17	1.01893	1.07351	1.07977	1.00337	0
SEAL_USD	2018-03-16	1.07351	1.06863	1.11215	1.02328	0
SEAL_USD	2018-03-15	1.06863	1.05963	1.08803	0.99428	0
SEAL_USD	2018-03-14	1.05963	1.18064	1.20880	1.02579	0
SEAL_USD	2018-03-13	1.18064	1.31496	1.36604	1.14353	0
SEAL_USD	2018-03-12	1.31496	1.37047	1.42546	1.26923	0
SEAL_USD	2018-03-11	1.37047	1.26057	1.39921	1.21365	0
SEAL_USD	2018-03-10	1.26057	1.54407	1.59062	1.25420	0
SEAL_USD	2018-03-09	1.54407	1.92575	1.95078	1.29214	0
SEAL_USD	2018-03-08	1.92575	2.04629	2.08870	1.87315	0
SEAL_USD	2018-03-07	2.04629	2.22014	2.25643	1.95377	0
SEAL_USD	2018-03-06	2.22014	1.26577	2.33356	1.23540	0
SEAL_USD	2018-03-05	1.26577	1.84131	1.85756	1.26577	0
SEAL_USD	2018-03-04	1.84131	2.31532	2.31957	1.81685	0
SEAL_USD	2018-03-03	2.31532	2.23244	2.33299	2.23244	0
SEAL_USD	2018-03-02	2.23244	2.25956	2.31314	2.18310	0
