SHDW_USD	2019-04-09	0.030891	0.031950	0.031950	0.030777	0
SHDW_USD	2019-04-08	0.031950	0.028824	0.032878	0.028563	0
SHDW_USD	2019-04-07	0.028824	0.031599	0.031734	0.028590	0
SHDW_USD	2019-04-06	0.031599	0.033200	0.033321	0.031102	0
SHDW_USD	2019-04-05	0.033200	0.030695	0.033305	0.030695	0
SHDW_USD	2019-04-04	0.030695	0.032810	0.033387	0.030068	0
SHDW_USD	2019-04-03	0.032810	0.032573	0.035258	0.030800	0
SHDW_USD	2019-04-02	0.032573	0.026852	0.033988	0.026835	0
SHDW_USD	2019-04-01	0.026852	0.023213	0.026855	0.022663	0
SHDW_USD	2019-03-31	0.023213	0.024302	0.024398	0.023185	0
SHDW_USD	2019-03-30	0.024302	0.026161	0.026207	0.024082	0
SHDW_USD	2019-03-29	0.026161	0.027420	0.028117	0.026038	0
SHDW_USD	2019-03-28	0.027420	0.027364	0.027420	0.027213	0
SHDW_USD	2019-03-27	0.027364	0.026564	0.027411	0.026532	0
SHDW_USD	2019-03-26	0.026564	0.026420	0.026675	0.026294	0
SHDW_USD	2019-03-25	0.026420	0.026896	0.027355	0.026212	0
SHDW_USD	2019-03-24	0.026896	0.028483	0.028483	0.021778	0
SHDW_USD	2019-03-23	0.028483	0.028382	0.028575	0.028292	0
SHDW_USD	2019-03-22	0.028382	0.028435	0.028881	0.028350	0
SHDW_USD	2019-03-21	0.028435	0.028973	0.029105	0.028122	0
SHDW_USD	2019-03-20	0.028973	0.028836	0.029036	0.028591	0
SHDW_USD	2019-03-19	0.028836	0.027701	0.028847	0.027695	0
SHDW_USD	2019-03-18	0.027701	0.028869	0.030239	0.026779	0
SHDW_USD	2019-03-17	0.028869	0.028812	0.030884	0.026914	0
SHDW_USD	2019-03-16	0.028812	0.026801	0.030652	0.026801	0
SHDW_USD	2019-03-15	0.026801	0.027550	0.027900	0.022445	0
SHDW_USD	2019-03-14	0.027550	0.027537	0.027900	0.027118	0
SHDW_USD	2019-03-13	0.027537	0.027579	0.027694	0.027379	0
SHDW_USD	2019-03-12	0.027579	0.027563	0.028329	0.027176	0
SHDW_USD	2019-03-11	0.027563	0.027775	0.027844	0.027232	0
SHDW_USD	2019-03-10	0.027775	0.028469	0.028519	0.027722	0
SHDW_USD	2019-03-09	0.028469	0.027485	0.028940	0.027439	0
SHDW_USD	2019-03-08	0.027485	0.027376	0.027756	0.026764	0
SHDW_USD	2019-03-07	0.027376	0.027285	0.027576	0.027233	0
SHDW_USD	2019-03-06	0.027285	0.027492	0.027682	0.027220	0
SHDW_USD	2019-03-05	0.027492	0.026410	0.027569	0.026315	0
SHDW_USD	2019-03-04	0.026410	0.027153	0.027788	0.026071	0
SHDW_USD	2019-03-03	0.027153	0.027274	0.027790	0.026982	0
SHDW_USD	2019-03-02	0.027274	0.026851	0.027277	0.026435	0
SHDW_USD	2019-03-01	0.026851	0.027112	0.027517	0.026799	0
SHDW_USD	2019-02-28	0.027112	0.027072	0.027789	0.027004	0
SHDW_USD	2019-02-27	0.027072	0.027055	0.027302	0.026184	0
SHDW_USD	2019-02-26	0.027055	0.027348	0.027412	0.026922	0
SHDW_USD	2019-02-25	0.027348	0.026236	0.027618	0.026059	0
SHDW_USD	2019-02-24	0.026236	0.028917	0.029398	0.025679	0
SHDW_USD	2019-02-23	0.028917	0.027865	0.029168	0.027522	0
SHDW_USD	2019-02-22	0.027865	0.027428	0.027886	0.027302	0
SHDW_USD	2019-02-21	0.027428	0.027937	0.028191	0.027213	0
SHDW_USD	2019-02-20	0.027937	0.027202	0.027937	0.026861	0
SHDW_USD	2019-02-19	0.027202	0.027754	0.028313	0.026776	0
SHDW_USD	2019-02-18	0.027754	0.025458	0.027754	0.025381	0
SHDW_USD	2019-02-17	0.025458	0.025037	0.025765	0.025005	0
SHDW_USD	2019-02-16	0.025037	0.024861	0.025317	0.024861	0
SHDW_USD	2019-02-15	0.024861	0.024761	0.025308	0.024675	0
SHDW_USD	2019-02-14	0.024761	0.024802	0.024885	0.024606	0
SHDW_USD	2019-02-13	0.024802	0.025009	0.025363	0.024753	0
SHDW_USD	2019-02-12	0.025009	0.024847	0.025460	0.024637	0
SHDW_USD	2019-02-11	0.024847	0.024955	0.025773	0.024330	0
SHDW_USD	2019-02-10	0.024955	0.024950	0.025054	0.024340	0
SHDW_USD	2019-02-09	0.024950	0.024765	0.025421	0.024455	0
SHDW_USD	2019-02-08	0.024765	0.021527	0.025190	0.021475	0
SHDW_USD	2019-02-07	0.021527	0.021626	0.021691	0.021496	0
SHDW_USD	2019-02-06	0.021626	0.022003	0.022059	0.021447	0
SHDW_USD	2019-02-05	0.022003	0.021850	0.022016	0.021759	0
SHDW_USD	2019-02-04	0.021850	0.021973	0.022014	0.021738	0
SHDW_USD	2019-02-03	0.021973	0.022885	0.022970	0.021781	0
SHDW_USD	2019-02-02	0.022885	0.020201	0.022920	0.019939	0
SHDW_USD	2019-02-01	0.020201	0.020001	0.020296	0.019792	0
SHDW_USD	2019-01-31	0.020001	0.020154	0.020369	0.019884	0
SHDW_USD	2019-01-30	0.020154	0.019929	0.020320	0.019781	0
SHDW_USD	2019-01-29	0.019929	0.020097	0.020325	0.019614	0
SHDW_USD	2019-01-28	0.020097	0.021619	0.021623	0.019930	0
SHDW_USD	2019-01-27	0.021619	0.021870	0.021927	0.021333	0
SHDW_USD	2019-01-26	0.021870	0.021901	0.022523	0.021852	0
SHDW_USD	2019-01-25	0.021901	0.022041	0.022108	0.021716	0
SHDW_USD	2019-01-24	0.022041	0.021864	0.022136	0.021683	0
SHDW_USD	2019-01-23	0.021864	0.021980	0.022177	0.021697	0
SHDW_USD	2019-01-22	0.021980	0.021987	0.022205	0.021152	0
SHDW_USD	2019-01-21	0.021987	0.022018	0.022140	0.021816	0
SHDW_USD	2019-01-20	0.022018	0.023116	0.023308	0.021783	0
SHDW_USD	2019-01-19	0.023116	0.022551	0.023615	0.022540	0
SHDW_USD	2019-01-18	0.022551	0.022844	0.022864	0.022416	0
SHDW_USD	2019-01-17	0.022844	0.022543	0.022856	0.022226	0
SHDW_USD	2019-01-16	0.022543	0.022029	0.022602	0.021515	0
SHDW_USD	2019-01-15	0.022029	0.021744	0.022641	0.021435	0
SHDW_USD	2019-01-14	0.021744	0.019809	0.022024	0.019744	0
SHDW_USD	2019-01-13	0.019809	0.021436	0.021532	0.019699	0
SHDW_USD	2019-01-12	0.021436	0.021509	0.021620	0.021252	0
SHDW_USD	2019-01-11	0.021509	0.021497	0.021800	0.021230	0
SHDW_USD	2019-01-10	0.021497	0.023622	0.023927	0.021349	0
SHDW_USD	2019-01-09	0.023622	0.023735	0.024092	0.023368	0
SHDW_USD	2019-01-08	0.023735	0.023881	0.024385	0.023562	0
SHDW_USD	2019-01-07	0.023881	0.024195	0.024342	0.023658	0
SHDW_USD	2019-01-06	0.024195	0.022689	0.045374	0.022552	0
SHDW_USD	2019-01-05	0.022689	0.022951	0.023284	0.022646	0
SHDW_USD	2019-01-04	0.022951	0.023720	0.023976	0.021885	0
SHDW_USD	2019-01-03	0.023720	0.027176	0.027209	0.023614	0
SHDW_USD	2019-01-02	0.027176	0.020819	0.028252	0.018171	0
SHDW_USD	2019-01-01	0.020819	0.014039	0.021195	0.013887	0
SHDW_USD	2018-12-31	0.014039	0.014362	0.014502	0.013807	0
SHDW_USD	2018-12-30	0.014362	0.014036	0.014649	0.013940	0
SHDW_USD	2018-12-29	0.014036	0.014532	0.015085	0.013980	0
SHDW_USD	2018-12-28	0.014532	0.011160	0.014684	0.011154	0
SHDW_USD	2018-12-27	0.011160	0.011809	0.011906	0.011083	0
SHDW_USD	2018-12-26	0.011809	0.011736	0.011990	0.011456	0
SHDW_USD	2018-12-25	0.011736	0.012456	0.012476	0.011480	0
SHDW_USD	2018-12-24	0.012456	0.014635	0.015782	0.012306	0
SHDW_USD	2018-12-23	0.014635	0.015080	0.015309	0.014515	0
SHDW_USD	2018-12-22	0.015080	0.014577	0.015155	0.014327	0
SHDW_USD	2018-12-21	0.014577	0.015404	0.015673	0.014352	0
SHDW_USD	2018-12-20	0.015404	0.014116	0.015980	0.013885	0
SHDW_USD	2018-12-19	0.014116	0.014343	0.015228	0.013865	0
SHDW_USD	2018-12-18	0.014343	0.013233	0.014353	0.012958	0
SHDW_USD	2018-12-17	0.013233	0.012193	0.013981	0.012095	0
SHDW_USD	2018-12-16	0.012193	0.012195	0.012581	0.011929	0
SHDW_USD	2018-12-15	0.012195	0.012206	0.012395	0.011682	0
SHDW_USD	2018-12-14	0.012206	0.011948	0.012309	0.011636	0
SHDW_USD	2018-12-13	0.011948	0.011301	0.012556	0.011094	0
SHDW_USD	2018-12-12	0.011301	0.012508	0.013268	0.011217	0
SHDW_USD	2018-12-11	0.012548	0.012778	0.013329	0.012089	0
SHDW_USD	2018-12-10	0.012778	0.013270	0.013627	0.012270	0
SHDW_USD	2018-12-09	0.013270	0.011272	0.013432	0.011084	0
SHDW_USD	2018-12-08	0.011272	0.010117	0.011793	0.009252	0
SHDW_USD	2018-12-07	0.010117	0.008496	0.010135	0.007933	0
SHDW_USD	2018-12-06	0.008496	0.009078	0.009418	0.008385	0
SHDW_USD	2018-12-05	0.009078	0.008840	0.009368	0.008824	0
SHDW_USD	2018-12-04	0.008840	0.008215	0.009135	0.008019	0
SHDW_USD	2018-12-03	0.008215	0.008299	0.008527	0.007354	0
SHDW_USD	2018-12-02	0.008299	0.005579	0.008554	0.005555	0
SHDW_USD	2018-12-01	0.005579	0.006663	0.006710	0.005194	0
SHDW_USD	2018-11-30	0.006663	0.006899	0.006972	0.006328	0
SHDW_USD	2018-11-29	0.006899	0.006847	0.007105	0.006650	0
SHDW_USD	2018-11-28	0.006847	0.006235	0.007045	0.006189	0
SHDW_USD	2018-11-27	0.006235	0.006537	0.006584	0.006039	0
SHDW_USD	2018-11-26	0.006537	0.007225	0.007303	0.006033	0
SHDW_USD	2018-11-25	0.007225	0.007154	0.007239	0.006049	0
SHDW_USD	2018-11-24	0.007154	0.008049	0.008218	0.006998	0
SHDW_USD	2018-11-23	0.008049	0.007994	0.008156	0.007737	0
SHDW_USD	2018-11-22	0.007994	0.008502	0.008584	0.007994	0
SHDW_USD	2018-11-21	0.008502	0.008397	0.008687	0.008107	0
SHDW_USD	2018-11-20	0.008397	0.008987	0.009209	0.007902	0
SHDW_USD	2018-11-19	0.008987	0.010555	0.010555	0.008903	0
SHDW_USD	2018-11-18	0.010555	0.010606	0.010744	0.010473	0
SHDW_USD	2018-11-17	0.010606	0.010642	0.010642	0.010396	0
SHDW_USD	2018-11-16	0.010642	0.010669	0.010688	0.010427	0
SHDW_USD	2018-11-15	0.010669	0.011475	0.011562	0.010372	0
SHDW_USD	2018-11-14	0.011475	0.012994	0.012994	0.011124	0
SHDW_USD	2018-11-13	0.012994	0.012700	0.013187	0.012547	0
SHDW_USD	2018-11-12	0.012700	0.013340	0.013381	0.012517	0
SHDW_USD	2018-11-11	0.013340	0.013248	0.013340	0.013110	0
SHDW_USD	2018-11-10	0.013248	0.013193	0.013311	0.013182	0
SHDW_USD	2018-11-09	0.013193	0.013348	0.013395	0.013171	0
SHDW_USD	2018-11-08	0.013348	0.014098	0.014125	0.013310	0
SHDW_USD	2018-11-07	0.014098	0.013910	0.014167	0.013903	0
SHDW_USD	2018-11-06	0.013910	0.013814	0.013910	0.013766	0
SHDW_USD	2018-11-05	0.013814	0.013716	0.013861	0.013704	0
SHDW_USD	2018-11-04	0.013716	0.013446	0.013767	0.013388	0
SHDW_USD	2018-11-03	0.013446	0.013593	0.013693	0.013435	0
SHDW_USD	2018-11-02	0.013593	0.012864	0.013631	0.012864	0
SHDW_USD	2018-11-01	0.012864	0.012036	0.013241	0.011791	0
SHDW_USD	2018-10-31	0.012036	0.011932	0.012092	0.011814	0
SHDW_USD	2018-10-30	0.011932	0.013513	0.013569	0.011900	0
SHDW_USD	2018-10-29	0.013513	0.013792	0.013995	0.013463	0
SHDW_USD	2018-10-28	0.013792	0.013748	0.013808	0.013636	0
SHDW_USD	2018-10-27	0.013748	0.012671	0.013832	0.012671	0
SHDW_USD	2018-10-26	0.012671	0.012926	0.012949	0.012605	0
SHDW_USD	2018-10-25	0.012926	0.012879	0.013028	0.012821	0
SHDW_USD	2018-10-24	0.012879	0.012969	0.013146	0.012857	0
SHDW_USD	2018-10-23	0.012969	0.012215	0.013093	0.012215	0
SHDW_USD	2018-10-22	0.012215	0.013934	0.014017	0.012184	0
SHDW_USD	2018-10-21	0.013934	0.013928	0.014075	0.013924	0
SHDW_USD	2018-10-20	0.013928	0.014294	0.014368	0.013883	0
SHDW_USD	2018-10-19	0.014294	0.014913	0.015076	0.014043	0
SHDW_USD	2018-10-18	0.014913	0.016231	0.016250	0.012956	0
SHDW_USD	2018-10-17	0.016231	0.018044	0.018187	0.015230	0
SHDW_USD	2018-10-16	0.018044	0.018507	0.018507	0.013647	0
SHDW_USD	2018-10-15	0.018507	0.013585	0.018559	0.013513	0
SHDW_USD	2018-10-14	0.013585	0.012558	0.013937	0.012542	0
SHDW_USD	2018-10-13	0.012558	0.012374	0.012560	0.012357	0
SHDW_USD	2018-10-12	0.012374	0.012323	0.012475	0.012228	0
SHDW_USD	2018-10-11	0.012323	0.013095	0.013095	0.012273	0
SHDW_USD	2018-10-10	0.013095	0.013160	0.013160	0.012896	0
SHDW_USD	2018-10-09	0.013160	0.013180	0.013193	0.013052	0
SHDW_USD	2018-10-08	0.013180	0.013103	0.013269	0.013017	0
SHDW_USD	2018-10-07	0.013103	0.013118	0.013168	0.012972	0
SHDW_USD	2018-10-06	0.013118	0.013157	0.013184	0.013046	0
SHDW_USD	2018-10-05	0.013157	0.012667	0.013196	0.012605	0
SHDW_USD	2018-10-04	0.012667	0.012518	0.012768	0.012511	0
SHDW_USD	2018-10-03	0.012518	0.012946	0.012959	0.012399	0
SHDW_USD	2018-10-02	0.012946	0.013103	0.013167	0.012898	0
SHDW_USD	2018-10-01	0.013103	0.013139	0.013219	0.012944	0
SHDW_USD	2018-09-30	0.013139	0.010733	0.013160	0.010657	0
SHDW_USD	2018-09-29	0.010733	0.013801	0.014243	0.010475	0
SHDW_USD	2018-09-28	0.013801	0.013177	0.013929	0.012997	0
SHDW_USD	2018-09-27	0.013177	0.012731	0.013253	0.012689	0
SHDW_USD	2018-09-26	0.012731	0.012966	0.012984	0.012674	0
SHDW_USD	2018-09-25	0.012966	0.013269	0.013269	0.012798	0
SHDW_USD	2018-09-24	0.013269	0.013523	0.013544	0.013209	0
SHDW_USD	2018-09-23	0.013523	0.013583	0.013668	0.013432	0
SHDW_USD	2018-09-22	0.013583	0.013782	0.013920	0.013469	0
SHDW_USD	2018-09-21	0.013782	0.013228	0.013797	0.013219	0
SHDW_USD	2018-09-20	0.013228	0.013039	0.013278	0.012937	0
SHDW_USD	2018-09-19	0.013039	0.012654	0.013196	0.012472	0
SHDW_USD	2018-09-18	0.012654	0.012228	0.012801	0.012180	0
SHDW_USD	2018-09-17	0.012228	0.011340	0.012300	0.011206	0
SHDW_USD	2018-09-16	0.011340	0.010791	0.011373	0.010559	0
SHDW_USD	2018-09-15	0.010791	0.009601	0.010848	0.008794	0
SHDW_USD	2018-09-14	0.009601	0.010620	0.010886	0.008799	0
SHDW_USD	2018-09-13	0.010620	0.010392	0.010698	0.010388	0
SHDW_USD	2018-09-12	0.010392	0.008869	0.010414	0.008791	0
SHDW_USD	2018-09-11	0.008869	0.010440	0.010887	0.008561	0
SHDW_USD	2018-09-10	0.010440	0.010358	0.010535	0.010358	0
SHDW_USD	2018-09-09	0.010358	0.009649	0.010653	0.009603	0
SHDW_USD	2018-09-08	0.009649	0.009702	0.009810	0.009302	0
SHDW_USD	2018-09-07	0.009702	0.008664	0.009775	0.008412	0
SHDW_USD	2018-09-06	0.008664	0.008916	0.008938	0.008394	0
SHDW_USD	2018-09-05	0.008916	0.009787	0.009835	0.008911	0
SHDW_USD	2018-09-04	0.009787	0.009669	0.009856	0.009638	0
SHDW_USD	2018-09-03	0.009669	0.009696	0.009757	0.009576	0
SHDW_USD	2018-09-02	0.009696	0.009645	0.009882	0.009570	0
SHDW_USD	2018-09-01	0.009645	0.013034	0.013041	0.009232	0
SHDW_USD	2018-08-31	0.013034	0.011750	0.013389	0.011418	0
SHDW_USD	2018-08-30	0.011750	0.011838	0.011861	0.011435	0
SHDW_USD	2018-08-29	0.011838	0.011502	0.011885	0.011499	0
SHDW_USD	2018-08-28	0.011502	0.011321	0.011567	0.011236	0
SHDW_USD	2018-08-27	0.011321	0.009861	0.011334	0.009789	0
SHDW_USD	2018-08-26	0.009861	0.009502	0.010019	0.009279	0
SHDW_USD	2018-08-25	0.009502	0.009439	0.009550	0.009371	0
SHDW_USD	2018-08-24	0.009439	0.009171	0.009482	0.009104	0
SHDW_USD	2018-08-23	0.009171	0.008770	0.009225	0.008764	0
SHDW_USD	2018-08-22	0.008770	0.008909	0.009442	0.008598	0
SHDW_USD	2018-08-21	0.008909	0.008601	0.008937	0.008594	0
SHDW_USD	2018-08-20	0.008601	0.009112	0.009162	0.008566	0
SHDW_USD	2018-08-19	0.009112	0.008979	0.009188	0.008802	0
SHDW_USD	2018-08-18	0.008979	0.009257	0.009288	0.008858	0
SHDW_USD	2018-08-17	0.009257	0.008868	0.009257	0.008842	0
SHDW_USD	2018-08-16	0.008868	0.010126	0.010199	0.007514	0
SHDW_USD	2018-08-15	0.010126	0.008351	0.011648	0.008346	0
SHDW_USD	2018-08-14	0.008351	0.011972	0.012018	0.008348	0
SHDW_USD	2018-08-13	0.011972	0.012091	0.012598	0.011886	0
SHDW_USD	2018-08-12	0.012091	0.012385	0.012621	0.011939	0
SHDW_USD	2018-08-11	0.012385	0.012564	0.012948	0.011660	0
SHDW_USD	2018-08-10	0.012564	0.012536	0.013278	0.011697	0
SHDW_USD	2018-08-09	0.012536	0.012022	0.012680	0.011853	0
SHDW_USD	2018-08-08	0.012022	0.013335	0.013335	0.011744	0
SHDW_USD	2018-08-07	0.013335	0.013772	0.014193	0.013263	0
SHDW_USD	2018-08-06	0.013772	0.013960	0.014184	0.013599	0
SHDW_USD	2018-08-05	0.013960	0.014257	0.014427	0.013690	0
SHDW_USD	2018-08-04	0.014257	0.014721	0.014865	0.013860	0
SHDW_USD	2018-08-03	0.014721	0.013940	0.014781	0.013475	0
SHDW_USD	2018-08-02	0.013940	0.014078	0.014245	0.013804	0
SHDW_USD	2018-08-01	0.014078	0.014561	0.014666	0.013773	0
SHDW_USD	2018-07-31	0.014561	0.014994	0.015242	0.014420	0
SHDW_USD	2018-07-30	0.014994	0.015539	0.015725	0.014394	0
SHDW_USD	2018-07-29	0.015539	0.015584	0.015641	0.015312	0
SHDW_USD	2018-07-28	0.015584	0.015461	0.015584	0.015378	0
SHDW_USD	2018-07-27	0.015461	0.014595	0.015543	0.014389	0
SHDW_USD	2018-07-26	0.014595	0.015088	0.015420	0.013688	0
SHDW_USD	2018-07-25	0.015088	0.014554	0.017633	0.012351	0
SHDW_USD	2018-07-24	0.014554	0.012843	0.014658	0.012730	0
SHDW_USD	2018-07-23	0.012843	0.012212	0.014215	0.012167	0
SHDW_USD	2018-07-22	0.012212	0.011993	0.012405	0.011912	0
SHDW_USD	2018-07-21	0.011993	0.011072	0.012026	0.010904	0
SHDW_USD	2018-07-20	0.011072	0.011173	0.011560	0.010983	0
SHDW_USD	2018-07-19	0.011173	0.011307	0.011634	0.010734	0
SHDW_USD	2018-07-18	0.011307	0.012737	0.013164	0.009542	0
SHDW_USD	2018-07-17	0.012737	0.011485	0.012986	0.011431	0
SHDW_USD	2018-07-16	0.011485	0.010599	0.012626	0.010583	0
SHDW_USD	2018-07-15	0.010599	0.010750	0.011079	0.010349	0
SHDW_USD	2018-07-14	0.010750	0.010450	0.010810	0.010280	0
SHDW_USD	2018-07-13	0.010450	0.010718	0.010773	0.010138	0
SHDW_USD	2018-07-12	0.010718	0.008132	0.010744	0.007843	0
SHDW_USD	2018-07-11	0.008132	0.008034	0.008153	0.008020	0
SHDW_USD	2018-07-10	0.008034	0.008458	0.008511	0.008007	0
SHDW_USD	2018-07-09	0.008458	0.008553	0.008631	0.008428	0
SHDW_USD	2018-07-08	0.008553	0.008418	0.008646	0.008338	0
SHDW_USD	2018-07-07	0.008418	0.008219	0.008499	0.008108	0
SHDW_USD	2018-07-06	0.008219	0.005984	0.008271	0.005872	0
SHDW_USD	2018-07-05	0.005984	0.006030	0.006148	0.005911	0
SHDW_USD	2018-07-04	0.006030	0.006337	0.006613	0.006008	0
SHDW_USD	2018-07-03	0.006337	0.006220	0.006402	0.000083	0
SHDW_USD	2018-07-02	0.006220	0.005841	0.006341	0.000000	0
SHDW_USD	2018-07-01	0.005842	0.005816	0.005878	0.005703	0
SHDW_USD	2018-06-30	0.005816	0.005118	0.005816	0.003964	0
SHDW_USD	2018-06-29	0.005122	0.004475	0.005175	0.004336	0
SHDW_USD	2018-06-28	0.004453	0.003527	0.005436	0.003519	0
SHDW_USD	2018-06-27	0.003527	0.003245	0.003553	0.003155	0
SHDW_USD	2018-06-26	0.003256	0.003407	0.003450	0.003082	0
SHDW_USD	2018-06-25	0.003404	0.003688	0.003774	0.003169	0
SHDW_USD	2018-06-24	0.003689	0.002926	0.003806	0.002909	0
SHDW_USD	2018-06-23	0.002922	0.004139	0.004240	0.002842	0
SHDW_USD	2018-06-22	0.004139	0.004834	0.004880	0.003625	0
SHDW_USD	2018-06-21	0.004834	0.004597	0.004860	0.004582	0
SHDW_USD	2018-06-20	0.004597	0.005958	0.005969	0.004530	0
SHDW_USD	2018-06-19	0.005965	0.006107	0.006125	0.005569	0
SHDW_USD	2018-06-18	0.006105	0.006024	0.006379	0.005851	0
SHDW_USD	2018-06-17	0.006019	0.005936	0.006669	0.005936	0
SHDW_USD	2018-06-16	0.005935	0.006928	0.007662	0.005918	0
SHDW_USD	2018-06-15	0.006924	0.007107	0.007337	0.006901	0
SHDW_USD	2018-06-14	0.007093	0.006799	0.007129	0.006009	0
SHDW_USD	2018-06-13	0.006795	0.007264	0.007532	0.006618	0
SHDW_USD	2018-06-12	0.007262	0.011473	0.012254	0.007185	0
SHDW_USD	2018-06-11	0.011479	0.007265	0.011518	0.007170	0
SHDW_USD	2018-06-10	0.007256	0.009861	0.009861	0.007177	0
SHDW_USD	2018-06-09	0.009858	0.011309	0.011412	0.009711	0
SHDW_USD	2018-06-08	0.011308	0.012067	0.012413	0.010297	0
SHDW_USD	2018-06-07	0.012072	0.013394	0.013773	0.011237	0
SHDW_USD	2018-06-06	0.013394	0.015066	0.015268	0.012444	0
SHDW_USD	2018-06-05	0.015053	0.015128	0.015535	0.014856	0
SHDW_USD	2018-06-04	0.015176	0.014832	0.015184	0.014196	0
SHDW_USD	2018-06-03	0.014819	0.015722	0.016057	0.014217	0
SHDW_USD	2018-06-02	0.015734	0.016258	0.016313	0.015645	0
SHDW_USD	2018-06-01	0.016245	0.017816	0.018019	0.015582	0
SHDW_USD	2018-05-31	0.017818	0.019462	0.019905	0.017215	0
SHDW_USD	2018-05-30	0.019470	0.022694	0.022975	0.019148	0
SHDW_USD	2018-05-29	0.022668	0.021739	0.022863	0.021569	0
SHDW_USD	2018-05-28	0.021725	0.022579	0.022848	0.021633	0
SHDW_USD	2018-05-27	0.022569	0.023526	0.023532	0.022425	0
SHDW_USD	2018-05-26	0.023521	0.025352	0.025352	0.023360	0
SHDW_USD	2018-05-25	0.025357	0.027728	0.027989	0.024994	0
SHDW_USD	2018-05-24	0.027717	0.028925	0.029708	0.027032	0
SHDW_USD	2018-05-23	0.028947	0.032307	0.032480	0.028746	0
SHDW_USD	2018-05-22	0.032319	0.034169	0.034208	0.032195	0
SHDW_USD	2018-05-21	0.034169	0.034859	0.034949	0.034038	0
SHDW_USD	2018-05-20	0.034859	0.034649	0.035916	0.033825	0
SHDW_USD	2018-05-19	0.034649	0.035386	0.035959	0.034377	0
SHDW_USD	2018-05-18	0.035386	0.030692	0.035915	0.030244	0
SHDW_USD	2018-05-17	0.030732	0.025295	0.031464	0.025278	0
SHDW_USD	2018-05-16	0.025274	0.025271	0.025974	0.023616	0
SHDW_USD	2018-05-15	0.025271	0.021839	0.027159	0.021838	0
SHDW_USD	2018-05-14	0.021841	0.022100	0.023355	0.021074	0
SHDW_USD	2018-05-13	0.022100	0.021526	0.022276	0.021112	0
SHDW_USD	2018-05-12	0.021477	0.019218	0.021870	0.018983	0
SHDW_USD	2018-05-11	0.019218	0.022096	0.022778	0.019153	0
SHDW_USD	2018-05-10	0.022096	0.025485	0.026654	0.021221	0
SHDW_USD	2018-05-09	0.025485	0.026497	0.026534	0.021704	0
SHDW_USD	2018-05-08	0.026497	0.036172	0.038580	0.000004	0
SHDW_USD	2018-05-07	0.034179	0.028591	0.036497	0.026489	0
SHDW_USD	2018-05-06	0.028591	0.028597	0.028946	0.027593	0
SHDW_USD	2018-05-05	0.028574	0.027619	0.029298	0.024728	0
SHDW_USD	2018-05-04	0.027619	0.038379	0.038379	0.027216	0
SHDW_USD	2018-05-03	0.038379	0.029091	0.046651	0.022374	0
SHDW_USD	2018-05-02	0.029091	0.029692	0.030690	0.026103	0
SHDW_USD	2018-05-01	0.029692	0.026646	0.029890	0.025398	0
SHDW_USD	2018-04-30	0.026646	0.029323	0.029406	0.026436	0
SHDW_USD	2018-04-29	0.029323	0.028579	0.032002	0.028579	0
SHDW_USD	2018-04-28	0.028579	0.028083	0.030969	0.027402	0
SHDW_USD	2018-04-27	0.028083	0.048754	0.049425	0.026469	0
SHDW_USD	2018-04-26	0.048754	0.050413	0.056370	0.047045	0
SHDW_USD	2018-04-25	0.050413	0.049556	0.052932	0.044097	0
SHDW_USD	2018-04-24	0.049556	0.048453	0.065585	0.046981	0
SHDW_USD	2018-04-23	0.048453	0.043603	0.048453	0.042580	0
SHDW_USD	2018-04-22	0.043603	0.043234	0.045658	0.042384	0
SHDW_USD	2018-04-21	0.043234	0.050031	0.050031	0.040855	0
SHDW_USD	2018-04-20	0.050031	0.053082	0.053874	0.047863	0
SHDW_USD	2018-04-19	0.053082	0.046060	0.053735	0.035466	0
SHDW_USD	2018-04-18	0.046060	0.049195	0.053997	0.046036	0
SHDW_USD	2018-04-17	0.049195	0.051277	0.051372	0.048802	0
SHDW_USD	2018-04-16	0.051277	0.047468	0.063113	0.047226	0
SHDW_USD	2018-04-15	0.047468	0.046510	0.060463	0.040696	0
SHDW_USD	2018-04-14	0.046510	0.033367	0.058096	0.027241	0
SHDW_USD	2018-04-13	0.033367	0.025674	0.033540	0.025317	0
SHDW_USD	2018-04-12	0.025674	0.020375	0.026044	0.020375	0
SHDW_USD	2018-04-11	0.020375	0.020041	0.021203	0.019910	0
SHDW_USD	2018-04-10	0.020041	0.019777	0.020187	0.019460	0
SHDW_USD	2018-04-09	0.019770	0.020518	0.021011	0.019343	0
SHDW_USD	2018-04-08	0.020518	0.020284	0.020823	0.020155	0
SHDW_USD	2018-04-07	0.020284	0.019280	0.020813	0.019238	0
SHDW_USD	2018-04-06	0.019280	0.020995	0.026487	0.019042	0
SHDW_USD	2018-04-05	0.020995	0.020529	0.021321	0.019880	0
SHDW_USD	2018-04-04	0.020529	0.029952	0.029952	0.020256	0
SHDW_USD	2018-04-03	0.029952	0.028669	0.031718	0.028466	0
SHDW_USD	2018-04-02	0.028669	0.022201	0.028991	0.021813	0
SHDW_USD	2018-04-01	0.022201	0.026835	0.035899	0.019173	0
SHDW_USD	2018-03-31	0.026835	0.030542	0.031595	0.026500	0
SHDW_USD	2018-03-30	0.030542	0.029184	0.030924	0.025426	0
SHDW_USD	2018-03-29	0.029184	0.022711	0.033469	0.022628	0
SHDW_USD	2018-03-28	0.022711	0.023741	0.024637	0.022421	0
SHDW_USD	2018-03-27	0.023741	0.022668	0.025248	0.021249	0
SHDW_USD	2018-03-26	0.022668	0.024069	0.024204	0.021839	0
SHDW_USD	2018-03-25	0.024069	0.030155	0.030966	0.023893	0
SHDW_USD	2018-03-24	0.030155	0.031381	0.033423	0.028236	0
SHDW_USD	2018-03-23	0.031381	0.030727	0.031384	0.029164	0
SHDW_USD	2018-03-22	0.030727	0.031372	0.032028	0.029888	0
SHDW_USD	2018-03-21	0.031372	0.031358	0.032310	0.030878	0
SHDW_USD	2018-03-20	0.031358	0.030315	0.031811	0.029309	0
SHDW_USD	2018-03-19	0.030315	0.030819	0.031720	0.028257	0
SHDW_USD	2018-03-18	0.030819	0.029474	0.030994	0.024629	0
SHDW_USD	2018-03-17	0.029474	0.030099	0.032075	0.029397	0
SHDW_USD	2018-03-16	0.030099	0.028766	0.031183	0.028652	0
SHDW_USD	2018-03-15	0.028766	0.027828	0.032703	0.026150	0
SHDW_USD	2018-03-14	0.027828	0.032566	0.032969	0.026939	0
SHDW_USD	2018-03-13	0.032566	0.030369	0.035810	0.029414	0
SHDW_USD	2018-03-12	0.030369	0.031907	0.033089	0.029401	0
SHDW_USD	2018-03-11	0.031907	0.029989	0.032916	0.028847	0
SHDW_USD	2018-03-10	0.029989	0.033330	0.033740	0.029837	0
SHDW_USD	2018-03-09	0.033330	0.029245	0.034072	0.027305	0
SHDW_USD	2018-03-08	0.029245	0.030583	0.041194	0.028401	0
SHDW_USD	2018-03-07	0.030583	0.030828	0.039571	0.029566	0
SHDW_USD	2018-03-06	0.030828	0.044055	0.105571	0.030828	0
SHDW_USD	2018-03-05	0.044055	0.043556	0.044553	0.042536	0
SHDW_USD	2018-03-04	0.043601	0.055918	0.056020	0.041402	0
SHDW_USD	2018-03-03	0.055918	0.041451	0.075057	0.041451	0
SHDW_USD	2018-03-02	0.041455	0.039718	0.042114	0.039718	0
