SHORTY_USD	2019-04-09	0.006958	0.007023	0.007023	0.006854	0
SHORTY_USD	2019-04-08	0.007023	0.006950	0.007103	0.006824	0
SHORTY_USD	2019-04-07	0.006950	0.006807	0.007103	0.006807	0
SHORTY_USD	2019-04-06	0.006807	0.006889	0.007044	0.006658	0
SHORTY_USD	2019-04-05	0.006889	0.006687	0.006950	0.006684	0
SHORTY_USD	2019-04-04	0.006687	0.007095	0.007241	0.006502	0
SHORTY_USD	2019-04-03	0.007095	0.006978	0.007590	0.006912	0
SHORTY_USD	2019-04-02	0.006978	0.005941	0.007184	0.005928	0
SHORTY_USD	2019-04-01	0.005941	0.005855	0.005972	0.005799	0
SHORTY_USD	2019-03-31	0.005855	0.005914	0.005937	0.005844	0
SHORTY_USD	2019-03-30	0.005914	0.005913	0.005957	0.005817	0
SHORTY_USD	2019-03-29	0.005913	0.005791	0.005946	0.005781	0
SHORTY_USD	2019-03-28	0.005791	0.005785	0.005807	0.005738	0
SHORTY_USD	2019-03-27	0.005785	0.005528	0.005795	0.005512	0
SHORTY_USD	2019-03-26	0.005528	0.005637	0.005662	0.005494	0
SHORTY_USD	2019-03-25	0.005637	0.005496	0.005685	0.005489	0
SHORTY_USD	2019-03-24	0.005496	0.005485	0.005520	0.005458	0
SHORTY_USD	2019-03-23	0.005485	0.005547	0.005584	0.005449	0
SHORTY_USD	2019-03-22	0.005547	0.005521	0.005575	0.005517	0
SHORTY_USD	2019-03-21	0.005521	0.005592	0.005628	0.005468	0
SHORTY_USD	2019-03-20	0.005592	0.005545	0.005731	0.005509	0
SHORTY_USD	2019-03-19	0.005545	0.005886	0.005950	0.005485	0
SHORTY_USD	2019-03-18	0.005886	0.005880	0.005951	0.005835	0
SHORTY_USD	2019-03-17	0.005880	0.005971	0.006001	0.005871	0
SHORTY_USD	2019-03-16	0.005971	0.005845	0.006063	0.005845	0
SHORTY_USD	2019-03-15	0.005845	0.005767	0.005856	0.005765	0
SHORTY_USD	2019-03-14	0.005767	0.005764	0.005840	0.005676	0
SHORTY_USD	2019-03-13	0.005764	0.005773	0.005797	0.005731	0
SHORTY_USD	2019-03-12	0.005773	0.005770	0.005810	0.005688	0
SHORTY_USD	2019-03-11	0.005770	0.005819	0.005833	0.005725	0
SHORTY_USD	2019-03-10	0.005819	0.006043	0.006046	0.005774	0
SHORTY_USD	2019-03-09	0.006043	0.005753	0.006043	0.005744	0
SHORTY_USD	2019-03-08	0.005753	0.005788	0.005869	0.005659	0
SHORTY_USD	2019-03-07	0.005788	0.005769	0.005831	0.005746	0
SHORTY_USD	2019-03-06	0.005769	0.005767	0.005807	0.005710	0
SHORTY_USD	2019-03-05	0.005767	0.005681	0.005792	0.005566	0
SHORTY_USD	2019-03-04	0.005681	0.005807	0.005841	0.005632	0
SHORTY_USD	2019-03-03	0.005807	0.005889	0.005905	0.005771	0
SHORTY_USD	2019-03-02	0.005889	0.005895	0.005905	0.005804	0
SHORTY_USD	2019-03-01	0.005895	0.005395	0.005942	0.005392	0
SHORTY_USD	2019-02-28	0.005395	0.005383	0.005502	0.005370	0
SHORTY_USD	2019-02-27	0.005383	0.005380	0.005429	0.005207	0
SHORTY_USD	2019-02-26	0.005380	0.005415	0.005429	0.005346	0
SHORTY_USD	2019-02-25	0.005415	0.005462	0.005547	0.005253	0
SHORTY_USD	2019-02-24	0.005462	0.005813	0.006036	0.005433	0
SHORTY_USD	2019-02-23	0.005813	0.005711	0.005851	0.005521	0
SHORTY_USD	2019-02-22	0.005711	0.005113	0.005715	0.005069	0
SHORTY_USD	2019-02-21	0.005113	0.005665	0.005665	0.005069	0
SHORTY_USD	2019-02-20	0.005665	0.005967	0.006080	0.005534	0
SHORTY_USD	2019-02-19	0.005967	0.005949	0.006102	0.005895	0
SHORTY_USD	2019-02-18	0.005949	0.005193	0.005983	0.005177	0
SHORTY_USD	2019-02-17	0.005193	0.005092	0.005489	0.005092	0
SHORTY_USD	2019-02-16	0.005092	0.004928	0.005122	0.004928	0
SHORTY_USD	2019-02-15	0.004928	0.004883	0.004998	0.004875	0
SHORTY_USD	2019-02-14	0.004883	0.004843	0.005133	0.004645	0
SHORTY_USD	2019-02-13	0.004843	0.004839	0.004879	0.004307	0
SHORTY_USD	2019-02-12	0.004839	0.005485	0.005486	0.004352	0
SHORTY_USD	2019-02-11	0.005485	0.005508	0.005512	0.005105	0
SHORTY_USD	2019-02-10	0.005508	0.005150	0.005509	0.004293	0
SHORTY_USD	2019-02-09	0.005150	0.005121	0.005199	0.005091	0
SHORTY_USD	2019-02-08	0.005121	0.004793	0.005216	0.004486	0
SHORTY_USD	2019-02-07	0.004793	0.004850	0.004939	0.004676	0
SHORTY_USD	2019-02-06	0.004850	0.004952	0.004982	0.004702	0
SHORTY_USD	2019-02-05	0.004952	0.005079	0.005207	0.004946	0
SHORTY_USD	2019-02-04	0.005079	0.005043	0.005209	0.005036	0
SHORTY_USD	2019-02-03	0.005043	0.005374	0.005386	0.004958	0
SHORTY_USD	2019-02-02	0.005374	0.005342	0.005394	0.005286	0
SHORTY_USD	2019-02-01	0.005342	0.005342	0.005406	0.005245	0
SHORTY_USD	2019-01-31	0.005342	0.005383	0.005440	0.005262	0
SHORTY_USD	2019-01-30	0.005383	0.005078	0.005386	0.005040	0
SHORTY_USD	2019-01-29	0.005078	0.004902	0.005117	0.004885	0
SHORTY_USD	2019-01-28	0.004902	0.004784	0.004932	0.004569	0
SHORTY_USD	2019-01-27	0.004784	0.004959	0.004972	0.004748	0
SHORTY_USD	2019-01-26	0.004959	0.004772	0.004977	0.004767	0
SHORTY_USD	2019-01-25	0.004772	0.005095	0.005110	0.004754	0
SHORTY_USD	2019-01-24	0.005095	0.004362	0.005117	0.004308	0
SHORTY_USD	2019-01-23	0.004362	0.004076	0.004532	0.003970	0
SHORTY_USD	2019-01-22	0.004076	0.003903	0.004117	0.003800	0
SHORTY_USD	2019-01-21	0.003903	0.004070	0.004082	0.003766	0
SHORTY_USD	2019-01-20	0.004070	0.004085	0.004122	0.003814	0
SHORTY_USD	2019-01-19	0.004085	0.004007	0.004157	0.003977	0
SHORTY_USD	2019-01-18	0.004007	0.004055	0.004059	0.003983	0
SHORTY_USD	2019-01-17	0.004055	0.004002	0.004057	0.003946	0
SHORTY_USD	2019-01-16	0.004002	0.003985	0.004069	0.003971	0
SHORTY_USD	2019-01-15	0.003985	0.004086	0.004114	0.003961	0
SHORTY_USD	2019-01-14	0.004086	0.003897	0.004139	0.003884	0
SHORTY_USD	2019-01-13	0.003897	0.004091	0.004109	0.003859	0
SHORTY_USD	2019-01-12	0.004091	0.004105	0.004140	0.004056	0
SHORTY_USD	2019-01-11	0.004105	0.004103	0.004159	0.004052	0
SHORTY_USD	2019-01-10	0.004103	0.004349	0.004546	0.004074	0
SHORTY_USD	2019-01-09	0.004349	0.004366	0.004431	0.004298	0
SHORTY_USD	2019-01-08	0.004366	0.004361	0.004460	0.004302	0
SHORTY_USD	2019-01-07	0.004361	0.004401	0.004431	0.004324	0
SHORTY_USD	2019-01-06	0.004401	0.004127	0.008253	0.004102	0
SHORTY_USD	2019-01-05	0.004127	0.004214	0.004275	0.004119	0
SHORTY_USD	2019-01-04	0.004214	0.004234	0.004290	0.004111	0
SHORTY_USD	2019-01-03	0.004234	0.004394	0.004400	0.004230	0
SHORTY_USD	2019-01-02	0.004394	0.004334	0.004418	0.004253	0
SHORTY_USD	2019-01-01	0.004334	0.004175	0.004359	0.004149	0
SHORTY_USD	2018-12-31	0.004175	0.004271	0.004282	0.004084	0
SHORTY_USD	2018-12-30	0.004271	0.004193	0.004328	0.004153	0
SHORTY_USD	2018-12-29	0.004193	0.004541	0.004579	0.004177	0
SHORTY_USD	2018-12-28	0.004541	0.004197	0.004575	0.004059	0
SHORTY_USD	2018-12-27	0.004197	0.004460	0.004517	0.004167	0
SHORTY_USD	2018-12-26	0.004460	0.004628	0.005116	0.004359	0
SHORTY_USD	2018-12-25	0.004628	0.005016	0.005028	0.004546	0
SHORTY_USD	2018-12-24	0.005016	0.005394	0.005787	0.004947	0
SHORTY_USD	2018-12-23	0.005394	0.005363	0.005536	0.005330	0
SHORTY_USD	2018-12-22	0.005363	0.005084	0.005390	0.005017	0
SHORTY_USD	2018-12-21	0.005084	0.005500	0.005575	0.004999	0
SHORTY_USD	2018-12-20	0.005500	0.005029	0.005649	0.004926	0
SHORTY_USD	2018-12-19	0.005029	0.004913	0.005332	0.004890	0
SHORTY_USD	2018-12-18	0.004913	0.004713	0.005029	0.004532	0
SHORTY_USD	2018-12-17	0.004713	0.004257	0.004815	0.004238	0
SHORTY_USD	2018-12-16	0.004257	0.004240	0.004422	0.003983	0
SHORTY_USD	2018-12-15	0.004240	0.004151	0.004272	0.004105	0
SHORTY_USD	2018-12-14	0.004151	0.004206	0.004267	0.004081	0
SHORTY_USD	2018-12-13	0.004206	0.004439	0.004447	0.004178	0
SHORTY_USD	2018-12-12	0.004439	0.004911	0.005138	0.004367	0
SHORTY_USD	2018-12-11	0.004954	0.005023	0.005058	0.004873	0
SHORTY_USD	2018-12-10	0.005023	0.005159	0.005235	0.004953	0
SHORTY_USD	2018-12-09	0.005159	0.004961	0.005345	0.004909	0
SHORTY_USD	2018-12-08	0.004961	0.004842	0.005174	0.004677	0
SHORTY_USD	2018-12-07	0.004842	0.004956	0.005040	0.004596	0
SHORTY_USD	2018-12-06	0.004956	0.005179	0.005437	0.004922	0
SHORTY_USD	2018-12-05	0.005179	0.005455	0.005476	0.005139	0
SHORTY_USD	2018-12-04	0.005455	0.005347	0.005663	0.005219	0
SHORTY_USD	2018-12-03	0.005347	0.005699	0.005724	0.005261	0
SHORTY_USD	2018-12-02	0.005699	0.005813	0.005964	0.005654	0
SHORTY_USD	2018-12-01	0.005813	0.005532	0.005944	0.005452	0
SHORTY_USD	2018-11-30	0.005532	0.005907	0.005970	0.005434	0
SHORTY_USD	2018-11-29	0.005907	0.005813	0.006032	0.005646	0
SHORTY_USD	2018-11-28	0.005813	0.005302	0.005982	0.005302	0
SHORTY_USD	2018-11-27	0.005302	0.005303	0.005402	0.005106	0
SHORTY_USD	2018-11-26	0.005303	0.005583	0.005675	0.005102	0
SHORTY_USD	2018-11-25	0.005583	0.005365	0.005736	0.004999	0
SHORTY_USD	2018-11-24	0.005365	0.005860	0.006063	0.005234	0
SHORTY_USD	2018-11-23	0.005860	0.005995	0.006102	0.005719	0
SHORTY_USD	2018-11-22	0.005995	0.006610	0.006674	0.005951	0
SHORTY_USD	2018-11-21	0.006610	0.006493	0.006753	0.006268	0
SHORTY_USD	2018-11-20	0.006493	0.006617	0.007039	0.006026	0
SHORTY_USD	2018-11-19	0.006617	0.007329	0.007329	0.006286	0
SHORTY_USD	2018-11-18	0.007329	0.007568	0.007709	0.007292	0
SHORTY_USD	2018-11-17	0.007568	0.007642	0.007642	0.007524	0
SHORTY_USD	2018-11-16	0.007642	0.007765	0.007772	0.007499	0
SHORTY_USD	2018-11-15	0.007765	0.007915	0.007975	0.007346	0
SHORTY_USD	2018-11-14	0.007915	0.008598	0.008722	0.007673	0
SHORTY_USD	2018-11-13	0.008598	0.008671	0.008727	0.008598	0
SHORTY_USD	2018-11-12	0.008671	0.008689	0.008715	0.008559	0
SHORTY_USD	2018-11-11	0.008689	0.008553	0.008689	0.008205	0
SHORTY_USD	2018-11-10	0.008553	0.008539	0.008594	0.008531	0
SHORTY_USD	2018-11-09	0.008539	0.008521	0.008703	0.008520	0
SHORTY_USD	2018-11-08	0.008521	0.008577	0.008593	0.008452	0
SHORTY_USD	2018-11-07	0.008577	0.008405	0.008629	0.008401	0
SHORTY_USD	2018-11-06	0.008405	0.008346	0.008405	0.008318	0
SHORTY_USD	2018-11-05	0.008346	0.008496	0.008509	0.008307	0
SHORTY_USD	2018-11-04	0.008496	0.008400	0.008527	0.008337	0
SHORTY_USD	2018-11-03	0.008400	0.008709	0.008716	0.008361	0
SHORTY_USD	2018-11-02	0.008709	0.008704	0.008778	0.008689	0
SHORTY_USD	2018-11-01	0.008704	0.008661	0.008736	0.008641	0
SHORTY_USD	2018-10-31	0.008661	0.009115	0.009281	0.008501	0
SHORTY_USD	2018-10-30	0.009115	0.009104	0.009187	0.009091	0
SHORTY_USD	2018-10-29	0.009104	0.009313	0.009331	0.009070	0
SHORTY_USD	2018-10-28	0.009313	0.009490	0.009505	0.009281	0
SHORTY_USD	2018-10-27	0.009490	0.009046	0.009604	0.008971	0
SHORTY_USD	2018-10-26	0.009046	0.009270	0.009569	0.009046	0
SHORTY_USD	2018-10-25	0.009270	0.009569	0.009614	0.009270	0
SHORTY_USD	2018-10-24	0.009569	0.009596	0.009702	0.009569	0
SHORTY_USD	2018-10-23	0.009596	0.009621	0.009641	0.009566	0
SHORTY_USD	2018-10-22	0.009621	0.009684	0.009743	0.009595	0
SHORTY_USD	2018-10-21	0.009684	0.009681	0.009783	0.009678	0
SHORTY_USD	2018-10-20	0.009681	0.009660	0.009781	0.009637	0
SHORTY_USD	2018-10-19	0.009660	0.009721	0.009746	0.009626	0
SHORTY_USD	2018-10-18	0.009721	0.009564	0.009878	0.009549	0
SHORTY_USD	2018-10-17	0.009564	0.008312	0.009578	0.008218	0
SHORTY_USD	2018-10-16	0.008312	0.007787	0.008324	0.007715	0
SHORTY_USD	2018-10-15	0.007787	0.007093	0.008420	0.007056	0
SHORTY_USD	2018-10-14	0.007093	0.007086	0.007167	0.007077	0
SHORTY_USD	2018-10-13	0.007086	0.006990	0.007091	0.006980	0
SHORTY_USD	2018-10-12	0.006990	0.008038	0.008079	0.006935	0
SHORTY_USD	2018-10-11	0.008038	0.007724	0.008108	0.007284	0
SHORTY_USD	2018-10-10	0.007724	0.006930	0.007734	0.006791	0
SHORTY_USD	2018-10-09	0.006930	0.007207	0.007279	0.006873	0
SHORTY_USD	2018-10-08	0.007207	0.007030	0.007216	0.007015	0
SHORTY_USD	2018-10-07	0.007030	0.007020	0.007085	0.006960	0
SHORTY_USD	2018-10-06	0.007020	0.007077	0.007105	0.006990	0
SHORTY_USD	2018-10-05	0.007077	0.007008	0.007110	0.006974	0
SHORTY_USD	2018-10-04	0.007008	0.006926	0.007075	0.006922	0
SHORTY_USD	2018-10-03	0.006926	0.006636	0.006978	0.006527	0
SHORTY_USD	2018-10-02	0.006636	0.006700	0.006733	0.006612	0
SHORTY_USD	2018-10-01	0.006700	0.006718	0.006759	0.006619	0
SHORTY_USD	2018-09-30	0.006718	0.006704	0.006756	0.006630	0
SHORTY_USD	2018-09-29	0.006704	0.006735	0.006735	0.006563	0
SHORTY_USD	2018-09-28	0.006735	0.006789	0.006927	0.006644	0
SHORTY_USD	2018-09-27	0.006789	0.006527	0.006828	0.006505	0
SHORTY_USD	2018-09-26	0.006527	0.006499	0.006617	0.006450	0
SHORTY_USD	2018-09-25	0.006499	0.006684	0.006684	0.006415	0
SHORTY_USD	2018-09-24	0.006684	0.006812	0.006822	0.006653	0
SHORTY_USD	2018-09-23	0.006812	0.006825	0.006885	0.006766	0
SHORTY_USD	2018-09-22	0.006825	0.007213	0.007285	0.006743	0
SHORTY_USD	2018-09-21	0.007213	0.006988	0.007220	0.006956	0
SHORTY_USD	2018-09-20	0.006988	0.006935	0.007014	0.006834	0
SHORTY_USD	2018-09-19	0.006935	0.006977	0.007018	0.006634	0
SHORTY_USD	2018-09-18	0.006977	0.006880	0.007021	0.006853	0
SHORTY_USD	2018-09-17	0.006880	0.007181	0.007248	0.006834	0
SHORTY_USD	2018-09-16	0.007181	0.007107	0.007220	0.006954	0
SHORTY_USD	2018-09-15	0.007107	0.007039	0.007160	0.007026	0
SHORTY_USD	2018-09-14	0.007039	0.007220	0.007301	0.007036	0
SHORTY_USD	2018-09-13	0.007220	0.007065	0.007274	0.007062	0
SHORTY_USD	2018-09-12	0.007065	0.007076	0.007088	0.006978	0
SHORTY_USD	2018-09-11	0.007076	0.007097	0.007183	0.006952	0
SHORTY_USD	2018-09-10	0.007097	0.007300	0.007455	0.007002	0
SHORTY_USD	2018-09-09	0.007300	0.007236	0.007508	0.007203	0
SHORTY_USD	2018-09-08	0.007236	0.007525	0.007576	0.007184	0
SHORTY_USD	2018-09-07	0.007525	0.007621	0.007644	0.007400	0
SHORTY_USD	2018-09-06	0.007621	0.007844	0.007863	0.007384	0
SHORTY_USD	2018-09-05	0.007844	0.008610	0.008652	0.007839	0
SHORTY_USD	2018-09-04	0.008610	0.008506	0.008670	0.008478	0
SHORTY_USD	2018-09-03	0.008506	0.008530	0.008584	0.008424	0
SHORTY_USD	2018-09-02	0.008530	0.007953	0.008577	0.007887	0
SHORTY_USD	2018-09-01	0.007953	0.007483	0.007975	0.007477	0
SHORTY_USD	2018-08-31	0.007483	0.007519	0.007544	0.007309	0
SHORTY_USD	2018-08-30	0.007519	0.007575	0.007589	0.007317	0
SHORTY_USD	2018-08-29	0.007575	0.007468	0.007662	0.007372	0
SHORTY_USD	2018-08-28	0.007468	0.007283	0.007519	0.007250	0
SHORTY_USD	2018-08-27	0.007283	0.007010	0.007291	0.006959	0
SHORTY_USD	2018-08-26	0.007010	0.007042	0.007086	0.006877	0
SHORTY_USD	2018-08-25	0.007042	0.008000	0.008019	0.006937	0
SHORTY_USD	2018-08-24	0.008000	0.007082	0.008016	0.006942	0
SHORTY_USD	2018-08-23	0.007082	0.006863	0.007124	0.006853	0
SHORTY_USD	2018-08-22	0.006863	0.007678	0.008068	0.006722	0
SHORTY_USD	2018-08-21	0.007678	0.006505	0.007688	0.006479	0
SHORTY_USD	2018-08-20	0.006505	0.006745	0.006781	0.006479	0
SHORTY_USD	2018-08-19	0.006745	0.006838	0.006860	0.006583	0
SHORTY_USD	2018-08-18	0.006838	0.007017	0.007040	0.006736	0
SHORTY_USD	2018-08-17	0.007017	0.006785	0.007017	0.006765	0
SHORTY_USD	2018-08-16	0.006785	0.006834	0.007054	0.006729	0
SHORTY_USD	2018-08-15	0.006834	0.006835	0.007242	0.006803	0
SHORTY_USD	2018-08-14	0.006835	0.007002	0.007002	0.006363	0
SHORTY_USD	2018-08-13	0.007002	0.007072	0.007321	0.006868	0
SHORTY_USD	2018-08-12	0.007072	0.006939	0.007224	0.006885	0
SHORTY_USD	2018-08-11	0.006939	0.006973	0.007265	0.006791	0
SHORTY_USD	2018-08-10	0.006973	0.007410	0.007461	0.006814	0
SHORTY_USD	2018-08-09	0.007410	0.008036	0.008157	0.007128	0
SHORTY_USD	2018-08-08	0.008036	0.007222	0.008037	0.006439	0
SHORTY_USD	2018-08-07	0.007222	0.007285	0.007676	0.007183	0
SHORTY_USD	2018-08-06	0.007285	0.007384	0.007503	0.007194	0
SHORTY_USD	2018-08-05	0.007384	0.007286	0.007621	0.007192	0
SHORTY_USD	2018-08-04	0.007286	0.007713	0.007788	0.007207	0
SHORTY_USD	2018-08-03	0.007713	0.007837	0.007837	0.007575	0
SHORTY_USD	2018-08-02	0.007837	0.007914	0.008008	0.007760	0
SHORTY_USD	2018-08-01	0.007914	0.008094	0.008104	0.007808	0
SHORTY_USD	2018-07-31	0.008094	0.008498	0.008527	0.008059	0
SHORTY_USD	2018-07-30	0.008498	0.008551	0.008668	0.008180	0
SHORTY_USD	2018-07-29	0.008551	0.008505	0.008607	0.008448	0
SHORTY_USD	2018-07-27	0.008576	0.008576	0.008576	0.008576	0
SHORTY_USD	2018-07-26	0.008576	0.008505	0.008637	0.008502	0
SHORTY_USD	2018-07-25	0.008505	0.009086	0.009165	0.008438	0
SHORTY_USD	2018-07-24	0.009086	0.008061	0.009150	0.008004	0
SHORTY_USD	2018-07-23	0.008061	0.007586	0.008106	0.007558	0
SHORTY_USD	2018-07-22	0.007586	0.007588	0.007753	0.007531	0
SHORTY_USD	2018-07-21	0.007588	0.007552	0.007633	0.007402	0
SHORTY_USD	2018-07-20	0.007552	0.007885	0.007911	0.007498	0
SHORTY_USD	2018-07-19	0.007885	0.007771	0.007972	0.007686	0
SHORTY_USD	2018-07-18	0.007771	0.007686	0.007997	0.007649	0
SHORTY_USD	2018-07-17	0.007686	0.006938	0.007799	0.006901	0
SHORTY_USD	2018-07-16	0.006938	0.006537	0.006950	0.006522	0
SHORTY_USD	2018-07-15	0.006537	0.006469	0.006580	0.006423	0
SHORTY_USD	2018-07-14	0.006469	0.006469	0.006531	0.006427	0
SHORTY_USD	2018-07-13	0.006469	0.006481	0.006582	0.006390	0
SHORTY_USD	2018-07-12	0.006481	0.006665	0.006665	0.006324	0
SHORTY_USD	2018-07-11	0.006665	0.006521	0.006680	0.006510	0
SHORTY_USD	2018-07-10	0.006521	0.006860	0.006880	0.006500	0
SHORTY_USD	2018-07-09	0.006860	0.006943	0.007000	0.006835	0
SHORTY_USD	2018-07-08	0.006943	0.006965	0.006994	0.006882	0
SHORTY_USD	2018-07-07	0.006965	0.006832	0.007031	0.006707	0
SHORTY_USD	2018-07-06	0.006832	0.006835	0.006916	0.006743	0
SHORTY_USD	2018-07-05	0.006835	0.006886	0.006999	0.006751	0
SHORTY_USD	2018-07-04	0.006886	0.006825	0.007016	0.006739	0
SHORTY_USD	2018-07-03	0.006825	0.007445	0.007503	0.000097	0
SHORTY_USD	2018-07-02	0.007445	0.006571	0.007535	0.000000	0
SHORTY_USD	2018-07-01	0.006572	0.007446	0.007535	0.006520	0
SHORTY_USD	2018-06-30	0.007446	0.007227	0.007922	0.007227	0
SHORTY_USD	2018-06-29	0.007232	0.006873	0.007319	0.006780	0
SHORTY_USD	2018-06-28	0.006884	0.007268	0.007296	0.006411	0
SHORTY_USD	2018-06-27	0.007268	0.006521	0.007322	0.006438	0
SHORTY_USD	2018-06-26	0.006542	0.007501	0.007528	0.006507	0
SHORTY_USD	2018-06-25	0.007496	0.007437	0.007610	0.007329	0
SHORTY_USD	2018-06-24	0.007439	0.007300	0.007549	0.006451	0
SHORTY_USD	2018-06-23	0.007290	0.007311	0.007449	0.007221	0
SHORTY_USD	2018-06-22	0.007311	0.008124	0.008144	0.007183	0
SHORTY_USD	2018-06-21	0.008123	0.007977	0.008236	0.007951	0
SHORTY_USD	2018-06-20	0.007977	0.008012	0.008071	0.007807	0
SHORTY_USD	2018-06-19	0.008021	0.008054	0.008125	0.007940	0
SHORTY_USD	2018-06-18	0.008051	0.007796	0.008143	0.007730	0
SHORTY_USD	2018-06-17	0.007790	0.007687	0.007913	0.007603	0
SHORTY_USD	2018-06-16	0.007686	0.007662	0.007794	0.007533	0
SHORTY_USD	2018-06-15	0.007658	0.008037	0.008037	0.007632	0
SHORTY_USD	2018-06-14	0.008021	0.007460	0.008104	0.007402	0
SHORTY_USD	2018-06-13	0.007455	0.007820	0.007894	0.007261	0
SHORTY_USD	2018-06-12	0.007818	0.008313	0.008313	0.007729	0
SHORTY_USD	2018-06-11	0.008317	0.007974	0.008345	0.007800	0
SHORTY_USD	2018-06-10	0.007965	0.008923	0.008923	0.007837	0
SHORTY_USD	2018-06-09	0.008921	0.009176	0.009260	0.008891	0
SHORTY_USD	2018-06-08	0.009176	0.009338	0.009351	0.009166	0
SHORTY_USD	2018-06-07	0.009342	0.009261	0.009423	0.009261	0
SHORTY_USD	2018-06-06	0.009261	0.009230	0.009312	0.009069	0
SHORTY_USD	2018-06-05	0.009222	0.009062	0.009283	0.008921	0
SHORTY_USD	2018-06-04	0.009106	0.009502	0.009541	0.009066	0
SHORTY_USD	2018-06-03	0.009493	0.009311	0.009525	0.009310	0
SHORTY_USD	2018-06-02	0.009318	0.009183	0.009381	0.009094	0
SHORTY_USD	2018-06-01	0.009176	0.009133	0.009272	0.008968	0
SHORTY_USD	2018-05-31	0.009134	0.008920	0.009272	0.008879	0
SHORTY_USD	2018-05-30	0.008924	0.008958	0.009160	0.008822	0
SHORTY_USD	2018-05-29	0.008948	0.009164	0.009598	0.008776	0
SHORTY_USD	2018-05-28	0.009159	0.009435	0.009622	0.009120	0
SHORTY_USD	2018-05-27	0.009431	0.009308	0.009530	0.009100	0
SHORTY_USD	2018-05-26	0.009269	0.009283	0.009782	0.009139	0
SHORTY_USD	2018-05-25	0.009285	0.009887	0.009980	0.008887	0
SHORTY_USD	2018-05-24	0.009883	0.009904	0.010147	0.009553	0
SHORTY_USD	2018-05-23	0.009912	0.010490	0.010546	0.009831	0
SHORTY_USD	2018-05-22	0.010494	0.011124	0.011134	0.010454	0
SHORTY_USD	2018-05-21	0.011124	0.011293	0.011509	0.011000	0
SHORTY_USD	2018-05-20	0.011293	0.011577	0.012059	0.011216	0
SHORTY_USD	2018-05-19	0.011577	0.010834	0.011577	0.010709	0
SHORTY_USD	2018-05-18	0.010834	0.010593	0.011414	0.010425	0
SHORTY_USD	2018-05-17	0.010607	0.010936	0.011088	0.010514	0
SHORTY_USD	2018-05-16	0.010927	0.011048	0.011077	0.010575	0
SHORTY_USD	2018-05-15	0.011048	0.011483	0.011695	0.010995	0
SHORTY_USD	2018-05-14	0.011484	0.011419	0.011719	0.010885	0
SHORTY_USD	2018-05-13	0.011419	0.011144	0.011510	0.010993	0
SHORTY_USD	2018-05-12	0.011119	0.011791	0.012121	0.010870	0
SHORTY_USD	2018-05-11	0.011791	0.012671	0.012671	0.011725	0
SHORTY_USD	2018-05-10	0.012671	0.013092	0.013193	0.012649	0
SHORTY_USD	2018-05-09	0.013092	0.012261	0.013166	0.011988	0
SHORTY_USD	2018-05-08	0.012269	0.012541	0.012583	0.000001	0
SHORTY_USD	2018-05-07	0.012634	0.012991	0.013014	0.012328	0
SHORTY_USD	2018-05-06	0.012991	0.013416	0.013551	0.012839	0
SHORTY_USD	2018-05-05	0.013400	0.013397	0.013636	0.013196	0
SHORTY_USD	2018-05-04	0.013397	0.013525	0.013564	0.013243	0
SHORTY_USD	2018-05-03	0.013525	0.012883	0.013606	0.012842	0
SHORTY_USD	2018-05-02	0.012883	0.012602	0.013213	0.012527	0
SHORTY_USD	2018-05-01	0.012613	0.013300	0.013304	0.012494	0
SHORTY_USD	2018-04-30	0.013300	0.013534	0.013608	0.013127	0
SHORTY_USD	2018-04-29	0.013534	0.012935	0.013667	0.012935	0
SHORTY_USD	2018-04-28	0.012935	0.012323	0.012987	0.012244	0
SHORTY_USD	2018-04-27	0.012323	0.012781	0.012899	0.012287	0
SHORTY_USD	2018-04-26	0.012781	0.012337	0.012798	0.012011	0
SHORTY_USD	2018-04-25	0.012337	0.013463	0.013608	0.012210	0
SHORTY_USD	2018-04-24	0.013494	0.014751	0.015140	0.012836	0
SHORTY_USD	2018-04-23	0.014751	0.015576	0.015783	0.014119	0
SHORTY_USD	2018-04-22	0.015576	0.013149	0.016096	0.013017	0
SHORTY_USD	2018-04-21	0.013149	0.012419	0.013172	0.012061	0
SHORTY_USD	2018-04-20	0.012419	0.011543	0.012502	0.011515	0
SHORTY_USD	2018-04-19	0.011543	0.011352	0.011574	0.011272	0
SHORTY_USD	2018-04-18	0.011352	0.011046	0.011431	0.010996	0
SHORTY_USD	2018-04-17	0.011046	0.011319	0.011636	0.010997	0
SHORTY_USD	2018-04-16	0.011319	0.011700	0.011767	0.011101	0
SHORTY_USD	2018-04-15	0.011700	0.011167	0.011833	0.011164	0
SHORTY_USD	2018-04-14	0.011167	0.011031	0.011413	0.010951	0
SHORTY_USD	2018-04-13	0.011031	0.011077	0.011515	0.010861	0
SHORTY_USD	2018-04-12	0.011078	0.009615	0.011369	0.009297	0
SHORTY_USD	2018-04-11	0.009615	0.009610	0.009891	0.009098	0
SHORTY_USD	2018-04-10	0.009610	0.011055	0.011079	0.009115	0
SHORTY_USD	2018-04-09	0.011051	0.012521	0.012822	0.010812	0
SHORTY_USD	2018-04-08	0.012521	0.012329	0.012686	0.012273	0
SHORTY_USD	2018-04-07	0.012329	0.012236	0.013738	0.012210	0
SHORTY_USD	2018-04-06	0.012236	0.008824	0.013061	0.008508	0
SHORTY_USD	2018-04-05	0.008824	0.008789	0.009004	0.008511	0
SHORTY_USD	2018-04-04	0.008789	0.009626	0.009642	0.008560	0
SHORTY_USD	2018-04-03	0.009626	0.009239	0.009760	0.009196	0
SHORTY_USD	2018-04-02	0.009239	0.009092	0.009500	0.009044	0
SHORTY_USD	2018-04-01	0.009092	0.009730	0.010068	0.009022	0
SHORTY_USD	2018-03-31	0.009730	0.009577	0.010110	0.009510	0
SHORTY_USD	2018-03-30	0.009577	0.010000	0.010197	0.009210	0
SHORTY_USD	2018-03-29	0.010000	0.009966	0.010663	0.009625	0
SHORTY_USD	2018-03-28	0.009966	0.009769	0.010171	0.009701	0
SHORTY_USD	2018-03-27	0.009769	0.010197	0.010299	0.009715	0
SHORTY_USD	2018-03-26	0.010197	0.012246	0.012314	0.009850	0
SHORTY_USD	2018-03-25	0.012246	0.012419	0.012553	0.012156	0
SHORTY_USD	2018-03-24	0.012419	0.012597	0.013244	0.012405	0
SHORTY_USD	2018-03-23	0.012597	0.012857	0.012857	0.012114	0
SHORTY_USD	2018-03-22	0.012857	0.013127	0.013678	0.012549	0
SHORTY_USD	2018-03-21	0.013127	0.014100	0.014638	0.012760	0
SHORTY_USD	2018-03-20	0.014100	0.013244	0.014441	0.012888	0
SHORTY_USD	2018-03-19	0.013244	0.012598	0.013439	0.012505	0
SHORTY_USD	2018-03-18	0.012598	0.011491	0.012664	0.010984	0
SHORTY_USD	2018-03-17	0.011491	0.012189	0.012260	0.011310	0
SHORTY_USD	2018-03-16	0.012189	0.011845	0.012628	0.011342	0
SHORTY_USD	2018-03-15	0.011845	0.012563	0.013462	0.011394	0
SHORTY_USD	2018-03-14	0.012563	0.014022	0.014357	0.012202	0
SHORTY_USD	2018-03-13	0.014022	0.014911	0.015538	0.014009	0
SHORTY_USD	2018-03-12	0.014911	0.012316	0.015128	0.011676	0
SHORTY_USD	2018-03-11	0.012316	0.011820	0.012723	0.011351	0
SHORTY_USD	2018-03-10	0.011820	0.012539	0.013196	0.011761	0
SHORTY_USD	2018-03-09	0.012539	0.012646	0.012811	0.011357	0
SHORTY_USD	2018-03-08	0.012646	0.013636	0.013918	0.012391	0
SHORTY_USD	2018-03-07	0.013636	0.015280	0.015530	0.013067	0
SHORTY_USD	2018-03-06	0.015280	0.014877	0.016110	0.014052	0
SHORTY_USD	2018-03-05	0.014877	0.018297	0.018310	0.014793	0
SHORTY_USD	2018-03-04	0.018284	0.017381	0.020660	0.015896	0
SHORTY_USD	2018-03-03	0.017356	0.016040	0.017477	0.016040	0
SHORTY_USD	2018-03-02	0.016030	0.015297	0.016433	0.015297	0
