SIB_USD	2019-04-09	0.08766	0.09060	0.09074	0.08418	0
SIB_USD	2019-04-08	0.09080	0.09158	0.09210	0.08747	0
SIB_USD	2019-04-07	0.09169	0.08846	0.09249	0.08760	0
SIB_USD	2019-04-06	0.08771	0.08819	0.09216	0.08590	0
SIB_USD	2019-04-05	0.08821	0.08634	0.09216	0.08341	0
SIB_USD	2019-04-04	0.08611	0.08503	0.08808	0.08336	0
SIB_USD	2019-04-03	0.08571	0.09747	0.10310	0.08262	0
SIB_USD	2019-04-02	0.09769	0.07149	0.10513	0.07056	0
SIB_USD	2019-04-01	0.07153	0.07249	0.07269	0.07063	0
SIB_USD	2019-03-31	0.07252	0.07262	0.07499	0.07148	0
SIB_USD	2019-03-30	0.07255	0.07683	0.07707	0.07133	0
SIB_USD	2019-03-29	0.07683	0.07412	0.07970	0.07275	0
SIB_USD	2019-03-28	0.07295	0.07216	0.07730	0.06956	0
SIB_USD	2019-03-27	0.07216	0.06796	0.07677	0.06729	0
SIB_USD	2019-03-26	0.06790	0.06703	0.07557	0.06703	0
SIB_USD	2019-03-25	0.06699	0.06891	0.08689	0.06550	0
SIB_USD	2019-03-24	0.06891	0.06645	0.07313	0.06463	0
SIB_USD	2019-03-23	0.06645	0.06476	0.06673	0.06438	0
SIB_USD	2019-03-22	0.06482	0.06783	0.06855	0.06455	0
SIB_USD	2019-03-21	0.06783	0.06688	0.07140	0.06543	0
SIB_USD	2019-03-20	0.06690	0.06770	0.06770	0.06474	0
SIB_USD	2019-03-19	0.06776	0.06610	0.06782	0.06560	0
SIB_USD	2019-03-18	0.06618	0.07066	0.07378	0.06591	0
SIB_USD	2019-03-17	0.07064	0.06964	0.07194	0.06900	0
SIB_USD	2019-03-16	0.06967	0.06847	0.07380	0.06847	0
SIB_USD	2019-03-15	0.06847	0.06717	0.06993	0.06506	0
SIB_USD	2019-03-14	0.06717	0.06857	0.06946	0.06567	0
SIB_USD	2019-03-13	0.06858	0.07004	0.07102	0.06729	0
SIB_USD	2019-03-12	0.07003	0.06915	0.07192	0.06662	0
SIB_USD	2019-03-11	0.06916	0.06775	0.07322	0.06650	0
SIB_USD	2019-03-10	0.06777	0.06500	0.07412	0.06486	0
SIB_USD	2019-03-09	0.06497	0.06693	0.06766	0.06378	0
SIB_USD	2019-03-08	0.06693	0.06797	0.06907	0.06227	0
SIB_USD	2019-03-07	0.06793	0.07032	0.07350	0.06501	0
SIB_USD	2019-03-06	0.07130	0.06550	0.08530	0.06388	0
SIB_USD	2019-03-05	0.06547	0.05518	0.08609	0.05463	0
SIB_USD	2019-03-04	0.05518	0.05666	0.05766	0.05467	0
SIB_USD	2019-03-03	0.05666	0.05782	0.05826	0.05635	0
SIB_USD	2019-03-02	0.05782	0.05712	0.05948	0.05636	0
SIB_USD	2019-03-01	0.05715	0.05636	0.05976	0.05635	0
SIB_USD	2019-02-28	0.05639	0.05789	0.05935	0.05615	0
SIB_USD	2019-02-27	0.05787	0.05741	0.06003	0.05670	0
SIB_USD	2019-02-26	0.05744	0.06081	0.06094	0.05617	0
SIB_USD	2019-02-25	0.06088	0.05816	0.06108	0.05787	0
SIB_USD	2019-02-24	0.05795	0.06457	0.06932	0.05685	0
SIB_USD	2019-02-23	0.06457	0.06215	0.06510	0.06126	0
SIB_USD	2019-02-22	0.06225	0.06063	0.06846	0.06037	0
SIB_USD	2019-02-21	0.06061	0.06276	0.06502	0.06036	0
SIB_USD	2019-02-20	0.06286	0.06242	0.06343	0.06185	0
SIB_USD	2019-02-19	0.06253	0.06261	0.06545	0.06205	0
SIB_USD	2019-02-18	0.06263	0.05485	0.06569	0.05437	0
SIB_USD	2019-02-17	0.05486	0.05384	0.05644	0.05296	0
SIB_USD	2019-02-16	0.05384	0.05584	0.05654	0.05384	0
SIB_USD	2019-02-15	0.05575	0.05617	0.05645	0.05535	0
SIB_USD	2019-02-14	0.05621	0.05737	0.05761	0.05576	0
SIB_USD	2019-02-13	0.05742	0.05781	0.05844	0.05713	0
SIB_USD	2019-02-12	0.05779	0.05789	0.05825	0.05708	0
SIB_USD	2019-02-11	0.05788	0.05792	0.05866	0.05662	0
SIB_USD	2019-02-10	0.05798	0.06050	0.06068	0.05567	0
SIB_USD	2019-02-09	0.06053	0.05830	0.06058	0.05802	0
SIB_USD	2019-02-08	0.05847	0.05416	0.06079	0.05373	0
SIB_USD	2019-02-07	0.05412	0.05212	0.05444	0.05205	0
SIB_USD	2019-02-06	0.05212	0.05471	0.05493	0.05200	0
SIB_USD	2019-02-05	0.05470	0.05407	0.05491	0.05377	0
SIB_USD	2019-02-04	0.05407	0.05373	0.05612	0.05369	0
SIB_USD	2019-02-03	0.05373	0.05749	0.05756	0.05313	0
SIB_USD	2019-02-02	0.05741	0.05638	0.05885	0.05524	0
SIB_USD	2019-02-01	0.05643	0.06143	0.06156	0.05371	0
SIB_USD	2019-01-31	0.06139	0.06394	0.06497	0.05893	0
SIB_USD	2019-01-30	0.06394	0.05845	0.06442	0.05715	0
SIB_USD	2019-01-29	0.05845	0.06358	0.06421	0.05775	0
SIB_USD	2019-01-28	0.06349	0.06647	0.07050	0.06162	0
SIB_USD	2019-01-27	0.06651	0.06735	0.07106	0.06480	0
SIB_USD	2019-01-26	0.06739	0.06777	0.06837	0.06305	0
SIB_USD	2019-01-25	0.06777	0.06168	0.07407	0.06160	0
SIB_USD	2019-01-24	0.06167	0.06226	0.06563	0.05977	0
SIB_USD	2019-01-23	0.06224	0.06392	0.06536	0.05929	0
SIB_USD	2019-01-22	0.06392	0.06446	0.06559	0.06067	0
SIB_USD	2019-01-21	0.06449	0.06757	0.06757	0.06270	0
SIB_USD	2019-01-20	0.06751	0.06574	0.07844	0.06345	0
SIB_USD	2019-01-19	0.06572	0.06335	0.07123	0.06031	0
SIB_USD	2019-01-18	0.06333	0.06329	0.06389	0.05948	0
SIB_USD	2019-01-17	0.06327	0.06156	0.06492	0.06022	0
SIB_USD	2019-01-16	0.06144	0.06091	0.06547	0.06025	0
SIB_USD	2019-01-15	0.06100	0.06351	0.06409	0.05959	0
SIB_USD	2019-01-14	0.06283	0.06059	0.06370	0.05784	0
SIB_USD	2019-01-13	0.06059	0.06387	0.06413	0.05967	0
SIB_USD	2019-01-12	0.06386	0.07517	0.07575	0.06194	0
SIB_USD	2019-01-11	0.07515	0.06351	0.07662	0.06284	0
SIB_USD	2019-01-10	0.06351	0.07546	0.07546	0.06150	0
SIB_USD	2019-01-09	0.07542	0.06218	0.09065	0.06201	0
SIB_USD	2019-01-08	0.06217	0.06249	0.06638	0.06165	0
SIB_USD	2019-01-07	0.06249	0.06389	0.06477	0.06227	0
SIB_USD	2019-01-06	0.06391	0.06238	0.12353	0.06077	0
SIB_USD	2019-01-05	0.06239	0.06381	0.06471	0.06228	0
SIB_USD	2019-01-04	0.06385	0.06595	0.06777	0.06146	0
SIB_USD	2019-01-03	0.06587	0.06800	0.06840	0.06425	0
SIB_USD	2019-01-02	0.06802	0.06115	0.06904	0.06007	0
SIB_USD	2019-01-01	0.06099	0.05954	0.06147	0.05869	0
SIB_USD	2018-12-31	0.05949	0.06174	0.06247	0.05837	0
SIB_USD	2018-12-30	0.06166	0.06206	0.06353	0.06103	0
SIB_USD	2018-12-29	0.06206	0.06410	0.06550	0.06185	0
SIB_USD	2018-12-28	0.06410	0.06204	0.06546	0.05852	0
SIB_USD	2018-12-27	0.06204	0.06418	0.06537	0.06080	0
SIB_USD	2018-12-26	0.06419	0.06289	0.06506	0.06161	0
SIB_USD	2018-12-25	0.06284	0.06677	0.06695	0.06065	0
SIB_USD	2018-12-24	0.06684	0.06795	0.07423	0.06574	0
SIB_USD	2018-12-23	0.06801	0.06707	0.06909	0.06451	0
SIB_USD	2018-12-22	0.06692	0.06412	0.06760	0.06247	0
SIB_USD	2018-12-21	0.06405	0.07274	0.07274	0.06313	0
SIB_USD	2018-12-20	0.07281	0.06732	0.07395	0.06509	0
SIB_USD	2018-12-19	0.06629	0.06470	0.06948	0.06370	0
SIB_USD	2018-12-18	0.06463	0.06125	0.06509	0.05923	0
SIB_USD	2018-12-17	0.06123	0.05918	0.06495	0.05779	0
SIB_USD	2018-12-16	0.05909	0.05647	0.06225	0.05511	0
SIB_USD	2018-12-15	0.05650	0.05761	0.05856	0.05525	0
SIB_USD	2018-12-14	0.05760	0.06320	0.06382	0.05679	0
SIB_USD	2018-12-13	0.06329	0.07363	0.07642	0.06283	0
SIB_USD	2018-12-12	0.07368	0.06887	0.08120	0.06779	0
SIB_USD	2018-12-11	0.06910	0.06439	0.07923	0.06366	0
SIB_USD	2018-12-10	0.06450	0.06233	0.07099	0.06206	0
SIB_USD	2018-12-09	0.06240	0.06047	0.06492	0.05714	0
SIB_USD	2018-12-08	0.06116	0.06140	0.06282	0.05470	0
SIB_USD	2018-12-07	0.06137	0.05308	0.07970	0.04704	0
SIB_USD	2018-12-06	0.05324	0.05658	0.06381	0.05298	0
SIB_USD	2018-12-05	0.05652	0.06217	0.06232	0.05629	0
SIB_USD	2018-12-04	0.06208	0.06132	0.06586	0.05946	0
SIB_USD	2018-12-03	0.06139	0.06693	0.07052	0.05906	0
SIB_USD	2018-12-02	0.06672	0.06572	0.08383	0.06484	0
SIB_USD	2018-12-01	0.06572	0.05952	0.06873	0.05743	0
SIB_USD	2018-11-30	0.05952	0.06737	0.06740	0.05780	0
SIB_USD	2018-11-29	0.06707	0.06672	0.07033	0.06378	0
SIB_USD	2018-11-28	0.06672	0.05922	0.07019	0.05866	0
SIB_USD	2018-11-27	0.05918	0.06026	0.06176	0.05642	0
SIB_USD	2018-11-26	0.06026	0.06833	0.07004	0.05893	0
SIB_USD	2018-11-25	0.06830	0.07193	0.08419	0.06227	0
SIB_USD	2018-11-24	0.07193	0.07510	0.09981	0.06835	0
SIB_USD	2018-11-23	0.07791	0.06609	0.10362	0.06191	0
SIB_USD	2018-11-22	0.06645	0.06928	0.07213	0.06645	0
SIB_USD	2018-11-21	0.06937	0.06629	0.07039	0.06198	0
SIB_USD	2018-11-20	0.06612	0.07479	0.07855	0.06285	0
SIB_USD	2018-11-19	0.07479	0.10020	0.11205	0.07479	0
SIB_USD	2018-11-18	0.10029	0.09714	0.10108	0.09150	0
SIB_USD	2018-11-17	0.09720	0.09181	0.10159	0.08428	0
SIB_USD	2018-11-16	0.09181	0.09424	0.09433	0.08928	0
SIB_USD	2018-11-15	0.09358	0.10009	0.10109	0.08872	0
SIB_USD	2018-11-14	0.10125	0.12269	0.12499	0.09744	0
SIB_USD	2018-11-13	0.12279	0.12572	0.12704	0.12224	0
SIB_USD	2018-11-12	0.12565	0.12583	0.13184	0.12087	0
SIB_USD	2018-11-11	0.12674	0.13254	0.13307	0.12325	0
SIB_USD	2018-11-10	0.13254	0.13287	0.13608	0.13081	0
SIB_USD	2018-11-09	0.13296	0.13617	0.14478	0.12856	0
SIB_USD	2018-11-08	0.13633	0.13931	0.14587	0.13134	0
SIB_USD	2018-11-07	0.13931	0.14272	0.15297	0.13544	0
SIB_USD	2018-11-06	0.14272	0.14927	0.14927	0.13191	0
SIB_USD	2018-11-05	0.14891	0.15075	0.15150	0.14210	0
SIB_USD	2018-11-04	0.15075	0.16069	0.16072	0.15003	0
SIB_USD	2018-11-03	0.16069	0.16700	0.17998	0.15672	0
SIB_USD	2018-11-02	0.16700	0.15865	0.18870	0.15865	0
SIB_USD	2018-11-01	0.15865	0.15278	0.16467	0.14504	0
SIB_USD	2018-10-31	0.15274	0.15357	0.15814	0.14036	0
SIB_USD	2018-10-30	0.15357	0.16190	0.16644	0.15000	0
SIB_USD	2018-10-29	0.16193	0.17712	0.17712	0.14873	0
SIB_USD	2018-10-28	0.17708	0.18207	0.18384	0.16976	0
SIB_USD	2018-10-27	0.18191	0.19529	0.19529	0.17306	0
SIB_USD	2018-10-26	0.19529	0.17267	0.20593	0.16766	0
SIB_USD	2018-10-25	0.17006	0.13764	0.23707	0.13764	0
SIB_USD	2018-10-24	0.13544	0.12802	0.14330	0.12668	0
SIB_USD	2018-10-23	0.12809	0.12281	0.13384	0.12250	0
SIB_USD	2018-10-22	0.12281	0.12160	0.12945	0.11745	0
SIB_USD	2018-10-21	0.12155	0.12380	0.13059	0.12131	0
SIB_USD	2018-10-20	0.12358	0.12344	0.12745	0.12046	0
SIB_USD	2018-10-19	0.12343	0.12926	0.14815	0.11813	0
SIB_USD	2018-10-18	0.12979	0.13421	0.13697	0.12293	0
SIB_USD	2018-10-17	0.13419	0.13366	0.13812	0.12970	0
SIB_USD	2018-10-16	0.13337	0.13770	0.14097	0.13297	0
SIB_USD	2018-10-15	0.13743	0.12616	0.16521	0.12471	0
SIB_USD	2018-10-14	0.12613	0.12542	0.12764	0.12462	0
SIB_USD	2018-10-13	0.12542	0.12656	0.12671	0.12158	0
SIB_USD	2018-10-12	0.12660	0.13867	0.14746	0.12036	0
SIB_USD	2018-10-11	0.13877	0.14729	0.14729	0.13319	0
SIB_USD	2018-10-10	0.14729	0.15148	0.15148	0.13917	0
SIB_USD	2018-10-09	0.15148	0.15699	0.15759	0.14735	0
SIB_USD	2018-10-08	0.15699	0.16156	0.16206	0.15570	0
SIB_USD	2018-10-07	0.16156	0.16648	0.18034	0.15667	0
SIB_USD	2018-10-06	0.16648	0.16320	0.16648	0.15040	0
SIB_USD	2018-10-05	0.16296	0.15937	0.16962	0.15818	0
SIB_USD	2018-10-04	0.15937	0.15620	0.17402	0.15443	0
SIB_USD	2018-10-03	0.15614	0.15941	0.15988	0.15307	0
SIB_USD	2018-10-02	0.15966	0.16161	0.16329	0.15730	0
SIB_USD	2018-10-01	0.16179	0.16223	0.16880	0.15805	0
SIB_USD	2018-09-30	0.16223	0.16353	0.16417	0.15156	0
SIB_USD	2018-09-29	0.16347	0.16455	0.16459	0.15569	0
SIB_USD	2018-09-28	0.16455	0.17265	0.17367	0.16100	0
SIB_USD	2018-09-27	0.17247	0.16857	0.17698	0.16695	0
SIB_USD	2018-09-26	0.16857	0.17059	0.17702	0.16857	0
SIB_USD	2018-09-25	0.17036	0.17865	0.17865	0.16349	0
SIB_USD	2018-09-24	0.17865	0.18117	0.18263	0.17041	0
SIB_USD	2018-09-23	0.18120	0.17732	0.18852	0.17566	0
SIB_USD	2018-09-22	0.17735	0.18584	0.18777	0.17498	0
SIB_USD	2018-09-21	0.18610	0.17759	0.18910	0.17050	0
SIB_USD	2018-09-20	0.17759	0.17467	0.20506	0.17041	0
SIB_USD	2018-09-19	0.17462	0.17887	0.17887	0.16319	0
SIB_USD	2018-09-18	0.17887	0.17385	0.20332	0.16840	0
SIB_USD	2018-09-17	0.17385	0.18833	0.19940	0.17265	0
SIB_USD	2018-09-16	0.18833	0.19327	0.19556	0.18034	0
SIB_USD	2018-09-15	0.19342	0.17283	0.21664	0.17269	0
SIB_USD	2018-09-14	0.17301	0.17419	0.17658	0.16841	0
SIB_USD	2018-09-13	0.17413	0.17160	0.17737	0.16872	0
SIB_USD	2018-09-12	0.17160	0.18555	0.18556	0.16063	0
SIB_USD	2018-09-11	0.18549	0.20854	0.20934	0.18156	0
SIB_USD	2018-09-10	0.20854	0.20655	0.25719	0.19354	0
SIB_USD	2018-09-09	0.20638	0.18895	0.23447	0.18860	0
SIB_USD	2018-09-08	0.18895	0.19235	0.19796	0.18371	0
SIB_USD	2018-09-07	0.19235	0.21285	0.21285	0.18565	0
SIB_USD	2018-09-06	0.21291	0.21399	0.21485	0.19753	0
SIB_USD	2018-09-05	0.21412	0.25337	0.26509	0.21412	0
SIB_USD	2018-09-04	0.25337	0.25572	0.26135	0.24665	0
SIB_USD	2018-09-03	0.25601	0.25159	0.28837	0.24848	0
SIB_USD	2018-09-02	0.25155	0.25173	0.25824	0.24919	0
SIB_USD	2018-09-01	0.25173	0.24319	0.25629	0.23287	0
SIB_USD	2018-08-31	0.24309	0.24409	0.25189	0.23392	0
SIB_USD	2018-08-30	0.24903	0.27134	0.27318	0.23508	0
SIB_USD	2018-08-29	0.27168	0.27859	0.27912	0.26957	0
SIB_USD	2018-08-28	0.27847	0.27058	0.27960	0.26463	0
SIB_USD	2018-08-27	0.27029	0.25868	0.27060	0.25756	0
SIB_USD	2018-08-26	0.25905	0.27103	0.27452	0.25382	0
SIB_USD	2018-08-25	0.27128	0.27400	0.27874	0.26878	0
SIB_USD	2018-08-24	0.27393	0.26788	0.29648	0.26202	0
SIB_USD	2018-08-23	0.26836	0.26031	0.26840	0.25565	0
SIB_USD	2018-08-22	0.25991	0.26289	0.28905	0.25178	0
SIB_USD	2018-08-21	0.26282	0.26569	0.26870	0.25740	0
SIB_USD	2018-08-20	0.26581	0.28413	0.28852	0.26503	0
SIB_USD	2018-08-19	0.28431	0.28195	0.28696	0.27307	0
SIB_USD	2018-08-18	0.28193	0.29855	0.29922	0.27598	0
SIB_USD	2018-08-17	0.29715	0.28066	0.29789	0.27179	0
SIB_USD	2018-08-16	0.28144	0.29251	0.30437	0.26648	0
SIB_USD	2018-08-15	0.29282	0.29751	0.31924	0.29164	0
SIB_USD	2018-08-14	0.29946	0.30811	0.30811	0.28871	0
SIB_USD	2018-08-13	0.30850	0.32008	0.32842	0.30248	0
SIB_USD	2018-08-12	0.32028	0.32417	0.34486	0.31932	0
SIB_USD	2018-08-11	0.32387	0.33096	0.34081	0.31338	0
SIB_USD	2018-08-10	0.33081	0.36550	0.36938	0.32771	0
SIB_USD	2018-08-09	0.36454	0.34714	0.37454	0.34085	0
SIB_USD	2018-08-08	0.34714	0.41694	0.41694	0.34615	0
SIB_USD	2018-08-07	0.41718	0.40289	0.47592	0.40087	0
SIB_USD	2018-08-06	0.40253	0.41142	0.41815	0.39740	0
SIB_USD	2018-08-05	0.41193	0.40922	0.41378	0.40173	0
SIB_USD	2018-08-04	0.40880	0.43059	0.43919	0.40457	0
SIB_USD	2018-08-03	0.43036	0.43811	0.44046	0.42396	0
SIB_USD	2018-08-02	0.43859	0.44982	0.45511	0.43466	0
SIB_USD	2018-08-01	0.45000	0.45613	0.45789	0.43649	0
SIB_USD	2018-07-31	0.45630	0.49994	0.51100	0.44682	0
SIB_USD	2018-07-30	0.49963	0.51017	0.51099	0.48500	0
SIB_USD	2018-07-29	0.51017	0.51429	0.51754	0.49079	0
SIB_USD	2018-07-28	0.51429	0.51045	0.51874	0.49920	0
SIB_USD	2018-07-27	0.51078	0.56125	0.56129	0.49775	0
SIB_USD	2018-07-26	0.56125	0.53851	0.65146	0.52109	0
SIB_USD	2018-07-25	0.53789	0.51782	0.58003	0.50806	0
SIB_USD	2018-07-24	0.52034	0.51712	0.57964	0.50604	0
SIB_USD	2018-07-23	0.51392	0.52542	0.53833	0.50251	0
SIB_USD	2018-07-22	0.52561	0.55910	0.56541	0.51200	0
SIB_USD	2018-07-21	0.55910	0.55417	0.57570	0.54569	0
SIB_USD	2018-07-20	0.55411	0.56885	0.58887	0.55018	0
SIB_USD	2018-07-19	0.56885	0.56028	0.57612	0.55358	0
SIB_USD	2018-07-18	0.55935	0.55472	0.58799	0.55182	0
SIB_USD	2018-07-17	0.55493	0.48182	0.57793	0.45985	0
SIB_USD	2018-07-16	0.48391	0.48403	0.53587	0.46680	0
SIB_USD	2018-07-15	0.48406	0.45613	0.52925	0.43137	0
SIB_USD	2018-07-14	0.45613	0.42692	0.46060	0.41306	0
SIB_USD	2018-07-13	0.42694	0.41969	0.46744	0.39500	0
SIB_USD	2018-07-12	0.41943	0.48305	0.48691	0.40461	0
SIB_USD	2018-07-11	0.48337	0.43420	0.49171	0.43294	0
SIB_USD	2018-07-10	0.43331	0.45616	0.45704	0.42209	0
SIB_USD	2018-07-09	0.45635	0.44871	0.47289	0.44439	0
SIB_USD	2018-07-08	0.44893	0.41216	0.55553	0.40348	0
SIB_USD	2018-07-07	0.41216	0.43010	0.43061	0.39250	0
SIB_USD	2018-07-06	0.42998	0.45301	0.46191	0.40273	0
SIB_USD	2018-07-05	0.45363	0.39757	0.54338	0.38331	0
SIB_USD	2018-07-04	0.39751	0.37118	0.46138	0.35261	0
SIB_USD	2018-07-03	0.37050	0.35421	0.38914	0.00473	0
SIB_USD	2018-07-02	0.35410	0.34275	0.36918	0.00000	0
SIB_USD	2018-07-01	0.34282	0.35051	0.35756	0.33146	0
SIB_USD	2018-06-30	0.35051	0.32590	0.35810	0.32508	0
SIB_USD	2018-06-29	0.32655	0.32534	0.33842	0.30987	0
SIB_USD	2018-06-28	0.32586	0.34661	0.36651	0.32426	0
SIB_USD	2018-06-27	0.34667	0.35660	0.36007	0.33884	0
SIB_USD	2018-06-26	0.35773	0.37432	0.39378	0.35581	0
SIB_USD	2018-06-25	0.37407	0.36572	0.38541	0.35924	0
SIB_USD	2018-06-24	0.36584	0.37154	0.38057	0.34071	0
SIB_USD	2018-06-23	0.38256	0.36209	0.39556	0.35321	0
SIB_USD	2018-06-22	0.35793	0.38548	0.42994	0.35056	0
SIB_USD	2018-06-21	0.38545	0.40371	0.41192	0.38545	0
SIB_USD	2018-06-20	0.40373	0.41014	0.42560	0.38835	0
SIB_USD	2018-06-19	0.41060	0.42184	0.44494	0.39750	0
SIB_USD	2018-06-18	0.42177	0.38900	0.46408	0.37936	0
SIB_USD	2018-06-17	0.38862	0.38647	0.39461	0.38115	0
SIB_USD	2018-06-16	0.38652	0.38540	0.40474	0.37756	0
SIB_USD	2018-06-15	0.38521	0.40369	0.42227	0.38391	0
SIB_USD	2018-06-14	0.40292	0.37673	0.40677	0.37291	0
SIB_USD	2018-06-13	0.37616	0.44165	0.44324	0.35449	0
SIB_USD	2018-06-12	0.44154	0.48024	0.48840	0.43525	0
SIB_USD	2018-06-11	0.48002	0.47727	0.50715	0.46445	0
SIB_USD	2018-06-10	0.47675	0.57908	0.57908	0.47065	0
SIB_USD	2018-06-09	0.57914	0.59627	0.61489	0.57834	0
SIB_USD	2018-06-08	0.59627	0.59849	0.63316	0.58968	0
SIB_USD	2018-06-07	0.59874	0.61182	0.72621	0.58842	0
SIB_USD	2018-06-06	0.61125	0.66006	0.66753	0.58091	0
SIB_USD	2018-06-05	0.65950	0.66769	0.67599	0.64777	0
SIB_USD	2018-06-04	0.66818	0.70282	0.71027	0.66527	0
SIB_USD	2018-06-03	0.70219	0.69915	0.71238	0.69363	0
SIB_USD	2018-06-02	0.70289	0.68176	0.70833	0.67489	0
SIB_USD	2018-06-01	0.68122	0.69472	0.70468	0.66895	0
SIB_USD	2018-05-31	0.69479	0.67283	0.72092	0.65452	0
SIB_USD	2018-05-30	0.66528	0.68964	0.69882	0.65221	0
SIB_USD	2018-05-29	0.68883	0.65170	0.71422	0.62367	0
SIB_USD	2018-05-28	0.65130	0.71672	0.72537	0.64729	0
SIB_USD	2018-05-27	0.71675	0.70971	0.72445	0.69785	0
SIB_USD	2018-05-26	0.70959	0.71576	0.73741	0.70517	0
SIB_USD	2018-05-25	0.71589	0.74177	0.75666	0.70183	0
SIB_USD	2018-05-24	0.74244	0.75176	0.76542	0.69636	0
SIB_USD	2018-05-23	0.75233	0.85687	0.86143	0.71873	0
SIB_USD	2018-05-22	0.85717	0.94884	0.95444	0.85349	0
SIB_USD	2018-05-21	0.94888	0.96834	1.02533	0.91795	0
SIB_USD	2018-05-20	0.96839	0.91989	0.96858	0.89700	0
SIB_USD	2018-05-19	0.92090	0.90464	0.94442	0.88432	0
SIB_USD	2018-05-18	0.90464	0.91777	0.94464	0.89229	0
SIB_USD	2018-05-17	0.91897	0.96795	0.98283	0.91247	0
SIB_USD	2018-05-16	0.96749	0.97731	0.99580	0.86863	0
SIB_USD	2018-05-15	0.97715	1.02233	1.03310	0.94466	0
SIB_USD	2018-05-14	1.02241	1.06403	1.07051	0.98795	0
SIB_USD	2018-05-13	1.06400	1.01704	1.07126	1.00801	0
SIB_USD	2018-05-12	1.01585	0.96100	1.02649	0.92222	0
SIB_USD	2018-05-11	0.95870	1.08616	1.08616	0.95392	0
SIB_USD	2018-05-10	1.08712	1.14971	1.15855	1.07917	0
SIB_USD	2018-05-09	1.14953	1.13868	1.16045	1.09755	0
SIB_USD	2018-05-08	1.14094	1.17683	1.19146	0.00013	0
SIB_USD	2018-05-07	1.18106	1.22005	1.22376	1.12881	0
SIB_USD	2018-05-06	1.22010	1.26595	1.27898	1.19231	0
SIB_USD	2018-05-05	1.26620	1.24927	1.29270	1.24416	0
SIB_USD	2018-05-04	1.25228	1.28231	1.28378	1.23226	0
SIB_USD	2018-05-03	1.28396	1.26120	1.30929	1.21560	0
SIB_USD	2018-05-02	1.26001	1.19682	1.26553	1.17022	0
SIB_USD	2018-05-01	1.19714	1.21697	1.21697	1.13219	0
SIB_USD	2018-04-30	1.22116	1.21575	1.24960	1.16276	0
SIB_USD	2018-04-29	1.21366	1.24262	1.24842	1.17233	0
SIB_USD	2018-04-28	1.24401	1.21858	1.25714	1.17479	0
SIB_USD	2018-04-27	1.21786	1.28963	1.29427	1.20196	0
SIB_USD	2018-04-26	1.29113	1.22177	1.30478	1.15174	0
SIB_USD	2018-04-25	1.22535	1.43444	1.43786	1.15367	0
SIB_USD	2018-04-24	1.43375	1.36074	1.46283	1.34268	0
SIB_USD	2018-04-23	1.35981	1.34857	1.37888	1.33230	0
SIB_USD	2018-04-22	1.34854	1.37726	1.40551	1.30519	0
SIB_USD	2018-04-21	1.37030	1.35256	1.40000	1.23669	0
SIB_USD	2018-04-20	1.35124	1.21992	1.37340	1.13827	0
SIB_USD	2018-04-19	1.22023	1.15521	1.22705	1.11580	0
SIB_USD	2018-04-18	1.15331	1.06473	1.15556	1.04998	0
SIB_USD	2018-04-17	1.06332	1.09244	1.12004	1.04987	0
SIB_USD	2018-04-16	1.09007	1.16545	1.18315	0.98809	0
SIB_USD	2018-04-15	1.16409	1.12921	1.19665	1.12921	0
SIB_USD	2018-04-14	1.12745	1.05237	1.17193	1.04459	0
SIB_USD	2018-04-13	1.05104	1.07034	1.10059	1.01316	0
SIB_USD	2018-04-12	1.06955	0.98024	1.07188	0.91069	0
SIB_USD	2018-04-11	0.98297	0.95473	0.98585	0.92584	0
SIB_USD	2018-04-10	0.95486	0.90915	1.02676	0.90272	0
SIB_USD	2018-04-09	0.90835	0.93113	1.02153	0.86127	0
SIB_USD	2018-04-08	0.92989	0.83009	1.07834	0.82886	0
SIB_USD	2018-04-07	0.83031	0.79152	0.84984	0.78978	0
SIB_USD	2018-04-06	0.79179	0.83443	0.84187	0.78175	0
SIB_USD	2018-04-05	0.83460	0.85057	0.86160	0.80514	0
SIB_USD	2018-04-04	0.85015	0.92996	0.94077	0.83926	0
SIB_USD	2018-04-03	0.92941	0.86106	1.00756	0.85314	0
SIB_USD	2018-04-02	0.86230	0.80546	0.86230	0.79275	0
SIB_USD	2018-04-01	0.80582	0.81305	0.89144	0.74880	0
SIB_USD	2018-03-31	0.81385	0.80813	0.85023	0.80003	0
SIB_USD	2018-03-30	0.80919	0.86272	0.86845	0.77377	0
SIB_USD	2018-03-29	0.86223	1.04980	1.05122	0.83621	0
SIB_USD	2018-03-28	1.04784	1.06789	1.09596	1.02584	0
SIB_USD	2018-03-27	1.06983	1.12115	1.14529	1.02986	0
SIB_USD	2018-03-26	1.11781	1.18056	1.23292	1.07720	0
SIB_USD	2018-03-25	1.18138	1.19766	1.26483	1.14154	0
SIB_USD	2018-03-24	1.19352	1.24612	1.32009	1.18703	0
SIB_USD	2018-03-23	1.23173	1.25996	1.26871	1.14584	0
SIB_USD	2018-03-22	1.26303	1.34087	1.35817	1.20642	0
SIB_USD	2018-03-21	1.34206	1.36537	1.39426	1.30588	0
SIB_USD	2018-03-20	1.36260	1.28603	1.39262	1.23156	0
SIB_USD	2018-03-19	1.28754	1.24645	1.32741	1.21108	0
SIB_USD	2018-03-18	1.24440	1.31577	1.31693	1.09444	0
SIB_USD	2018-03-17	1.31929	1.45912	1.47590	1.31279	0
SIB_USD	2018-03-16	1.46682	1.45283	1.57587	1.34730	0
SIB_USD	2018-03-15	1.45314	1.47175	1.48292	1.30166	0
SIB_USD	2018-03-14	1.47543	1.75295	1.78635	1.41368	0
SIB_USD	2018-03-13	1.75199	1.80274	1.87273	1.69232	0
SIB_USD	2018-03-12	1.78987	1.88435	1.93780	1.74005	0
SIB_USD	2018-03-11	1.88129	1.80336	1.92007	1.69156	0
SIB_USD	2018-03-10	1.80229	1.97945	2.00980	1.79280	0
SIB_USD	2018-03-09	1.97999	2.04845	2.09566	1.70367	0
SIB_USD	2018-03-08	2.06382	2.09415	2.21021	1.97060	0
SIB_USD	2018-03-07	2.09105	2.26137	2.44324	1.93259	0
SIB_USD	2018-03-06	2.26566	2.38599	2.54203	2.19716	0
SIB_USD	2018-03-05	2.40764	2.56296	2.59321	2.35463	0
SIB_USD	2018-03-04	2.55837	2.42319	3.10684	2.40293	0
SIB_USD	2018-03-03	2.41052	2.48313	2.64430	2.35245	0
SIB_USD	2018-03-02	2.48335	2.32920	2.96300	2.32594	0
SIB_USD	2018-03-01	2.32853	2.10751	2.87964	2.05833	0
