SIG_USD	2019-04-09	0.005860	0.005994	0.005994	0.005790	0
SIG_USD	2019-04-08	0.005994	0.005842	0.006170	0.005778	0
SIG_USD	2019-04-07	0.005842	0.005504	0.005880	0.005469	0
SIG_USD	2019-04-06	0.005504	0.005526	0.005740	0.005356	0
SIG_USD	2019-04-05	0.005526	0.005232	0.005605	0.005202	0
SIG_USD	2019-04-04	0.005232	0.005295	0.005451	0.005114	0
SIG_USD	2019-04-03	0.005295	0.005458	0.005919	0.005024	0
SIG_USD	2019-04-02	0.005458	0.004732	0.005547	0.004714	0
SIG_USD	2019-04-01	0.004732	0.004741	0.004792	0.004672	0
SIG_USD	2019-03-31	0.004741	0.004770	0.004771	0.004705	0
SIG_USD	2019-03-30	0.004770	0.004821	0.004897	0.004708	0
SIG_USD	2019-03-29	0.004821	0.004625	0.004825	0.004617	0
SIG_USD	2019-03-28	0.004625	0.004670	0.004670	0.004600	0
SIG_USD	2019-03-27	0.004670	0.004465	0.004688	0.004463	0
SIG_USD	2019-03-26	0.004465	0.004456	0.004491	0.004420	0
SIG_USD	2019-03-25	0.004456	0.004544	0.004568	0.004392	0
SIG_USD	2019-03-24	0.004544	0.004593	0.004595	0.004512	0
SIG_USD	2019-03-23	0.004593	0.004554	0.004630	0.004545	0
SIG_USD	2019-03-22	0.004554	0.004518	0.004597	0.004500	0
SIG_USD	2019-03-21	0.004518	0.004687	0.004705	0.004482	0
SIG_USD	2019-03-20	0.004687	0.004675	0.004707	0.004590	0
SIG_USD	2019-03-19	0.004675	0.004636	0.004692	0.004611	0
SIG_USD	2019-03-18	0.004636	0.004673	0.004772	0.004585	0
SIG_USD	2019-03-17	0.004673	0.004742	0.004742	0.004629	0
SIG_USD	2019-03-16	0.004742	0.004592	0.004852	0.004592	0
SIG_USD	2019-03-15	0.004592	0.004445	0.004650	0.004442	0
SIG_USD	2019-03-14	0.004445	0.004436	0.004533	0.004366	0
SIG_USD	2019-03-13	0.004436	0.004493	0.004494	0.004402	0
SIG_USD	2019-03-12	0.004493	0.004463	0.004542	0.004333	0
SIG_USD	2019-03-11	0.004463	0.004557	0.004575	0.004419	0
SIG_USD	2019-03-10	0.004557	0.004619	0.004626	0.004514	0
SIG_USD	2019-03-09	0.004619	0.004491	0.004670	0.004469	0
SIG_USD	2019-03-08	0.004491	0.004618	0.004711	0.004395	0
SIG_USD	2019-03-07	0.004618	0.004635	0.004724	0.004570	0
SIG_USD	2019-03-06	0.004635	0.004616	0.004733	0.004516	0
SIG_USD	2019-03-05	0.004616	0.004234	0.004647	0.004215	0
SIG_USD	2019-03-04	0.004234	0.004390	0.004414	0.004152	0
SIG_USD	2019-03-03	0.004390	0.004472	0.004541	0.004308	0
SIG_USD	2019-03-02	0.004472	0.004570	0.004594	0.004391	0
SIG_USD	2019-03-01	0.004570	0.004557	0.004661	0.004545	0
SIG_USD	2019-02-28	0.004557	0.004545	0.004700	0.004501	0
SIG_USD	2019-02-27	0.004545	0.004605	0.004738	0.004275	0
SIG_USD	2019-02-26	0.004605	0.004655	0.004673	0.004534	0
SIG_USD	2019-02-25	0.004655	0.004454	0.004771	0.004454	0
SIG_USD	2019-02-24	0.004454	0.005327	0.005587	0.004454	0
SIG_USD	2019-02-23	0.005327	0.004996	0.005388	0.004912	0
SIG_USD	2019-02-22	0.004996	0.004892	0.005016	0.004822	0
SIG_USD	2019-02-21	0.004892	0.005020	0.005063	0.004800	0
SIG_USD	2019-02-20	0.005020	0.004835	0.005028	0.004742	0
SIG_USD	2019-02-19	0.004835	0.004914	0.005059	0.004812	0
SIG_USD	2019-02-18	0.004914	0.004453	0.005002	0.004422	0
SIG_USD	2019-02-17	0.004453	0.003871	0.004521	0.003866	0
SIG_USD	2019-02-16	0.003871	0.003842	0.003943	0.003842	0
SIG_USD	2019-02-15	0.003842	0.003806	0.003927	0.003794	0
SIG_USD	2019-02-14	0.003806	0.003846	0.003920	0.003796	0
SIG_USD	2019-02-13	0.003846	0.003862	0.004015	0.003807	0
SIG_USD	2019-02-12	0.003862	0.003865	0.003914	0.003777	0
SIG_USD	2019-02-11	0.003865	0.004080	0.004080	0.003840	0
SIG_USD	2019-02-10	0.004080	0.003877	0.004099	0.003776	0
SIG_USD	2019-02-09	0.003877	0.003884	0.003948	0.003828	0
SIG_USD	2019-02-08	0.003884	0.003499	0.003988	0.003477	0
SIG_USD	2019-02-07	0.003499	0.003394	0.003515	0.003366	0
SIG_USD	2019-02-06	0.003394	0.003641	0.003649	0.003205	0
SIG_USD	2019-02-05	0.003641	0.003477	0.003648	0.003445	0
SIG_USD	2019-02-04	0.003477	0.003478	0.003535	0.003456	0
SIG_USD	2019-02-03	0.003478	0.003602	0.003636	0.003435	0
SIG_USD	2019-02-02	0.003602	0.003494	0.003619	0.003459	0
SIG_USD	2019-02-01	0.003494	0.003474	0.003542	0.003388	0
SIG_USD	2019-01-31	0.003474	0.003546	0.003621	0.003444	0
SIG_USD	2019-01-30	0.003546	0.003414	0.003578	0.003376	0
SIG_USD	2019-01-29	0.003414	0.003445	0.003468	0.003344	0
SIG_USD	2019-01-28	0.003445	0.004079	0.004110	0.003312	0
SIG_USD	2019-01-27	0.004079	0.004225	0.004248	0.004060	0
SIG_USD	2019-01-26	0.004225	0.004222	0.004319	0.004214	0
SIG_USD	2019-01-25	0.004222	0.004313	0.004325	0.004188	0
SIG_USD	2019-01-24	0.004313	0.004301	0.004344	0.004198	0
SIG_USD	2019-01-23	0.004301	0.004353	0.004387	0.004242	0
SIG_USD	2019-01-22	0.004353	0.004256	0.004404	0.004091	0
SIG_USD	2019-01-21	0.004256	0.003877	0.004266	0.003716	0
SIG_USD	2019-01-20	0.003877	0.004104	0.004120	0.003836	0
SIG_USD	2019-01-19	0.004104	0.003968	0.004241	0.003968	0
SIG_USD	2019-01-18	0.003968	0.004079	0.004089	0.003924	0
SIG_USD	2019-01-17	0.004079	0.004044	0.004115	0.003911	0
SIG_USD	2019-01-16	0.004044	0.003996	0.004230	0.003964	0
SIG_USD	2019-01-15	0.003996	0.003406	0.004024	0.003105	0
SIG_USD	2019-01-14	0.003406	0.003054	0.003482	0.002671	0
SIG_USD	2019-01-13	0.003054	0.003300	0.004090	0.003011	0
SIG_USD	2019-01-12	0.003300	0.003337	0.003367	0.003273	0
SIG_USD	2019-01-11	0.003337	0.004168	0.004242	0.003267	0
SIG_USD	2019-01-10	0.004168	0.004917	0.004972	0.004059	0
SIG_USD	2019-01-09	0.004917	0.005187	0.005367	0.004889	0
SIG_USD	2019-01-08	0.005187	0.005251	0.005334	0.005118	0
SIG_USD	2019-01-07	0.005251	0.005456	0.005517	0.005200	0
SIG_USD	2019-01-06	0.005456	0.005372	0.005594	0.005211	0
SIG_USD	2019-01-05	0.005372	0.005383	0.005653	0.005354	0
SIG_USD	2019-01-04	0.005383	0.005166	0.005493	0.005112	0
SIG_USD	2019-01-03	0.005166	0.005410	0.005450	0.005084	0
SIG_USD	2019-01-02	0.005410	0.004906	0.005532	0.004886	0
SIG_USD	2019-01-01	0.004906	0.004622	0.004999	0.002781	0
SIG_USD	2018-12-31	0.004622	0.005187	0.005202	0.004546	0
SIG_USD	2018-12-30	0.005187	0.005211	0.005379	0.005001	0
SIG_USD	2018-12-29	0.005211	0.008140	0.008912	0.005170	0
SIG_USD	2018-12-28	0.008140	0.006756	0.008194	0.006690	0
SIG_USD	2018-12-27	0.006756	0.007687	0.007765	0.006658	0
SIG_USD	2018-12-26	0.007687	0.007596	0.008070	0.007289	0
SIG_USD	2018-12-25	0.007596	0.005940	0.008306	0.005476	0
SIG_USD	2018-12-24	0.005940	0.006315	0.007408	0.005664	0
SIG_USD	2018-12-23	0.006315	0.005681	0.006509	0.005681	0
SIG_USD	2018-12-22	0.005681	0.005257	0.005690	0.005138	0
SIG_USD	2018-12-21	0.005257	0.005606	0.005789	0.005139	0
SIG_USD	2018-12-20	0.005606	0.004831	0.005696	0.004797	0
SIG_USD	2018-12-19	0.004831	0.004889	0.005232	0.004802	0
SIG_USD	2018-12-18	0.004889	0.005059	0.006486	0.004405	0
SIG_USD	2018-12-17	0.005059	0.004502	0.005217	0.004485	0
SIG_USD	2018-12-16	0.004502	0.004459	0.004671	0.004450	0
SIG_USD	2018-12-15	0.004459	0.004430	0.004506	0.004330	0
SIG_USD	2018-12-14	0.004430	0.004560	0.004598	0.004351	0
SIG_USD	2018-12-13	0.004560	0.004774	0.004832	0.004484	0
SIG_USD	2018-12-12	0.004774	0.004593	0.004884	0.004587	0
SIG_USD	2018-12-11	0.004658	0.004792	0.004894	0.004556	0
SIG_USD	2018-12-10	0.004792	0.004996	0.005081	0.004707	0
SIG_USD	2018-12-09	0.004996	0.004827	0.005312	0.004719	0
SIG_USD	2018-12-08	0.004827	0.004932	0.005180	0.004459	0
SIG_USD	2018-12-07	0.004932	0.004805	0.005140	0.004318	0
SIG_USD	2018-12-06	0.004805	0.005327	0.005474	0.004764	0
SIG_USD	2018-12-05	0.005327	0.005761	0.005785	0.005321	0
SIG_USD	2018-12-04	0.005761	0.005680	0.005992	0.005537	0
SIG_USD	2018-12-03	0.005680	0.006078	0.006104	0.005558	0
SIG_USD	2018-12-02	0.006078	0.006222	0.006344	0.006065	0
SIG_USD	2018-12-01	0.006222	0.005914	0.006369	0.005812	0
SIG_USD	2018-11-30	0.005914	0.006163	0.006274	0.005830	0
SIG_USD	2018-11-29	0.006163	0.006450	0.006493	0.005993	0
SIG_USD	2018-11-28	0.006450	0.007209	0.008502	0.006151	0
SIG_USD	2018-11-27	0.007209	0.007132	0.007378	0.006645	0
SIG_USD	2018-11-26	0.007132	0.007684	0.007816	0.006906	0
SIG_USD	2018-11-25	0.007684	0.007438	0.007801	0.006689	0
SIG_USD	2018-11-24	0.007438	0.008077	0.008363	0.007222	0
SIG_USD	2018-11-23	0.008077	0.008218	0.008281	0.007740	0
SIG_USD	2018-11-22	0.008218	0.009017	0.009112	0.008218	0
SIG_USD	2018-11-21	0.009017	0.008612	0.009184	0.008168	0
SIG_USD	2018-11-20	0.008612	0.009688	0.009869	0.008207	0
SIG_USD	2018-11-19	0.009688	0.012527	0.012527	0.009505	0
SIG_USD	2018-11-18	0.012527	0.012314	0.012734	0.012314	0
SIG_USD	2018-11-17	0.012314	0.012398	0.012432	0.012197	0
SIG_USD	2018-11-16	0.012398	0.012891	0.012927	0.012168	0
SIG_USD	2018-11-15	0.012891	0.013014	0.013252	0.012046	0
SIG_USD	2018-11-14	0.013014	0.014710	0.014789	0.012451	0
SIG_USD	2018-11-13	0.014710	0.014888	0.014936	0.014643	0
SIG_USD	2018-11-12	0.014888	0.015151	0.015208	0.014769	0
SIG_USD	2018-11-11	0.015151	0.012360	0.015151	0.012283	0
SIG_USD	2018-11-10	0.012360	0.012234	0.012495	0.012205	0
SIG_USD	2018-11-09	0.012234	0.012344	0.012485	0.012151	0
SIG_USD	2018-11-08	0.012344	0.012708	0.012796	0.012344	0
SIG_USD	2018-11-07	0.012708	0.013031	0.013245	0.012609	0
SIG_USD	2018-11-06	0.013031	0.012655	0.013258	0.012553	0
SIG_USD	2018-11-05	0.012655	0.012727	0.012763	0.012477	0
SIG_USD	2018-11-04	0.012727	0.012008	0.013103	0.011945	0
SIG_USD	2018-11-03	0.012008	0.012136	0.012151	0.011961	0
SIG_USD	2018-11-02	0.012136	0.011985	0.012212	0.011985	0
SIG_USD	2018-11-01	0.011985	0.011923	0.012012	0.011887	0
SIG_USD	2018-10-31	0.011923	0.011853	0.011994	0.011609	0
SIG_USD	2018-10-30	0.011853	0.011705	0.012747	0.011696	0
SIG_USD	2018-10-29	0.011705	0.012184	0.012203	0.011637	0
SIG_USD	2018-10-28	0.012184	0.012141	0.012209	0.012118	0
SIG_USD	2018-10-27	0.012141	0.012188	0.012227	0.012075	0
SIG_USD	2018-10-26	0.012188	0.012107	0.012369	0.012094	0
SIG_USD	2018-10-25	0.012107	0.012199	0.012233	0.012063	0
SIG_USD	2018-10-24	0.012199	0.012239	0.012357	0.012197	0
SIG_USD	2018-10-23	0.012239	0.012254	0.012345	0.012065	0
SIG_USD	2018-10-22	0.012254	0.013411	0.013516	0.012215	0
SIG_USD	2018-10-21	0.013411	0.013477	0.013678	0.013409	0
SIG_USD	2018-10-20	0.013477	0.013264	0.013577	0.013183	0
SIG_USD	2018-10-19	0.013264	0.012931	0.013400	0.012818	0
SIG_USD	2018-10-18	0.012931	0.013361	0.013471	0.012794	0
SIG_USD	2018-10-17	0.013361	0.014633	0.014735	0.013303	0
SIG_USD	2018-10-16	0.014633	0.014551	0.014851	0.014381	0
SIG_USD	2018-10-15	0.014551	0.013375	0.016163	0.013226	0
SIG_USD	2018-10-14	0.013375	0.013685	0.013818	0.013290	0
SIG_USD	2018-10-13	0.013685	0.013410	0.013775	0.013385	0
SIG_USD	2018-10-12	0.013410	0.012979	0.013682	0.012954	0
SIG_USD	2018-10-11	0.012979	0.015410	0.015410	0.012926	0
SIG_USD	2018-10-10	0.015410	0.015533	0.015541	0.015229	0
SIG_USD	2018-10-09	0.015533	0.015660	0.015715	0.015440	0
SIG_USD	2018-10-08	0.015660	0.015383	0.015807	0.015257	0
SIG_USD	2018-10-07	0.015383	0.015321	0.015471	0.015079	0
SIG_USD	2018-10-06	0.015321	0.015548	0.015572	0.015191	0
SIG_USD	2018-10-05	0.015548	0.015116	0.015732	0.014954	0
SIG_USD	2018-10-04	0.015116	0.014996	0.015404	0.014942	0
SIG_USD	2018-10-03	0.014996	0.015374	0.015396	0.014710	0
SIG_USD	2018-10-02	0.015374	0.015623	0.015678	0.015166	0
SIG_USD	2018-10-01	0.015623	0.013907	0.015638	0.013486	0
SIG_USD	2018-09-30	0.013907	0.013867	0.014269	0.013522	0
SIG_USD	2018-09-29	0.013867	0.013265	0.014175	0.012786	0
SIG_USD	2018-09-28	0.013265	0.015591	0.015890	0.012850	0
SIG_USD	2018-09-27	0.015591	0.014589	0.015821	0.014328	0
SIG_USD	2018-09-26	0.014589	0.014857	0.015132	0.014101	0
SIG_USD	2018-09-25	0.014857	0.015493	0.015493	0.013840	0
SIG_USD	2018-09-24	0.015493	0.016636	0.016721	0.015341	0
SIG_USD	2018-09-23	0.016636	0.016273	0.016841	0.016031	0
SIG_USD	2018-09-22	0.016273	0.016759	0.017218	0.015760	0
SIG_USD	2018-09-21	0.016759	0.015256	0.016987	0.014961	0
SIG_USD	2018-09-20	0.015256	0.014058	0.015459	0.013873	0
SIG_USD	2018-09-19	0.014058	0.013991	0.014305	0.013199	0
SIG_USD	2018-09-18	0.013991	0.013176	0.014352	0.013011	0
SIG_USD	2018-09-17	0.013176	0.013925	0.014215	0.012846	0
SIG_USD	2018-09-16	0.013925	0.014091	0.014131	0.012966	0
SIG_USD	2018-09-15	0.014091	0.013291	0.014390	0.013155	0
SIG_USD	2018-09-14	0.013291	0.016756	0.017775	0.012839	0
SIG_USD	2018-09-13	0.016756	0.014544	0.017090	0.014544	0
SIG_USD	2018-09-12	0.014544	0.013167	0.014585	0.011552	0
SIG_USD	2018-09-11	0.013167	0.013988	0.014140	0.012659	0
SIG_USD	2018-09-10	0.013988	0.013897	0.014392	0.013286	0
SIG_USD	2018-09-09	0.013897	0.013974	0.014803	0.013193	0
SIG_USD	2018-09-08	0.013974	0.014797	0.015103	0.013163	0
SIG_USD	2018-09-07	0.014797	0.018897	0.019260	0.014751	0
SIG_USD	2018-09-06	0.018897	0.018753	0.019064	0.017445	0
SIG_USD	2018-09-05	0.018753	0.020358	0.024462	0.018655	0
SIG_USD	2018-09-04	0.020358	0.018037	0.020680	0.017769	0
SIG_USD	2018-09-03	0.018037	0.023057	0.023222	0.017856	0
SIG_USD	2018-09-02	0.023057	0.023172	0.023456	0.022687	0
SIG_USD	2018-09-01	0.023172	0.022247	0.023721	0.022247	0
SIG_USD	2018-08-31	0.022247	0.020179	0.022314	0.019640	0
SIG_USD	2018-08-30	0.020179	0.020524	0.020659	0.019342	0
SIG_USD	2018-08-29	0.020524	0.020984	0.021072	0.020186	0
SIG_USD	2018-08-28	0.020984	0.020370	0.021145	0.020078	0
SIG_USD	2018-08-27	0.020370	0.019475	0.020370	0.019303	0
SIG_USD	2018-08-26	0.019475	0.019684	0.019709	0.019128	0
SIG_USD	2018-08-25	0.019684	0.019968	0.020071	0.019645	0
SIG_USD	2018-08-24	0.019968	0.019583	0.020091	0.019207	0
SIG_USD	2018-08-23	0.019583	0.017814	0.019878	0.017814	0
SIG_USD	2018-08-22	0.017814	0.018551	0.019744	0.017177	0
SIG_USD	2018-08-21	0.018551	0.012462	0.018566	0.012444	0
SIG_USD	2018-08-20	0.012462	0.013804	0.014003	0.012428	0
SIG_USD	2018-08-19	0.013804	0.013557	0.014130	0.013318	0
SIG_USD	2018-08-18	0.013557	0.014626	0.014801	0.013044	0
SIG_USD	2018-08-17	0.014626	0.013215	0.014669	0.013142	0
SIG_USD	2018-08-16	0.013215	0.023042	0.024506	0.010149	0
SIG_USD	2018-08-15	0.023042	0.022818	0.024940	0.022729	0
SIG_USD	2018-08-14	0.022818	0.015656	0.023017	0.013839	0
SIG_USD	2018-08-13	0.015656	0.021185	0.026400	0.015484	0
SIG_USD	2018-08-12	0.021185	0.017837	0.021817	0.017665	0
SIG_USD	2018-08-11	0.017837	0.022427	0.022457	0.017837	0
SIG_USD	2018-08-10	0.022427	0.024360	0.024547	0.022055	0
SIG_USD	2018-08-09	0.024360	0.023852	0.024812	0.023531	0
SIG_USD	2018-08-08	0.023852	0.025529	0.025693	0.023422	0
SIG_USD	2018-08-07	0.025529	0.029400	0.029769	0.024926	0
SIG_USD	2018-08-06	0.029400	0.029663	0.029961	0.029125	0
SIG_USD	2018-08-05	0.029663	0.029511	0.029999	0.029021	0
SIG_USD	2018-08-04	0.029511	0.030309	0.030406	0.029159	0
SIG_USD	2018-08-03	0.030309	0.029819	0.030454	0.023202	0
SIG_USD	2018-08-02	0.029819	0.030465	0.030778	0.029589	0
SIG_USD	2018-08-01	0.030465	0.033334	0.035102	0.029602	0
SIG_USD	2018-07-31	0.033334	0.034978	0.035049	0.032761	0
SIG_USD	2018-07-30	0.034978	0.035736	0.035917	0.034212	0
SIG_USD	2018-07-29	0.035736	0.035617	0.036000	0.035345	0
SIG_USD	2018-07-28	0.036799	0.036799	0.036799	0.036799	0
SIG_USD	2018-07-27	0.036799	0.039411	0.039411	0.036795	0
SIG_USD	2018-07-26	0.039411	0.028679	0.039411	0.028679	0
SIG_USD	2018-07-25	0.028679	0.029186	0.029473	0.028219	0
SIG_USD	2018-07-24	0.029186	0.032153	0.034676	0.028687	0
SIG_USD	2018-07-23	0.032153	0.030867	0.033259	0.030686	0
SIG_USD	2018-07-22	0.030867	0.033204	0.033770	0.030804	0
SIG_USD	2018-07-21	0.033204	0.032142	0.033517	0.031641	0
SIG_USD	2018-07-20	0.032142	0.036319	0.036319	0.024937	0
SIG_USD	2018-07-19	0.036319	0.038274	0.038726	0.036175	0
SIG_USD	2018-07-18	0.038274	0.035237	0.040745	0.035237	0
SIG_USD	2018-07-17	0.035237	0.040247	0.040323	0.033143	0
SIG_USD	2018-07-16	0.040247	0.038466	0.040851	0.038040	0
SIG_USD	2018-07-15	0.038466	0.037479	0.039347	0.037279	0
SIG_USD	2018-07-14	0.037479	0.037372	0.037979	0.036989	0
SIG_USD	2018-07-13	0.037372	0.034130	0.044787	0.034130	0
SIG_USD	2018-07-12	0.034130	0.035391	0.035436	0.033218	0
SIG_USD	2018-07-11	0.035391	0.034594	0.035759	0.034004	0
SIG_USD	2018-07-10	0.034594	0.035514	0.035727	0.031258	0
SIG_USD	2018-07-09	0.035514	0.036710	0.036845	0.035392	0
SIG_USD	2018-07-08	0.036710	0.041273	0.042005	0.036636	0
SIG_USD	2018-07-07	0.041273	0.039854	0.041442	0.039165	0
SIG_USD	2018-07-06	0.039854	0.039726	0.040235	0.038330	0
SIG_USD	2018-07-05	0.039726	0.036299	0.042653	0.035325	0
SIG_USD	2018-07-04	0.036299	0.035858	0.037043	0.035052	0
SIG_USD	2018-07-03	0.035858	0.037023	0.037779	0.035743	0
SIG_USD	2018-07-02	0.037023	0.035099	0.037431	0.000000	0
SIG_USD	2018-07-01	0.035100	0.035241	0.035479	0.034543	0
SIG_USD	2018-06-30	0.035250	0.033815	0.035949	0.033815	0
SIG_USD	2018-06-29	0.033820	0.034657	0.035059	0.031693	0
SIG_USD	2018-06-28	0.034783	0.036473	0.036588	0.034462	0
SIG_USD	2018-06-27	0.036437	0.035418	0.036778	0.034604	0
SIG_USD	2018-06-26	0.035490	0.037971	0.038057	0.035401	0
SIG_USD	2018-06-25	0.037868	0.037377	0.039016	0.036742	0
SIG_USD	2018-06-24	0.037564	0.039147	0.039227	0.034733	0
SIG_USD	2018-06-23	0.039062	0.038148	0.039651	0.037515	0
SIG_USD	2018-06-22	0.038096	0.043395	0.043404	0.037059	0
SIG_USD	2018-06-21	0.043404	0.044244	0.044988	0.043063	0
SIG_USD	2018-06-20	0.044241	0.043968	0.044715	0.042007	0
SIG_USD	2018-06-19	0.044020	0.044072	0.046327	0.043222	0
SIG_USD	2018-06-18	0.044026	0.045367	0.045518	0.041640	0
SIG_USD	2018-06-17	0.045262	0.045366	0.046342	0.045051	0
SIG_USD	2018-06-16	0.045344	0.044437	0.045909	0.044165	0
SIG_USD	2018-06-15	0.044476	0.050590	0.050666	0.044125	0
SIG_USD	2018-06-14	0.050415	0.046807	0.055673	0.045172	0
SIG_USD	2018-06-13	0.046782	0.048510	0.049234	0.044239	0
SIG_USD	2018-06-12	0.048488	0.058385	0.058385	0.047530	0
SIG_USD	2018-06-11	0.058409	0.034554	0.058549	0.033661	0
SIG_USD	2018-06-10	0.034541	0.038770	0.047562	0.033287	0
SIG_USD	2018-06-09	0.038915	0.072022	0.087449	0.038833	0
SIG_USD	2018-06-08	0.072018	0.072559	0.073044	0.071200	0
SIG_USD	2018-06-07	0.072681	0.072988	0.074089	0.039846	0
SIG_USD	2018-06-06	0.072830	0.102750	0.102976	0.071533	0
SIG_USD	2018-06-05	0.102568	0.097254	0.103337	0.097254	0
SIG_USD	2018-06-04	0.096939	0.062015	0.103161	0.060289	0
SIG_USD	2018-06-03	0.061940	0.059088	0.062799	0.059007	0
SIG_USD	2018-06-02	0.059044	0.108361	0.111619	0.058663	0
SIG_USD	2018-06-01	0.108027	0.107567	0.109967	0.105250	0
SIG_USD	2018-05-31	0.107798	0.104162	0.109331	0.103599	0
SIG_USD	2018-05-30	0.104222	0.054472	0.107702	0.054204	0
SIG_USD	2018-05-29	0.054207	0.052761	0.058973	0.052670	0
SIG_USD	2018-05-28	0.052757	0.058635	0.059150	0.051857	0
SIG_USD	2018-05-27	0.058635	0.060267	0.060892	0.057141	0
SIG_USD	2018-05-26	0.060346	0.060195	0.062508	0.059555	0
SIG_USD	2018-05-25	0.060193	0.060581	0.083226	0.054955	0
SIG_USD	2018-05-24	0.060586	0.092049	0.095261	0.055761	0
SIG_USD	2018-05-23	0.091909	0.087099	0.095083	0.069764	0
SIG_USD	2018-05-22	0.087225	0.094651	0.094942	0.086805	0
SIG_USD	2018-05-21	0.094651	0.097277	0.097496	0.094289	0
SIG_USD	2018-05-20	0.097277	0.095632	0.130406	0.094488	0
SIG_USD	2018-05-19	0.095632	0.095345	0.098589	0.093767	0
SIG_USD	2018-05-18	0.095345	0.091859	0.095526	0.090449	0
SIG_USD	2018-05-17	0.092019	0.100830	0.101861	0.091040	0
SIG_USD	2018-05-16	0.100730	0.136951	0.137499	0.092898	0
SIG_USD	2018-05-15	0.136957	0.104674	0.137615	0.085128	0
SIG_USD	2018-05-14	0.104384	0.106409	0.109072	0.100268	0
SIG_USD	2018-05-13	0.106409	0.122777	0.129323	0.105991	0
SIG_USD	2018-05-12	0.122691	0.124311	0.126955	0.116622	0
SIG_USD	2018-05-11	0.124311	0.141074	0.146749	0.122545	0
SIG_USD	2018-05-10	0.141074	0.156012	0.159577	0.140968	0
SIG_USD	2018-05-09	0.156012	0.156693	0.156977	0.148403	0
SIG_USD	2018-05-08	0.156881	0.166601	0.167377	0.000197	0
SIG_USD	2018-05-07	0.152965	0.142524	0.155791	0.135263	0
SIG_USD	2018-05-06	0.142614	0.211494	0.217880	0.136510	0
SIG_USD	2018-05-05	0.211662	0.184599	0.214031	0.183790	0
SIG_USD	2018-05-04	0.184599	0.197966	0.199868	0.155014	0
SIG_USD	2018-05-03	0.197966	0.175095	0.223968	0.137599	0
SIG_USD	2018-05-02	0.175095	0.120446	0.175677	0.119592	0
SIG_USD	2018-05-01	0.120454	0.156377	0.156661	0.117050	0
SIG_USD	2018-04-30	0.156377	0.110388	0.169474	0.109938	0
SIG_USD	2018-04-29	0.110388	0.106787	0.112777	0.101791	0
SIG_USD	2018-04-28	0.106787	0.100469	0.122409	0.099905	0
SIG_USD	2018-04-27	0.100469	0.097469	0.105989	0.096255	0
SIG_USD	2018-04-26	0.097564	0.108097	0.119073	0.095232	0
SIG_USD	2018-04-25	0.108097	0.122648	0.124054	0.104443	0
SIG_USD	2018-04-24	0.122922	0.141030	0.152927	0.115405	0
SIG_USD	2018-04-23	0.141094	0.108170	0.141094	0.094989	0
SIG_USD	2018-04-22	0.108170	0.105029	0.111954	0.104101	0
SIG_USD	2018-04-21	0.105029	0.110795	0.115412	0.089732	0
SIG_USD	2018-04-20	0.110795	0.082046	0.129852	0.080853	0
SIG_USD	2018-04-19	0.082287	0.062551	0.082938	0.062149	0
SIG_USD	2018-04-18	0.062492	0.055068	0.063664	0.054930	0
SIG_USD	2018-04-17	0.055068	0.058463	0.059343	0.054891	0
SIG_USD	2018-04-16	0.058462	0.061734	0.062115	0.056095	0
SIG_USD	2018-04-15	0.061734	0.061544	0.064964	0.060236	0
SIG_USD	2018-04-14	0.061544	0.068788	0.071627	0.059665	0
SIG_USD	2018-04-13	0.068788	0.069568	0.074455	0.067620	0
SIG_USD	2018-04-12	0.069643	0.056916	0.073927	0.056916	0
SIG_USD	2018-04-11	0.057000	0.047024	0.068801	0.047024	0
SIG_USD	2018-04-10	0.047024	0.042050	0.047119	0.041649	0
SIG_USD	2018-04-09	0.041968	0.066656	0.078155	0.041022	0
SIG_USD	2018-04-08	0.066656	0.040528	0.066930	0.040528	0
SIG_USD	2018-04-07	0.040528	0.047881	0.047881	0.039586	0
SIG_USD	2018-04-06	0.047881	0.040003	0.048201	0.038271	0
SIG_USD	2018-04-05	0.040098	0.039878	0.040598	0.034362	0
SIG_USD	2018-04-04	0.039878	0.047983	0.048076	0.039393	0
SIG_USD	2018-04-03	0.047983	0.047224	0.050677	0.046342	0
SIG_USD	2018-04-02	0.047224	0.043544	0.055159	0.043152	0
SIG_USD	2018-04-01	0.043544	0.043026	0.043761	0.037621	0
SIG_USD	2018-03-31	0.043026	0.039405	0.049291	0.039405	0
SIG_USD	2018-03-30	0.039405	0.042479	0.050286	0.037035	0
SIG_USD	2018-03-29	0.042480	0.052103	0.052415	0.036954	0
SIG_USD	2018-03-28	0.052103	0.040958	0.052745	0.040240	0
SIG_USD	2018-03-27	0.040958	0.044417	0.044886	0.040483	0
SIG_USD	2018-03-26	0.044530	0.047670	0.047939	0.042654	0
SIG_USD	2018-03-25	0.047670	0.071069	0.071530	0.047324	0
SIG_USD	2018-03-24	0.071069	0.065095	0.078017	0.065095	0
SIG_USD	2018-03-23	0.065095	0.076543	0.076571	0.054384	0
SIG_USD	2018-03-22	0.076391	0.084805	0.086986	0.073229	0
SIG_USD	2018-03-21	0.084805	0.089793	0.094969	0.071720	0
SIG_USD	2018-03-20	0.089793	0.090812	0.111648	0.084529	0
SIG_USD	2018-03-19	0.090873	0.058637	0.090873	0.015828	0
SIG_USD	2018-03-18	0.058637	0.088221	0.088816	0.046317	0
SIG_USD	2018-03-17	0.088221	0.093595	0.097739	0.084998	0
SIG_USD	2018-03-16	0.093595	0.091176	0.096909	0.087395	0
SIG_USD	2018-03-15	0.091176	0.103550	0.104445	0.082222	0
SIG_USD	2018-03-14	0.103547	0.115633	0.133393	0.098383	0
SIG_USD	2018-03-13	0.115633	0.123597	0.126695	0.109159	0
SIG_USD	2018-03-12	0.123597	0.183817	0.196853	0.120225	0
SIG_USD	2018-03-11	0.183817	0.137636	0.200534	0.119003	0
SIG_USD	2018-03-10	0.137636	0.142448	0.149519	0.122912	0
SIG_USD	2018-03-09	0.142448	0.152403	0.154195	0.126225	0
SIG_USD	2018-03-08	0.152403	0.131109	0.187008	0.127049	0
