SISA_USD	2019-04-09	0.000079	0.000080	0.000080	0.000078	0
SISA_USD	2019-04-08	0.000080	0.000079	0.000080	0.000077	0
SISA_USD	2019-04-07	0.000079	0.000076	0.000080	0.000076	0
SISA_USD	2019-04-06	0.000076	0.000076	0.000079	0.000075	0
SISA_USD	2019-04-05	0.000076	0.000074	0.000077	0.000074	0
SISA_USD	2019-04-04	0.000074	0.000075	0.000076	0.000073	0
SISA_USD	2019-04-03	0.000075	0.000074	0.000080	0.000073	0
SISA_USD	2019-04-02	0.000074	0.000063	0.000076	0.000063	0
SISA_USD	2019-04-01	0.000063	0.000063	0.000063	0.000062	0
SISA_USD	2019-03-31	0.000063	0.000062	0.000063	0.000062	0
SISA_USD	2019-03-30	0.000062	0.000063	0.000063	0.000021	0
SISA_USD	2019-03-29	0.000063	0.000061	0.000063	0.000061	0
SISA_USD	2019-03-28	0.000061	0.000062	0.000062	0.000061	0
SISA_USD	2019-03-27	0.000062	0.000060	0.000062	0.000060	0
SISA_USD	2019-03-26	0.000060	0.000060	0.000060	0.000059	0
SISA_USD	2019-03-25	0.000060	0.000061	0.000061	0.000059	0
SISA_USD	2019-03-24	0.000061	0.000061	0.000061	0.000060	0
SISA_USD	2019-03-23	0.000061	0.000061	0.000081	0.000061	0
SISA_USD	2019-03-22	0.000061	0.000020	0.000061	0.000020	0
SISA_USD	2019-03-21	0.000020	0.000021	0.000021	0.000020	0
SISA_USD	2019-03-20	0.000021	0.000021	0.000021	0.000020	0
SISA_USD	2019-03-19	0.000020	0.000020	0.000021	0.000020	0
SISA_USD	2019-03-18	0.000020	0.000020	0.000021	0.000020	0
SISA_USD	2019-03-17	0.000020	0.000020	0.000020	0.000020	0
SISA_USD	2019-03-16	0.000020	0.000020	0.000021	0.000020	0
SISA_USD	2019-03-15	0.000020	0.000020	0.000020	0.000020	0
SISA_USD	2019-03-14	0.000020	0.000020	0.000020	0.000019	0
SISA_USD	2019-03-13	0.000020	0.000020	0.000020	0.000020	0
SISA_USD	2019-03-12	0.000020	0.000020	0.000020	0.000019	0
SISA_USD	2019-03-11	0.000020	0.000020	0.000020	0.000020	0
SISA_USD	2019-03-10	0.000020	0.000020	0.000020	0.000020	0
SISA_USD	2019-03-09	0.000020	0.000020	0.000020	0.000020	0
SISA_USD	2019-03-08	0.000020	0.000020	0.000020	0.000019	0
SISA_USD	2019-03-07	0.000020	0.000020	0.000020	0.000020	0
SISA_USD	2019-03-06	0.000020	0.000020	0.000020	0.000020	0
SISA_USD	2019-03-05	0.000020	0.000019	0.000020	0.000019	0
SISA_USD	2019-03-04	0.000019	0.000019	0.000020	0.000019	0
SISA_USD	2019-03-03	0.000019	0.000020	0.000020	0.000019	0
SISA_USD	2019-03-02	0.000020	0.000020	0.000020	0.000019	0
SISA_USD	2019-03-01	0.000020	0.000019	0.000020	0.000019	0
SISA_USD	2019-02-28	0.000019	0.000019	0.000020	0.000019	0
SISA_USD	2019-02-27	0.000019	0.000019	0.000020	0.000019	0
SISA_USD	2019-02-26	0.000019	0.000059	0.000059	0.000019	0
SISA_USD	2019-02-25	0.000059	0.000057	0.000059	0.000057	0
SISA_USD	2019-02-24	0.000057	0.000063	0.000064	0.000057	0
SISA_USD	2019-02-23	0.000063	0.000061	0.000064	0.000060	0
SISA_USD	2019-02-22	0.000061	0.000060	0.000061	0.000060	0
SISA_USD	2019-02-21	0.000060	0.000061	0.000062	0.000060	0
SISA_USD	2019-02-20	0.000061	0.000060	0.000061	0.000060	0
SISA_USD	2019-02-19	0.000060	0.000060	0.000061	0.000059	0
SISA_USD	2019-02-18	0.000060	0.000056	0.000060	0.000056	0
SISA_USD	2019-02-17	0.000056	0.000055	0.000057	0.000055	0
SISA_USD	2019-02-16	0.000055	0.000055	0.000056	0.000055	0
SISA_USD	2019-02-15	0.000055	0.000055	0.000056	0.000055	0
SISA_USD	2019-02-14	0.000055	0.000055	0.000055	0.000055	0
SISA_USD	2019-02-13	0.000055	0.000055	0.000056	0.000055	0
SISA_USD	2019-02-12	0.000055	0.000055	0.000056	0.000055	0
SISA_USD	2019-02-11	0.000055	0.000056	0.000056	0.000055	0
SISA_USD	2019-02-10	0.000056	0.000056	0.000056	0.000055	0
SISA_USD	2019-02-09	0.000056	0.000056	0.000056	0.000055	0
SISA_USD	2019-02-08	0.000056	0.000052	0.000057	0.000051	0
SISA_USD	2019-02-07	0.000052	0.000052	0.000052	0.000051	0
SISA_USD	2019-02-06	0.000052	0.000053	0.000053	0.000051	0
SISA_USD	2019-02-05	0.000053	0.000052	0.000053	0.000052	0
SISA_USD	2019-02-04	0.000052	0.000053	0.000053	0.000052	0
SISA_USD	2019-02-03	0.000053	0.000053	0.000053	0.000052	0
SISA_USD	2019-02-02	0.000053	0.000053	0.000054	0.000053	0
SISA_USD	2019-02-01	0.000053	0.000053	0.000053	0.000052	0
SISA_USD	2019-01-31	0.000053	0.000053	0.000054	0.000052	0
SISA_USD	2019-01-30	0.000053	0.000052	0.000053	0.000052	0
SISA_USD	2019-01-29	0.000052	0.000053	0.000053	0.000051	0
SISA_USD	2019-01-28	0.000053	0.000054	0.000054	0.000052	0
SISA_USD	2019-01-27	0.000054	0.000054	0.000055	0.000053	0
SISA_USD	2019-01-26	0.000054	0.000054	0.000056	0.000054	0
SISA_USD	2019-01-25	0.000054	0.000091	0.000092	0.000054	0
SISA_USD	2019-01-24	0.000091	0.000090	0.000092	0.000090	0
SISA_USD	2019-01-23	0.000090	0.000055	0.000091	0.000054	0
SISA_USD	2019-01-22	0.000055	0.000054	0.000055	0.000053	0
SISA_USD	2019-01-21	0.000054	0.000054	0.000054	0.000053	0
SISA_USD	2019-01-20	0.000054	0.000056	0.000057	0.000053	0
SISA_USD	2019-01-19	0.000057	0.000092	0.000095	0.000056	0
SISA_USD	2019-01-18	0.000092	0.000093	0.000093	0.000091	0
SISA_USD	2019-01-17	0.000093	0.000055	0.000111	0.000054	0
SISA_USD	2019-01-16	0.000055	0.000055	0.000056	0.000055	0
SISA_USD	2019-01-15	0.000055	0.000056	0.000057	0.000055	0
SISA_USD	2019-01-14	0.000056	0.000054	0.000057	0.000054	0
SISA_USD	2019-01-13	0.000054	0.000056	0.000056	0.000054	0
SISA_USD	2019-01-12	0.000056	0.000056	0.000056	0.000055	0
SISA_USD	2019-01-11	0.000056	0.000056	0.000075	0.000055	0
SISA_USD	2019-01-10	0.000056	0.000102	0.000103	0.000055	0
SISA_USD	2019-01-09	0.000102	0.000123	0.000125	0.000101	0
SISA_USD	2019-01-08	0.000123	0.000103	0.000145	0.000082	0
SISA_USD	2019-01-07	0.000103	0.000104	0.000105	0.000102	0
SISA_USD	2019-01-06	0.000104	0.000098	0.000196	0.000097	0
SISA_USD	2019-01-05	0.000098	0.000079	0.000099	0.000079	0
SISA_USD	2019-01-04	0.000079	0.000059	0.000080	0.000058	0
SISA_USD	2019-01-03	0.000059	0.000061	0.000061	0.000059	0
SISA_USD	2019-01-02	0.000061	0.000059	0.000061	0.000059	0
SISA_USD	2019-01-01	0.000059	0.000057	0.000060	0.000057	0
SISA_USD	2018-12-31	0.000057	0.000060	0.000060	0.000057	0
SISA_USD	2018-12-30	0.000060	0.000097	0.000100	0.000058	0
SISA_USD	2018-12-29	0.000097	0.000101	0.000102	0.000060	0
SISA_USD	2018-12-28	0.000101	0.000093	0.000102	0.000092	0
SISA_USD	2018-12-27	0.000093	0.000098	0.000099	0.000092	0
SISA_USD	2018-12-26	0.000098	0.000098	0.000100	0.000095	0
SISA_USD	2018-12-25	0.000098	0.000104	0.000104	0.000096	0
SISA_USD	2018-12-24	0.000104	0.000102	0.000109	0.000102	0
SISA_USD	2018-12-23	0.000102	0.000103	0.000105	0.000101	0
SISA_USD	2018-12-22	0.000103	0.000099	0.000104	0.000098	0
SISA_USD	2018-12-21	0.000099	0.000105	0.000107	0.000098	0
SISA_USD	2018-12-20	0.000105	0.000095	0.000107	0.000095	0
SISA_USD	2018-12-19	0.000095	0.000076	0.000101	0.000075	0
SISA_USD	2018-12-18	0.000076	0.000073	0.000092	0.000055	0
SISA_USD	2018-12-17	0.000073	0.000083	0.000093	0.000050	0
SISA_USD	2018-12-16	0.000082	0.000115	0.000118	0.000082	0
SISA_USD	2018-12-15	0.000115	0.000115	0.000116	0.000113	0
SISA_USD	2018-12-14	0.000115	0.000117	0.000119	0.000113	0
SISA_USD	2018-12-13	0.000117	0.000124	0.000124	0.000087	0
SISA_USD	2018-12-12	0.000124	0.000120	0.000144	0.000120	0
SISA_USD	2018-12-11	0.000121	0.000120	0.000122	0.000120	0
SISA_USD	2018-12-10	0.000106	0.000109	0.000111	0.000104	0
SISA_USD	2018-12-09	0.000109	0.000105	0.000113	0.000104	0
SISA_USD	2018-12-08	0.000105	0.000104	0.000110	0.000087	0
SISA_USD	2018-12-07	0.000104	0.000106	0.000108	0.000098	0
SISA_USD	2018-12-06	0.000106	0.000113	0.000117	0.000105	0
SISA_USD	2018-12-05	0.000113	0.000119	0.000120	0.000113	0
SISA_USD	2018-12-04	0.000119	0.000137	0.000142	0.000095	0
SISA_USD	2018-12-03	0.000137	0.000104	0.000142	0.000100	0
SISA_USD	2018-12-02	0.000104	0.000106	0.000109	0.000103	0
SISA_USD	2018-12-01	0.000106	0.000101	0.000108	0.000099	0
SISA_USD	2018-11-30	0.000101	0.000108	0.000109	0.000099	0
SISA_USD	2018-11-29	0.000108	0.000065	0.000330	0.000063	0
SISA_USD	2018-11-28	0.000065	0.000058	0.000066	0.000058	0
SISA_USD	2018-11-27	0.000058	0.000058	0.000059	0.000056	0
SISA_USD	2018-11-26	0.000058	0.000062	0.000063	0.000056	0
SISA_USD	2018-11-25	0.000062	0.000059	0.000063	0.000055	0
SISA_USD	2018-11-24	0.000059	0.000111	0.000113	0.000058	0
SISA_USD	2018-11-23	0.000111	0.000110	0.000112	0.000106	0
SISA_USD	2018-11-22	0.000110	0.000117	0.000118	0.000110	0
SISA_USD	2018-11-21	0.000117	0.000115	0.000119	0.000111	0
SISA_USD	2018-11-20	0.000115	0.000123	0.000126	0.000108	0
SISA_USD	2018-11-19	0.000123	0.000141	0.000141	0.000122	0
SISA_USD	2018-11-18	0.000141	0.000141	0.000143	0.000141	0
SISA_USD	2018-11-17	0.000141	0.000142	0.000142	0.000139	0
SISA_USD	2018-11-16	0.000142	0.000144	0.000144	0.000139	0
SISA_USD	2018-11-15	0.000144	0.000147	0.000148	0.000136	0
SISA_USD	2018-11-14	0.000147	0.000162	0.000162	0.000143	0
SISA_USD	2018-11-13	0.000162	0.000161	0.000162	0.000160	0
SISA_USD	2018-11-12	0.000161	0.000161	0.000162	0.000160	0
SISA_USD	2018-11-11	0.000161	0.000161	0.000161	0.000159	0
SISA_USD	2018-11-10	0.000161	0.000160	0.000162	0.000160	0
SISA_USD	2018-11-09	0.000160	0.000162	0.000163	0.000160	0
SISA_USD	2018-11-08	0.000162	0.000164	0.000165	0.000162	0
SISA_USD	2018-11-07	0.000165	0.000163	0.000165	0.000163	0
SISA_USD	2018-11-06	0.000163	0.000162	0.000163	0.000130	0
SISA_USD	2018-11-05	0.000162	0.000162	0.000162	0.000161	0
SISA_USD	2018-11-04	0.000163	0.000160	0.000163	0.000159	0
SISA_USD	2018-11-03	0.000160	0.000161	0.000161	0.000158	0
SISA_USD	2018-11-02	0.000161	0.000160	0.000161	0.000160	0
SISA_USD	2018-11-01	0.000160	0.000127	0.000161	0.000127	0
SISA_USD	2018-10-31	0.000127	0.000158	0.000160	0.000127	0
SISA_USD	2018-10-30	0.000158	0.000159	0.000160	0.000158	0
SISA_USD	2018-10-29	0.000159	0.000162	0.000163	0.000158	0
SISA_USD	2018-10-28	0.000162	0.000163	0.000163	0.000161	0
SISA_USD	2018-10-27	0.000162	0.000196	0.000197	0.000162	0
SISA_USD	2018-10-26	0.000196	0.000196	0.000198	0.000195	0
SISA_USD	2018-10-25	0.000196	0.000197	0.000197	0.000195	0
SISA_USD	2018-10-24	0.000197	0.000196	0.000199	0.000196	0
SISA_USD	2018-10-23	0.000197	0.000197	0.000198	0.000196	0
SISA_USD	2018-10-22	0.000197	0.000198	0.000199	0.000196	0
SISA_USD	2018-10-21	0.000198	0.000198	0.000200	0.000198	0
SISA_USD	2018-10-20	0.000198	0.000196	0.000198	0.000195	0
SISA_USD	2018-10-19	0.000196	0.000198	0.000199	0.000196	0
SISA_USD	2018-10-18	0.000198	0.000202	0.000203	0.000168	0
SISA_USD	2018-10-17	0.000202	0.000237	0.000238	0.000168	0
SISA_USD	2018-10-16	0.000237	0.000236	0.000241	0.000234	0
SISA_USD	2018-10-15	0.000236	0.000222	0.000263	0.000221	0
SISA_USD	2018-10-14	0.000222	0.000190	0.000224	0.000190	0
SISA_USD	2018-10-13	0.000190	0.000157	0.000253	0.000157	0
SISA_USD	2018-10-12	0.000157	0.000156	0.000159	0.000156	0
SISA_USD	2018-10-11	0.000156	0.000166	0.000166	0.000156	0
SISA_USD	2018-10-10	0.000166	0.000167	0.000167	0.000163	0
SISA_USD	2018-10-09	0.000167	0.000167	0.000167	0.000165	0
SISA_USD	2018-10-08	0.000167	0.000165	0.000168	0.000165	0
SISA_USD	2018-10-07	0.000165	0.000231	0.000231	0.000164	0
SISA_USD	2018-10-06	0.000231	0.000233	0.000233	0.000230	0
SISA_USD	2018-10-05	0.000233	0.000197	0.000233	0.000165	0
SISA_USD	2018-10-04	0.000197	0.000195	0.000199	0.000195	0
SISA_USD	2018-10-03	0.000195	0.000196	0.000197	0.000193	0
SISA_USD	2018-10-02	0.000196	0.000198	0.000199	0.000195	0
SISA_USD	2018-10-01	0.000198	0.000199	0.000200	0.000196	0
SISA_USD	2018-09-30	0.000199	0.000198	0.000200	0.000196	0
SISA_USD	2018-09-29	0.000198	0.000199	0.000199	0.000194	0
SISA_USD	2018-09-28	0.000199	0.000201	0.000205	0.000196	0
SISA_USD	2018-09-27	0.000201	0.000194	0.000202	0.000193	0
SISA_USD	2018-09-26	0.000194	0.000193	0.000197	0.000192	0
SISA_USD	2018-09-25	0.000193	0.000198	0.000198	0.000191	0
SISA_USD	2018-09-24	0.000198	0.000168	0.000201	0.000167	0
SISA_USD	2018-09-23	0.000168	0.000168	0.000170	0.000167	0
SISA_USD	2018-09-22	0.000167	0.000169	0.000171	0.000166	0
SISA_USD	2018-09-21	0.000169	0.000163	0.000169	0.000162	0
SISA_USD	2018-09-20	0.000163	0.000160	0.000163	0.000159	0
SISA_USD	2018-09-19	0.000160	0.000159	0.000162	0.000153	0
SISA_USD	2018-09-18	0.000158	0.000156	0.000160	0.000156	0
SISA_USD	2018-09-17	0.000156	0.000162	0.000163	0.000155	0
SISA_USD	2018-09-16	0.000162	0.000163	0.000163	0.000160	0
SISA_USD	2018-09-15	0.000163	0.000162	0.000164	0.000162	0
SISA_USD	2018-09-14	0.000162	0.000162	0.000165	0.000159	0
SISA_USD	2018-09-13	0.000163	0.000190	0.000193	0.000159	0
SISA_USD	2018-09-12	0.000190	0.000283	0.000285	0.000189	0
SISA_USD	2018-09-11	0.000283	0.000284	0.000287	0.000278	0
SISA_USD	2018-09-10	0.000284	0.000281	0.000286	0.000281	0
SISA_USD	2018-09-09	0.000281	0.000278	0.000289	0.000277	0
SISA_USD	2018-09-08	0.000278	0.000288	0.000291	0.000276	0
SISA_USD	2018-09-07	0.000288	0.000293	0.000294	0.000285	0
SISA_USD	2018-09-06	0.000293	0.000302	0.000302	0.000284	0
SISA_USD	2018-09-05	0.000301	0.000331	0.000333	0.000301	0
SISA_USD	2018-09-04	0.000331	0.000327	0.000333	0.000326	0
SISA_USD	2018-09-03	0.000327	0.000328	0.000330	0.000324	0
SISA_USD	2018-09-02	0.000328	0.000324	0.000331	0.000321	0
SISA_USD	2018-09-01	0.000324	0.000281	0.000327	0.000246	0
SISA_USD	2018-08-31	0.000281	0.000280	0.000283	0.000276	0
SISA_USD	2018-08-30	0.000280	0.000282	0.000282	0.000272	0
SISA_USD	2018-08-29	0.000282	0.000319	0.000321	0.000277	0
SISA_USD	2018-08-28	0.000319	0.000380	0.000390	0.000280	0
SISA_USD	2018-08-27	0.000380	0.000369	0.000380	0.000366	0
SISA_USD	2018-08-26	0.000369	0.000472	0.000475	0.000367	0
SISA_USD	2018-08-25	0.000472	0.000469	0.000475	0.000467	0
SISA_USD	2018-08-24	0.000469	0.000457	0.000471	0.000452	0
SISA_USD	2018-08-23	0.000457	0.000445	0.000460	0.000445	0
SISA_USD	2018-08-22	0.000445	0.000421	0.000466	0.000419	0
SISA_USD	2018-08-21	0.000421	0.000407	0.000422	0.000406	0
SISA_USD	2018-08-20	0.000407	0.000422	0.000424	0.000405	0
SISA_USD	2018-08-19	0.000422	0.000415	0.000425	0.000410	0
SISA_USD	2018-08-18	0.000415	0.000428	0.000430	0.000410	0
SISA_USD	2018-08-17	0.000428	0.000410	0.000428	0.000410	0
SISA_USD	2018-08-16	0.000410	0.000408	0.000421	0.000374	0
SISA_USD	2018-08-15	0.000408	0.000402	0.000430	0.000402	0
SISA_USD	2018-08-14	0.000402	0.000406	0.000406	0.000383	0
SISA_USD	2018-08-13	0.000406	0.000410	0.000425	0.000400	0
SISA_USD	2018-08-12	0.000410	0.000405	0.000419	0.000401	0
SISA_USD	2018-08-11	0.000405	0.000399	0.000420	0.000364	0
SISA_USD	2018-08-10	0.000399	0.000686	0.000690	0.000287	0
SISA_USD	2018-08-09	0.000686	0.000596	0.000693	0.000499	0
SISA_USD	2018-08-08	0.000596	0.000504	0.000758	0.000337	0
SISA_USD	2018-08-07	0.000504	0.000520	0.000536	0.000501	0
SISA_USD	2018-08-06	0.000520	0.000527	0.000536	0.000514	0
SISA_USD	2018-08-05	0.000527	0.000525	0.000532	0.000517	0
SISA_USD	2018-08-04	0.000525	0.000556	0.000562	0.000520	0
SISA_USD	2018-08-03	0.000556	0.000565	0.000593	0.000546	0
SISA_USD	2018-08-02	0.000565	0.000723	0.000731	0.000525	0
SISA_USD	2018-08-01	0.000723	0.000736	0.000737	0.000707	0
SISA_USD	2018-07-31	0.000736	0.000776	0.000777	0.000729	0
SISA_USD	2018-07-30	0.000776	0.000781	0.000786	0.000747	0
SISA_USD	2018-07-29	0.000781	0.000866	0.000948	0.000777	0
SISA_USD	2018-07-28	0.000866	0.000618	0.000866	0.000536	0
SISA_USD	2018-07-27	0.000618	0.001608	0.001608	0.000618	0
SISA_USD	2018-07-26	0.001608	0.001595	0.001619	0.001594	0
SISA_USD	2018-07-25	0.001595	0.001641	0.001655	0.001575	0
SISA_USD	2018-07-24	0.001641	0.001658	0.001796	0.001110	0
SISA_USD	2018-07-23	0.001658	0.001295	0.001673	0.001269	0
SISA_USD	2018-07-22	0.001295	0.001148	0.001298	0.001078	0
SISA_USD	2018-07-21	0.001149	0.001137	0.001154	0.001119	0
SISA_USD	2018-07-20	0.001137	0.001158	0.001191	0.001128	0
SISA_USD	2018-07-19	0.001158	0.001142	0.001171	0.001129	0
SISA_USD	2018-07-18	0.001142	0.001135	0.001175	0.001124	0
SISA_USD	2018-07-17	0.001135	0.001145	0.001171	0.001036	0
SISA_USD	2018-07-16	0.001145	0.001365	0.001371	0.001126	0
SISA_USD	2018-07-15	0.001365	0.001344	0.001373	0.001340	0
SISA_USD	2018-07-14	0.001344	0.001306	0.001355	0.001298	0
SISA_USD	2018-07-13	0.001306	0.001309	0.001329	0.001290	0
SISA_USD	2018-07-12	0.001309	0.001435	0.001435	0.001277	0
SISA_USD	2018-07-11	0.001435	0.001260	0.001438	0.001243	0
SISA_USD	2018-07-10	0.001260	0.001432	0.001432	0.001256	0
SISA_USD	2018-07-09	0.001432	0.001006	0.002114	0.001003	0
SISA_USD	2018-07-08	0.001006	0.003618	0.003656	0.001002	0
SISA_USD	2018-07-07	0.003618	0.004588	0.004881	0.003127	0
SISA_USD	2018-07-06	0.004588	0.006900	0.006982	0.004142	0
SISA_USD	2018-07-05	0.006900	0.006952	0.007066	0.006816	0
SISA_USD	2018-07-04	0.006952	0.006857	0.007083	0.006771	0
SISA_USD	2018-07-03	0.006857	0.006981	0.007036	0.000092	0
SISA_USD	2018-07-02	0.006981	0.006698	0.007041	0.000000	0
SISA_USD	2018-07-01	0.006699	0.006743	0.006785	0.006615	0
SISA_USD	2018-06-30	0.006743	0.006544	0.006875	0.006544	0
SISA_USD	2018-06-29	0.006550	0.006171	0.006618	0.006119	0
SISA_USD	2018-06-28	0.006181	0.006471	0.006504	0.006151	0
SISA_USD	2018-06-27	0.006470	0.006400	0.006519	0.006318	0
SISA_USD	2018-06-26	0.006420	0.006594	0.006619	0.006386	0
SISA_USD	2018-06-25	0.006590	0.006484	0.006662	0.006417	0
SISA_USD	2018-06-24	0.006486	0.006499	0.006582	0.006092	0
SISA_USD	2018-06-23	0.006490	0.006375	0.006593	0.006347	0
SISA_USD	2018-06-22	0.006375	0.007083	0.007101	0.006263	0
SISA_USD	2018-06-21	0.007083	0.007132	0.007159	0.007059	0
SISA_USD	2018-06-20	0.007132	0.007103	0.007186	0.006921	0
SISA_USD	2018-06-19	0.007111	0.007081	0.007203	0.007037	0
SISA_USD	2018-06-18	0.007078	0.006797	0.007159	0.006739	0
SISA_USD	2018-06-17	0.006792	0.006844	0.006931	0.006780	0
SISA_USD	2018-06-16	0.006843	0.006736	0.006910	0.006678	0
SISA_USD	2018-06-15	0.006733	0.007007	0.007007	0.006710	0
SISA_USD	2018-06-14	0.006994	0.006641	0.007066	0.006618	0
SISA_USD	2018-06-13	0.006637	0.006904	0.006969	0.006465	0
SISA_USD	2018-06-12	0.006902	0.007248	0.007248	0.006795	0
SISA_USD	2018-06-11	0.007252	0.007129	0.007276	0.007004	0
SISA_USD	2018-06-10	0.007121	0.007911	0.007911	0.007007	0
SISA_USD	2018-06-09	0.007909	0.008034	0.008108	0.007882	0
SISA_USD	2018-06-08	0.008034	0.008108	0.008120	0.007959	0
SISA_USD	2018-06-07	0.008112	0.008075	0.008183	0.008066	0
SISA_USD	2018-06-06	0.008074	0.008048	0.008119	0.007907	0
SISA_USD	2018-06-05	0.008041	0.007901	0.008093	0.007778	0
SISA_USD	2018-06-04	0.007907	0.008150	0.008184	0.007868	0
SISA_USD	2018-06-03	0.008143	0.008052	0.008203	0.008018	0
SISA_USD	2018-06-02	0.008058	0.007941	0.008112	0.007864	0
SISA_USD	2018-06-01	0.007935	0.007898	0.008018	0.007756	0
SISA_USD	2018-05-31	0.007898	0.007777	0.008018	0.007742	0
SISA_USD	2018-05-30	0.007781	0.007876	0.007973	0.007681	0
SISA_USD	2018-05-29	0.007867	0.007495	0.007934	0.007436	0
SISA_USD	2018-05-28	0.007490	0.007747	0.007839	0.007458	0
SISA_USD	2018-05-27	0.007743	0.007732	0.007794	0.007620	0
SISA_USD	2018-05-26	0.007730	0.007867	0.008033	0.007689	0
SISA_USD	2018-05-25	0.007868	0.007993	0.008068	0.007735	0
SISA_USD	2018-05-24	0.007989	0.007916	0.008141	0.007664	0
SISA_USD	2018-05-23	0.007922	0.008416	0.008461	0.007857	0
SISA_USD	2018-05-22	0.008419	0.008857	0.008867	0.008387	0
SISA_USD	2018-05-21	0.008857	0.008992	0.009015	0.008823	0
SISA_USD	2018-05-20	0.008992	0.008693	0.009055	0.008621	0
SISA_USD	2018-05-19	0.008693	0.008692	0.008853	0.008591	0
SISA_USD	2018-05-18	0.008692	0.008499	0.008730	0.008364	0
SISA_USD	2018-05-17	0.008510	0.008808	0.008929	0.008435	0
SISA_USD	2018-05-16	0.008800	0.008932	0.008955	0.008550	0
SISA_USD	2018-05-15	0.008932	0.009143	0.009312	0.008889	0
SISA_USD	2018-05-14	0.009144	0.009161	0.009367	0.008733	0
SISA_USD	2018-05-13	0.009161	0.008941	0.009234	0.008786	0
SISA_USD	2018-05-12	0.008921	0.008854	0.009102	0.008658	0
SISA_USD	2018-05-11	0.008854	0.009515	0.009515	0.008804	0
SISA_USD	2018-05-10	0.009515	0.009831	0.009906	0.009498	0
SISA_USD	2018-05-09	0.009831	0.009690	0.009886	0.009474	0
SISA_USD	2018-05-08	0.009696	0.009874	0.009907	0.000001	0
SISA_USD	2018-05-07	0.009947	0.010190	0.010208	0.009706	0
SISA_USD	2018-05-06	0.010190	0.010403	0.010512	0.009974	0
SISA_USD	2018-05-05	0.010395	0.010242	0.010535	0.010219	0
SISA_USD	2018-05-04	0.010242	0.010303	0.010351	0.010088	0
SISA_USD	2018-05-03	0.010309	0.009743	0.010378	0.009677	0
SISA_USD	2018-05-02	0.009743	0.009565	0.009779	0.009474	0
SISA_USD	2018-05-01	0.009573	0.009744	0.009747	0.009322	0
SISA_USD	2018-04-30	0.009744	0.009915	0.009970	0.009617	0
SISA_USD	2018-04-29	0.009915	0.009853	0.010086	0.009690	0
SISA_USD	2018-04-28	0.009853	0.009420	0.009953	0.009360	0
SISA_USD	2018-04-27	0.009420	0.009807	0.009897	0.009394	0
SISA_USD	2018-04-26	0.009808	0.009364	0.009819	0.009141	0
SISA_USD	2018-04-25	0.009364	0.010181	0.010292	0.009267	0
SISA_USD	2018-04-24	0.010205	0.009431	0.010274	0.009421	0
SISA_USD	2018-04-23	0.009431	0.009284	0.009501	0.009255	0
SISA_USD	2018-04-22	0.009284	0.009405	0.009523	0.009234	0
SISA_USD	2018-04-21	0.009405	0.009359	0.009526	0.009093	0
SISA_USD	2018-04-20	0.009359	0.008730	0.009421	0.008677	0
SISA_USD	2018-04-19	0.008730	0.008616	0.008753	0.008556	0
SISA_USD	2018-04-18	0.008616	0.008324	0.008676	0.008308	0
SISA_USD	2018-04-17	0.008324	0.008499	0.008614	0.008258	0
SISA_USD	2018-04-16	0.008499	0.008817	0.008867	0.008336	0
SISA_USD	2018-04-15	0.008817	0.008445	0.008885	0.008443	0
SISA_USD	2018-04-14	0.008445	0.008312	0.008631	0.008252	0
SISA_USD	2018-04-13	0.008312	0.008347	0.008677	0.008185	0
SISA_USD	2018-04-12	0.008348	0.007324	0.008507	0.007133	0
SISA_USD	2018-04-11	0.007328	0.007216	0.007356	0.007169	0
SISA_USD	2018-04-10	0.007216	0.007133	0.007269	0.007019	0
SISA_USD	2018-04-09	0.007131	0.007400	0.007578	0.006977	0
SISA_USD	2018-04-08	0.007400	0.007266	0.007498	0.007262	0
SISA_USD	2018-04-07	0.007266	0.006978	0.007452	0.006963	0
SISA_USD	2018-04-06	0.006978	0.007134	0.007221	0.006866	0
SISA_USD	2018-04-05	0.007134	0.007160	0.007287	0.006933	0
SISA_USD	2018-04-04	0.007160	0.007812	0.007825	0.007064	0
SISA_USD	2018-04-03	0.007812	0.007441	0.007921	0.007406	0
SISA_USD	2018-04-02	0.007441	0.007185	0.007507	0.007147	0
SISA_USD	2018-04-01	0.007185	0.007306	0.007417	0.006789	0
SISA_USD	2018-03-31	0.007306	0.007217	0.007619	0.007167	0
SISA_USD	2018-03-30	0.007217	0.007482	0.007657	0.006940	0
SISA_USD	2018-03-29	0.007482	0.008378	0.008400	0.007273	0
SISA_USD	2018-03-28	0.008378	0.008212	0.008550	0.008155	0
SISA_USD	2018-03-27	0.008212	0.008572	0.008657	0.008167	0
SISA_USD	2018-03-26	0.008572	0.008910	0.008960	0.008280	0
SISA_USD	2018-03-25	0.008910	0.008974	0.009133	0.008834	0
SISA_USD	2018-03-24	0.008974	0.009392	0.009505	0.008964	0
SISA_USD	2018-03-23	0.009392	0.009196	0.009393	0.008728	0
SISA_USD	2018-03-22	0.009196	0.009389	0.009586	0.008945	0
SISA_USD	2018-03-21	0.009389	0.009385	0.009670	0.009241	0
SISA_USD	2018-03-20	0.009385	0.009073	0.009521	0.008772	0
SISA_USD	2018-03-19	0.009073	0.008659	0.009177	0.008558	0
SISA_USD	2018-03-18	0.008659	0.008303	0.008720	0.007726	0
SISA_USD	2018-03-17	0.008303	0.008748	0.008799	0.008176	0
SISA_USD	2018-03-16	0.008748	0.008708	0.009063	0.008339	0
SISA_USD	2018-03-15	0.008708	0.008635	0.008866	0.008102	0
SISA_USD	2018-03-14	0.008635	0.008450	0.009702	0.008359	0
SISA_USD	2018-03-13	0.008450	0.008390	0.008953	0.008099	0
SISA_USD	2018-03-12	0.008390	0.009035	0.009447	0.008099	0
SISA_USD	2018-03-11	0.009035	0.008143	0.009227	0.007919	0
SISA_USD	2018-03-10	0.008143	0.008713	0.008976	0.007710	0
SISA_USD	2018-03-09	0.008713	0.009624	0.009749	0.008095	0
SISA_USD	2018-03-08	0.009624	0.010128	0.010287	0.008954	0
SISA_USD	2018-03-07	0.010128	0.011795	0.011971	0.009765	0
SISA_USD	2018-03-06	0.011795	0.011832	0.011832	0.010899	0
SISA_USD	2018-03-05	0.011832	0.012255	0.012294	0.011832	0
SISA_USD	2018-03-04	0.012268	0.012693	0.012693	0.011829	0
SISA_USD	2018-03-03	0.012652	0.012127	0.012763	0.012127	0
SISA_USD	2018-03-02	0.012121	0.014314	0.014653	0.011884	0
