SKY_USD	2019-03-05	0.8251	0.8251	0.8251	0.8251	0
SKY_USD	2019-01-27	0.8251	0.8251	0.8251	0.8251	0
SKY_USD	2019-01-26	0.8251	0.8251	0.8251	0.8251	0
SKY_USD	2019-01-25	0.8251	0.8251	0.8251	0.8251	0
SKY_USD	2019-01-24	0.8251	0.8251	0.8251	0.8251	0
SKY_USD	2019-01-23	0.8251	0.8251	0.8251	0.8251	0
SKY_USD	2019-01-22	0.8251	0.8251	0.8251	0.8251	0
SKY_USD	2019-01-21	0.8251	0.8251	0.8251	0.8251	0
SKY_USD	2019-01-20	0.8251	0.8251	0.8251	0.8251	0
SKY_USD	2019-01-19	0.8251	0.8251	0.8251	0.8251	0
SKY_USD	2019-01-18	0.8251	0.8251	0.8251	0.8251	0
SKY_USD	2019-01-17	0.8251	0.8251	0.8251	0.8251	0
SKY_USD	2019-01-16	0.8251	0.8251	0.8251	0.8251	0
SKY_USD	2019-01-15	0.8251	0.8251	0.8251	0.8251	0
SKY_USD	2019-01-14	0.8251	0.8251	0.8251	0.8251	0
SKY_USD	2019-01-13	0.8251	0.8251	0.8251	0.8251	0
SKY_USD	2019-01-12	0.8251	0.8251	0.8251	0.8251	0
SKY_USD	2019-01-11	0.8251	0.8251	0.8251	0.8251	0
SKY_USD	2019-01-10	0.8251	0.8250	0.8251	0.8250	10
SKY_USD	2019-01-09	0.8250	0.8250	0.8250	0.8250	0
SKY_USD	2019-01-08	0.8250	1.0000	1.0000	0.8250	127
SKY_USD	2019-01-07	1.0000	1.0000	1.0000	1.0000	0
SKY_USD	2019-01-06	1.0000	1.0000	1.0000	1.0000	0
SKY_USD	2019-01-05	1.0000	1.0000	1.0000	1.0000	0
SKY_USD	2019-01-04	1.0000	1.1900	1.1900	1.0000	8
SKY_USD	2019-01-03	1.1900	1.1000	1.1900	1.1000	2
SKY_USD	2019-01-01	1.0000	1.0000	1.0000	1.0000	0
SKY_USD	2018-12-31	1.0000	1.2500	1.2500	1.0000	147
SKY_USD	2018-12-30	1.2500	1.0200	1.2500	1.0200	121
SKY_USD	2018-12-29	1.0200	1.3000	1.3000	1.0000	77
SKY_USD	2018-12-28	1.3000	1.0500	1.3000	1.0500	6
SKY_USD	2018-12-27	1.0500	1.0500	1.0500	1.0500	0
SKY_USD	2018-12-26	1.0500	1.8600	1.8600	1.0500	680
SKY_USD	2018-12-25	1.8600	1.2999	1.8999	0.8248	924
SKY_USD	2018-12-24	1.2999	1.1299	1.3000	1.1299	518
SKY_USD	2018-12-23	1.1299	1.1200	1.1299	1.1200	304
SKY_USD	2018-12-22	1.1200	1.1200	1.1200	1.1200	0
SKY_USD	2018-12-21	1.1200	1.3000	1.3000	1.1200	15
SKY_USD	2018-12-20	1.3000	1.1000	1.3999	1.1000	16
SKY_USD	2018-12-19	1.1000	0.9899	1.2000	0.9590	430
SKY_USD	2018-12-18	0.9899	1.2000	1.2000	0.8230	227
SKY_USD	2018-12-17	1.2000	0.8200	1.2000	0.8200	164
SKY_USD	2018-12-16	0.8200	0.8200	0.8200	0.8200	0
SKY_USD	2018-12-15	0.8200	0.8200	0.8200	0.8200	0
SKY_USD	2018-12-14	0.8200	0.9794	0.9794	0.8200	19
SKY_USD	2018-12-13	0.9794	1.0000	1.0000	0.9200	163
SKY_USD	2018-12-12	1.0000	0.8412	1.0000	0.8266	179
SKY_USD	2018-12-11	0.8412	0.8401	1.9000	0.8401	13
SKY_USD	2018-12-10	0.8401	0.8401	0.8401	0.8401	0
SKY_USD	2018-12-09	0.8401	0.8401	0.8401	0.8401	0
SKY_USD	2018-12-08	0.8401	1.0090	1.0090	0.8401	3
SKY_USD	2018-12-07	1.0090	1.0090	1.0090	0.8401	109
SKY_USD	2018-12-06	1.0090	1.1210	1.2000	1.0000	112
SKY_USD	2018-12-05	1.1210	1.2000	1.2000	1.1210	219
SKY_USD	2018-12-04	1.2000	1.9800	1.9800	1.2000	8
SKY_USD	2018-12-03	1.9800	1.3200	1.9800	1.2098	313
SKY_USD	2018-12-02	1.3200	1.3130	1.3200	1.3130	55
SKY_USD	2018-12-01	1.3130	1.3401	1.3401	1.3130	48
SKY_USD	2018-11-30	1.3401	1.4000	1.4200	1.3400	31
SKY_USD	2018-11-29	1.4000	1.4000	1.4000	1.4000	0
SKY_USD	2018-11-28	1.4000	1.9999	1.9999	1.3130	68
SKY_USD	2018-11-27	1.9999	1.9999	1.9999	1.9999	0
SKY_USD	2018-11-26	1.9999	1.9999	1.9999	1.9999	0
SKY_USD	2018-11-25	1.9999	1.4210	1.9999	1.2987	285
SKY_USD	2018-11-24	1.4210	1.4210	1.9500	1.4210	4
SKY_USD	2018-11-23	1.4210	2.0000	2.0000	1.4210	108
SKY_USD	2018-11-22	2.0000	1.4314	2.0300	1.4314	26
SKY_USD	2018-11-21	1.4314	1.4804	1.4804	1.4300	268
SKY_USD	2018-11-20	1.4804	1.5543	1.6343	1.4210	215
SKY_USD	2018-11-19	1.5543	2.0562	2.0562	1.5031	323
SKY_USD	2018-11-18	2.0562	2.0562	2.0562	2.0562	0
SKY_USD	2018-11-17	2.0562	2.0562	2.0562	2.0562	0
SKY_USD	2018-11-16	2.0562	2.0562	2.0562	2.0562	0
SKY_USD	2018-11-15	2.0562	3.3555	3.3555	2.0562	55
SKY_USD	2018-11-14	3.3555	3.3100	3.3555	2.0500	239
SKY_USD	2018-11-13	3.3100	3.3100	3.3100	3.3100	0
SKY_USD	2018-11-12	2.7027	2.7027	2.7027	2.7027	0
SKY_USD	2018-11-11	2.7027	2.7027	2.7027	2.7027	0
SKY_USD	2018-11-10	2.7027	2.9000	2.9000	2.7027	10
SKY_USD	2018-11-09	2.9000	3.3100	3.3100	2.9000	3
SKY_USD	2018-11-08	3.3100	2.6003	3.3100	2.6003	171
SKY_USD	2018-11-07	2.6003	2.8437	2.8528	2.6003	145
SKY_USD	2018-11-06	2.8437	2.8800	2.8800	2.6500	93
SKY_USD	2018-11-05	2.8800	2.9001	2.9001	2.8800	3
SKY_USD	2018-11-03	3.2672	3.2672	3.2672	3.2672	0
SKY_USD	2018-11-02	3.2672	3.2672	3.2672	3.2672	0
SKY_USD	2018-11-01	3.2968	3.2968	3.2968	3.2968	0
SKY_USD	2018-10-31	3.2968	2.8800	3.2968	2.8800	5
SKY_USD	2018-10-30	2.8800	3.0000	3.3383	2.8786	197
SKY_USD	2018-10-29	3.0000	3.0085	3.3821	3.0000	6
SKY_USD	2018-10-28	3.0085	3.2300	3.2300	3.0084	27
SKY_USD	2018-10-27	3.2300	3.3000	3.4800	3.2300	61
SKY_USD	2018-10-26	3.3000	3.3681	3.4800	3.3000	35
SKY_USD	2018-10-25	3.3681	3.5607	3.5607	3.3580	54
SKY_USD	2018-10-24	3.5500	3.5500	3.5500	3.5500	0
SKY_USD	2018-10-23	3.5500	3.5864	3.6019	3.5009	28
SKY_USD	2018-10-22	3.5864	3.7617	3.7617	3.5864	15
SKY_USD	2018-10-21	3.7617	4.1380	4.1380	3.7617	6
SKY_USD	2018-10-20	4.1380	3.6191	4.1380	3.3588	54
SKY_USD	2018-10-19	3.6191	3.8749	3.8749	3.6191	11
SKY_USD	2018-10-18	3.8749	3.8172	4.1686	3.6244	10
SKY_USD	2018-10-17	3.8172	3.8500	3.8500	3.8172	22
SKY_USD	2018-10-16	3.8500	3.8760	3.9000	3.4760	67
SKY_USD	2018-10-15	3.8760	3.8400	4.1400	3.5800	78
SKY_USD	2018-10-14	3.8400	3.3776	3.8400	3.3776	22
SKY_USD	2018-10-13	3.3776	3.6274	3.6274	3.3776	24
SKY_USD	2018-10-12	3.6274	3.5135	3.6274	3.5000	170
SKY_USD	2018-10-11	3.5135	4.5000	4.5000	3.5000	87
SKY_USD	2018-10-10	4.5000	4.0157	4.5000	4.0157	6
SKY_USD	2018-10-09	4.0157	4.0157	4.0157	4.0157	0
SKY_USD	2018-10-08	4.0157	4.0157	4.0157	4.0157	0
SKY_USD	2018-10-07	4.0157	4.0157	4.0157	4.0157	0
SKY_USD	2018-10-06	4.0157	3.6970	4.0157	3.6970	238
SKY_USD	2018-10-05	3.6970	3.6970	3.6970	3.5000	22
SKY_USD	2018-10-04	3.6970	3.3075	3.6970	3.3075	3
SKY_USD	2018-10-03	3.3075	3.6970	3.6970	3.3075	1
SKY_USD	2018-10-02	3.6970	3.6970	3.6970	3.6970	0
SKY_USD	2018-10-01	3.3069	3.3069	3.3069	3.3069	0
SKY_USD	2018-09-30	3.3069	3.3069	3.3069	3.3069	0
SKY_USD	2018-09-29	3.6970	3.6970	3.6970	3.6970	0
SKY_USD	2018-09-28	3.6970	3.5000	3.6970	3.5000	41
SKY_USD	2018-09-27	3.5000	3.8996	3.8996	3.4999	34
SKY_USD	2018-09-26	3.8996	3.2512	3.8996	3.2512	33
SKY_USD	2018-09-25	3.2512	3.2513	3.2515	3.2512	14
SKY_USD	2018-09-24	3.2513	3.2513	3.2513	3.2513	0
SKY_USD	2018-09-23	3.2306	3.2306	3.2306	3.2306	0
SKY_USD	2018-09-22	3.2306	3.2303	3.2306	3.2303	0
SKY_USD	2018-09-21	3.2303	3.5000	3.5000	3.2303	4
SKY_USD	2018-09-20	3.5000	3.9000	3.9000	3.5000	0
SKY_USD	2018-09-19	3.9000	3.9000	3.9000	3.9000	0
SKY_USD	2018-09-18	3.8000	3.8000	3.8000	3.8000	0
SKY_USD	2018-09-17	3.8000	4.0021	4.0021	3.8000	4
SKY_USD	2018-09-16	4.0021	3.1903	4.0021	3.1903	6
SKY_USD	2018-09-15	3.1750	3.1750	3.1750	3.1750	0
SKY_USD	2018-09-14	3.1750	3.0995	3.1750	3.0995	3
SKY_USD	2018-09-13	3.0995	3.5000	3.5000	3.0995	49
SKY_USD	2018-09-12	3.5100	3.5100	3.5100	3.5100	0
SKY_USD	2018-09-11	3.5100	2.8787	3.5100	2.8787	17
SKY_USD	2018-09-10	2.8787	3.0900	3.0900	2.8787	15
SKY_USD	2018-09-09	3.0900	2.8786	3.3031	2.8786	76
SKY_USD	2018-09-08	2.8786	3.3333	3.3333	2.8786	47
SKY_USD	2018-09-07	3.3333	3.2790	3.3340	3.0000	278
SKY_USD	2018-09-06	3.2790	3.3500	3.5099	2.8786	87
SKY_USD	2018-09-05	3.3500	3.8913	4.0023	3.3397	145
SKY_USD	2018-09-04	4.6997	4.6997	4.6997	4.6997	0
SKY_USD	2018-09-03	4.6997	4.4100	4.6997	4.2028	3
SKY_USD	2018-09-02	4.4100	4.1000	4.4100	4.1000	75
SKY_USD	2018-09-01	4.1000	3.8970	4.8991	3.8970	50
SKY_USD	2018-08-31	3.8970	4.1900	4.1900	3.8970	0
SKY_USD	2018-08-30	4.1900	4.2500	4.2500	4.0979	101
SKY_USD	2018-08-29	4.2500	4.5800	4.8999	4.2500	74
SKY_USD	2018-08-28	4.5800	4.5600	4.9000	3.9000	205
SKY_USD	2018-08-27	4.5600	3.8099	4.6000	3.8099	36
SKY_USD	2018-08-26	3.8099	4.0500	4.0500	3.6742	3
SKY_USD	2018-08-25	4.0500	3.7700	4.0500	3.6741	38
SKY_USD	2018-08-24	3.7700	3.5508	4.1200	3.5508	15
SKY_USD	2018-08-23	3.5508	3.5000	3.6520	3.5000	76
SKY_USD	2018-08-22	3.5000	3.6555	4.6000	3.5000	87
SKY_USD	2018-08-21	3.6555	3.6555	3.6555	3.6555	0
SKY_USD	2018-08-20	3.5538	3.5538	3.5538	3.5538	0
SKY_USD	2018-08-19	3.5538	3.5538	3.5538	3.5538	0
SKY_USD	2018-08-18	3.5538	3.4402	4.1094	3.4300	178
SKY_USD	2018-08-17	3.4402	2.4505	3.8961	2.4505	90
SKY_USD	2018-08-16	2.4505	2.7010	2.9405	2.4505	70
SKY_USD	2018-08-15	2.7010	2.5733	3.3257	2.4502	164
SKY_USD	2018-08-14	2.5733	2.4893	3.6899	2.0000	180
SKY_USD	2018-08-13	2.4893	2.5520	2.5520	2.4893	135
SKY_USD	2018-08-12	2.6029	2.6029	2.6029	2.6029	0
SKY_USD	2018-08-11	2.6029	2.6029	2.6029	2.6029	0
SKY_USD	2018-08-10	3.6996	3.6996	3.6996	3.6996	0
SKY_USD	2018-08-09	3.6996	2.5500	3.6996	2.5500	37
SKY_USD	2018-08-08	2.5500	3.7900	3.8061	2.5500	183
SKY_USD	2018-08-07	3.7900	3.6661	4.9996	3.5600	63
SKY_USD	2018-08-06	3.6661	3.9000	3.9000	3.5500	94
SKY_USD	2018-08-05	3.9000	4.0000	4.0000	3.5074	21
SKY_USD	2018-08-04	4.0000	4.2220	5.2027	4.0000	91
SKY_USD	2018-08-03	4.2220	5.0000	5.0000	4.2220	91
SKY_USD	2018-08-02	5.0000	5.0000	5.0000	5.0000	0
SKY_USD	2018-08-01	5.0000	5.0100	5.0100	5.0000	33
SKY_USD	2018-07-31	5.0100	5.1989	5.1989	5.0100	126
SKY_USD	2018-07-30	5.1989	5.4800	5.6139	5.1989	167
SKY_USD	2018-07-29	5.4800	6.5735	6.5735	5.4800	141
SKY_USD	2018-07-28	6.5735	5.5015	7.3615	5.4796	260
SKY_USD	2018-07-27	5.5015	5.4001	5.5033	5.1900	136
SKY_USD	2018-07-26	5.4001	5.9010	5.9010	5.4001	30
SKY_USD	2018-07-25	5.9010	5.4479	6.1000	5.4000	132
SKY_USD	2018-07-24	5.4479	5.8000	5.8000	5.3739	115
SKY_USD	2018-07-23	5.8000	6.0000	6.0000	5.8000	19
SKY_USD	2018-07-22	6.0000	6.0972	6.0972	5.8003	1
SKY_USD	2018-07-21	6.0972	6.1000	6.1401	6.0000	52
SKY_USD	2018-07-20	6.1000	6.4510	6.9271	6.1000	102
SKY_USD	2018-07-19	6.4510	7.4000	7.4000	6.4510	66
SKY_USD	2018-07-18	7.4000	6.8750	7.4000	6.8750	41
SKY_USD	2018-07-17	6.8750	6.8954	7.0000	6.5130	34
SKY_USD	2018-07-16	6.8954	6.8954	6.8954	6.1122	32
SKY_USD	2018-07-15	6.8954	6.7366	6.9093	6.7366	22
SKY_USD	2018-07-14	6.7366	6.4998	7.5000	6.4998	25
SKY_USD	2018-07-13	6.4998	6.0102	6.4998	6.0102	22
SKY_USD	2018-07-12	6.0102	6.3899	6.8063	6.0102	121
SKY_USD	2018-07-11	6.3899	6.4453	6.8610	6.0284	56
SKY_USD	2018-07-10	6.4453	6.7449	7.1193	6.3355	33
SKY_USD	2018-07-09	6.7449	7.9479	7.9479	6.7449	305
SKY_USD	2018-07-08	7.9479	6.6500	7.9479	6.6376	74
SKY_USD	2018-07-07	6.6500	5.6516	6.6500	5.6516	98
SKY_USD	2018-07-06	5.6516	5.6516	5.6516	5.2300	155
SKY_USD	2018-07-05	5.6516	6.1000	6.9999	5.5000	75
SKY_USD	2018-07-04	6.1000	6.1000	6.2725	5.6508	229
SKY_USD	2018-07-03	6.1000	6.3696	6.7000	6.1000	163
SKY_USD	2018-07-02	6.3696	5.9000	6.7000	5.5890	223
SKY_USD	2018-07-01	5.9000	5.9522	6.0000	5.5556	27
SKY_USD	2018-06-30	6.0431	5.8330	6.0539	5.8330	424
SKY_USD	2018-06-29	5.3298	5.4920	5.6842	5.2770	310
SKY_USD	2018-06-28	5.4920	5.8206	5.9106	5.4920	96
SKY_USD	2018-06-27	5.8206	6.1070	6.1070	5.6393	330
SKY_USD	2018-06-26	6.1847	6.0001	8.3000	6.0000	422
SKY_USD	2018-06-25	6.0001	5.7000	6.3292	5.6000	550
SKY_USD	2018-06-24	5.7000	6.4500	6.4500	5.0000	736
SKY_USD	2018-06-23	6.4500	6.4517	6.4517	5.9433	68
SKY_USD	2018-06-22	6.4517	8.3100	8.3100	5.9000	873
SKY_USD	2018-06-21	8.2316	6.3900	9.0090	6.3500	1184
SKY_USD	2018-06-20	6.5500	7.2798	8.7000	6.1200	1033
SKY_USD	2018-06-19	7.2798	7.3000	8.4000	5.8220	1102
SKY_USD	2018-06-18	8.5070	9.4800	9.8700	7.0000	764
SKY_USD	2018-06-17	9.7738	11.0220	11.0220	9.4800	379
SKY_USD	2018-06-16	11.1192	11.8000	11.8000	10.0744	97
SKY_USD	2018-06-15	11.8000	13.1360	13.1360	11.6015	28
SKY_USD	2018-06-14	13.1360	12.0000	13.1500	11.3000	67
SKY_USD	2018-06-13	12.0000	12.4263	12.4263	11.0201	268
SKY_USD	2018-06-12	12.4263	14.8500	14.8500	12.4263	355
SKY_USD	2018-06-11	14.8500	14.9883	15.4700	13.1200	299
SKY_USD	2018-06-10	15.0300	20.0400	20.0526	15.0300	492
SKY_USD	2018-06-09	20.0400	21.1224	21.9609	20.0000	68
SKY_USD	2018-06-08	21.3414	22.4807	22.4807	20.8615	55
SKY_USD	2018-06-07	22.4807	23.0892	23.5000	22.1995	62
SKY_USD	2018-06-06	23.5000	21.0525	23.5000	20.4909	254
SKY_USD	2018-06-05	20.5655	21.2068	22.5000	20.5026	297
SKY_USD	2018-06-04	21.1374	20.3335	22.0026	19.6371	58
SKY_USD	2018-06-03	20.3335	19.9698	21.2200	19.9698	26
SKY_USD	2018-06-02	20.2911	20.3631	21.2642	19.4764	19
SKY_USD	2018-06-01	19.8746	20.6000	21.8683	19.7360	34
SKY_USD	2018-05-31	20.3500	18.5130	20.6000	18.5130	35
SKY_USD	2018-05-30	18.5130	20.6207	22.0000	18.5130	41
SKY_USD	2018-05-29	20.6207	19.6550	24.9750	18.3000	188
SKY_USD	2018-05-28	19.6578	21.0000	21.0000	19.6578	42
SKY_USD	2018-05-27	21.0000	22.0000	23.7900	20.5000	130
SKY_USD	2018-05-26	22.5139	23.3492	24.9700	22.5139	69
SKY_USD	2018-05-25	23.3492	24.0682	26.2600	23.0000	199
SKY_USD	2018-05-24	24.0682	33.5000	37.9000	24.0000	3082
SKY_USD	2018-05-23	37.0000	23.6000	40.0000	23.1500	6402
SKY_USD	2018-05-22	23.6000	25.7269	30.0000	23.6000	1061
SKY_USD	2018-05-21	25.7269	21.8568	25.7269	21.7044	456
SKY_USD	2018-05-20	21.8568	22.6353	23.7710	21.5531	28
SKY_USD	2018-05-19	22.6353	22.2303	23.6540	21.9003	89
SKY_USD	2018-05-18	22.2303	22.7163	23.0000	21.5430	269
SKY_USD	2018-05-17	22.7163	24.7910	24.7910	22.7163	635
SKY_USD	2018-05-16	24.7910	25.5526	25.5526	24.3725	250
SKY_USD	2018-05-15	25.5526	24.9750	25.8000	22.5068	299
SKY_USD	2018-05-14	25.9740	26.1100	29.0000	24.0010	304
SKY_USD	2018-05-13	26.1100	22.9656	29.0000	22.9656	153
SKY_USD	2018-05-12	22.9656	24.0000	25.5000	22.0000	238
SKY_USD	2018-05-11	24.0000	24.4000	25.5000	23.0000	318
SKY_USD	2018-05-10	24.4000	26.6996	33.1000	24.0100	999
SKY_USD	2018-05-09	26.6996	23.1500	26.6996	21.3500	87
SKY_USD	2018-05-08	23.1500	21.2881	23.1500	21.2881	55
SKY_USD	2018-05-07	20.6778	22.0000	23.1500	20.5023	237
SKY_USD	2018-05-06	22.0000	18.5439	22.0000	18.5439	155
SKY_USD	2018-05-05	18.5439	19.8565	20.0000	18.5027	29
SKY_USD	2018-05-04	19.8565	19.8566	19.8566	18.5000	59
SKY_USD	2018-05-03	19.8566	17.0044	19.8566	17.0044	854
SKY_USD	2018-05-02	17.0044	18.0000	19.2850	17.0012	17
SKY_USD	2018-05-01	18.0000	17.6000	19.3559	17.3250	36
SKY_USD	2018-04-30	17.6000	17.5000	17.6000	17.5000	0
SKY_USD	2018-04-29	17.5000	19.5000	19.5000	17.5000	49
SKY_USD	2018-04-28	19.5000	18.0000	19.5000	17.5002	24
SKY_USD	2018-04-27	18.0000	18.5001	20.0000	18.0000	87
SKY_USD	2018-04-26	18.5001	17.0500	18.9700	17.0500	129
SKY_USD	2018-04-25	17.0500	19.6000	20.3890	15.5003	197
SKY_USD	2018-04-24	19.6000	19.4000	19.6000	17.9874	364
SKY_USD	2018-04-23	19.4000	20.5000	20.5000	17.9869	144
SKY_USD	2018-04-22	20.5000	18.9814	20.7000	17.8651	118
SKY_USD	2018-04-21	18.9814	16.5000	18.9814	15.5000	574
SKY_USD	2018-04-20	16.5000	16.4650	16.5000	15.8107	205
SKY_USD	2018-04-19	16.4650	16.0000	16.4700	15.5000	63
SKY_USD	2018-04-18	16.0000	14.5918	17.7001	14.5918	191
SKY_USD	2018-04-17	14.5918	16.2910	16.2910	14.5916	466
SKY_USD	2018-04-16	16.2910	16.3891	17.7000	14.5000	924
SKY_USD	2018-04-15	16.3891	18.0000	18.9000	15.0000	1915
SKY_USD	2018-04-14	18.0000	18.9201	20.5484	18.0000	256
SKY_USD	2018-04-13	18.9201	18.5113	21.3702	18.5001	1579
SKY_USD	2018-04-12	18.5113	17.0000	19.9900	16.1942	201
SKY_USD	2018-04-11	17.0000	16.0004	17.0000	15.2267	184
SKY_USD	2018-04-10	16.0004	15.0000	16.9800	14.4128	227
SKY_USD	2018-04-09	15.0000	13.2198	15.5000	13.1691	195
SKY_USD	2018-04-08	13.2198	12.8667	14.0000	12.3849	25
SKY_USD	2018-04-07	12.8667	12.1024	13.2132	12.1024	39
SKY_USD	2018-04-06	12.1024	12.0100	13.2000	12.0100	96
SKY_USD	2018-04-05	12.0100	12.6100	13.0000	12.0100	229
SKY_USD	2018-04-04	12.6100	14.1886	14.1886	12.6100	275
SKY_USD	2018-04-03	14.1886	12.6096	14.2200	12.6096	202
SKY_USD	2018-04-02	12.6096	13.1000	13.9999	12.5010	62
SKY_USD	2018-04-01	13.1000	13.1500	13.1500	12.0100	229
SKY_USD	2018-03-31	13.1500	13.5203	14.0000	12.6000	176
SKY_USD	2018-03-30	13.5203	12.4761	14.2474	10.4600	313
SKY_USD	2018-03-29	12.4761	11.0000	17.0000	9.4202	541
SKY_USD	2018-03-28	11.0000	10.2000	11.0000	10.2000	35
SKY_USD	2018-03-27	10.2000	9.3350	10.2000	9.3344	113
SKY_USD	2018-03-26	9.3350	11.0000	11.0000	9.3342	36
SKY_USD	2018-03-25	11.0000	10.0015	11.0000	9.3325	81
SKY_USD	2018-03-24	10.0015	10.8072	10.8072	10.0000	13
SKY_USD	2018-03-23	10.8072	9.7929	10.8072	9.1990	59
SKY_USD	2018-03-22	9.7929	9.5920	10.0000	9.5920	155
SKY_USD	2018-03-21	9.5920	9.5920	10.2990	9.5920	259
SKY_USD	2018-03-20	9.5920	10.1000	10.2690	9.5000	360
SKY_USD	2018-03-19	10.1000	9.4000	10.4600	9.4000	279
SKY_USD	2018-03-18	9.4000	9.7000	9.9508	8.0200	196
SKY_USD	2018-03-17	9.7000	9.5000	10.4800	8.0100	402
SKY_USD	2018-03-16	9.5000	9.3750	9.8600	9.3750	29
SKY_USD	2018-03-15	9.3750	9.8492	10.0000	9.3750	157
SKY_USD	2018-03-14	9.8492	11.4100	11.4990	9.8492	226
SKY_USD	2018-03-13	11.4100	11.3500	11.4100	10.3803	194
SKY_USD	2018-03-12	11.3500	10.6680	11.7954	10.5705	194
SKY_USD	2018-03-11	10.6680	9.5001	11.5000	9.5001	8969
SKY_USD	2018-03-10	9.5001	11.1600	12.1600	9.5000	6877
SKY_USD	2018-03-09	11.1600	11.9000	11.9000	9.5000	1147
SKY_USD	2018-03-08	11.9000	12.7400	13.1000	11.4900	241
SKY_USD	2018-03-07	12.7400	14.5000	14.5000	12.2000	425
SKY_USD	2018-03-06	14.5000	15.0000	15.3940	13.0000	251
SKY_USD	2018-03-05	15.0000	14.5000	15.3940	12.5300	128
SKY_USD	2018-03-04	14.5000	15.4900	15.4900	12.5000	315
SKY_USD	2018-03-03	15.4900	14.5846	15.6000	13.6000	431
SKY_USD	2018-03-02	14.5846	14.5813	15.8000	12.2000	476
SKY_USD	2018-03-01	14.5813	15.1900	15.4798	13.6987	294
SKY_USD	2018-02-28	15.1900	16.8099	17.9900	14.0000	125
SKY_USD	2018-02-27	16.8099	16.2505	17.1598	15.0100	81
SKY_USD	2018-02-26	16.2505	15.5000	16.2505	14.2501	82
SKY_USD	2018-02-25	15.5000	14.2500	15.7779	14.2500	125
SKY_USD	2018-02-24	14.2500	15.3598	16.9999	14.2500	141
SKY_USD	2018-02-23	15.3598	16.3000	17.1598	15.3598	206
SKY_USD	2018-02-22	16.3000	19.5000	19.5000	15.6700	297
SKY_USD	2018-02-21	19.5000	20.9800	20.9800	18.1700	96
SKY_USD	2018-02-20	20.9800	20.7360	21.9800	19.7500	346
SKY_USD	2018-02-19	20.7360	21.2600	21.2600	19.9800	369
SKY_USD	2018-02-18	21.2600	23.9400	24.0000	19.1000	331
SKY_USD	2018-02-17	23.9400	20.2235	23.9400	20.2235	362
SKY_USD	2018-02-16	20.2235	21.0001	23.0000	20.2235	74
SKY_USD	2018-02-15	21.0000	20.9500	23.9400	19.1000	272
SKY_USD	2018-02-14	20.9500	17.6223	26.0001	17.6223	207
SKY_USD	2018-02-13	17.6223	18.0001	23.0000	17.6223	229
SKY_USD	2018-02-12	18.0001	17.2000	19.5608	17.2000	656
SKY_USD	2018-02-11	17.2000	20.6663	20.6663	16.2500	339
SKY_USD	2018-02-10	20.6663	20.4000	20.6869	17.9000	141
SKY_USD	2018-02-09	20.4000	14.9500	20.4000	14.5000	372
SKY_USD	2018-02-08	14.9500	16.3000	18.4725	14.9500	273
SKY_USD	2018-02-07	16.3000	15.5000	18.3044	15.3100	278
SKY_USD	2018-02-06	15.5000	13.6200	16.7152	10.3400	361
SKY_USD	2018-02-05	13.6200	18.1341	18.1350	12.7000	386
SKY_USD	2018-02-04	18.1341	19.5000	22.8790	18.1341	738
SKY_USD	2018-02-03	19.5000	18.3950	21.7218	16.0500	737
SKY_USD	2018-02-02	18.3950	18.5000	18.8000	11.5000	815
SKY_USD	2018-02-01	18.5000	20.2500	25.5867	17.0007	349
SKY_USD	2018-01-31	20.2500	24.2049	24.2049	17.2400	426
SKY_USD	2018-01-30	24.2049	26.5000	27.0000	23.0070	188
SKY_USD	2018-01-29	26.5000	25.6000	28.6000	24.6814	326
SKY_USD	2018-01-28	25.6000	25.2500	27.9000	24.7942	813
SKY_USD	2018-01-27	25.2500	29.0000	29.0000	24.7942	498
SKY_USD	2018-01-26	29.0000	29.1606	30.0000	25.0000	197
SKY_USD	2018-01-25	29.1606	31.0000	31.0000	27.1451	153
SKY_USD	2018-01-24	31.0000	29.0000	32.4000	29.0000	48
SKY_USD	2018-01-23	31.8362	29.5319	31.8362	26.8900	142
SKY_USD	2018-01-22	29.5319	31.4010	34.5000	27.0000	188
SKY_USD	2018-01-21	31.4010	37.9501	37.9501	30.0000	250
SKY_USD	2018-01-20	37.9501	31.2381	37.9501	28.7881	398
SKY_USD	2018-01-19	31.2381	29.0000	33.0000	26.1277	173
SKY_USD	2018-01-18	29.0000	29.1000	34.6990	29.0000	344
