SLT_USD	2019-03-26	1.40000	1.40000	1.40000	1.40000	0
SLT_USD	2019-03-25	1.40000	1.37300	1.40000	1.37300	0
SLT_USD	2019-03-24	1.37300	4.00000	4.00000	1.37300	885
SLT_USD	2019-03-23	4.00000	3.50000	4.00000	3.50000	945
SLT_USD	2019-03-22	3.50000	3.50000	3.50000	3.50000	0
SLT_USD	2019-02-17	3.50000	3.50000	3.50000	3.50000	0
SLT_USD	2019-02-16	3.50000	3.50000	3.50000	3.50000	0
SLT_USD	2019-02-09	1.86647	1.86647	1.86647	1.86647	0
SLT_USD	2019-02-08	1.86647	1.86745	1.88253	1.86414	9272
SLT_USD	2019-02-07	1.86745	1.83301	1.88255	1.82423	15878
SLT_USD	2019-02-06	1.83301	1.82776	1.84249	1.78527	124292
SLT_USD	2019-02-05	1.82776	2.32106	2.32368	1.81906	144855
SLT_USD	2019-02-04	2.32106	2.31764	2.32380	2.31343	129016
SLT_USD	2019-02-03	2.31764	2.31640	2.32380	2.31344	130791
SLT_USD	2019-02-02	2.31640	2.32186	2.33853	2.31342	122802
SLT_USD	2019-02-01	2.32186	2.33431	2.33678	2.31352	123086
SLT_USD	2019-01-31	2.33431	2.33526	2.33670	2.31363	120969
SLT_USD	2019-01-30	2.33526	2.33472	2.33686	2.31359	126882
SLT_USD	2019-01-29	2.33472	2.44814	2.45510	2.32311	125731
SLT_USD	2019-01-28	2.44814	2.69041	2.71347	2.43091	104570
SLT_USD	2019-01-27	2.69041	3.02236	3.03941	2.68713	100678
SLT_USD	2019-01-26	3.02236	2.97302	3.03947	2.91357	102994
SLT_USD	2019-01-25	2.97302	2.93899	2.98940	2.91033	100175
SLT_USD	2019-01-24	2.93899	2.93249	2.93969	2.91031	103374
SLT_USD	2019-01-23	2.93249	2.92940	2.93966	2.91032	99924
SLT_USD	2019-01-22	2.92940	2.91558	2.93755	2.88990	96786
SLT_USD	2019-01-21	2.91558	2.91020	2.91907	2.88992	100732
SLT_USD	2019-01-20	2.91020	2.94817	2.95680	2.88999	99247
SLT_USD	2019-01-19	2.94817	2.89377	2.95703	2.89020	96975
SLT_USD	2019-01-18	2.89377	2.92603	2.96827	2.89033	102698
SLT_USD	2019-01-17	2.92603	3.30986	3.31805	2.90301	93131
SLT_USD	2019-01-16	3.30986	3.28898	3.31804	3.28492	92095
SLT_USD	2019-01-15	3.28898	3.48694	3.48694	3.28501	88355
SLT_USD	2019-01-14	3.48694	3.48694	3.48694	3.48694	0
SLT_USD	2019-01-13	3.48694	3.48694	3.48694	3.48694	0
SLT_USD	2019-01-12	3.48694	3.48694	3.48694	3.48694	0
SLT_USD	2019-01-11	3.48694	3.48694	3.48694	3.48694	0
SLT_USD	2019-01-10	3.48694	3.48694	3.48694	3.48694	0
SLT_USD	2019-01-09	3.48694	3.48694	3.48694	3.48694	0
SLT_USD	2019-01-08	3.48694	3.48941	3.49444	3.48370	88252
SLT_USD	2019-01-07	3.48941	3.31955	3.49829	3.31955	89068
SLT_USD	2019-01-06	3.31955	3.15192	3.32095	3.13544	95810
SLT_USD	2019-01-05	3.15192	2.67060	3.29532	2.15048	105587
SLT_USD	2019-01-04	2.67060	3.48748	3.49812	2.65737	88446
SLT_USD	2019-01-03	3.48748	3.49644	3.49826	3.48251	87579
SLT_USD	2019-01-02	3.49644	3.49294	3.49828	3.48251	85870
SLT_USD	2019-01-01	3.49294	3.49685	3.49808	3.48250	88425
SLT_USD	2018-12-31	3.49685	3.49735	3.50000	3.28370	90384
SLT_USD	2018-12-30	3.49735	3.41466	3.49827	3.40300	85054
SLT_USD	2018-12-29	3.41466	3.41090	3.41821	3.40291	88701
SLT_USD	2018-12-28	3.41090	3.48814	3.49139	3.39346	85702
SLT_USD	2018-12-27	3.48814	3.49748	3.50000	1.39313	107379
SLT_USD	2018-12-26	3.49748	3.48826	3.49810	2.61677	92219
SLT_USD	2018-12-25	3.48826	3.47479	3.50000	3.46276	78681
SLT_USD	2018-12-24	3.47479	3.47650	3.47817	3.15000	86410
SLT_USD	2018-12-23	3.47650	3.48927	3.49830	3.30000	86212
SLT_USD	2018-12-22	3.48927	3.49173	3.49828	3.48250	87439
SLT_USD	2018-12-21	3.49173	3.49668	3.50000	3.48252	85750
SLT_USD	2018-12-20	3.49668	3.48679	3.49826	3.48255	88972
SLT_USD	2018-12-19	3.48679	3.46241	3.49829	3.46241	92330
SLT_USD	2018-12-18	3.46241	3.49382	3.49815	2.98602	82918
SLT_USD	2018-12-17	3.49382	4.02258	4.08593	3.00000	73510
SLT_USD	2018-12-16	4.02258	3.51038	4.05390	3.39976	82991
SLT_USD	2018-12-15	3.51038	4.19721	4.19779	3.50698	73615
SLT_USD	2018-12-14	4.19721	3.50082	4.23526	3.18515	82247
SLT_USD	2018-12-13	3.50082	3.60174	4.57092	3.28372	81753
SLT_USD	2018-12-12	3.60174	3.98101	4.49767	3.00000	70933
SLT_USD	2018-12-11	3.98723	4.20672	4.21251	3.98008	73264
SLT_USD	2018-12-10	4.20672	4.81397	4.82457	4.19412	69978
SLT_USD	2018-12-09	4.81397	4.65817	4.82452	4.49124	64815
SLT_USD	2018-12-08	4.65817	4.70534	5.00174	4.60911	61573
SLT_USD	2018-12-07	4.70534	5.41444	5.43404	4.67433	55743
SLT_USD	2018-12-06	5.41444	5.79029	5.79702	5.38160	54325
SLT_USD	2018-12-05	5.79029	5.79407	5.79682	5.48858	56936
SLT_USD	2018-12-04	5.79407	5.78563	5.79708	0.05297	54978
SLT_USD	2018-12-03	5.78563	5.79300	5.79708	5.77110	54310
SLT_USD	2018-12-02	5.79300	5.77952	5.80000	5.77102	35881
SLT_USD	2018-12-01	5.77952	5.78543	5.80000	5.77104	42026
SLT_USD	2018-11-30	5.78543	5.77222	5.79710	5.77104	37160
SLT_USD	2018-11-29	5.77222	5.77449	5.80000	5.77102	37253
SLT_USD	2018-11-28	5.77449	5.53227	5.79703	5.50663	37451
SLT_USD	2018-11-27	5.53227	5.94865	5.97254	5.05113	31400
SLT_USD	2018-11-26	5.94865	5.36566	6.10000	5.34634	29740
SLT_USD	2018-11-25	5.36566	5.40416	5.45511	4.98066	26015
SLT_USD	2018-11-24	5.40416	5.24984	5.71079	5.24984	21649
SLT_USD	2018-11-23	5.24984	5.61571	5.62287	5.18959	20996
SLT_USD	2018-11-22	5.61571	5.14078	5.62374	5.11761	20603
SLT_USD	2018-11-21	5.14078	4.86214	5.16314	4.71682	13560
SLT_USD	2018-11-20	4.86214	5.01799	5.33325	4.56330	13491
SLT_USD	2018-11-19	5.01799	5.80783	5.81269	4.97490	12209
SLT_USD	2018-11-18	5.80783	5.42346	5.88162	5.40293	12847
SLT_USD	2018-11-17	5.42346	5.42138	5.42729	5.40291	13008
SLT_USD	2018-11-16	5.42138	5.35905	5.42719	5.35905	13204
SLT_USD	2018-11-15	5.35905	5.09764	5.43872	5.07488	12806
SLT_USD	2018-11-14	5.09764	5.88966	5.91598	4.93749	11753
SLT_USD	2018-11-13	5.88966	5.79831	6.09673	5.76835	12193
SLT_USD	2018-11-12	5.79831	6.00318	6.07422	5.47368	12330
SLT_USD	2018-11-11	6.00318	6.08742	6.09685	5.97336	11909
SLT_USD	2018-11-10	6.08742	5.01244	6.10000	5.00106	13216
SLT_USD	2018-11-09	5.01244	5.77731	5.91813	5.01244	11968
SLT_USD	2018-11-08	5.77731	5.00431	5.99679	4.98521	12456
SLT_USD	2018-11-07	5.00431	4.36744	5.00431	4.35265	15768
SLT_USD	2018-11-06	4.36744	3.74796	4.37668	3.73134	17253
SLT_USD	2018-11-05	3.74796	3.58249	3.74812	3.55350	18748
SLT_USD	2018-11-04	3.58249	3.63387	3.70572	3.48676	18306
SLT_USD	2018-11-03	3.63387	3.36941	3.63387	3.29686	19953
SLT_USD	2018-11-02	3.36941	2.94789	3.37937	2.94522	21746
