SNGLS_USD	2019-04-09	0.008500	0.008500	0.008500	0.008500	0
SNGLS_USD	2019-04-08	0.008500	0.008500	0.008500	0.008500	0
SNGLS_USD	2019-04-07	0.008500	0.008500	0.008500	0.008500	0
SNGLS_USD	2019-04-06	0.008500	0.008500	0.008500	0.008500	0
SNGLS_USD	2019-04-05	0.008500	0.008500	0.008500	0.008500	0
SNGLS_USD	2019-04-04	0.008500	0.015894	0.015894	0.008500	72
SNGLS_USD	2019-04-03	0.015894	0.017175	0.017175	0.015894	307
SNGLS_USD	2019-04-02	0.017175	0.008500	0.017175	0.008500	706
SNGLS_USD	2019-04-01	0.008500	0.008500	0.008500	0.008500	0
SNGLS_USD	2019-03-31	0.008500	0.008500	0.008500	0.008500	0
SNGLS_USD	2019-03-30	0.008500	0.008500	0.008500	0.008500	0
SNGLS_USD	2019-03-29	0.008500	0.008500	0.008500	0.008500	0
SNGLS_USD	2019-03-28	0.011674	0.011674	0.011674	0.011674	0
SNGLS_USD	2019-03-27	0.011674	0.015078	0.015876	0.011674	105
SNGLS_USD	2019-03-26	0.015078	0.008500	0.015078	0.008500	233
SNGLS_USD	2019-03-25	0.008500	0.008500	0.008500	0.008500	0
SNGLS_USD	2019-03-24	0.008500	0.008500	0.008500	0.008500	0
SNGLS_USD	2019-03-23	0.008500	0.008500	0.008500	0.008500	0
SNGLS_USD	2019-03-22	0.008500	0.008500	0.008500	0.008500	0
SNGLS_USD	2019-03-21	0.008500	0.008500	0.008500	0.008500	0
SNGLS_USD	2019-03-20	0.008500	0.008500	0.008500	0.008500	0
SNGLS_USD	2019-03-19	0.008500	0.008500	0.008500	0.008500	0
SNGLS_USD	2019-03-18	0.008500	0.008500	0.008500	0.008500	0
SNGLS_USD	2019-03-17	0.008500	0.008500	0.008500	0.008500	0
SNGLS_USD	2019-03-16	0.008500	0.008500	0.008500	0.008500	0
SNGLS_USD	2019-03-15	0.008500	0.008500	0.008500	0.008500	0
SNGLS_USD	2019-03-14	0.008500	0.008500	0.008500	0.008500	0
SNGLS_USD	2019-03-13	0.008500	0.008500	0.008500	0.008500	0
SNGLS_USD	2019-03-12	0.008500	0.008500	0.008500	0.008500	0
SNGLS_USD	2019-03-11	0.008500	0.008500	0.008500	0.008500	0
SNGLS_USD	2019-03-10	0.008500	0.013005	0.013005	0.008500	72
SNGLS_USD	2019-03-09	0.013005	0.013775	0.013775	0.013005	186
SNGLS_USD	2019-03-08	0.013775	0.008500	0.013775	0.008500	255
SNGLS_USD	2019-03-07	0.008500	0.008500	0.008500	0.008500	0
SNGLS_USD	2019-03-06	0.008500	0.008500	0.008500	0.008500	0
SNGLS_USD	2019-03-05	0.008500	0.008500	0.008500	0.008500	0
SNGLS_USD	2019-03-04	0.008500	0.008500	0.008500	0.008500	0
SNGLS_USD	2019-03-03	0.008500	0.008500	0.008500	0.008500	0
SNGLS_USD	2019-03-02	0.008500	0.008500	0.008500	0.008500	0
SNGLS_USD	2019-03-01	0.008500	0.008500	0.008500	0.008500	0
SNGLS_USD	2019-02-28	0.008500	0.008500	0.008500	0.008500	0
SNGLS_USD	2019-02-27	0.008500	0.008500	0.008500	0.008500	0
SNGLS_USD	2019-02-26	0.008500	0.011290	0.011290	0.008500	72
SNGLS_USD	2019-02-25	0.011290	0.008500	0.011290	0.008500	451
SNGLS_USD	2019-02-24	0.008500	0.008500	0.008500	0.008500	0
SNGLS_USD	2019-02-23	0.008500	0.008500	0.008500	0.008500	0
SNGLS_USD	2019-02-22	0.008500	0.008500	0.008500	0.008500	0
SNGLS_USD	2019-02-21	0.008500	0.008500	0.008500	0.008500	0
SNGLS_USD	2019-02-20	0.008500	0.008500	0.008500	0.008500	0
SNGLS_USD	2019-02-19	0.008500	0.008500	0.008500	0.008500	0
SNGLS_USD	2019-02-18	0.008500	0.008500	0.008500	0.008500	0
SNGLS_USD	2019-02-17	0.008500	0.008500	0.008500	0.008500	0
SNGLS_USD	2019-02-16	0.008500	0.010455	0.010455	0.008500	72
SNGLS_USD	2019-02-15	0.010455	0.010892	0.010892	0.010455	185
SNGLS_USD	2019-02-14	0.010892	0.008500	0.010892	0.008500	285
SNGLS_USD	2019-02-13	0.008500	0.008500	0.008500	0.008500	0
SNGLS_USD	2019-02-12	0.008500	0.008500	0.008500	0.008500	0
SNGLS_USD	2019-02-11	0.008500	0.008500	0.008500	0.008500	0
SNGLS_USD	2019-02-10	0.008500	0.010530	0.010530	0.008500	72
SNGLS_USD	2019-02-09	0.010530	0.029856	0.029856	0.010530	197
SNGLS_USD	2019-02-08	0.029856	0.008500	0.029945	0.008500	34988
SNGLS_USD	2019-02-07	0.008500	0.008500	0.008500	0.008500	0
SNGLS_USD	2019-02-06	0.008500	0.008500	0.008500	0.008500	0
SNGLS_USD	2019-02-05	0.008500	0.008500	0.008500	0.008500	0
SNGLS_USD	2019-02-04	0.008500	0.008500	0.008500	0.008500	0
SNGLS_USD	2019-02-03	0.008500	0.008500	0.008500	0.008500	0
SNGLS_USD	2019-02-02	0.008500	0.008500	0.008500	0.008500	0
SNGLS_USD	2019-02-01	0.008500	0.008500	0.008500	0.008500	0
SNGLS_USD	2019-01-31	0.008500	0.010250	0.010250	0.008500	72
SNGLS_USD	2019-01-30	0.010250	0.010250	0.010250	0.010250	0
SNGLS_USD	2019-01-29	0.010250	0.008028	0.010250	0.008028	135
SNGLS_USD	2019-01-28	0.008028	0.013802	0.014010	0.008028	1914
SNGLS_USD	2019-01-27	0.013802	0.013188	0.013802	0.012840	40422
SNGLS_USD	2019-01-26	0.013188	0.010874	0.013188	0.010789	27129
SNGLS_USD	2019-01-25	0.010874	0.013103	0.013103	0.010874	149
SNGLS_USD	2019-01-24	0.013103	0.012711	0.013168	0.012686	5873
SNGLS_USD	2019-01-23	0.012711	0.012223	0.013077	0.012195	6928
SNGLS_USD	2019-01-22	0.012223	0.008500	0.012267	0.008500	5838
SNGLS_USD	2019-01-21	0.008500	0.011654	0.011654	0.008500	72
SNGLS_USD	2019-01-20	0.011654	0.013034	0.013034	0.011654	6873
SNGLS_USD	2019-01-19	0.013034	0.011922	0.013047	0.011921	24978
SNGLS_USD	2019-01-18	0.011922	0.010677	0.012722	0.010676	116802
SNGLS_USD	2019-01-17	0.010677	0.011290	0.011389	0.010677	18780
SNGLS_USD	2019-01-16	0.011290	0.011729	0.011729	0.010948	77233
SNGLS_USD	2019-01-15	0.011729	0.009727	0.012209	0.009652	130406
SNGLS_USD	2019-01-14	0.009727	0.009140	0.009727	0.009121	10011
SNGLS_USD	2019-01-13	0.009140	0.009581	0.009987	0.009140	36068
SNGLS_USD	2019-01-12	0.009581	0.009379	0.009601	0.009379	8866
SNGLS_USD	2019-01-11	0.009379	0.009377	0.009445	0.009268	1099045
SNGLS_USD	2019-01-10	0.009377	0.010728	0.010843	0.009317	1659790
SNGLS_USD	2019-01-09	0.010728	0.010721	0.010846	0.010685	1747846
SNGLS_USD	2019-01-08	0.010721	0.010689	0.010902	0.010606	1429552
SNGLS_USD	2019-01-07	0.010689	0.010847	0.010869	0.010585	1500747
SNGLS_USD	2019-01-06	0.010847	0.010753	0.011400	0.010479	1436361
SNGLS_USD	2019-01-05	0.010753	0.009951	0.011520	0.009951	1527487
SNGLS_USD	2019-01-04	0.009951	0.009982	0.010096	0.009886	1650587
SNGLS_USD	2019-01-03	0.009982	0.010479	0.010479	0.009950	2100124
SNGLS_USD	2019-01-02	0.010479	0.010119	0.010521	0.010119	2908221
SNGLS_USD	2019-01-01	0.010119	0.009902	0.010120	0.009743	2796986
SNGLS_USD	2018-12-31	0.009902	0.010742	0.010742	0.009822	2857998
SNGLS_USD	2018-12-30	0.010742	0.009941	0.012483	0.009633	2920290
SNGLS_USD	2018-12-29	0.009941	0.010231	0.010252	0.009822	2833294
SNGLS_USD	2018-12-28	0.010231	0.009514	0.010231	0.009081	1998998
SNGLS_USD	2018-12-27	0.009514	0.010081	0.010131	0.009485	3140265
SNGLS_USD	2018-12-26	0.010081	0.010010	0.010183	0.009925	2833311
SNGLS_USD	2018-12-25	0.010010	0.011514	0.011514	0.009927	2986098
SNGLS_USD	2018-12-24	0.011514	0.011012	0.012224	0.011011	2806345
SNGLS_USD	2018-12-23	0.011012	0.010612	0.011200	0.010611	3094335
SNGLS_USD	2018-12-22	0.010612	0.010468	0.010700	0.010385	3071208
SNGLS_USD	2018-12-21	0.010468	0.010932	0.011126	0.010453	2843617
SNGLS_USD	2018-12-20	0.010932	0.010081	0.011776	0.009990	2959933
SNGLS_USD	2018-12-19	0.010081	0.009700	0.011051	0.009700	2740199
SNGLS_USD	2018-12-18	0.009709	0.009614	0.009709	0.009261	2671932
SNGLS_USD	2018-12-17	0.009614	0.008743	0.009654	0.008667	2896537
SNGLS_USD	2018-12-16	0.008743	0.008446	0.008810	0.008446	2611144
SNGLS_USD	2018-12-15	0.008446	0.008534	0.008754	0.008363	2930967
SNGLS_USD	2018-12-14	0.008534	0.008661	0.008867	0.008441	2905652
SNGLS_USD	2018-12-13	0.008661	0.009203	0.009203	0.008602	2902277
SNGLS_USD	2018-12-12	0.009203	0.009156	0.009221	0.008948	2734568
SNGLS_USD	2018-12-11	0.009190	0.009786	0.009798	0.009046	2592635
SNGLS_USD	2018-12-10	0.009786	0.010637	0.010659	0.009773	2779888
SNGLS_USD	2018-12-09	0.010637	0.010185	0.010792	0.010100	2913496
SNGLS_USD	2018-12-08	0.010185	0.010562	0.010775	0.009676	2836665
SNGLS_USD	2018-12-07	0.010562	0.011176	0.011177	0.009814	2811603
SNGLS_USD	2018-12-06	0.011176	0.012468	0.012482	0.011155	2596990
SNGLS_USD	2018-12-05	0.012468	0.013124	0.013421	0.012468	2831717
SNGLS_USD	2018-12-04	0.013124	0.013023	0.013597	0.012956	2638796
SNGLS_USD	2018-12-03	0.013023	0.015156	0.015156	0.012977	2639686
SNGLS_USD	2018-12-02	0.015156	0.014056	0.015183	0.014029	2476323
SNGLS_USD	2018-12-01	0.014056	0.012747	0.014138	0.012695	2659260
SNGLS_USD	2018-11-30	0.012747	0.014076	0.014076	0.012330	2900977
SNGLS_USD	2018-11-29	0.014076	0.014002	0.014796	0.013598	2548170
SNGLS_USD	2018-11-28	0.014002	0.012154	0.014494	0.012130	1616673
SNGLS_USD	2018-11-27	0.012154	0.011746	0.012255	0.011676	2260720
SNGLS_USD	2018-11-26	0.011746	0.012189	0.012741	0.011371	2572237
SNGLS_USD	2018-11-25	0.012189	0.012215	0.012281	0.010914	2679770
SNGLS_USD	2018-11-24	0.012215	0.014097	0.014555	0.011984	2491953
SNGLS_USD	2018-11-23	0.014097	0.014889	0.014892	0.013723	2347006
SNGLS_USD	2018-11-22	0.014889	0.016154	0.016199	0.014738	2166436
SNGLS_USD	2018-11-21	0.016154	0.014859	0.016394	0.014775	2485673
SNGLS_USD	2018-11-20	0.014859	0.016874	0.017088	0.013731	2575603
SNGLS_USD	2018-11-19	0.016874	0.021907	0.021907	0.016560	2086062
SNGLS_USD	2018-11-18	0.021907	0.020836	0.021998	0.020751	2363837
SNGLS_USD	2018-11-17	0.020836	0.020168	0.023133	0.019911	2120541
SNGLS_USD	2018-11-16	0.020168	0.020340	0.020490	0.019610	2363462
SNGLS_USD	2018-11-15	0.020340	0.021574	0.021996	0.018717	2406991
SNGLS_USD	2018-11-14	0.021574	0.026976	0.026976	0.021068	2278528
SNGLS_USD	2018-11-13	0.026976	0.027512	0.027754	0.026863	2160572
SNGLS_USD	2018-11-12	0.027512	0.028178	0.028489	0.027270	2039929
SNGLS_USD	2018-11-11	0.028178	0.029409	0.029480	0.028055	2188585
SNGLS_USD	2018-11-10	0.029409	0.029612	0.030624	0.029320	2143338
SNGLS_USD	2018-11-09	0.029612	0.028339	0.030747	0.028221	1930900
SNGLS_USD	2018-11-08	0.028339	0.027728	0.028661	0.027015	2154393
SNGLS_USD	2018-11-07	0.027728	0.026930	0.027910	0.026885	2406464
SNGLS_USD	2018-11-06	0.026930	0.026246	0.027031	0.025776	2125849
SNGLS_USD	2018-11-05	0.026246	0.028145	0.028165	0.026075	2045355
SNGLS_USD	2018-11-04	0.028145	0.029194	0.029233	0.027986	2124148
SNGLS_USD	2018-11-03	0.029194	0.030056	0.030201	0.028907	1961416
SNGLS_USD	2018-11-02	0.030056	0.029152	0.031798	0.029085	1627666
SNGLS_USD	2018-11-01	0.029152	0.029254	0.029311	0.028300	1313491
SNGLS_USD	2018-10-31	0.029254	0.027153	0.032859	0.027042	1545641
SNGLS_USD	2018-10-30	0.027153	0.026364	0.028095	0.026253	2037584
SNGLS_USD	2018-10-29	0.026364	0.028175	0.029209	0.026215	1559668
SNGLS_USD	2018-10-28	0.028175	0.026715	0.028975	0.026714	2143066
SNGLS_USD	2018-10-27	0.026715	0.027492	0.027553	0.025273	1801698
SNGLS_USD	2018-10-26	0.027492	0.027853	0.028188	0.027406	1282888
SNGLS_USD	2018-10-25	0.027853	0.028619	0.028619	0.027587	1259688
SNGLS_USD	2018-10-24	0.028619	0.027581	0.028796	0.027362	1404609
SNGLS_USD	2018-10-23	0.027581	0.028273	0.028273	0.027257	1247229
SNGLS_USD	2018-10-22	0.028273	0.026775	0.028401	0.026520	1369066
SNGLS_USD	2018-10-21	0.026775	0.026170	0.026947	0.026066	1523234
SNGLS_USD	2018-10-20	0.026170	0.025466	0.026299	0.025329	1666680
SNGLS_USD	2018-10-19	0.025466	0.026586	0.026690	0.025416	1655065
SNGLS_USD	2018-10-18	0.026586	0.028156	0.028275	0.026361	1531749
SNGLS_USD	2018-10-17	0.028156	0.029459	0.029536	0.026399	1517944
SNGLS_USD	2018-10-16	0.029459	0.028657	0.029519	0.028657	1310105
SNGLS_USD	2018-10-15	0.028657	0.027813	0.030318	0.027696	1509535
SNGLS_USD	2018-10-14	0.027813	0.027006	0.031821	0.027004	1529131
SNGLS_USD	2018-10-13	0.027006	0.021556	0.029398	0.021513	1921921
SNGLS_USD	2018-10-12	0.021556	0.021724	0.022139	0.021164	1730752
SNGLS_USD	2018-10-11	0.021724	0.025281	0.025281	0.021543	1809665
SNGLS_USD	2018-10-10	0.025281	0.025174	0.026261	0.024306	1641356
SNGLS_USD	2018-10-09	0.025174	0.026503	0.026607	0.025122	1534403
SNGLS_USD	2018-10-08	0.026503	0.025039	0.026619	0.025038	1582563
SNGLS_USD	2018-10-07	0.025039	0.025005	0.025200	0.024930	1495318
SNGLS_USD	2018-10-06	0.025005	0.025557	0.025557	0.024906	1479364
SNGLS_USD	2018-10-05	0.025557	0.025286	0.025695	0.024786	1684612
SNGLS_USD	2018-10-04	0.025286	0.024378	0.025530	0.024377	1601521
SNGLS_USD	2018-10-03	0.024378	0.025286	0.025286	0.024259	1506777
SNGLS_USD	2018-10-02	0.025286	0.024352	0.026208	0.024264	1782437
SNGLS_USD	2018-10-01	0.024352	0.023673	0.025104	0.023672	1878295
SNGLS_USD	2018-09-30	0.023673	0.024095	0.024095	0.023057	1914943
SNGLS_USD	2018-09-29	0.024095	0.023469	0.024264	0.023002	1783741
SNGLS_USD	2018-09-28	0.023469	0.023525	0.023924	0.022918	1077706
SNGLS_USD	2018-09-27	0.023525	0.022752	0.023856	0.022487	935832
SNGLS_USD	2018-09-26	0.022752	0.022791	0.023430	0.022447	887192
SNGLS_USD	2018-09-25	0.022791	0.023428	0.026730	0.021501	912167
SNGLS_USD	2018-09-24	0.023428	0.025395	0.025395	0.023381	988636
SNGLS_USD	2018-09-23	0.025395	0.025788	0.025956	0.025278	853538
SNGLS_USD	2018-09-22	0.025788	0.025421	0.027394	0.024413	911406
SNGLS_USD	2018-09-21	0.025421	0.024032	0.026199	0.023795	959538
SNGLS_USD	2018-09-20	0.024032	0.023745	0.025183	0.022418	991034
SNGLS_USD	2018-09-19	0.023745	0.023722	0.023896	0.021182	917984
SNGLS_USD	2018-09-18	0.023722	0.023647	0.024009	0.022650	832729
SNGLS_USD	2018-09-17	0.023647	0.028834	0.032036	0.023572	815225
SNGLS_USD	2018-09-16	0.028834	0.020428	0.034284	0.020362	1236718
SNGLS_USD	2018-09-15	0.020428	0.019805	0.020467	0.019511	753824
SNGLS_USD	2018-09-14	0.019805	0.019993	0.020381	0.019209	753489
SNGLS_USD	2018-09-13	0.019993	0.017766	0.020479	0.017766	819697
SNGLS_USD	2018-09-12	0.017766	0.017869	0.017870	0.016666	784996
SNGLS_USD	2018-09-11	0.017869	0.019594	0.019960	0.017829	959394
SNGLS_USD	2018-09-10	0.019594	0.018344	0.019692	0.018344	972867
SNGLS_USD	2018-09-09	0.018344	0.018770	0.018835	0.017765	966301
SNGLS_USD	2018-09-08	0.018770	0.020186	0.020327	0.018583	904979
SNGLS_USD	2018-09-07	0.020186	0.020439	0.020736	0.019856	958432
SNGLS_USD	2018-09-06	0.020439	0.020834	0.020904	0.019419	1134970
SNGLS_USD	2018-09-05	0.020834	0.026683	0.027078	0.020834	1015830
SNGLS_USD	2018-09-04	0.026683	0.026698	0.027346	0.026179	946556
SNGLS_USD	2018-09-03	0.026698	0.027435	0.027489	0.024846	981304
SNGLS_USD	2018-09-02	0.027435	0.026822	0.028225	0.025227	858653
SNGLS_USD	2018-09-01	0.026822	0.024714	0.026887	0.024559	1005785
SNGLS_USD	2018-08-31	0.024714	0.023080	0.024820	0.022964	945647
SNGLS_USD	2018-08-30	0.023080	0.024183	0.024183	0.022272	1027351
SNGLS_USD	2018-08-29	0.024183	0.025663	0.025663	0.023938	969030
SNGLS_USD	2018-08-28	0.025663	0.023772	0.025816	0.023715	1002151
SNGLS_USD	2018-08-27	0.023772	0.023050	0.023772	0.022883	906877
SNGLS_USD	2018-08-26	0.023050	0.022633	0.024254	0.021719	813406
SNGLS_USD	2018-08-25	0.022633	0.022497	0.022714	0.022068	1029022
SNGLS_USD	2018-08-24	0.022497	0.021654	0.022546	0.021604	1055155
SNGLS_USD	2018-08-23	0.021657	0.021154	0.021708	0.020595	1766437
SNGLS_USD	2018-08-22	0.021154	0.023337	0.024315	0.021014	1255636
SNGLS_USD	2018-08-21	0.023337	0.025936	0.025966	0.023172	1228061
SNGLS_USD	2018-08-20	0.025936	0.022693	0.028440	0.022693	2461230
SNGLS_USD	2018-08-19	0.022693	0.022109	0.022794	0.021828	1026164
SNGLS_USD	2018-08-18	0.022109	0.023970	0.025416	0.021580	1035902
SNGLS_USD	2018-08-17	0.023970	0.021435	0.023971	0.021325	1069543
SNGLS_USD	2018-08-16	0.021435	0.020386	0.021629	0.020304	1055825
SNGLS_USD	2018-08-15	0.020386	0.019217	0.021380	0.019217	1009985
SNGLS_USD	2018-08-14	0.019217	0.020807	0.020892	0.018705	909944
SNGLS_USD	2018-08-13	0.020807	0.022228	0.022567	0.020718	894662
SNGLS_USD	2018-08-12	0.022228	0.021156	0.023772	0.020790	1355143
SNGLS_USD	2018-08-11	0.021156	0.022122	0.022194	0.020065	1066736
SNGLS_USD	2018-08-10	0.022122	0.025096	0.025102	0.022050	1036656
SNGLS_USD	2018-08-09	0.025096	0.023725	0.025171	0.023354	925044
SNGLS_USD	2018-08-08	0.023725	0.027185	0.027185	0.023609	752890
SNGLS_USD	2018-08-07	0.027185	0.028453	0.031354	0.027088	790578
SNGLS_USD	2018-08-06	0.028453	0.028372	0.028725	0.027990	729266
SNGLS_USD	2018-08-05	0.028372	0.028324	0.028454	0.028002	719001
SNGLS_USD	2018-08-04	0.028324	0.030701	0.030705	0.028212	898909
SNGLS_USD	2018-08-03	0.030701	0.030060	0.031335	0.029361	881590
SNGLS_USD	2018-08-02	0.030060	0.031783	0.032064	0.029726	1038439
SNGLS_USD	2018-08-01	0.031783	0.033017	0.033017	0.031642	923929
SNGLS_USD	2018-07-31	0.033017	0.034412	0.035330	0.033005	922961
SNGLS_USD	2018-07-30	0.034412	0.036100	0.036246	0.034111	940365
SNGLS_USD	2018-07-29	0.036100	0.035696	0.037514	0.035694	1189401
SNGLS_USD	2018-07-28	0.035696	0.034818	0.036167	0.034679	1312207
SNGLS_USD	2018-07-27	0.034818	0.034994	0.034994	0.034037	1042929
SNGLS_USD	2018-07-26	0.034994	0.036225	0.037239	0.034778	982890
SNGLS_USD	2018-07-25	0.036225	0.035992	0.036560	0.035639	974040
SNGLS_USD	2018-07-24	0.035992	0.035409	0.036365	0.034555	963594
SNGLS_USD	2018-07-23	0.035409	0.036701	0.037275	0.035000	1094762
SNGLS_USD	2018-07-22	0.036701	0.037803	0.037803	0.036276	851981
SNGLS_USD	2018-07-21	0.037803	0.036459	0.040919	0.035960	989572
SNGLS_USD	2018-07-20	0.036459	0.040323	0.040488	0.036290	1120581
SNGLS_USD	2018-07-19	0.040323	0.042931	0.042987	0.040323	1039463
SNGLS_USD	2018-07-18	0.042931	0.040690	0.045100	0.040690	909555
SNGLS_USD	2018-07-17	0.040690	0.038233	0.041234	0.038215	868882
SNGLS_USD	2018-07-16	0.038233	0.036141	0.038326	0.035760	1019830
SNGLS_USD	2018-07-15	0.036141	0.035139	0.036708	0.034923	1076320
SNGLS_USD	2018-07-14	0.035139	0.034438	0.035244	0.033802	803851
SNGLS_USD	2018-07-13	0.034438	0.033712	0.035565	0.033546	1159826
SNGLS_USD	2018-07-12	0.033712	0.035669	0.035889	0.033476	1012148
SNGLS_USD	2018-07-11	0.035671	0.034906	0.037138	0.034158	1236859
SNGLS_USD	2018-07-10	0.034906	0.039640	0.039640	0.034615	1162899
SNGLS_USD	2018-07-09	0.039640	0.041253	0.042412	0.039305	1022739
SNGLS_USD	2018-07-08	0.041253	0.038699	0.043151	0.038699	1190105
SNGLS_USD	2018-07-07	0.038699	0.037491	0.041422	0.037491	1143008
SNGLS_USD	2018-07-06	0.037491	0.037564	0.037757	0.035086	1067344
SNGLS_USD	2018-07-05	0.037564	0.043464	0.043611	0.037564	1056155
SNGLS_USD	2018-07-04	0.043464	0.039661	8.610931	0.004640	1637063
SNGLS_USD	2018-07-03	0.039504	0.040906	0.514979	0.009769	1171232
SNGLS_USD	2018-07-02	0.040906	0.037655	0.042668	0.036009	1230068
SNGLS_USD	2018-07-01	0.037652	0.034490	0.039708	0.033949	1237932
SNGLS_USD	2018-06-30	0.034490	0.032236	0.039088	0.031939	1317040
SNGLS_USD	2018-06-29	0.032379	0.031803	0.032449	0.029158	1258119
SNGLS_USD	2018-06-28	0.031803	0.034351	0.034533	0.031721	982293
SNGLS_USD	2018-06-27	0.034350	0.034690	0.041823	0.033798	1170481
SNGLS_USD	2018-06-26	0.034690	0.036492	0.037010	0.034690	980795
SNGLS_USD	2018-06-25	0.036313	0.036123	0.038226	0.035367	1043913
SNGLS_USD	2018-06-24	0.036119	0.037888	0.037888	0.033921	1148092
SNGLS_USD	2018-06-23	0.037888	0.038289	0.038746	0.036987	1031673
SNGLS_USD	2018-06-22	0.038289	0.045401	0.045725	0.037881	1036498
SNGLS_USD	2018-06-21	0.045410	0.047072	0.047267	0.045329	950857
SNGLS_USD	2018-06-20	0.047072	0.046739	0.047365	0.044927	1092709
SNGLS_USD	2018-06-19	0.046731	0.046843	0.047198	0.045132	1077361
SNGLS_USD	2018-06-18	0.046822	0.049431	0.049431	0.044543	1041358
SNGLS_USD	2018-06-17	0.049431	0.042543	0.049999	0.042105	967423
SNGLS_USD	2018-06-16	0.042544	0.042717	0.042857	0.041437	1121839
SNGLS_USD	2018-06-15	0.042717	0.045874	0.046447	0.042489	879838
SNGLS_USD	2018-06-14	0.045972	0.040431	0.046128	0.040133	1028963
SNGLS_USD	2018-06-13	0.040431	0.041704	0.041704	0.039595	1140289
SNGLS_USD	2018-06-12	0.041704	0.047400	0.047459	0.041538	999302
SNGLS_USD	2018-06-11	0.047399	0.048519	0.049228	0.045361	891725
SNGLS_USD	2018-06-10	0.048519	0.056951	0.056951	0.048051	1050904
SNGLS_USD	2018-06-09	0.056951	0.059072	0.060715	0.056884	980478
SNGLS_USD	2018-06-08	0.059072	0.061590	0.061957	0.058561	922749
SNGLS_USD	2018-06-07	0.061591	0.060342	0.065444	0.059777	1021006
SNGLS_USD	2018-06-06	0.060342	0.061767	0.066641	0.059396	931179
SNGLS_USD	2018-06-05	0.061767	0.061931	0.063319	0.058320	904188
SNGLS_USD	2018-06-04	0.061984	0.067327	0.067564	0.061175	886262
SNGLS_USD	2018-06-03	0.067327	0.066223	0.068803	0.066195	747458
SNGLS_USD	2018-06-02	0.066477	0.064346	0.066760	0.063466	816871
SNGLS_USD	2018-06-01	0.064346	0.064588	0.065469	0.063052	835199
SNGLS_USD	2018-05-31	0.064587	0.062353	0.066417	0.061834	883006
SNGLS_USD	2018-05-30	0.062353	0.064828	0.066507	0.061410	778295
SNGLS_USD	2018-05-29	0.064811	0.058980	0.065708	0.057622	897230
SNGLS_USD	2018-05-28	0.058979	0.064757	0.065406	0.058979	815693
SNGLS_USD	2018-05-27	0.064944	0.066954	0.066954	0.063869	712089
SNGLS_USD	2018-05-26	0.066955	0.069049	0.071643	0.066849	888248
SNGLS_USD	2018-05-25	0.069049	0.074103	0.078349	0.068739	660140
SNGLS_USD	2018-05-24	0.074103	0.063863	0.076217	0.063707	800871
SNGLS_USD	2018-05-23	0.063763	0.071230	0.071256	0.061164	968395
SNGLS_USD	2018-05-22	0.071230	0.082680	0.084498	0.070970	745521
SNGLS_USD	2018-05-21	0.082600	0.085311	0.086769	0.081959	681865
SNGLS_USD	2018-05-20	0.085311	0.080690	0.085640	0.079578	787947
SNGLS_USD	2018-05-19	0.080690	0.080303	0.083374	0.078398	809726
SNGLS_USD	2018-05-18	0.080313	0.077883	0.080313	0.075750	820555
SNGLS_USD	2018-05-17	0.077883	0.081034	0.083478	0.077635	737804
SNGLS_USD	2018-05-16	0.081034	0.084892	0.085222	0.079547	898559
SNGLS_USD	2018-05-15	0.084892	0.090343	0.091047	0.084783	796722
SNGLS_USD	2018-05-14	0.090392	0.091184	0.094079	0.084027	977367
SNGLS_USD	2018-05-13	0.091184	0.086981	0.092724	0.085125	985317
SNGLS_USD	2018-05-12	0.087319	0.082231	0.088541	0.078677	1135831
SNGLS_USD	2018-05-11	0.082231	0.091377	0.091378	0.078607	1137638
SNGLS_USD	2018-05-10	0.091377	0.100718	0.103474	0.091377	726716
SNGLS_USD	2018-05-09	0.100718	0.109288	0.109288	0.098653	697073
SNGLS_USD	2018-05-08	0.109206	0.112964	0.113793	0.105093	808956
SNGLS_USD	2018-05-07	0.110617	0.116389	0.117730	0.106562	894859
SNGLS_USD	2018-05-06	0.116600	0.123701	0.124063	0.112581	819370
SNGLS_USD	2018-05-05	0.123483	0.128012	0.130498	0.122174	852385
SNGLS_USD	2018-05-04	0.128012	0.121212	0.135349	0.118419	1007806
SNGLS_USD	2018-05-03	0.121212	0.124860	0.128223	0.120127	911869
SNGLS_USD	2018-05-02	0.124670	0.115796	0.126784	0.113538	931967
SNGLS_USD	2018-05-01	0.115796	0.117252	0.117737	0.107833	910657
SNGLS_USD	2018-04-30	0.117252	0.121151	0.137083	0.115684	1633392
SNGLS_USD	2018-04-29	0.121152	0.105344	0.122220	0.099148	1481187
SNGLS_USD	2018-04-28	0.105344	0.093353	0.105620	0.092990	1057740
SNGLS_USD	2018-04-27	0.093353	0.097916	0.100488	0.092071	1687456
SNGLS_USD	2018-04-26	0.097917	0.092574	0.098693	0.088567	954395
SNGLS_USD	2018-04-25	0.092574	0.105457	0.105626	0.083449	1813607
SNGLS_USD	2018-04-24	0.105457	0.099614	0.106644	0.098569	792931
SNGLS_USD	2018-04-23	0.099614	0.096713	0.101740	0.096430	842363
SNGLS_USD	2018-04-22	0.096712	0.093369	0.101872	0.091685	1129667
SNGLS_USD	2018-04-21	0.093369	0.102454	0.103146	0.088397	1134218
SNGLS_USD	2018-04-20	0.102454	0.102470	0.108632	0.099427	812600
SNGLS_USD	2018-04-19	0.102578	0.094607	0.103129	0.093139	886782
SNGLS_USD	2018-04-18	0.094609	0.090001	0.094703	0.088753	838200
SNGLS_USD	2018-04-17	0.090001	0.091196	0.095344	0.089519	763517
SNGLS_USD	2018-04-16	0.091196	0.090111	0.093228	0.085951	868664
SNGLS_USD	2018-04-15	0.090111	0.088567	0.091714	0.087722	875565
SNGLS_USD	2018-04-14	0.088567	0.087639	0.089337	0.084133	921737
SNGLS_USD	2018-04-13	0.087638	0.090176	0.095481	0.085622	1312574
SNGLS_USD	2018-04-12	0.090176	0.087156	0.090806	0.080152	1011780
SNGLS_USD	2018-04-11	0.087156	0.073254	0.108209	0.072876	1367068
SNGLS_USD	2018-04-10	0.073203	0.058994	0.079206	0.055904	1099119
SNGLS_USD	2018-04-09	0.058994	0.056264	0.060097	0.055172	967540
SNGLS_USD	2018-04-08	0.056264	0.054606	0.058464	0.054270	946851
SNGLS_USD	2018-04-07	0.054606	0.052507	0.055525	0.052200	925982
SNGLS_USD	2018-04-06	0.052507	0.054373	0.055056	0.051541	952802
SNGLS_USD	2018-04-05	0.054373	0.054345	0.055948	0.052607	1073938
SNGLS_USD	2018-04-04	0.054345	0.058056	0.058271	0.052018	1119500
SNGLS_USD	2018-04-03	0.058056	0.054154	0.058341	0.052983	1076002
SNGLS_USD	2018-04-02	0.054154	0.053873	0.056233	0.052394	1025076
SNGLS_USD	2018-04-01	0.053873	0.055793	0.059826	0.052131	968879
SNGLS_USD	2018-03-31	0.055793	0.052215	0.062601	0.052215	985689
SNGLS_USD	2018-03-30	0.052215	0.053264	0.056203	0.049482	1200423
SNGLS_USD	2018-03-29	0.053235	0.066212	0.066401	0.051361	1345669
SNGLS_USD	2018-03-28	0.066117	0.067630	0.069790	0.064952	1090552
SNGLS_USD	2018-03-27	0.067500	0.069692	0.071445	0.065359	959623
SNGLS_USD	2018-03-26	0.069692	0.073618	0.079822	0.064084	1152381
SNGLS_USD	2018-03-25	0.073618	0.071239	0.079041	0.063824	1527083
SNGLS_USD	2018-03-24	0.071232	0.066876	0.075569	0.066231	1286503
SNGLS_USD	2018-03-23	0.066876	0.063654	0.074646	0.059627	1185029
SNGLS_USD	2018-03-22	0.063654	0.064304	0.068033	0.059941	1182462
SNGLS_USD	2018-03-21	0.064202	0.064138	0.068474	0.060847	1120461
SNGLS_USD	2018-03-20	0.064136	0.061130	0.064156	0.060780	415938
SNGLS_USD	2018-03-19	0.061130	0.057172	0.062964	0.057121	784418
SNGLS_USD	2018-03-18	0.057172	0.058862	0.058862	0.048932	899968
SNGLS_USD	2018-03-17	0.058862	0.065518	0.065840	0.058235	797970
SNGLS_USD	2018-03-16	0.065518	0.067086	0.068671	0.062169	958661
SNGLS_USD	2018-03-15	0.067086	0.064661	0.073245	0.058256	1124521
SNGLS_USD	2018-03-14	0.064661	0.076712	0.078085	0.062645	814439
SNGLS_USD	2018-03-13	0.076712	0.076904	0.079611	0.074409	837233
SNGLS_USD	2018-03-12	0.076905	0.082405	0.085552	0.074399	804193
SNGLS_USD	2018-03-11	0.082538	0.074919	0.082895	0.072797	1159736
SNGLS_USD	2018-03-10	0.074919	0.082809	0.086297	0.074732	960563
SNGLS_USD	2018-03-09	0.082809	0.086611	0.087053	0.070700	857203
SNGLS_USD	2018-03-08	0.086611	0.081380	0.096022	0.078955	920576
SNGLS_USD	2018-03-07	0.081380	0.096686	0.101759	0.079291	685007
SNGLS_USD	2018-03-06	0.096685	0.107760	0.108153	0.095841	751665
SNGLS_USD	2018-03-05	0.107759	0.111256	0.112289	0.107366	668017
SNGLS_USD	2018-03-04	0.111256	0.115114	0.115114	0.108074	568738
SNGLS_USD	2018-03-03	0.115114	0.121173	0.123775	0.114731	558955
SNGLS_USD	2018-03-02	0.121173	0.120521	0.122366	0.116803	670124
SNGLS_USD	2018-03-01	0.120521	0.110579	0.124075	0.109602	612480
SNGLS_USD	2018-02-28	0.110869	0.115560	0.120952	0.107676	583133
SNGLS_USD	2018-02-27	0.115560	0.119309	0.124301	0.112125	671196
SNGLS_USD	2018-02-26	0.119309	0.135219	0.143792	0.115758	525609
SNGLS_USD	2018-02-25	0.135219	0.106243	0.139580	0.101921	996661
SNGLS_USD	2018-02-24	0.106243	0.108837	0.112542	0.098749	578801
SNGLS_USD	2018-02-23	0.108837	0.108425	0.113318	0.104331	405968
SNGLS_USD	2018-02-22	0.108425	0.124946	0.126085	0.108320	584746
SNGLS_USD	2018-02-21	0.124946	0.129967	0.138217	0.124419	544261
SNGLS_USD	2018-02-20	0.129967	0.139187	0.140459	0.129930	346343
SNGLS_USD	2018-02-19	0.139187	0.136552	0.141751	0.134760	355412
SNGLS_USD	2018-02-18	0.136552	0.150711	0.152541	0.136541	433251
SNGLS_USD	2018-02-17	0.150711	0.143634	0.151288	0.143579	433789
SNGLS_USD	2018-02-16	0.143634	0.144483	0.144574	0.133280	235806
SNGLS_USD	2018-02-15	0.144483	0.140094	0.144552	0.138383	423499
SNGLS_USD	2018-02-14	0.140092	0.138631	0.143876	0.137754	330576
SNGLS_USD	2018-02-13	0.138631	0.151280	0.152342	0.138000	418520
SNGLS_USD	2018-02-12	0.151280	0.143429	0.151777	0.143429	343582
SNGLS_USD	2018-02-11	0.143429	0.145882	0.146110	0.135583	4876985
SNGLS_USD	2018-02-10	0.145882	0.152873	0.158744	0.142309	296525
SNGLS_USD	2018-02-09	0.152873	0.143356	0.154900	0.137114	209079
SNGLS_USD	2018-02-08	0.143356	0.134553	0.145005	0.134553	130629
SNGLS_USD	2018-02-07	0.134553	0.144939	0.161968	0.120207	116305
SNGLS_USD	2018-02-06	0.144939	0.123768	0.147788	0.103938	243938
SNGLS_USD	2018-02-05	0.123768	0.159083	0.159088	0.118389	110287
SNGLS_USD	2018-02-04	0.159083	0.199078	0.199114	0.153593	60536
SNGLS_USD	2018-02-03	0.199078	0.187551	0.202917	0.172516	118918
SNGLS_USD	2018-02-02	0.187550	0.179497	0.220523	0.147578	294296
