SPEX_USD	2019-04-09	0.00002617	0.00002660	0.00002660	0.00002586	0
SPEX_USD	2019-04-08	0.00002660	0.00002623	0.00002681	0.00002575	0
SPEX_USD	2019-04-07	0.00002623	0.00002540	0.00002650	0.00002538	0
SPEX_USD	2019-04-06	0.00002540	0.00002542	0.00002638	0.00002484	0
SPEX_USD	2019-04-05	0.00002542	0.00002467	0.00002559	0.00002467	0
SPEX_USD	2019-04-04	0.00002467	0.00002489	0.00002550	0.00002417	0
SPEX_USD	2019-04-03	0.00002489	0.00002466	0.00002663	0.00002425	0
SPEX_USD	2019-04-02	0.00002466	0.00002099	0.00002538	0.00002095	0
SPEX_USD	2019-04-01	0.00002099	0.00002084	0.00002110	0.00002064	0
SPEX_USD	2019-03-31	0.00002084	0.00002082	0.00002091	0.00002077	0
SPEX_USD	2019-03-30	0.00002082	0.00002090	0.00002105	0.00002063	0
SPEX_USD	2019-03-29	0.00002090	0.00002046	0.00002094	0.00002043	0
SPEX_USD	2019-03-28	0.00002046	0.00002051	0.00002052	0.00002034	0
SPEX_USD	2019-03-27	0.00002051	0.00001996	0.00002055	0.00001990	0
SPEX_USD	2019-03-26	0.00001996	0.00001985	0.00001997	0.00001976	0
SPEX_USD	2019-03-25	0.00001985	0.00002021	0.00002025	0.00001970	0
SPEX_USD	2019-03-24	0.00002021	0.00002032	0.00002032	0.00002007	0
SPEX_USD	2019-03-23	0.00002032	0.00002024	0.00002038	0.00002018	0
SPEX_USD	2019-03-22	0.00002024	0.00002022	0.00002035	0.00002017	0
SPEX_USD	2019-03-21	0.00002022	0.00002064	0.00002073	0.00002003	0
SPEX_USD	2019-03-20	0.00002064	0.00002054	0.00002068	0.00002036	0
SPEX_USD	2019-03-19	0.00002054	0.00002037	0.00002059	0.00002028	0
SPEX_USD	2019-03-18	0.00002037	0.00002034	0.00002059	0.00002019	0
SPEX_USD	2019-03-17	0.00002034	0.00002045	0.00002045	0.00002021	0
SPEX_USD	2019-03-16	0.00002045	0.00002002	0.00002076	0.00002002	0
SPEX_USD	2019-03-15	0.00002002	0.00001975	0.00002005	0.00001974	0
SPEX_USD	2019-03-14	0.00001975	0.00001974	0.00002000	0.00001944	0
SPEX_USD	2019-03-13	0.00001974	0.00001977	0.00001985	0.00001963	0
SPEX_USD	2019-03-12	0.00001977	0.00001976	0.00001990	0.00001948	0
SPEX_USD	2019-03-11	0.00001976	0.00002000	0.00002005	0.00001961	0
SPEX_USD	2019-03-10	0.00002000	0.00002008	0.00002009	0.00001982	0
SPEX_USD	2019-03-09	0.00002008	0.00001970	0.00002022	0.00001967	0
SPEX_USD	2019-03-08	0.00001970	0.00001982	0.00002010	0.00001938	0
SPEX_USD	2019-03-07	0.00001982	0.00001976	0.00001997	0.00001968	0
SPEX_USD	2019-03-06	0.00001976	0.00001975	0.00001989	0.00001955	0
SPEX_USD	2019-03-05	0.00001975	0.00001900	0.00001983	0.00001893	0
SPEX_USD	2019-03-04	0.00001900	0.00001942	0.00001954	0.00001884	0
SPEX_USD	2019-03-03	0.00001942	0.00001957	0.00001962	0.00001930	0
SPEX_USD	2019-03-02	0.00001957	0.00001958	0.00001962	0.00001928	0
SPEX_USD	2019-03-01	0.00001958	0.00001948	0.00001974	0.00001947	0
SPEX_USD	2019-02-28	0.00001948	0.00001950	0.00001993	0.00001942	0
SPEX_USD	2019-02-27	0.00001950	0.00001949	0.00001967	0.00001886	0
SPEX_USD	2019-02-26	0.00001949	0.00001962	0.00001967	0.00001937	0
SPEX_USD	2019-02-25	0.00001962	0.00001916	0.00001982	0.00001915	0
SPEX_USD	2019-02-24	0.00001916	0.00002106	0.00002141	0.00001906	0
SPEX_USD	2019-02-23	0.00002106	0.00002032	0.00002127	0.00002007	0
SPEX_USD	2019-02-22	0.00002032	0.00002005	0.00002037	0.00001996	0
SPEX_USD	2019-02-21	0.00002005	0.00002030	0.00002061	0.00001988	0
SPEX_USD	2019-02-20	0.00002030	0.00001996	0.00002033	0.00001984	0
SPEX_USD	2019-02-19	0.00001996	0.00001989	0.00002041	0.00001972	0
SPEX_USD	2019-02-18	0.00001989	0.00001868	0.00002004	0.00001862	0
SPEX_USD	2019-02-17	0.00001868	0.00001838	0.00001892	0.00001835	0
SPEX_USD	2019-02-16	0.00001838	0.00001832	0.00001862	0.00001832	0
SPEX_USD	2019-02-15	0.00001832	0.00001829	0.00001858	0.00001822	0
SPEX_USD	2019-02-14	0.00001829	0.00001834	0.00001841	0.00001821	0
SPEX_USD	2019-02-13	0.00001834	0.00001847	0.00001868	0.00001825	0
SPEX_USD	2019-02-12	0.00001847	0.00001841	0.00001862	0.00001823	0
SPEX_USD	2019-02-11	0.00001841	0.00001873	0.00001875	0.00001838	0
SPEX_USD	2019-02-10	0.00001873	0.00001859	0.00001874	0.00001834	0
SPEX_USD	2019-02-09	0.00001859	0.00001862	0.00001869	0.00001847	0
SPEX_USD	2019-02-08	0.00001862	0.00001718	0.00001897	0.00001714	0
SPEX_USD	2019-02-07	0.00001718	0.00001726	0.00001731	0.00001716	0
SPEX_USD	2019-02-06	0.00001726	0.00001756	0.00001760	0.00001712	0
SPEX_USD	2019-02-05	0.00001756	0.00001745	0.00001758	0.00001738	0
SPEX_USD	2019-02-04	0.00001745	0.00001751	0.00001760	0.00001738	0
SPEX_USD	2019-02-03	0.00001751	0.00001780	0.00001783	0.00001736	0
SPEX_USD	2019-02-02	0.00001780	0.00001769	0.00001786	0.00001750	0
SPEX_USD	2019-02-01	0.00001769	0.00001751	0.00001777	0.00001733	0
SPEX_USD	2019-01-31	0.00001751	0.00001765	0.00001784	0.00001741	0
SPEX_USD	2019-01-30	0.00001765	0.00001739	0.00001773	0.00001726	0
SPEX_USD	2019-01-29	0.00001739	0.00001751	0.00001756	0.00001712	0
SPEX_USD	2019-01-28	0.00001751	0.00001799	0.00001799	0.00001728	0
SPEX_USD	2019-01-27	0.00001799	0.00001816	0.00001821	0.00001772	0
SPEX_USD	2019-01-26	0.00001816	0.00001814	0.00001866	0.00001813	0
SPEX_USD	2019-01-25	0.00001814	0.00001826	0.00001832	0.00001798	0
SPEX_USD	2019-01-24	0.00001826	0.00001810	0.00001834	0.00001795	0
SPEX_USD	2019-01-23	0.00001810	0.00001820	0.00001836	0.00001796	0
SPEX_USD	2019-01-22	0.00001820	0.00001790	0.00001838	0.00001751	0
SPEX_USD	2019-01-21	0.00001790	0.00001793	0.00001803	0.00001777	0
SPEX_USD	2019-01-20	0.00001793	0.00001882	0.00001898	0.00001774	0
SPEX_USD	2019-01-19	0.00001884	0.00001838	0.00001925	0.00001837	0
SPEX_USD	2019-01-18	0.00001838	0.00001860	0.00001862	0.00001827	0
SPEX_USD	2019-01-17	0.00001860	0.00001836	0.00001861	0.00001810	0
SPEX_USD	2019-01-16	0.00001836	0.00001828	0.00001867	0.00001821	0
SPEX_USD	2019-01-15	0.00001828	0.00001875	0.00001887	0.00001817	0
SPEX_USD	2019-01-14	0.00001875	0.00001796	0.00001899	0.00001790	0
SPEX_USD	2019-01-13	0.00001796	0.00001851	0.00001859	0.00001786	0
SPEX_USD	2019-01-12	0.00001851	0.00001857	0.00001867	0.00001835	0
SPEX_USD	2019-01-11	0.00001857	0.00001856	0.00001884	0.00001833	0
SPEX_USD	2019-01-10	0.00001856	0.00002042	0.00002068	0.00001844	0
SPEX_USD	2019-01-09	0.00002042	0.00002050	0.00002080	0.00002018	0
SPEX_USD	2019-01-08	0.00002050	0.00002057	0.00002104	0.00002029	0
SPEX_USD	2019-01-07	0.00002057	0.00002086	0.00002098	0.00002039	0
SPEX_USD	2019-01-06	0.00002086	0.00001956	0.00003912	0.00001944	0
SPEX_USD	2019-01-05	0.00001956	0.00001979	0.00002007	0.00001952	0
SPEX_USD	2019-01-04	0.00001979	0.00001960	0.00001993	0.00001930	0
SPEX_USD	2019-01-03	0.00001960	0.00002025	0.00002028	0.00001952	0
SPEX_USD	2019-01-02	0.00002025	0.00001979	0.00002036	0.00001960	0
SPEX_USD	2019-01-01	0.00001979	0.00001915	0.00001990	0.00001895	0
SPEX_USD	2018-12-31	0.00001915	0.00001986	0.00001992	0.00001891	0
SPEX_USD	2018-12-30	0.00001986	0.00001941	0.00001995	0.00001923	0
SPEX_USD	2018-12-29	0.00001941	0.00002018	0.00002044	0.00001934	0
SPEX_USD	2018-12-28	0.00002018	0.00001857	0.00002042	0.00001848	0
SPEX_USD	2018-12-27	0.00001857	0.00001965	0.00001981	0.00001844	0
SPEX_USD	2018-12-26	0.00001965	0.00001953	0.00001995	0.00001906	0
SPEX_USD	2018-12-25	0.00001953	0.00002073	0.00002076	0.00001910	0
SPEX_USD	2018-12-24	0.00002073	0.00002035	0.00002192	0.00002035	0
SPEX_USD	2018-12-23	0.00002035	0.00002063	0.00002105	0.00002019	0
SPEX_USD	2018-12-22	0.00002063	0.00001986	0.00002073	0.00001960	0
SPEX_USD	2018-12-21	0.00001986	0.00002106	0.00002144	0.00001953	0
SPEX_USD	2018-12-20	0.00002107	0.00001905	0.00002148	0.00001891	0
SPEX_USD	2018-12-19	0.00001905	0.00001890	0.00002020	0.00001881	0
SPEX_USD	2018-12-18	0.00001890	0.00001813	0.00001899	0.00001775	0
SPEX_USD	2018-12-17	0.00001813	0.00001650	0.00001852	0.00001643	0
SPEX_USD	2018-12-16	0.00001650	0.00001644	0.00001689	0.00001639	0
SPEX_USD	2018-12-15	0.00001644	0.00001641	0.00001660	0.00001609	0
SPEX_USD	2018-12-14	0.00001641	0.00001676	0.00001693	0.00001613	0
SPEX_USD	2018-12-13	0.00001676	0.00001769	0.00001772	0.00001665	0
SPEX_USD	2018-12-12	0.00001769	0.00001711	0.00001803	0.00001708	0
SPEX_USD	2018-12-11	0.00001726	0.00001762	0.00001775	0.00001698	0
SPEX_USD	2018-12-10	0.00001762	0.00001823	0.00001850	0.00001738	0
SPEX_USD	2018-12-09	0.00001823	0.00001753	0.00001889	0.00001735	0
SPEX_USD	2018-12-08	0.00001753	0.00001729	0.00001828	0.00001658	0
SPEX_USD	2018-12-07	0.00001729	0.00001770	0.00001800	0.00001642	0
SPEX_USD	2018-12-06	0.00001770	0.00001883	0.00001958	0.00001758	0
SPEX_USD	2018-12-05	0.00001883	0.00001991	0.00001999	0.00001876	0
SPEX_USD	2018-12-04	0.00001991	0.00001951	0.00002067	0.00001905	0
SPEX_USD	2018-12-03	0.00001951	0.00002080	0.00002089	0.00001920	0
SPEX_USD	2018-12-02	0.00002080	0.00002121	0.00002177	0.00002064	0
SPEX_USD	2018-12-01	0.00002121	0.00002019	0.00002169	0.00001990	0
SPEX_USD	2018-11-30	0.00002019	0.00002156	0.00002179	0.00001983	0
SPEX_USD	2018-11-29	0.00002156	0.00002153	0.00002234	0.00002091	0
SPEX_USD	2018-11-28	0.00002153	0.00001942	0.00002215	0.00001942	0
SPEX_USD	2018-11-27	0.00001942	0.00001928	0.00001971	0.00001857	0
SPEX_USD	2018-11-26	0.00001928	0.00002052	0.00002098	0.00001858	0
SPEX_USD	2018-11-25	0.00002052	0.00001965	0.00002100	0.00001831	0
SPEX_USD	2018-11-24	0.00001965	0.00002211	0.00002258	0.00001917	0
SPEX_USD	2018-11-23	0.00002211	0.00002196	0.00002241	0.00002126	0
SPEX_USD	2018-11-22	0.00002196	0.00002336	0.00002358	0.00002196	0
SPEX_USD	2018-11-21	0.00002336	0.00002294	0.00002386	0.00002215	0
SPEX_USD	2018-11-20	0.00002294	0.00002469	0.00002523	0.00002159	0
SPEX_USD	2018-11-19	0.00002469	0.00002830	0.00002830	0.00002445	0
SPEX_USD	2018-11-18	0.00002830	0.00002813	0.00002855	0.00002810	0
SPEX_USD	2018-11-17	0.00002813	0.00002830	0.00002830	0.00002787	0
SPEX_USD	2018-11-16	0.00002830	0.00002876	0.00002878	0.00002777	0
SPEX_USD	2018-11-15	0.00002876	0.00002942	0.00002965	0.00002721	0
SPEX_USD	2018-11-14	0.00002942	0.00003232	0.00003243	0.00002852	0
SPEX_USD	2018-11-13	0.00003232	0.00003223	0.00003249	0.00003202	0
SPEX_USD	2018-11-12	0.00003223	0.00003230	0.00003240	0.00003209	0
SPEX_USD	2018-11-11	0.00003230	0.00003216	0.00003230	0.00003182	0
SPEX_USD	2018-11-10	0.00003216	0.00003210	0.00003231	0.00003207	0
SPEX_USD	2018-11-09	0.00003210	0.00003240	0.00003251	0.00003197	0
SPEX_USD	2018-11-08	0.00003240	0.00003286	0.00003292	0.00003238	0
SPEX_USD	2018-11-07	0.00003286	0.00003258	0.00003304	0.00003256	0
SPEX_USD	2018-11-06	0.00003258	0.00003235	0.00003258	0.00003224	0
SPEX_USD	2018-11-05	0.00003235	0.00003243	0.00003248	0.00003220	0
SPEX_USD	2018-11-04	0.00003243	0.00003194	0.00003255	0.00003180	0
SPEX_USD	2018-11-03	0.00003194	0.00003213	0.00003216	0.00003166	0
SPEX_USD	2018-11-02	0.00003213	0.00003200	0.00003227	0.00003196	0
SPEX_USD	2018-11-01	0.00003200	0.00003184	0.00003212	0.00003177	0
SPEX_USD	2018-10-31	0.00003184	0.00003165	0.00003199	0.00003125	0
SPEX_USD	2018-10-30	0.00003165	0.00003172	0.00003190	0.00003157	0
SPEX_USD	2018-10-29	0.00003172	0.00003245	0.00003251	0.00003160	0
SPEX_USD	2018-10-28	0.00003245	0.00003250	0.00003255	0.00003228	0
SPEX_USD	2018-10-27	0.00003250	0.00003266	0.00003277	0.00003241	0
SPEX_USD	2018-10-26	0.00003266	0.00003264	0.00003293	0.00003257	0
SPEX_USD	2018-10-25	0.00003264	0.00003277	0.00003282	0.00003254	0
SPEX_USD	2018-10-24	0.00003277	0.00003275	0.00003311	0.00003272	0
SPEX_USD	2018-10-23	0.00003275	0.00003284	0.00003292	0.00003266	0
SPEX_USD	2018-10-22	0.00003284	0.00003294	0.00003314	0.00003275	0
SPEX_USD	2018-10-21	0.00003294	0.00003293	0.00003328	0.00003292	0
SPEX_USD	2018-10-20	0.00003293	0.00003264	0.00003304	0.00003256	0
SPEX_USD	2018-10-19	0.00003264	0.00003307	0.00003315	0.00003260	0
SPEX_USD	2018-10-18	0.00003307	0.00003367	0.00003389	0.00003284	0
SPEX_USD	2018-10-17	0.00003367	0.00003379	0.00003396	0.00003341	0
SPEX_USD	2018-10-16	0.00003379	0.00003371	0.00003446	0.00003340	0
SPEX_USD	2018-10-15	0.00003371	0.00003167	0.00003759	0.00003150	0
SPEX_USD	2018-10-14	0.00003167	0.00003163	0.00003200	0.00003159	0
SPEX_USD	2018-10-13	0.00003163	0.00003149	0.00003166	0.00003144	0
SPEX_USD	2018-10-12	0.00003149	0.00003128	0.00003174	0.00003112	0
SPEX_USD	2018-10-11	0.00003128	0.00003315	0.00003315	0.00003115	0
SPEX_USD	2018-10-10	0.00003315	0.00003332	0.00003332	0.00003265	0
SPEX_USD	2018-10-09	0.00003332	0.00003337	0.00003340	0.00003304	0
SPEX_USD	2018-10-08	0.00003337	0.00003300	0.00003359	0.00003293	0
SPEX_USD	2018-10-07	0.00003300	0.00003296	0.00003317	0.00003268	0
SPEX_USD	2018-10-06	0.00003296	0.00003322	0.00003324	0.00003282	0
SPEX_USD	2018-10-05	0.00003322	0.00003290	0.00003332	0.00003274	0
SPEX_USD	2018-10-04	0.00003290	0.00003252	0.00003316	0.00003250	0
SPEX_USD	2018-10-03	0.00003252	0.00003269	0.00003276	0.00003215	0
SPEX_USD	2018-10-02	0.00003269	0.00003300	0.00003317	0.00003257	0
SPEX_USD	2018-10-01	0.00003300	0.00003309	0.00003330	0.00003261	0
SPEX_USD	2018-09-30	0.00003309	0.00003302	0.00003328	0.00003266	0
SPEX_USD	2018-09-29	0.00003302	0.00003318	0.00003318	0.00003233	0
SPEX_USD	2018-09-28	0.00003318	0.00003344	0.00003413	0.00003273	0
SPEX_USD	2018-09-27	0.00003344	0.00003231	0.00003364	0.00003221	0
SPEX_USD	2018-09-26	0.00003231	0.00003217	0.00003276	0.00003193	0
SPEX_USD	2018-09-25	0.00003217	0.00003293	0.00003293	0.00003176	0
SPEX_USD	2018-09-24	0.00003293	0.00003356	0.00003361	0.00003278	0
SPEX_USD	2018-09-23	0.00003356	0.00003362	0.00003392	0.00003333	0
SPEX_USD	2018-09-22	0.00003362	0.00003386	0.00003420	0.00003322	0
SPEX_USD	2018-09-21	0.00003386	0.00003250	0.00003390	0.00003248	0
SPEX_USD	2018-09-20	0.00003250	0.00003196	0.00003262	0.00003179	0
SPEX_USD	2018-09-19	0.00003196	0.00003171	0.00003234	0.00003057	0
SPEX_USD	2018-09-18	0.00003171	0.00003127	0.00003191	0.00003115	0
SPEX_USD	2018-09-17	0.00003127	0.00003249	0.00003266	0.00003106	0
SPEX_USD	2018-09-16	0.00003249	0.00003260	0.00003260	0.00003190	0
SPEX_USD	2018-09-15	0.00003260	0.00003244	0.00003284	0.00003237	0
SPEX_USD	2018-09-14	0.00003244	0.00003238	0.00003293	0.00003187	0
SPEX_USD	2018-09-13	0.00003238	0.00003168	0.00003262	0.00003167	0
SPEX_USD	2018-09-12	0.00003168	0.00003145	0.00003175	0.00003102	0
SPEX_USD	2018-09-11	0.00003145	0.00003154	0.00003193	0.00003090	0
SPEX_USD	2018-09-10	0.00003154	0.00003120	0.00003173	0.00003120	0
SPEX_USD	2018-09-09	0.00003120	0.00003092	0.00003209	0.00003078	0
SPEX_USD	2018-09-08	0.00003092	0.00003202	0.00003238	0.00003070	0
SPEX_USD	2018-09-07	0.00003202	0.00003257	0.00003267	0.00003163	0
SPEX_USD	2018-09-06	0.00003257	0.00003352	0.00003360	0.00003156	0
SPEX_USD	2018-09-05	0.00003352	0.00003679	0.00003697	0.00003350	0
SPEX_USD	2018-09-04	0.00003679	0.00003635	0.00003705	0.00003623	0
SPEX_USD	2018-09-03	0.00003635	0.00003645	0.00003668	0.00003600	0
SPEX_USD	2018-09-02	0.00003645	0.00003599	0.00003673	0.00003569	0
SPEX_USD	2018-09-01	0.00003599	0.00003513	0.00003630	0.00003510	0
SPEX_USD	2018-08-31	0.00003513	0.00003497	0.00003542	0.00003448	0
SPEX_USD	2018-08-30	0.00003497	0.00003523	0.00003530	0.00003403	0
SPEX_USD	2018-08-29	0.00003523	0.00003539	0.00003564	0.00003464	0
SPEX_USD	2018-08-28	0.00003539	0.00003452	0.00003564	0.00003436	0
SPEX_USD	2018-08-27	0.00003452	0.00003354	0.00003456	0.00003330	0
SPEX_USD	2018-08-26	0.00003354	0.00003370	0.00003390	0.00003291	0
SPEX_USD	2018-08-25	0.00003370	0.00003347	0.00003396	0.00003335	0
SPEX_USD	2018-08-24	0.00003347	0.00003264	0.00003363	0.00003231	0
SPEX_USD	2018-08-23	0.00003264	0.00003177	0.00003283	0.00003175	0
SPEX_USD	2018-08-22	0.00003177	0.00003240	0.00003433	0.00003126	0
SPEX_USD	2018-08-21	0.00003240	0.00003128	0.00003250	0.00003125	0
SPEX_USD	2018-08-20	0.00003128	0.00003243	0.00003260	0.00003115	0
SPEX_USD	2018-08-19	0.00003243	0.00003195	0.00003270	0.00003155	0
SPEX_USD	2018-08-18	0.00003195	0.00003294	0.00003305	0.00003152	0
SPEX_USD	2018-08-17	0.00003294	0.00003156	0.00003294	0.00003146	0
SPEX_USD	2018-08-16	0.00003156	0.00003135	0.00003236	0.00003113	0
SPEX_USD	2018-08-15	0.00003135	0.00003093	0.00003307	0.00003091	0
SPEX_USD	2018-08-14	0.00003093	0.00003126	0.00003126	0.00002943	0
SPEX_USD	2018-08-13	0.00003126	0.00003157	0.00003268	0.00003080	0
SPEX_USD	2018-08-12	0.00003157	0.00003112	0.00003225	0.00003087	0
SPEX_USD	2018-08-11	0.00003112	0.00003072	0.00003229	0.00003005	0
SPEX_USD	2018-08-10	0.00003072	0.00003264	0.00003287	0.00003009	0
SPEX_USD	2018-08-09	0.00003264	0.00003139	0.00003311	0.00003095	0
SPEX_USD	2018-08-08	0.00003139	0.00003359	0.00003359	0.00003066	0
SPEX_USD	2018-08-07	0.00003359	0.00003469	0.00003575	0.00003341	0
SPEX_USD	2018-08-06	0.00003469	0.00003516	0.00003573	0.00003426	0
SPEX_USD	2018-08-05	0.00003516	0.00003503	0.00003545	0.00003445	0
SPEX_USD	2018-08-04	0.00003503	0.00003708	0.00003744	0.00003465	0
SPEX_USD	2018-08-03	0.00003708	0.00003768	0.00003768	0.00003642	0
SPEX_USD	2018-08-02	0.00003768	0.00003805	0.00003850	0.00003731	0
SPEX_USD	2018-08-01	0.00003805	0.00003873	0.00003877	0.00003722	0
SPEX_USD	2018-07-31	0.00003873	0.00004086	0.00004088	0.00003835	0
SPEX_USD	2018-07-30	0.00004086	0.00004111	0.00004138	0.00003933	0
SPEX_USD	2018-07-29	0.00004111	0.00004089	0.00004138	0.00004062	0
SPEX_USD	2018-07-27	0.00004123	0.00004123	0.00004123	0.00004123	0
SPEX_USD	2018-07-26	0.00004123	0.00004089	0.00004152	0.00004088	0
SPEX_USD	2018-07-25	0.00004089	0.00004206	0.00004243	0.00004038	0
SPEX_USD	2018-07-24	0.00004206	0.00003857	0.00004236	0.00003846	0
SPEX_USD	2018-07-23	0.00003857	0.00003701	0.00003890	0.00003687	0
SPEX_USD	2018-07-22	0.00003701	0.00003702	0.00003782	0.00003673	0
SPEX_USD	2018-07-21	0.00003702	0.00003666	0.00003723	0.00003611	0
SPEX_USD	2018-07-20	0.00003666	0.00003737	0.00003840	0.00003640	0
SPEX_USD	2018-07-19	0.00003737	0.00003683	0.00003778	0.00003643	0
SPEX_USD	2018-07-18	0.00003683	0.00003660	0.00003790	0.00003625	0
SPEX_USD	2018-07-17	0.00003660	0.00003368	0.00003731	0.00003334	0
SPEX_USD	2018-07-16	0.00003368	0.00003173	0.00003374	0.00003166	0
SPEX_USD	2018-07-15	0.00003173	0.00003125	0.00003194	0.00003117	0
SPEX_USD	2018-07-14	0.00003125	0.00003110	0.00003151	0.00003090	0
SPEX_USD	2018-07-13	0.00003110	0.00003116	0.00003164	0.00003072	0
SPEX_USD	2018-07-12	0.00003116	0.00003189	0.00003189	0.00003041	0
SPEX_USD	2018-07-11	0.00003189	0.00003150	0.00003197	0.00003145	0
SPEX_USD	2018-07-10	0.00003150	0.00003330	0.00003340	0.00003140	0
SPEX_USD	2018-07-09	0.00003330	0.00003354	0.00003398	0.00003318	0
SPEX_USD	2018-07-08	0.00003354	0.00003381	0.00003395	0.00003341	0
SPEX_USD	2018-07-07	0.00003381	0.00003301	0.00003413	0.00003256	0
SPEX_USD	2018-07-06	0.00003301	0.00003270	0.00003315	0.00003226	0
SPEX_USD	2018-07-05	0.00003270	0.00003295	0.00003349	0.00003230	0
SPEX_USD	2018-07-04	0.00003295	0.00003250	0.00003357	0.00003209	0
SPEX_USD	2018-07-03	0.00003250	0.00003309	0.00003335	0.00000044	0
SPEX_USD	2018-07-02	0.00003309	0.00003174	0.00003337	0.00000001	0
SPEX_USD	2018-07-01	0.00003175	0.00003206	0.00003216	0.00003135	0
SPEX_USD	2018-06-30	0.00003196	0.00003102	0.00003258	0.00003102	0
SPEX_USD	2018-06-29	0.00003104	0.00002925	0.00003137	0.00002900	0
SPEX_USD	2018-06-28	0.00002929	0.00003068	0.00003082	0.00002915	0
SPEX_USD	2018-06-27	0.00003067	0.00003033	0.00003090	0.00002994	0
SPEX_USD	2018-06-26	0.00003043	0.00003125	0.00003137	0.00003026	0
SPEX_USD	2018-06-25	0.00003123	0.00003073	0.00003158	0.00003041	0
SPEX_USD	2018-06-24	0.00003074	0.00003080	0.00003119	0.00002887	0
SPEX_USD	2018-06-23	0.00003076	0.00003026	0.00003124	0.00003008	0
SPEX_USD	2018-06-22	0.00003021	0.00003358	0.00003365	0.00002968	0
SPEX_USD	2018-06-21	0.00003357	0.00003377	0.00003393	0.00003345	0
SPEX_USD	2018-06-20	0.00003380	0.00003366	0.00003406	0.00003280	0
SPEX_USD	2018-06-19	0.00003370	0.00003356	0.00003414	0.00003335	0
SPEX_USD	2018-06-18	0.00003355	0.00003222	0.00003393	0.00003194	0
SPEX_USD	2018-06-17	0.00003219	0.00003244	0.00003285	0.00003213	0
SPEX_USD	2018-06-16	0.00003243	0.00003192	0.00003275	0.00003165	0
SPEX_USD	2018-06-15	0.00003191	0.00003321	0.00003321	0.00003180	0
SPEX_USD	2018-06-14	0.00003315	0.00003148	0.00003349	0.00003136	0
SPEX_USD	2018-06-13	0.00003146	0.00003272	0.00003303	0.00003064	0
SPEX_USD	2018-06-12	0.00003271	0.00003435	0.00003435	0.00003221	0
SPEX_USD	2018-06-11	0.00003437	0.00003379	0.00003448	0.00003319	0
SPEX_USD	2018-06-10	0.00003375	0.00003749	0.00003749	0.00003321	0
SPEX_USD	2018-06-09	0.00003748	0.00003811	0.00003842	0.00003736	0
SPEX_USD	2018-06-08	0.00003808	0.00003843	0.00003848	0.00003772	0
SPEX_USD	2018-06-07	0.00003844	0.00003834	0.00003878	0.00003823	0
SPEX_USD	2018-06-06	0.00003827	0.00003814	0.00003848	0.00003748	0
SPEX_USD	2018-06-05	0.00003811	0.00003745	0.00003836	0.00003686	0
SPEX_USD	2018-06-04	0.00003747	0.00003862	0.00003879	0.00003729	0
SPEX_USD	2018-06-03	0.00003859	0.00003816	0.00003888	0.00003800	0
SPEX_USD	2018-06-02	0.00003819	0.00003764	0.00003845	0.00003727	0
SPEX_USD	2018-06-01	0.00003761	0.00003742	0.00003800	0.00003676	0
SPEX_USD	2018-05-31	0.00003743	0.00003686	0.00003800	0.00003669	0
SPEX_USD	2018-05-30	0.00003688	0.00003733	0.00003779	0.00003640	0
SPEX_USD	2018-05-29	0.00003728	0.00003552	0.00003760	0.00003524	0
SPEX_USD	2018-05-28	0.00003550	0.00003671	0.00003715	0.00003535	0
SPEX_USD	2018-05-27	0.00003670	0.00003665	0.00003694	0.00003611	0
SPEX_USD	2018-05-26	0.00003664	0.00003728	0.00003807	0.00003644	0
SPEX_USD	2018-05-25	0.00003729	0.00003788	0.00003824	0.00003666	0
SPEX_USD	2018-05-24	0.00003786	0.00003752	0.00003858	0.00003632	0
SPEX_USD	2018-05-23	0.00003755	0.00003989	0.00004010	0.00003724	0
SPEX_USD	2018-05-22	0.00003990	0.00004198	0.00004202	0.00003975	0
SPEX_USD	2018-05-21	0.00004198	0.00004262	0.00004272	0.00004182	0
SPEX_USD	2018-05-20	0.00004262	0.00004120	0.00004291	0.00004086	0
SPEX_USD	2018-05-19	0.00004120	0.00004119	0.00004196	0.00004072	0
SPEX_USD	2018-05-18	0.00004119	0.00004028	0.00004137	0.00003964	0
SPEX_USD	2018-05-17	0.00004033	0.00004174	0.00004232	0.00003998	0
SPEX_USD	2018-05-16	0.00004171	0.00004231	0.00004244	0.00004052	0
SPEX_USD	2018-05-15	0.00004233	0.00004333	0.00004413	0.00004213	0
SPEX_USD	2018-05-14	0.00004334	0.00004342	0.00004439	0.00004139	0
SPEX_USD	2018-05-13	0.00004342	0.00004237	0.00004376	0.00004164	0
SPEX_USD	2018-05-12	0.00004228	0.00004196	0.00004314	0.00004103	0
SPEX_USD	2018-05-11	0.00004196	0.00004509	0.00004509	0.00004173	0
SPEX_USD	2018-05-10	0.00004509	0.00004659	0.00004695	0.00004502	0
SPEX_USD	2018-05-09	0.00004659	0.00004592	0.00004685	0.00004490	0
SPEX_USD	2018-05-08	0.00004595	0.00004679	0.00004695	0.00000001	0
SPEX_USD	2018-05-07	0.00004714	0.00004830	0.00004838	0.00004600	0
SPEX_USD	2018-05-06	0.00004830	0.00004932	0.00004982	0.00004727	0
SPEX_USD	2018-05-05	0.00004927	0.00004854	0.00004993	0.00004843	0
SPEX_USD	2018-05-04	0.00004854	0.00004883	0.00004906	0.00004781	0
SPEX_USD	2018-05-03	0.00004883	0.00004618	0.00004918	0.00004586	0
SPEX_USD	2018-05-02	0.00004618	0.00004533	0.00004635	0.00004490	0
SPEX_USD	2018-05-01	0.00004537	0.00004618	0.00004619	0.00004418	0
SPEX_USD	2018-04-30	0.00004618	0.00004699	0.00004725	0.00004558	0
SPEX_USD	2018-04-29	0.00004699	0.00004670	0.00004780	0.00004592	0
SPEX_USD	2018-04-28	0.00004670	0.00004465	0.00004717	0.00004436	0
SPEX_USD	2018-04-27	0.00004465	0.00004648	0.00004690	0.00004452	0
SPEX_USD	2018-04-26	0.00004648	0.00004438	0.00004654	0.00004332	0
SPEX_USD	2018-04-25	0.00004438	0.00004825	0.00004878	0.00004392	0
SPEX_USD	2018-04-24	0.00004837	0.00004470	0.00004869	0.00004465	0
SPEX_USD	2018-04-23	0.00004470	0.00004400	0.00004503	0.00004386	0
SPEX_USD	2018-04-22	0.00004400	0.00004457	0.00004513	0.00004376	0
SPEX_USD	2018-04-21	0.00004457	0.00004435	0.00004515	0.00004310	0
SPEX_USD	2018-04-20	0.00004435	0.00004137	0.00004465	0.00004113	0
SPEX_USD	2018-04-19	0.00004137	0.00004083	0.00004148	0.00004055	0
SPEX_USD	2018-04-18	0.00004083	0.00003945	0.00004112	0.00003938	0
SPEX_USD	2018-04-17	0.00003945	0.00004028	0.00004083	0.00003914	0
SPEX_USD	2018-04-16	0.00004028	0.00004179	0.00004202	0.00003951	0
SPEX_USD	2018-04-15	0.00004179	0.00004003	0.00004211	0.00004002	0
SPEX_USD	2018-04-14	0.00004003	0.00003939	0.00004091	0.00003911	0
SPEX_USD	2018-04-13	0.00003939	0.00003956	0.00004113	0.00003879	0
SPEX_USD	2018-04-12	0.00003956	0.00003471	0.00004032	0.00003381	0
SPEX_USD	2018-04-11	0.00003471	0.00003420	0.00003486	0.00003398	0
SPEX_USD	2018-04-10	0.00003420	0.00003381	0.00003445	0.00003326	0
SPEX_USD	2018-04-09	0.00003380	0.00003507	0.00003592	0.00003306	0
SPEX_USD	2018-04-08	0.00003507	0.00003444	0.00003553	0.00003442	0
SPEX_USD	2018-04-07	0.00003444	0.00003307	0.00003532	0.00003300	0
SPEX_USD	2018-04-06	0.00003307	0.00003381	0.00003422	0.00003254	0
SPEX_USD	2018-04-05	0.00003381	0.00003393	0.00003454	0.00003286	0
SPEX_USD	2018-04-04	0.00003393	0.00003702	0.00003708	0.00003348	0
SPEX_USD	2018-04-03	0.00003702	0.00003526	0.00003754	0.00003510	0
SPEX_USD	2018-04-02	0.00003526	0.00003405	0.00003558	0.00003387	0
SPEX_USD	2018-04-01	0.00003405	0.00003463	0.00003515	0.00003218	0
SPEX_USD	2018-03-31	0.00003463	0.00003420	0.00003611	0.00003397	0
SPEX_USD	2018-03-30	0.00003420	0.00003546	0.00003629	0.00003289	0
SPEX_USD	2018-03-29	0.00003546	0.00003970	0.00003981	0.00003447	0
SPEX_USD	2018-03-28	0.00003970	0.00003892	0.00004052	0.00003865	0
SPEX_USD	2018-03-27	0.00003892	0.00004062	0.00004103	0.00003871	0
SPEX_USD	2018-03-26	0.00004062	0.00004223	0.00004246	0.00003924	0
SPEX_USD	2018-03-25	0.00004223	0.00004253	0.00004329	0.00004187	0
SPEX_USD	2018-03-24	0.00004253	0.00004451	0.00004505	0.00004248	0
SPEX_USD	2018-03-23	0.00004451	0.00004358	0.00004452	0.00004137	0
SPEX_USD	2018-03-22	0.00004358	0.00004450	0.00004543	0.00004239	0
SPEX_USD	2018-03-21	0.00004450	0.00004448	0.00004583	0.00004380	0
SPEX_USD	2018-03-20	0.00004448	0.00004300	0.00004512	0.00004157	0
SPEX_USD	2018-03-19	0.00004300	0.00004104	0.00004349	0.00004056	0
SPEX_USD	2018-03-18	0.00004104	0.00003935	0.00004133	0.00003662	0
SPEX_USD	2018-03-17	0.00003935	0.00004146	0.00004170	0.00003875	0
SPEX_USD	2018-03-16	0.00004146	0.00004127	0.00004295	0.00003952	0
SPEX_USD	2018-03-15	0.00004127	0.00004092	0.00004202	0.00003840	0
SPEX_USD	2018-03-14	0.00004092	0.00004567	0.00004676	0.00003962	0
SPEX_USD	2018-03-13	0.00004567	0.00004560	0.00004737	0.00004423	0
SPEX_USD	2018-03-12	0.00004560	0.00004755	0.00004946	0.00004401	0
SPEX_USD	2018-03-11	0.00004755	0.00004378	0.00004856	0.00004215	0
SPEX_USD	2018-03-10	0.00004378	0.00004610	0.00004749	0.00004356	0
SPEX_USD	2018-03-09	0.00004610	0.00004649	0.00004710	0.00004175	0
SPEX_USD	2018-03-08	0.00004649	0.00004941	0.00005042	0.00004522	0
SPEX_USD	2018-03-07	0.00004937	0.00005361	0.00005449	0.00004717	0
SPEX_USD	2018-03-06	0.00005361	0.00005744	0.00005744	0.00005291	0
SPEX_USD	2018-03-05	0.00005744	0.00005754	0.00005848	0.00005739	0
SPEX_USD	2018-03-04	0.00005718	0.00005718	0.00005718	0.00005718	0
SPEX_USD	2018-03-03	0.00005512	0.00005512	0.00005512	0.00005512	0
SPEX_USD	2018-03-02	0.00005463	0.00005463	0.00005463	0.00005463	0
