SPHTX_USD	2019-04-09	0.00592	0.00681	0.00687	0.00587	0
SPHTX_USD	2019-04-08	0.00681	0.00686	0.00694	0.00587	0
SPHTX_USD	2019-04-07	0.00686	0.00663	0.00695	0.00607	0
SPHTX_USD	2019-04-06	0.00663	0.00668	0.00693	0.00662	0
SPHTX_USD	2019-04-05	0.00668	0.00378	0.00668	0.00378	0
SPHTX_USD	2019-04-04	0.00378	0.00537	0.00582	0.00378	30
SPHTX_USD	2019-04-03	0.00537	0.00525	0.00675	0.00487	0
SPHTX_USD	2019-04-02	0.00525	0.00451	0.00539	0.00450	0
SPHTX_USD	2019-04-01	0.00451	0.00516	0.00526	0.00432	0
SPHTX_USD	2019-03-31	0.00516	0.00468	0.00549	0.00455	0
SPHTX_USD	2019-03-30	0.00468	0.00573	0.00615	0.00396	0
SPHTX_USD	2019-03-29	0.00573	0.00420	0.00587	0.00360	0
SPHTX_USD	2019-03-28	0.00420	0.00375	0.00625	0.00366	0
SPHTX_USD	2019-03-27	0.00375	0.00370	0.00376	0.00369	0
SPHTX_USD	2019-03-26	0.00370	0.00397	0.00398	0.00341	0
SPHTX_USD	2019-03-25	0.00397	0.00607	0.00628	0.00376	0
SPHTX_USD	2019-03-24	0.00607	0.00612	0.00635	0.00561	0
SPHTX_USD	2019-03-23	0.00612	0.00425	0.00633	0.00425	0
SPHTX_USD	2019-03-22	0.00425	0.00440	0.00473	0.00387	0
SPHTX_USD	2019-03-21	0.00440	0.00425	0.00639	0.00425	0
SPHTX_USD	2019-03-20	0.00425	0.00670	0.00677	0.00370	0
SPHTX_USD	2019-03-19	0.00670	0.00661	0.00702	0.00473	0
SPHTX_USD	2019-03-18	0.00661	0.00635	0.00675	0.00510	0
SPHTX_USD	2019-03-17	0.00635	0.00641	0.00696	0.00495	0
SPHTX_USD	2019-03-16	0.00641	0.00600	0.00771	0.00518	0
SPHTX_USD	2019-03-15	0.00600	0.00704	0.00831	0.00547	0
SPHTX_USD	2019-03-14	0.00704	0.00884	0.00896	0.00542	0
SPHTX_USD	2019-03-13	0.00884	0.00926	0.00930	0.00662	0
SPHTX_USD	2019-03-12	0.00926	0.00213	0.00928	0.00213	0
SPHTX_USD	2019-03-11	0.00213	0.00957	0.00957	0.00198	1850
SPHTX_USD	2019-03-10	0.00957	0.01014	0.01803	0.00676	0
SPHTX_USD	2019-03-09	0.01014	0.01032	0.01119	0.00824	0
SPHTX_USD	2019-03-08	0.01032	0.01019	0.01053	0.01008	0
SPHTX_USD	2019-03-07	0.01019	0.00143	0.01042	0.00143	0
SPHTX_USD	2019-03-06	0.00143	0.00142	0.00143	0.00142	860
SPHTX_USD	2019-03-05	0.00142	0.00142	0.00286	0.00142	5917
SPHTX_USD	2019-03-04	0.00142	0.01364	0.01411	0.00142	5075
SPHTX_USD	2019-03-03	0.01364	0.01394	0.01461	0.01364	0
SPHTX_USD	2019-03-02	0.01394	0.01392	0.01608	0.01390	0
SPHTX_USD	2019-03-01	0.01392	0.01515	0.01515	0.01340	0
SPHTX_USD	2019-02-28	0.01515	0.01522	0.01609	0.01436	0
SPHTX_USD	2019-02-27	0.01522	0.01580	0.01592	0.01431	0
SPHTX_USD	2019-02-26	0.01580	0.01589	0.01593	0.01571	0
SPHTX_USD	2019-02-25	0.01589	0.01575	0.01615	0.01570	0
SPHTX_USD	2019-02-24	0.01575	0.00312	0.01743	0.00312	0
SPHTX_USD	2019-02-23	0.00312	0.00280	0.00312	0.00280	680
SPHTX_USD	2019-02-22	0.00280	0.01648	0.01659	0.00280	357
SPHTX_USD	2019-02-21	0.01648	0.00239	0.01653	0.00239	0
SPHTX_USD	2019-02-20	0.00239	0.01460	0.01490	0.00235	5124
SPHTX_USD	2019-02-19	0.01460	0.01406	0.01500	0.01400	0
SPHTX_USD	2019-02-18	0.01406	0.01336	0.01407	0.01285	0
SPHTX_USD	2019-02-17	0.01336	0.01252	0.01342	0.01245	0
SPHTX_USD	2019-02-16	0.01252	0.01255	0.01278	0.01243	0
SPHTX_USD	2019-02-15	0.01255	0.01247	0.01271	0.01245	0
SPHTX_USD	2019-02-14	0.01247	0.00200	0.01252	0.00200	0
SPHTX_USD	2019-02-13	0.00200	0.01137	0.01300	0.00200	599
SPHTX_USD	2019-02-12	0.01137	0.01133	0.01142	0.01102	0
SPHTX_USD	2019-02-11	0.01133	0.01148	0.01160	0.01115	0
SPHTX_USD	2019-02-10	0.01148	0.01142	0.01150	0.01093	0
SPHTX_USD	2019-02-09	0.01142	0.00200	0.01174	0.00200	0
SPHTX_USD	2019-02-08	0.00200	0.01090	0.01300	0.00200	10718
SPHTX_USD	2019-02-07	0.01090	0.01096	0.01114	0.01080	0
SPHTX_USD	2019-02-06	0.01096	0.01126	0.01131	0.01053	0
SPHTX_USD	2019-02-05	0.01126	0.01099	0.01178	0.01021	0
SPHTX_USD	2019-02-04	0.01099	0.01137	0.01194	0.01045	0
SPHTX_USD	2019-02-03	0.01137	0.01138	0.01278	0.01104	0
SPHTX_USD	2019-02-02	0.01138	0.01208	0.01313	0.01121	0
SPHTX_USD	2019-02-01	0.01208	0.01217	0.01377	0.01030	0
SPHTX_USD	2019-01-31	0.01217	0.01220	0.01613	0.01184	0
SPHTX_USD	2019-01-30	0.01220	0.01169	0.01412	0.01162	0
SPHTX_USD	2019-01-29	0.01169	0.01213	0.01426	0.01166	0
SPHTX_USD	2019-01-28	0.01213	0.01312	0.01460	0.01158	0
SPHTX_USD	2019-01-27	0.01312	0.01269	0.01526	0.01125	0
SPHTX_USD	2019-01-26	0.01269	0.01300	0.01484	0.01155	0
SPHTX_USD	2019-01-25	0.01300	0.01349	0.01522	0.01162	0
SPHTX_USD	2019-01-24	0.01349	0.01407	0.01497	0.01263	0
SPHTX_USD	2019-01-23	0.01407	0.01457	0.01499	0.01268	0
SPHTX_USD	2019-01-22	0.01457	0.01333	0.01581	0.01262	0
SPHTX_USD	2019-01-21	0.01333	0.01326	0.01529	0.01189	0
SPHTX_USD	2019-01-20	0.01326	0.01578	0.01624	0.01319	0
SPHTX_USD	2019-01-19	0.01578	0.01598	0.01614	0.01358	0
SPHTX_USD	2019-01-18	0.01598	0.01625	0.01636	0.01339	0
SPHTX_USD	2019-01-17	0.01625	0.01511	0.01629	0.01483	0
SPHTX_USD	2019-01-16	0.01511	0.01358	0.01514	0.01339	0
SPHTX_USD	2019-01-15	0.01358	0.01343	0.01564	0.01342	0
SPHTX_USD	2019-01-14	0.01343	0.00198	0.01343	0.00198	0
SPHTX_USD	2019-01-13	0.00198	0.01702	0.01747	0.00198	199
SPHTX_USD	2019-01-12	0.01702	0.01679	0.03014	0.01664	0
SPHTX_USD	2019-01-11	0.01679	0.01665	0.01733	0.01652	0
SPHTX_USD	2019-01-10	0.01665	0.01678	0.01707	0.01464	0
SPHTX_USD	2019-01-09	0.01678	0.01692	0.01729	0.01567	0
SPHTX_USD	2019-01-08	0.01692	0.01565	0.01754	0.01488	0
SPHTX_USD	2019-01-07	0.01565	0.01606	0.01714	0.01394	0
SPHTX_USD	2019-01-06	0.01606	0.01440	0.02847	0.01372	0
SPHTX_USD	2019-01-05	0.01440	0.01373	0.01467	0.01372	0
SPHTX_USD	2019-01-04	0.01373	0.01367	0.01467	0.01331	0
SPHTX_USD	2019-01-03	0.01367	0.01534	0.01538	0.01310	0
SPHTX_USD	2019-01-02	0.01534	0.01386	0.01545	0.01284	0
SPHTX_USD	2019-01-01	0.01386	0.00379	0.01391	0.00379	0
SPHTX_USD	2018-12-31	0.00379	0.01209	0.01488	0.00379	500
SPHTX_USD	2018-12-30	0.01209	0.01220	0.01240	0.01150	0
SPHTX_USD	2018-12-29	0.01220	0.01283	0.01332	0.01216	0
SPHTX_USD	2018-12-28	0.01283	0.00420	0.01321	0.00420	0
SPHTX_USD	2018-12-27	0.00420	0.01133	0.01179	0.00420	200
SPHTX_USD	2018-12-26	0.01133	0.01084	0.01156	0.01068	0
SPHTX_USD	2018-12-25	0.01084	0.01091	0.01172	0.00928	0
SPHTX_USD	2018-12-24	0.01091	0.01249	0.01341	0.01010	0
SPHTX_USD	2018-12-23	0.01249	0.01345	0.01363	0.01172	0
SPHTX_USD	2018-12-22	0.01345	0.01315	0.01368	0.01275	0
SPHTX_USD	2018-12-21	0.01315	0.01527	0.01541	0.01289	0
SPHTX_USD	2018-12-20	0.01527	0.01407	0.01556	0.01368	0
SPHTX_USD	2018-12-19	0.01407	0.01421	0.01475	0.01380	0
SPHTX_USD	2018-12-18	0.01421	0.01429	0.01444	0.01341	0
SPHTX_USD	2018-12-17	0.01429	0.01220	0.01463	0.01204	0
SPHTX_USD	2018-12-16	0.01220	0.01184	0.01239	0.01183	0
SPHTX_USD	2018-12-15	0.01184	0.01241	0.01242	0.01164	0
SPHTX_USD	2018-12-14	0.01241	0.01243	0.01253	0.01194	0
SPHTX_USD	2018-12-13	0.01243	0.01309	0.01321	0.01174	0
SPHTX_USD	2018-12-12	0.01309	0.01225	0.01381	0.01215	0
SPHTX_USD	2018-12-11	0.01234	0.00298	0.01359	0.00298	0
SPHTX_USD	2018-12-10	0.00298	0.02565	0.02599	0.00298	1680
SPHTX_USD	2018-12-09	0.02565	0.02476	0.02649	0.02452	0
SPHTX_USD	2018-12-08	0.02476	0.02446	0.02572	0.02355	0
SPHTX_USD	2018-12-07	0.02446	0.02498	0.02536	0.02334	0
SPHTX_USD	2018-12-06	0.02498	0.02642	0.02737	0.02482	0
SPHTX_USD	2018-12-05	0.02642	0.02780	0.02789	0.02632	0
SPHTX_USD	2018-12-04	0.02780	0.02729	0.02876	0.02670	0
SPHTX_USD	2018-12-03	0.02729	0.00480	0.02807	0.00480	0
SPHTX_USD	2018-12-02	0.00480	0.02803	0.02873	0.00414	1344
SPHTX_USD	2018-12-01	0.02803	0.02672	0.02864	0.02635	0
SPHTX_USD	2018-11-30	0.02672	0.02847	0.02876	0.02627	0
SPHTX_USD	2018-11-29	0.02847	0.02843	0.02947	0.02764	0
SPHTX_USD	2018-11-28	0.02843	0.00194	0.02923	0.00194	0
SPHTX_USD	2018-11-27	0.00194	0.00414	0.00414	0.00194	715
SPHTX_USD	2018-11-26	0.00414	0.02845	0.02903	0.00414	215
SPHTX_USD	2018-11-25	0.02845	0.02734	0.02906	0.02563	0
SPHTX_USD	2018-11-24	0.02734	0.03048	0.03107	0.02673	0
SPHTX_USD	2018-11-23	0.03048	0.03029	0.03085	0.02939	0
SPHTX_USD	2018-11-22	0.03029	0.03207	0.03236	0.03029	0
SPHTX_USD	2018-11-21	0.03207	0.00455	0.03271	0.00455	0
SPHTX_USD	2018-11-20	0.00455	0.03373	0.03442	0.00455	620
SPHTX_USD	2018-11-19	0.03373	0.03833	0.03833	0.03343	0
SPHTX_USD	2018-11-18	0.03833	0.03812	0.03866	0.03809	0
SPHTX_USD	2018-11-17	0.03812	0.03834	0.03834	0.03778	0
SPHTX_USD	2018-11-16	0.03834	0.03892	0.03895	0.03767	0
SPHTX_USD	2018-11-15	0.03892	0.03977	0.04005	0.03694	0
SPHTX_USD	2018-11-14	0.03977	0.04347	0.04360	0.03862	0
SPHTX_USD	2018-11-13	0.04347	0.04335	0.04368	0.04308	0
SPHTX_USD	2018-11-12	0.04335	0.04344	0.04356	0.04318	0
SPHTX_USD	2018-11-11	0.04344	0.04325	0.04344	0.04283	0
SPHTX_USD	2018-11-10	0.04325	0.00448	0.04345	0.00448	0
SPHTX_USD	2018-11-09	0.00448	0.04487	0.04502	0.00448	92
SPHTX_USD	2018-11-08	0.04487	0.04547	0.04555	0.04486	0
SPHTX_USD	2018-11-07	0.04547	0.04510	0.04569	0.04508	0
SPHTX_USD	2018-11-06	0.04510	0.00710	0.04510	0.00710	0
SPHTX_USD	2018-11-05	0.00710	0.00710	0.00899	0.00710	90
SPHTX_USD	2018-11-04	0.00710	0.04429	0.04506	0.00710	24
SPHTX_USD	2018-11-03	0.04429	0.04454	0.04457	0.04393	0
SPHTX_USD	2018-11-02	0.04454	0.04436	0.04472	0.04431	0
SPHTX_USD	2018-11-01	0.04436	0.04416	0.04451	0.04407	0
SPHTX_USD	2018-10-31	0.04416	0.04392	0.04435	0.04341	0
SPHTX_USD	2018-10-30	0.04392	0.00710	0.04424	0.00710	0
SPHTX_USD	2018-10-29	0.00710	0.00800	0.00800	0.00710	827
SPHTX_USD	2018-10-28	0.00800	0.01100	0.01100	0.00800	956
SPHTX_USD	2018-10-27	0.01100	0.00710	0.04535	0.00710	982
SPHTX_USD	2018-10-26	0.00710	0.00750	0.00750	0.00710	803
SPHTX_USD	2018-10-25	0.00750	0.04530	0.04536	0.00750	592
SPHTX_USD	2018-10-24	0.04530	0.04527	0.04574	0.04523	0
SPHTX_USD	2018-10-23	0.04527	0.04538	0.04549	0.04516	0
SPHTX_USD	2018-10-22	0.04538	0.04552	0.04577	0.04527	0
SPHTX_USD	2018-10-21	0.04552	0.04550	0.04594	0.04549	0
SPHTX_USD	2018-10-20	0.04550	0.04513	0.04565	0.04503	0
SPHTX_USD	2018-10-19	0.04513	0.04568	0.04578	0.04508	0
SPHTX_USD	2018-10-18	0.04568	0.04645	0.04673	0.04539	0
SPHTX_USD	2018-10-17	0.04645	0.04660	0.04682	0.04611	0
SPHTX_USD	2018-10-16	0.04660	0.04650	0.04745	0.04610	0
SPHTX_USD	2018-10-15	0.04650	0.04389	0.05144	0.04368	0
SPHTX_USD	2018-10-14	0.04389	0.04385	0.04431	0.04380	0
SPHTX_USD	2018-10-13	0.04385	0.04366	0.04388	0.04361	0
SPHTX_USD	2018-10-12	0.04366	0.04339	0.04399	0.04319	0
SPHTX_USD	2018-10-11	0.04339	0.04578	0.04578	0.04323	0
SPHTX_USD	2018-10-10	0.04578	0.04599	0.04599	0.04514	0
SPHTX_USD	2018-10-09	0.04599	0.00700	0.04603	0.00700	0
SPHTX_USD	2018-10-08	0.00700	0.04560	0.04573	0.00679	9256
SPHTX_USD	2018-10-07	0.04560	0.04554	0.04581	0.04518	0
SPHTX_USD	2018-10-06	0.04554	0.04588	0.04590	0.04536	0
SPHTX_USD	2018-10-05	0.04588	0.04546	0.04601	0.04526	0
SPHTX_USD	2018-10-04	0.04546	0.04497	0.04580	0.04495	0
SPHTX_USD	2018-10-03	0.04497	0.04520	0.04529	0.04451	0
SPHTX_USD	2018-10-02	0.04520	0.00700	0.04550	0.00700	0
SPHTX_USD	2018-10-01	0.00700	0.00661	0.00700	0.00511	2635
SPHTX_USD	2018-09-30	0.00661	0.04822	0.08475	0.00510	1145
SPHTX_USD	2018-09-29	0.04822	0.04841	0.08420	0.04733	0
SPHTX_USD	2018-09-28	0.04841	0.01219	0.04873	0.01219	0
SPHTX_USD	2018-09-27	0.01219	0.00350	0.04333	0.00350	82
SPHTX_USD	2018-09-26	0.00350	0.04714	0.04778	0.00350	285
SPHTX_USD	2018-09-25	0.04714	0.01220	0.04715	0.01220	0
SPHTX_USD	2018-09-24	0.01220	0.04830	0.08462	0.00353	26420
SPHTX_USD	2018-09-23	0.04830	0.01100	0.04838	0.01100	0
SPHTX_USD	2018-09-22	0.01100	0.04769	0.04813	0.01100	39
SPHTX_USD	2018-09-21	0.04769	0.00900	0.04774	0.00900	0
SPHTX_USD	2018-09-20	0.00900	0.00611	0.01300	0.00611	1884
SPHTX_USD	2018-09-19	0.00611	0.04400	0.04414	0.00611	322
SPHTX_USD	2018-09-18	0.04400	0.04344	0.04425	0.04328	0
SPHTX_USD	2018-09-17	0.04344	0.04499	0.04521	0.04317	0
SPHTX_USD	2018-09-16	0.04499	0.00710	0.04512	0.00710	0
SPHTX_USD	2018-09-15	0.00710	0.04512	0.08379	0.00710	394
SPHTX_USD	2018-09-14	0.04512	0.00750	0.04546	0.00750	0
SPHTX_USD	2018-09-13	0.00750	0.08082	0.08192	0.00750	22
SPHTX_USD	2018-09-12	0.08082	0.04366	0.08099	0.04310	0
SPHTX_USD	2018-09-11	0.04366	0.04377	0.04426	0.04296	0
SPHTX_USD	2018-09-10	0.04377	0.00709	0.04381	0.00709	0
SPHTX_USD	2018-09-09	0.00709	0.01800	0.02300	0.00687	24650
SPHTX_USD	2018-09-08	0.01800	0.04427	0.08252	0.01800	76
SPHTX_USD	2018-09-07	0.04427	0.00686	0.04435	0.00686	0
SPHTX_USD	2018-09-06	0.00686	0.02000	0.05154	0.00686	21
SPHTX_USD	2018-09-05	0.02000	0.02300	0.02300	0.02000	2179
SPHTX_USD	2018-09-04	0.02300	0.05138	0.05153	0.00646	2337
SPHTX_USD	2018-09-03	0.05138	0.05159	0.05182	0.05099	0
SPHTX_USD	2018-09-02	0.05159	0.05096	0.05191	0.05057	0
SPHTX_USD	2018-09-01	0.05096	0.01000	0.05515	0.01000	0
SPHTX_USD	2018-08-31	0.01000	0.01000	0.01000	0.01000	0
SPHTX_USD	2018-08-30	0.01000	0.01095	0.01095	0.01000	241
SPHTX_USD	2018-08-29	0.01095	0.01100	0.05258	0.01095	299
SPHTX_USD	2018-08-28	0.01100	0.05105	0.05255	0.01100	26
SPHTX_USD	2018-08-27	0.05105	0.04981	0.05111	0.04537	0
SPHTX_USD	2018-08-26	0.04981	0.05016	0.05044	0.04508	0
SPHTX_USD	2018-08-25	0.05016	0.01023	0.05042	0.01023	0
SPHTX_USD	2018-08-24	0.01023	0.01230	0.08392	0.01023	1427
SPHTX_USD	2018-08-23	0.01230	0.04689	0.04749	0.01030	1345
SPHTX_USD	2018-08-22	0.04689	0.01237	0.04891	0.01237	0
SPHTX_USD	2018-08-21	0.01237	0.02337	0.02900	0.01237	134
SPHTX_USD	2018-08-20	0.02337	0.01510	0.02337	0.01510	3979
SPHTX_USD	2018-08-19	0.01510	0.03000	0.04000	0.01001	15465
SPHTX_USD	2018-08-18	0.03000	0.00800	0.05249	0.00800	6211
SPHTX_USD	2018-08-17	0.00800	0.01300	0.01300	0.00800	939
SPHTX_USD	2018-08-16	0.01300	0.04005	0.04040	0.00800	3003
SPHTX_USD	2018-08-15	0.04005	0.00614	0.04269	0.00614	0
SPHTX_USD	2018-08-14	0.00614	0.00650	0.00700	0.00614	3348
SPHTX_USD	2018-08-13	0.00650	0.02500	0.03500	0.00650	3802
SPHTX_USD	2018-08-12	0.02500	0.09434	0.09584	0.00650	1235
SPHTX_USD	2018-08-11	0.09434	0.09600	0.09625	0.09350	0
SPHTX_USD	2018-08-10	0.09600	0.09913	0.09947	0.09506	0
SPHTX_USD	2018-08-09	0.09913	0.09851	0.10419	0.09500	0
SPHTX_USD	2018-08-08	0.09851	0.10411	0.10447	0.09479	0
SPHTX_USD	2018-08-07	0.10411	0.10000	0.11398	0.10000	0
SPHTX_USD	2018-08-06	0.10000	0.11616	0.11652	0.10000	23
SPHTX_USD	2018-08-05	0.11616	0.13087	0.13101	0.11372	0
SPHTX_USD	2018-08-04	0.13087	0.13924	0.13932	0.11519	0
SPHTX_USD	2018-08-03	0.13924	0.12089	0.13972	0.11852	0
SPHTX_USD	2018-08-02	0.12089	0.11944	0.12195	0.11881	0
SPHTX_USD	2018-08-01	0.11944	0.12162	0.12200	0.11604	0
SPHTX_USD	2018-07-31	0.12162	0.12499	0.12504	0.12093	0
SPHTX_USD	2018-07-30	0.12499	0.10000	0.12736	0.10000	0
SPHTX_USD	2018-07-29	0.10000	0.22301	0.22301	0.10000	304
SPHTX_USD	2018-07-28	0.22301	0.22124	0.22895	0.22124	0
SPHTX_USD	2018-07-27	0.22124	0.21965	0.22128	0.21944	0
SPHTX_USD	2018-07-26	0.21965	0.29343	0.29343	0.21965	0
SPHTX_USD	2018-07-25	0.29343	0.23830	0.29343	0.11006	16
SPHTX_USD	2018-07-24	0.23830	0.25823	0.26015	0.20703	0
SPHTX_USD	2018-07-23	0.25823	0.25690	0.26540	0.24924	0
SPHTX_USD	2018-07-22	0.25690	0.25799	0.26304	0.25235	0
SPHTX_USD	2018-07-21	0.25799	0.25692	0.26347	0.25326	0
SPHTX_USD	2018-07-20	0.25692	0.34182	0.34182	0.25630	0
SPHTX_USD	2018-07-19	0.34182	0.28285	0.34182	0.28217	13
SPHTX_USD	2018-07-18	0.28285	0.28249	0.28580	0.28121	0
SPHTX_USD	2018-07-17	0.28249	0.27415	0.28439	0.27323	0
SPHTX_USD	2018-07-16	0.27415	0.26826	0.27431	0.26808	0
SPHTX_USD	2018-07-15	0.26826	0.26892	0.27103	0.26818	0
SPHTX_USD	2018-07-14	0.26892	0.26455	0.27044	0.26406	0
SPHTX_USD	2018-07-13	0.26455	0.26888	0.27001	0.25795	0
SPHTX_USD	2018-07-12	0.26888	0.27012	0.27155	0.26683	0
SPHTX_USD	2018-07-11	0.27012	0.27083	0.27562	0.26837	0
SPHTX_USD	2018-07-10	0.27083	0.28202	0.28355	0.27011	0
SPHTX_USD	2018-07-09	0.28202	0.28514	0.28938	0.27996	0
SPHTX_USD	2018-07-08	0.28514	0.28836	0.29389	0.28514	0
SPHTX_USD	2018-07-07	0.28836	0.28757	0.29173	0.28402	0
SPHTX_USD	2018-07-06	0.28757	0.29185	0.29704	0.28698	0
SPHTX_USD	2018-07-05	0.29185	0.30376	0.30571	0.29185	0
SPHTX_USD	2018-07-04	0.30376	0.29658	0.30617	0.29504	0
SPHTX_USD	2018-07-03	0.29658	0.30151	0.30384	0.18280	0
SPHTX_USD	2018-07-02	0.30151	0.28196	0.30182	0.18124	0
SPHTX_USD	2018-07-01	0.28199	0.27712	0.28483	0.27611	0
SPHTX_USD	2018-06-30	0.27711	0.25882	0.28105	0.25876	0
SPHTX_USD	2018-06-29	0.25884	0.36247	0.36247	0.25118	0
SPHTX_USD	2018-06-28	0.36247	0.26279	0.36247	0.25549	10
SPHTX_USD	2018-06-27	0.26276	0.26853	0.26899	0.26075	0
SPHTX_USD	2018-06-26	0.26880	0.27142	0.27171	0.26114	0
SPHTX_USD	2018-06-25	0.27137	0.27341	0.27401	0.26792	0
SPHTX_USD	2018-06-24	0.27344	0.36247	0.36247	0.26575	0
SPHTX_USD	2018-06-23	0.36247	0.23440	0.36247	0.23401	1
SPHTX_USD	2018-06-22	0.23440	0.25865	0.25875	0.23307	0
SPHTX_USD	2018-06-21	0.25861	0.25846	0.26412	0.25811	0
SPHTX_USD	2018-06-20	0.25844	0.26374	0.26386	0.24919	0
SPHTX_USD	2018-06-19	0.26384	0.27076	0.27171	0.25972	0
SPHTX_USD	2018-06-18	0.27080	0.26997	0.27229	0.26521	0
SPHTX_USD	2018-06-17	0.26987	0.26367	0.27163	0.26365	0
SPHTX_USD	2018-06-16	0.26363	0.26142	0.26470	0.26071	0
SPHTX_USD	2018-06-15	0.26137	0.26972	0.26972	0.26102	0
SPHTX_USD	2018-06-14	0.26949	0.30000	0.30000	0.26031	0
SPHTX_USD	2018-06-13	0.30000	0.25796	0.30000	0.21646	8
SPHTX_USD	2018-06-12	0.25780	0.27963	0.28782	0.23525	0
SPHTX_USD	2018-06-11	0.27976	0.27849	0.29290	0.25055	0
SPHTX_USD	2018-06-10	0.27827	0.30635	0.30635	0.27648	0
SPHTX_USD	2018-06-09	0.30631	0.34824	0.34824	0.30340	0
SPHTX_USD	2018-06-08	0.34820	0.33528	0.36929	0.32293	0
SPHTX_USD	2018-06-07	0.33532	0.34990	0.37347	0.32495	0
SPHTX_USD	2018-06-06	0.34981	0.35067	0.35072	0.32176	0
SPHTX_USD	2018-06-05	0.35041	0.32317	0.35572	0.32149	0
SPHTX_USD	2018-06-04	0.32333	0.34478	0.38336	0.32254	0
SPHTX_USD	2018-06-03	0.38957	0.34252	0.39034	0.34158	0
SPHTX_USD	2018-06-02	0.38503	0.39391	0.39446	0.34558	0
SPHTX_USD	2018-06-01	0.39395	0.41011	0.42260	0.36024	0
SPHTX_USD	2018-05-31	0.41023	0.33257	0.44850	0.33175	0
SPHTX_USD	2018-05-30	0.33265	0.33230	0.34167	0.33020	0
SPHTX_USD	2018-05-29	0.33207	0.30000	0.33249	0.30000	0
SPHTX_USD	2018-05-28	0.30000	0.42364	0.45000	0.30000	290
SPHTX_USD	2018-05-27	0.42356	0.42574	0.42671	0.42192	0
SPHTX_USD	2018-05-26	0.42570	0.42972	0.44102	0.42045	0
SPHTX_USD	2018-05-25	0.42974	0.42601	0.43400	0.38501	0
SPHTX_USD	2018-05-24	0.42595	0.45000	0.45000	0.37290	0
SPHTX_USD	2018-05-23	0.45000	0.46379	0.65363	0.45000	228
SPHTX_USD	2018-05-22	0.46399	0.00000	0.67889	0.00000	0
SPHTX_USD	2018-05-21	0.00000	0.53534	0.53535	0.00000	0
SPHTX_USD	2018-05-20	0.53534	0.51541	0.55106	0.00000	0
SPHTX_USD	2018-05-19	0.51541	0.00000	0.53129	0.00000	0
SPHTX_USD	2018-05-18	0.00000	0.84000	0.84000	0.00000	0
SPHTX_USD	2018-05-17	0.84000	0.84000	0.84000	0.84000	0
SPHTX_USD	2018-05-16	0.00000	0.85000	0.85000	0.00000	0
SPHTX_USD	2018-05-15	0.85000	0.00000	0.85000	0.00000	65
SPHTX_USD	2018-05-14	0.00000	0.65000	0.65000	0.00000	0
SPHTX_USD	2018-05-13	0.65000	0.45000	0.65000	0.00000	155
SPHTX_USD	2018-05-12	0.45000	0.00000	0.74200	0.00000	12
SPHTX_USD	2018-05-11	0.47945	0.00000	0.50120	0.00000	0
SPHTX_USD	2018-05-10	0.00000	0.45000	0.45000	0.00000	0
SPHTX_USD	2018-05-09	0.45000	0.00000	0.50604	0.00000	3
SPHTX_USD	2018-05-08	0.00000	0.79999	0.79999	0.00000	0
SPHTX_USD	2018-05-07	0.00000	0.79999	0.79999	0.00000	0
SPHTX_USD	2018-05-06	0.79999	0.45000	0.79999	0.45000	11
SPHTX_USD	2018-05-05	0.45000	0.55698	0.79999	0.45000	4
SPHTX_USD	2018-05-04	0.55698	0.53218	0.57772	0.51025	0
SPHTX_USD	2018-05-03	0.53218	0.00000	0.53516	0.00000	0
SPHTX_USD	2018-05-02	0.00000	0.50500	0.50500	0.00000	0
SPHTX_USD	2018-05-01	0.50500	0.00000	0.50835	0.00000	23
SPHTX_USD	2018-04-30	0.00000	0.00000	0.00000	0.00000	0
SPHTX_USD	2018-04-29	0.00000	0.00000	0.45000	0.00000	0
SPHTX_USD	2018-04-28	0.00000	0.45000	0.45000	0.00000	0
SPHTX_USD	2018-04-27	0.45000	0.45000	0.45000	0.45000	0
SPHTX_USD	2018-04-26	0.45000	0.50500	0.50500	0.45000	2
SPHTX_USD	2018-04-25	0.50500	0.50500	0.50500	0.50500	0
SPHTX_USD	2018-04-24	0.50500	0.48480	0.50500	0.45000	6
SPHTX_USD	2018-04-23	0.48480	0.40000	0.48480	0.40000	32
SPHTX_USD	2018-04-22	0.40000	0.36850	0.40000	0.36850	1668
SPHTX_USD	2018-04-21	0.36850	0.00000	0.36850	0.00000	1
SPHTX_USD	2018-04-20	0.00000	0.30000	0.36850	0.00000	0
SPHTX_USD	2018-04-19	0.30000	0.30000	0.30000	0.30000	0
SPHTX_USD	2018-04-18	0.30000	0.30000	0.30000	0.30000	0
SPHTX_USD	2018-04-17	0.30000	0.30000	0.30000	0.30000	0
SPHTX_USD	2018-04-16	0.30000	0.30000	0.30000	0.30000	0
SPHTX_USD	2018-04-15	0.30000	0.30000	0.30000	0.30000	0
SPHTX_USD	2018-04-14	0.30000	0.30000	0.30000	0.30000	0
SPHTX_USD	2018-04-13	0.30000	0.30000	0.30000	0.30000	0
SPHTX_USD	2018-04-12	0.30000	0.30000	0.30000	0.30000	0
SPHTX_USD	2018-04-11	0.30000	0.30000	0.30000	0.30000	0
SPHTX_USD	2018-04-10	0.30000	0.30000	0.30000	0.30000	0
SPHTX_USD	2018-04-09	0.30000	0.30000	0.30000	0.30000	0
SPHTX_USD	2018-04-08	0.30000	0.30000	0.30000	0.30000	0
SPHTX_USD	2018-04-07	0.30000	0.30000	0.30000	0.30000	0
SPHTX_USD	2018-04-06	0.30000	0.30000	0.30000	0.30000	0
SPHTX_USD	2018-04-05	0.30000	0.30000	0.30000	0.30000	0
SPHTX_USD	2018-04-04	0.30000	0.30000	0.30000	0.30000	0
SPHTX_USD	2018-04-03	0.30000	0.30000	0.30000	0.30000	0
SPHTX_USD	2018-04-02	0.30000	0.30000	0.30000	0.30000	0
SPHTX_USD	2018-04-01	0.30000	0.30000	0.30000	0.30000	0
SPHTX_USD	2018-03-31	0.30000	0.30000	0.30000	0.30000	0
SPHTX_USD	2018-03-30	0.30000	0.30000	0.30000	0.30000	0
SPHTX_USD	2018-03-29	0.30000	0.30000	0.30000	0.30000	0
SPHTX_USD	2018-03-28	0.30000	0.30000	0.30000	0.30000	0
SPHTX_USD	2018-03-27	0.30000	0.45000	0.45000	0.30000	1
SPHTX_USD	2018-03-26	0.45000	0.35276	0.45000	0.35276	319
SPHTX_USD	2018-03-25	0.35276	0.35276	0.35276	0.35276	0
SPHTX_USD	2018-03-24	0.35276	0.35000	0.35276	0.35000	33
SPHTX_USD	2018-03-23	0.35000	0.35000	0.35000	0.35000	0
SPHTX_USD	2018-03-22	0.35000	0.35000	0.35000	0.35000	0
SPHTX_USD	2018-03-21	0.35000	0.36900	0.36900	0.35000	1
SPHTX_USD	2018-03-20	0.36900	0.36900	0.36900	0.36900	0
SPHTX_USD	2018-03-19	0.36900	0.36900	0.36900	0.36900	0
SPHTX_USD	2018-03-18	0.36900	0.36900	0.36900	0.36900	0
SPHTX_USD	2018-03-17	0.36900	0.37000	0.37000	0.36900	14
SPHTX_USD	2018-03-16	0.37000	0.37000	0.37000	0.37000	0
SPHTX_USD	2018-03-15	0.37000	0.37000	0.37000	0.37000	0
SPHTX_USD	2018-03-14	0.37000	0.40000	0.40000	0.37000	50
SPHTX_USD	2018-03-13	0.40000	0.40000	0.40000	0.40000	0
SPHTX_USD	2018-03-12	0.40000	0.40000	0.40000	0.40000	0
SPHTX_USD	2018-03-11	0.40000	0.40000	0.40000	0.40000	0
SPHTX_USD	2018-03-10	0.40000	0.40000	0.40000	0.40000	0
SPHTX_USD	2018-03-09	0.40000	0.00000	0.48000	0.00000	27
SPHTX_USD	2018-03-08	0.00000	0.50000	0.50000	0.00000	0
SPHTX_USD	2018-03-07	0.50000	0.50000	0.50000	0.50000	0
SPHTX_USD	2018-03-06	0.50000	0.50000	0.50000	0.50000	0
SPHTX_USD	2018-03-05	0.50000	0.87800	0.87800	0.50000	2
SPHTX_USD	2018-03-04	0.87800	0.87800	0.87800	0.87800	0
SPHTX_USD	2018-03-03	0.87800	0.87800	0.87800	0.87800	0
SPHTX_USD	2018-03-02	0.87800	0.87800	0.87800	0.87800	0
SPHTX_USD	2018-03-01	0.87800	0.00000	0.87800	0.00000	113
SPHTX_USD	2018-02-28	0.00000	0.00000	0.00000	0.00000	0
SPHTX_USD	2018-02-27	0.00000	0.48000	0.48000	0.00000	0
SPHTX_USD	2018-02-26	0.48000	0.48000	0.48000	0.48000	0
