TERN_USD	2019-04-09	0.39386	0.39633	0.39633	0.38711	0
TERN_USD	2019-04-08	0.39697	0.39164	0.40093	0.38410	0
TERN_USD	2019-04-07	0.39169	0.38614	0.39686	0.38455	0
TERN_USD	2019-04-06	0.38508	0.39470	0.40362	0.37650	0
TERN_USD	2019-04-05	0.39479	0.38431	0.39771	0.38335	0
TERN_USD	2019-04-04	0.38341	0.38343	0.39704	0.37561	0
TERN_USD	2019-04-03	0.38333	0.37931	0.41202	0.37327	0
TERN_USD	2019-04-02	0.38012	0.32519	0.39322	0.32470	0
TERN_USD	2019-04-01	0.32535	0.32015	0.32819	0.31711	0
TERN_USD	2019-03-31	0.32015	0.32467	0.32631	0.31550	0
TERN_USD	2019-03-30	0.32466	0.31970	0.32466	0.31789	0
TERN_USD	2019-03-29	0.31970	0.31719	0.32380	0.31503	0
TERN_USD	2019-03-28	0.31719	0.30884	0.31785	0.30479	0
TERN_USD	2019-03-27	0.30884	0.30067	0.30935	0.29966	0
TERN_USD	2019-03-26	0.30057	0.30141	0.30206	0.29593	0
TERN_USD	2019-03-25	0.30116	0.30329	0.30756	0.29902	0
TERN_USD	2019-03-24	0.30329	0.30602	0.30928	0.30117	0
TERN_USD	2019-03-23	0.30602	0.30867	0.31373	0.30194	0
TERN_USD	2019-03-22	0.30894	0.30897	0.31279	0.30723	0
TERN_USD	2019-03-21	0.30897	0.31880	0.32206	0.30454	0
TERN_USD	2019-03-20	0.31880	0.30904	0.31950	0.30418	0
TERN_USD	2019-03-19	0.30929	0.31539	0.31779	0.30509	0
TERN_USD	2019-03-18	0.31539	0.32236	0.32632	0.30696	0
TERN_USD	2019-03-17	0.32234	0.32222	0.32378	0.31855	0
TERN_USD	2019-03-16	0.32252	0.31989	0.33410	0.31989	0
TERN_USD	2019-03-15	0.31989	0.30088	0.32378	0.30088	0
TERN_USD	2019-03-14	0.30096	0.29384	0.30548	0.29380	0
TERN_USD	2019-03-13	0.29398	0.28932	0.29961	0.28643	0
TERN_USD	2019-03-12	0.28920	0.28561	0.29542	0.28193	0
TERN_USD	2019-03-11	0.28579	0.29963	0.30045	0.28375	0
TERN_USD	2019-03-10	0.29979	0.30129	0.30311	0.29574	0
TERN_USD	2019-03-09	0.30119	0.29631	0.30459	0.29581	0
TERN_USD	2019-03-08	0.29631	0.29878	0.30359	0.29060	0
TERN_USD	2019-03-07	0.29880	0.29440	0.30098	0.28909	0
TERN_USD	2019-03-06	0.29468	0.29055	0.30064	0.28365	0
TERN_USD	2019-03-05	0.29043	0.27994	0.29199	0.27807	0
TERN_USD	2019-03-04	0.28001	0.28938	0.29072	0.27508	0
TERN_USD	2019-03-03	0.28936	0.28984	0.29226	0.28584	0
TERN_USD	2019-03-02	0.28998	0.29167	0.29774	0.28616	0
TERN_USD	2019-03-01	0.29015	0.28892	0.29576	0.28220	0
TERN_USD	2019-02-28	0.28957	0.28990	0.30225	0.28177	0
TERN_USD	2019-02-27	0.28981	0.29721	0.30131	0.28344	0
TERN_USD	2019-02-26	0.29663	0.29902	0.30292	0.29112	0
TERN_USD	2019-02-25	0.29934	0.30196	0.31137	0.28752	0
TERN_USD	2019-02-24	0.30207	0.32725	0.33869	0.30069	0
TERN_USD	2019-02-23	0.32847	0.32085	0.33010	0.30712	0
TERN_USD	2019-02-22	0.32137	0.31682	0.32161	0.30834	0
TERN_USD	2019-02-21	0.31602	0.31976	0.32294	0.30926	0
TERN_USD	2019-02-20	0.32067	0.32418	0.34361	0.31530	0
TERN_USD	2019-02-19	0.32452	0.33152	0.33979	0.32371	0
TERN_USD	2019-02-18	0.33163	0.29210	0.33720	0.29111	0
TERN_USD	2019-02-17	0.29239	0.28722	0.32698	0.28713	0
TERN_USD	2019-02-16	0.28722	0.28538	0.30016	0.28492	0
TERN_USD	2019-02-15	0.28492	0.27650	0.29896	0.27502	0
TERN_USD	2019-02-14	0.27672	0.27572	0.29097	0.27546	0
TERN_USD	2019-02-13	0.27594	0.27853	0.28171	0.27455	0
TERN_USD	2019-02-12	0.27852	0.27786	0.28406	0.27501	0
TERN_USD	2019-02-11	0.27774	0.28302	0.28317	0.27698	0
TERN_USD	2019-02-10	0.28297	0.28248	0.29219	0.27755	0
TERN_USD	2019-02-09	0.28248	0.28092	0.28486	0.27820	0
TERN_USD	2019-02-08	0.28094	0.25904	0.28536	0.25889	0
TERN_USD	2019-02-07	0.25885	0.25943	0.26795	0.25829	0
TERN_USD	2019-02-06	0.25943	0.26491	0.26833	0.25897	0
TERN_USD	2019-02-05	0.26490	0.26526	0.26887	0.26257	0
TERN_USD	2019-02-04	0.26365	0.26841	0.26871	0.26119	0
TERN_USD	2019-02-03	0.26841	0.26976	0.27265	0.26381	0
TERN_USD	2019-02-02	0.26946	0.26693	0.27925	0.26400	0
TERN_USD	2019-02-01	0.26715	0.27242	0.27710	0.26123	0
TERN_USD	2019-01-31	0.27227	0.28474	0.28788	0.27212	0
TERN_USD	2019-01-30	0.28474	0.27973	0.28753	0.27766	0
TERN_USD	2019-01-29	0.27973	0.28371	0.28460	0.27535	0
TERN_USD	2019-01-28	0.28365	0.29285	0.29434	0.27928	0
TERN_USD	2019-01-27	0.29304	0.29413	0.29638	0.28686	0
TERN_USD	2019-01-26	0.29428	0.29206	0.30323	0.29173	0
TERN_USD	2019-01-25	0.29211	0.30117	0.30256	0.29177	0
TERN_USD	2019-01-24	0.30110	0.29791	0.30276	0.29456	0
TERN_USD	2019-01-23	0.29791	0.30019	0.30365	0.29361	0
TERN_USD	2019-01-22	0.30019	0.29023	0.30204	0.27969	0
TERN_USD	2019-01-21	0.28963	0.30573	0.30609	0.28737	0
TERN_USD	2019-01-20	0.30551	0.31491	0.32069	0.28938	0
TERN_USD	2019-01-19	0.31508	0.28399	0.33458	0.28109	0
TERN_USD	2019-01-18	0.28395	0.28227	0.28568	0.27134	0
TERN_USD	2019-01-17	0.28184	0.28608	0.29073	0.26776	0
TERN_USD	2019-01-16	0.28551	0.25966	0.28875	0.25882	0
TERN_USD	2019-01-15	0.25983	0.27611	0.28832	0.25366	0
TERN_USD	2019-01-14	0.27612	0.25592	0.28613	0.25177	0
TERN_USD	2019-01-13	0.25593	0.25931	0.26332	0.25007	0
TERN_USD	2019-01-12	0.25931	0.25082	0.26106	0.25010	0
TERN_USD	2019-01-11	0.25075	0.26174	0.26652	0.24759	0
TERN_USD	2019-01-10	0.26150	0.28779	0.29345	0.25982	0
TERN_USD	2019-01-09	0.28775	0.28598	0.29374	0.28419	0
TERN_USD	2019-01-08	0.28607	0.29205	0.29576	0.28357	0
TERN_USD	2019-01-07	0.29201	0.29723	0.29911	0.28952	0
TERN_USD	2019-01-06	0.29731	0.28196	0.56018	0.27640	0
TERN_USD	2019-01-05	0.28204	0.27994	0.28987	0.27913	0
TERN_USD	2019-01-04	0.28008	0.30101	0.30386	0.27213	0
TERN_USD	2019-01-03	0.30058	0.31253	0.32100	0.29830	0
TERN_USD	2019-01-02	0.31266	0.29852	0.31415	0.29436	0
TERN_USD	2019-01-01	0.29774	0.28416	0.29947	0.28306	0
TERN_USD	2018-12-31	0.28403	0.29009	0.29051	0.25584	0
TERN_USD	2018-12-30	0.28900	0.30097	0.31459	0.28734	0
TERN_USD	2018-12-29	0.30063	0.32562	0.33549	0.29950	0
TERN_USD	2018-12-28	0.32562	0.25705	0.34406	0.25437	0
TERN_USD	2018-12-27	0.25705	0.29337	0.30126	0.23739	0
TERN_USD	2018-12-26	0.29309	0.31670	0.32142	0.28556	0
TERN_USD	2018-12-25	0.31635	0.33695	0.33785	0.30676	0
TERN_USD	2018-12-24	0.33730	0.33076	0.35711	0.33076	0
TERN_USD	2018-12-23	0.33072	0.34646	0.35795	0.32485	0
TERN_USD	2018-12-22	0.34508	0.32590	0.35502	0.32231	0
TERN_USD	2018-12-21	0.32553	0.35140	0.35855	0.31484	0
TERN_USD	2018-12-20	0.35362	0.31788	0.38533	0.30786	0
TERN_USD	2018-12-19	0.31829	0.28975	0.32755	0.27565	0
TERN_USD	2018-12-18	0.28945	0.29940	0.30183	0.27139	0
TERN_USD	2018-12-17	0.29940	0.26914	0.31161	0.26489	0
TERN_USD	2018-12-16	0.26916	0.27732	0.31174	0.26661	0
TERN_USD	2018-12-15	0.27480	0.24290	0.32311	0.21704	0
TERN_USD	2018-12-14	0.24271	0.24988	0.25516	0.20393	0
TERN_USD	2018-12-13	0.24966	0.27021	0.27744	0.24390	0
TERN_USD	2018-12-12	0.27034	0.26873	0.31713	0.25773	0
TERN_USD	2018-12-11	0.26961	0.23082	0.32522	0.22469	0
TERN_USD	2018-12-10	0.23100	0.23393	0.23996	0.22418	0
TERN_USD	2018-12-09	0.23416	0.22991	0.25721	0.21248	0
TERN_USD	2018-12-08	0.22993	0.23747	0.24483	0.22006	0
TERN_USD	2018-12-07	0.23752	0.24274	0.24422	0.21637	0
TERN_USD	2018-12-06	0.24340	0.27691	0.29252	0.24340	0
TERN_USD	2018-12-05	0.27663	0.30730	0.30808	0.27115	0
TERN_USD	2018-12-04	0.30688	0.30211	0.32286	0.29401	0
TERN_USD	2018-12-03	0.30249	0.33219	0.34055	0.30211	0
TERN_USD	2018-12-02	0.33115	0.33734	0.35372	0.32937	0
TERN_USD	2018-12-01	0.33734	0.32982	0.34362	0.30335	0
TERN_USD	2018-11-30	0.32982	0.34574	0.34717	0.28601	0
TERN_USD	2018-11-29	0.34484	0.34212	0.35734	0.33286	0
TERN_USD	2018-11-28	0.34208	0.28774	0.35705	0.27016	0
TERN_USD	2018-11-27	0.28774	0.25276	0.29170	0.24955	0
TERN_USD	2018-11-26	0.25276	0.30729	0.32173	0.23765	0
TERN_USD	2018-11-25	0.30893	0.31830	0.32114	0.27826	0
TERN_USD	2018-11-24	0.31830	0.35683	0.36853	0.31288	0
TERN_USD	2018-11-23	0.35683	0.35033	0.36033	0.33269	0
TERN_USD	2018-11-22	0.35227	0.36372	0.37562	0.35227	0
TERN_USD	2018-11-21	0.36417	0.33360	0.36928	0.32301	0
TERN_USD	2018-11-20	0.33277	0.35845	0.38940	0.31630	0
TERN_USD	2018-11-19	0.35845	0.46456	0.47215	0.35083	0
TERN_USD	2018-11-18	0.46456	0.46220	0.47139	0.46168	0
TERN_USD	2018-11-17	0.46220	0.44890	0.47273	0.43780	0
TERN_USD	2018-11-16	0.44890	0.50050	0.54252	0.44048	0
TERN_USD	2018-11-15	0.50041	0.45869	0.50071	0.44190	0
TERN_USD	2018-11-14	0.45886	0.58547	0.60640	0.42613	0
TERN_USD	2018-11-13	0.58597	0.62639	0.63671	0.56802	0
TERN_USD	2018-11-12	0.62639	0.62528	0.63534	0.61553	0
TERN_USD	2018-11-11	0.62641	0.57606	0.63450	0.57495	0
TERN_USD	2018-11-10	0.57606	0.58256	0.59675	0.56067	0
TERN_USD	2018-11-09	0.58269	0.60652	0.61096	0.56256	0
TERN_USD	2018-11-08	0.60662	0.63617	0.63828	0.57852	0
TERN_USD	2018-11-07	0.63646	0.60950	0.63830	0.60325	0
TERN_USD	2018-11-06	0.60950	0.60489	0.61853	0.58564	0
TERN_USD	2018-11-05	0.60489	0.58869	0.61558	0.58817	0
TERN_USD	2018-11-04	0.58866	0.58513	0.59526	0.56891	0
TERN_USD	2018-11-03	0.58369	0.59382	0.59817	0.58294	0
TERN_USD	2018-11-02	0.59382	0.59642	0.61084	0.59124	0
TERN_USD	2018-11-01	0.59642	0.58611	0.59944	0.58237	0
TERN_USD	2018-10-31	0.58608	0.55416	0.60148	0.55416	0
TERN_USD	2018-10-30	0.55416	0.55291	0.57091	0.54984	0
TERN_USD	2018-10-29	0.55291	0.60537	0.60637	0.55288	0
TERN_USD	2018-10-28	0.60540	0.63575	0.64081	0.60540	0
TERN_USD	2018-10-27	0.63575	0.62713	0.65148	0.62661	0
TERN_USD	2018-10-26	0.62712	0.62007	0.65203	0.61945	0
TERN_USD	2018-10-25	0.62007	0.62329	0.63008	0.61488	0
TERN_USD	2018-10-24	0.62329	0.62022	0.63550	0.61117	0
TERN_USD	2018-10-23	0.62022	0.60786	0.62333	0.59286	0
TERN_USD	2018-10-22	0.60786	0.56923	0.63216	0.56413	0
TERN_USD	2018-10-21	0.56753	0.55381	0.60287	0.55355	0
TERN_USD	2018-10-20	0.55371	0.55073	0.55616	0.54936	0
TERN_USD	2018-10-19	0.55070	0.54996	0.57771	0.54356	0
TERN_USD	2018-10-18	0.54973	0.52422	0.57608	0.52055	0
TERN_USD	2018-10-17	0.52415	0.57738	0.63647	0.49331	0
TERN_USD	2018-10-16	0.57770	0.52854	0.60948	0.51148	0
TERN_USD	2018-10-15	0.52891	0.48806	0.59804	0.48113	0
TERN_USD	2018-10-14	0.48668	0.48201	0.50202	0.47190	0
TERN_USD	2018-10-13	0.48201	0.46164	0.48216	0.46130	0
TERN_USD	2018-10-12	0.46193	0.46274	0.46759	0.46026	0
TERN_USD	2018-10-11	0.46299	0.50224	0.50224	0.46112	0
TERN_USD	2018-10-10	0.50224	0.49107	0.50224	0.48532	0
TERN_USD	2018-10-09	0.49107	0.49916	0.51821	0.47601	0
TERN_USD	2018-10-08	0.49916	0.57253	0.58259	0.47040	0
TERN_USD	2018-10-07	0.57111	0.57339	0.58318	0.56594	0
TERN_USD	2018-10-06	0.57339	0.58148	0.59006	0.56942	0
TERN_USD	2018-10-05	0.58148	0.58885	0.59316	0.57004	0
TERN_USD	2018-10-04	0.58885	0.57255	0.59727	0.56718	0
TERN_USD	2018-10-03	0.57221	0.58902	0.60486	0.55547	0
TERN_USD	2018-10-02	0.58985	0.58882	0.60207	0.56239	0
TERN_USD	2018-10-01	0.58860	0.60941	0.62328	0.56535	0
TERN_USD	2018-09-30	0.60941	0.62586	0.63235	0.59338	0
TERN_USD	2018-09-29	0.62586	0.61295	0.63341	0.56798	0
TERN_USD	2018-09-28	0.61328	0.62089	0.67150	0.59374	0
TERN_USD	2018-09-27	0.62027	0.58403	0.63324	0.53700	0
TERN_USD	2018-09-26	0.58387	0.58110	0.59653	0.54485	0
TERN_USD	2018-09-25	0.58032	0.71168	0.71168	0.55814	0
TERN_USD	2018-09-24	0.71165	0.73643	0.74330	0.68954	0
TERN_USD	2018-09-23	0.73664	0.74024	0.79883	0.72769	0
TERN_USD	2018-09-22	0.74036	0.76581	0.77472	0.72130	0
TERN_USD	2018-09-21	0.76690	0.77138	0.80357	0.74909	0
TERN_USD	2018-09-20	0.77138	0.75834	0.77997	0.74245	0
TERN_USD	2018-09-19	0.75813	0.72977	0.77222	0.72643	0
TERN_USD	2018-09-18	0.72977	0.78532	0.78688	0.72241	0
TERN_USD	2018-09-17	0.78532	0.83700	0.86349	0.77288	0
TERN_USD	2018-09-16	0.83700	0.88398	0.88401	0.82710	0
TERN_USD	2018-09-15	0.88467	0.81566	0.90074	0.80677	0
TERN_USD	2018-09-14	0.81655	0.76055	0.83713	0.75620	0
TERN_USD	2018-09-13	0.76055	0.70048	0.78458	0.68293	0
TERN_USD	2018-09-12	0.70486	0.76908	0.77448	0.69804	0
TERN_USD	2018-09-11	0.76888	0.72849	0.79678	0.68187	0
TERN_USD	2018-09-10	0.72849	0.79233	0.80736	0.70228	0
TERN_USD	2018-09-09	0.79169	0.78812	0.81281	0.77551	0
TERN_USD	2018-09-08	0.78812	0.83960	0.84884	0.77393	0
TERN_USD	2018-09-07	0.83960	0.89016	0.90019	0.80040	0
TERN_USD	2018-09-06	0.88987	0.88060	0.96276	0.82805	0
TERN_USD	2018-09-05	0.88365	1.03500	1.06402	0.88333	0
TERN_USD	2018-09-04	1.03500	1.00216	1.05800	0.98736	0
TERN_USD	2018-09-03	1.00274	0.95762	1.01437	0.91538	0
TERN_USD	2018-09-02	0.96036	0.87805	0.96891	0.86973	0
TERN_USD	2018-09-01	0.87805	0.80599	0.89472	0.80211	0
TERN_USD	2018-08-31	0.80599	0.76675	0.80615	0.74709	0
TERN_USD	2018-08-30	0.76757	0.75625	0.78260	0.71439	0
TERN_USD	2018-08-29	0.76053	0.74767	0.77702	0.72748	0
TERN_USD	2018-08-28	0.74688	0.69803	0.75015	0.65547	0
TERN_USD	2018-08-27	0.69728	0.66839	0.73656	0.66548	0
TERN_USD	2018-08-26	0.66934	0.65737	0.67785	0.64675	0
TERN_USD	2018-08-25	0.65798	0.69611	0.69716	0.64575	0
TERN_USD	2018-08-24	0.69566	0.70740	0.70918	0.64148	0
TERN_USD	2018-08-23	0.70709	0.69367	0.72191	0.65887	0
TERN_USD	2018-08-22	0.69039	0.69341	0.75185	0.67494	0
TERN_USD	2018-08-21	0.69323	0.65920	0.76546	0.64671	0
TERN_USD	2018-08-20	0.65953	0.70192	0.77553	0.65511	0
TERN_USD	2018-08-19	0.70211	0.72322	0.74210	0.67344	0
TERN_USD	2018-08-18	0.72318	0.71979	0.80687	0.70454	0
TERN_USD	2018-08-17	0.72039	0.66868	0.72583	0.66351	0
TERN_USD	2018-08-16	0.66932	0.72864	0.74698	0.65721	0
TERN_USD	2018-08-15	0.72947	0.73514	0.87275	0.64172	0
TERN_USD	2018-08-14	0.73477	0.72208	0.73477	0.50716	0
TERN_USD	2018-08-13	0.72310	0.77191	0.81156	0.72310	0
TERN_USD	2018-08-12	0.77245	0.89461	0.90928	0.70394	0
TERN_USD	2018-08-11	0.89380	0.91419	0.93039	0.86066	0
TERN_USD	2018-08-10	0.91380	1.07703	1.07717	0.89246	0
TERN_USD	2018-08-09	1.07440	1.05738	1.09794	0.99456	0
TERN_USD	2018-08-08	1.05683	1.17273	1.17273	1.03054	0
TERN_USD	2018-08-07	1.17281	1.21000	1.25871	1.15986	0
TERN_USD	2018-08-06	1.20892	1.24673	1.28386	1.18016	0
TERN_USD	2018-08-05	1.24828	1.22869	1.26903	1.21163	0
TERN_USD	2018-08-04	1.22741	1.31765	1.32251	1.18655	0
TERN_USD	2018-08-03	1.31698	1.36774	1.36774	1.27151	0
TERN_USD	2018-08-02	1.36927	1.45013	1.46794	1.36465	0
TERN_USD	2018-08-01	1.45072	1.44520	1.47796	1.41914	0
TERN_USD	2018-07-31	1.44550	1.62834	1.63049	1.43150	0
TERN_USD	2018-07-30	1.62735	1.69672	1.70221	1.57175	0
TERN_USD	2018-07-29	1.69672	1.67987	1.74470	1.60410	0
TERN_USD	2018-07-28	1.67987	1.64218	1.71178	1.61881	0
TERN_USD	2018-07-27	1.64218	1.63460	1.69425	1.60837	0
TERN_USD	2018-07-26	1.63460	1.63308	1.65994	1.60796	0
TERN_USD	2018-07-25	1.63158	1.70144	1.72492	1.61294	0
TERN_USD	2018-07-24	1.70960	1.60301	1.74204	1.57090	0
TERN_USD	2018-07-23	1.60195	1.56983	1.68004	1.56112	0
TERN_USD	2018-07-22	1.57155	1.56596	1.64559	1.52553	0
TERN_USD	2018-07-21	1.56673	1.50135	1.60297	1.46309	0
TERN_USD	2018-07-20	1.50119	1.50424	1.53623	1.46100	0
TERN_USD	2018-07-19	1.50424	1.54979	1.56665	1.48199	0
TERN_USD	2018-07-18	1.54715	1.54275	1.63907	1.52316	0
TERN_USD	2018-07-17	1.54261	1.43045	1.56013	1.39328	0
TERN_USD	2018-07-16	1.43565	1.37479	1.44029	1.33859	0
TERN_USD	2018-07-15	1.37468	1.27935	1.39735	1.25726	0
TERN_USD	2018-07-14	1.27935	1.25898	1.32826	1.24759	0
TERN_USD	2018-07-13	1.25906	1.20962	1.28673	1.20025	0
TERN_USD	2018-07-12	1.20888	1.22398	1.23475	1.17645	0
TERN_USD	2018-07-11	1.22478	1.19141	1.24212	1.18891	0
TERN_USD	2018-07-10	1.19096	1.26210	1.26630	1.18115	0
TERN_USD	2018-07-09	1.26251	1.30624	1.31551	1.25783	0
TERN_USD	2018-07-08	1.30701	1.34430	1.36195	1.28655	0
TERN_USD	2018-07-07	1.34410	1.35862	1.36023	1.29399	0
TERN_USD	2018-07-06	1.35846	1.34872	1.39683	1.32006	0
TERN_USD	2018-07-05	1.35056	1.32580	1.41428	1.31310	0
TERN_USD	2018-07-04	1.32580	1.28965	1.35977	1.27290	0
TERN_USD	2018-07-03	1.28511	1.34000	1.39778	0.01779	0
TERN_USD	2018-07-02	1.33971	1.24448	1.37908	0.00001	0
TERN_USD	2018-07-01	1.24459	1.24012	1.29781	1.22360	0
TERN_USD	2018-06-30	1.24009	1.17086	1.29286	1.17086	0
TERN_USD	2018-06-29	1.17182	1.11211	1.18376	1.08729	0
TERN_USD	2018-06-28	1.11389	1.20018	1.21245	1.10824	0
TERN_USD	2018-06-27	1.18926	1.15909	1.21744	1.14247	0
TERN_USD	2018-06-26	1.16276	1.19712	1.22799	1.15396	0
TERN_USD	2018-06-25	1.19634	1.15970	1.24090	1.15279	0
TERN_USD	2018-06-24	1.16008	1.19768	1.22186	1.10904	0
TERN_USD	2018-06-23	1.19612	1.17574	1.23672	1.16542	0
TERN_USD	2018-06-22	1.17567	1.34871	1.34883	1.15211	0
TERN_USD	2018-06-21	1.33953	1.39550	1.40350	1.32982	0
TERN_USD	2018-06-20	1.39557	1.37275	1.41771	1.33768	0
TERN_USD	2018-06-19	1.37430	1.40796	1.41205	1.36322	0
TERN_USD	2018-06-18	1.40748	1.36763	1.43885	1.31370	0
TERN_USD	2018-06-17	1.36653	1.43390	1.44036	1.36422	0
TERN_USD	2018-06-16	1.43379	1.43961	1.53465	1.39440	0
TERN_USD	2018-06-15	1.43894	1.39671	1.53959	1.28459	0
TERN_USD	2018-06-14	1.39404	1.35479	1.42588	1.33108	0
TERN_USD	2018-06-13	1.35404	1.49176	1.51379	1.31352	0
TERN_USD	2018-06-12	1.49139	1.59787	1.62820	1.47506	0
TERN_USD	2018-06-11	1.59864	1.47620	1.61833	1.46594	0
TERN_USD	2018-06-10	1.47449	1.66277	1.72973	1.45955	0
TERN_USD	2018-06-09	1.66231	1.61984	1.79812	1.59429	0
TERN_USD	2018-06-08	1.61986	1.64909	1.66839	1.59489	0
TERN_USD	2018-06-07	1.64978	1.57710	1.67797	1.57710	0
TERN_USD	2018-06-06	1.57701	1.69909	1.70579	1.55458	0
TERN_USD	2018-06-05	1.69666	1.58910	1.71592	1.56419	0
TERN_USD	2018-06-04	1.59027	1.65050	1.65772	1.55317	0
TERN_USD	2018-06-03	1.65105	1.67551	1.72066	1.58539	0
TERN_USD	2018-06-02	1.67678	1.67737	1.69377	1.61915	0
TERN_USD	2018-06-01	1.67603	1.67316	1.70464	1.62929	0
TERN_USD	2018-05-31	1.67396	1.68799	1.72817	1.59968	0
TERN_USD	2018-05-30	1.67685	1.62750	1.75353	1.58760	0
TERN_USD	2018-05-29	1.62556	1.46392	1.66613	1.43148	0
TERN_USD	2018-05-28	1.46322	1.58496	1.58563	1.44284	0
TERN_USD	2018-05-27	1.58496	1.62332	1.66701	1.56720	0
TERN_USD	2018-05-26	1.62300	1.56149	1.77302	1.54301	0
TERN_USD	2018-05-25	1.56177	1.53904	1.69894	1.48333	0
TERN_USD	2018-05-24	1.53846	1.49718	1.54884	1.40182	0
TERN_USD	2018-05-23	1.49843	1.70109	1.71384	1.45954	0
TERN_USD	2018-05-22	1.70168	1.77356	1.84248	1.69398	0
TERN_USD	2018-05-21	1.78208	2.00568	2.01175	1.73128	0
TERN_USD	2018-05-20	2.00659	1.90983	2.05986	1.86022	0
TERN_USD	2018-05-19	1.91192	1.88635	1.93838	1.87230	0
TERN_USD	2018-05-18	1.88635	1.88967	1.97523	1.86058	0
TERN_USD	2018-05-17	1.89213	1.88669	2.12959	1.87820	0
TERN_USD	2018-05-16	1.88506	1.78822	1.95982	1.68874	0
TERN_USD	2018-05-15	1.78824	1.78345	1.94980	1.75853	0
TERN_USD	2018-05-14	1.78359	1.87576	1.90363	1.75244	0
TERN_USD	2018-05-13	1.87339	1.86259	1.90784	1.78920	0
TERN_USD	2018-05-12	1.86030	1.70567	2.02815	1.70567	0
TERN_USD	2018-05-11	1.70159	2.00156	2.15031	1.66974	0
TERN_USD	2018-05-10	2.00333	2.03223	2.09910	1.95067	0
TERN_USD	2018-05-09	2.03192	1.95864	2.06602	1.81172	0
TERN_USD	2018-05-08	1.96067	1.94201	2.14388	0.00021	0
TERN_USD	2018-05-07	1.93424	1.84034	1.93424	1.75413	0
TERN_USD	2018-05-06	1.83980	1.88892	1.92025	1.80471	0
TERN_USD	2018-05-05	1.88549	1.98525	2.01014	1.86053	0
TERN_USD	2018-05-04	1.98771	1.96434	2.01415	1.92550	0
TERN_USD	2018-05-03	1.96751	1.91566	2.00449	1.87487	0
TERN_USD	2018-05-02	1.91437	1.87408	2.00327	1.81004	0
TERN_USD	2018-05-01	1.87459	1.96217	1.96217	1.75544	0
TERN_USD	2018-04-30	1.96040	2.02884	2.05123	1.88482	0
TERN_USD	2018-04-29	2.02691	2.02022	2.09683	1.98075	0
TERN_USD	2018-04-28	2.02273	1.88792	2.07535	1.87738	0
TERN_USD	2018-04-27	1.89012	1.90950	1.99704	1.85656	0
TERN_USD	2018-04-26	1.91252	1.77580	1.91902	1.74395	0
TERN_USD	2018-04-25	1.77847	2.16940	2.19287	1.70182	0
TERN_USD	2018-04-24	2.16836	2.16407	2.25000	2.11534	0
TERN_USD	2018-04-23	2.16199	2.08435	2.19867	2.07996	0
TERN_USD	2018-04-22	2.08289	2.03474	2.15969	1.98964	0
TERN_USD	2018-04-21	2.03352	2.15777	2.19761	1.96204	0
TERN_USD	2018-04-20	2.15643	2.03107	2.24080	1.96531	0
TERN_USD	2018-04-19	2.03410	1.98194	2.05737	1.93226	0
TERN_USD	2018-04-18	1.98559	1.79414	2.02496	1.79103	0
TERN_USD	2018-04-17	1.79329	1.87622	1.89146	1.77340	0
TERN_USD	2018-04-16	1.87380	1.96844	1.98285	1.82325	0
TERN_USD	2018-04-15	1.96766	1.72997	1.96766	1.72731	0
TERN_USD	2018-04-14	1.72640	1.73847	1.80850	1.66698	0
TERN_USD	2018-04-13	1.73628	1.76000	1.87941	1.71509	0
TERN_USD	2018-04-12	1.76107	1.58681	1.82817	1.55329	0
TERN_USD	2018-04-11	1.58736	1.59291	1.61944	1.56523	0
TERN_USD	2018-04-10	1.59313	1.46764	1.60731	1.45576	0
TERN_USD	2018-04-09	1.46675	1.52585	1.58473	1.42989	0
TERN_USD	2018-04-08	1.52304	1.50486	1.57092	1.50262	0
TERN_USD	2018-04-07	1.50475	1.42634	1.54845	1.42408	0
TERN_USD	2018-04-06	1.42447	1.50108	1.52899	1.38756	0
TERN_USD	2018-04-05	1.49807	1.62023	1.71778	1.40559	0
TERN_USD	2018-04-04	1.62013	1.85160	1.85269	1.59787	0
TERN_USD	2018-04-03	1.85384	1.60900	1.93116	1.58468	0
TERN_USD	2018-04-02	1.60886	1.44268	1.72830	1.43371	0
TERN_USD	2018-04-01	1.44177	1.40139	1.46590	1.35373	0
TERN_USD	2018-03-31	1.40100	1.45167	1.49335	1.38492	0
TERN_USD	2018-03-30	1.45376	1.56054	1.58347	1.38174	0
TERN_USD	2018-03-29	1.55777	1.89615	1.89997	1.53071	0
TERN_USD	2018-03-28	1.89299	1.84629	1.95409	1.83229	0
TERN_USD	2018-03-27	1.84472	1.97348	1.98352	1.81200	0
TERN_USD	2018-03-26	1.96783	2.03719	2.10057	1.82473	0
TERN_USD	2018-03-25	2.03650	1.99983	2.06815	1.93682	0
TERN_USD	2018-03-24	1.99545	2.11183	2.25064	1.99545	0
TERN_USD	2018-03-23	2.11067	1.98300	2.11067	1.90287	0
TERN_USD	2018-03-22	1.98784	2.11098	2.18531	1.94875	0
TERN_USD	2018-03-21	2.11211	2.14438	2.19235	2.07884	0
TERN_USD	2018-03-20	2.14342	2.44851	2.61395	2.04525	0
TERN_USD	2018-03-19	2.45188	1.91643	2.45844	1.85292	0
TERN_USD	2018-03-18	1.91580	1.61748	1.93339	1.48535	0
TERN_USD	2018-03-17	1.62092	1.81828	1.89814	1.57649	0
TERN_USD	2018-03-16	1.82732	1.88744	1.94494	1.77022	0
TERN_USD	2018-03-15	1.88386	1.94330	2.09610	1.69434	0
TERN_USD	2018-03-14	1.94904	2.32771	2.36027	1.84966	0
TERN_USD	2018-03-13	2.32861	2.17573	2.38979	2.15747	0
TERN_USD	2018-03-12	2.17355	2.55692	2.58221	2.12104	0
TERN_USD	2018-03-11	2.55332	2.40753	2.64690	2.27853	0
TERN_USD	2018-03-10	2.40605	2.59636	2.68408	2.34479	0
TERN_USD	2018-03-09	2.59732	2.65047	2.80201	2.37733	0
TERN_USD	2018-03-08	2.64973	2.81678	2.93102	2.63357	0
TERN_USD	2018-03-07	2.81261	3.28528	3.37484	2.69299	0
TERN_USD	2018-03-06	3.29037	3.57087	3.59415	3.19980	0
TERN_USD	2018-03-05	3.60327	3.68974	4.09034	3.60327	0
TERN_USD	2018-03-04	3.68959	3.47066	3.98657	3.15922	0
TERN_USD	2018-03-03	3.47010	3.49256	3.64675	3.44590	0
TERN_USD	2018-03-02	3.49211	3.48979	3.66674	3.30373	0
TERN_USD	2018-03-01	3.48560	3.11952	3.53354	3.09273	0
TERN_USD	2018-02-28	3.12017	3.44041	3.50680	3.09603	0
TERN_USD	2018-02-27	3.45208	3.31043	3.58797	3.13376	0
TERN_USD	2018-02-26	3.31283	3.18038	3.46779	3.10875	0
