THRT_USD	2019-04-09	0.009532	0.009686	0.009697	0.009374	0
THRT_USD	2019-04-08	0.009704	0.009429	0.009988	0.009354	0
THRT_USD	2019-04-07	0.009458	0.008920	0.009519	0.008855	0
THRT_USD	2019-04-06	0.008911	0.008933	0.009293	0.008671	0
THRT_USD	2019-04-05	0.008947	0.008474	0.009075	0.008422	0
THRT_USD	2019-04-04	0.008470	0.008604	0.008824	0.008279	0
THRT_USD	2019-04-03	0.008573	0.008833	0.009582	0.008134	0
THRT_USD	2019-04-02	0.008836	0.007642	0.008980	0.007631	0
THRT_USD	2019-04-01	0.007660	0.007675	0.007758	0.007563	0
THRT_USD	2019-03-31	0.007676	0.007722	0.007723	0.007618	0
THRT_USD	2019-03-30	0.007722	0.007805	0.007928	0.007622	0
THRT_USD	2019-03-29	0.007805	0.007488	0.007811	0.007474	0
THRT_USD	2019-03-28	0.007488	0.007560	0.007560	0.007447	0
THRT_USD	2019-03-27	0.007561	0.007228	0.007590	0.007225	0
THRT_USD	2019-03-26	0.007228	0.007215	0.007271	0.007156	0
THRT_USD	2019-03-25	0.007215	0.007357	0.007396	0.007111	0
THRT_USD	2019-03-24	0.007357	0.007435	0.007438	0.007304	0
THRT_USD	2019-03-23	0.007435	0.007371	0.007496	0.007358	0
THRT_USD	2019-03-22	0.007373	0.007313	0.007442	0.007285	0
THRT_USD	2019-03-21	0.007314	0.007589	0.007618	0.007256	0
THRT_USD	2019-03-20	0.007587	0.007562	0.007620	0.007430	0
THRT_USD	2019-03-19	0.007569	0.007505	0.007596	0.007465	0
THRT_USD	2019-03-18	0.007505	0.007565	0.007726	0.007423	0
THRT_USD	2019-03-17	0.007565	0.007676	0.007676	0.007494	0
THRT_USD	2019-03-16	0.007676	0.007435	0.007855	0.007435	0
THRT_USD	2019-03-15	0.007435	0.007191	0.007528	0.007191	0
THRT_USD	2019-03-14	0.007197	0.007182	0.007339	0.007069	0
THRT_USD	2019-03-13	0.007182	0.007275	0.007275	0.007126	0
THRT_USD	2019-03-12	0.007275	0.007229	0.007354	0.007015	0
THRT_USD	2019-03-11	0.007226	0.007378	0.007407	0.007154	0
THRT_USD	2019-03-10	0.007378	0.007478	0.007489	0.007308	0
THRT_USD	2019-03-09	0.007477	0.007271	0.007561	0.007236	0
THRT_USD	2019-03-08	0.007270	0.007476	0.007626	0.007115	0
THRT_USD	2019-03-07	0.007476	0.007505	0.007649	0.007399	0
THRT_USD	2019-03-06	0.007503	0.007481	0.007663	0.007311	0
THRT_USD	2019-03-05	0.007474	0.006854	0.007523	0.006823	0
THRT_USD	2019-03-04	0.006854	0.007115	0.007146	0.006721	0
THRT_USD	2019-03-03	0.007108	0.007239	0.007351	0.006974	0
THRT_USD	2019-03-02	0.007239	0.007393	0.007437	0.007109	0
THRT_USD	2019-03-01	0.007398	0.007376	0.007545	0.007358	0
THRT_USD	2019-02-28	0.007377	0.007359	0.007609	0.007286	0
THRT_USD	2019-02-27	0.007358	0.007441	0.007670	0.006921	0
THRT_USD	2019-02-26	0.007455	0.007534	0.007565	0.007341	0
THRT_USD	2019-02-25	0.007536	0.007221	0.007723	0.007221	0
THRT_USD	2019-02-24	0.007210	0.008614	0.009045	0.007210	0
THRT_USD	2019-02-23	0.008625	0.008075	0.008723	0.007952	0
THRT_USD	2019-02-22	0.008088	0.007917	0.008121	0.007806	0
THRT_USD	2019-02-21	0.007919	0.008097	0.008197	0.007770	0
THRT_USD	2019-02-20	0.008128	0.007827	0.008139	0.007677	0
THRT_USD	2019-02-19	0.007827	0.007947	0.008190	0.007791	0
THRT_USD	2019-02-18	0.007955	0.007498	0.008099	0.007446	0
THRT_USD	2019-02-17	0.007498	0.006864	0.007612	0.006853	0
THRT_USD	2019-02-16	0.006864	0.006814	0.006991	0.006812	0
THRT_USD	2019-02-15	0.006812	0.006744	0.006962	0.006727	0
THRT_USD	2019-02-14	0.006748	0.006811	0.006950	0.006730	0
THRT_USD	2019-02-13	0.006818	0.006868	0.007118	0.006749	0
THRT_USD	2019-02-12	0.006847	0.011410	0.011454	0.006771	0
THRT_USD	2019-02-11	0.011410	0.011838	0.011838	0.011315	0
THRT_USD	2019-02-10	0.011857	0.011255	0.011914	0.010974	0
THRT_USD	2019-02-09	0.011267	0.011271	0.011475	0.011124	0
THRT_USD	2019-02-08	0.011286	0.009835	0.011589	0.009775	0
THRT_USD	2019-02-07	0.009831	0.009863	0.010007	0.009783	0
THRT_USD	2019-02-06	0.009863	0.010108	0.010131	0.009579	0
THRT_USD	2019-02-05	0.010108	0.010087	0.010150	0.009997	0
THRT_USD	2019-02-04	0.010089	0.010101	0.010258	0.010028	0
THRT_USD	2019-02-03	0.010093	0.010482	0.010550	0.009968	0
THRT_USD	2019-02-02	0.010453	0.010138	0.010500	0.010038	0
THRT_USD	2019-02-01	0.010137	0.010100	0.010276	0.009832	0
THRT_USD	2019-01-31	0.010081	0.010282	0.010507	0.009994	0
THRT_USD	2019-01-30	0.010289	0.009889	0.010382	0.009797	0
THRT_USD	2019-01-29	0.009908	0.010004	0.010063	0.009704	0
THRT_USD	2019-01-28	0.009996	0.010549	0.010633	0.009611	0
THRT_USD	2019-01-27	0.010551	0.010911	0.010974	0.010488	0
THRT_USD	2019-01-26	0.010914	0.010907	0.011157	0.010886	0
THRT_USD	2019-01-25	0.010906	0.011072	0.011105	0.010818	0
THRT_USD	2019-01-24	0.011073	0.011044	0.011155	0.010778	0
THRT_USD	2019-01-23	0.011044	0.011177	0.011265	0.010892	0
THRT_USD	2019-01-22	0.011177	0.010919	0.011307	0.010504	0
THRT_USD	2019-01-21	0.010928	0.011087	0.011172	0.010704	0
THRT_USD	2019-01-20	0.011070	0.011718	0.011766	0.010954	0
THRT_USD	2019-01-19	0.011718	0.011272	0.012111	0.011272	0
THRT_USD	2019-01-18	0.011269	0.011572	0.011612	0.011143	0
THRT_USD	2019-01-17	0.011585	0.011538	0.011688	0.011106	0
THRT_USD	2019-01-16	0.011484	0.011333	0.012013	0.011259	0
THRT_USD	2019-01-15	0.011350	0.012159	0.012328	0.011086	0
THRT_USD	2019-01-14	0.012160	0.010914	0.012430	0.010899	0
THRT_USD	2019-01-13	0.010904	0.011778	0.011813	0.010749	0
THRT_USD	2019-01-12	0.011780	0.011914	0.012019	0.011683	0
THRT_USD	2019-01-11	0.011914	0.011981	0.012190	0.011596	0
THRT_USD	2019-01-10	0.011977	0.014134	0.014288	0.011663	0
THRT_USD	2019-01-09	0.014130	0.014142	0.014632	0.013995	0
THRT_USD	2019-01-08	0.014142	0.014319	0.014541	0.013952	0
THRT_USD	2019-01-07	0.014316	0.014878	0.015039	0.014177	0
THRT_USD	2019-01-06	0.014875	0.014651	0.015251	0.014207	0
THRT_USD	2019-01-05	0.014646	0.014674	0.015412	0.014596	0
THRT_USD	2019-01-04	0.014675	0.014088	0.014975	0.013936	0
THRT_USD	2019-01-03	0.014083	0.014741	0.014855	0.013859	0
THRT_USD	2019-01-02	0.014746	0.013495	0.015080	0.013320	0
THRT_USD	2019-01-01	0.013374	0.012580	0.013626	0.012476	0
THRT_USD	2018-12-31	0.012580	0.013339	0.013361	0.012371	0
THRT_USD	2018-12-30	0.013321	0.012934	0.013423	0.012480	0
THRT_USD	2018-12-29	0.013003	0.013175	0.014142	0.012626	0
THRT_USD	2018-12-28	0.013183	0.010970	0.013269	0.010833	0
THRT_USD	2018-12-27	0.010940	0.012453	0.012574	0.010783	0
THRT_USD	2018-12-26	0.012448	0.012302	0.013068	0.011803	0
THRT_USD	2018-12-25	0.012301	0.013190	0.013273	0.011714	0
THRT_USD	2018-12-24	0.013201	0.012373	0.015103	0.012362	0
THRT_USD	2018-12-23	0.012375	0.011151	0.012756	0.011145	0
THRT_USD	2018-12-22	0.011133	0.010302	0.011151	0.010070	0
THRT_USD	2018-12-21	0.010302	0.010940	0.011344	0.010071	0
THRT_USD	2018-12-20	0.010986	0.009475	0.011163	0.009401	0
THRT_USD	2018-12-19	0.009468	0.009634	0.010254	0.009410	0
THRT_USD	2018-12-18	0.009608	0.008998	0.009731	0.008741	0
THRT_USD	2018-12-17	0.008999	0.008011	0.009280	0.007977	0
THRT_USD	2018-12-16	0.008007	0.007931	0.008310	0.007916	0
THRT_USD	2018-12-15	0.007932	0.007881	0.008015	0.007703	0
THRT_USD	2018-12-14	0.007880	0.008131	0.008179	0.007739	0
THRT_USD	2018-12-13	0.008112	0.008492	0.008595	0.007977	0
THRT_USD	2018-12-12	0.008492	0.008225	0.008688	0.008157	0
THRT_USD	2018-12-11	0.008269	0.008537	0.008706	0.008104	0
THRT_USD	2018-12-10	0.008524	0.008872	0.009039	0.008373	0
THRT_USD	2018-12-09	0.008887	0.008627	0.009450	0.008395	0
THRT_USD	2018-12-08	0.008633	0.008059	0.009024	0.007639	0
THRT_USD	2018-12-07	0.008062	0.007818	0.008402	0.007058	0
THRT_USD	2018-12-06	0.007855	0.008726	0.008949	0.007787	0
THRT_USD	2018-12-05	0.008708	0.009416	0.009456	0.008699	0
THRT_USD	2018-12-04	0.009418	0.009285	0.009795	0.009052	0
THRT_USD	2018-12-03	0.009285	0.009955	0.009978	0.009086	0
THRT_USD	2018-12-02	0.009936	0.010470	0.010675	0.009926	0
THRT_USD	2018-12-01	0.010470	0.009952	0.010717	0.009779	0
THRT_USD	2018-11-30	0.009952	0.010370	0.010556	0.009811	0
THRT_USD	2018-11-29	0.010370	0.010855	0.010927	0.010085	0
THRT_USD	2018-11-28	0.010855	0.009779	0.011177	0.009779	0
THRT_USD	2018-11-27	0.009779	0.009675	0.010009	0.009015	0
THRT_USD	2018-11-26	0.009675	0.010391	0.010603	0.009369	0
THRT_USD	2018-11-25	0.010424	0.010091	0.010583	0.009074	0
THRT_USD	2018-11-24	0.010091	0.010957	0.011346	0.009797	0
THRT_USD	2018-11-23	0.010957	0.010789	0.011041	0.010260	0
THRT_USD	2018-11-22	0.010894	0.011825	0.011986	0.010894	0
THRT_USD	2018-11-21	0.011861	0.011513	0.012088	0.010913	0
THRT_USD	2018-11-20	0.011507	0.012939	0.013181	0.010962	0
THRT_USD	2018-11-19	0.012939	0.015300	0.015300	0.012695	0
THRT_USD	2018-11-18	0.015300	0.015039	0.015552	0.015039	0
THRT_USD	2018-11-17	0.015039	0.015142	0.015184	0.014897	0
THRT_USD	2018-11-16	0.015142	0.015744	0.015789	0.014861	0
THRT_USD	2018-11-15	0.015744	0.016380	0.016564	0.014712	0
THRT_USD	2018-11-14	0.016266	0.017869	0.017988	0.015563	0
THRT_USD	2018-11-13	0.017893	0.018109	0.018167	0.017811	0
THRT_USD	2018-11-12	0.018109	0.018138	0.018237	0.017965	0
THRT_USD	2018-11-11	0.018168	0.018335	0.018376	0.017802	0
THRT_USD	2018-11-10	0.018335	0.018147	0.018535	0.018105	0
THRT_USD	2018-11-09	0.018147	0.018294	0.018521	0.018025	0
THRT_USD	2018-11-08	0.018294	0.018834	0.018963	0.018294	0
THRT_USD	2018-11-07	0.018834	0.019105	0.019419	0.018681	0
THRT_USD	2018-11-06	0.019105	0.018980	0.019652	0.007581	0
THRT_USD	2018-11-05	0.018980	0.019087	0.019141	0.018712	0
THRT_USD	2018-11-04	0.019087	0.018009	0.019651	0.017914	0
THRT_USD	2018-11-03	0.018009	0.018200	0.018223	0.017938	0
THRT_USD	2018-11-02	0.018200	0.017976	0.018315	0.017976	0
THRT_USD	2018-11-01	0.017976	0.005740	0.018017	0.005724	0
THRT_USD	2018-10-31	0.005740	0.005707	0.005774	0.005589	0
THRT_USD	2018-10-30	0.005707	0.005689	0.005732	0.005661	0
THRT_USD	2018-10-29	0.005689	0.005921	0.005930	0.005656	0
THRT_USD	2018-10-28	0.005921	0.005900	0.005933	0.005889	0
THRT_USD	2018-10-27	0.005900	0.005616	0.005942	0.005616	0
THRT_USD	2018-10-26	0.005616	0.005579	0.005699	0.005573	0
THRT_USD	2018-10-25	0.005579	0.005621	0.005637	0.005558	0
THRT_USD	2018-10-24	0.005621	0.005639	0.005694	0.005620	0
THRT_USD	2018-10-23	0.005639	0.005647	0.005689	0.005559	0
THRT_USD	2018-10-22	0.005647	0.005451	0.005663	0.005401	0
THRT_USD	2018-10-21	0.005447	0.005493	0.005575	0.005447	0
THRT_USD	2018-10-20	0.005493	0.005407	0.005534	0.005373	0
THRT_USD	2018-10-19	0.005406	0.005438	0.005469	0.005383	0
THRT_USD	2018-10-18	0.005438	0.005619	0.005665	0.005381	0
THRT_USD	2018-10-17	0.005619	0.005677	0.005719	0.005551	0
THRT_USD	2018-10-16	0.005679	0.005647	0.005763	0.005581	0
THRT_USD	2018-10-15	0.005647	0.005194	0.006273	0.005133	0
THRT_USD	2018-10-14	0.005191	0.005310	0.005363	0.005158	0
THRT_USD	2018-10-13	0.005311	0.005199	0.005346	0.005195	0
THRT_USD	2018-10-12	0.005204	0.005045	0.005310	0.005027	0
THRT_USD	2018-10-11	0.005037	0.005983	0.005983	0.005016	0
THRT_USD	2018-10-10	0.005983	0.006031	0.006033	0.005913	0
THRT_USD	2018-10-09	0.006031	0.005501	0.006052	0.005427	0
THRT_USD	2018-10-08	0.005501	0.005406	0.005552	0.005361	0
THRT_USD	2018-10-07	0.005406	0.005384	0.005436	0.005299	0
THRT_USD	2018-10-06	0.005384	0.005463	0.005472	0.005338	0
THRT_USD	2018-10-05	0.005463	0.005312	0.005528	0.005255	0
THRT_USD	2018-10-04	0.005312	0.005272	0.005413	0.005251	0
THRT_USD	2018-10-03	0.005269	0.005395	0.005410	0.005169	0
THRT_USD	2018-10-02	0.005402	0.005532	0.005550	0.005369	0
THRT_USD	2018-10-01	0.005530	0.005561	0.005615	0.005393	0
THRT_USD	2018-09-30	0.005561	0.005546	0.005706	0.005408	0
THRT_USD	2018-09-29	0.005546	0.005305	0.005669	0.005113	0
THRT_USD	2018-09-28	0.005305	0.005483	0.005584	0.005139	0
THRT_USD	2018-09-27	0.005479	0.005117	0.005560	0.005035	0
THRT_USD	2018-09-26	0.005127	0.005251	0.005317	0.004955	0
THRT_USD	2018-09-25	0.005221	0.005444	0.005444	0.004863	0
THRT_USD	2018-09-24	0.005444	0.005847	0.005876	0.005391	0
THRT_USD	2018-09-23	0.005846	0.005759	0.005960	0.005671	0
THRT_USD	2018-09-22	0.005757	0.005921	0.006091	0.005575	0
THRT_USD	2018-09-21	0.005928	0.005400	0.006012	0.005296	0
THRT_USD	2018-09-20	0.005400	0.005018	0.005472	0.004948	0
THRT_USD	2018-09-19	0.005014	0.004990	0.005102	0.004707	0
THRT_USD	2018-09-18	0.004990	0.004699	0.005118	0.004640	0
THRT_USD	2018-09-17	0.004699	0.005261	0.005370	0.004604	0
THRT_USD	2018-09-16	0.005261	0.005301	0.005339	0.004898	0
THRT_USD	2018-09-15	0.005323	0.004970	0.005436	0.004970	0
THRT_USD	2018-09-14	0.005021	0.005032	0.005338	0.004856	0
THRT_USD	2018-09-13	0.005032	0.004376	0.005133	0.004376	0
THRT_USD	2018-09-12	0.004376	0.004417	0.004420	0.004012	0
THRT_USD	2018-09-11	0.004428	0.004705	0.004756	0.004258	0
THRT_USD	2018-09-10	0.004705	0.004684	0.004841	0.004468	0
THRT_USD	2018-09-09	0.004674	0.004700	0.004979	0.004437	0
THRT_USD	2018-09-08	0.004700	0.005147	0.005254	0.004562	0
THRT_USD	2018-09-07	0.005147	0.005489	0.005595	0.005108	0
THRT_USD	2018-09-06	0.005490	0.005448	0.005539	0.005068	0
THRT_USD	2018-09-05	0.005448	0.006818	0.006871	0.005420	0
THRT_USD	2018-09-04	0.006818	0.007064	0.007129	0.006762	0
THRT_USD	2018-09-03	0.007071	0.007621	0.007899	0.007061	0
THRT_USD	2018-09-02	0.007621	0.007659	0.007753	0.007499	0
THRT_USD	2018-09-01	0.007659	0.007301	0.007826	0.007301	0
THRT_USD	2018-08-31	0.007301	0.007358	0.007378	0.007165	0
THRT_USD	2018-08-30	0.007362	0.007479	0.007537	0.007057	0
THRT_USD	2018-08-29	0.007488	0.007656	0.007688	0.007365	0
THRT_USD	2018-08-28	0.007656	0.007456	0.007715	0.007325	0
THRT_USD	2018-08-27	0.007432	0.007105	0.007432	0.007042	0
THRT_USD	2018-08-26	0.007105	0.007057	0.007152	0.006877	0
THRT_USD	2018-08-25	0.007057	0.007158	0.007196	0.007043	0
THRT_USD	2018-08-24	0.007158	0.007023	0.007202	0.006886	0
THRT_USD	2018-08-23	0.007021	0.006880	0.007126	0.006829	0
THRT_USD	2018-08-22	0.006869	0.007155	0.007613	0.006623	0
THRT_USD	2018-08-21	0.007153	0.006882	0.007273	0.006868	0
THRT_USD	2018-08-20	0.006878	0.007617	0.007729	0.006860	0
THRT_USD	2018-08-19	0.007619	0.007491	0.007799	0.007351	0
THRT_USD	2018-08-18	0.007483	0.007761	0.007847	0.006915	0
THRT_USD	2018-08-17	0.007754	0.007004	0.007777	0.006975	0
THRT_USD	2018-08-16	0.007014	0.006872	0.007302	0.006798	0
THRT_USD	2018-08-15	0.006866	0.006808	0.007432	0.006773	0
THRT_USD	2018-08-14	0.006799	0.006941	0.006941	0.006135	0
THRT_USD	2018-08-13	0.006941	0.007778	0.007867	0.006864	0
THRT_USD	2018-08-12	0.007778	0.007768	0.007998	0.007701	0
THRT_USD	2018-08-11	0.007777	0.009752	0.009768	0.007460	0
THRT_USD	2018-08-10	0.009755	0.010681	0.010745	0.009593	0
THRT_USD	2018-08-09	0.010675	0.010458	0.010872	0.010311	0
THRT_USD	2018-08-08	0.010452	0.011098	0.011175	0.010263	0
THRT_USD	2018-08-07	0.011104	0.011905	0.012066	0.010842	0
THRT_USD	2018-08-06	0.011907	0.012016	0.012134	0.011795	0
THRT_USD	2018-08-05	0.012013	0.011962	0.012149	0.011753	0
THRT_USD	2018-08-04	0.011952	0.011903	0.012096	0.011600	0
THRT_USD	2018-08-03	0.011903	0.011711	0.011960	0.011343	0
THRT_USD	2018-08-02	0.011711	0.011972	0.012087	0.011620	0
THRT_USD	2018-08-01	0.011964	0.012328	0.012395	0.011625	0
THRT_USD	2018-07-31	0.012322	0.009361	0.012437	0.008836	0
THRT_USD	2018-07-30	0.009361	0.009560	0.009614	0.009158	0
THRT_USD	2018-07-29	0.009566	0.009850	0.009850	0.009461	0
THRT_USD	2018-07-28	0.009850	0.013454	0.013454	0.009850	0
THRT_USD	2018-07-27	0.013454	0.013454	0.013454	0.009850	0
THRT_USD	2018-07-26	0.013454	0.011123	0.013454	0.011123	0
THRT_USD	2018-07-25	0.011115	0.011274	0.011424	0.010937	0
THRT_USD	2018-07-24	0.011313	0.010586	0.011413	0.010567	0
THRT_USD	2018-07-23	0.010582	0.010774	0.011071	0.010521	0
THRT_USD	2018-07-22	0.010788	0.013131	0.013448	0.010718	0
THRT_USD	2018-07-21	0.013131	0.011116	0.013336	0.010943	0
THRT_USD	2018-07-20	0.011116	0.011482	0.011609	0.010895	0
THRT_USD	2018-07-19	0.011482	0.013784	0.013829	0.011342	0
THRT_USD	2018-07-18	0.013783	0.014379	0.014845	0.013532	0
THRT_USD	2018-07-17	0.014379	0.013784	0.014731	0.013430	0
THRT_USD	2018-07-16	0.013803	0.012961	0.013846	0.012825	0
THRT_USD	2018-07-15	0.012961	0.012489	0.013112	0.012423	0
THRT_USD	2018-07-14	0.012489	0.012451	0.012656	0.012326	0
THRT_USD	2018-07-13	0.012446	0.012390	0.012738	0.012270	0
THRT_USD	2018-07-12	0.012367	0.012841	0.012841	0.012037	0
THRT_USD	2018-07-11	0.012825	0.012470	0.012877	0.012245	0
THRT_USD	2018-07-10	0.012457	0.013569	0.013630	0.012327	0
THRT_USD	2018-07-09	0.013548	0.014004	0.014056	0.013502	0
THRT_USD	2018-07-08	0.014004	0.014022	0.014271	0.013903	0
THRT_USD	2018-07-07	0.014022	0.013551	0.014080	0.013306	0
THRT_USD	2018-07-06	0.013540	0.013461	0.013670	0.013022	0
THRT_USD	2018-07-05	0.013488	0.013449	0.013788	0.013214	0
THRT_USD	2018-07-04	0.013468	0.013329	0.013744	0.013005	0
THRT_USD	2018-07-03	0.013304	0.013743	0.014017	0.013261	0
THRT_USD	2018-07-02	0.013736	0.013023	0.013888	0.000000	0
THRT_USD	2018-07-01	0.013023	0.013075	0.013163	0.012816	0
THRT_USD	2018-06-30	0.013079	0.012583	0.013345	0.012583	0
THRT_USD	2018-06-29	0.012585	0.012346	0.012783	0.011668	0
THRT_USD	2018-06-28	0.012391	0.012993	0.013034	0.012277	0
THRT_USD	2018-06-27	0.012980	0.012618	0.013102	0.012327	0
THRT_USD	2018-06-26	0.012643	0.013527	0.013557	0.012611	0
THRT_USD	2018-06-25	0.013490	0.013315	0.013899	0.013089	0
THRT_USD	2018-06-24	0.013382	0.013680	0.013708	0.012373	0
THRT_USD	2018-06-23	0.013650	0.015003	0.015445	0.013618	0
THRT_USD	2018-06-22	0.014982	0.017066	0.017069	0.014574	0
THRT_USD	2018-06-21	0.017069	0.017400	0.017692	0.016935	0
THRT_USD	2018-06-20	0.017399	0.017450	0.017585	0.016775	0
THRT_USD	2018-06-19	0.017471	0.016813	0.017777	0.016713	0
THRT_USD	2018-06-18	0.016795	0.016126	0.016978	0.015821	0
THRT_USD	2018-06-17	0.016089	0.016121	0.016473	0.016014	0
THRT_USD	2018-06-16	0.016121	0.017040	0.017493	0.015701	0
THRT_USD	2018-06-15	0.017055	0.016908	0.017116	0.015716	0
THRT_USD	2018-06-14	0.016849	0.015031	0.017322	0.011445	0
THRT_USD	2018-06-13	0.015023	0.015578	0.015810	0.014206	0
THRT_USD	2018-06-12	0.015570	0.016746	0.017037	0.015263	0
THRT_USD	2018-06-11	0.016753	0.016518	0.016888	0.016076	0
THRT_USD	2018-06-10	0.016512	0.012440	0.019312	0.011770	0
THRT_USD	2018-06-09	0.012487	0.012628	0.012830	0.012461	0
THRT_USD	2018-06-08	0.012627	0.012722	0.012807	0.012484	0
THRT_USD	2018-06-07	0.012744	0.012798	0.012991	0.012611	0
THRT_USD	2018-06-06	0.012770	0.019242	0.019303	0.012486	0
THRT_USD	2018-06-05	0.019208	0.019573	0.020190	0.019015	0
THRT_USD	2018-06-04	0.019510	0.014511	0.020115	0.014124	0
THRT_USD	2018-06-03	0.014494	0.013827	0.014695	0.013808	0
THRT_USD	2018-06-02	0.013816	0.017779	0.031481	0.009988	0
THRT_USD	2018-06-01	0.017725	0.017649	0.018043	0.017269	0
THRT_USD	2018-05-31	0.017687	0.017045	0.017938	0.016953	0
THRT_USD	2018-05-30	0.017054	0.017363	0.017906	0.016588	0
THRT_USD	2018-05-29	0.017278	0.015667	0.017512	0.015640	0
THRT_USD	2018-05-28	0.015666	0.017383	0.017536	0.015373	0
THRT_USD	2018-05-27	0.017383	0.017861	0.018022	0.016940	0
THRT_USD	2018-05-26	0.017861	0.017825	0.018501	0.017635	0
THRT_USD	2018-05-25	0.017824	0.018385	0.018782	0.017334	0
THRT_USD	2018-05-24	0.018386	0.017629	0.018559	0.016500	0
THRT_USD	2018-05-23	0.017603	0.019533	0.019808	0.017210	0
THRT_USD	2018-05-22	0.019561	0.020912	0.020943	0.019276	0
THRT_USD	2018-05-21	0.020879	0.021463	0.021567	0.020602	0
THRT_USD	2018-05-20	0.021458	0.025765	0.026245	0.020749	0
THRT_USD	2018-05-19	0.025743	0.019730	0.026216	0.019402	0
THRT_USD	2018-05-18	0.019724	0.018833	0.019762	0.018544	0
THRT_USD	2018-05-17	0.018866	0.026597	0.026993	0.018665	0
THRT_USD	2018-05-16	0.026570	0.026502	0.026677	0.025397	0
THRT_USD	2018-05-15	0.026503	0.027387	0.027816	0.026122	0
THRT_USD	2018-05-14	0.027387	0.028788	0.029190	0.027041	0
THRT_USD	2018-05-13	0.028788	0.030721	0.030948	0.026800	0
THRT_USD	2018-05-12	0.030687	0.030505	0.031070	0.028711	0
THRT_USD	2018-05-11	0.030402	0.032544	0.033123	0.029970	0
THRT_USD	2018-05-10	0.032555	0.033834	0.034553	0.032531	0
THRT_USD	2018-05-09	0.033834	0.035490	0.035554	0.032241	0
THRT_USD	2018-05-08	0.035536	0.030073	0.036774	0.000047	0
THRT_USD	2018-05-07	0.030222	0.031116	0.034398	0.029409	0
THRT_USD	2018-05-06	0.031115	0.042993	0.043953	0.029560	0
THRT_USD	2018-05-05	0.042967	0.035349	0.046065	0.035194	0
THRT_USD	2018-05-04	0.035349	0.035073	0.036353	0.034239	0
THRT_USD	2018-05-03	0.035073	0.038184	0.043049	0.034817	0
THRT_USD	2018-05-02	0.038184	0.030967	0.038379	0.030662	0
THRT_USD	2018-05-01	0.030969	0.030907	0.031156	0.029016	0
THRT_USD	2018-04-30	0.030871	0.031884	0.032043	0.030622	0
THRT_USD	2018-04-29	0.031866	0.031522	0.032305	0.030719	0
THRT_USD	2018-04-28	0.031553	0.030888	0.032413	0.030575	0
THRT_USD	2018-04-27	0.030916	0.029827	0.032930	0.029137	0
THRT_USD	2018-04-26	0.029822	0.029035	0.029942	0.026598	0
THRT_USD	2018-04-25	0.029035	0.033733	0.033765	0.028349	0
THRT_USD	2018-04-24	0.033809	0.037998	0.040299	0.033332	0
THRT_USD	2018-04-23	0.038015	0.036594	0.038260	0.036548	0
THRT_USD	2018-04-22	0.036636	0.035719	0.037975	0.034941	0
THRT_USD	2018-04-21	0.035719	0.030188	0.037450	0.029384	0
THRT_USD	2018-04-20	0.030139	0.027753	0.030387	0.027321	0
THRT_USD	2018-04-19	0.027724	0.026533	0.031276	0.026351	0
THRT_USD	2018-04-18	0.026521	0.025386	0.026581	0.025322	0
THRT_USD	2018-04-17	0.025415	0.028660	0.044354	0.025304	0
THRT_USD	2018-04-16	0.028677	0.033698	0.033905	0.027989	0
THRT_USD	2018-04-15	0.033633	0.029888	0.033706	0.029888	0
THRT_USD	2018-04-14	0.029894	0.029405	0.030597	0.028976	0
THRT_USD	2018-04-13	0.029317	0.029383	0.031436	0.028698	0
THRT_USD	2018-04-12	0.029427	0.025988	0.029653	0.024654	0
THRT_USD	2018-04-11	0.026014	0.024697	0.026206	0.024519	0
THRT_USD	2018-04-10	0.024697	0.023726	0.024857	0.023281	0
THRT_USD	2018-04-09	0.023660	0.023818	0.025626	0.023047	0
THRT_USD	2018-04-08	0.023854	0.022860	0.024030	0.022860	0
THRT_USD	2018-04-07	0.022890	0.021997	0.023476	0.021951	0
THRT_USD	2018-04-06	0.021999	0.025668	0.025916	0.021708	0
THRT_USD	2018-04-05	0.025625	0.026558	0.027370	0.025060	0
THRT_USD	2018-04-04	0.026590	0.029147	0.029241	0.025967	0
THRT_USD	2018-04-03	0.029184	0.045069	0.046495	0.028889	0
THRT_USD	2018-04-02	0.045069	0.045416	0.047254	0.043958	0
THRT_USD	2018-04-01	0.045427	0.047205	0.047841	0.042965	0
THRT_USD	2018-03-31	0.047197	0.026150	0.049597	0.025913	0
THRT_USD	2018-03-30	0.026138	0.025555	0.027308	0.024271	0
THRT_USD	2018-03-29	0.025551	0.029634	0.029803	0.025258	0
THRT_USD	2018-03-28	0.029625	0.029807	0.030944	0.029271	0
THRT_USD	2018-03-27	0.029812	0.032345	0.032686	0.029677	0
THRT_USD	2018-03-26	0.032432	0.034791	0.034950	0.031061	0
THRT_USD	2018-03-25	0.034753	0.034513	0.035555	0.034134	0
THRT_USD	2018-03-24	0.034510	0.036181	0.036258	0.034510	0
THRT_USD	2018-03-23	0.036087	0.035857	0.036087	0.033655	0
THRT_USD	2018-03-22	0.035731	0.037175	0.038391	0.034307	0
THRT_USD	2018-03-21	0.037195	0.037044	0.039195	0.036269	0
THRT_USD	2018-03-20	0.037012	0.036907	0.037669	0.034354	0
THRT_USD	2018-03-19	0.036932	0.035730	0.037119	0.034269	0
THRT_USD	2018-03-18	0.035692	0.038177	0.038177	0.030344	0
THRT_USD	2018-03-17	0.038304	0.041712	0.042354	0.037774	0
THRT_USD	2018-03-16	0.041803	0.045773	0.046923	0.041533	0
THRT_USD	2018-03-15	0.045716	0.039740	0.046015	0.037161	0
THRT_USD	2018-03-14	0.039683	0.051672	0.052713	0.038850	0
THRT_USD	2018-03-13	0.051649	0.043219	0.053584	0.042953	0
THRT_USD	2018-03-12	0.043175	0.044667	0.045907	0.042040	0
THRT_USD	2018-03-11	0.044680	0.042174	0.045578	0.040974	0
THRT_USD	2018-03-10	0.042213	0.044962	0.046226	0.041963	0
THRT_USD	2018-03-09	0.045039	0.043271	0.045158	0.039652	0
THRT_USD	2018-03-08	0.043263	0.046488	0.056356	0.042742	0
