TIG_USD	2019-04-09	0.000367	0.000398	0.000398	0.000364	0
TIG_USD	2019-04-08	0.000399	0.000393	0.000427	0.000365	0
TIG_USD	2019-04-07	0.000393	0.000382	0.000418	0.000355	0
TIG_USD	2019-04-06	0.000381	0.000432	0.000432	0.000373	0
TIG_USD	2019-04-05	0.000432	0.000371	0.000457	0.000370	0
TIG_USD	2019-04-04	0.000370	0.000498	0.000532	0.000325	0
TIG_USD	2019-04-03	0.000498	0.000468	0.000557	0.000396	0
TIG_USD	2019-04-02	0.000468	0.000294	0.000468	0.000293	0
TIG_USD	2019-04-01	0.000294	0.000292	0.000336	0.000289	0
TIG_USD	2019-03-31	0.000292	0.000250	0.000292	0.000249	0
TIG_USD	2019-03-30	0.000250	0.000251	0.000291	0.000248	0
TIG_USD	2019-03-29	0.000251	0.000286	0.000293	0.000245	0
TIG_USD	2019-03-28	0.000286	0.000287	0.000287	0.000244	0
TIG_USD	2019-03-27	0.000287	0.000280	0.000288	0.000279	0
TIG_USD	2019-03-26	0.000279	0.000278	0.000280	0.000277	0
TIG_USD	2019-03-25	0.000278	0.000263	0.000283	0.000236	0
TIG_USD	2019-03-24	0.000263	0.000284	0.000284	0.000241	0
TIG_USD	2019-03-23	0.000284	0.000283	0.000285	0.000263	0
TIG_USD	2019-03-22	0.000283	0.000243	0.000285	0.000242	0
TIG_USD	2019-03-21	0.000243	0.000248	0.000249	0.000240	0
TIG_USD	2019-03-20	0.000248	0.000246	0.000248	0.000244	0
TIG_USD	2019-03-19	0.000246	0.000244	0.000247	0.000243	0
TIG_USD	2019-03-18	0.000244	0.000244	0.000285	0.000242	0
TIG_USD	2019-03-17	0.000244	0.000245	0.000245	0.000223	0
TIG_USD	2019-03-16	0.000245	0.000240	0.000267	0.000240	0
TIG_USD	2019-03-15	0.000240	0.000237	0.000321	0.000220	0
TIG_USD	2019-03-14	0.000237	0.000237	0.000316	0.000236	0
TIG_USD	2019-03-13	0.000237	0.000237	0.000238	0.000236	0
TIG_USD	2019-03-12	0.000237	0.000237	0.000239	0.000215	0
TIG_USD	2019-03-11	0.000237	0.000220	0.000241	0.000216	0
TIG_USD	2019-03-10	0.000220	0.000201	0.000240	0.000198	0
TIG_USD	2019-03-09	0.000201	0.000197	0.000220	0.000197	0
TIG_USD	2019-03-08	0.000197	0.000218	0.000221	0.000194	0
TIG_USD	2019-03-07	0.000218	0.000198	0.000239	0.000197	0
TIG_USD	2019-03-06	0.000198	0.000237	0.000237	0.000157	0
TIG_USD	2019-03-05	0.000237	0.000228	0.000238	0.000209	0
TIG_USD	2019-03-04	0.000228	0.000233	0.000234	0.000226	0
TIG_USD	2019-03-03	0.000233	0.000235	0.000235	0.000232	0
TIG_USD	2019-03-02	0.000235	0.000235	0.000235	0.000231	0
TIG_USD	2019-03-01	0.000235	0.000234	0.000237	0.000215	0
TIG_USD	2019-02-28	0.000234	0.000215	0.000239	0.000214	0
TIG_USD	2019-02-27	0.000215	0.000234	0.000236	0.000196	0
TIG_USD	2019-02-26	0.000234	0.000235	0.000292	0.000194	0
TIG_USD	2019-02-25	0.000235	0.000230	0.000238	0.000230	0
TIG_USD	2019-02-24	0.000230	0.000253	0.000257	0.000229	0
TIG_USD	2019-02-23	0.000253	0.000243	0.000255	0.000241	0
TIG_USD	2019-02-22	0.000244	0.000241	0.000244	0.000239	0
TIG_USD	2019-02-21	0.000241	0.000223	0.000242	0.000199	0
TIG_USD	2019-02-20	0.000223	0.000239	0.000244	0.000220	0
TIG_USD	2019-02-19	0.000239	0.000239	0.000286	0.000237	0
TIG_USD	2019-02-18	0.000239	0.000243	0.000281	0.000237	0
TIG_USD	2019-02-17	0.000243	0.000239	0.000246	0.000238	0
TIG_USD	2019-02-16	0.000239	0.000239	0.000242	0.000238	0
TIG_USD	2019-02-15	0.000238	0.000238	0.000242	0.000237	0
TIG_USD	2019-02-14	0.000238	0.000238	0.000239	0.000237	0
TIG_USD	2019-02-13	0.000238	0.000277	0.000278	0.000204	0
TIG_USD	2019-02-12	0.000277	0.000276	0.000279	0.000273	0
TIG_USD	2019-02-11	0.000276	0.000281	0.000281	0.000276	0
TIG_USD	2019-02-10	0.000281	0.000279	0.000281	0.000275	0
TIG_USD	2019-02-09	0.000279	0.000279	0.000280	0.000277	0
TIG_USD	2019-02-08	0.000279	0.000258	0.000285	0.000257	0
TIG_USD	2019-02-07	0.000258	0.000259	0.000260	0.000257	0
TIG_USD	2019-02-06	0.000259	0.000263	0.000264	0.000257	0
TIG_USD	2019-02-05	0.000263	0.000227	0.000264	0.000227	0
TIG_USD	2019-02-04	0.000227	0.000263	0.000264	0.000227	0
TIG_USD	2019-02-03	0.000263	0.000267	0.000268	0.000260	0
TIG_USD	2019-02-02	0.000267	0.000265	0.000268	0.000263	0
TIG_USD	2019-02-01	0.000265	0.000263	0.000267	0.000260	0
TIG_USD	2019-01-31	0.000263	0.000300	0.000303	0.000261	0
TIG_USD	2019-01-30	0.000300	0.000261	0.000301	0.000259	0
TIG_USD	2019-01-29	0.000261	0.000228	0.000262	0.000224	0
TIG_USD	2019-01-28	0.000228	0.000270	0.000270	0.000225	0
TIG_USD	2019-01-27	0.000270	0.000272	0.000273	0.000266	0
TIG_USD	2019-01-26	0.000272	0.000272	0.000280	0.000272	0
TIG_USD	2019-01-25	0.000272	0.000274	0.000275	0.000238	0
TIG_USD	2019-01-24	0.000274	0.000272	0.000275	0.000269	0
TIG_USD	2019-01-23	0.000271	0.000237	0.000273	0.000235	0
TIG_USD	2019-01-22	0.000237	0.000233	0.000239	0.000228	0
TIG_USD	2019-01-21	0.000233	0.000233	0.000234	0.000231	0
TIG_USD	2019-01-20	0.000233	0.000245	0.000247	0.000231	0
TIG_USD	2019-01-19	0.000245	0.000239	0.000250	0.000239	0
TIG_USD	2019-01-18	0.000239	0.000242	0.000242	0.000238	0
TIG_USD	2019-01-17	0.000242	0.000239	0.000242	0.000235	0
TIG_USD	2019-01-16	0.000239	0.000237	0.000243	0.000237	0
TIG_USD	2019-01-15	0.000238	0.000281	0.000283	0.000236	0
TIG_USD	2019-01-14	0.000281	0.000233	0.000285	0.000233	0
TIG_USD	2019-01-13	0.000233	0.000278	0.000279	0.000232	0
TIG_USD	2019-01-12	0.000278	0.000279	0.000280	0.000275	0
TIG_USD	2019-01-11	0.000279	0.000278	0.000283	0.000275	0
TIG_USD	2019-01-10	0.000278	0.000306	0.000310	0.000277	0
TIG_USD	2019-01-09	0.000306	0.000308	0.000312	0.000303	0
TIG_USD	2019-01-08	0.000307	0.000309	0.000316	0.000304	0
TIG_USD	2019-01-07	0.000309	0.000313	0.000315	0.000306	0
TIG_USD	2019-01-06	0.000313	0.000293	0.000587	0.000292	0
TIG_USD	2019-01-05	0.000293	0.000297	0.000301	0.000293	0
TIG_USD	2019-01-04	0.000297	0.000294	0.000299	0.000289	0
TIG_USD	2019-01-03	0.000294	0.000304	0.000304	0.000293	0
TIG_USD	2019-01-02	0.000304	0.000298	0.000305	0.000294	0
TIG_USD	2019-01-01	0.000297	0.000287	0.000299	0.000284	0
TIG_USD	2018-12-31	0.000287	0.000298	0.000299	0.000284	0
TIG_USD	2018-12-30	0.000298	0.000292	0.000338	0.000288	0
TIG_USD	2018-12-29	0.000291	0.000343	0.000346	0.000290	0
TIG_USD	2018-12-28	0.000343	0.000279	0.000344	0.000277	0
TIG_USD	2018-12-27	0.000279	0.000295	0.000297	0.000277	0
TIG_USD	2018-12-26	0.000295	0.000293	0.000299	0.000286	0
TIG_USD	2018-12-25	0.000293	0.000311	0.000333	0.000287	0
TIG_USD	2018-12-24	0.000311	0.000305	0.000329	0.000305	0
TIG_USD	2018-12-23	0.000305	0.000269	0.000316	0.000268	0
TIG_USD	2018-12-22	0.000268	0.000298	0.000306	0.000257	0
TIG_USD	2018-12-21	0.000298	0.000316	0.000322	0.000256	0
TIG_USD	2018-12-20	0.000316	0.000285	0.000322	0.000284	0
TIG_USD	2018-12-19	0.000286	0.000284	0.000324	0.000282	0
TIG_USD	2018-12-18	0.000283	0.000272	0.000285	0.000266	0
TIG_USD	2018-12-17	0.000272	0.000215	0.000278	0.000214	0
TIG_USD	2018-12-16	0.000214	0.000214	0.000220	0.000213	0
TIG_USD	2018-12-15	0.000214	0.000246	0.000249	0.000209	0
TIG_USD	2018-12-14	0.000246	0.000252	0.000254	0.000210	0
TIG_USD	2018-12-13	0.000251	0.000265	0.000266	0.000250	0
TIG_USD	2018-12-12	0.000265	0.000257	0.000283	0.000256	0
TIG_USD	2018-12-11	0.000258	0.000264	0.000298	0.000256	0
TIG_USD	2018-12-10	0.000264	0.000273	0.000308	0.000261	0
TIG_USD	2018-12-09	0.000273	0.000263	0.000283	0.000260	0
TIG_USD	2018-12-08	0.000263	0.000259	0.000274	0.000249	0
TIG_USD	2018-12-07	0.000259	0.000265	0.000294	0.000246	0
TIG_USD	2018-12-06	0.000266	0.000320	0.000333	0.000264	0
TIG_USD	2018-12-05	0.000320	0.000339	0.000340	0.000319	0
TIG_USD	2018-12-04	0.000338	0.000331	0.000351	0.000324	0
TIG_USD	2018-12-03	0.000332	0.000355	0.000355	0.000326	0
TIG_USD	2018-12-02	0.000354	0.000361	0.000407	0.000351	0
TIG_USD	2018-12-01	0.000361	0.000343	0.000411	0.000338	0
TIG_USD	2018-11-30	0.000343	0.000367	0.000367	0.000302	0
TIG_USD	2018-11-29	0.000367	0.000366	0.000374	0.000314	0
TIG_USD	2018-11-28	0.000366	0.000291	0.000377	0.000291	0
TIG_USD	2018-11-27	0.000291	0.000289	0.000296	0.000278	0
TIG_USD	2018-11-26	0.000289	0.000307	0.000351	0.000279	0
TIG_USD	2018-11-25	0.000308	0.000334	0.000335	0.000275	0
TIG_USD	2018-11-24	0.000334	0.000332	0.000384	0.000288	0
TIG_USD	2018-11-23	0.000332	0.000371	0.000376	0.000319	0
TIG_USD	2018-11-22	0.000373	0.000443	0.000448	0.000330	0
TIG_USD	2018-11-21	0.000444	0.000391	0.000488	0.000340	0
TIG_USD	2018-11-20	0.000390	0.000469	0.000479	0.000375	0
TIG_USD	2018-11-19	0.000469	0.000594	0.000594	0.000465	0
TIG_USD	2018-11-18	0.000594	0.000591	0.000600	0.000590	0
TIG_USD	2018-11-17	0.000591	0.000594	0.000594	0.000585	0
TIG_USD	2018-11-16	0.000594	0.000604	0.000604	0.000530	0
TIG_USD	2018-11-15	0.000604	0.000622	0.000623	0.000544	0
TIG_USD	2018-11-14	0.000618	0.000743	0.000746	0.000599	0
TIG_USD	2018-11-13	0.000743	0.000741	0.000747	0.000736	0
TIG_USD	2018-11-12	0.000741	0.000742	0.000745	0.000738	0
TIG_USD	2018-11-11	0.000743	0.000675	0.000743	0.000673	0
TIG_USD	2018-11-10	0.000675	0.000674	0.000678	0.000674	0
TIG_USD	2018-11-09	0.000674	0.000680	0.000683	0.000671	0
TIG_USD	2018-11-08	0.000680	0.000756	0.000757	0.000680	0
TIG_USD	2018-11-07	0.000756	0.000749	0.000760	0.000749	0
TIG_USD	2018-11-06	0.000749	0.000744	0.000749	0.000741	0
TIG_USD	2018-11-05	0.000744	0.000746	0.000747	0.000741	0
TIG_USD	2018-11-04	0.000746	0.000735	0.000749	0.000731	0
TIG_USD	2018-11-03	0.000735	0.000739	0.000740	0.000728	0
TIG_USD	2018-11-02	0.000739	0.000800	0.000807	0.000735	0
TIG_USD	2018-11-01	0.000800	0.000732	0.000803	0.000731	0
TIG_USD	2018-10-31	0.000732	0.000728	0.000736	0.000719	0
TIG_USD	2018-10-30	0.000728	0.000730	0.000734	0.000726	0
TIG_USD	2018-10-29	0.000730	0.000746	0.000748	0.000667	0
TIG_USD	2018-10-28	0.000746	0.000748	0.000749	0.000682	0
TIG_USD	2018-10-27	0.000748	0.000686	0.000752	0.000686	0
TIG_USD	2018-10-26	0.000686	0.000751	0.000752	0.000684	0
TIG_USD	2018-10-25	0.000751	0.000754	0.000755	0.000748	0
TIG_USD	2018-10-24	0.000754	0.000819	0.000828	0.000752	0
TIG_USD	2018-10-23	0.000819	0.000821	0.000823	0.000752	0
TIG_USD	2018-10-22	0.000821	0.000824	0.000828	0.000754	0
TIG_USD	2018-10-21	0.000824	0.000889	0.000898	0.000824	0
TIG_USD	2018-10-20	0.000889	0.000816	0.000890	0.000814	0
TIG_USD	2018-10-19	0.000816	0.000827	0.000887	0.000816	0
TIG_USD	2018-10-18	0.000827	0.000842	0.000843	0.000768	0
TIG_USD	2018-10-17	0.000842	0.000777	0.000843	0.000768	0
TIG_USD	2018-10-16	0.000777	0.000775	0.000861	0.000770	0
TIG_USD	2018-10-15	0.000775	0.000729	0.000865	0.000724	0
TIG_USD	2018-10-14	0.000728	0.000728	0.000799	0.000727	0
TIG_USD	2018-10-13	0.000728	0.000724	0.000728	0.000723	0
TIG_USD	2018-10-12	0.000724	0.000719	0.000760	0.000716	0
TIG_USD	2018-10-11	0.000719	0.000829	0.000829	0.000716	0
TIG_USD	2018-10-10	0.000829	0.000900	0.000900	0.000824	0
TIG_USD	2018-10-09	0.000900	0.000901	0.000902	0.000826	0
TIG_USD	2018-10-08	0.000901	0.000891	0.000907	0.000866	0
TIG_USD	2018-10-07	0.000891	0.000824	0.000896	0.000819	0
TIG_USD	2018-10-06	0.000824	0.000897	0.000898	0.000820	0
TIG_USD	2018-10-05	0.000897	0.000954	0.000957	0.000884	0
TIG_USD	2018-10-04	0.000954	0.000878	0.001025	0.000822	0
TIG_USD	2018-10-03	0.000878	0.000947	0.001014	0.000870	0
TIG_USD	2018-10-02	0.000948	0.000759	0.001091	0.000757	0
TIG_USD	2018-10-01	0.000759	0.000695	0.000765	0.000689	0
TIG_USD	2018-09-30	0.000695	0.000693	0.000765	0.000686	0
TIG_USD	2018-09-29	0.000693	0.000697	0.000762	0.000616	0
TIG_USD	2018-09-28	0.000697	0.000703	0.000717	0.000627	0
TIG_USD	2018-09-27	0.000702	0.000679	0.000706	0.000676	0
TIG_USD	2018-09-26	0.000679	0.000677	0.000743	0.000671	0
TIG_USD	2018-09-25	0.000676	0.000757	0.000757	0.000667	0
TIG_USD	2018-09-24	0.000757	0.000772	0.000773	0.000688	0
TIG_USD	2018-09-23	0.000772	0.000773	0.000848	0.000767	0
TIG_USD	2018-09-22	0.000773	0.000778	0.000843	0.000764	0
TIG_USD	2018-09-21	0.000779	0.000683	0.000846	0.000682	0
TIG_USD	2018-09-20	0.000683	0.000735	0.000741	0.000668	0
TIG_USD	2018-09-19	0.000735	0.000666	0.000744	0.000657	0
TIG_USD	2018-09-18	0.000666	0.000657	0.000729	0.000654	0
TIG_USD	2018-09-17	0.000657	0.000747	0.000751	0.000652	0
TIG_USD	2018-09-16	0.000747	0.000749	0.000749	0.000712	0
TIG_USD	2018-09-15	0.000750	0.000745	0.000755	0.000718	0
TIG_USD	2018-09-14	0.000746	0.000745	0.000757	0.000720	0
TIG_USD	2018-09-13	0.000745	0.000665	0.000750	0.000665	0
TIG_USD	2018-09-12	0.000665	0.000661	0.000667	0.000592	0
TIG_USD	2018-09-11	0.000660	0.000662	0.000670	0.000593	0
TIG_USD	2018-09-10	0.000662	0.000718	0.000730	0.000655	0
TIG_USD	2018-09-09	0.000718	0.000711	0.000738	0.000650	0
TIG_USD	2018-09-08	0.000711	0.000736	0.000745	0.000706	0
TIG_USD	2018-09-07	0.000736	0.000880	0.000881	0.000732	0
TIG_USD	2018-09-06	0.000879	0.000905	0.000907	0.000770	0
TIG_USD	2018-09-05	0.000905	0.001067	0.001072	0.000845	0
TIG_USD	2018-09-04	0.001067	0.001054	0.001130	0.000986	0
TIG_USD	2018-09-03	0.001054	0.001166	0.001198	0.000983	0
TIG_USD	2018-09-02	0.001166	0.001116	0.001205	0.001106	0
TIG_USD	2018-09-01	0.001116	0.001089	0.001188	0.001088	0
TIG_USD	2018-08-31	0.001089	0.001153	0.001158	0.001008	0
TIG_USD	2018-08-30	0.001154	0.001161	0.001228	0.001056	0
TIG_USD	2018-08-29	0.001163	0.001239	0.001247	0.001153	0
TIG_USD	2018-08-28	0.001239	0.001278	0.001315	0.001099	0
TIG_USD	2018-08-27	0.001277	0.001206	0.001279	0.001168	0
TIG_USD	2018-08-26	0.001208	0.001145	0.001245	0.001094	0
TIG_USD	2018-08-25	0.001146	0.001004	0.001242	0.000975	0
TIG_USD	2018-08-24	0.001004	0.001012	0.001043	0.000946	0
TIG_USD	2018-08-23	0.001012	0.001018	0.001065	0.000936	0
TIG_USD	2018-08-22	0.001017	0.001069	0.001166	0.000978	0
TIG_USD	2018-08-21	0.001069	0.001000	0.001089	0.000933	0
TIG_USD	2018-08-20	0.001001	0.001167	0.001173	0.000968	0
TIG_USD	2018-08-19	0.001167	0.001055	0.001258	0.000987	0
TIG_USD	2018-08-18	0.001054	0.001152	0.001157	0.000920	0
TIG_USD	2018-08-17	0.001153	0.001009	0.001205	0.000975	0
TIG_USD	2018-08-16	0.000978	0.001002	0.001071	0.000905	0
TIG_USD	2018-08-15	0.001003	0.000835	0.001132	0.000835	0
TIG_USD	2018-08-14	0.000835	0.001030	0.001030	0.000781	0
TIG_USD	2018-08-13	0.001032	0.001168	0.001197	0.001024	0
TIG_USD	2018-08-12	0.001168	0.001215	0.001239	0.001096	0
TIG_USD	2018-08-11	0.001214	0.001444	0.001449	0.001132	0
TIG_USD	2018-08-10	0.001444	0.001407	0.001572	0.001354	0
TIG_USD	2018-08-09	0.001404	0.001413	0.001424	0.001274	0
TIG_USD	2018-08-08	0.001413	0.001712	0.001712	0.001345	0
TIG_USD	2018-08-07	0.001713	0.002048	0.002063	0.001590	0
TIG_USD	2018-08-06	0.002047	0.002248	0.002317	0.001913	0
TIG_USD	2018-08-05	0.002250	0.002174	0.002291	0.002087	0
TIG_USD	2018-08-04	0.002172	0.002374	0.002471	0.002082	0
TIG_USD	2018-08-03	0.002373	0.002371	0.002500	0.002089	0
TIG_USD	2018-08-02	0.002374	0.002624	0.002626	0.002368	0
TIG_USD	2018-08-01	0.002625	0.002671	0.002750	0.002428	0
TIG_USD	2018-07-31	0.002672	0.003230	0.003230	0.002646	0
TIG_USD	2018-07-30	0.003228	0.003330	0.003352	0.002985	0
TIG_USD	2018-07-29	0.003330	0.003257	0.003421	0.003147	0
TIG_USD	2018-07-28	0.003257	0.003257	0.003381	0.003175	0
TIG_USD	2018-07-27	0.003257	0.003175	0.003257	0.003010	0
TIG_USD	2018-07-26	0.003175	0.003192	0.003257	0.002927	0
TIG_USD	2018-07-25	0.003189	0.003433	0.003507	0.003080	0
TIG_USD	2018-07-24	0.003449	0.003049	0.003525	0.003011	0
TIG_USD	2018-07-23	0.003047	0.002995	0.003273	0.002968	0
TIG_USD	2018-07-22	0.002998	0.002998	0.003108	0.002766	0
TIG_USD	2018-07-21	0.002998	0.003007	0.003130	0.002925	0
TIG_USD	2018-07-20	0.003006	0.003326	0.003326	0.002896	0
TIG_USD	2018-07-19	0.003326	0.003578	0.003630	0.003308	0
TIG_USD	2018-07-18	0.003536	0.003624	0.003775	0.003451	0
TIG_USD	2018-07-17	0.003623	0.003390	0.003767	0.003247	0
TIG_USD	2018-07-16	0.003402	0.003205	0.003541	0.003140	0
TIG_USD	2018-07-15	0.003205	0.003125	0.003226	0.003054	0
TIG_USD	2018-07-14	0.003125	0.003265	0.003353	0.002997	0
TIG_USD	2018-07-13	0.003266	0.003398	0.003418	0.003241	0
TIG_USD	2018-07-12	0.003396	0.003601	0.003615	0.003239	0
TIG_USD	2018-07-11	0.003603	0.003561	0.003683	0.003331	0
TIG_USD	2018-07-10	0.003528	0.003961	0.004035	0.003458	0
TIG_USD	2018-07-09	0.003963	0.004291	0.004321	0.003963	0
TIG_USD	2018-07-08	0.004293	0.004632	0.004647	0.004016	0
TIG_USD	2018-07-07	0.004632	0.004192	0.004654	0.004117	0
TIG_USD	2018-07-06	0.004192	0.004441	0.004524	0.004028	0
TIG_USD	2018-07-05	0.004480	0.004580	0.004664	0.004232	0
TIG_USD	2018-07-04	0.004580	0.004657	0.005005	0.004504	0
TIG_USD	2018-07-03	0.004647	0.005461	0.006221	0.000071	0
TIG_USD	2018-07-02	0.005459	0.003524	0.006124	0.000000	0
TIG_USD	2018-07-01	0.003492	0.003515	0.003562	0.003266	0
TIG_USD	2018-06-30	0.003515	0.003228	0.003680	0.003226	0
TIG_USD	2018-06-29	0.003197	0.003246	0.003282	0.002977	0
TIG_USD	2018-06-28	0.003252	0.003465	0.003729	0.003210	0
TIG_USD	2018-06-27	0.003465	0.003367	0.003560	0.003220	0
TIG_USD	2018-06-26	0.003377	0.003532	0.003652	0.003329	0
TIG_USD	2018-06-25	0.003529	0.003657	0.003824	0.003528	0
TIG_USD	2018-06-24	0.003658	0.004220	0.004264	0.003452	0
TIG_USD	2018-06-23	0.004214	0.004109	0.004319	0.003887	0
TIG_USD	2018-06-22	0.004018	0.004666	0.004734	0.004014	0
TIG_USD	2018-06-21	0.004632	0.004867	0.004974	0.004600	0
TIG_USD	2018-06-20	0.004867	0.005150	0.005313	0.004736	0
TIG_USD	2018-06-19	0.005156	0.004866	0.005741	0.004771	0
TIG_USD	2018-06-18	0.004864	0.004832	0.004954	0.004608	0
TIG_USD	2018-06-17	0.004828	0.004930	0.005076	0.004795	0
TIG_USD	2018-06-16	0.004929	0.005204	0.005289	0.004818	0
TIG_USD	2018-06-15	0.005201	0.005015	0.005705	0.004906	0
TIG_USD	2018-06-14	0.005005	0.004438	0.005061	0.004337	0
TIG_USD	2018-06-13	0.004498	0.004941	0.005110	0.004198	0
TIG_USD	2018-06-12	0.004939	0.005325	0.005446	0.004854	0
TIG_USD	2018-06-11	0.005327	0.005406	0.005459	0.004940	0
TIG_USD	2018-06-10	0.005366	0.006711	0.006743	0.005212	0
TIG_USD	2018-06-09	0.006709	0.006816	0.006975	0.006657	0
TIG_USD	2018-06-08	0.006816	0.007148	0.007333	0.006798	0
TIG_USD	2018-06-07	0.007151	0.007310	0.007578	0.006812	0
TIG_USD	2018-06-06	0.007347	0.007895	0.007971	0.007166	0
TIG_USD	2018-06-05	0.007888	0.007976	0.008025	0.007448	0
TIG_USD	2018-06-04	0.007982	0.008953	0.009054	0.007898	0
TIG_USD	2018-06-03	0.008914	0.009197	0.009448	0.008833	0
TIG_USD	2018-06-02	0.009204	0.009559	0.010318	0.009204	0
TIG_USD	2018-06-01	0.009552	0.009095	0.010200	0.008727	0
TIG_USD	2018-05-31	0.009096	0.008961	0.009864	0.008866	0
TIG_USD	2018-05-30	0.008961	0.009369	0.010069	0.008857	0
TIG_USD	2018-05-29	0.009321	0.009555	0.011519	0.008167	0
TIG_USD	2018-05-28	0.009549	0.012074	0.012983	0.009549	0
TIG_USD	2018-05-27	0.011927	0.009015	0.012264	0.008481	0
TIG_USD	2018-05-26	0.009013	0.006935	0.009442	0.006895	0
TIG_USD	2018-05-25	0.006899	0.006326	0.007105	0.006287	0
TIG_USD	2018-05-24	0.006323	0.006190	0.006536	0.005716	0
TIG_USD	2018-05-23	0.006195	0.007219	0.007283	0.005981	0
TIG_USD	2018-05-22	0.007222	0.007261	0.008060	0.006820	0
TIG_USD	2018-05-21	0.007262	0.007116	0.007680	0.006751	0
TIG_USD	2018-05-20	0.007117	0.007037	0.007209	0.006849	0
TIG_USD	2018-05-19	0.007045	0.006880	0.007308	0.006683	0
TIG_USD	2018-05-18	0.006880	0.006968	0.007032	0.006505	0
TIG_USD	2018-05-17	0.006977	0.007806	0.007921	0.006817	0
TIG_USD	2018-05-16	0.007841	0.008043	0.008078	0.007516	0
TIG_USD	2018-05-15	0.008043	0.008363	0.008442	0.007760	0
TIG_USD	2018-05-14	0.008364	0.007598	0.008623	0.007509	0
TIG_USD	2018-05-13	0.007598	0.007405	0.007813	0.007261	0
TIG_USD	2018-05-12	0.007396	0.007529	0.007581	0.007000	0
TIG_USD	2018-05-11	0.007511	0.007884	0.008146	0.007299	0
TIG_USD	2018-05-10	0.007891	0.008341	0.008379	0.007787	0
TIG_USD	2018-05-09	0.008340	0.008587	0.008671	0.007979	0
TIG_USD	2018-05-08	0.008699	0.007810	0.008828	0.000001	0
