TKN_USD	2019-03-19	0.35800	0.35800	0.35800	0.35800	0
TKN_USD	2019-02-01	0.35800	0.35800	0.35800	0.35800	0
TKN_USD	2019-01-31	0.35800	0.35800	0.35800	0.35800	0
TKN_USD	2019-01-30	0.35800	0.35800	0.35800	0.35800	0
TKN_USD	2019-01-29	0.35800	0.35800	0.35800	0.35800	0
TKN_USD	2019-01-28	0.35800	0.35800	0.35800	0.35800	0
TKN_USD	2019-01-27	0.35800	0.35800	0.35800	0.35800	0
TKN_USD	2019-01-26	0.35800	0.35800	0.35800	0.35800	0
TKN_USD	2019-01-25	0.35800	0.35800	0.35800	0.35800	0
TKN_USD	2019-01-24	0.35800	0.35800	0.35800	0.35800	0
TKN_USD	2019-01-23	0.35800	0.35800	0.35800	0.35800	0
TKN_USD	2019-01-22	0.35800	0.35800	0.35800	0.35800	0
TKN_USD	2019-01-21	0.35800	0.35800	0.35800	0.35800	0
TKN_USD	2019-01-20	0.35800	0.35800	0.35800	0.35800	0
TKN_USD	2019-01-19	0.35800	0.35800	0.35800	0.35800	0
TKN_USD	2019-01-18	0.35800	0.35800	0.35800	0.35800	0
TKN_USD	2019-01-17	0.35800	0.35800	0.35800	0.35800	0
TKN_USD	2019-01-16	0.35800	0.35800	0.35800	0.35800	0
TKN_USD	2019-01-15	0.35800	0.35800	0.35800	0.35800	0
TKN_USD	2019-01-14	0.35800	0.35800	0.35800	0.35800	0
TKN_USD	2019-01-13	0.35800	0.35800	0.35800	0.35800	0
TKN_USD	2019-01-12	0.35800	0.35800	0.35800	0.35800	0
TKN_USD	2019-01-11	0.35800	0.35800	0.35800	0.35800	0
TKN_USD	2019-01-10	0.35800	0.35800	0.35800	0.35800	0
TKN_USD	2019-01-09	0.35800	0.35800	0.35800	0.35800	0
TKN_USD	2019-01-08	0.35800	0.35800	0.35800	0.35800	0
TKN_USD	2019-01-07	0.35800	0.35800	0.35800	0.35800	0
TKN_USD	2019-01-06	0.35800	0.35800	0.35800	0.35800	0
TKN_USD	2019-01-05	0.35800	0.35800	0.35800	0.35800	0
TKN_USD	2019-01-04	0.35800	0.35800	0.35800	0.35800	0
TKN_USD	2019-01-03	0.35800	0.35800	0.35800	0.35800	0
TKN_USD	2019-01-02	0.35800	0.35800	0.35800	0.35800	0
TKN_USD	2019-01-01	0.35800	0.35800	0.35800	0.35800	0
TKN_USD	2018-12-31	0.35800	0.35800	0.35800	0.35800	0
TKN_USD	2018-12-30	0.35800	0.35800	0.35800	0.35800	0
TKN_USD	2018-12-29	0.35800	0.35800	0.35800	0.35800	0
TKN_USD	2018-12-28	0.35800	0.35800	0.35800	0.35800	0
TKN_USD	2018-12-27	0.35800	0.35800	0.35800	0.35800	0
TKN_USD	2018-12-26	0.35800	0.35800	0.35800	0.35800	0
TKN_USD	2018-12-25	0.35800	0.35800	0.35800	0.35800	0
TKN_USD	2018-12-24	0.35800	0.35800	0.35800	0.35800	0
TKN_USD	2018-12-23	0.35800	0.35800	0.35800	0.35800	0
TKN_USD	2018-12-22	0.35800	0.35800	0.35800	0.35800	0
TKN_USD	2018-12-21	0.35800	0.35800	0.35800	0.35800	0
TKN_USD	2018-12-20	0.35800	0.35800	0.35800	0.35800	0
TKN_USD	2018-12-19	0.35800	0.35800	0.35800	0.35800	0
TKN_USD	2018-12-18	0.35800	0.35800	0.35800	0.35800	0
TKN_USD	2018-12-17	0.35800	0.35800	0.35800	0.35800	0
TKN_USD	2018-12-16	0.35800	0.35800	0.35800	0.35800	0
TKN_USD	2018-12-15	0.35800	0.35800	0.35800	0.35800	0
TKN_USD	2018-12-14	0.35800	0.35800	0.35800	0.35800	0
TKN_USD	2018-12-13	0.35800	0.35800	0.35800	0.35800	0
TKN_USD	2018-12-12	0.35800	0.35800	0.35800	0.35800	0
TKN_USD	2018-12-11	0.35800	0.35800	0.35800	0.35800	0
TKN_USD	2018-12-10	0.35800	0.35800	0.35800	0.35800	0
TKN_USD	2018-12-09	0.35800	0.35800	0.35800	0.35800	0
TKN_USD	2018-12-08	0.35800	0.35800	0.35800	0.35800	0
TKN_USD	2018-12-07	0.35800	0.35800	0.35800	0.35800	0
TKN_USD	2018-12-06	0.35800	0.35800	0.35800	0.35800	0
TKN_USD	2018-12-05	0.35800	0.35800	0.35800	0.35800	0
TKN_USD	2018-12-04	0.35800	0.35800	0.35800	0.35800	0
TKN_USD	2018-12-03	0.35800	0.35800	0.35800	0.35800	0
TKN_USD	2018-12-02	0.35800	0.35800	0.35800	0.35800	0
TKN_USD	2018-12-01	0.35800	0.35800	0.35800	0.35800	0
TKN_USD	2018-11-30	0.35800	0.35800	0.35800	0.35800	0
TKN_USD	2018-11-29	0.35800	0.35800	0.35800	0.35800	0
TKN_USD	2018-11-28	0.35800	0.35800	0.35800	0.35800	0
TKN_USD	2018-11-27	0.35800	0.35800	0.35800	0.35800	0
TKN_USD	2018-11-26	0.35800	0.35800	0.35800	0.35800	0
TKN_USD	2018-11-25	0.35800	0.35800	0.35800	0.35800	0
TKN_USD	2018-11-24	0.35800	0.35800	0.35800	0.35800	0
TKN_USD	2018-11-23	0.35800	0.35800	0.35800	0.35800	0
TKN_USD	2018-11-22	0.35800	0.35800	0.35800	0.35800	0
TKN_USD	2018-11-21	0.35800	0.35800	0.35800	0.35800	0
TKN_USD	2018-11-20	0.35800	0.35800	0.35800	0.35800	0
TKN_USD	2018-11-19	0.35800	0.35800	0.35800	0.35800	0
TKN_USD	2018-11-18	0.35800	0.35800	0.35800	0.35800	0
TKN_USD	2018-11-17	0.35800	0.35800	0.35800	0.35800	0
TKN_USD	2018-11-16	0.35800	0.35800	0.35800	0.35800	0
TKN_USD	2018-11-15	0.35800	0.35800	0.35800	0.35800	0
TKN_USD	2018-11-14	0.35800	0.35800	0.35800	0.35800	0
TKN_USD	2018-11-13	0.35800	0.35800	0.35800	0.35800	0
TKN_USD	2018-11-12	0.35800	0.35800	0.35800	0.35800	0
TKN_USD	2018-11-11	0.35800	0.35800	0.35800	0.35800	0
TKN_USD	2018-11-08	0.35800	0.35800	0.35800	0.35800	0
TKN_USD	2018-10-24	0.35800	0.35800	0.35800	0.35800	0
TKN_USD	2018-10-16	0.35800	0.35800	0.35800	0.35800	0
TKN_USD	2018-10-08	0.35800	0.35800	0.35800	0.35800	0
TKN_USD	2018-10-07	0.35800	0.35800	0.35800	0.35800	0
TKN_USD	2018-10-03	0.35800	0.35800	0.35800	0.35800	0
TKN_USD	2018-09-29	0.35800	0.35800	0.35800	0.35800	0
TKN_USD	2018-09-28	0.35800	0.34977	0.35885	0.34977	61495
TKN_USD	2018-09-27	0.34977	0.33968	0.35077	0.32531	59797
TKN_USD	2018-09-26	0.33968	0.35173	0.35310	0.33769	54451
TKN_USD	2018-09-25	0.35173	0.35972	0.35972	0.32603	59450
TKN_USD	2018-09-24	0.35972	0.38456	0.38456	0.33902	73648
TKN_USD	2018-09-23	0.38456	0.44056	0.44056	0.36222	57260
TKN_USD	2018-09-22	0.44056	0.44210	0.44872	0.43466	53609
TKN_USD	2018-09-21	0.44210	0.40067	0.44387	0.40067	57961
TKN_USD	2018-09-20	0.40067	0.38982	0.40226	0.38379	54372
TKN_USD	2018-09-19	0.38982	0.38556	0.39040	0.38057	55543
TKN_USD	2018-09-18	0.38556	0.37795	0.38814	0.37214	45414
TKN_USD	2018-09-17	0.37795	0.39972	0.40610	0.37774	49266
TKN_USD	2018-09-16	0.39972	0.40936	0.40936	0.39562	53743
TKN_USD	2018-09-15	0.40936	0.42241	0.42241	0.39673	42067
TKN_USD	2018-09-14	0.42241	0.40140	0.42651	0.39374	36717
TKN_USD	2018-09-13	0.40140	0.35720	0.40595	0.35720	42644
TKN_USD	2018-09-12	0.35720	0.36651	0.36834	0.33644	37243
TKN_USD	2018-09-11	0.36651	0.35477	0.37171	0.35321	47087
TKN_USD	2018-09-10	0.35477	0.39857	0.40056	0.35300	48575
TKN_USD	2018-09-09	0.39857	0.39745	0.40337	0.38209	44496
TKN_USD	2018-09-08	0.39745	0.44232	0.44435	0.39571	42525
TKN_USD	2018-09-07	0.44232	0.45386	0.45750	0.43946	41266
TKN_USD	2018-09-06	0.45386	0.45027	0.47267	0.42140	44499
TKN_USD	2018-09-05	0.45027	0.60490	0.60490	0.45027	42923
TKN_USD	2018-09-04	0.60490	0.44514	0.60756	0.44514	58339
TKN_USD	2018-09-03	0.44514	0.46338	0.46338	0.40554	55721
TKN_USD	2018-09-02	0.46338	0.47014	0.47014	0.46107	48519
TKN_USD	2018-09-01	0.47014	0.46025	0.47138	0.44113	52763
TKN_USD	2018-08-31	0.46025	0.45247	0.46093	0.45247	48731
TKN_USD	2018-08-30	0.45247	0.46291	0.46485	0.45027	51381
TKN_USD	2018-08-29	0.46291	0.47225	0.47359	0.46277	47707
TKN_USD	2018-08-28	0.47225	0.44072	0.47491	0.43856	61894
TKN_USD	2018-08-27	0.44072	0.42311	0.44072	0.42167	55157
TKN_USD	2018-08-26	0.42311	0.41740	0.42456	0.40996	51725
TKN_USD	2018-08-25	0.41740	0.45291	0.45923	0.34120	56904
TKN_USD	2018-08-24	0.45291	0.45409	0.45750	0.44359	48064
TKN_USD	2018-08-23	0.45409	0.44876	0.45851	0.44691	52811
TKN_USD	2018-08-22	0.44876	0.47035	0.48932	0.44359	50699
TKN_USD	2018-08-21	0.47035	0.49069	0.50201	0.45859	47018
TKN_USD	2018-08-20	0.49069	0.51034	0.51618	0.48884	33918
TKN_USD	2018-08-19	0.51034	0.51741	0.52011	0.50654	42960
TKN_USD	2018-08-18	0.51741	0.53140	0.54481	0.51070	46457
TKN_USD	2018-08-17	0.53140	0.49192	0.53140	0.49192	42557
TKN_USD	2018-08-16	0.49192	0.49106	0.50268	0.48839	37287
TKN_USD	2018-08-15	0.49106	0.48296	0.52336	0.48296	41226
TKN_USD	2018-08-14	0.48296	0.54009	0.54009	0.44691	38687
TKN_USD	2018-08-13	0.54009	0.59948	0.60085	0.54009	37266
TKN_USD	2018-08-12	0.59948	0.60714	0.62023	0.59811	38027
TKN_USD	2018-08-11	0.60714	0.59461	0.62149	0.57618	43182
TKN_USD	2018-08-10	0.59461	0.65732	0.66143	0.57648	47037
TKN_USD	2018-08-09	0.65732	0.62741	0.65732	0.61687	35084
TKN_USD	2018-08-08	0.62741	0.68199	0.68199	0.62553	29189
TKN_USD	2018-08-07	0.68199	0.67338	0.73001	0.67338	24204
TKN_USD	2018-08-06	0.67338	0.64344	0.68325	0.64173	33344
TKN_USD	2018-08-05	0.64344	0.65357	0.65657	0.63536	36614
TKN_USD	2018-08-04	0.65357	0.68004	0.68590	0.63023	40001
TKN_USD	2018-08-03	0.68004	0.61461	0.68276	0.60260	46421
TKN_USD	2018-08-02	0.61461	0.70487	0.71630	0.60260	45885
TKN_USD	2018-08-01	0.70487	0.70823	0.71097	0.69452	39769
TKN_USD	2018-07-31	0.70823	0.76516	0.76990	0.68947	42076
TKN_USD	2018-07-30	0.76516	0.77692	0.78349	0.75755	43805
TKN_USD	2018-07-29	0.77692	0.77313	0.78010	0.76996	49733
TKN_USD	2018-07-28	0.77313	0.78021	0.78353	0.76996	49319
TKN_USD	2018-07-27	0.78021	0.75851	0.78349	0.65933	51484
TKN_USD	2018-07-26	0.75851	0.82600	0.83429	0.74283	48500
TKN_USD	2018-07-25	0.82600	0.83180	0.83720	0.81560	39638
TKN_USD	2018-07-24	0.83180	0.81719	0.89555	0.69708	49776
TKN_USD	2018-07-23	0.81719	0.85030	0.85533	0.81596	43318
TKN_USD	2018-07-22	0.85030	0.84509	0.85911	0.83375	33839
TKN_USD	2018-07-21	0.84509	0.82359	0.84840	0.81648	41744
TKN_USD	2018-07-20	0.82359	0.94360	0.94360	0.82186	42140
TKN_USD	2018-07-19	0.94360	0.98951	0.99253	0.94102	40648
TKN_USD	2018-07-18	0.98951	1.03577	1.05367	0.96872	39132
TKN_USD	2018-07-17	1.03577	0.99141	1.04598	0.97277	37342
TKN_USD	2018-07-16	0.99141	0.99435	1.06158	0.98309	35387
TKN_USD	2018-07-15	0.99435	0.96659	0.99892	0.92575	35454
TKN_USD	2018-07-14	0.96659	1.02134	1.02583	0.96504	31036
TKN_USD	2018-07-13	1.02134	0.99502	1.04299	0.99502	37321
TKN_USD	2018-07-12	0.99502	1.02627	1.03032	0.98975	37264
TKN_USD	2018-07-11	1.02627	1.04676	1.05367	1.02177	34537
TKN_USD	2018-07-10	1.04676	1.14713	1.14713	1.02930	30583
TKN_USD	2018-07-09	1.14713	1.22231	1.22792	1.14653	30243
TKN_USD	2018-07-08	1.22231	1.17669	1.22425	1.17669	35125
TKN_USD	2018-07-07	1.17669	1.15829	1.17864	1.14004	31655
TKN_USD	2018-07-06	1.15829	1.19995	1.20510	1.15137	32806
TKN_USD	2018-07-05	1.19995	1.12292	1.23679	1.09989	36192
TKN_USD	2018-07-04	1.12292	1.11941	1.13542	1.10057	31416
TKN_USD	2018-07-03	1.11941	1.05345	1.15000	1.05134	32653
TKN_USD	2018-07-02	1.05345	0.99253	1.05870	0.97684	36946
TKN_USD	2018-07-01	0.99253	0.99791	1.00289	0.98159	31657
TKN_USD	2018-06-30	0.99791	0.95345	1.01503	0.95076	36535
TKN_USD	2018-06-29	0.95345	0.91649	0.95614	0.90638	41595
TKN_USD	2018-06-28	0.91649	0.92105	0.96080	0.91311	33431
TKN_USD	2018-06-27	0.92105	0.99941	0.99941	0.91682	34225
TKN_USD	2018-06-26	0.99941	1.00177	1.01503	0.98417	34177
TKN_USD	2018-06-25	1.00177	0.97829	1.01503	0.97244	30583
TKN_USD	2018-06-24	0.97829	1.02494	1.02494	0.94102	39197
TKN_USD	2018-06-23	1.02494	1.05905	1.07148	1.00555	30448
TKN_USD	2018-06-22	1.05905	1.18344	1.18344	1.05672	33290
TKN_USD	2018-06-21	1.18344	1.18073	1.19996	1.17696	30496
TKN_USD	2018-06-20	1.18073	1.17237	1.19042	1.14175	37223
TKN_USD	2018-06-19	1.17237	1.16309	1.22528	1.15731	32769
TKN_USD	2018-06-18	1.16309	1.12542	1.17370	1.11424	28895
TKN_USD	2018-06-17	1.12542	1.16387	1.16879	1.12481	32333
TKN_USD	2018-06-16	1.16879	1.17043	1.19949	1.15498	37953
TKN_USD	2018-06-15	1.17043	1.19467	1.22138	1.16763	28592
TKN_USD	2018-06-14	1.19467	1.12114	1.23522	1.11634	31836
TKN_USD	2018-06-13	1.12114	1.19915	1.23888	1.10813	30976
TKN_USD	2018-06-12	1.19915	1.26686	1.34602	1.19404	31026
TKN_USD	2018-06-11	1.26686	1.32208	1.36079	1.24885	31509
TKN_USD	2018-06-10	1.32208	1.51154	1.51154	1.31714	29120
TKN_USD	2018-06-09	1.51154	1.54154	1.54816	1.50535	30194
TKN_USD	2018-06-08	1.54154	1.51090	1.57594	1.50319	30844
TKN_USD	2018-06-07	1.51090	1.47200	1.51978	1.47200	31448
TKN_USD	2018-06-06	1.47200	1.42287	1.47876	1.42287	33618
TKN_USD	2018-06-05	1.42287	1.36419	1.42940	1.30879	31968
TKN_USD	2018-06-04	1.36419	1.43830	1.45159	1.35847	35835
TKN_USD	2018-06-03	1.43830	1.48436	1.51815	1.38804	31374
TKN_USD	2018-06-02	1.48436	1.44880	1.48790	1.43581	32442
TKN_USD	2018-06-01	1.44880	1.33325	1.46248	1.32578	32320
TKN_USD	2018-05-31	1.33325	1.32791	1.38795	1.32740	36702
TKN_USD	2018-05-30	1.32791	1.34418	1.35718	1.31261	31285
TKN_USD	2018-05-29	1.34418	1.15686	1.34779	1.15031	32705
TKN_USD	2018-05-28	1.15686	1.21693	1.23632	1.15155	34470
TKN_USD	2018-05-27	1.21693	1.27660	1.27660	1.16078	29863
TKN_USD	2018-05-26	1.27660	1.27292	1.30744	1.26739	29553
TKN_USD	2018-05-25	1.27292	1.28802	1.30775	1.25979	33134
TKN_USD	2018-05-24	1.28180	1.24899	1.29005	1.23033	21877
TKN_USD	2018-05-23	1.24899	1.34130	1.34708	1.24885	34691
TKN_USD	2018-05-22	1.34130	1.35672	1.41000	1.33572	35296
TKN_USD	2018-05-21	1.35672	1.41736	1.41736	1.34997	34686
TKN_USD	2018-05-20	1.41736	1.35514	1.42020	1.34677	34744
TKN_USD	2018-05-19	1.35514	1.33105	1.37762	1.33007	39993
TKN_USD	2018-05-18	1.33105	1.29228	1.33167	1.27218	36251
TKN_USD	2018-05-17	1.29228	1.41939	1.43429	1.29135	37037
TKN_USD	2018-05-16	1.41939	1.50953	1.50953	1.37625	34799
TKN_USD	2018-05-15	1.50953	1.61523	1.64820	1.50535	35677
TKN_USD	2018-05-14	1.61523	1.67670	1.67670	1.59457	29619
TKN_USD	2018-05-13	1.67670	1.52733	1.67670	1.51758	33916
TKN_USD	2018-05-12	1.52733	1.51664	1.53865	1.43935	34197
TKN_USD	2018-05-11	1.51664	1.67561	1.67561	1.51664	31931
TKN_USD	2018-05-10	1.67561	1.73703	1.78929	1.67095	30883
TKN_USD	2018-05-09	1.73703	1.87538	1.87538	1.68288	34317
TKN_USD	2018-05-08	1.87538	1.68389	1.89961	1.59808	40718
TKN_USD	2018-05-07	1.68557	1.83656	1.85535	1.64656	33926
TKN_USD	2018-05-06	1.83656	1.97734	2.03172	1.81450	33806
TKN_USD	2018-05-05	1.97737	1.91820	1.98672	1.90000	38068
TKN_USD	2018-05-04	1.91820	1.99354	1.99354	1.91163	37938
TKN_USD	2018-05-03	1.99354	1.99464	2.04255	1.84726	35471
TKN_USD	2018-05-02	1.99464	2.44645	2.61903	1.99393	30403
TKN_USD	2018-05-01	2.44645	2.32287	2.53991	2.17072	30043
TKN_USD	2018-04-30	2.32287	1.88547	2.48553	1.87778	40212
TKN_USD	2018-04-29	1.88547	1.83639	1.89296	1.82888	37677
TKN_USD	2018-04-28	1.83639	1.71896	1.88547	1.71041	36754
TKN_USD	2018-04-27	1.71896	1.70015	1.72819	1.67162	39428
TKN_USD	2018-04-26	1.70015	1.59807	1.71093	1.58210	36677
TKN_USD	2018-04-25	1.59807	1.79992	1.79992	1.57138	34177
TKN_USD	2018-04-24	1.79992	1.39380	1.79993	1.39380	51961
TKN_USD	2018-04-23	1.39380	1.27772	1.39834	1.26765	43521
TKN_USD	2018-04-22	1.27772	1.29379	1.32808	1.24499	45911
TKN_USD	2018-04-21	1.29379	1.32231	1.33705	1.25821	49779
TKN_USD	2018-04-20	1.32231	1.35743	1.36719	1.14184	54242
TKN_USD	2018-04-19	1.35743	1.20742	1.36324	1.20224	49003
TKN_USD	2018-04-18	1.20742	1.13189	1.21328	1.12692	46446
TKN_USD	2018-04-17	1.13189	1.12573	1.17756	1.12023	43082
TKN_USD	2018-04-16	1.12573	1.18860	1.19716	1.10988	50316
TKN_USD	2018-04-15	1.18860	1.15737	1.18860	1.12894	42432
TKN_USD	2018-04-14	1.15737	1.14398	1.18639	1.13953	48568
TKN_USD	2018-04-13	1.14398	1.10555	1.21352	1.09548	50167
TKN_USD	2018-04-12	1.10555	0.96663	1.10914	0.94093	47764
TKN_USD	2018-04-11	0.96663	0.88758	0.96964	0.88572	53413
TKN_USD	2018-04-10	0.88758	0.83800	0.89130	0.82168	53913
TKN_USD	2018-04-09	0.83800	0.84978	0.89062	0.82814	53110
TKN_USD	2018-04-08	0.84978	0.84263	0.86831	0.83655	53203
TKN_USD	2018-04-07	0.84263	0.78956	0.84748	0.78956	50877
TKN_USD	2018-04-06	0.78956	0.81055	0.81541	0.77751	60099
TKN_USD	2018-04-05	0.81055	0.78016	0.83573	0.76262	58892
TKN_USD	2018-04-04	0.78016	0.79330	0.79997	0.75278	56213
TKN_USD	2018-04-03	0.79330	0.75316	0.79997	0.74996	61035
TKN_USD	2018-04-02	0.75316	0.77773	0.78919	0.74018	59972
TKN_USD	2018-04-01	0.77773	0.79449	0.80284	0.75498	57001
TKN_USD	2018-03-31	0.79449	0.76594	0.79822	0.76277	58076
TKN_USD	2018-03-30	0.76594	0.74275	0.77410	0.70999	68926
TKN_USD	2018-03-29	0.74275	0.84999	0.85385	0.72921	58048
TKN_USD	2018-03-28	0.84999	0.86546	0.88038	0.84612	62325
TKN_USD	2018-03-27	0.86923	0.99652	1.00145	0.86565	54125
TKN_USD	2018-03-26	0.99652	1.02343	1.02616	0.93938	56048
TKN_USD	2018-03-25	1.02343	1.02835	1.04487	0.99498	63428
TKN_USD	2018-03-24	1.02835	1.07055	1.08166	1.02835	60098
TKN_USD	2018-03-23	1.07055	1.05987	1.07550	1.00555	53047
TKN_USD	2018-03-22	1.05987	1.11183	1.13344	1.03321	55273
TKN_USD	2018-03-21	1.11183	1.13423	1.14792	1.10618	54154
TKN_USD	2018-03-20	1.13423	1.02384	1.13706	1.02384	18166
TKN_USD	2018-03-19	1.02384	1.05103	1.09698	1.02384	34545
TKN_USD	2018-03-18	1.05103	1.00944	1.05542	0.86850	44684
TKN_USD	2018-03-17	1.00944	1.03914	1.04105	0.97828	50871
TKN_USD	2018-03-16	1.03914	1.03710	1.06361	1.01296	48388
TKN_USD	2018-03-15	1.03710	1.04640	1.06668	0.98629	37342
TKN_USD	2018-03-14	1.04640	1.26283	1.27192	1.01620	41079
TKN_USD	2018-03-13	1.26283	1.27245	1.30756	1.25716	39720
TKN_USD	2018-03-12	1.27245	1.31666	1.34522	1.25116	43238
TKN_USD	2018-03-11	1.31090	1.22807	1.31666	1.19779	42802
TKN_USD	2018-03-10	1.22807	1.33271	1.36135	1.19377	46146
TKN_USD	2018-03-09	1.33271	1.34961	1.34961	1.21702	33109
TKN_USD	2018-03-08	1.34961	1.43910	1.46677	1.33979	36058
TKN_USD	2018-03-07	1.43910	1.55111	1.56488	1.39083	40026
TKN_USD	2018-03-06	1.55111	1.62935	1.66592	1.53181	40476
TKN_USD	2018-03-05	1.62935	1.58421	1.64059	1.58103	41830
TKN_USD	2018-03-04	1.58421	1.56908	1.58421	1.53272	38214
TKN_USD	2018-03-03	1.56908	1.56841	1.60587	1.56186	35616
TKN_USD	2018-03-02	1.56841	1.55293	1.57493	1.53207	33266
TKN_USD	2018-03-01	1.55293	1.51037	1.58083	1.50226	39186
TKN_USD	2018-02-28	1.51037	1.55819	1.58625	1.50620	34695
TKN_USD	2018-02-27	1.55819	1.51264	1.58078	1.49873	33388
TKN_USD	2018-02-26	1.51264	1.39558	1.59756	1.36721	12842
TKN_USD	2018-02-25	1.39558	1.43497	1.46022	1.38050	37282
TKN_USD	2018-02-24	1.43497	1.53259	1.54932	1.41887	29971
TKN_USD	2018-02-23	1.53259	1.54440	1.63284	1.51586	22112
TKN_USD	2018-02-22	1.54440	1.64402	1.67814	1.51618	28648
TKN_USD	2018-02-21	1.64402	1.79321	1.80159	1.60303	38122
TKN_USD	2018-02-20	1.79321	1.91354	1.96362	1.79318	27503
TKN_USD	2018-02-19	1.91354	1.83081	1.92171	1.80346	25887
TKN_USD	2018-02-18	1.83081	1.92242	1.94849	1.80656	29972
TKN_USD	2018-02-17	1.92242	1.76728	1.93086	1.76728	33874
TKN_USD	2018-02-16	1.76728	1.74156	1.76728	1.69702	7469
TKN_USD	2018-02-15	1.74157	1.64969	1.74159	1.63904	19775
TKN_USD	2018-02-14	1.65295	1.62194	1.67804	1.59097	23624
TKN_USD	2018-02-13	1.62194	1.67216	1.67216	1.59107	37709
TKN_USD	2018-02-12	1.67216	1.60590	1.70715	1.59107	30298
TKN_USD	2018-02-11	1.60590	1.78826	1.78826	1.60013	13420
TKN_USD	2018-02-10	1.78826	1.85270	1.90157	1.74016	14494
TKN_USD	2018-02-09	1.85270	1.74891	1.85270	1.65172	15437
TKN_USD	2018-02-08	1.74891	1.61337	1.79522	1.61337	8095
TKN_USD	2018-02-07	1.61337	1.63022	1.75256	1.55445	2700
TKN_USD	2018-02-06	1.63022	1.46648	1.64164	1.35299	8696
TKN_USD	2018-02-05	1.46648	2.24947	2.24947	1.22911	7073
TKN_USD	2018-02-04	2.24947	2.57606	2.57606	2.14408	2210
TKN_USD	2018-02-03	2.57606	2.40054	2.74899	2.24017	3150
TKN_USD	2018-02-02	2.40054	2.45618	2.45618	2.11373	5471
