TKS_USD	2019-04-09	0.42174	0.42708	0.42708	0.41520	0
TKS_USD	2019-04-08	0.42708	0.42368	0.43451	0.42194	0
TKS_USD	2019-04-07	0.42368	0.41688	0.43014	0.40939	0
TKS_USD	2019-04-06	0.41688	0.44093	0.44977	0.41088	0
TKS_USD	2019-04-05	0.44093	0.40409	0.44521	0.40409	0
TKS_USD	2019-04-04	0.40409	0.38503	0.44014	0.38120	0
TKS_USD	2019-04-03	0.38503	0.39877	0.43987	0.37511	0
TKS_USD	2019-04-02	0.39877	0.36864	0.43977	0.36170	0
TKS_USD	2019-04-01	0.36864	0.36908	0.36940	0.35879	0
TKS_USD	2019-03-31	0.36908	0.36864	0.37017	0.36780	0
TKS_USD	2019-03-30	0.36864	0.33071	0.36864	0.32689	0
TKS_USD	2019-03-29	0.33071	0.31865	0.33562	0.31862	0
TKS_USD	2019-03-28	0.31865	0.31729	0.32499	0.31118	0
TKS_USD	2019-03-27	0.31729	0.32091	0.32978	0.31461	0
TKS_USD	2019-03-26	0.32091	0.31343	0.32117	0.31215	0
TKS_USD	2019-03-25	0.31343	0.31214	0.32595	0.31091	0
TKS_USD	2019-03-24	0.31214	0.31378	0.31605	0.30996	0
TKS_USD	2019-03-23	0.31378	0.31046	0.31544	0.30978	0
TKS_USD	2019-03-22	0.31046	0.32743	0.32743	0.30984	0
TKS_USD	2019-03-21	0.32743	0.34177	0.34322	0.32284	0
TKS_USD	2019-03-20	0.34177	0.34015	0.34251	0.33727	0
TKS_USD	2019-03-19	0.34015	0.33734	0.34101	0.33592	0
TKS_USD	2019-03-18	0.33734	0.33964	0.34378	0.33437	0
TKS_USD	2019-03-17	0.33964	0.34182	0.34182	0.33141	0
TKS_USD	2019-03-16	0.34182	0.33929	0.35190	0.33859	0
TKS_USD	2019-03-15	0.33929	0.33139	0.34965	0.33130	0
TKS_USD	2019-03-14	0.33139	0.32638	0.34371	0.32001	0
TKS_USD	2019-03-13	0.32638	0.32498	0.34613	0.32270	0
TKS_USD	2019-03-12	0.32498	0.32088	0.32835	0.31796	0
TKS_USD	2019-03-11	0.32088	0.32141	0.32296	0.31203	0
TKS_USD	2019-03-10	0.32141	0.32139	0.32339	0.31837	0
TKS_USD	2019-03-09	0.32139	0.30925	0.32372	0.30818	0
TKS_USD	2019-03-08	0.30925	0.30219	0.32086	0.29290	0
TKS_USD	2019-03-07	0.30219	0.30225	0.30895	0.30116	0
TKS_USD	2019-03-06	0.30225	0.33599	0.33774	0.29955	0
TKS_USD	2019-03-05	0.33599	0.32939	0.34199	0.32102	0
TKS_USD	2019-03-04	0.32939	0.34792	0.35515	0.32701	0
TKS_USD	2019-03-03	0.34792	0.35159	0.35612	0.34569	0
TKS_USD	2019-03-02	0.35159	0.33032	0.35713	0.32740	0
TKS_USD	2019-03-01	0.33032	0.30988	0.34663	0.30969	0
TKS_USD	2019-02-28	0.30988	0.31804	0.32288	0.30902	0
TKS_USD	2019-02-27	0.31804	0.31920	0.32376	0.31286	0
TKS_USD	2019-02-26	0.31920	0.32092	0.32551	0.31583	0
TKS_USD	2019-02-25	0.32092	0.31207	0.32511	0.31186	0
TKS_USD	2019-02-24	0.31207	0.33249	0.35370	0.31076	0
TKS_USD	2019-02-23	0.33249	0.33171	0.33837	0.31809	0
TKS_USD	2019-02-22	0.33171	0.28986	0.34035	0.28852	0
TKS_USD	2019-02-21	0.28986	0.31035	0.32095	0.26783	0
TKS_USD	2019-02-20	0.31035	0.33428	0.36230	0.30761	0
TKS_USD	2019-02-19	0.33428	0.26765	0.52780	0.25714	0
TKS_USD	2019-02-18	0.26765	0.23972	0.27444	0.23888	0
TKS_USD	2019-02-17	0.23972	0.22561	0.24683	0.22557	0
TKS_USD	2019-02-16	0.22561	0.22500	0.22862	0.22499	0
TKS_USD	2019-02-15	0.22500	0.22456	0.22818	0.22379	0
TKS_USD	2019-02-14	0.22456	0.22674	0.22750	0.22366	0
TKS_USD	2019-02-13	0.22674	0.23157	0.23491	0.22431	0
TKS_USD	2019-02-12	0.23157	0.24716	0.25488	0.21657	0
TKS_USD	2019-02-11	0.24716	0.22446	0.25660	0.21545	0
TKS_USD	2019-02-10	0.22446	0.23364	0.24272	0.22039	0
TKS_USD	2019-02-09	0.23364	0.23821	0.24059	0.23223	0
TKS_USD	2019-02-08	0.23821	0.22142	0.24431	0.21946	0
TKS_USD	2019-02-07	0.22142	0.22581	0.22842	0.21441	0
TKS_USD	2019-02-06	0.22581	0.23315	0.23374	0.22383	0
TKS_USD	2019-02-05	0.23315	0.23198	0.23645	0.22914	0
TKS_USD	2019-02-04	0.23198	0.23273	0.23394	0.22880	0
TKS_USD	2019-02-03	0.23273	0.24342	0.24395	0.22871	0
TKS_USD	2019-02-02	0.24342	0.23963	0.24431	0.23601	0
TKS_USD	2019-02-01	0.23963	0.24286	0.24472	0.23782	0
TKS_USD	2019-01-31	0.24286	0.24088	0.24871	0.23387	0
TKS_USD	2019-01-30	0.24088	0.23487	0.24254	0.22932	0
TKS_USD	2019-01-29	0.23487	0.23363	0.23530	0.22984	0
TKS_USD	2019-01-28	0.23363	0.24997	0.25665	0.22982	0
TKS_USD	2019-01-27	0.24997	0.26258	0.27127	0.24533	0
TKS_USD	2019-01-26	0.26258	0.26165	0.26908	0.26137	0
TKS_USD	2019-01-25	0.26165	0.26847	0.27622	0.26157	0
TKS_USD	2019-01-24	0.26847	0.26673	0.27536	0.26238	0
TKS_USD	2019-01-23	0.26673	0.24884	0.27838	0.24877	0
TKS_USD	2019-01-22	0.24884	0.22823	0.24938	0.22370	0
TKS_USD	2019-01-21	0.22823	0.23881	0.24157	0.22281	0
TKS_USD	2019-01-20	0.23881	0.25578	0.25790	0.23692	0
TKS_USD	2019-01-19	0.25578	0.24350	0.25735	0.24350	0
TKS_USD	2019-01-18	0.24350	0.23952	0.24746	0.23517	0
TKS_USD	2019-01-17	0.23952	0.22822	0.23965	0.22649	0
TKS_USD	2019-01-16	0.22822	0.23100	0.23536	0.22698	0
TKS_USD	2019-01-15	0.23100	0.23426	0.23790	0.22870	0
TKS_USD	2019-01-14	0.23426	0.21865	0.23999	0.21708	0
TKS_USD	2019-01-13	0.21865	0.21583	0.22618	0.20938	0
TKS_USD	2019-01-12	0.21583	0.22783	0.22852	0.21448	0
TKS_USD	2019-01-11	0.22783	0.21607	0.23674	0.21591	0
TKS_USD	2019-01-10	0.21607	0.25184	0.25285	0.21299	0
TKS_USD	2019-01-09	0.25184	0.23293	0.26486	0.23048	0
TKS_USD	2019-01-08	0.23293	0.23624	0.23737	0.22112	0
TKS_USD	2019-01-07	0.23624	0.23667	0.25693	0.23529	0
TKS_USD	2019-01-06	0.23667	0.22153	0.45652	0.22023	0
TKS_USD	2019-01-05	0.22153	0.22371	0.23303	0.22094	0
TKS_USD	2019-01-04	0.22371	0.23138	0.23337	0.21398	0
TKS_USD	2019-01-03	0.23138	0.23140	0.24178	0.21960	0
TKS_USD	2019-01-02	0.23140	0.22003	0.23809	0.21948	0
TKS_USD	2019-01-01	0.21947	0.21211	0.22900	0.20787	0
TKS_USD	2018-12-31	0.21211	0.22707	0.22765	0.21001	0
TKS_USD	2018-12-30	0.22707	0.22226	0.24430	0.20938	0
TKS_USD	2018-12-29	0.22226	0.23945	0.24114	0.22139	0
TKS_USD	2018-12-28	0.23928	0.23096	0.24758	0.22108	0
TKS_USD	2018-12-27	0.23096	0.25053	0.25262	0.23027	0
TKS_USD	2018-12-26	0.25053	0.24863	0.25402	0.24153	0
TKS_USD	2018-12-25	0.24863	0.26412	0.26455	0.24312	0
TKS_USD	2018-12-24	0.26412	0.25883	0.27987	0.25883	0
TKS_USD	2018-12-23	0.25883	0.26285	0.27135	0.25295	0
TKS_USD	2018-12-22	0.26285	0.23317	0.26417	0.23156	0
TKS_USD	2018-12-21	0.23317	0.26398	0.26859	0.23137	0
TKS_USD	2018-12-20	0.26398	0.24243	0.27688	0.24065	0
TKS_USD	2018-12-19	0.24243	0.24251	0.25918	0.24085	0
TKS_USD	2018-12-18	0.24251	0.22321	0.24368	0.22212	0
TKS_USD	2018-12-17	0.22321	0.19584	0.22725	0.19565	0
TKS_USD	2018-12-16	0.19584	0.20038	0.20775	0.17914	0
TKS_USD	2018-12-15	0.20038	0.21884	0.22096	0.17476	0
TKS_USD	2018-12-14	0.21884	0.21827	0.22200	0.21157	0
TKS_USD	2018-12-13	0.21827	0.23592	0.23625	0.21696	0
TKS_USD	2018-12-12	0.23592	0.22625	0.23921	0.22511	0
TKS_USD	2018-12-11	0.22823	0.22242	0.22969	0.21561	0
TKS_USD	2018-12-10	0.22242	0.23753	0.24115	0.21244	0
TKS_USD	2018-12-09	0.23753	0.22672	0.24581	0.22583	0
TKS_USD	2018-12-08	0.22672	0.22898	0.23636	0.21455	0
TKS_USD	2018-12-07	0.22898	0.24318	0.24361	0.21492	0
TKS_USD	2018-12-06	0.24318	0.25378	0.26824	0.24318	0
TKS_USD	2018-12-05	0.25378	0.27751	0.27879	0.25123	0
TKS_USD	2018-12-04	0.27751	0.27216	0.28830	0.26605	0
TKS_USD	2018-12-03	0.27216	0.29542	0.29658	0.26653	0
TKS_USD	2018-12-02	0.29542	0.29996	0.31149	0.27616	0
TKS_USD	2018-12-01	0.29996	0.27151	0.30509	0.26922	0
TKS_USD	2018-11-30	0.27151	0.29702	0.29779	0.26076	0
TKS_USD	2018-11-29	0.29702	0.29398	0.30126	0.28069	0
TKS_USD	2018-11-28	0.29398	0.26989	0.30454	0.25726	0
TKS_USD	2018-11-27	0.26989	0.26465	0.28966	0.24736	0
TKS_USD	2018-11-26	0.26465	0.27833	0.30474	0.25488	0
TKS_USD	2018-11-25	0.27833	0.24659	0.29225	0.23252	0
TKS_USD	2018-11-24	0.24659	0.27680	0.28258	0.24056	0
TKS_USD	2018-11-23	0.27680	0.28689	0.28885	0.27105	0
TKS_USD	2018-11-22	0.28689	0.30127	0.31138	0.28689	0
TKS_USD	2018-11-21	0.30127	0.29437	0.30746	0.28414	0
TKS_USD	2018-11-20	0.29437	0.28729	0.30985	0.25936	0
TKS_USD	2018-11-19	0.28729	0.35864	0.35930	0.28414	0
TKS_USD	2018-11-18	0.35864	0.33284	0.36198	0.33284	0
TKS_USD	2018-11-17	0.33284	0.32969	0.33305	0.32463	0
TKS_USD	2018-11-16	0.32969	0.34276	0.34285	0.32330	0
TKS_USD	2018-11-15	0.34276	0.35141	0.35409	0.32184	0
TKS_USD	2018-11-14	0.35141	0.43393	0.43393	0.33436	0
TKS_USD	2018-11-13	0.43393	0.43398	0.45257	0.42297	0
TKS_USD	2018-11-12	0.43398	0.42499	0.44122	0.42089	0
TKS_USD	2018-11-11	0.42499	0.44381	0.45306	0.41619	0
TKS_USD	2018-11-10	0.44381	0.44514	0.44993	0.43663	0
TKS_USD	2018-11-09	0.44514	0.44531	0.44622	0.43820	0
TKS_USD	2018-11-08	0.44531	0.44697	0.45065	0.43890	0
TKS_USD	2018-11-07	0.44697	0.41551	0.45604	0.41525	0
TKS_USD	2018-11-06	0.41551	0.40927	0.45649	0.39800	0
TKS_USD	2018-11-05	0.40927	0.44073	0.45832	0.39546	0
TKS_USD	2018-11-04	0.44073	0.43089	0.46182	0.40266	0
TKS_USD	2018-11-03	0.43089	0.41913	0.45892	0.39588	0
TKS_USD	2018-11-02	0.41913	0.44033	0.45140	0.40988	0
TKS_USD	2018-11-01	0.44033	0.45932	0.46252	0.43673	0
TKS_USD	2018-10-31	0.45932	0.45773	0.46264	0.45198	0
TKS_USD	2018-10-30	0.45773	0.45898	0.46678	0.45650	0
TKS_USD	2018-10-29	0.45898	0.46953	0.47070	0.45064	0
TKS_USD	2018-10-28	0.46953	0.47409	0.48583	0.46235	0
TKS_USD	2018-10-27	0.47409	0.48819	0.50584	0.45826	0
TKS_USD	2018-10-26	0.48819	0.48350	0.50161	0.48350	0
TKS_USD	2018-10-25	0.48350	0.49552	0.49665	0.47906	0
TKS_USD	2018-10-24	0.49552	0.46938	0.51425	0.46080	0
TKS_USD	2018-10-23	0.46938	0.47320	0.54830	0.46522	0
TKS_USD	2018-10-22	0.47320	0.53439	0.56138	0.46551	0
TKS_USD	2018-10-21	0.53439	0.47676	0.53872	0.45908	0
TKS_USD	2018-10-20	0.47676	0.43324	0.48536	0.43219	0
TKS_USD	2018-10-19	0.43324	0.45655	0.46504	0.41828	0
TKS_USD	2018-10-18	0.45655	0.49317	0.50315	0.44916	0
TKS_USD	2018-10-17	0.49317	0.47559	0.49840	0.46548	0
TKS_USD	2018-10-16	0.47559	0.45171	0.48655	0.44866	0
TKS_USD	2018-10-15	0.45171	0.50036	0.58347	0.44412	0
TKS_USD	2018-10-14	0.50036	0.51137	0.51685	0.49357	0
TKS_USD	2018-10-13	0.51137	0.51284	0.51948	0.50122	0
TKS_USD	2018-10-12	0.51284	0.50725	0.54309	0.50463	0
TKS_USD	2018-10-11	0.50725	0.56745	0.56745	0.50519	0
TKS_USD	2018-10-10	0.56745	0.58328	0.59088	0.56031	0
TKS_USD	2018-10-09	0.58328	0.58631	0.59212	0.57314	0
TKS_USD	2018-10-08	0.58631	0.58867	0.59588	0.57956	0
TKS_USD	2018-10-07	0.58867	0.58806	0.59160	0.58288	0
TKS_USD	2018-10-06	0.58806	0.59982	0.60013	0.58681	0
TKS_USD	2018-10-05	0.59982	0.60040	0.60540	0.58948	0
TKS_USD	2018-10-04	0.60040	0.58853	0.61067	0.58476	0
TKS_USD	2018-10-03	0.58853	0.58406	0.59313	0.57308	0
TKS_USD	2018-10-02	0.58406	0.58536	0.59769	0.58161	0
TKS_USD	2018-10-01	0.58536	0.59600	0.60031	0.57270	0
TKS_USD	2018-09-30	0.59600	0.59742	0.59938	0.58816	0
TKS_USD	2018-09-29	0.59742	0.60372	0.60372	0.58547	0
TKS_USD	2018-09-28	0.60372	0.60528	0.61791	0.59556	0
TKS_USD	2018-09-27	0.60528	0.59163	0.60875	0.58767	0
TKS_USD	2018-09-26	0.59163	0.58576	0.61692	0.58576	0
TKS_USD	2018-09-25	0.58576	0.62084	0.62084	0.57754	0
TKS_USD	2018-09-24	0.62084	0.61977	0.62673	0.60558	0
TKS_USD	2018-09-23	0.61977	0.62635	0.65452	0.61339	0
TKS_USD	2018-09-22	0.62635	0.63237	0.63873	0.60698	0
TKS_USD	2018-09-21	0.63237	0.62697	0.66840	0.62157	0
TKS_USD	2018-09-20	0.62697	0.63905	0.64187	0.59635	0
TKS_USD	2018-09-19	0.63905	0.62619	0.64676	0.60986	0
TKS_USD	2018-09-18	0.62619	0.63185	0.63217	0.60443	0
TKS_USD	2018-09-17	0.63185	0.64413	0.66256	0.61511	0
TKS_USD	2018-09-16	0.64413	0.65139	0.66477	0.63132	0
TKS_USD	2018-09-15	0.65139	0.63390	0.66684	0.63284	0
TKS_USD	2018-09-14	0.63390	0.64969	0.68608	0.62600	0
TKS_USD	2018-09-13	0.64969	0.63309	0.67681	0.62803	0
TKS_USD	2018-09-12	0.63309	0.60107	0.64500	0.59744	0
TKS_USD	2018-09-11	0.60107	0.61220	0.64160	0.59639	0
TKS_USD	2018-09-10	0.61220	0.59629	0.62938	0.59629	0
TKS_USD	2018-09-09	0.59629	0.58142	0.61070	0.57714	0
TKS_USD	2018-09-08	0.58142	0.64153	0.66515	0.57855	0
TKS_USD	2018-09-07	0.64153	0.58932	0.66044	0.58535	0
TKS_USD	2018-09-06	0.58932	0.63654	0.63773	0.57170	0
TKS_USD	2018-09-05	0.63654	0.70065	0.74136	0.63207	0
TKS_USD	2018-09-04	0.70065	0.81776	0.89855	0.69375	0
TKS_USD	2018-09-03	0.81776	0.79272	1.29580	0.72467	0
TKS_USD	2018-09-02	0.79272	0.62780	0.85864	0.62227	0
TKS_USD	2018-09-01	0.62780	0.58153	0.63350	0.58143	0
TKS_USD	2018-08-31	0.58153	0.60160	0.63052	0.57315	0
TKS_USD	2018-08-30	0.60160	0.58366	0.73162	0.55175	0
TKS_USD	2018-08-29	0.58366	0.61030	0.61108	0.54594	0
TKS_USD	2018-08-28	0.61030	0.59235	0.61887	0.57469	0
TKS_USD	2018-08-27	0.59235	0.61339	0.61339	0.55468	0
TKS_USD	2018-08-26	0.61339	0.74346	1.34344	0.60731	0
TKS_USD	2018-08-25	0.74346	0.59532	0.83270	0.57315	0
TKS_USD	2018-08-24	0.59532	0.51352	1.52355	0.45560	0
TKS_USD	2018-08-23	0.51352	0.51506	0.56373	0.51256	0
TKS_USD	2018-08-22	0.51506	0.52011	0.55240	0.50736	0
TKS_USD	2018-08-21	0.52011	0.50691	0.53782	0.50244	0
TKS_USD	2018-08-20	0.50691	0.53172	0.54232	0.50146	0
TKS_USD	2018-08-19	0.53172	0.47129	0.54750	0.45677	0
TKS_USD	2018-08-18	0.47129	0.53191	0.64905	0.45729	0
TKS_USD	2018-08-17	0.53191	0.41019	0.57191	0.40901	0
TKS_USD	2018-08-16	0.41019	0.47954	0.53915	0.39951	0
TKS_USD	2018-08-15	0.47954	0.35019	0.55511	0.35019	0
TKS_USD	2018-08-14	0.35019	0.35248	0.37576	0.32092	0
TKS_USD	2018-08-13	0.35248	0.49312	0.51572	0.34800	0
TKS_USD	2018-08-12	0.49312	0.48257	0.50848	0.47871	0
TKS_USD	2018-08-11	0.48257	0.54112	0.54435	0.47471	0
TKS_USD	2018-08-10	0.54112	0.57954	0.59834	0.53590	0
TKS_USD	2018-08-09	0.57954	0.59151	0.59168	0.55127	0
TKS_USD	2018-08-08	0.59151	0.65503	0.78245	0.54487	0
TKS_USD	2018-08-07	0.65503	0.73343	0.73926	0.64981	0
TKS_USD	2018-08-06	0.73343	0.75769	0.77123	0.72432	0
TKS_USD	2018-08-05	0.75769	0.73752	0.79988	0.71142	0
TKS_USD	2018-08-04	0.73752	0.78290	0.84089	0.70696	0
TKS_USD	2018-08-03	0.78290	0.78340	0.79847	0.75947	0
TKS_USD	2018-08-02	0.78340	0.92561	0.93370	0.78150	0
TKS_USD	2018-08-01	0.92561	0.90431	0.93264	0.86998	0
TKS_USD	2018-07-31	0.90431	0.99105	0.99184	0.89556	0
TKS_USD	2018-07-30	0.99105	0.97434	1.02698	0.94487	0
TKS_USD	2018-07-29	0.97434	1.00367	1.03892	0.94569	0
TKS_USD	2018-07-28	1.00367	1.02243	1.02247	1.00248	0
TKS_USD	2018-07-27	1.02243	1.01555	1.07504	1.00495	0
TKS_USD	2018-07-26	1.01555	1.01993	1.07714	1.00153	0
TKS_USD	2018-07-25	1.01993	0.99946	1.05352	0.98599	0
TKS_USD	2018-07-24	0.99946	0.92269	1.06819	0.92019	0
TKS_USD	2018-07-23	0.92269	0.88958	0.99595	0.88618	0
TKS_USD	2018-07-22	0.88958	0.92805	0.96925	0.88912	0
TKS_USD	2018-07-21	0.92805	0.85712	0.97185	0.84457	0
TKS_USD	2018-07-20	0.85712	0.95938	1.00258	0.85008	0
TKS_USD	2018-07-19	0.95938	0.97649	1.00973	0.89579	0
TKS_USD	2018-07-18	0.97649	0.85545	1.02903	0.84409	0
TKS_USD	2018-07-17	0.85545	0.80355	0.87563	0.76206	0
TKS_USD	2018-07-16	0.80355	0.66903	0.89697	0.66256	0
TKS_USD	2018-07-15	0.66903	0.66088	0.67770	0.65291	0
TKS_USD	2018-07-14	0.66088	0.65914	0.70686	0.64166	0
TKS_USD	2018-07-13	0.65914	0.77870	0.78369	0.65663	0
TKS_USD	2018-07-12	0.77870	0.71571	0.81921	0.69496	0
TKS_USD	2018-07-11	0.71571	0.72413	0.73491	0.70652	0
TKS_USD	2018-07-10	0.72413	0.81323	0.81567	0.72239	0
TKS_USD	2018-07-09	0.81323	0.82109	0.82980	0.80199	0
TKS_USD	2018-07-08	0.82109	0.87953	0.88749	0.80681	0
TKS_USD	2018-07-07	0.87953	0.85847	0.89003	0.85190	0
TKS_USD	2018-07-06	0.85847	0.85579	0.86629	0.84400	0
TKS_USD	2018-07-05	0.85579	0.87946	0.97994	0.84794	0
TKS_USD	2018-07-04	0.87946	0.86381	1.15920	0.82619	0
TKS_USD	2018-07-03	0.86381	0.66876	1.24570	0.00864	0
TKS_USD	2018-07-02	0.66876	0.60983	0.67131	0.00001	0
TKS_USD	2018-07-01	0.60830	0.61541	0.63701	0.54680	0
TKS_USD	2018-06-30	0.61573	0.56466	0.61853	0.54313	0
TKS_USD	2018-06-29	0.56513	0.61038	0.62195	0.51385	0
TKS_USD	2018-06-28	0.61154	0.64593	0.66505	0.60672	0
TKS_USD	2018-06-27	0.64688	0.64674	0.66611	0.61987	0
TKS_USD	2018-06-26	0.64855	0.70510	0.73214	0.64208	0
TKS_USD	2018-06-25	0.70470	0.69847	0.71457	0.66701	0
TKS_USD	2018-06-24	0.69768	0.70760	0.76123	0.60382	0
TKS_USD	2018-06-23	0.70834	0.71283	0.76013	0.67444	0
TKS_USD	2018-06-22	0.71284	0.83584	0.83991	0.70037	0
TKS_USD	2018-06-21	0.83744	0.85663	0.86786	0.83558	0
TKS_USD	2018-06-20	0.85674	0.83482	0.86218	0.80176	0
TKS_USD	2018-06-19	0.83577	0.77014	0.91018	0.75353	0
TKS_USD	2018-06-18	0.76964	0.80019	0.83640	0.65439	0
TKS_USD	2018-06-17	0.79903	0.74335	0.85523	0.74335	0
TKS_USD	2018-06-16	0.84566	0.83748	0.91023	0.82263	0
TKS_USD	2018-06-15	0.83709	0.95178	0.95178	0.82942	0
TKS_USD	2018-06-14	0.94996	0.87419	1.01737	0.87394	0
TKS_USD	2018-06-13	0.87369	1.03391	1.04239	0.84584	0
TKS_USD	2018-06-12	1.03225	1.07916	1.20470	1.01187	0
TKS_USD	2018-06-11	1.07968	1.09503	1.10262	1.05989	0
TKS_USD	2018-06-10	1.09413	1.22804	1.22804	1.07761	0
TKS_USD	2018-06-09	1.22770	1.24060	1.25799	1.22358	0
TKS_USD	2018-06-08	1.24058	1.27399	1.27570	1.22970	0
TKS_USD	2018-06-07	1.27452	1.27534	1.29234	1.26821	0
TKS_USD	2018-06-06	1.27527	1.26223	1.28226	1.22006	0
TKS_USD	2018-06-05	1.26115	1.23438	1.28474	1.19805	0
TKS_USD	2018-06-04	1.23529	1.25704	1.31286	1.20408	0
TKS_USD	2018-06-03	1.25708	1.30683	1.33262	1.24399	0
TKS_USD	2018-06-02	1.30783	1.29264	1.31683	1.27094	0
TKS_USD	2018-06-01	1.29253	1.32601	1.34618	1.24726	0
TKS_USD	2018-05-31	1.32613	1.27516	1.34081	1.26945	0
TKS_USD	2018-05-30	1.27572	1.28768	1.38150	1.25280	0
TKS_USD	2018-05-29	1.28724	1.26820	1.36449	1.25239	0
TKS_USD	2018-05-28	1.26741	1.42738	1.44427	1.25325	0
TKS_USD	2018-05-27	1.43127	1.47861	1.48161	1.36136	0
TKS_USD	2018-05-26	1.47820	1.54695	1.57477	1.40645	0
TKS_USD	2018-05-25	1.54723	1.59548	1.61687	1.51490	0
TKS_USD	2018-05-24	1.59359	1.57668	1.63010	1.52575	0
TKS_USD	2018-05-23	1.57788	1.73998	1.74929	1.56867	0
TKS_USD	2018-05-22	1.74059	1.78376	1.82074	1.73409	0
TKS_USD	2018-05-21	1.78376	1.85215	1.85690	1.78151	0
TKS_USD	2018-05-20	1.85215	1.81666	1.86606	1.80098	0
TKS_USD	2018-05-19	1.81666	1.85273	1.87746	1.80240	0
TKS_USD	2018-05-18	1.85273	1.75567	1.88879	1.71880	0
TKS_USD	2018-05-17	1.75791	1.84883	1.86579	1.72824	0
TKS_USD	2018-05-16	1.85115	1.83381	1.87886	1.74025	0
TKS_USD	2018-05-15	1.84577	1.88545	1.91835	1.81886	0
TKS_USD	2018-05-14	1.88560	1.87374	1.94552	1.81298	0
TKS_USD	2018-05-13	1.87374	1.91493	2.04325	1.86462	0
TKS_USD	2018-05-12	1.91059	1.95898	1.97831	1.87678	0
TKS_USD	2018-05-11	1.95898	2.15801	2.16806	1.93308	0
TKS_USD	2018-05-10	2.15801	2.22270	2.26000	2.15460	0
TKS_USD	2018-05-09	2.22270	2.23109	2.31583	2.18076	0
TKS_USD	2018-05-08	2.23191	2.40332	2.40607	0.00025	0
TKS_USD	2018-05-07	2.49425	2.58577	2.59147	2.32404	0
TKS_USD	2018-05-06	2.58577	2.30053	2.66606	2.29974	0
TKS_USD	2018-05-05	2.29781	2.35768	2.38767	2.26116	0
TKS_USD	2018-05-04	2.35768	2.45850	2.47503	2.30548	0
TKS_USD	2018-05-03	2.45850	2.46846	2.58426	2.38975	0
TKS_USD	2018-05-02	2.46846	2.49474	2.51331	2.37071	0
TKS_USD	2018-05-01	2.49474	2.43955	2.50980	2.34488	0
TKS_USD	2018-04-30	2.43955	2.62979	2.63723	2.43376	0
TKS_USD	2018-04-29	2.62979	2.73583	2.80477	2.62826	0
TKS_USD	2018-04-28	2.73583	2.57193	2.79681	2.55559	0
TKS_USD	2018-04-27	2.57193	2.73085	2.73085	2.55287	0
TKS_USD	2018-04-26	2.73085	2.45531	2.77246	2.35468	0
TKS_USD	2018-04-25	2.45531	2.88294	2.88404	2.41959	0
TKS_USD	2018-04-24	2.88294	2.60853	2.96357	2.46444	0
TKS_USD	2018-04-23	2.60853	2.46185	2.68046	2.42495	0
TKS_USD	2018-04-22	2.46185	2.49826	2.56982	2.42651	0
TKS_USD	2018-04-21	2.49826	2.59878	2.62393	2.43054	0
TKS_USD	2018-04-20	2.59878	2.65188	2.78558	2.44222	0
TKS_USD	2018-04-19	2.65188	2.36574	2.69094	2.34790	0
TKS_USD	2018-04-18	2.36574	2.20893	2.41154	2.20476	0
TKS_USD	2018-04-17	2.20893	2.29614	2.42141	2.19611	0
TKS_USD	2018-04-16	2.29614	2.60049	2.62450	2.24195	0
TKS_USD	2018-04-15	2.60049	2.14377	3.14284	2.14374	0
TKS_USD	2018-04-14	2.14377	2.13954	2.22163	2.07535	0
TKS_USD	2018-04-13	2.13954	2.09103	2.21185	2.05330	0
TKS_USD	2018-04-12	2.09103	1.99830	2.27915	1.92614	0
TKS_USD	2018-04-11	1.99830	1.82298	2.05559	1.81741	0
TKS_USD	2018-04-10	1.82298	1.63945	1.84002	1.61012	0
TKS_USD	2018-04-09	1.63843	1.65856	1.77196	1.55509	0
TKS_USD	2018-04-08	1.65856	1.56943	1.70453	1.50295	0
TKS_USD	2018-04-07	1.56943	1.41325	1.63440	1.41018	0
TKS_USD	2018-04-06	1.41325	1.47305	1.49107	1.39581	0
TKS_USD	2018-04-05	1.47305	1.44635	1.48805	1.40066	0
TKS_USD	2018-04-04	1.44635	1.59656	1.59767	1.42708	0
TKS_USD	2018-04-03	1.59656	1.51439	1.63822	1.49747	0
TKS_USD	2018-04-02	1.51435	1.48154	1.55594	1.45571	0
TKS_USD	2018-04-01	1.48154	1.49539	1.54057	1.37671	0
TKS_USD	2018-03-31	1.49539	1.47052	1.59990	1.46100	0
TKS_USD	2018-03-30	1.47052	1.60135	1.62495	1.41155	0
TKS_USD	2018-03-29	1.60135	1.98876	2.02263	1.55122	0
TKS_USD	2018-03-28	1.98876	2.04997	2.13329	1.93706	0
TKS_USD	2018-03-27	2.04997	2.10501	2.18668	1.97941	0
TKS_USD	2018-03-26	2.10501	2.29706	2.31392	2.04615	0
TKS_USD	2018-03-25	2.29706	2.20160	2.41893	2.16141	0
TKS_USD	2018-03-24	2.20160	2.27695	2.33035	2.19292	0
TKS_USD	2018-03-23	2.27695	2.24403	2.27715	2.12075	0
TKS_USD	2018-03-22	2.24403	2.48954	2.50548	2.16470	0
TKS_USD	2018-03-21	2.48954	2.31576	2.50298	2.18326	0
TKS_USD	2018-03-20	2.31576	2.09262	2.49793	1.92829	0
TKS_USD	2018-03-19	2.09262	1.86236	2.14600	1.80688	0
TKS_USD	2018-03-18	1.86236	1.88482	1.88482	1.60563	0
TKS_USD	2018-03-17	1.88482	2.10958	2.13098	1.87832	0
TKS_USD	2018-03-16	2.10958	2.09839	2.20856	2.03802	0
TKS_USD	2018-03-15	2.09839	2.21399	2.38050	2.03773	0
TKS_USD	2018-03-14	2.21399	3.04604	3.10772	2.12111	0
TKS_USD	2018-03-13	3.04604	2.56106	4.28793	2.45848	0
TKS_USD	2018-03-12	2.56106	2.88578	2.97196	2.46159	0
TKS_USD	2018-03-11	2.88578	2.69403	2.98475	2.59323	0
TKS_USD	2018-03-10	2.69403	2.81159	2.88007	2.68002	0
TKS_USD	2018-03-09	2.81159	2.96094	3.02425	2.57119	0
TKS_USD	2018-03-08	2.96094	3.23127	3.30733	2.91083	0
TKS_USD	2018-03-07	3.23127	3.68700	3.89031	3.14921	0
TKS_USD	2018-03-06	3.68700	4.00971	4.00971	3.68036	0
TKS_USD	2018-03-05	4.00971	4.05639	4.09055	3.95421	0
TKS_USD	2018-03-04	4.05639	3.94551	4.19039	3.86425	0
TKS_USD	2018-03-03	3.94551	3.85283	4.09402	3.85283	0
TKS_USD	2018-03-02	3.85283	3.81474	3.96205	3.74957	0
