TLX_USD	2018-10-07	0.001500	0.001500	0.001500	0.001500	0
TLX_USD	2018-10-06	0.001500	0.001500	0.001500	0.001500	0
TLX_USD	2018-10-05	0.001500	0.001500	0.001500	0.001500	0
TLX_USD	2018-10-04	0.001500	0.001500	0.001500	0.001500	0
TLX_USD	2018-10-03	0.001500	0.001500	0.001500	0.001500	0
TLX_USD	2018-10-02	0.001500	0.001500	0.001500	0.001500	0
TLX_USD	2018-10-01	0.001500	0.001500	0.001500	0.001500	0
TLX_USD	2018-09-30	0.001500	0.001500	0.001500	0.001500	0
TLX_USD	2018-09-29	0.001500	0.001500	0.001500	0.001500	0
TLX_USD	2018-09-28	0.001500	0.001500	0.001500	0.001500	0
TLX_USD	2018-09-27	0.001500	0.001500	0.001500	0.001500	0
TLX_USD	2018-09-26	0.001500	0.001500	0.001500	0.001500	0
TLX_USD	2018-09-25	0.001500	0.001500	0.001500	0.001500	0
TLX_USD	2018-09-24	0.001500	0.001500	0.001500	0.001500	0
TLX_USD	2018-09-23	0.001500	0.003000	0.003000	0.000100	7145
TLX_USD	2018-09-22	0.003000	0.003000	0.003000	0.003000	0
TLX_USD	2018-09-21	0.003000	0.003000	0.003000	0.003000	0
TLX_USD	2018-09-20	0.003000	0.003000	0.003000	0.003000	0
TLX_USD	2018-09-19	0.003000	0.003000	0.003000	0.003000	0
TLX_USD	2018-09-18	0.003000	0.003000	0.003000	0.003000	0
TLX_USD	2018-09-17	0.003000	0.003000	0.003000	0.003000	0
TLX_USD	2018-09-16	0.003000	0.003000	0.003000	0.003000	0
TLX_USD	2018-09-15	0.003000	0.003000	0.003000	0.003000	0
TLX_USD	2018-09-14	0.003000	0.003000	0.003000	0.003000	0
TLX_USD	2018-09-13	0.003000	0.003000	0.003000	0.003000	0
TLX_USD	2018-09-12	0.003000	0.003000	0.003000	0.003000	0
TLX_USD	2018-09-11	0.003000	0.003000	0.003000	0.003000	0
TLX_USD	2018-09-10	0.003000	0.003000	0.003000	0.003000	0
TLX_USD	2018-09-09	0.003000	0.003000	0.003000	0.003000	0
TLX_USD	2018-09-08	0.003000	0.003000	0.003000	0.003000	0
TLX_USD	2018-09-07	0.003000	0.003000	0.003000	0.003000	0
TLX_USD	2018-09-06	0.003000	0.003000	0.003000	0.003000	0
TLX_USD	2018-09-05	0.003000	0.003000	0.003000	0.003000	0
TLX_USD	2018-09-04	0.003000	0.002987	0.003000	0.002987	489
TLX_USD	2018-09-03	0.002900	0.001500	0.002900	0.001500	389
TLX_USD	2018-09-02	0.001500	0.001500	0.001500	0.001500	0
TLX_USD	2018-09-01	0.001500	0.001500	0.001500	0.001500	0
TLX_USD	2018-08-31	0.001500	0.001500	0.001500	0.001500	0
TLX_USD	2018-08-30	0.001500	0.001500	0.001500	0.001500	0
TLX_USD	2018-08-29	0.001500	0.001500	0.001500	0.001500	0
TLX_USD	2018-08-28	0.001500	0.001500	0.001500	0.001500	0
TLX_USD	2018-08-27	0.001500	0.001500	0.001500	0.001500	0
TLX_USD	2018-08-26	0.001500	0.001500	0.001500	0.001500	0
TLX_USD	2018-08-25	0.001500	0.001500	0.001500	0.001500	0
TLX_USD	2018-08-24	0.001500	0.001500	0.001500	0.001500	0
TLX_USD	2018-08-23	0.001500	0.001500	0.001500	0.001500	0
TLX_USD	2018-08-22	0.001500	0.001500	0.001500	0.001500	0
TLX_USD	2018-08-21	0.001500	0.001001	0.003000	0.001001	5636
TLX_USD	2018-08-20	0.001001	0.006100	0.006100	0.001001	1519
TLX_USD	2018-08-19	0.006100	0.006100	0.006100	0.006100	0
TLX_USD	2018-08-18	0.006100	0.006100	0.006100	0.006100	0
TLX_USD	2018-08-17	0.006100	0.006100	0.006100	0.006100	0
TLX_USD	2018-08-16	0.006100	0.006100	0.006100	0.006100	0
TLX_USD	2018-08-15	0.006100	0.006100	0.006100	0.006100	0
TLX_USD	2018-08-14	0.006100	0.006100	0.006100	0.006100	0
TLX_USD	2018-08-13	0.006100	0.006100	0.006100	0.006100	0
TLX_USD	2018-08-12	0.006100	0.006100	0.006100	0.006100	0
TLX_USD	2018-08-11	0.006100	0.006100	0.006100	0.006100	0
TLX_USD	2018-08-10	0.006100	0.006100	0.006100	0.006100	0
TLX_USD	2018-08-09	0.006100	0.006100	0.006100	0.006100	0
TLX_USD	2018-08-08	0.006100	0.006100	0.006100	0.006100	0
TLX_USD	2018-08-07	0.006100	0.006100	0.006100	0.006100	0
TLX_USD	2018-08-06	0.006100	0.006100	0.006100	0.006100	0
TLX_USD	2018-08-05	0.006100	0.006100	0.006100	0.006100	0
TLX_USD	2018-08-04	0.006100	0.006100	0.006100	0.006100	0
TLX_USD	2018-08-03	0.006100	0.006100	0.006100	0.006100	0
TLX_USD	2018-08-02	0.006100	0.006100	0.006100	0.006100	0
TLX_USD	2018-08-01	0.006100	0.006100	0.006100	0.006100	0
TLX_USD	2018-07-31	0.006100	0.006100	0.006100	0.006100	0
TLX_USD	2018-07-30	0.006100	0.006100	0.006100	0.006100	0
TLX_USD	2018-07-29	0.006100	0.006100	0.006100	0.006100	0
TLX_USD	2018-07-28	0.006100	0.006100	0.006100	0.006100	0
TLX_USD	2018-07-27	0.006100	0.006100	0.006100	0.006100	0
TLX_USD	2018-07-26	0.006100	0.006100	0.006100	0.006100	0
TLX_USD	2018-07-25	0.006100	0.006100	0.006100	0.006100	0
TLX_USD	2018-07-24	0.006100	0.006100	0.006100	0.006100	0
TLX_USD	2018-07-23	0.006100	0.006100	0.006100	0.006100	0
TLX_USD	2018-07-22	0.006100	0.006100	0.006100	0.006100	0
TLX_USD	2018-07-21	0.006100	0.006100	0.006100	0.006100	0
TLX_USD	2018-07-20	0.006100	0.006100	0.006100	0.006100	0
TLX_USD	2018-07-19	0.006100	0.006100	0.006100	0.006100	0
TLX_USD	2018-07-18	0.006100	0.006100	0.006100	0.006100	0
TLX_USD	2018-07-17	0.006100	0.006100	0.006100	0.006100	0
TLX_USD	2018-07-16	0.006100	0.006100	0.006100	0.006100	0
TLX_USD	2018-07-15	0.006100	0.006100	0.006100	0.006100	0
TLX_USD	2018-07-14	0.006100	0.006100	0.006100	0.006100	0
TLX_USD	2018-07-13	0.006100	0.006100	0.006100	0.006100	0
TLX_USD	2018-07-12	0.006100	0.006100	0.006100	0.006100	0
TLX_USD	2018-07-11	0.006100	0.006100	0.006100	0.006100	0
TLX_USD	2018-07-10	0.006100	0.006111	0.006111	0.006100	1128
TLX_USD	2018-07-09	0.010284	0.010284	0.010284	0.010284	0
TLX_USD	2018-07-08	0.010284	0.010284	0.010284	0.010284	0
TLX_USD	2018-07-07	0.010284	0.010284	0.010284	0.010284	0
TLX_USD	2018-07-06	0.010284	0.010284	0.010284	0.010284	0
TLX_USD	2018-07-05	0.010284	0.010284	0.010284	0.010284	0
TLX_USD	2018-07-04	0.010284	0.010284	0.010284	0.010284	0
TLX_USD	2018-07-03	0.010284	0.010284	0.010284	0.010284	0
TLX_USD	2018-07-02	0.010284	0.010284	0.010284	0.010284	0
TLX_USD	2018-07-01	0.010284	0.010284	0.010284	0.010284	0
TLX_USD	2018-06-30	0.010284	0.010284	0.010284	0.010284	0
TLX_USD	2018-06-29	0.010284	0.010284	0.010284	0.010284	0
TLX_USD	2018-06-28	0.010284	0.010284	0.010284	0.010284	0
TLX_USD	2018-06-27	0.010284	0.010284	0.010284	0.010284	0
TLX_USD	2018-06-26	0.010284	0.010284	0.010284	0.010284	0
TLX_USD	2018-06-25	0.010284	0.010284	0.010284	0.010284	0
TLX_USD	2018-06-24	0.010284	0.010284	0.010284	0.010284	0
TLX_USD	2018-06-23	0.010284	0.010383	0.010383	0.010284	622
TLX_USD	2018-06-22	0.010383	0.010383	0.010383	0.010383	0
TLX_USD	2018-06-21	0.010383	0.010381	0.010383	0.010381	382
TLX_USD	2018-06-20	0.010381	0.010368	0.010381	0.010368	52
TLX_USD	2018-06-19	0.010368	0.010368	0.010368	0.010368	0
TLX_USD	2018-06-18	0.010368	0.010368	0.010368	0.010368	0
TLX_USD	2018-06-17	0.010368	0.010314	0.010368	0.010314	200
TLX_USD	2018-06-16	0.010314	0.010314	0.010314	0.010314	0
TLX_USD	2018-06-15	0.010314	0.010314	0.010314	0.010314	0
TLX_USD	2018-06-14	0.010314	0.010314	0.010314	0.010314	0
TLX_USD	2018-06-13	0.010314	0.010314	0.010314	0.010314	0
TLX_USD	2018-06-12	0.010314	0.010314	0.010314	0.010314	0
TLX_USD	2018-06-11	0.010314	0.010314	0.010314	0.010314	0
TLX_USD	2018-06-10	0.010314	0.010314	0.010314	0.010314	0
TLX_USD	2018-06-09	0.010314	0.010314	0.010314	0.010314	0
TLX_USD	2018-06-08	0.010314	0.010314	0.010314	0.010314	0
TLX_USD	2018-06-07	0.010314	0.010305	0.010314	0.010305	106
TLX_USD	2018-06-06	0.010305	0.010305	0.010305	0.010305	0
TLX_USD	2018-06-05	0.010305	0.010305	0.010305	0.010305	0
TLX_USD	2018-06-04	0.010305	0.010302	0.010305	0.010302	100
TLX_USD	2018-06-03	0.010302	0.064950	0.064950	0.010302	500
TLX_USD	2018-06-02	0.064950	0.064950	0.064950	0.064950	0
TLX_USD	2018-06-01	0.064950	0.064950	0.064950	0.064950	0
TLX_USD	2018-05-31	0.064950	0.064950	0.064950	0.064950	0
TLX_USD	2018-05-30	0.064950	0.055000	0.064950	0.055000	24
TLX_USD	2018-05-29	0.055000	0.025000	0.055000	0.025000	2764
TLX_USD	2018-05-28	0.024994	0.006018	0.024994	0.006018	490
TLX_USD	2018-05-27	0.006018	0.006018	0.006018	0.006018	0
TLX_USD	2018-05-26	0.006018	0.006018	0.006018	0.006018	0
TLX_USD	2018-05-25	0.006011	0.006011	0.006011	0.006011	0
TLX_USD	2018-05-24	0.006011	0.006011	0.006011	0.006011	0
TLX_USD	2018-05-23	0.006011	0.006011	0.006011	0.006011	0
TLX_USD	2018-05-22	0.006011	0.006011	0.006011	0.006011	0
TLX_USD	2018-05-21	0.006011	0.024998	0.024998	0.006011	18
TLX_USD	2018-05-20	0.024998	0.024998	0.024998	0.024998	0
TLX_USD	2018-05-19	0.024998	0.006002	0.024998	0.006002	56
TLX_USD	2018-05-18	0.006002	0.006002	0.006002	0.006002	0
TLX_USD	2018-05-17	0.006002	0.006002	0.006002	0.006002	0
TLX_USD	2018-05-16	0.006002	0.006002	0.006002	0.006002	0
TLX_USD	2018-05-15	0.006002	0.023200	0.023200	0.006002	2674
TLX_USD	2018-05-14	0.023200	0.011000	0.023200	0.011000	4299
TLX_USD	2018-05-13	0.011000	0.010898	0.024995	0.006000	3223
TLX_USD	2018-05-12	0.008000	0.008000	0.008000	0.008000	0
TLX_USD	2018-05-11	0.008000	0.010000	0.010000	0.008000	29
TLX_USD	2018-05-10	0.010000	0.010000	0.010000	0.010000	0
TLX_USD	2018-05-09	0.010000	0.008000	0.011000	0.006000	8081
