TNC_USD	2019-04-09	0.008787	0.008918	0.008929	0.008631	0
TNC_USD	2019-04-08	0.008935	0.008682	0.009197	0.008613	0
TNC_USD	2019-04-07	0.008709	0.008213	0.008765	0.008153	0
TNC_USD	2019-04-06	0.008205	0.008225	0.008557	0.007984	0
TNC_USD	2019-04-05	0.008238	0.007803	0.008356	0.007755	0
TNC_USD	2019-04-04	0.007799	0.007923	0.008125	0.007623	0
TNC_USD	2019-04-03	0.007894	0.008133	0.008823	0.007490	0
TNC_USD	2019-04-02	0.008136	0.007036	0.008268	0.007026	0
TNC_USD	2019-04-01	0.007053	0.007067	0.007143	0.006964	0
TNC_USD	2019-03-31	0.007068	0.007111	0.007111	0.007014	0
TNC_USD	2019-03-30	0.007111	0.007187	0.007300	0.007018	0
TNC_USD	2019-03-29	0.007187	0.006895	0.007192	0.006882	0
TNC_USD	2019-03-28	0.006895	0.006961	0.006961	0.006857	0
TNC_USD	2019-03-27	0.006962	0.006655	0.006989	0.006652	0
TNC_USD	2019-03-26	0.006655	0.006643	0.006695	0.006589	0
TNC_USD	2019-03-25	0.006643	0.006774	0.006810	0.006547	0
TNC_USD	2019-03-24	0.006774	0.006846	0.006849	0.006726	0
TNC_USD	2019-03-23	0.006846	0.006787	0.006902	0.006775	0
TNC_USD	2019-03-22	0.006789	0.006734	0.006852	0.006707	0
TNC_USD	2019-03-21	0.006734	0.006988	0.007014	0.006681	0
TNC_USD	2019-03-20	0.006986	0.006963	0.007017	0.006842	0
TNC_USD	2019-03-19	0.006969	0.006910	0.006994	0.006874	0
TNC_USD	2019-03-18	0.006910	0.006966	0.007113	0.006835	0
TNC_USD	2019-03-17	0.006966	0.007068	0.007068	0.006901	0
TNC_USD	2019-03-16	0.007068	0.006846	0.007233	0.006846	0
TNC_USD	2019-03-15	0.006846	0.006621	0.006931	0.006621	0
TNC_USD	2019-03-14	0.006626	0.006613	0.006757	0.006509	0
TNC_USD	2019-03-13	0.006613	0.006698	0.006699	0.006561	0
TNC_USD	2019-03-12	0.006698	0.006656	0.006771	0.006459	0
TNC_USD	2019-03-11	0.006653	0.006793	0.006821	0.006587	0
TNC_USD	2019-03-10	0.006793	0.006885	0.006895	0.006729	0
TNC_USD	2019-03-09	0.006885	0.006695	0.006962	0.006662	0
TNC_USD	2019-03-08	0.006694	0.006883	0.007022	0.006551	0
TNC_USD	2019-03-07	0.006884	0.006910	0.007043	0.006812	0
TNC_USD	2019-03-06	0.006909	0.006888	0.007055	0.006732	0
TNC_USD	2019-03-05	0.006881	0.006311	0.006927	0.006283	0
TNC_USD	2019-03-04	0.006311	0.006551	0.006580	0.006189	0
TNC_USD	2019-03-03	0.006544	0.006665	0.006769	0.006422	0
TNC_USD	2019-03-02	0.006666	0.006807	0.006848	0.006545	0
TNC_USD	2019-03-01	0.006812	0.006792	0.006947	0.006775	0
TNC_USD	2019-02-28	0.006792	0.006776	0.007007	0.006709	0
TNC_USD	2019-02-27	0.006775	0.006852	0.007062	0.006372	0
TNC_USD	2019-02-26	0.006865	0.006937	0.006966	0.006759	0
TNC_USD	2019-02-25	0.006938	0.006648	0.007111	0.006648	0
TNC_USD	2019-02-24	0.006639	0.007932	0.008328	0.006639	0
TNC_USD	2019-02-23	0.007941	0.007435	0.008032	0.007322	0
TNC_USD	2019-02-22	0.007447	0.007290	0.007477	0.007188	0
TNC_USD	2019-02-21	0.007292	0.007455	0.007548	0.007155	0
TNC_USD	2019-02-20	0.007484	0.007207	0.007494	0.007069	0
TNC_USD	2019-02-19	0.007207	0.007317	0.007541	0.007174	0
TNC_USD	2019-02-18	0.007325	0.006695	0.007457	0.006648	0
TNC_USD	2019-02-17	0.006695	0.006129	0.006797	0.006120	0
TNC_USD	2019-02-16	0.006129	0.006084	0.006242	0.006082	0
TNC_USD	2019-02-15	0.006083	0.006022	0.006217	0.006006	0
TNC_USD	2019-02-14	0.006025	0.006081	0.006206	0.006009	0
TNC_USD	2019-02-13	0.006088	0.006132	0.006356	0.006026	0
TNC_USD	2019-02-12	0.006114	0.006031	0.006197	0.005893	0
TNC_USD	2019-02-11	0.006031	0.006257	0.006257	0.005980	0
TNC_USD	2019-02-10	0.006267	0.005949	0.006297	0.005801	0
TNC_USD	2019-02-09	0.005955	0.005957	0.006065	0.005880	0
TNC_USD	2019-02-08	0.005965	0.005198	0.006125	0.005166	0
TNC_USD	2019-02-07	0.005196	0.005213	0.005289	0.005171	0
TNC_USD	2019-02-06	0.005213	0.005342	0.005355	0.005063	0
TNC_USD	2019-02-05	0.005343	0.005332	0.005365	0.005284	0
TNC_USD	2019-02-04	0.005333	0.005339	0.005422	0.005300	0
TNC_USD	2019-02-03	0.005335	0.005541	0.005576	0.005269	0
TNC_USD	2019-02-02	0.005525	0.005358	0.005550	0.005306	0
TNC_USD	2019-02-01	0.005358	0.005338	0.005432	0.005197	0
TNC_USD	2019-01-31	0.005328	0.005434	0.005553	0.005282	0
TNC_USD	2019-01-30	0.005438	0.005227	0.005487	0.005178	0
TNC_USD	2019-01-29	0.005237	0.005287	0.005319	0.005129	0
TNC_USD	2019-01-28	0.005283	0.005576	0.005620	0.005080	0
TNC_USD	2019-01-27	0.005577	0.005767	0.005801	0.005543	0
TNC_USD	2019-01-26	0.005769	0.005765	0.005897	0.005754	0
TNC_USD	2019-01-25	0.005764	0.005852	0.005869	0.005718	0
TNC_USD	2019-01-24	0.005853	0.005837	0.005896	0.005697	0
TNC_USD	2019-01-23	0.005837	0.005908	0.005954	0.005757	0
TNC_USD	2019-01-22	0.005908	0.005771	0.005976	0.005552	0
TNC_USD	2019-01-21	0.005776	0.005860	0.005905	0.005657	0
TNC_USD	2019-01-20	0.005851	0.006194	0.006219	0.005790	0
TNC_USD	2019-01-19	0.006194	0.005990	0.006401	0.005990	0
TNC_USD	2019-01-18	0.005988	0.006150	0.006170	0.005921	0
TNC_USD	2019-01-17	0.006156	0.006131	0.006211	0.005902	0
TNC_USD	2019-01-16	0.006103	0.006022	0.006384	0.005983	0
TNC_USD	2019-01-15	0.006031	0.006461	0.006551	0.005891	0
TNC_USD	2019-01-14	0.006462	0.005800	0.006605	0.005792	0
TNC_USD	2019-01-13	0.005795	0.006259	0.006277	0.005712	0
TNC_USD	2019-01-12	0.006260	0.006331	0.006387	0.006209	0
TNC_USD	2019-01-11	0.006331	0.006367	0.006478	0.006162	0
TNC_USD	2019-01-10	0.006365	0.007511	0.007592	0.006198	0
TNC_USD	2019-01-09	0.007509	0.007515	0.007776	0.007437	0
TNC_USD	2019-01-08	0.007515	0.007609	0.007727	0.007414	0
TNC_USD	2019-01-07	0.007607	0.007906	0.007992	0.007534	0
TNC_USD	2019-01-06	0.007905	0.007785	0.008105	0.007549	0
TNC_USD	2019-01-05	0.007783	0.007798	0.008190	0.007757	0
TNC_USD	2019-01-04	0.007798	0.007486	0.007958	0.007405	0
TNC_USD	2019-01-03	0.007484	0.007834	0.007894	0.007365	0
TNC_USD	2019-01-02	0.007836	0.007171	0.008014	0.007078	0
TNC_USD	2019-01-01	0.007107	0.006685	0.007241	0.006630	0
TNC_USD	2018-12-31	0.006685	0.007088	0.007100	0.006574	0
TNC_USD	2018-12-30	0.007079	0.006873	0.007133	0.006632	0
TNC_USD	2018-12-29	0.006910	0.007001	0.007515	0.006709	0
TNC_USD	2018-12-28	0.007005	0.005829	0.007051	0.005757	0
TNC_USD	2018-12-27	0.005814	0.006618	0.006682	0.005730	0
TNC_USD	2018-12-26	0.006615	0.006537	0.006944	0.006272	0
TNC_USD	2018-12-25	0.006537	0.007009	0.007053	0.006225	0
TNC_USD	2018-12-24	0.007015	0.006575	0.008026	0.006569	0
TNC_USD	2018-12-23	0.006576	0.005926	0.006779	0.005922	0
TNC_USD	2018-12-22	0.005916	0.005475	0.005926	0.005351	0
TNC_USD	2018-12-21	0.005475	0.005813	0.006028	0.005352	0
TNC_USD	2018-12-20	0.005838	0.005035	0.005932	0.004996	0
TNC_USD	2018-12-19	0.005031	0.005120	0.005449	0.005001	0
TNC_USD	2018-12-18	0.005105	0.004782	0.005171	0.004645	0
TNC_USD	2018-12-17	0.004782	0.004257	0.004931	0.004239	0
TNC_USD	2018-12-16	0.004255	0.004215	0.004416	0.004206	0
TNC_USD	2018-12-15	0.004215	0.004188	0.004259	0.004093	0
TNC_USD	2018-12-14	0.004187	0.004321	0.004346	0.004113	0
TNC_USD	2018-12-13	0.004311	0.004513	0.004568	0.004239	0
TNC_USD	2018-12-12	0.004513	0.004371	0.004617	0.004335	0
TNC_USD	2018-12-11	0.004394	0.004536	0.004626	0.004307	0
TNC_USD	2018-12-10	0.004530	0.004715	0.004803	0.004449	0
TNC_USD	2018-12-09	0.004723	0.004560	0.005022	0.004461	0
TNC_USD	2018-12-08	0.004563	0.004660	0.004897	0.004215	0
TNC_USD	2018-12-07	0.004662	0.004521	0.004858	0.004081	0
TNC_USD	2018-12-06	0.004542	0.005046	0.005175	0.004503	0
TNC_USD	2018-12-05	0.005036	0.005445	0.005468	0.005030	0
TNC_USD	2018-12-04	0.005446	0.005369	0.005664	0.005234	0
TNC_USD	2018-12-03	0.005369	0.005757	0.005770	0.005254	0
TNC_USD	2018-12-02	0.005745	0.005882	0.005997	0.005733	0
TNC_USD	2018-12-01	0.005882	0.005591	0.006021	0.005494	0
TNC_USD	2018-11-30	0.005591	0.005826	0.005930	0.005512	0
TNC_USD	2018-11-29	0.005826	0.006098	0.006139	0.005665	0
TNC_USD	2018-11-28	0.006098	0.005494	0.006279	0.005494	0
TNC_USD	2018-11-27	0.005494	0.005435	0.005623	0.005064	0
TNC_USD	2018-11-26	0.005435	0.005837	0.005956	0.005263	0
TNC_USD	2018-11-25	0.005856	0.005669	0.005945	0.005098	0
TNC_USD	2018-11-24	0.005669	0.006155	0.006374	0.005504	0
TNC_USD	2018-11-23	0.006155	0.006203	0.006311	0.005899	0
TNC_USD	2018-11-22	0.006263	0.006798	0.006891	0.006263	0
TNC_USD	2018-11-21	0.006819	0.006619	0.006950	0.006274	0
TNC_USD	2018-11-20	0.006615	0.007439	0.007578	0.006302	0
TNC_USD	2018-11-19	0.007439	0.008796	0.008796	0.007299	0
TNC_USD	2018-11-18	0.008796	0.008646	0.008941	0.008646	0
TNC_USD	2018-11-17	0.008646	0.008705	0.008729	0.008565	0
TNC_USD	2018-11-16	0.008705	0.009052	0.009077	0.008544	0
TNC_USD	2018-11-15	0.009052	0.009202	0.009305	0.008458	0
TNC_USD	2018-11-14	0.009138	0.010315	0.010384	0.008743	0
TNC_USD	2018-11-13	0.010329	0.010454	0.010487	0.010282	0
TNC_USD	2018-11-12	0.010454	0.010470	0.010528	0.010370	0
TNC_USD	2018-11-11	0.010487	0.010480	0.010503	0.010276	0
TNC_USD	2018-11-10	0.010480	0.010372	0.010594	0.010348	0
TNC_USD	2018-11-09	0.010372	0.010456	0.010586	0.010303	0
TNC_USD	2018-11-08	0.010456	0.010765	0.010839	0.010456	0
TNC_USD	2018-11-07	0.010765	0.010857	0.011060	0.010681	0
TNC_USD	2018-11-06	0.010857	0.010366	0.010860	0.010282	0
TNC_USD	2018-11-05	0.010366	0.010425	0.010454	0.010220	0
TNC_USD	2018-11-04	0.010425	0.009836	0.010733	0.009784	0
TNC_USD	2018-11-03	0.009836	0.009940	0.009953	0.009797	0
TNC_USD	2018-11-02	0.009940	0.009818	0.010003	0.009818	0
TNC_USD	2018-11-01	0.009818	0.009767	0.009840	0.009738	0
TNC_USD	2018-10-31	0.009767	0.009710	0.009825	0.009510	0
TNC_USD	2018-10-30	0.009710	0.009679	0.009752	0.009633	0
TNC_USD	2018-10-29	0.009679	0.010075	0.010090	0.009623	0
TNC_USD	2018-10-28	0.010075	0.010039	0.010095	0.010020	0
TNC_USD	2018-10-27	0.010039	0.010078	0.010110	0.009985	0
TNC_USD	2018-10-26	0.010078	0.010012	0.010228	0.010001	0
TNC_USD	2018-10-25	0.010012	0.010087	0.010116	0.009975	0
TNC_USD	2018-10-24	0.010087	0.010121	0.010218	0.010085	0
TNC_USD	2018-10-23	0.010121	0.010134	0.010209	0.009976	0
TNC_USD	2018-10-22	0.010134	0.010189	0.010260	0.010094	0
TNC_USD	2018-10-21	0.010181	0.010232	0.010384	0.010180	0
TNC_USD	2018-10-20	0.010231	0.010072	0.010307	0.010008	0
TNC_USD	2018-10-19	0.010070	0.010130	0.010187	0.010027	0
TNC_USD	2018-10-18	0.010130	0.010466	0.010552	0.010022	0
TNC_USD	2018-10-17	0.010466	0.010574	0.010652	0.010339	0
TNC_USD	2018-10-16	0.010578	0.010056	0.010629	0.009903	0
TNC_USD	2018-10-15	0.010056	0.009690	0.011875	0.009208	0
TNC_USD	2018-10-14	0.009683	0.009298	0.009814	0.009252	0
TNC_USD	2018-10-13	0.009299	0.009432	0.009637	0.009223	0
TNC_USD	2018-10-12	0.009440	0.009067	0.009763	0.009037	0
TNC_USD	2018-10-11	0.009053	0.010431	0.010431	0.008988	0
TNC_USD	2018-10-10	0.010431	0.010944	0.010949	0.010328	0
TNC_USD	2018-10-09	0.010944	0.011567	0.011601	0.010940	0
TNC_USD	2018-10-08	0.011565	0.012015	0.012055	0.011271	0
TNC_USD	2018-10-07	0.012015	0.011724	0.012083	0.011514	0
TNC_USD	2018-10-06	0.011724	0.012554	0.013075	0.011603	0
TNC_USD	2018-10-05	0.012548	0.011559	0.013039	0.011282	0
TNC_USD	2018-10-04	0.011559	0.011152	0.012178	0.010887	0
TNC_USD	2018-10-03	0.011146	0.011601	0.011641	0.010872	0
TNC_USD	2018-10-02	0.011739	0.011254	0.011805	0.011012	0
TNC_USD	2018-10-01	0.011252	0.011359	0.011642	0.011036	0
TNC_USD	2018-09-30	0.011359	0.011270	0.011697	0.011045	0
TNC_USD	2018-09-29	0.011271	0.010707	0.011527	0.010416	0
TNC_USD	2018-09-28	0.010707	0.010565	0.010836	0.010285	0
TNC_USD	2018-09-27	0.010557	0.009850	0.010713	0.009691	0
TNC_USD	2018-09-26	0.009868	0.009886	0.010369	0.009487	0
TNC_USD	2018-09-25	0.009830	0.009735	0.009863	0.008988	0
TNC_USD	2018-09-24	0.009735	0.010100	0.010149	0.009493	0
TNC_USD	2018-09-23	0.010098	0.009962	0.010296	0.009828	0
TNC_USD	2018-09-22	0.009958	0.010243	0.010536	0.009644	0
TNC_USD	2018-09-21	0.010255	0.010346	0.010659	0.009863	0
TNC_USD	2018-09-20	0.010346	0.010068	0.011171	0.009555	0
TNC_USD	2018-09-19	0.010059	0.009789	0.010182	0.009444	0
TNC_USD	2018-09-18	0.009790	0.009821	0.010002	0.009281	0
TNC_USD	2018-09-17	0.009821	0.011259	0.011493	0.009218	0
TNC_USD	2018-09-16	0.011259	0.010631	0.011295	0.009869	0
TNC_USD	2018-09-15	0.010674	0.009680	0.011612	0.009615	0
TNC_USD	2018-09-14	0.009780	0.009855	0.010445	0.009176	0
TNC_USD	2018-09-13	0.009855	0.010254	0.010449	0.009238	0
TNC_USD	2018-09-12	0.010254	0.008391	0.010338	0.007732	0
TNC_USD	2018-09-11	0.008347	0.008609	0.009112	0.007914	0
TNC_USD	2018-09-10	0.008609	0.008532	0.009540	0.008280	0
TNC_USD	2018-09-09	0.008514	0.008438	0.009186	0.008027	0
TNC_USD	2018-09-08	0.008437	0.009118	0.009645	0.008034	0
TNC_USD	2018-09-07	0.009118	0.009515	0.010096	0.008761	0
TNC_USD	2018-09-06	0.009516	0.009498	0.010006	0.008864	0
TNC_USD	2018-09-05	0.009494	0.011083	0.011382	0.009436	0
TNC_USD	2018-09-04	0.011083	0.011022	0.011581	0.010993	0
TNC_USD	2018-09-03	0.011033	0.011325	0.011386	0.010884	0
TNC_USD	2018-09-02	0.011325	0.011230	0.011663	0.011074	0
TNC_USD	2018-09-01	0.011230	0.011347	0.011938	0.010990	0
TNC_USD	2018-08-31	0.011347	0.011421	0.011734	0.011146	0
TNC_USD	2018-08-30	0.011427	0.011967	0.012051	0.010921	0
TNC_USD	2018-08-29	0.011982	0.012354	0.012426	0.011785	0
TNC_USD	2018-08-28	0.012320	0.012569	0.012759	0.011973	0
TNC_USD	2018-08-27	0.012528	0.011404	0.012580	0.011320	0
TNC_USD	2018-08-26	0.011404	0.012051	0.012463	0.011310	0
TNC_USD	2018-08-25	0.012051	0.011837	0.012899	0.011592	0
TNC_USD	2018-08-24	0.011769	0.011036	0.011923	0.010917	0
TNC_USD	2018-08-23	0.011034	0.011017	0.011315	0.010737	0
TNC_USD	2018-08-22	0.010999	0.011463	0.012511	0.010643	0
TNC_USD	2018-08-21	0.011461	0.011834	0.012390	0.011201	0
TNC_USD	2018-08-20	0.011828	0.011955	0.012536	0.011322	0
TNC_USD	2018-08-19	0.011954	0.010858	0.012286	0.010655	0
TNC_USD	2018-08-18	0.010847	0.012110	0.012404	0.008926	0
TNC_USD	2018-08-17	0.012124	0.010734	0.012212	0.010645	0
TNC_USD	2018-08-16	0.010754	0.011201	0.011548	0.010581	0
TNC_USD	2018-08-15	0.011191	0.009900	0.012099	0.009898	0
TNC_USD	2018-08-14	0.009888	0.011473	0.011473	0.008791	0
TNC_USD	2018-08-13	0.011268	0.013266	0.014470	0.011210	0
TNC_USD	2018-08-12	0.013266	0.013559	0.014192	0.011738	0
TNC_USD	2018-08-11	0.013590	0.013734	0.014458	0.012205	0
TNC_USD	2018-08-10	0.013738	0.016445	0.016915	0.013733	0
TNC_USD	2018-08-09	0.016450	0.016704	0.017601	0.015105	0
TNC_USD	2018-08-08	0.016697	0.020542	0.020748	0.015818	0
TNC_USD	2018-08-07	0.020738	0.021904	0.024600	0.020340	0
TNC_USD	2018-08-06	0.021901	0.019335	0.025743	0.019146	0
TNC_USD	2018-08-05	0.019332	0.018537	0.020041	0.018110	0
TNC_USD	2018-08-04	0.018521	0.020889	0.024618	0.018357	0
TNC_USD	2018-08-03	0.020826	0.016623	0.023474	0.015222	0
TNC_USD	2018-08-02	0.016623	0.018599	0.018793	0.016320	0
TNC_USD	2018-08-01	0.018587	0.019852	0.020003	0.018060	0
TNC_USD	2018-07-31	0.019845	0.021843	0.021873	0.019348	0
TNC_USD	2018-07-30	0.021843	0.022416	0.022900	0.021237	0
TNC_USD	2018-07-29	0.022475	0.023160	0.024669	0.022301	0
TNC_USD	2018-07-28	0.023144	0.022310	0.023665	0.022158	0
TNC_USD	2018-07-27	0.022404	0.021772	0.022447	0.021265	0
TNC_USD	2018-07-26	0.021772	0.021404	0.023151	0.021372	0
TNC_USD	2018-07-25	0.021388	0.023375	0.024690	0.021184	0
TNC_USD	2018-07-24	0.023454	0.024586	0.024980	0.022894	0
TNC_USD	2018-07-23	0.024576	0.025503	0.026528	0.023813	0
TNC_USD	2018-07-22	0.025536	0.025991	0.026314	0.025324	0
TNC_USD	2018-07-21	0.025991	0.026245	0.027129	0.025432	0
TNC_USD	2018-07-20	0.026245	0.027417	0.028244	0.025527	0
TNC_USD	2018-07-19	0.027656	0.028249	0.028978	0.026963	0
TNC_USD	2018-07-18	0.028253	0.030076	0.031324	0.027427	0
TNC_USD	2018-07-17	0.030076	0.027418	0.031375	0.027299	0
TNC_USD	2018-07-16	0.027455	0.026177	0.027585	0.025699	0
TNC_USD	2018-07-15	0.026177	0.025802	0.026704	0.025131	0
TNC_USD	2018-07-14	0.025802	0.025679	0.026960	0.025444	0
TNC_USD	2018-07-13	0.025671	0.026211	0.026748	0.025296	0
TNC_USD	2018-07-12	0.026162	0.027518	0.028059	0.024516	0
TNC_USD	2018-07-11	0.027483	0.027744	0.028602	0.025205	0
TNC_USD	2018-07-10	0.027710	0.030789	0.030970	0.027344	0
TNC_USD	2018-07-09	0.030701	0.032401	0.032744	0.029585	0
TNC_USD	2018-07-08	0.032401	0.033245	0.034627	0.031957	0
TNC_USD	2018-07-07	0.033503	0.037178	0.037185	0.031503	0
TNC_USD	2018-07-06	0.037152	0.038344	0.038896	0.034888	0
TNC_USD	2018-07-05	0.038422	0.040488	0.043440	0.037678	0
TNC_USD	2018-07-04	0.040852	0.039366	0.043007	0.037464	0
TNC_USD	2018-07-03	0.039293	0.040118	0.043361	0.038217	0
TNC_USD	2018-07-02	0.040106	0.035375	0.041122	0.000000	0
TNC_USD	2018-07-01	0.035375	0.033818	0.036571	0.033268	0
TNC_USD	2018-06-30	0.033827	0.032166	0.035896	0.031962	0
TNC_USD	2018-06-29	0.032171	0.032313	0.033744	0.030241	0
TNC_USD	2018-06-28	0.032869	0.035960	0.037912	0.032370	0
TNC_USD	2018-06-27	0.036112	0.034526	0.039670	0.034457	0
TNC_USD	2018-06-26	0.034740	0.036824	0.038083	0.034586	0
TNC_USD	2018-06-25	0.036895	0.034824	0.037817	0.034735	0
TNC_USD	2018-06-24	0.034999	0.037208	0.037586	0.032548	0
TNC_USD	2018-06-23	0.037210	0.035598	0.039717	0.035579	0
TNC_USD	2018-06-22	0.035549	0.043418	0.043776	0.034946	0
TNC_USD	2018-06-21	0.043427	0.045472	0.045837	0.043227	0
TNC_USD	2018-06-20	0.045257	0.047101	0.047649	0.044570	0
TNC_USD	2018-06-19	0.047157	0.048185	0.049229	0.046358	0
TNC_USD	2018-06-18	0.048182	0.048215	0.049421	0.045405	0
TNC_USD	2018-06-17	0.048364	0.046109	0.049351	0.045950	0
TNC_USD	2018-06-16	0.046114	0.046067	0.048156	0.044204	0
TNC_USD	2018-06-15	0.046047	0.048104	0.050222	0.045167	0
TNC_USD	2018-06-14	0.047938	0.045554	0.049581	0.044271	0
TNC_USD	2018-06-13	0.045585	0.051466	0.053442	0.044093	0
TNC_USD	2018-06-12	0.051442	0.056743	0.057734	0.050145	0
TNC_USD	2018-06-11	0.056822	0.058132	0.061263	0.054565	0
TNC_USD	2018-06-10	0.058110	0.072308	0.072308	0.054955	0
TNC_USD	2018-06-09	0.072313	0.071968	0.083325	0.070705	0
TNC_USD	2018-06-08	0.071964	0.077899	0.080898	0.070538	0
TNC_USD	2018-06-07	0.078029	0.079943	0.082395	0.077675	0
TNC_USD	2018-06-06	0.079770	0.082164	0.084594	0.078711	0
TNC_USD	2018-06-05	0.081778	0.086886	0.087196	0.080258	0
TNC_USD	2018-06-04	0.086604	0.096189	0.098917	0.081218	0
TNC_USD	2018-06-03	0.096192	0.093088	0.103403	0.092301	0
TNC_USD	2018-06-02	0.093019	0.087997	0.095604	0.087696	0
TNC_USD	2018-06-01	0.087925	0.093707	0.098229	0.083726	0
TNC_USD	2018-05-31	0.093908	0.090248	0.096363	0.089898	0
TNC_USD	2018-05-30	0.090299	0.092330	0.096380	0.088779	0
TNC_USD	2018-05-29	0.091886	0.085178	0.096013	0.084863	0
TNC_USD	2018-05-28	0.085182	0.097614	0.098089	0.084262	0
TNC_USD	2018-05-27	0.097258	0.098078	0.101043	0.092529	0
TNC_USD	2018-05-26	0.098078	0.096244	0.101930	0.093919	0
TNC_USD	2018-05-25	0.096338	0.107850	0.108786	0.094318	0
TNC_USD	2018-05-24	0.107859	0.112279	0.116197	0.099511	0
TNC_USD	2018-05-23	0.112108	0.127635	0.130013	0.110067	0
TNC_USD	2018-05-22	0.127627	0.132870	0.149524	0.127627	0
TNC_USD	2018-05-21	0.133131	0.150944	0.153641	0.132282	0
TNC_USD	2018-05-20	0.151019	0.143704	0.155719	0.141005	0
TNC_USD	2018-05-19	0.142182	0.131889	0.163268	0.131889	0
TNC_USD	2018-05-18	0.131790	0.119518	0.131954	0.117640	0
TNC_USD	2018-05-17	0.119732	0.125916	0.133761	0.118749	0
TNC_USD	2018-05-16	0.125766	0.121638	0.129208	0.110948	0
TNC_USD	2018-05-15	0.121643	0.125872	0.128312	0.119172	0
TNC_USD	2018-05-14	0.125868	0.121264	0.128408	0.110610	0
TNC_USD	2018-05-13	0.121288	0.116930	0.126553	0.110789	0
TNC_USD	2018-05-12	0.116773	0.122974	0.138346	0.112439	0
TNC_USD	2018-05-11	0.122561	0.144880	0.145567	0.119558	0
TNC_USD	2018-05-10	0.147332	0.145039	0.159356	0.140300	0
TNC_USD	2018-05-09	0.145046	0.140354	0.150114	0.134645	0
TNC_USD	2018-05-08	0.140414	0.144732	0.156093	0.000195	0
TNC_USD	2018-05-07	0.145072	0.142610	0.154890	0.132465	0
TNC_USD	2018-05-06	0.142681	0.168359	0.171609	0.135376	0
TNC_USD	2018-05-05	0.168293	0.161878	0.171646	0.149032	0
TNC_USD	2018-05-04	0.161705	0.156393	0.167684	0.153326	0
TNC_USD	2018-05-03	0.156397	0.122611	0.167411	0.121793	0
TNC_USD	2018-05-02	0.122152	0.126415	0.132324	0.120114	0
TNC_USD	2018-05-01	0.125846	0.123277	0.131050	0.116573	0
TNC_USD	2018-04-30	0.122869	0.131873	0.132369	0.121876	0
TNC_USD	2018-04-29	0.131535	0.127216	0.135428	0.123495	0
TNC_USD	2018-04-28	0.127184	0.122129	0.135580	0.121581	0
TNC_USD	2018-04-27	0.122223	0.118990	0.130746	0.116119	0
TNC_USD	2018-04-26	0.119022	0.117273	0.119909	0.112004	0
TNC_USD	2018-04-25	0.117483	0.140439	0.140439	0.114818	0
TNC_USD	2018-04-24	0.140325	0.130543	0.141749	0.130459	0
TNC_USD	2018-04-23	0.130579	0.127464	0.143661	0.124927	0
TNC_USD	2018-04-22	0.127647	0.124885	0.133698	0.117364	0
TNC_USD	2018-04-21	0.124879	0.133463	0.137537	0.120549	0
TNC_USD	2018-04-20	0.133317	0.137905	0.141625	0.116509	0
TNC_USD	2018-04-19	0.137770	0.118926	0.139673	0.116167	0
TNC_USD	2018-04-18	0.118767	0.120976	0.128151	0.117981	0
TNC_USD	2018-04-17	0.121116	0.125460	0.129846	0.120730	0
TNC_USD	2018-04-16	0.125533	0.133300	0.134501	0.122033	0
TNC_USD	2018-04-15	0.133316	0.117286	0.134561	0.115849	0
TNC_USD	2018-04-14	0.117214	0.120151	0.124691	0.111926	0
TNC_USD	2018-04-13	0.120057	0.118702	0.127760	0.116274	0
TNC_USD	2018-04-12	0.118835	0.102744	0.121517	0.098361	0
TNC_USD	2018-04-11	0.102765	0.096884	0.103541	0.092884	0
TNC_USD	2018-04-10	0.096921	0.092319	0.101764	0.084358	0
TNC_USD	2018-04-09	0.092317	0.083606	0.100999	0.082936	0
TNC_USD	2018-04-08	0.083731	0.082700	0.086973	0.078622	0
TNC_USD	2018-04-07	0.083040	0.080327	0.099474	0.078064	0
TNC_USD	2018-04-06	0.080292	0.083910	0.084214	0.076973	0
TNC_USD	2018-04-05	0.083769	0.083212	0.084361	0.078621	0
TNC_USD	2018-04-04	0.083307	0.095729	0.099233	0.081745	0
TNC_USD	2018-04-03	0.099401	0.088364	0.099401	0.086595	0
TNC_USD	2018-04-02	0.088371	0.084287	0.096211	0.078011	0
TNC_USD	2018-04-01	0.083126	0.091136	0.096824	0.078513	0
TNC_USD	2018-03-31	0.091078	0.093873	0.099956	0.088895	0
TNC_USD	2018-03-30	0.093840	0.091422	0.101931	0.084941	0
TNC_USD	2018-03-29	0.091410	0.110446	0.112039	0.090361	0
TNC_USD	2018-03-28	0.110398	0.115004	0.117949	0.096431	0
TNC_USD	2018-03-27	0.115014	0.113240	0.119402	0.098038	0
TNC_USD	2018-03-26	0.113295	0.134132	0.140648	0.103812	0
TNC_USD	2018-03-25	0.133922	0.114947	0.140693	0.109537	0
TNC_USD	2018-03-24	0.115108	0.106051	0.123068	0.104325	0
TNC_USD	2018-03-23	0.105602	0.110225	0.110225	0.101398	0
TNC_USD	2018-03-22	0.110185	0.116066	0.117584	0.101032	0
TNC_USD	2018-03-21	0.116121	0.112702	0.120596	0.109801	0
TNC_USD	2018-03-20	0.112631	0.099506	0.115065	0.095433	0
TNC_USD	2018-03-19	0.099292	0.091032	0.099292	0.088644	0
TNC_USD	2018-03-18	0.090567	0.092736	0.094217	0.074712	0
TNC_USD	2018-03-17	0.093046	0.102610	0.104992	0.087372	0
TNC_USD	2018-03-16	0.102648	0.098292	0.107052	0.096616	0
TNC_USD	2018-03-15	0.098287	0.100554	0.108182	0.090486	0
TNC_USD	2018-03-14	0.100463	0.111382	0.115026	0.098093	0
TNC_USD	2018-03-13	0.111055	0.104919	0.112830	0.104230	0
TNC_USD	2018-03-12	0.104874	0.114122	0.117354	0.102867	0
TNC_USD	2018-03-11	0.114053	0.104593	0.117627	0.101599	0
TNC_USD	2018-03-10	0.104769	0.116776	0.118116	0.104381	0
TNC_USD	2018-03-09	0.116858	0.113502	0.118185	0.101647	0
TNC_USD	2018-03-08	0.113481	0.126983	0.130178	0.112111	0
TNC_USD	2018-03-07	0.126943	0.139434	0.142718	0.114894	0
TNC_USD	2018-03-06	0.139769	0.140594	0.163112	0.134952	0
TNC_USD	2018-03-05	0.141664	0.162383	0.162859	0.140300	0
TNC_USD	2018-03-04	0.162348	0.159867	0.173357	0.145163	0
TNC_USD	2018-03-03	0.159934	0.166281	0.178377	0.147501	0
TNC_USD	2018-03-02	0.166136	0.176680	0.190357	0.159334	0
TNC_USD	2018-03-01	0.176767	0.146130	0.182374	0.140499	0
TNC_USD	2018-02-28	0.147326	0.147022	0.161676	0.142174	0
TNC_USD	2018-02-27	0.147209	0.146341	0.158756	0.143147	0
TNC_USD	2018-02-26	0.146188	0.148773	0.159055	0.134010	0
