TOTO_USD	2019-04-09	0.001597	0.001623	0.001623	0.001578	0
TOTO_USD	2019-04-08	0.001623	0.001600	0.001635	0.001571	0
TOTO_USD	2019-04-07	0.001600	0.001549	0.001617	0.001548	0
TOTO_USD	2019-04-06	0.001549	0.001551	0.001609	0.001515	0
TOTO_USD	2019-04-05	0.001551	0.001505	0.001561	0.001505	0
TOTO_USD	2019-04-04	0.001505	0.001519	0.001555	0.001474	0
TOTO_USD	2019-04-03	0.001519	0.001504	0.001624	0.001479	0
TOTO_USD	2019-04-02	0.001504	0.001281	0.001548	0.001278	0
TOTO_USD	2019-04-01	0.001281	0.001271	0.001287	0.001259	0
TOTO_USD	2019-03-31	0.001271	0.001270	0.001275	0.001267	0
TOTO_USD	2019-03-30	0.001270	0.001275	0.001284	0.001258	0
TOTO_USD	2019-03-29	0.001275	0.001248	0.001277	0.001246	0
TOTO_USD	2019-03-28	0.001248	0.001251	0.001252	0.001241	0
TOTO_USD	2019-03-27	0.001251	0.001217	0.001253	0.001214	0
TOTO_USD	2019-03-26	0.001217	0.001211	0.001218	0.001205	0
TOTO_USD	2019-03-25	0.001211	0.001233	0.001235	0.001202	0
TOTO_USD	2019-03-24	0.001233	0.001239	0.001239	0.001224	0
TOTO_USD	2019-03-23	0.001239	0.001235	0.001243	0.001231	0
TOTO_USD	2019-03-22	0.001235	0.001234	0.001241	0.001231	0
TOTO_USD	2019-03-21	0.001234	0.001259	0.001265	0.001222	0
TOTO_USD	2019-03-20	0.001259	0.001253	0.001262	0.001242	0
TOTO_USD	2019-03-19	0.001253	0.001242	0.001256	0.001237	0
TOTO_USD	2019-03-18	0.001242	0.001241	0.001256	0.001232	0
TOTO_USD	2019-03-17	0.001241	0.001247	0.001247	0.001233	0
TOTO_USD	2019-03-16	0.001247	0.001221	0.001267	0.001221	0
TOTO_USD	2019-03-15	0.001221	0.001205	0.001223	0.001204	0
TOTO_USD	2019-03-14	0.001205	0.001204	0.001220	0.001186	0
TOTO_USD	2019-03-13	0.001204	0.001206	0.001211	0.001197	0
TOTO_USD	2019-03-12	0.001206	0.001205	0.001214	0.001188	0
TOTO_USD	2019-03-11	0.001205	0.001220	0.001223	0.001196	0
TOTO_USD	2019-03-10	0.001220	0.001225	0.001225	0.001209	0
TOTO_USD	2019-03-09	0.001225	0.001202	0.001234	0.001200	0
TOTO_USD	2019-03-08	0.001202	0.001209	0.001226	0.001182	0
TOTO_USD	2019-03-07	0.001209	0.001205	0.001218	0.001200	0
TOTO_USD	2019-03-06	0.001205	0.001205	0.001213	0.001193	0
TOTO_USD	2019-03-05	0.001205	0.001159	0.001210	0.001155	0
TOTO_USD	2019-03-04	0.001159	0.001185	0.001191	0.001149	0
TOTO_USD	2019-03-03	0.001185	0.001193	0.001197	0.001177	0
TOTO_USD	2019-03-02	0.001193	0.001195	0.001197	0.001176	0
TOTO_USD	2019-03-01	0.001195	0.001188	0.001204	0.001187	0
TOTO_USD	2019-02-28	0.001188	0.001190	0.001216	0.001185	0
TOTO_USD	2019-02-27	0.001190	0.001189	0.001200	0.001151	0
TOTO_USD	2019-02-26	0.001189	0.001197	0.001200	0.001182	0
TOTO_USD	2019-02-25	0.001197	0.001169	0.001209	0.001168	0
TOTO_USD	2019-02-24	0.001169	0.001285	0.001306	0.001163	0
TOTO_USD	2019-02-23	0.001285	0.001240	0.001298	0.001225	0
TOTO_USD	2019-02-22	0.001240	0.001223	0.001243	0.001217	0
TOTO_USD	2019-02-21	0.001223	0.001238	0.001257	0.001213	0
TOTO_USD	2019-02-20	0.001238	0.001217	0.001240	0.001210	0
TOTO_USD	2019-02-19	0.001217	0.001214	0.001245	0.001203	0
TOTO_USD	2019-02-18	0.001214	0.001139	0.001223	0.001136	0
TOTO_USD	2019-02-17	0.001139	0.001121	0.001154	0.001119	0
TOTO_USD	2019-02-16	0.001121	0.001118	0.001136	0.001118	0
TOTO_USD	2019-02-15	0.001118	0.001116	0.001133	0.001112	0
TOTO_USD	2019-02-14	0.001116	0.001119	0.001123	0.001111	0
TOTO_USD	2019-02-13	0.001119	0.001127	0.001139	0.001113	0
TOTO_USD	2019-02-12	0.001127	0.001123	0.001136	0.001112	0
TOTO_USD	2019-02-11	0.001123	0.001143	0.001144	0.001121	0
TOTO_USD	2019-02-10	0.001143	0.001134	0.001143	0.001119	0
TOTO_USD	2019-02-09	0.001134	0.001136	0.001140	0.001127	0
TOTO_USD	2019-02-08	0.001136	0.001048	0.001157	0.001045	0
TOTO_USD	2019-02-07	0.001048	0.001053	0.001056	0.001046	0
TOTO_USD	2019-02-06	0.001053	0.001071	0.001074	0.001044	0
TOTO_USD	2019-02-05	0.001071	0.001065	0.001072	0.001060	0
TOTO_USD	2019-02-04	0.001065	0.001068	0.001073	0.001060	0
TOTO_USD	2019-02-03	0.001068	0.001086	0.001088	0.001059	0
TOTO_USD	2019-02-02	0.001086	0.001079	0.001089	0.001068	0
TOTO_USD	2019-02-01	0.001079	0.001068	0.001084	0.001057	0
TOTO_USD	2019-01-31	0.001068	0.001076	0.001088	0.001062	0
TOTO_USD	2019-01-30	0.001077	0.001061	0.001082	0.001053	0
TOTO_USD	2019-01-29	0.001061	0.001068	0.001071	0.001044	0
TOTO_USD	2019-01-28	0.001068	0.001097	0.001097	0.001054	0
TOTO_USD	2019-01-27	0.001097	0.001108	0.001111	0.001081	0
TOTO_USD	2019-01-26	0.001108	0.001107	0.001138	0.001106	0
TOTO_USD	2019-01-25	0.001107	0.001114	0.001117	0.001097	0
TOTO_USD	2019-01-24	0.001114	0.001104	0.001119	0.001095	0
TOTO_USD	2019-01-23	0.001104	0.001110	0.001120	0.001096	0
TOTO_USD	2019-01-22	0.001110	0.001092	0.001121	0.001068	0
TOTO_USD	2019-01-21	0.001092	0.001094	0.001100	0.001084	0
TOTO_USD	2019-01-20	0.001094	0.001148	0.001158	0.001082	0
TOTO_USD	2019-01-19	0.001148	0.001121	0.001173	0.001121	0
TOTO_USD	2019-01-18	0.001121	0.001135	0.001136	0.001114	0
TOTO_USD	2019-01-17	0.001135	0.001120	0.001135	0.001104	0
TOTO_USD	2019-01-16	0.001120	0.001115	0.001139	0.001111	0
TOTO_USD	2019-01-15	0.001115	0.001143	0.001151	0.001108	0
TOTO_USD	2019-01-14	0.001143	0.001078	0.001158	0.001074	0
TOTO_USD	2019-01-13	0.001078	0.001111	0.001116	0.001072	0
TOTO_USD	2019-01-12	0.001111	0.001059	0.001153	0.001056	0
TOTO_USD	2019-01-11	0.001059	0.001151	0.001194	0.001020	0
TOTO_USD	2019-01-10	0.001151	0.001245	0.001277	0.001125	0
TOTO_USD	2019-01-09	0.001245	0.001230	0.001269	0.001211	0
TOTO_USD	2019-01-08	0.001230	0.001255	0.001265	0.001224	0
TOTO_USD	2019-01-07	0.001255	0.001272	0.001280	0.001227	0
TOTO_USD	2019-01-06	0.001272	0.001174	0.002386	0.001168	0
TOTO_USD	2019-01-05	0.001174	0.001187	0.001213	0.001166	0
TOTO_USD	2019-01-04	0.001187	0.001157	0.001196	0.001139	0
TOTO_USD	2019-01-03	0.001157	0.001195	0.001204	0.001151	0
TOTO_USD	2019-01-02	0.001195	0.001168	0.001201	0.001156	0
TOTO_USD	2019-01-01	0.001168	0.001130	0.001174	0.001118	0
TOTO_USD	2018-12-31	0.001130	0.001172	0.001175	0.001116	0
TOTO_USD	2018-12-30	0.001172	0.001204	0.001241	0.001168	0
TOTO_USD	2018-12-29	0.001204	0.001272	0.001285	0.001199	0
TOTO_USD	2018-12-28	0.001272	0.001133	0.001273	0.001133	0
TOTO_USD	2018-12-27	0.001133	0.001218	0.001229	0.001132	0
TOTO_USD	2018-12-26	0.001218	0.001191	0.001243	0.001163	0
TOTO_USD	2018-12-25	0.001191	0.001285	0.001287	0.001182	0
TOTO_USD	2018-12-24	0.001285	0.001262	0.001375	0.001249	0
TOTO_USD	2018-12-23	0.001262	0.001258	0.001326	0.001238	0
TOTO_USD	2018-12-22	0.001258	0.001211	0.001278	0.001205	0
TOTO_USD	2018-12-21	0.001211	0.001307	0.001363	0.001211	0
TOTO_USD	2018-12-20	0.001307	0.001181	0.001323	0.001170	0
TOTO_USD	2018-12-19	0.001181	0.001191	0.001232	0.001154	0
TOTO_USD	2018-12-18	0.001191	0.001142	0.001196	0.001097	0
TOTO_USD	2018-12-17	0.001142	0.001023	0.001167	0.001002	0
TOTO_USD	2018-12-16	0.001023	0.001019	0.001056	0.001000	0
TOTO_USD	2018-12-15	0.001019	0.001050	0.001062	0.000987	0
TOTO_USD	2018-12-14	0.001050	0.001073	0.001084	0.001023	0
TOTO_USD	2018-12-13	0.001072	0.001132	0.001134	0.001065	0
TOTO_USD	2018-12-12	0.001132	0.001112	0.001154	0.001077	0
TOTO_USD	2018-12-11	0.001122	0.001181	0.001189	0.001070	0
TOTO_USD	2018-12-10	0.001181	0.001221	0.001239	0.001164	0
TOTO_USD	2018-12-09	0.001221	0.001034	0.001303	0.001023	0
TOTO_USD	2018-12-08	0.001034	0.001020	0.001096	0.000978	0
TOTO_USD	2018-12-07	0.001020	0.001044	0.001062	0.000961	0
TOTO_USD	2018-12-06	0.001044	0.001111	0.001171	0.001037	0
TOTO_USD	2018-12-05	0.001111	0.001175	0.001204	0.001111	0
TOTO_USD	2018-12-04	0.001175	0.001210	0.001302	0.001159	0
TOTO_USD	2018-12-03	0.001210	0.001289	0.001316	0.001152	0
TOTO_USD	2018-12-02	0.001289	0.001315	0.001371	0.001273	0
TOTO_USD	2018-12-01	0.001315	0.001272	0.001325	0.001226	0
TOTO_USD	2018-11-30	0.001272	0.001337	0.001366	0.001230	0
TOTO_USD	2018-11-29	0.001337	0.001356	0.001408	0.001276	0
TOTO_USD	2018-11-28	0.001356	0.001165	0.001374	0.001165	0
TOTO_USD	2018-11-27	0.001165	0.001215	0.001227	0.001108	0
TOTO_USD	2018-11-26	0.001215	0.001293	0.001322	0.001171	0
TOTO_USD	2018-11-25	0.001293	0.001238	0.001323	0.001154	0
TOTO_USD	2018-11-24	0.001238	0.001393	0.001422	0.001208	0
TOTO_USD	2018-11-23	0.001393	0.001384	0.001412	0.001339	0
TOTO_USD	2018-11-22	0.001384	0.001612	0.001614	0.001384	0
TOTO_USD	2018-11-21	0.001612	0.001629	0.001694	0.001552	0
TOTO_USD	2018-11-20	0.001629	0.001778	0.001817	0.001323	0
TOTO_USD	2018-11-19	0.001778	0.002122	0.002122	0.001710	0
TOTO_USD	2018-11-18	0.002122	0.002110	0.002154	0.002089	0
TOTO_USD	2018-11-17	0.002110	0.002151	0.002151	0.002090	0
TOTO_USD	2018-11-16	0.002151	0.002272	0.002274	0.002087	0
TOTO_USD	2018-11-15	0.002272	0.002324	0.002342	0.002149	0
TOTO_USD	2018-11-14	0.002324	0.002489	0.002528	0.002253	0
TOTO_USD	2018-11-13	0.002489	0.002353	0.002680	0.002235	0
TOTO_USD	2018-11-12	0.002353	0.002390	0.002398	0.002343	0
TOTO_USD	2018-11-11	0.002390	0.002347	0.002390	0.002323	0
TOTO_USD	2018-11-10	0.002347	0.002215	0.002383	0.002153	0
TOTO_USD	2018-11-09	0.002215	0.002333	0.002370	0.002206	0
TOTO_USD	2018-11-08	0.002333	0.002498	0.002502	0.002289	0
TOTO_USD	2018-11-07	0.002498	0.002476	0.002542	0.002475	0
TOTO_USD	2018-11-06	0.002476	0.002588	0.002590	0.002402	0
TOTO_USD	2018-11-05	0.002588	0.002951	0.002955	0.002428	0
TOTO_USD	2018-11-04	0.002951	0.002938	0.003042	0.002908	0
TOTO_USD	2018-11-03	0.002938	0.002989	0.003091	0.002769	0
TOTO_USD	2018-11-02	0.002989	0.002688	0.002990	0.002684	0
TOTO_USD	2018-11-01	0.002688	0.002484	0.002698	0.002447	0
TOTO_USD	2018-10-31	0.002484	0.002500	0.002534	0.002438	0
TOTO_USD	2018-10-30	0.002500	0.002569	0.002615	0.002432	0
TOTO_USD	2018-10-29	0.002569	0.002434	0.002695	0.002434	0
TOTO_USD	2018-10-28	0.002434	0.002828	0.002930	0.002425	0
TOTO_USD	2018-10-27	0.002828	0.002776	0.002995	0.002746	0
TOTO_USD	2018-10-26	0.002776	0.003003	0.003073	0.002772	0
TOTO_USD	2018-10-25	0.003003	0.003048	0.003572	0.002719	0
TOTO_USD	2018-10-24	0.003048	0.002784	0.003049	0.002599	0
TOTO_USD	2018-10-23	0.002784	0.002364	0.005864	0.002301	0
TOTO_USD	2018-10-22	0.002364	0.002438	0.002439	0.002268	0
TOTO_USD	2018-10-21	0.002438	0.002667	0.002668	0.002438	0
TOTO_USD	2018-10-20	0.002667	0.002382	0.002668	0.002320	0
TOTO_USD	2018-10-19	0.002382	0.002480	0.002882	0.002347	0
TOTO_USD	2018-10-18	0.002480	0.002795	0.003013	0.002398	0
TOTO_USD	2018-10-17	0.002795	0.002636	0.002799	0.002531	0
TOTO_USD	2018-10-16	0.002636	0.003202	0.003270	0.002572	0
TOTO_USD	2018-10-15	0.003202	0.003547	0.004323	0.002947	0
TOTO_USD	2018-10-14	0.003547	0.004207	0.004228	0.002876	0
TOTO_USD	2018-10-13	0.004207	0.003023	0.004713	0.003019	0
TOTO_USD	2018-10-12	0.003023	0.004129	0.004468	0.003023	0
TOTO_USD	2018-10-11	0.004129	0.004310	0.004793	0.003953	0
TOTO_USD	2018-10-10	0.004310	0.003731	0.004906	0.003661	0
TOTO_USD	2018-10-09	0.003731	0.003670	0.003731	0.003403	0
TOTO_USD	2018-10-08	0.003670	0.003631	0.003721	0.003622	0
TOTO_USD	2018-10-07	0.003631	0.003494	0.003795	0.003424	0
TOTO_USD	2018-10-06	0.003494	0.003721	0.003723	0.003494	0
TOTO_USD	2018-10-05	0.003721	0.003422	0.003732	0.003422	0
TOTO_USD	2018-10-04	0.003422	0.002861	0.003433	0.002860	0
TOTO_USD	2018-10-03	0.002861	0.002910	0.002913	0.002836	0
TOTO_USD	2018-10-02	0.002910	0.002970	0.002985	0.002768	0
TOTO_USD	2018-10-01	0.002970	0.003078	0.003097	0.002917	0
TOTO_USD	2018-09-30	0.003078	0.003104	0.003130	0.002960	0
TOTO_USD	2018-09-29	0.003104	0.002455	0.003198	0.002313	0
TOTO_USD	2018-09-28	0.002455	0.002809	0.002824	0.002422	0
TOTO_USD	2018-09-27	0.002809	0.002682	0.002893	0.002673	0
TOTO_USD	2018-09-26	0.002682	0.002381	0.002715	0.002220	0
TOTO_USD	2018-09-25	0.002381	0.002667	0.002667	0.002350	0
TOTO_USD	2018-09-24	0.002667	0.002886	0.002886	0.002655	0
TOTO_USD	2018-09-23	0.002886	0.002992	0.002998	0.002879	0
TOTO_USD	2018-09-22	0.002992	0.002980	0.003077	0.002933	0
TOTO_USD	2018-09-21	0.002980	0.002763	0.002983	0.002758	0
TOTO_USD	2018-09-20	0.002763	0.002589	0.002773	0.002583	0
TOTO_USD	2018-09-19	0.002589	0.002664	0.002736	0.002476	0
TOTO_USD	2018-09-18	0.002664	0.002877	0.003169	0.002663	0
TOTO_USD	2018-09-17	0.002877	0.002599	0.003568	0.002427	0
TOTO_USD	2018-09-16	0.002599	0.002706	0.002888	0.002569	0
TOTO_USD	2018-09-15	0.002706	0.002984	0.002987	0.002575	0
TOTO_USD	2018-09-14	0.002984	0.002849	0.003117	0.002843	0
TOTO_USD	2018-09-13	0.002849	0.003168	0.003262	0.002827	0
TOTO_USD	2018-09-12	0.003168	0.003145	0.003175	0.003102	0
TOTO_USD	2018-09-11	0.003145	0.003154	0.003221	0.003090	0
TOTO_USD	2018-09-10	0.003154	0.003245	0.003458	0.003021	0
TOTO_USD	2018-09-09	0.003245	0.002629	0.003311	0.002623	0
TOTO_USD	2018-09-08	0.002629	0.003682	0.003723	0.002245	0
TOTO_USD	2018-09-07	0.003682	0.003811	0.003822	0.003659	0
TOTO_USD	2018-09-06	0.003811	0.004156	0.004188	0.003741	0
TOTO_USD	2018-09-05	0.004156	0.004747	0.004768	0.004154	0
TOTO_USD	2018-09-04	0.004747	0.004798	0.004891	0.004667	0
TOTO_USD	2018-09-03	0.004798	0.004921	0.005099	0.004659	0
TOTO_USD	2018-09-02	0.004921	0.005722	0.005791	0.004743	0
TOTO_USD	2018-09-01	0.005722	0.004778	0.005834	0.004304	0
TOTO_USD	2018-08-31	0.004778	0.004651	0.004860	0.004413	0
TOTO_USD	2018-08-30	0.004651	0.004721	0.004791	0.004433	0
TOTO_USD	2018-08-29	0.004721	0.004707	0.004811	0.004614	0
TOTO_USD	2018-08-28	0.004707	0.004763	0.005154	0.004565	0
TOTO_USD	2018-08-27	0.004763	0.004696	0.004769	0.004595	0
TOTO_USD	2018-08-26	0.004696	0.004549	0.004820	0.004281	0
TOTO_USD	2018-08-25	0.004549	0.004284	0.004572	0.004269	0
TOTO_USD	2018-08-24	0.004284	0.004112	0.004304	0.004072	0
TOTO_USD	2018-08-23	0.004112	0.003845	0.004136	0.003842	0
TOTO_USD	2018-08-22	0.003845	0.003790	0.004040	0.003767	0
TOTO_USD	2018-08-21	0.003790	0.003690	0.003890	0.003688	0
TOTO_USD	2018-08-20	0.003690	0.003891	0.003912	0.003676	0
TOTO_USD	2018-08-19	0.003891	0.003834	0.003964	0.003786	0
TOTO_USD	2018-08-18	0.003834	0.003953	0.003966	0.003783	0
TOTO_USD	2018-08-17	0.003953	0.003787	0.003964	0.003776	0
TOTO_USD	2018-08-16	0.003787	0.003825	0.004065	0.003633	0
TOTO_USD	2018-08-15	0.003825	0.003897	0.004235	0.003807	0
TOTO_USD	2018-08-14	0.003897	0.004845	0.004899	0.003774	0
TOTO_USD	2018-08-13	0.004845	0.005020	0.005196	0.004570	0
TOTO_USD	2018-08-12	0.005020	0.004792	0.005125	0.004717	0
TOTO_USD	2018-08-11	0.004792	0.005161	0.005196	0.004772	0
TOTO_USD	2018-08-10	0.005161	0.005288	0.005325	0.004995	0
TOTO_USD	2018-08-09	0.005288	0.004865	0.005338	0.004571	0
TOTO_USD	2018-08-08	0.004865	0.005777	0.005777	0.004753	0
TOTO_USD	2018-08-07	0.005777	0.006071	0.006149	0.005746	0
TOTO_USD	2018-08-06	0.006071	0.006997	0.007110	0.005995	0
TOTO_USD	2018-08-05	0.006997	0.009003	0.009017	0.006652	0
TOTO_USD	2018-08-04	0.009003	0.011273	0.011450	0.008108	0
TOTO_USD	2018-08-03	0.011273	0.012132	0.012132	0.011195	0
TOTO_USD	2018-08-02	0.012132	0.012442	0.012590	0.011986	0
TOTO_USD	2018-08-01	0.012442	0.012353	0.012776	0.012172	0
TOTO_USD	2018-07-31	0.012353	0.013523	0.013532	0.012234	0
TOTO_USD	2018-07-30	0.013523	0.013977	0.014749	0.013018	0
TOTO_USD	2018-07-29	0.013977	0.014554	0.014554	0.013817	0
TOTO_USD	2018-07-28	0.014554	0.014059	0.014554	0.013812	0
TOTO_USD	2018-07-27	0.014059	0.014306	0.014306	0.014059	0
TOTO_USD	2018-07-26	0.014306	0.014066	0.014367	0.014061	0
TOTO_USD	2018-07-25	0.014066	0.014386	0.014706	0.013590	0
TOTO_USD	2018-07-24	0.014386	0.013807	0.014579	0.013695	0
TOTO_USD	2018-07-23	0.013807	0.014174	0.014726	0.013576	0
TOTO_USD	2018-07-22	0.014174	0.013067	0.015285	0.012571	0
TOTO_USD	2018-07-21	0.013067	0.013785	0.013853	0.012775	0
TOTO_USD	2018-07-20	0.013785	0.013415	0.014171	0.012395	0
TOTO_USD	2018-07-19	0.013415	0.013591	0.013635	0.013312	0
TOTO_USD	2018-07-18	0.013591	0.014018	0.014446	0.013413	0
TOTO_USD	2018-07-17	0.014018	0.013035	0.014590	0.012715	0
TOTO_USD	2018-07-16	0.013035	0.011741	0.013107	0.011684	0
TOTO_USD	2018-07-15	0.011741	0.011906	0.012417	0.011732	0
TOTO_USD	2018-07-14	0.011906	0.012813	0.012912	0.011801	0
TOTO_USD	2018-07-13	0.012813	0.013086	0.013170	0.011799	0
TOTO_USD	2018-07-12	0.013086	0.013234	0.013234	0.012111	0
TOTO_USD	2018-07-11	0.013234	0.014838	0.015027	0.012686	0
TOTO_USD	2018-07-10	0.014838	0.015152	0.015382	0.014287	0
TOTO_USD	2018-07-09	0.015152	0.015328	0.017056	0.014902	0
TOTO_USD	2018-07-08	0.015328	0.015214	0.017572	0.014717	0
TOTO_USD	2018-07-07	0.015214	0.015282	0.016525	0.014766	0
TOTO_USD	2018-07-06	0.015282	0.017135	0.017409	0.015241	0
TOTO_USD	2018-07-05	0.017135	0.017661	0.018598	0.016173	0
TOTO_USD	2018-07-04	0.017661	0.023855	0.023912	0.017389	0
TOTO_USD	2018-07-03	0.023855	0.017735	0.025427	0.000214	0
TOTO_USD	2018-07-02	0.017735	0.012857	0.017735	0.000000	0
TOTO_USD	2018-07-01	0.012858	0.012591	0.013050	0.012427	0
TOTO_USD	2018-06-30	0.012975	0.011600	0.013057	0.011600	0
TOTO_USD	2018-06-29	0.011609	0.010353	0.011731	0.010266	0
TOTO_USD	2018-06-28	0.010370	0.011930	0.011990	0.010319	0
TOTO_USD	2018-06-27	0.011929	0.011920	0.013091	0.011748	0
TOTO_USD	2018-06-26	0.011958	0.014564	0.014586	0.011894	0
TOTO_USD	2018-06-25	0.014554	0.014228	0.014682	0.014141	0
TOTO_USD	2018-06-24	0.014233	0.014168	0.014443	0.013309	0
TOTO_USD	2018-06-23	0.014149	0.013777	0.014373	0.013656	0
TOTO_USD	2018-06-22	0.013777	0.012857	0.014876	0.011765	0
TOTO_USD	2018-06-21	0.012856	0.011391	0.012892	0.011222	0
TOTO_USD	2018-06-20	0.011391	0.012489	0.012756	0.011242	0
TOTO_USD	2018-06-19	0.012503	0.012785	0.012822	0.011787	0
TOTO_USD	2018-06-18	0.012781	0.011211	0.012828	0.010414	0
TOTO_USD	2018-06-17	0.011202	0.012520	0.013421	0.011082	0
TOTO_USD	2018-06-16	0.012518	0.014494	0.014931	0.010916	0
TOTO_USD	2018-06-15	0.014519	0.015974	0.015974	0.014443	0
TOTO_USD	2018-06-14	0.015943	0.015454	0.016108	0.015205	0
TOTO_USD	2018-06-13	0.015445	0.016229	0.016316	0.014799	0
TOTO_USD	2018-06-12	0.016225	0.015767	0.017567	0.015331	0
TOTO_USD	2018-06-11	0.015775	0.018043	0.018888	0.015273	0
TOTO_USD	2018-06-10	0.018022	0.017097	0.026238	0.016572	0
TOTO_USD	2018-06-09	0.017129	0.021475	0.021977	0.016903	0
TOTO_USD	2018-06-08	0.021589	0.016217	0.026835	0.015943	0
TOTO_USD	2018-06-07	0.016224	0.016762	0.017179	0.015528	0
TOTO_USD	2018-06-06	0.016761	0.018575	0.019765	0.015156	0
TOTO_USD	2018-06-05	0.018635	0.022242	0.024036	0.018019	0
TOTO_USD	2018-06-04	0.022259	0.026396	0.030931	0.019534	0
TOTO_USD	2018-06-03	0.026666	0.014043	0.032493	0.013946	0
TOTO_USD	2018-06-02	0.014054	0.014151	0.014296	0.013382	0
TOTO_USD	2018-06-01	0.014140	0.012576	0.016632	0.012574	0
TOTO_USD	2018-05-31	0.012577	0.014750	0.015080	0.012403	0
TOTO_USD	2018-05-30	0.014640	0.015490	0.015757	0.014581	0
TOTO_USD	2018-05-29	0.015472	0.014421	0.018348	0.014105	0
TOTO_USD	2018-05-28	0.014519	0.016962	0.018379	0.013938	0
TOTO_USD	2018-05-27	0.016955	0.019569	0.019642	0.016953	0
TOTO_USD	2018-05-26	0.019601	0.020506	0.020684	0.019509	0
TOTO_USD	2018-05-25	0.020509	0.021781	0.021945	0.019958	0
TOTO_USD	2018-05-24	0.021772	0.022360	0.023203	0.021263	0
TOTO_USD	2018-05-23	0.022415	0.027800	0.027837	0.022399	0
TOTO_USD	2018-05-22	0.027810	0.026026	0.032106	0.025130	0
TOTO_USD	2018-05-21	0.026026	0.024802	0.032512	0.024684	0
TOTO_USD	2018-05-20	0.024802	0.023690	0.024976	0.023493	0
TOTO_USD	2018-05-19	0.023690	0.024470	0.024682	0.023504	0
TOTO_USD	2018-05-18	0.024470	0.024449	0.025761	0.023692	0
TOTO_USD	2018-05-17	0.024480	0.028593	0.028928	0.024402	0
TOTO_USD	2018-05-16	0.028735	0.028784	0.030105	0.026345	0
TOTO_USD	2018-05-15	0.028869	0.027169	0.039026	0.027063	0
TOTO_USD	2018-05-14	0.027171	0.027353	0.028848	0.025955	0
TOTO_USD	2018-05-13	0.027353	0.024619	0.028397	0.023113	0
TOTO_USD	2018-05-12	0.024606	0.022701	0.029813	0.021549	0
TOTO_USD	2018-05-11	0.022701	0.027146	0.027146	0.022295	0
TOTO_USD	2018-05-10	0.027146	0.028234	0.028423	0.027100	0
TOTO_USD	2018-05-09	0.028234	0.029023	0.029063	0.027748	0
TOTO_USD	2018-05-08	0.029041	0.027562	0.029281	0.000003	0
TOTO_USD	2018-05-07	0.029417	0.031778	0.031876	0.027946	0
TOTO_USD	2018-05-06	0.031778	0.040051	0.040604	0.026072	0
TOTO_USD	2018-05-05	0.040004	0.041161	0.042837	0.039447	0
TOTO_USD	2018-05-04	0.041161	0.041162	0.043199	0.039799	0
TOTO_USD	2018-05-03	0.041162	0.041467	0.042054	0.037352	0
TOTO_USD	2018-05-02	0.041467	0.044515	0.044681	0.040767	0
TOTO_USD	2018-05-01	0.044555	0.047520	0.047533	0.043602	0
TOTO_USD	2018-04-30	0.047520	0.053900	0.055178	0.047224	0
TOTO_USD	2018-04-29	0.053900	0.049734	0.059080	0.048999	0
TOTO_USD	2018-04-28	0.049734	0.050987	0.059842	0.049487	0
TOTO_USD	2018-04-27	0.050987	0.051078	0.051824	0.048082	0
TOTO_USD	2018-04-26	0.051083	0.056448	0.056563	0.044757	0
TOTO_USD	2018-04-25	0.056448	0.064466	0.064654	0.055878	0
TOTO_USD	2018-04-24	0.064616	0.060611	0.065050	0.060545	0
TOTO_USD	2018-04-23	0.060611	0.050774	0.071549	0.050606	0
TOTO_USD	2018-04-22	0.050774	0.054823	0.054857	0.050591	0
TOTO_USD	2018-04-21	0.054823	0.055265	0.062803	0.054206	0
TOTO_USD	2018-04-20	0.055265	0.051427	0.057322	0.050888	0
TOTO_USD	2018-04-19	0.051427	0.033606	0.057293	0.033606	0
TOTO_USD	2018-04-18	0.033606	0.039648	0.040647	0.028488	0
TOTO_USD	2018-04-17	0.039648	0.045114	0.046311	0.038927	0
TOTO_USD	2018-04-16	0.045114	0.048136	0.048157	0.043892	0
TOTO_USD	2018-04-15	0.048136	0.044829	0.048136	0.044818	0
TOTO_USD	2018-04-14	0.044829	0.046486	0.046990	0.044633	0
TOTO_USD	2018-04-13	0.046486	0.047037	0.049885	0.044736	0
TOTO_USD	2018-04-12	0.047037	0.043110	0.048016	0.039446	0
TOTO_USD	2018-04-11	0.043110	0.041074	0.046611	0.040030	0
TOTO_USD	2018-04-10	0.041074	0.042157	0.044614	0.038883	0
TOTO_USD	2018-04-09	0.042143	0.050400	0.050552	0.041085	0
TOTO_USD	2018-04-08	0.050400	0.048695	0.050706	0.044342	0
TOTO_USD	2018-04-07	0.048695	0.048019	0.051208	0.047914	0
TOTO_USD	2018-04-06	0.048019	0.049564	0.051435	0.047301	0
TOTO_USD	2018-04-05	0.049564	0.053037	0.060943	0.046054	0
TOTO_USD	2018-04-04	0.053037	0.051648	0.056629	0.044066	0
TOTO_USD	2018-04-03	0.051648	0.047711	0.053497	0.046627	0
TOTO_USD	2018-04-02	0.047711	0.047194	0.049692	0.042456	0
TOTO_USD	2018-04-01	0.047194	0.047992	0.049525	0.045405	0
TOTO_USD	2018-03-31	0.047992	0.050414	0.052273	0.047882	0
TOTO_USD	2018-03-30	0.050414	0.055319	0.058427	0.049317	0
TOTO_USD	2018-03-29	0.055319	0.069801	0.070883	0.055184	0
TOTO_USD	2018-03-28	0.069801	0.070483	0.073345	0.068934	0
TOTO_USD	2018-03-27	0.070483	0.077551	0.078328	0.070342	0
TOTO_USD	2018-03-26	0.077551	0.078414	0.081622	0.072799	0
TOTO_USD	2018-03-25	0.078414	0.069454	0.085401	0.068325	0
TOTO_USD	2018-03-24	0.069454	0.080077	0.082020	0.069377	0
TOTO_USD	2018-03-23	0.080077	0.065638	0.084870	0.061310	0
TOTO_USD	2018-03-22	0.065638	0.073781	0.080225	0.064631	0
TOTO_USD	2018-03-21	0.073781	0.081532	0.081772	0.059330	0
TOTO_USD	2018-03-20	0.081532	0.066477	0.095192	0.059319	0
TOTO_USD	2018-03-19	0.066477	0.062500	0.068898	0.058709	0
TOTO_USD	2018-03-18	0.062500	0.062923	0.064414	0.048150	0
TOTO_USD	2018-03-17	0.062923	0.064801	0.068037	0.061806	0
TOTO_USD	2018-03-16	0.064801	0.062485	0.074183	0.057840	0
TOTO_USD	2018-03-15	0.062485	0.061835	0.062986	0.055979	0
TOTO_USD	2018-03-14	0.061835	0.087558	0.089646	0.061135	0
TOTO_USD	2018-03-13	0.087558	0.097173	0.098455	0.077368	0
TOTO_USD	2018-03-12	0.097173	0.094104	0.101741	0.086611	0
TOTO_USD	2018-03-11	0.094104	0.091498	0.097409	0.081092	0
TOTO_USD	2018-03-10	0.091498	0.093675	0.102517	0.089544	0
TOTO_USD	2018-03-09	0.093675	0.086805	0.104186	0.079920	0
TOTO_USD	2018-03-08	0.086805	0.097480	0.103277	0.086789	0
TOTO_USD	2018-03-07	0.097480	0.098166	0.104424	0.089159	0
TOTO_USD	2018-03-06	0.098166	0.106778	0.106778	0.098166	0
TOTO_USD	2018-03-05	0.106778	0.112543	0.119979	0.106504	0
TOTO_USD	2018-03-04	0.112543	0.113150	0.113358	0.104991	0
TOTO_USD	2018-03-03	0.113150	0.102414	0.113488	0.101048	0
TOTO_USD	2018-03-02	0.102414	0.110358	0.113535	0.101574	0
