TRAK_USD	2019-04-09	0.018221	0.018489	0.018489	0.017975	0
TRAK_USD	2019-04-08	0.018489	0.018228	0.018630	0.017896	0
TRAK_USD	2019-04-07	0.018228	0.017654	0.018419	0.017638	0
TRAK_USD	2019-04-06	0.017654	0.017668	0.018336	0.017265	0
TRAK_USD	2019-04-05	0.017668	0.017149	0.017785	0.017142	0
TRAK_USD	2019-04-04	0.017149	0.017301	0.017720	0.016798	0
TRAK_USD	2019-04-03	0.017301	0.017137	0.018508	0.016855	0
TRAK_USD	2019-04-02	0.017137	0.014591	0.017642	0.014559	0
TRAK_USD	2019-04-01	0.014591	0.014482	0.014666	0.014344	0
TRAK_USD	2019-03-31	0.014482	0.014473	0.014530	0.014433	0
TRAK_USD	2019-03-30	0.014473	0.014522	0.014630	0.014337	0
TRAK_USD	2019-03-29	0.014522	0.014222	0.014551	0.014197	0
TRAK_USD	2019-03-28	0.014222	0.014256	0.014261	0.014135	0
TRAK_USD	2019-03-27	0.014256	0.013871	0.014281	0.013829	0
TRAK_USD	2019-03-26	0.013871	0.013796	0.013882	0.013730	0
TRAK_USD	2019-03-25	0.013796	0.014044	0.014073	0.013691	0
TRAK_USD	2019-03-24	0.014044	0.014119	0.014119	0.013946	0
TRAK_USD	2019-03-23	0.014119	0.014070	0.014165	0.014025	0
TRAK_USD	2019-03-22	0.014070	0.014056	0.014141	0.014021	0
TRAK_USD	2019-03-21	0.014056	0.014342	0.014407	0.013921	0
TRAK_USD	2019-03-20	0.014342	0.014274	0.014373	0.014153	0
TRAK_USD	2019-03-19	0.014274	0.014156	0.014310	0.014097	0
TRAK_USD	2019-03-18	0.014156	0.014140	0.014312	0.014032	0
TRAK_USD	2019-03-17	0.014140	0.014212	0.014212	0.014043	0
TRAK_USD	2019-03-16	0.014212	0.013911	0.014430	0.013911	0
TRAK_USD	2019-03-15	0.013911	0.013726	0.013938	0.013722	0
TRAK_USD	2019-03-14	0.013726	0.013719	0.013900	0.013510	0
TRAK_USD	2019-03-13	0.013719	0.013740	0.013797	0.013640	0
TRAK_USD	2019-03-12	0.013740	0.013732	0.013829	0.013539	0
TRAK_USD	2019-03-11	0.013732	0.013898	0.013932	0.013626	0
TRAK_USD	2019-03-10	0.013898	0.013953	0.013960	0.013778	0
TRAK_USD	2019-03-09	0.013953	0.013693	0.014056	0.013670	0
TRAK_USD	2019-03-08	0.013693	0.013777	0.013969	0.013469	0
TRAK_USD	2019-03-07	0.013777	0.013731	0.013878	0.013676	0
TRAK_USD	2019-03-06	0.013731	0.013726	0.013821	0.013591	0
TRAK_USD	2019-03-05	0.013726	0.013205	0.013785	0.013158	0
TRAK_USD	2019-03-04	0.013205	0.013499	0.013578	0.013092	0
TRAK_USD	2019-03-03	0.013499	0.013598	0.013634	0.013414	0
TRAK_USD	2019-03-02	0.013598	0.013611	0.013635	0.013400	0
TRAK_USD	2019-03-01	0.013611	0.013537	0.013719	0.013528	0
TRAK_USD	2019-02-28	0.013537	0.013555	0.013855	0.013499	0
TRAK_USD	2019-02-27	0.013555	0.013547	0.013670	0.013111	0
TRAK_USD	2019-02-26	0.013547	0.013635	0.013671	0.013462	0
TRAK_USD	2019-02-25	0.013635	0.013314	0.013777	0.013311	0
TRAK_USD	2019-02-24	0.013319	0.014638	0.014881	0.013249	0
TRAK_USD	2019-02-23	0.014638	0.014125	0.014786	0.013952	0
TRAK_USD	2019-02-22	0.014125	0.013935	0.014157	0.013870	0
TRAK_USD	2019-02-21	0.013935	0.014111	0.014322	0.013817	0
TRAK_USD	2019-02-20	0.014111	0.013870	0.014132	0.013789	0
TRAK_USD	2019-02-19	0.013870	0.013827	0.014183	0.013703	0
TRAK_USD	2019-02-18	0.013827	0.012981	0.013931	0.012942	0
TRAK_USD	2019-02-17	0.012981	0.012776	0.013147	0.012750	0
TRAK_USD	2019-02-16	0.012776	0.012733	0.012938	0.012733	0
TRAK_USD	2019-02-15	0.012733	0.012709	0.012914	0.012666	0
TRAK_USD	2019-02-14	0.012709	0.012750	0.012792	0.012658	0
TRAK_USD	2019-02-13	0.012750	0.012837	0.012980	0.012685	0
TRAK_USD	2019-02-12	0.012837	0.012792	0.012940	0.012668	0
TRAK_USD	2019-02-11	0.012792	0.013021	0.013030	0.012776	0
TRAK_USD	2019-02-10	0.013021	0.012921	0.013024	0.012745	0
TRAK_USD	2019-02-09	0.012921	0.012941	0.012991	0.012836	0
TRAK_USD	2019-02-08	0.012941	0.011940	0.013183	0.011912	0
TRAK_USD	2019-02-07	0.011940	0.011996	0.012031	0.011923	0
TRAK_USD	2019-02-06	0.011996	0.012204	0.012235	0.011896	0
TRAK_USD	2019-02-05	0.012204	0.012129	0.012218	0.012079	0
TRAK_USD	2019-02-04	0.012129	0.012169	0.012230	0.012077	0
TRAK_USD	2019-02-03	0.012169	0.012368	0.012394	0.012062	0
TRAK_USD	2019-02-02	0.012368	0.012294	0.012413	0.012165	0
TRAK_USD	2019-02-01	0.012294	0.012172	0.012352	0.012045	0
TRAK_USD	2019-01-31	0.012172	0.012266	0.012396	0.012101	0
TRAK_USD	2019-01-30	0.012266	0.012086	0.012323	0.011996	0
TRAK_USD	2019-01-29	0.012086	0.012167	0.012206	0.011895	0
TRAK_USD	2019-01-28	0.012167	0.012500	0.012503	0.012011	0
TRAK_USD	2019-01-27	0.012500	0.012624	0.012657	0.012314	0
TRAK_USD	2019-01-26	0.012624	0.012611	0.012969	0.012597	0
TRAK_USD	2019-01-25	0.012611	0.012691	0.012730	0.012494	0
TRAK_USD	2019-01-24	0.012691	0.012579	0.012746	0.012475	0
TRAK_USD	2019-01-23	0.012579	0.012646	0.012759	0.012483	0
TRAK_USD	2019-01-22	0.012646	0.012444	0.012775	0.012169	0
TRAK_USD	2019-01-21	0.012444	0.012462	0.012530	0.012347	0
TRAK_USD	2019-01-20	0.012462	0.013083	0.013191	0.012329	0
TRAK_USD	2019-01-19	0.013082	0.012773	0.013376	0.012767	0
TRAK_USD	2019-01-18	0.012773	0.012929	0.012940	0.012697	0
TRAK_USD	2019-01-17	0.012929	0.012758	0.012936	0.012579	0
TRAK_USD	2019-01-16	0.012758	0.012705	0.012974	0.012659	0
TRAK_USD	2019-01-15	0.012705	0.013028	0.013116	0.012627	0
TRAK_USD	2019-01-14	0.013028	0.012482	0.013195	0.012441	0
TRAK_USD	2019-01-13	0.012482	0.012865	0.012923	0.012413	0
TRAK_USD	2019-01-12	0.012865	0.012909	0.012975	0.012755	0
TRAK_USD	2019-01-11	0.012909	0.012902	0.013095	0.012742	0
TRAK_USD	2019-01-10	0.012902	0.014190	0.014373	0.012813	0
TRAK_USD	2019-01-09	0.014190	0.014245	0.014459	0.014025	0
TRAK_USD	2019-01-08	0.014245	0.014296	0.014623	0.014105	0
TRAK_USD	2019-01-07	0.014296	0.014496	0.014584	0.014174	0
TRAK_USD	2019-01-06	0.014496	0.013594	0.027185	0.013512	0
TRAK_USD	2019-01-05	0.013594	0.013751	0.013950	0.013568	0
TRAK_USD	2019-01-04	0.013751	0.013624	0.013850	0.013413	0
TRAK_USD	2019-01-03	0.013624	0.014074	0.014091	0.013563	0
TRAK_USD	2019-01-02	0.014074	0.013754	0.014151	0.013622	0
TRAK_USD	2019-01-01	0.013754	0.013311	0.013834	0.013167	0
TRAK_USD	2018-12-31	0.013311	0.013806	0.013841	0.013141	0
TRAK_USD	2018-12-30	0.013806	0.013492	0.013863	0.013364	0
TRAK_USD	2018-12-29	0.013492	0.014028	0.014206	0.013441	0
TRAK_USD	2018-12-28	0.014028	0.012906	0.014193	0.012846	0
TRAK_USD	2018-12-27	0.012906	0.013656	0.013768	0.012816	0
TRAK_USD	2018-12-26	0.013656	0.013571	0.013865	0.013247	0
TRAK_USD	2018-12-25	0.013571	0.014404	0.014427	0.013276	0
TRAK_USD	2018-12-24	0.014404	0.014147	0.015234	0.014147	0
TRAK_USD	2018-12-23	0.014147	0.014337	0.014630	0.014031	0
TRAK_USD	2018-12-22	0.014337	0.013802	0.014409	0.013621	0
TRAK_USD	2018-12-21	0.013802	0.014646	0.014901	0.013571	0
TRAK_USD	2018-12-20	0.014646	0.013240	0.014928	0.013143	0
TRAK_USD	2018-12-19	0.013240	0.013133	0.014037	0.013072	0
TRAK_USD	2018-12-18	0.013133	0.012598	0.013197	0.012337	0
TRAK_USD	2018-12-17	0.012598	0.011467	0.012872	0.011416	0
TRAK_USD	2018-12-16	0.011467	0.011423	0.011737	0.011388	0
TRAK_USD	2018-12-15	0.011423	0.011402	0.011535	0.011182	0
TRAK_USD	2018-12-14	0.011402	0.011646	0.011768	0.011212	0
TRAK_USD	2018-12-13	0.011646	0.012291	0.012313	0.011569	0
TRAK_USD	2018-12-12	0.012291	0.011892	0.012529	0.011870	0
TRAK_USD	2018-12-11	0.011996	0.012249	0.012335	0.011801	0
TRAK_USD	2018-12-10	0.012249	0.012669	0.012856	0.012079	0
TRAK_USD	2018-12-09	0.012669	0.012184	0.013125	0.012055	0
TRAK_USD	2018-12-08	0.012184	0.012019	0.012707	0.011526	0
TRAK_USD	2018-12-07	0.012019	0.012302	0.012509	0.011409	0
TRAK_USD	2018-12-06	0.012302	0.013089	0.013608	0.012217	0
TRAK_USD	2018-12-05	0.013089	0.013838	0.013890	0.013035	0
TRAK_USD	2018-12-04	0.013838	0.013562	0.014365	0.013239	0
TRAK_USD	2018-12-03	0.013562	0.014455	0.014520	0.013345	0
TRAK_USD	2018-12-02	0.014455	0.014744	0.015127	0.014342	0
TRAK_USD	2018-12-01	0.014744	0.014033	0.015077	0.013828	0
TRAK_USD	2018-11-30	0.014033	0.014984	0.015142	0.013783	0
TRAK_USD	2018-11-29	0.014984	0.014964	0.015527	0.014534	0
TRAK_USD	2018-11-28	0.014964	0.013498	0.015397	0.013498	0
TRAK_USD	2018-11-27	0.013498	0.013402	0.013701	0.012904	0
TRAK_USD	2018-11-26	0.013402	0.014264	0.014579	0.012916	0
TRAK_USD	2018-11-25	0.014264	0.013659	0.014595	0.012727	0
TRAK_USD	2018-11-24	0.013659	0.015369	0.015690	0.013325	0
TRAK_USD	2018-11-23	0.015369	0.015263	0.015573	0.014773	0
TRAK_USD	2018-11-22	0.015263	0.016232	0.016391	0.015263	0
TRAK_USD	2018-11-21	0.016232	0.015946	0.016584	0.015394	0
TRAK_USD	2018-11-20	0.015946	0.017159	0.017536	0.015005	0
TRAK_USD	2018-11-19	0.017159	0.019667	0.019667	0.016996	0
TRAK_USD	2018-11-18	0.019667	0.019553	0.019843	0.019533	0
TRAK_USD	2018-11-17	0.019553	0.019670	0.019670	0.019368	0
TRAK_USD	2018-11-16	0.019670	0.019987	0.020005	0.019303	0
TRAK_USD	2018-11-15	0.019987	0.020450	0.020604	0.018909	0
TRAK_USD	2018-11-14	0.020450	0.022464	0.022536	0.019824	0
TRAK_USD	2018-11-13	0.022464	0.022403	0.022579	0.022252	0
TRAK_USD	2018-11-12	0.022403	0.022448	0.022517	0.022305	0
TRAK_USD	2018-11-11	0.022448	0.022348	0.022448	0.022115	0
TRAK_USD	2018-11-10	0.022348	0.022310	0.022455	0.022290	0
TRAK_USD	2018-11-09	0.022310	0.022516	0.022596	0.022218	0
TRAK_USD	2018-11-08	0.022516	0.022840	0.022883	0.022507	0
TRAK_USD	2018-11-07	0.022840	0.022640	0.022960	0.022630	0
TRAK_USD	2018-11-06	0.022640	0.022484	0.022640	0.022406	0
TRAK_USD	2018-11-05	0.022484	0.022536	0.022571	0.022376	0
TRAK_USD	2018-11-04	0.022536	0.022198	0.022620	0.022102	0
TRAK_USD	2018-11-03	0.022198	0.022334	0.022352	0.022004	0
TRAK_USD	2018-11-02	0.022334	0.022239	0.022430	0.022211	0
TRAK_USD	2018-11-01	0.022239	0.022130	0.022321	0.022079	0
TRAK_USD	2018-10-31	0.022130	0.021997	0.022233	0.021721	0
TRAK_USD	2018-10-30	0.021997	0.022045	0.022171	0.021938	0
TRAK_USD	2018-10-29	0.022045	0.022553	0.022595	0.021965	0
TRAK_USD	2018-10-28	0.022553	0.022588	0.022622	0.022435	0
TRAK_USD	2018-10-27	0.022588	0.022697	0.022775	0.022524	0
TRAK_USD	2018-10-26	0.022697	0.023697	0.026883	0.020651	0
TRAK_USD	2018-10-25	0.023697	0.025233	0.025304	0.020667	0
TRAK_USD	2018-10-24	0.025233	0.025119	0.025299	0.022403	0
TRAK_USD	2018-10-23	0.025119	0.027090	0.027692	0.025103	0
TRAK_USD	2018-10-22	0.027090	0.027933	0.031961	0.025613	0
TRAK_USD	2018-10-21	0.027933	0.028680	0.031435	0.023249	0
TRAK_USD	2018-10-20	0.028680	0.024085	0.030063	0.021449	0
TRAK_USD	2018-10-19	0.024085	0.025990	0.026243	0.020621	0
TRAK_USD	2018-10-18	0.025990	0.026637	0.028169	0.025811	0
TRAK_USD	2018-10-17	0.026637	0.027708	0.028366	0.025997	0
TRAK_USD	2018-10-16	0.027708	0.030811	0.031083	0.025793	0
TRAK_USD	2018-10-15	0.030811	0.034675	0.039146	0.027851	0
TRAK_USD	2018-10-14	0.034675	0.039635	0.039635	0.031916	0
TRAK_USD	2018-10-13	0.039635	0.037688	0.041678	0.029903	0
TRAK_USD	2018-10-12	0.037688	0.055360	0.057240	0.037688	0
TRAK_USD	2018-10-11	0.055360	0.059440	0.059440	0.054530	0
TRAK_USD	2018-10-10	0.059440	0.057336	0.060276	0.055188	0
TRAK_USD	2018-10-09	0.057336	0.056289	0.057381	0.055577	0
TRAK_USD	2018-10-08	0.056289	0.059012	0.059961	0.055454	0
TRAK_USD	2018-10-07	0.059012	0.061799	0.061921	0.058746	0
TRAK_USD	2018-10-06	0.061799	0.062295	0.062326	0.061536	0
TRAK_USD	2018-10-05	0.062295	0.060701	0.062483	0.059300	0
TRAK_USD	2018-10-04	0.060701	0.060479	0.061623	0.056980	0
TRAK_USD	2018-10-03	0.060479	0.054856	0.063615	0.053585	0
TRAK_USD	2018-10-02	0.054856	0.056602	0.063608	0.054049	0
TRAK_USD	2018-10-01	0.056602	0.055533	0.058056	0.052951	0
TRAK_USD	2018-09-30	0.055533	0.052804	0.055751	0.052464	0
TRAK_USD	2018-09-29	0.052804	0.052616	0.056285	0.051440	0
TRAK_USD	2018-09-28	0.052616	0.054147	0.057467	0.052461	0
TRAK_USD	2018-09-27	0.054147	0.051699	0.054457	0.051013	0
TRAK_USD	2018-09-26	0.051699	0.046942	0.055440	0.046138	0
TRAK_USD	2018-09-25	0.046942	0.048104	0.051678	0.046228	0
TRAK_USD	2018-09-24	0.048104	0.054091	0.054091	0.047787	0
TRAK_USD	2018-09-23	0.054091	0.055844	0.059566	0.053003	0
TRAK_USD	2018-09-22	0.055844	0.052181	0.058076	0.052107	0
TRAK_USD	2018-09-21	0.052181	0.053694	0.057101	0.051692	0
TRAK_USD	2018-09-20	0.053694	0.053659	0.054163	0.052522	0
TRAK_USD	2018-09-19	0.053659	0.054326	0.054579	0.051357	0
TRAK_USD	2018-09-18	0.054326	0.053760	0.056404	0.053128	0
TRAK_USD	2018-09-17	0.053760	0.055854	0.056140	0.053245	0
TRAK_USD	2018-09-16	0.055854	0.055062	0.055907	0.052633	0
TRAK_USD	2018-09-15	0.055062	0.051379	0.055355	0.051285	0
TRAK_USD	2018-09-14	0.051379	0.049344	0.052451	0.048946	0
TRAK_USD	2018-09-13	0.049344	0.049141	0.049808	0.047237	0
TRAK_USD	2018-09-12	0.049141	0.049628	0.049668	0.047876	0
TRAK_USD	2018-09-11	0.049628	0.050811	0.051432	0.048837	0
TRAK_USD	2018-09-10	0.050811	0.050541	0.052959	0.049588	0
TRAK_USD	2018-09-09	0.050541	0.050099	0.052045	0.049926	0
TRAK_USD	2018-09-08	0.050099	0.053218	0.055090	0.049833	0
TRAK_USD	2018-09-07	0.053218	0.052568	0.055899	0.051465	0
TRAK_USD	2018-09-06	0.052568	0.056112	0.056149	0.051939	0
TRAK_USD	2018-09-05	0.056112	0.061962	0.063675	0.056079	0
TRAK_USD	2018-09-04	0.061962	0.064484	0.065257	0.061741	0
TRAK_USD	2018-09-03	0.064484	0.065759	0.066318	0.063177	0
TRAK_USD	2018-09-02	0.065759	0.064165	0.073726	0.063815	0
TRAK_USD	2018-09-01	0.064165	0.073218	0.098684	0.057227	0
TRAK_USD	2018-08-31	0.073218	0.054764	0.081949	0.054736	0
TRAK_USD	2018-08-30	0.054764	0.057605	0.057930	0.052008	0
TRAK_USD	2018-08-29	0.057605	0.050646	0.057993	0.050238	0
TRAK_USD	2018-08-28	0.050646	0.045526	0.052498	0.045310	0
TRAK_USD	2018-08-27	0.045526	0.043806	0.045578	0.043528	0
TRAK_USD	2018-08-26	0.043806	0.045624	0.045907	0.042440	0
TRAK_USD	2018-08-25	0.045624	0.045721	0.047089	0.042940	0
TRAK_USD	2018-08-24	0.045721	0.044156	0.045932	0.040797	0
TRAK_USD	2018-08-23	0.044156	0.040989	0.044418	0.040960	0
TRAK_USD	2018-08-22	0.040989	0.043960	0.046452	0.039644	0
TRAK_USD	2018-08-21	0.043960	0.040783	0.050685	0.040729	0
TRAK_USD	2018-08-20	0.040783	0.044131	0.044971	0.040234	0
TRAK_USD	2018-08-19	0.044131	0.043393	0.047019	0.042809	0
TRAK_USD	2018-08-18	0.043393	0.045660	0.048299	0.042888	0
TRAK_USD	2018-08-17	0.045660	0.044087	0.046055	0.043956	0
TRAK_USD	2018-08-16	0.044087	0.044769	0.045671	0.043540	0
TRAK_USD	2018-08-15	0.044769	0.046364	0.048211	0.044558	0
TRAK_USD	2018-08-14	0.046364	0.050234	0.054535	0.044299	0
TRAK_USD	2018-08-13	0.050234	0.047323	0.058314	0.042543	0
TRAK_USD	2018-08-12	0.047323	0.049820	0.050498	0.043534	0
TRAK_USD	2018-08-11	0.049820	0.050103	0.052848	0.048802	0
TRAK_USD	2018-08-10	0.050103	0.048934	0.058819	0.047921	0
TRAK_USD	2018-08-09	0.048934	0.042188	0.054070	0.041700	0
TRAK_USD	2018-08-08	0.042188	0.045413	0.045413	0.040753	0
TRAK_USD	2018-08-07	0.045413	0.047975	0.049441	0.045101	0
TRAK_USD	2018-08-06	0.047975	0.048419	0.049923	0.047364	0
TRAK_USD	2018-08-05	0.048419	0.048902	0.049844	0.046379	0
TRAK_USD	2018-08-04	0.048902	0.055029	0.055972	0.048848	0
TRAK_USD	2018-08-03	0.055029	0.062543	0.062543	0.053747	0
TRAK_USD	2018-08-02	0.062543	0.065900	0.067757	0.061631	0
TRAK_USD	2018-08-01	0.065900	0.073772	0.074093	0.063542	0
TRAK_USD	2018-07-31	0.073772	0.069292	0.074115	0.066546	0
TRAK_USD	2018-07-30	0.069292	0.072805	0.077591	0.066307	0
TRAK_USD	2018-07-29	0.072805	0.073923	0.074830	0.071889	0
TRAK_USD	2018-07-28	0.073923	0.073305	0.075284	0.072645	0
TRAK_USD	2018-07-27	0.073305	0.073140	0.074624	0.072604	0
TRAK_USD	2018-07-26	0.073140	0.072741	0.074662	0.072645	0
TRAK_USD	2018-07-25	0.072741	0.072435	0.075619	0.071310	0
TRAK_USD	2018-07-24	0.072435	0.067879	0.074731	0.066544	0
TRAK_USD	2018-07-23	0.067879	0.067982	0.074256	0.067539	0
TRAK_USD	2018-07-22	0.067982	0.069962	0.070910	0.067481	0
TRAK_USD	2018-07-21	0.069962	0.071527	0.071725	0.067238	0
TRAK_USD	2018-07-20	0.071527	0.076454	0.076455	0.069858	0
TRAK_USD	2018-07-19	0.076454	0.086405	0.086826	0.073279	0
TRAK_USD	2018-07-18	0.086405	0.086412	0.089690	0.085007	0
TRAK_USD	2018-07-17	0.086412	0.077805	0.087727	0.077372	0
TRAK_USD	2018-07-16	0.077805	0.072701	0.081508	0.072532	0
TRAK_USD	2018-07-15	0.072701	0.072032	0.073177	0.071709	0
TRAK_USD	2018-07-14	0.072032	0.072059	0.073791	0.070057	0
TRAK_USD	2018-07-13	0.072059	0.071692	0.073865	0.070300	0
TRAK_USD	2018-07-12	0.071692	0.075481	0.075481	0.069896	0
TRAK_USD	2018-07-11	0.075481	0.075358	0.076768	0.073586	0
TRAK_USD	2018-07-10	0.075358	0.081952	0.084473	0.075283	0
TRAK_USD	2018-07-09	0.081952	0.084587	0.084934	0.080862	0
TRAK_USD	2018-07-08	0.084587	0.084725	0.085358	0.083100	0
TRAK_USD	2018-07-07	0.084725	0.083276	0.085395	0.080602	0
TRAK_USD	2018-07-06	0.083276	0.083225	0.086201	0.080137	0
TRAK_USD	2018-07-05	0.083225	0.087416	0.089185	0.081309	0
TRAK_USD	2018-07-04	0.087416	0.086287	0.092836	0.084588	0
TRAK_USD	2018-07-03	0.086287	0.084505	0.089476	0.001110	0
TRAK_USD	2018-07-02	0.084505	0.077236	0.085028	0.000001	0
TRAK_USD	2018-07-01	0.077243	0.074972	0.083364	0.074302	0
TRAK_USD	2018-06-30	0.074973	0.067830	0.078187	0.067830	0
TRAK_USD	2018-06-29	0.067886	0.062734	0.068596	0.062117	0
TRAK_USD	2018-06-28	0.062835	0.068420	0.069187	0.062526	0
TRAK_USD	2018-06-27	0.068414	0.064695	0.070011	0.063511	0
TRAK_USD	2018-06-26	0.064900	0.067882	0.067983	0.064553	0
TRAK_USD	2018-06-25	0.067838	0.065609	0.068451	0.064895	0
TRAK_USD	2018-06-24	0.065630	0.065973	0.066284	0.061233	0
TRAK_USD	2018-06-23	0.065887	0.065742	0.066983	0.064977	0
TRAK_USD	2018-06-22	0.065743	0.073718	0.073980	0.064709	0
TRAK_USD	2018-06-21	0.073714	0.073785	0.074494	0.073090	0
TRAK_USD	2018-06-20	0.073789	0.075100	0.075250	0.071905	0
TRAK_USD	2018-06-19	0.075253	0.072551	0.077499	0.072551	0
TRAK_USD	2018-06-18	0.072526	0.072259	0.073358	0.067932	0
TRAK_USD	2018-06-17	0.072200	0.072331	0.075994	0.071090	0
TRAK_USD	2018-06-16	0.072317	0.070043	0.074763	0.068567	0
TRAK_USD	2018-06-15	0.070010	0.073824	0.074453	0.067721	0
TRAK_USD	2018-06-14	0.073683	0.070095	0.076258	0.068954	0
TRAK_USD	2018-06-13	0.070118	0.076302	0.078910	0.066123	0
TRAK_USD	2018-06-12	0.076415	0.084918	0.084918	0.075683	0
TRAK_USD	2018-06-11	0.084958	0.082985	0.085246	0.076614	0
TRAK_USD	2018-06-10	0.082889	0.095382	0.095382	0.079594	0
TRAK_USD	2018-06-09	0.095355	0.098389	0.099070	0.092910	0
TRAK_USD	2018-06-08	0.098388	0.100837	0.100979	0.097162	0
TRAK_USD	2018-06-07	0.100879	0.100649	0.102315	0.100314	0
TRAK_USD	2018-06-06	0.100642	0.101950	0.102223	0.098712	0
TRAK_USD	2018-06-05	0.101863	0.101140	0.103336	0.099386	0
TRAK_USD	2018-06-04	0.101214	0.104132	0.107523	0.100055	0
TRAK_USD	2018-06-03	0.104039	0.099868	0.106435	0.099470	0
TRAK_USD	2018-06-02	0.099944	0.098905	0.103269	0.097277	0
TRAK_USD	2018-06-01	0.098833	0.102556	0.105554	0.094415	0
TRAK_USD	2018-05-31	0.102566	0.100376	0.106662	0.098526	0
TRAK_USD	2018-05-30	0.100265	0.109515	0.112466	0.098207	0
TRAK_USD	2018-05-29	0.108901	0.118320	0.122980	0.105535	0
TRAK_USD	2018-05-28	0.118246	0.126883	0.128076	0.118061	0
TRAK_USD	2018-05-27	0.126829	0.125511	0.129034	0.123718	0
TRAK_USD	2018-05-26	0.125483	0.127582	0.130551	0.124816	0
TRAK_USD	2018-05-25	0.127606	0.133225	0.135790	0.124609	0
TRAK_USD	2018-05-24	0.133169	0.132959	0.136771	0.127598	0
TRAK_USD	2018-05-23	0.133060	0.141435	0.144712	0.132121	0
TRAK_USD	2018-05-22	0.141485	0.147045	0.147211	0.140586	0
TRAK_USD	2018-05-21	0.147045	0.149453	0.149836	0.145559	0
TRAK_USD	2018-05-20	0.149453	0.145353	0.150502	0.144156	0
TRAK_USD	2018-05-19	0.145353	0.144182	0.150835	0.142633	0
TRAK_USD	2018-05-18	0.144182	0.145644	0.145644	0.138935	0
TRAK_USD	2018-05-17	0.145834	0.149978	0.151847	0.141203	0
TRAK_USD	2018-05-16	0.149849	0.147900	0.151778	0.141735	0
TRAK_USD	2018-05-15	0.147902	0.151878	0.156891	0.147902	0
TRAK_USD	2018-05-14	0.151717	0.151788	0.156372	0.146846	0
TRAK_USD	2018-05-13	0.151788	0.151149	0.156689	0.148409	0
TRAK_USD	2018-05-12	0.148015	0.152909	0.154324	0.143592	0
TRAK_USD	2018-05-11	0.152909	0.176993	0.177268	0.151843	0
TRAK_USD	2018-05-10	0.176993	0.180865	0.197214	0.174770	0
TRAK_USD	2018-05-09	0.180865	0.171364	0.182930	0.166832	0
TRAK_USD	2018-05-08	0.171427	0.179176	0.180252	0.000019	0
TRAK_USD	2018-05-07	0.186027	0.199652	0.199952	0.178237	0
TRAK_USD	2018-05-06	0.199652	0.204696	0.206803	0.195471	0
TRAK_USD	2018-05-05	0.204306	0.187409	0.206207	0.186367	0
TRAK_USD	2018-05-04	0.187409	0.190430	0.191327	0.182419	0
TRAK_USD	2018-05-03	0.190430	0.183644	0.191717	0.183099	0
TRAK_USD	2018-05-02	0.183644	0.179329	0.185528	0.177667	0
TRAK_USD	2018-05-01	0.179329	0.179782	0.180164	0.172884	0
TRAK_USD	2018-04-30	0.179782	0.182237	0.184842	0.176227	0
TRAK_USD	2018-04-29	0.182237	0.184832	0.189484	0.178821	0
TRAK_USD	2018-04-28	0.184832	0.173230	0.189182	0.170865	0
TRAK_USD	2018-04-27	0.173230	0.191021	0.191021	0.171195	0
TRAK_USD	2018-04-26	0.191021	0.177199	0.193900	0.172992	0
TRAK_USD	2018-04-25	0.177199	0.206379	0.206978	0.175409	0
TRAK_USD	2018-04-24	0.206379	0.198105	0.209682	0.194640	0
TRAK_USD	2018-04-23	0.198105	0.189150	0.199633	0.182361	0
TRAK_USD	2018-04-22	0.189150	0.187645	0.201508	0.185990	0
TRAK_USD	2018-04-21	0.187645	0.185177	0.191156	0.181454	0
TRAK_USD	2018-04-20	0.185177	0.189367	0.192668	0.176381	0
TRAK_USD	2018-04-19	0.189367	0.185341	0.193894	0.181626	0
TRAK_USD	2018-04-18	0.185341	0.179344	0.187911	0.177667	0
TRAK_USD	2018-04-17	0.179344	0.188230	0.190844	0.175603	0
TRAK_USD	2018-04-16	0.188230	0.207003	0.207982	0.185776	0
TRAK_USD	2018-04-15	0.207003	0.205451	0.216657	0.196453	0
TRAK_USD	2018-04-14	0.205451	0.154389	0.384073	0.153278	0
TRAK_USD	2018-04-13	0.154389	0.170148	0.175362	0.152850	0
TRAK_USD	2018-04-12	0.170148	0.134294	0.175052	0.134182	0
TRAK_USD	2018-04-11	0.134294	0.120144	0.135928	0.120062	0
TRAK_USD	2018-04-10	0.120144	0.114233	0.121996	0.113404	0
TRAK_USD	2018-04-09	0.114233	0.115144	0.120470	0.107186	0
TRAK_USD	2018-04-08	0.115144	0.112163	0.116943	0.111588	0
TRAK_USD	2018-04-07	0.112163	0.111251	0.115753	0.108809	0
TRAK_USD	2018-04-06	0.111251	0.115694	0.120950	0.109877	0
TRAK_USD	2018-04-05	0.115694	0.119749	0.123559	0.112614	0
TRAK_USD	2018-04-04	0.119749	0.131026	0.134466	0.117735	0
TRAK_USD	2018-04-03	0.131026	0.123246	0.134372	0.121171	0
TRAK_USD	2018-04-02	0.123246	0.116453	0.130844	0.114863	0
TRAK_USD	2018-04-01	0.116453	0.111046	0.119743	0.106664	0
TRAK_USD	2018-03-31	0.111046	0.112730	0.115948	0.109402	0
TRAK_USD	2018-03-30	0.112730	0.115284	0.124506	0.106088	0
TRAK_USD	2018-03-29	0.115284	0.134718	0.138136	0.111919	0
TRAK_USD	2018-03-28	0.134718	0.137114	0.142042	0.132518	0
TRAK_USD	2018-03-27	0.137114	0.144703	0.144703	0.135818	0
TRAK_USD	2018-03-26	0.144703	0.149227	0.160160	0.139863	0
TRAK_USD	2018-03-25	0.149227	0.156303	0.157035	0.147693	0
TRAK_USD	2018-03-24	0.156303	0.166696	0.176189	0.156131	0
TRAK_USD	2018-03-23	0.166696	0.165490	0.167390	0.151089	0
TRAK_USD	2018-03-22	0.165490	0.157707	0.171492	0.148635	0
TRAK_USD	2018-03-21	0.157707	0.159416	0.164723	0.155078	0
TRAK_USD	2018-03-20	0.159416	0.156433	0.161538	0.149788	0
TRAK_USD	2018-03-19	0.156433	0.150895	0.159708	0.147562	0
TRAK_USD	2018-03-18	0.150895	0.139501	0.151505	0.127399	0
TRAK_USD	2018-03-17	0.139501	0.167786	0.169832	0.137249	0
TRAK_USD	2018-03-16	0.167786	0.162815	0.177301	0.155011	0
TRAK_USD	2018-03-15	0.162815	0.166598	0.169508	0.152369	0
TRAK_USD	2018-03-14	0.166598	0.195990	0.200948	0.159773	0
TRAK_USD	2018-03-13	0.195990	0.194710	0.204927	0.186969	0
TRAK_USD	2018-03-12	0.194710	0.207038	0.215006	0.190229	0
TRAK_USD	2018-03-11	0.207038	0.189651	0.214438	0.182774	0
TRAK_USD	2018-03-10	0.189651	0.187535	0.200327	0.179135	0
TRAK_USD	2018-03-09	0.187535	0.194439	0.197245	0.169015	0
TRAK_USD	2018-03-08	0.194439	0.213686	0.249342	0.190892	0
TRAK_USD	2018-03-07	0.213686	0.237723	0.244982	0.203368	0
TRAK_USD	2018-03-06	0.237723	0.257323	0.258402	0.232910	0
TRAK_USD	2018-03-05	0.257323	0.267376	0.269561	0.257323	0
TRAK_USD	2018-03-04	0.267376	0.269811	0.270978	0.257791	0
TRAK_USD	2018-03-03	0.269811	0.263312	0.280075	0.261934	0
TRAK_USD	2018-03-02	0.263312	0.245520	0.267785	0.242409	0
