TRTL_USD	2019-04-09	0.21711	0.22044	0.22070	0.21335	0
TRTL_USD	2019-04-08	0.22084	0.21459	0.22733	0.21290	0
TRTL_USD	2019-04-07	0.21527	0.20301	0.21664	0.20153	0
TRTL_USD	2019-04-06	0.20280	0.20330	0.21150	0.19735	0
TRTL_USD	2019-04-05	0.20363	0.19286	0.20653	0.19168	0
TRTL_USD	2019-04-04	0.19278	0.19583	0.20083	0.18843	0
TRTL_USD	2019-04-03	0.19511	0.20104	0.21808	0.18512	0
TRTL_USD	2019-04-02	0.20110	0.17392	0.20438	0.17368	0
TRTL_USD	2019-04-01	0.17435	0.17469	0.17657	0.17214	0
TRTL_USD	2019-03-31	0.17470	0.17576	0.17578	0.17337	0
TRTL_USD	2019-03-30	0.17576	0.17764	0.18045	0.17346	0
TRTL_USD	2019-03-29	0.17764	0.17042	0.17777	0.17011	0
TRTL_USD	2019-03-28	0.17042	0.17206	0.17206	0.16950	0
TRTL_USD	2019-03-27	0.17209	0.16450	0.17274	0.16443	0
TRTL_USD	2019-03-26	0.16450	0.16420	0.16549	0.16286	0
TRTL_USD	2019-03-25	0.16420	0.16745	0.16832	0.16183	0
TRTL_USD	2019-03-24	0.16745	0.16922	0.16929	0.16624	0
TRTL_USD	2019-03-23	0.16922	0.16775	0.17059	0.16746	0
TRTL_USD	2019-03-22	0.16780	0.16645	0.16938	0.16579	0
TRTL_USD	2019-03-21	0.16646	0.17273	0.17337	0.16515	0
TRTL_USD	2019-03-20	0.17268	0.17211	0.17344	0.16911	0
TRTL_USD	2019-03-19	0.17226	0.17081	0.17288	0.16990	0
TRTL_USD	2019-03-18	0.17081	0.17218	0.17583	0.16895	0
TRTL_USD	2019-03-17	0.17218	0.17471	0.17471	0.17057	0
TRTL_USD	2019-03-16	0.17471	0.16922	0.17877	0.16922	0
TRTL_USD	2019-03-15	0.16921	0.16367	0.17132	0.16365	0
TRTL_USD	2019-03-14	0.16379	0.16345	0.16703	0.16088	0
TRTL_USD	2019-03-13	0.16345	0.16556	0.16557	0.16218	0
TRTL_USD	2019-03-12	0.16556	0.16453	0.16737	0.15966	0
TRTL_USD	2019-03-11	0.16446	0.16791	0.16859	0.16282	0
TRTL_USD	2019-03-10	0.16791	0.17019	0.17043	0.16632	0
TRTL_USD	2019-03-09	0.17018	0.16548	0.17209	0.16468	0
TRTL_USD	2019-03-08	0.16546	0.17014	0.17357	0.16194	0
TRTL_USD	2019-03-07	0.17015	0.17080	0.17408	0.16839	0
TRTL_USD	2019-03-06	0.17077	0.17026	0.17440	0.16639	0
TRTL_USD	2019-03-05	0.17009	0.15599	0.17122	0.15530	0
TRTL_USD	2019-03-04	0.15599	0.16193	0.16265	0.15297	0
TRTL_USD	2019-03-03	0.16177	0.16475	0.16731	0.15873	0
TRTL_USD	2019-03-02	0.16476	0.16827	0.16926	0.16179	0
TRTL_USD	2019-03-01	0.16838	0.16788	0.17172	0.16747	0
TRTL_USD	2019-02-28	0.16789	0.16748	0.17319	0.16583	0
TRTL_USD	2019-02-27	0.16747	0.16936	0.17457	0.15751	0
TRTL_USD	2019-02-26	0.16968	0.17147	0.17217	0.16707	0
TRTL_USD	2019-02-25	0.17150	0.16433	0.17578	0.16433	0
TRTL_USD	2019-02-24	0.16410	0.19605	0.20585	0.16410	0
TRTL_USD	2019-02-23	0.19629	0.18378	0.19853	0.18099	0
TRTL_USD	2019-02-22	0.18408	0.18019	0.18482	0.17767	0
TRTL_USD	2019-02-21	0.18023	0.18427	0.18656	0.17685	0
TRTL_USD	2019-02-20	0.18498	0.17814	0.18524	0.17472	0
TRTL_USD	2019-02-19	0.17814	0.18087	0.18639	0.17732	0
TRTL_USD	2019-02-18	0.18106	0.16548	0.18432	0.16433	0
TRTL_USD	2019-02-17	0.16548	0.15149	0.16800	0.15126	0
TRTL_USD	2019-02-16	0.15149	0.15039	0.15430	0.15034	0
TRTL_USD	2019-02-15	0.15035	0.14886	0.15366	0.14847	0
TRTL_USD	2019-02-14	0.14893	0.15031	0.15340	0.14853	0
TRTL_USD	2019-02-13	0.15048	0.15158	0.15711	0.14896	0
TRTL_USD	2019-02-12	0.15113	0.14906	0.15318	0.14567	0
TRTL_USD	2019-02-11	0.14906	0.15465	0.15465	0.14782	0
TRTL_USD	2019-02-10	0.15491	0.14705	0.15565	0.14338	0
TRTL_USD	2019-02-09	0.14720	0.14725	0.14991	0.14533	0
TRTL_USD	2019-02-08	0.14745	0.12849	0.15140	0.12770	0
TRTL_USD	2019-02-07	0.12843	0.12886	0.13074	0.12781	0
TRTL_USD	2019-02-06	0.12886	0.13205	0.13236	0.12515	0
TRTL_USD	2019-02-05	0.13206	0.13178	0.13260	0.13061	0
TRTL_USD	2019-02-04	0.13181	0.13197	0.13401	0.13101	0
TRTL_USD	2019-02-03	0.13186	0.13695	0.13784	0.13023	0
TRTL_USD	2019-02-02	0.13656	0.13245	0.13718	0.13114	0
TRTL_USD	2019-02-01	0.13244	0.12979	0.15000	0.09477	0
TRTL_USD	2019-01-31	0.12953	0.13211	0.16323	0.09692	0
TRTL_USD	2019-01-30	0.13221	0.12707	0.13340	0.12589	0
TRTL_USD	2019-01-29	0.12731	0.12854	0.12931	0.12469	0
TRTL_USD	2019-01-28	0.12845	0.13556	0.13663	0.12350	0
TRTL_USD	2019-01-27	0.13557	0.14020	0.14102	0.13477	0
TRTL_USD	2019-01-26	0.14024	0.14014	0.14336	0.13988	0
TRTL_USD	2019-01-25	0.14013	0.14227	0.16237	0.13901	0
TRTL_USD	2019-01-24	0.14228	0.13693	0.16339	0.10648	0
TRTL_USD	2019-01-23	0.13693	0.13858	0.13966	0.13504	0
TRTL_USD	2019-01-22	0.13858	0.13537	0.14019	0.13023	0
TRTL_USD	2019-01-21	0.13549	0.13746	0.13852	0.13271	0
TRTL_USD	2019-01-20	0.13725	0.14529	0.14588	0.13582	0
TRTL_USD	2019-01-19	0.14529	0.18157	0.18438	0.14205	0
TRTL_USD	2019-01-18	0.18152	0.18641	0.18704	0.17949	0
TRTL_USD	2019-01-17	0.18662	0.18586	0.18827	0.17890	0
TRTL_USD	2019-01-16	0.18499	0.18255	0.19350	0.18136	0
TRTL_USD	2019-01-15	0.18282	0.19586	0.19858	0.17857	0
TRTL_USD	2019-01-14	0.19587	0.17581	0.20023	0.17557	0
TRTL_USD	2019-01-13	0.17565	0.18973	0.19028	0.17314	0
TRTL_USD	2019-01-12	0.18975	0.19191	0.19360	0.18819	0
TRTL_USD	2019-01-11	0.19191	0.19299	0.19636	0.18679	0
TRTL_USD	2019-01-10	0.19293	0.22768	0.23015	0.18787	0
TRTL_USD	2019-01-09	0.22760	0.22780	0.23570	0.22544	0
TRTL_USD	2019-01-08	0.22780	0.23064	0.23424	0.22474	0
TRTL_USD	2019-01-07	0.23060	0.23966	0.24225	0.22837	0
TRTL_USD	2019-01-06	0.23961	0.23599	0.24567	0.22884	0
TRTL_USD	2019-01-05	0.23593	0.23637	0.24826	0.23512	0
TRTL_USD	2019-01-04	0.23638	0.22693	0.24122	0.22448	0
TRTL_USD	2019-01-03	0.22685	0.23745	0.23929	0.22325	0
TRTL_USD	2019-01-02	0.23754	0.21738	0.24291	0.21455	0
TRTL_USD	2019-01-01	0.21543	0.20263	0.21948	0.20097	0
TRTL_USD	2018-12-31	0.20263	0.21487	0.21522	0.19928	0
TRTL_USD	2018-12-30	0.21458	0.20834	0.21622	0.20103	0
TRTL_USD	2018-12-29	0.20945	0.21223	0.22780	0.20338	0
TRTL_USD	2018-12-28	0.21235	0.17670	0.21373	0.17450	0
TRTL_USD	2018-12-27	0.17623	0.20060	0.20255	0.17369	0
TRTL_USD	2018-12-26	0.20051	0.19816	0.21050	0.19013	0
TRTL_USD	2018-12-25	0.19815	0.21247	0.21381	0.18869	0
TRTL_USD	2018-12-24	0.21264	0.19931	0.24329	0.19913	0
TRTL_USD	2018-12-23	0.19934	0.17962	0.20548	0.17952	0
TRTL_USD	2018-12-22	0.17933	0.16595	0.17963	0.16221	0
TRTL_USD	2018-12-21	0.16595	0.14783	0.17981	0.14188	0
TRTL_USD	2018-12-20	0.14846	0.12804	0.15086	0.12704	0
TRTL_USD	2018-12-19	0.12794	0.13019	0.13857	0.12716	0
TRTL_USD	2018-12-18	0.12983	0.11698	0.13151	0.11364	0
TRTL_USD	2018-12-17	0.11699	0.10415	0.12064	0.10371	0
TRTL_USD	2018-12-16	0.10410	0.10220	0.10708	0.10200	0
TRTL_USD	2018-12-15	0.10221	0.10156	0.10329	0.09926	0
TRTL_USD	2018-12-14	0.10154	0.10478	0.10540	0.09973	0
TRTL_USD	2018-12-13	0.10454	0.10944	0.11076	0.10279	0
TRTL_USD	2018-12-12	0.10943	0.10599	0.11196	0.10512	0
TRTL_USD	2018-12-11	0.10655	0.11001	0.11219	0.10444	0
TRTL_USD	2018-12-10	0.10985	0.11433	0.11648	0.10789	0
TRTL_USD	2018-12-09	0.11453	0.11057	0.12177	0.10819	0
TRTL_USD	2018-12-08	0.11065	0.11302	0.11875	0.10222	0
TRTL_USD	2018-12-07	0.11305	0.10963	0.11782	0.09897	0
TRTL_USD	2018-12-06	0.11015	0.12237	0.12549	0.10920	0
TRTL_USD	2018-12-05	0.12212	0.13205	0.13261	0.12199	0
TRTL_USD	2018-12-04	0.13207	0.13020	0.13735	0.12694	0
TRTL_USD	2018-12-03	0.13020	0.13961	0.13993	0.12741	0
TRTL_USD	2018-12-02	0.13933	0.14263	0.14542	0.13902	0
TRTL_USD	2018-12-01	0.14263	0.13558	0.14601	0.13323	0
TRTL_USD	2018-11-30	0.13558	0.14128	0.14381	0.13366	0
TRTL_USD	2018-11-29	0.14128	0.14788	0.14887	0.13739	0
TRTL_USD	2018-11-28	0.14788	0.13323	0.15227	0.13323	0
TRTL_USD	2018-11-27	0.13323	0.13181	0.13635	0.12281	0
TRTL_USD	2018-11-26	0.13181	0.09525	0.14263	0.09525	0
TRTL_USD	2018-11-25	0.09555	0.13747	0.13810	0.08318	0
TRTL_USD	2018-11-24	0.13747	0.14927	0.15457	0.13347	0
TRTL_USD	2018-11-23	0.14927	0.15042	0.15305	0.14305	0
TRTL_USD	2018-11-22	0.15189	0.16487	0.16711	0.15189	0
TRTL_USD	2018-11-21	0.16537	0.16058	0.16860	0.15220	0
TRTL_USD	2018-11-20	0.16049	0.18039	0.18377	0.15282	0
TRTL_USD	2018-11-19	0.18039	0.21330	0.21330	0.17699	0
TRTL_USD	2018-11-18	0.21330	0.20967	0.21682	0.20967	0
TRTL_USD	2018-11-17	0.20967	0.21110	0.21168	0.20769	0
TRTL_USD	2018-11-16	0.21110	0.21950	0.22012	0.20719	0
TRTL_USD	2018-11-15	0.21950	0.22315	0.22565	0.20511	0
TRTL_USD	2018-11-14	0.22159	0.25015	0.25182	0.21202	0
TRTL_USD	2018-11-13	0.25048	0.25351	0.25432	0.24934	0
TRTL_USD	2018-11-12	0.25351	0.25389	0.25530	0.25148	0
TRTL_USD	2018-11-11	0.25432	0.25413	0.25470	0.24919	0
TRTL_USD	2018-11-10	0.25413	0.25153	0.25691	0.25095	0
TRTL_USD	2018-11-09	0.25153	0.25356	0.25670	0.24984	0
TRTL_USD	2018-11-08	0.25356	0.26104	0.26284	0.25356	0
TRTL_USD	2018-11-07	0.26104	0.26327	0.26821	0.25900	0
TRTL_USD	2018-11-06	0.26327	0.25137	0.26334	0.24935	0
TRTL_USD	2018-11-05	0.25137	0.25279	0.25351	0.24783	0
TRTL_USD	2018-11-04	0.25279	0.23853	0.26027	0.23726	0
TRTL_USD	2018-11-03	0.23853	0.24105	0.24135	0.23758	0
TRTL_USD	2018-11-02	0.24105	0.23808	0.24258	0.23808	0
TRTL_USD	2018-11-01	0.23808	0.23684	0.23862	0.23614	0
TRTL_USD	2018-10-31	0.23684	0.23521	0.23825	0.23061	0
TRTL_USD	2018-10-30	0.23547	0.23471	0.23649	0.23359	0
TRTL_USD	2018-10-29	0.23471	0.24431	0.24469	0.23335	0
TRTL_USD	2018-10-28	0.24431	0.24345	0.24481	0.24298	0
TRTL_USD	2018-10-27	0.24345	0.24440	0.24518	0.24214	0
TRTL_USD	2018-10-26	0.24440	0.19390	0.24453	0.19369	0
TRTL_USD	2018-10-25	0.19390	0.19536	0.19592	0.19319	0
TRTL_USD	2018-10-24	0.19536	0.14454	0.19726	0.14383	0
TRTL_USD	2018-10-23	0.14454	0.14472	0.14580	0.14247	0
TRTL_USD	2018-10-22	0.14472	0.24707	0.24881	0.14415	0
TRTL_USD	2018-10-21	0.24689	0.24720	0.25086	0.24601	0
TRTL_USD	2018-10-20	0.24718	0.21566	0.24847	0.21429	0
TRTL_USD	2018-10-19	0.21562	0.21679	0.21802	0.21471	0
TRTL_USD	2018-10-18	0.21679	0.22400	0.22584	0.21450	0
TRTL_USD	2018-10-17	0.22400	0.22631	0.22796	0.22127	0
TRTL_USD	2018-10-16	0.22639	0.22511	0.22975	0.22248	0
TRTL_USD	2018-10-15	0.22511	0.20707	0.25005	0.20461	0
TRTL_USD	2018-10-14	0.20692	0.21169	0.21377	0.20560	0
TRTL_USD	2018-10-13	0.21172	0.20727	0.21311	0.20708	0
TRTL_USD	2018-10-12	0.20746	0.20111	0.21167	0.20041	0
TRTL_USD	2018-10-11	0.20079	0.23849	0.23849	0.19997	0
TRTL_USD	2018-10-10	0.23849	0.24040	0.24051	0.23570	0
TRTL_USD	2018-10-09	0.24040	0.24172	0.24258	0.23849	0
TRTL_USD	2018-10-08	0.24172	0.23754	0.24398	0.23558	0
TRTL_USD	2018-10-07	0.23754	0.23658	0.23889	0.23284	0
TRTL_USD	2018-10-06	0.23658	0.24008	0.24046	0.23456	0
TRTL_USD	2018-10-05	0.24008	0.23341	0.24292	0.23090	0
TRTL_USD	2018-10-04	0.23341	0.23167	0.23786	0.23072	0
TRTL_USD	2018-10-03	0.23155	0.23708	0.23773	0.22714	0
TRTL_USD	2018-10-02	0.23739	0.24307	0.24388	0.23592	0
TRTL_USD	2018-10-01	0.24302	0.24438	0.24675	0.23699	0
TRTL_USD	2018-09-30	0.24438	0.24369	0.25075	0.23763	0
TRTL_USD	2018-09-29	0.24369	0.23312	0.24911	0.22468	0
TRTL_USD	2018-09-28	0.23312	0.23345	0.23825	0.11069	0
TRTL_USD	2018-09-27	0.23306	0.21769	0.23650	0.21418	0
TRTL_USD	2018-09-26	0.21808	0.22337	0.22620	0.21080	0
TRTL_USD	2018-09-25	0.22209	0.23160	0.23160	0.20688	0
TRTL_USD	2018-09-24	0.23160	0.26073	0.26200	0.22933	0
TRTL_USD	2018-09-23	0.26067	0.25678	0.26578	0.25286	0
TRTL_USD	2018-09-22	0.25669	0.26404	0.27159	0.24860	0
TRTL_USD	2018-09-21	0.26436	0.24080	0.26809	0.23614	0
TRTL_USD	2018-09-20	0.24080	0.22376	0.24400	0.22062	0
TRTL_USD	2018-09-19	0.22357	0.22249	0.22749	0.20990	0
TRTL_USD	2018-09-18	0.22249	0.20954	0.22824	0.20691	0
TRTL_USD	2018-09-17	0.20954	0.23458	0.23947	0.20531	0
TRTL_USD	2018-09-16	0.23458	0.23638	0.23805	0.21842	0
TRTL_USD	2018-09-15	0.23737	0.22160	0.24242	0.22160	0
TRTL_USD	2018-09-14	0.22390	0.22439	0.23804	0.21655	0
TRTL_USD	2018-09-13	0.22439	0.19512	0.22886	0.19512	0
TRTL_USD	2018-09-12	0.19512	0.19696	0.19709	0.17890	0
TRTL_USD	2018-09-11	0.19747	0.20979	0.21206	0.18986	0
TRTL_USD	2018-09-10	0.20979	0.20778	0.21473	0.19925	0
TRTL_USD	2018-09-09	0.20734	0.20849	0.22087	0.19684	0
TRTL_USD	2018-09-08	0.20849	0.22833	0.23305	0.20239	0
TRTL_USD	2018-09-07	0.22833	0.24351	0.24821	0.22659	0
TRTL_USD	2018-09-06	0.24354	0.24168	0.24569	0.22483	0
TRTL_USD	2018-09-05	0.24168	0.30244	0.30482	0.24041	0
TRTL_USD	2018-09-04	0.30244	0.30633	0.31038	0.29968	0
TRTL_USD	2018-09-03	0.30664	0.31192	0.31416	0.30342	0
TRTL_USD	2018-09-02	0.31192	0.31347	0.31732	0.30692	0
TRTL_USD	2018-09-01	0.31347	0.29879	0.32031	0.29879	0
TRTL_USD	2018-08-31	0.29879	0.30115	0.30197	0.29325	0
TRTL_USD	2018-08-30	0.30130	0.30608	0.30848	0.28880	0
TRTL_USD	2018-08-29	0.30645	0.31333	0.31463	0.30141	0
TRTL_USD	2018-08-28	0.31333	0.30516	0.31574	0.29979	0
TRTL_USD	2018-08-27	0.30416	0.29080	0.30416	0.28822	0
TRTL_USD	2018-08-26	0.29080	0.29392	0.29429	0.28562	0
TRTL_USD	2018-08-25	0.29392	0.29815	0.29970	0.29334	0
TRTL_USD	2018-08-24	0.29815	0.29250	0.29999	0.28679	0
TRTL_USD	2018-08-23	0.29241	0.27035	0.29467	0.25624	0
TRTL_USD	2018-08-22	0.26991	0.28113	0.29915	0.26026	0
TRTL_USD	2018-08-21	0.28108	0.27040	0.28578	0.26988	0
TRTL_USD	2018-08-20	0.27027	0.29929	0.30370	0.26954	0
TRTL_USD	2018-08-19	0.29937	0.29434	0.30645	0.28884	0
TRTL_USD	2018-08-18	0.29403	0.31748	0.32100	0.28289	0
TRTL_USD	2018-08-17	0.31721	0.28652	0.31813	0.28533	0
TRTL_USD	2018-08-16	0.28692	0.28111	0.29873	0.27808	0
TRTL_USD	2018-08-15	0.28088	0.27850	0.30402	0.27706	0
TRTL_USD	2018-08-14	0.27816	0.28393	0.28393	0.25098	0
TRTL_USD	2018-08-13	0.28393	0.31817	0.32184	0.28081	0
TRTL_USD	2018-08-12	0.31817	0.31776	0.32720	0.31505	0
TRTL_USD	2018-08-11	0.31813	0.33182	0.33235	0.30516	0
TRTL_USD	2018-08-10	0.33192	0.29983	0.33266	0.14308	0
TRTL_USD	2018-08-09	0.29964	0.29355	0.30520	0.28944	0
TRTL_USD	2018-08-08	0.29339	0.44369	0.44679	0.28810	0
TRTL_USD	2018-08-07	0.44393	0.30360	0.44874	0.27648	0
TRTL_USD	2018-08-06	0.30364	0.48041	0.48510	0.30080	0
TRTL_USD	2018-08-05	0.48028	0.40699	0.48573	0.39991	0
TRTL_USD	2018-08-04	0.40666	0.31719	0.41857	0.31509	0
TRTL_USD	2018-08-03	0.31719	0.27530	0.31871	0.26740	0
TRTL_USD	2018-08-02	0.27530	0.28145	0.28416	0.27318	0
TRTL_USD	2018-08-01	0.28127	0.28982	0.29140	0.27330	0
TRTL_USD	2018-07-31	0.28967	0.34407	0.34477	0.28655	0
TRTL_USD	2018-07-30	0.34407	0.35141	0.35338	0.33661	0
TRTL_USD	2018-07-29	0.35160	0.37479	0.37479	0.34775	0
TRTL_USD	2018-07-28	0.37479	0.37479	0.37479	0.37479	0
TRTL_USD	2018-07-27	0.37479	0.37479	0.37479	0.37479	0
TRTL_USD	2018-07-26	0.37479	0.36834	0.37791	0.36834	0
TRTL_USD	2018-07-25	0.36807	0.37334	0.37830	0.36217	0
TRTL_USD	2018-07-24	0.37461	0.35055	0.37791	0.34993	0
TRTL_USD	2018-07-23	0.35042	0.35678	0.36662	0.34839	0
TRTL_USD	2018-07-22	0.35724	0.35938	0.36806	0.35490	0
TRTL_USD	2018-07-21	0.35938	0.35033	0.36527	0.34486	0
TRTL_USD	2018-07-20	0.35033	0.36554	0.36585	0.34337	0
TRTL_USD	2018-07-19	0.36554	0.36335	0.37199	0.28222	0
TRTL_USD	2018-07-18	0.36334	0.29170	0.37904	0.28692	0
TRTL_USD	2018-07-17	0.29170	0.27963	0.29884	0.27244	0
TRTL_USD	2018-07-16	0.28001	0.26294	0.28089	0.26018	0
TRTL_USD	2018-07-15	0.26294	0.25336	0.26599	0.25201	0
TRTL_USD	2018-07-14	0.25336	0.25258	0.25674	0.25005	0
TRTL_USD	2018-07-13	0.25249	0.24814	0.25840	0.24773	0
TRTL_USD	2018-07-12	0.24767	0.38667	0.38667	0.24106	0
TRTL_USD	2018-07-11	0.38619	0.35251	0.38619	0.35119	0
TRTL_USD	2018-07-10	0.35216	0.37350	0.37754	0.33930	0
TRTL_USD	2018-07-09	0.37291	0.38547	0.38689	0.37164	0
TRTL_USD	2018-07-08	0.38547	0.40519	0.41004	0.38470	0
TRTL_USD	2018-07-07	0.40519	0.40028	0.40685	0.38449	0
TRTL_USD	2018-07-06	0.39995	0.58404	0.58698	0.39566	0
TRTL_USD	2018-07-05	0.58523	0.58353	0.59822	0.57334	0
TRTL_USD	2018-07-04	0.58433	0.56350	0.59433	0.54982	0
TRTL_USD	2018-07-03	0.56245	0.58099	0.59259	0.56065	0
TRTL_USD	2018-07-02	0.58074	0.55055	0.58713	0.00000	0
TRTL_USD	2018-07-01	0.55057	0.55278	0.55651	0.54183	0
TRTL_USD	2018-06-30	0.55293	0.39213	0.55630	0.39213	0
TRTL_USD	2018-06-29	0.39220	0.37808	0.39835	0.36450	0
TRTL_USD	2018-06-28	0.37945	0.39789	0.39915	0.37595	0
TRTL_USD	2018-06-27	0.39749	0.38638	0.40122	0.37750	0
TRTL_USD	2018-06-26	0.38717	0.41423	0.41517	0.38619	0
TRTL_USD	2018-06-25	0.41310	0.40775	0.42563	0.40082	0
TRTL_USD	2018-06-24	0.40979	0.36062	0.55371	0.32921	0
TRTL_USD	2018-06-23	0.35984	0.35489	0.36527	0.34901	0
TRTL_USD	2018-06-22	0.35440	0.39976	0.39984	0.34813	0
TRTL_USD	2018-06-21	0.39984	0.43172	0.43897	0.39984	0
TRTL_USD	2018-06-20	0.43169	0.43296	0.43631	0.41620	0
TRTL_USD	2018-06-19	0.43347	0.44280	0.45998	0.42679	0
TRTL_USD	2018-06-18	0.44233	0.42496	0.45981	0.41692	0
TRTL_USD	2018-06-17	0.42398	0.42475	0.43410	0.42201	0
TRTL_USD	2018-06-16	0.42475	0.42599	0.43732	0.41370	0
TRTL_USD	2018-06-15	0.42637	0.49407	0.49481	0.42300	0
TRTL_USD	2018-06-14	0.49236	0.45258	0.49866	0.43678	0
TRTL_USD	2018-06-13	0.45235	0.48634	0.49359	0.42776	0
TRTL_USD	2018-06-12	0.48611	0.57058	0.58051	0.47651	0
TRTL_USD	2018-06-11	0.57082	0.58899	0.60220	0.47641	0
TRTL_USD	2018-06-10	0.58876	0.76829	0.76829	0.47965	0
TRTL_USD	2018-06-09	0.77115	0.80987	0.82283	0.76954	0
TRTL_USD	2018-06-08	0.80983	0.58625	0.81415	0.58118	0
TRTL_USD	2018-06-07	0.58723	0.58122	0.59396	0.58070	0
TRTL_USD	2018-06-06	0.57997	0.56711	0.57997	0.54865	0
TRTL_USD	2018-06-05	0.56610	0.44476	0.56801	0.43209	0
TRTL_USD	2018-06-04	0.44332	0.49612	0.50000	0.36138	0
TRTL_USD	2018-06-03	0.49552	0.47271	0.50240	0.47205	0
TRTL_USD	2018-06-02	0.47236	0.40497	0.47990	0.36240	0
TRTL_USD	2018-06-01	0.40373	0.60560	0.61021	0.39430	0
TRTL_USD	2018-05-31	0.60691	0.64057	0.70079	0.59462	0
TRTL_USD	2018-05-30	0.64094	0.65253	0.67295	0.47458	0
TRTL_USD	2018-05-29	0.64935	0.58879	0.65812	0.58778	0
TRTL_USD	2018-05-28	0.58875	0.51380	0.62043	0.45441	0
TRTL_USD	2018-05-27	0.51380	0.70271	0.70271	0.49739	0
TRTL_USD	2018-05-26	0.70271	0.70130	0.72790	0.66880	0
TRTL_USD	2018-05-25	0.70127	0.66306	0.70127	0.64286	0
TRTL_USD	2018-05-24	0.66312	0.58408	0.66526	0.49769	0
TRTL_USD	2018-05-23	0.58319	0.64716	0.66820	0.57020	0
TRTL_USD	2018-05-22	0.64809	0.74936	0.79899	0.64498	0
TRTL_USD	2018-05-21	0.74816	0.70469	0.76344	0.69324	0
TRTL_USD	2018-05-20	0.70454	0.74512	0.76080	0.69415	0
TRTL_USD	2018-05-19	0.74450	0.69291	0.76723	0.68330	0
TRTL_USD	2018-05-18	0.69272	0.73396	0.74668	0.64721	0
TRTL_USD	2018-05-17	0.73524	0.84907	0.86170	0.72741	0
TRTL_USD	2018-05-16	0.84822	0.79668	0.95789	0.76345	0
TRTL_USD	2018-05-15	0.79671	0.80361	0.82301	0.53826	0
TRTL_USD	2018-05-14	0.80361	0.80518	0.81971	0.54864	0
TRTL_USD	2018-05-13	0.80517	0.77314	0.83094	0.75744	0
TRTL_USD	2018-05-12	0.77228	0.81007	0.81016	0.72256	0
TRTL_USD	2018-05-11	0.80735	0.74562	0.82794	0.73418	0
TRTL_USD	2018-05-10	0.74588	0.79696	0.80476	0.61449	0
TRTL_USD	2018-05-09	0.79696	0.86387	0.87740	0.78783	0
TRTL_USD	2018-05-08	0.86499	0.61574	1.04777	0.00075	0
TRTL_USD	2018-05-07	0.61879	0.67612	0.67968	0.57669	0
TRTL_USD	2018-05-06	0.67609	0.70860	0.72361	0.62236	0
TRTL_USD	2018-05-05	0.70817	0.67948	0.72791	0.64797	0
TRTL_USD	2018-05-04	0.67948	0.67028	0.69307	0.65435	0
TRTL_USD	2018-05-03	0.67028	0.60165	0.67940	0.59366	0
TRTL_USD	2018-05-02	0.60165	0.58679	0.60473	0.58102	0
TRTL_USD	2018-05-01	0.58684	0.56367	0.62502	0.52918	0
TRTL_USD	2018-04-30	0.56302	0.58764	0.59372	0.51317	0
TRTL_USD	2018-04-29	0.58730	0.58781	0.60242	0.56580	0
TRTL_USD	2018-04-28	0.58841	0.63162	0.67049	0.58044	0
TRTL_USD	2018-04-27	0.63221	0.56774	0.64280	0.55460	0
TRTL_USD	2018-04-26	0.56764	0.52878	0.56993	0.51375	0
TRTL_USD	2018-04-25	0.52878	0.55525	0.69547	0.50729	0
TRTL_USD	2018-04-24	0.55649	0.73899	0.81129	0.55649	0
TRTL_USD	2018-04-23	0.73932	0.71321	0.74410	0.71232	0
TRTL_USD	2018-04-22	0.71403	0.69465	0.75587	0.67952	0
TRTL_USD	2018-04-21	0.69465	0.71304	0.72243	0.66474	0
TRTL_USD	2018-04-20	0.71188	0.62729	0.74745	0.57792	0
TRTL_USD	2018-04-19	0.62664	0.58139	0.63078	0.57739	0
TRTL_USD	2018-04-18	0.58112	0.55624	0.69570	0.55485	0
TRTL_USD	2018-04-17	0.55688	0.56256	0.57649	0.55445	0
TRTL_USD	2018-04-16	0.56275	0.77008	0.77482	0.54924	0
TRTL_USD	2018-04-15	0.76860	0.72428	0.77028	0.72428	0
TRTL_USD	2018-04-14	0.72443	0.71187	0.74073	0.70123	0
TRTL_USD	2018-04-13	0.70974	0.71133	0.76104	0.69476	0
TRTL_USD	2018-04-12	0.71239	0.62346	0.71787	0.60138	0
TRTL_USD	2018-04-11	0.62407	0.56310	0.62868	0.56196	0
TRTL_USD	2018-04-10	0.56309	0.53836	0.56674	0.52827	0
TRTL_USD	2018-04-09	0.53686	0.53445	0.57502	0.51909	0
TRTL_USD	2018-04-08	0.53525	0.53217	0.54392	0.50164	0
TRTL_USD	2018-04-07	0.53225	0.47881	0.53363	0.47780	0
TRTL_USD	2018-04-06	0.47883	0.49821	0.50301	0.47252	0
TRTL_USD	2018-04-05	0.49738	0.46682	0.50309	0.44713	0
TRTL_USD	2018-04-04	0.46738	0.51448	0.51614	0.42316	0
TRTL_USD	2018-04-03	0.51514	0.48882	0.53781	0.48177	0
TRTL_USD	2018-04-02	0.48882	0.48016	0.49959	0.47584	0
TRTL_USD	2018-04-01	0.48027	0.50786	0.51471	0.45443	0
TRTL_USD	2018-03-31	0.50778	0.48055	0.57155	0.42521	0
TRTL_USD	2018-03-30	0.48033	0.41410	0.48348	0.39329	0
TRTL_USD	2018-03-29	0.41403	0.54546	0.54857	0.40929	0
TRTL_USD	2018-03-28	0.54530	0.54864	0.56957	0.53877	0
TRTL_USD	2018-03-27	0.54873	0.52510	0.57551	0.48258	0
TRTL_USD	2018-03-26	0.52652	0.59328	0.63939	0.52509	0
TRTL_USD	2018-03-25	0.59264	0.58624	0.89354	0.50974	0
TRTL_USD	2018-03-24	0.58619	0.70974	0.73161	0.58619	0
TRTL_USD	2018-03-23	0.70791	0.61168	0.70791	0.57925	0
TRTL_USD	2018-03-22	0.61146	0.69852	0.71411	0.59484	0
TRTL_USD	2018-03-21	0.69889	0.69579	0.73619	0.64333	0
TRTL_USD	2018-03-20	0.69519	0.64348	0.70753	0.59515	0
TRTL_USD	2018-03-19	0.64374	0.70601	0.74871	0.61973	0
TRTL_USD	2018-03-18	0.70527	0.73006	0.73724	0.54408	0
TRTL_USD	2018-03-17	0.73249	0.68521	0.74841	0.61916	0
TRTL_USD	2018-03-16	0.68671	0.70170	0.71275	0.67519	0
TRTL_USD	2018-03-15	0.70082	0.73310	0.73943	0.63422	0
TRTL_USD	2018-03-14	0.73203	0.83480	0.85161	0.70294	0
TRTL_USD	2018-03-13	0.83443	0.75537	1.00492	0.75073	0
TRTL_USD	2018-03-12	0.75460	1.02575	1.04317	0.73470	0
TRTL_USD	2018-03-11	1.02606	0.83560	1.06589	0.81516	0
TRTL_USD	2018-03-10	0.83637	1.04526	1.07464	0.83142	0
TRTL_USD	2018-03-09	1.04703	1.06727	1.09257	0.84112	0
TRTL_USD	2018-03-08	1.06707	1.17400	1.21074	1.05422	0
