TTC_USD	2019-04-09	0.151507	0.145080	0.164764	0.143168	0
TTC_USD	2019-04-08	0.145315	0.111249	0.146818	0.087347	0
TTC_USD	2019-04-07	0.111602	0.128893	0.129313	0.103281	0
TTC_USD	2019-04-06	0.128807	0.179283	0.195913	0.125734	0
TTC_USD	2019-04-05	0.179551	0.173177	0.190639	0.168662	0
TTC_USD	2019-04-04	0.173118	0.174920	0.187701	0.163569	0
TTC_USD	2019-04-03	0.174284	0.188875	0.209712	0.165076	0
TTC_USD	2019-04-02	0.188958	0.183223	0.201484	0.161646	0
TTC_USD	2019-04-01	0.183669	0.225119	0.252725	0.160888	0
TTC_USD	2019-03-31	0.225139	0.135652	0.225139	0.135585	0
TTC_USD	2019-03-30	0.135568	0.104824	0.204083	0.099673	0
TTC_USD	2019-03-29	0.105597	0.085694	0.118513	0.085165	0
TTC_USD	2019-03-28	0.085689	0.078047	0.086425	0.069735	0
TTC_USD	2019-03-27	0.078046	0.073746	0.080258	0.072451	0
TTC_USD	2019-03-26	0.073776	0.079373	0.079718	0.070639	0
TTC_USD	2019-03-25	0.078886	0.080098	0.081648	0.071933	0
TTC_USD	2019-03-24	0.080141	0.073997	0.080745	0.072428	0
TTC_USD	2019-03-23	0.073991	0.070782	0.073991	0.070289	0
TTC_USD	2019-03-22	0.070800	0.066146	0.071426	0.065570	0
TTC_USD	2019-03-21	0.065991	0.069263	0.069762	0.062033	0
TTC_USD	2019-03-20	0.069240	0.071173	0.071883	0.067713	0
TTC_USD	2019-03-19	0.071940	0.066586	0.071983	0.065470	0
TTC_USD	2019-03-18	0.066571	0.066627	0.069977	0.062671	0
TTC_USD	2019-03-17	0.066516	0.069892	0.069982	0.062822	0
TTC_USD	2019-03-16	0.069878	0.059343	0.071194	0.058642	0
TTC_USD	2019-03-15	0.059348	0.056313	0.063582	0.055529	0
TTC_USD	2019-03-14	0.055817	0.045238	0.056686	0.044132	0
TTC_USD	2019-03-13	0.045232	0.043057	0.045499	0.040687	0
TTC_USD	2019-03-12	0.043056	0.047804	0.047996	0.037847	0
TTC_USD	2019-03-11	0.047788	0.041002	0.049788	0.040352	0
TTC_USD	2019-03-10	0.040332	0.037343	0.041133	0.036342	0
TTC_USD	2019-03-09	0.037402	0.031776	0.038314	0.031622	0
TTC_USD	2019-03-08	0.031774	0.031350	0.034377	0.030192	0
TTC_USD	2019-03-07	0.031245	0.031931	0.032518	0.028511	0
TTC_USD	2019-03-06	0.031923	0.029029	0.032002	0.028012	0
TTC_USD	2019-03-05	0.029013	0.025517	0.029527	0.025055	0
TTC_USD	2019-03-04	0.025521	0.026778	0.028062	0.024053	0
TTC_USD	2019-03-03	0.026737	0.026404	0.027503	0.025952	0
TTC_USD	2019-03-02	0.026400	0.025225	0.026616	0.023675	0
TTC_USD	2019-03-01	0.025240	0.025876	0.025981	0.024352	0
TTC_USD	2019-02-28	0.025739	0.026068	0.027890	0.024695	0
TTC_USD	2019-02-27	0.026083	0.023838	0.027084	0.023592	0
TTC_USD	2019-02-26	0.023875	0.019521	0.023990	0.019467	0
TTC_USD	2019-02-25	0.019503	0.019030	0.020210	0.018958	0
TTC_USD	2019-02-24	0.018998	0.023099	0.024146	0.018998	0
TTC_USD	2019-02-23	0.023135	0.021860	0.023355	0.020794	0
TTC_USD	2019-02-22	0.021893	0.022029	0.022367	0.021180	0
TTC_USD	2019-02-21	0.022046	0.020611	0.023935	0.020083	0
TTC_USD	2019-02-20	0.020692	0.017806	0.021553	0.016938	0
TTC_USD	2019-02-19	0.017827	0.018330	0.020180	0.017403	0
TTC_USD	2019-02-18	0.018361	0.015867	0.019496	0.015511	0
TTC_USD	2019-02-17	0.015893	0.015981	0.017816	0.015158	0
TTC_USD	2019-02-16	0.015985	0.015732	0.016698	0.014463	0
TTC_USD	2019-02-15	0.015722	0.016510	0.016630	0.014072	0
TTC_USD	2019-02-14	0.016526	0.016269	0.017092	0.015467	0
TTC_USD	2019-02-13	0.016287	0.015843	0.017205	0.015273	0
TTC_USD	2019-02-12	0.015796	0.016275	0.016632	0.015560	0
TTC_USD	2019-02-11	0.016270	0.016201	0.016587	0.015377	0
TTC_USD	2019-02-10	0.016228	0.017508	0.017563	0.015105	0
TTC_USD	2019-02-09	0.017526	0.019081	0.019147	0.016991	0
TTC_USD	2019-02-08	0.019108	0.017545	0.021404	0.017490	0
TTC_USD	2019-02-07	0.017536	0.018203	0.018253	0.016547	0
TTC_USD	2019-02-06	0.018203	0.021170	0.021461	0.017735	0
TTC_USD	2019-02-05	0.021174	0.020215	0.021313	0.017901	0
TTC_USD	2019-02-04	0.020204	0.015115	0.021009	0.015084	0
TTC_USD	2019-02-03	0.015091	0.015520	0.015591	0.014651	0
TTC_USD	2019-02-02	0.015476	0.014903	0.015633	0.014797	0
TTC_USD	2019-02-01	0.014904	0.014591	0.015381	0.013927	0
TTC_USD	2019-01-31	0.014523	0.014338	0.015287	0.013940	0
TTC_USD	2019-01-30	0.014349	0.013983	0.014974	0.012904	0
TTC_USD	2019-01-29	0.014005	0.013511	0.014005	0.011722	0
TTC_USD	2019-01-28	0.013497	0.013206	0.013806	0.012434	0
TTC_USD	2019-01-27	0.012941	0.012430	0.014940	0.011703	0
TTC_USD	2019-01-26	0.012433	0.011606	0.017981	0.011476	0
TTC_USD	2019-01-25	0.011605	0.010799	0.012569	0.010566	0
TTC_USD	2019-01-24	0.010800	0.010675	0.012098	0.009312	0
TTC_USD	2019-01-23	0.010665	0.011541	0.013243	0.010481	0
TTC_USD	2019-01-22	0.011540	0.012569	0.012876	0.011089	0
TTC_USD	2019-01-21	0.012584	0.012521	0.014272	0.011847	0
TTC_USD	2019-01-20	0.012502	0.012735	0.014172	0.011969	0
TTC_USD	2019-01-19	0.012725	0.012377	0.013429	0.011682	0
TTC_USD	2019-01-18	0.012535	0.013139	0.013179	0.012087	0
TTC_USD	2019-01-17	0.013065	0.013760	0.013840	0.012722	0
TTC_USD	2019-01-16	0.013696	0.013333	0.014177	0.013159	0
TTC_USD	2019-01-15	0.013353	0.015000	0.015149	0.013011	0
TTC_USD	2019-01-14	0.015000	0.014790	0.015429	0.014035	0
TTC_USD	2019-01-13	0.014777	0.016459	0.016515	0.014441	0
TTC_USD	2019-01-12	0.016456	0.017238	0.017310	0.016303	0
TTC_USD	2019-01-11	0.017238	0.017588	0.018287	0.016758	0
TTC_USD	2019-01-10	0.017582	0.021375	0.021791	0.017180	0
TTC_USD	2019-01-09	0.021368	0.020503	0.021535	0.020487	0
TTC_USD	2019-01-08	0.020480	0.022176	0.022302	0.020187	0
TTC_USD	2019-01-07	0.022126	0.023480	0.023737	0.021830	0
TTC_USD	2019-01-06	0.023450	0.022636	0.024092	0.022152	0
TTC_USD	2019-01-05	0.022630	0.024370	0.025250	0.022475	0
TTC_USD	2019-01-04	0.024369	0.024382	0.024822	0.023339	0
TTC_USD	2019-01-03	0.024373	0.025443	0.025602	0.023239	0
TTC_USD	2019-01-02	0.025452	0.024186	0.025786	0.022368	0
TTC_USD	2019-01-01	0.023970	0.023623	0.024315	0.023012	0
TTC_USD	2018-12-31	0.023623	0.025397	0.025397	0.023327	0
TTC_USD	2018-12-30	0.025317	0.024833	0.025584	0.024197	0
TTC_USD	2018-12-29	0.024965	0.025390	0.026771	0.024599	0
TTC_USD	2018-12-28	0.025358	0.021702	0.025657	0.021491	0
TTC_USD	2018-12-27	0.021644	0.025399	0.025597	0.021314	0
TTC_USD	2018-12-26	0.025387	0.025845	0.026693	0.023741	0
TTC_USD	2018-12-25	0.025843	0.027524	0.027696	0.024646	0
TTC_USD	2018-12-24	0.027545	0.028208	0.033512	0.026039	0
TTC_USD	2018-12-23	0.028211	0.024246	0.028380	0.024233	0
TTC_USD	2018-12-22	0.024206	0.022892	0.024262	0.022613	0
TTC_USD	2018-12-21	0.022892	0.024389	0.024814	0.022606	0
TTC_USD	2018-12-20	0.024492	0.021381	0.024896	0.021215	0
TTC_USD	2018-12-19	0.021365	0.021695	0.023494	0.021276	0
TTC_USD	2018-12-18	0.021635	0.020428	0.022047	0.019925	0
TTC_USD	2018-12-17	0.020430	0.019180	0.020629	0.016751	0
TTC_USD	2018-12-16	0.019379	0.019423	0.020152	0.019256	0
TTC_USD	2018-12-15	0.019425	0.019539	0.019795	0.018331	0
TTC_USD	2018-12-14	0.019537	0.020158	0.020348	0.019259	0
TTC_USD	2018-12-13	0.020112	0.021320	0.021481	0.019837	0
TTC_USD	2018-12-12	0.021349	0.020456	0.021646	0.020287	0
TTC_USD	2018-12-11	0.020565	0.022008	0.022364	0.020315	0
TTC_USD	2018-12-10	0.021977	0.023638	0.024523	0.021646	0
TTC_USD	2018-12-09	0.023679	0.024089	0.026316	0.023354	0
TTC_USD	2018-12-08	0.024106	0.025530	0.026576	0.022318	0
TTC_USD	2018-12-07	0.025536	0.024684	0.026323	0.022235	0
TTC_USD	2018-12-06	0.024803	0.027761	0.028291	0.024639	0
TTC_USD	2018-12-05	0.027704	0.031972	0.032234	0.027637	0
TTC_USD	2018-12-04	0.031978	0.031337	0.034338	0.030843	0
TTC_USD	2018-12-03	0.031337	0.037455	0.037574	0.031093	0
TTC_USD	2018-12-02	0.037420	0.035394	0.042393	0.035358	0
TTC_USD	2018-12-01	0.035394	0.031439	0.035693	0.030614	0
TTC_USD	2018-11-30	0.031444	0.026292	0.034357	0.025244	0
TTC_USD	2018-11-29	0.026292	0.027848	0.028527	0.025389	0
TTC_USD	2018-11-28	0.027880	0.024796	0.028625	0.024678	0
TTC_USD	2018-11-27	0.024796	0.024480	0.025377	0.023148	0
TTC_USD	2018-11-26	0.024480	0.026348	0.026936	0.023536	0
TTC_USD	2018-11-25	0.026432	0.027868	0.028016	0.023850	0
TTC_USD	2018-11-24	0.027868	0.029641	0.031059	0.027059	0
TTC_USD	2018-11-23	0.029685	0.028659	0.030703	0.027935	0
TTC_USD	2018-11-22	0.028938	0.030838	0.031174	0.028938	0
TTC_USD	2018-11-21	0.030930	0.030735	0.032257	0.029356	0
TTC_USD	2018-11-20	0.030717	0.035298	0.037111	0.029991	0
TTC_USD	2018-11-19	0.035237	0.051895	0.051895	0.034048	0
TTC_USD	2018-11-18	0.051895	0.052652	0.053392	0.051195	0
TTC_USD	2018-11-17	0.052652	0.053098	0.053386	0.052264	0
TTC_USD	2018-11-16	0.053167	0.058008	0.058141	0.052021	0
TTC_USD	2018-11-15	0.058007	0.059999	0.060692	0.054562	0
TTC_USD	2018-11-14	0.059582	0.069210	0.070155	0.057572	0
TTC_USD	2018-11-13	0.069303	0.073965	0.074035	0.069253	0
TTC_USD	2018-11-12	0.073964	0.074277	0.074879	0.073227	0
TTC_USD	2018-11-11	0.074402	0.068829	0.075535	0.068384	0
TTC_USD	2018-11-10	0.068829	0.068917	0.071345	0.068654	0
TTC_USD	2018-11-09	0.068991	0.074257	0.074713	0.066671	0
TTC_USD	2018-11-08	0.074258	0.072184	0.075355	0.071425	0
TTC_USD	2018-11-07	0.072184	0.073546	0.075031	0.071675	0
TTC_USD	2018-11-06	0.073529	0.070468	0.073529	0.069743	0
TTC_USD	2018-11-05	0.070468	0.080026	0.080310	0.069237	0
TTC_USD	2018-11-04	0.080188	0.075190	0.081129	0.074160	0
TTC_USD	2018-11-03	0.075297	0.068483	0.076098	0.068115	0
TTC_USD	2018-11-02	0.068485	0.076835	0.077820	0.067604	0
TTC_USD	2018-11-01	0.076621	0.069279	0.076877	0.058064	0
TTC_USD	2018-10-31	0.069279	0.069210	0.069432	0.067736	0
TTC_USD	2018-10-30	0.069210	0.072099	0.072795	0.068262	0
TTC_USD	2018-10-29	0.072099	0.076458	0.076785	0.071587	0
TTC_USD	2018-10-28	0.076458	0.078648	0.079475	0.076161	0
TTC_USD	2018-10-27	0.078648	0.078762	0.079284	0.077920	0
TTC_USD	2018-10-26	0.078763	0.080780	0.081020	0.070650	0
TTC_USD	2018-10-25	0.080780	0.084169	0.084584	0.080780	0
TTC_USD	2018-10-24	0.084169	0.078180	0.084790	0.077933	0
TTC_USD	2018-10-23	0.078186	0.075517	0.080688	0.075134	0
TTC_USD	2018-10-22	0.075517	0.067229	0.077956	0.067000	0
TTC_USD	2018-10-21	0.067180	0.073778	0.074381	0.065435	0
TTC_USD	2018-10-20	0.073769	0.074717	0.077187	0.071701	0
TTC_USD	2018-10-19	0.074702	0.078168	0.081437	0.074451	0
TTC_USD	2018-10-18	0.078168	0.072652	0.079556	0.071426	0
TTC_USD	2018-10-17	0.072652	0.073108	0.073525	0.070702	0
TTC_USD	2018-10-16	0.073132	0.065095	0.074935	0.061439	0
TTC_USD	2018-10-15	0.065094	0.059648	0.071614	0.058974	0
TTC_USD	2018-10-14	0.059609	0.059357	0.060980	0.059038	0
TTC_USD	2018-10-13	0.059166	0.058449	0.060783	0.057731	0
TTC_USD	2018-10-12	0.058504	0.056454	0.059347	0.056348	0
TTC_USD	2018-10-11	0.056366	0.064096	0.064582	0.053660	0
TTC_USD	2018-10-10	0.064091	0.061476	0.064154	0.060258	0
TTC_USD	2018-10-09	0.061476	0.061222	0.064218	0.060754	0
TTC_USD	2018-10-08	0.061222	0.056378	0.061677	0.055129	0
TTC_USD	2018-10-07	0.056375	0.053925	0.058099	0.053788	0
TTC_USD	2018-10-06	0.053927	0.051428	0.054275	0.050960	0
TTC_USD	2018-10-05	0.051430	0.047517	0.052419	0.047030	0
TTC_USD	2018-10-04	0.047517	0.048845	0.050178	0.047163	0
TTC_USD	2018-10-03	0.048828	0.049290	0.050189	0.047917	0
TTC_USD	2018-10-02	0.049354	0.054801	0.054983	0.049115	0
TTC_USD	2018-10-01	0.054789	0.056293	0.058030	0.053893	0
TTC_USD	2018-09-30	0.056128	0.061079	0.061859	0.054227	0
TTC_USD	2018-09-29	0.061079	0.064318	0.064318	0.058094	0
TTC_USD	2018-09-28	0.064319	0.059133	0.067359	0.059133	0
TTC_USD	2018-09-27	0.059090	0.056380	0.060220	0.055345	0
TTC_USD	2018-09-26	0.056481	0.056714	0.058580	0.054622	0
TTC_USD	2018-09-25	0.056389	0.060099	0.060099	0.052810	0
TTC_USD	2018-09-24	0.060099	0.063934	0.064120	0.058797	0
TTC_USD	2018-09-23	0.063918	0.063482	0.065428	0.060873	0
TTC_USD	2018-09-22	0.063459	0.064582	0.066145	0.062376	0
TTC_USD	2018-09-21	0.064659	0.056365	0.065632	0.055330	0
TTC_USD	2018-09-20	0.056365	0.052168	0.057113	0.050479	0
TTC_USD	2018-09-19	0.052126	0.051861	0.053267	0.049409	0
TTC_USD	2018-09-18	0.051859	0.050314	0.053286	0.048340	0
TTC_USD	2018-09-17	0.050267	0.053194	0.054513	0.049206	0
TTC_USD	2018-09-16	0.053193	0.050369	0.053793	0.047863	0
TTC_USD	2018-09-15	0.050571	0.045677	0.051380	0.045611	0
TTC_USD	2018-09-14	0.045945	0.044683	0.047592	0.043864	0
TTC_USD	2018-09-13	0.044499	0.039137	0.045793	0.039137	0
TTC_USD	2018-09-12	0.039137	0.039488	0.039513	0.036906	0
TTC_USD	2018-09-11	0.039589	0.040918	0.042754	0.038259	0
TTC_USD	2018-09-10	0.040921	0.040772	0.042038	0.039487	0
TTC_USD	2018-09-09	0.040685	0.040089	0.043835	0.038630	0
TTC_USD	2018-09-08	0.040089	0.040773	0.042953	0.039011	0
TTC_USD	2018-09-07	0.040773	0.045333	0.045929	0.040237	0
TTC_USD	2018-09-06	0.045339	0.043361	0.045351	0.037006	0
TTC_USD	2018-09-05	0.043676	0.048985	0.052717	0.043557	0
TTC_USD	2018-09-04	0.048986	0.045038	0.049724	0.044864	0
TTC_USD	2018-09-03	0.045097	0.045577	0.046456	0.044719	0
TTC_USD	2018-09-02	0.045580	0.046102	0.046610	0.045030	0
TTC_USD	2018-09-01	0.046102	0.044333	0.047070	0.043980	0
TTC_USD	2018-08-31	0.044333	0.047360	0.047556	0.044060	0
TTC_USD	2018-08-30	0.047437	0.039590	0.052368	0.037934	0
TTC_USD	2018-08-29	0.039617	0.046967	0.047278	0.039238	0
TTC_USD	2018-08-28	0.047023	0.047982	0.047982	0.046287	0
TTC_USD	2018-08-27	0.047855	0.045821	0.047855	0.045309	0
TTC_USD	2018-08-26	0.045802	0.048984	0.049061	0.045319	0
