TX_USD	2019-04-09	0.23299	0.23841	0.23841	0.23083	0
TX_USD	2019-04-08	0.23841	0.24898	0.25438	0.22627	0
TX_USD	2019-04-07	0.24898	0.25109	0.25512	0.24194	0
TX_USD	2019-04-06	0.25109	0.25119	0.28200	0.24720	0
TX_USD	2019-04-05	0.25119	0.24186	0.25606	0.23209	0
TX_USD	2019-04-04	0.24186	0.23191	0.24898	0.22960	0
TX_USD	2019-04-03	0.23191	0.25632	0.25700	0.22121	0
TX_USD	2019-04-02	0.25632	0.26472	0.30983	0.24469	0
TX_USD	2019-04-01	0.26472	0.26812	0.33883	0.25871	0
TX_USD	2019-03-31	0.26812	0.26512	0.27585	0.25576	0
TX_USD	2019-03-30	0.26512	0.27958	0.28260	0.25508	0
TX_USD	2019-03-29	0.27958	0.29540	0.29766	0.26628	0
TX_USD	2019-03-28	0.29540	0.33631	0.33631	0.27876	0
TX_USD	2019-03-27	0.33631	0.24964	0.34204	0.24878	0
TX_USD	2019-03-26	0.24964	0.25938	0.26284	0.24845	0
TX_USD	2019-03-25	0.25938	0.28882	0.28917	0.25356	0
TX_USD	2019-03-24	0.28882	0.29427	0.29984	0.28354	0
TX_USD	2019-03-23	0.29427	0.31413	0.31553	0.28832	0
TX_USD	2019-03-22	0.31413	0.32842	0.32889	0.31413	0
TX_USD	2019-03-21	0.32842	0.33207	0.34270	0.32301	0
TX_USD	2019-03-20	0.33207	0.33504	0.33666	0.32307	0
TX_USD	2019-03-19	0.33504	0.32093	0.33575	0.31702	0
TX_USD	2019-03-18	0.32093	0.32731	0.33634	0.31754	0
TX_USD	2019-03-17	0.32731	0.34008	0.34008	0.32731	0
TX_USD	2019-03-16	0.34008	0.31789	0.34009	0.31783	0
TX_USD	2019-03-15	0.31789	0.31810	0.32747	0.31339	0
TX_USD	2019-03-14	0.31810	0.32361	0.32752	0.31018	0
TX_USD	2019-03-13	0.32361	0.31662	0.32711	0.30773	0
TX_USD	2019-03-12	0.31662	0.31545	0.32740	0.30008	0
TX_USD	2019-03-11	0.31545	0.30123	0.40017	0.29545	0
TX_USD	2019-03-10	0.30123	0.28607	0.30178	0.26828	0
TX_USD	2019-03-09	0.28607	0.28364	0.28963	0.22898	0
TX_USD	2019-03-08	0.28364	0.18683	0.43013	0.18682	0
TX_USD	2019-03-07	0.18683	0.21271	0.21498	0.18512	0
TX_USD	2019-03-06	0.21271	0.21257	0.23126	0.19719	0
TX_USD	2019-03-05	0.21257	0.17448	0.23466	0.17408	0
TX_USD	2019-03-04	0.17448	0.17572	0.19147	0.16347	0
TX_USD	2019-03-03	0.17572	0.17214	0.18807	0.14942	0
TX_USD	2019-03-02	0.17214	0.14900	0.17419	0.14214	0
TX_USD	2019-03-01	0.14900	0.12974	0.15872	0.12631	0
TX_USD	2019-02-28	0.12974	0.12547	0.13607	0.12434	0
TX_USD	2019-02-27	0.12547	0.13067	0.13067	0.12326	0
TX_USD	2019-02-26	0.13067	0.13790	0.13790	0.12720	0
TX_USD	2019-02-25	0.13790	0.12660	0.13804	0.12325	0
TX_USD	2019-02-24	0.12660	0.14861	0.15421	0.12649	0
TX_USD	2019-02-23	0.14861	0.14178	0.18367	0.13395	0
TX_USD	2019-02-22	0.14178	0.13235	0.14838	0.12193	0
TX_USD	2019-02-21	0.13235	0.12222	0.13732	0.12065	0
TX_USD	2019-02-20	0.12222	0.11757	0.12495	0.10846	0
TX_USD	2019-02-19	0.11757	0.10405	0.14128	0.10279	0
TX_USD	2019-02-18	0.10405	0.10131	0.10758	0.09776	0
TX_USD	2019-02-17	0.10131	0.09175	0.10925	0.08606	0
TX_USD	2019-02-16	0.09175	0.08735	0.09292	0.08658	0
TX_USD	2019-02-15	0.08735	0.08141	0.08748	0.08131	0
TX_USD	2019-02-14	0.08141	0.08523	0.08576	0.08107	0
TX_USD	2019-02-13	0.08523	0.09001	0.09041	0.08399	0
TX_USD	2019-02-12	0.09001	0.08170	0.09512	0.08092	0
TX_USD	2019-02-11	0.08170	0.08279	0.08504	0.07985	0
TX_USD	2019-02-10	0.08279	0.07662	0.08334	0.07537	0
TX_USD	2019-02-09	0.07662	0.08165	0.08166	0.07487	0
TX_USD	2019-02-08	0.08165	0.07281	0.10303	0.07281	0
TX_USD	2019-02-07	0.07281	0.07337	0.07410	0.07121	0
TX_USD	2019-02-06	0.07337	0.07463	0.07490	0.07270	0
TX_USD	2019-02-05	0.07463	0.07936	0.07995	0.07342	0
TX_USD	2019-02-04	0.07936	0.07588	0.07968	0.07545	0
TX_USD	2019-02-03	0.07588	0.07819	0.07854	0.07570	0
TX_USD	2019-02-02	0.07819	0.07691	0.08017	0.07423	0
TX_USD	2019-02-01	0.07691	0.07764	0.08065	0.07513	0
TX_USD	2019-01-31	0.07764	0.07929	0.08039	0.07600	0
TX_USD	2019-01-30	0.07929	0.07728	0.08092	0.07491	0
TX_USD	2019-01-29	0.07728	0.07776	0.07801	0.07255	0
TX_USD	2019-01-28	0.07776	0.08184	0.08226	0.07621	0
TX_USD	2019-01-27	0.08184	0.08548	0.08548	0.08092	0
TX_USD	2019-01-26	0.08548	0.08397	0.08578	0.08204	0
TX_USD	2019-01-25	0.08397	0.08758	0.08763	0.08127	0
TX_USD	2019-01-24	0.08758	0.08784	0.08832	0.08423	0
TX_USD	2019-01-23	0.08784	0.08506	0.08828	0.08382	0
TX_USD	2019-01-22	0.08506	0.08793	0.10495	0.08073	0
TX_USD	2019-01-21	0.08793	0.09419	0.09677	0.08605	0
TX_USD	2019-01-20	0.09419	0.08236	0.13020	0.08214	0
TX_USD	2019-01-19	0.08236	0.08063	0.08387	0.07993	0
TX_USD	2019-01-18	0.08063	0.08038	0.08066	0.07839	0
TX_USD	2019-01-17	0.08038	0.07657	0.08042	0.07567	0
TX_USD	2019-01-16	0.07657	0.07323	0.07864	0.07248	0
TX_USD	2019-01-15	0.07323	0.07530	0.07581	0.07285	0
TX_USD	2019-01-14	0.07530	0.07058	0.07626	0.07031	0
TX_USD	2019-01-13	0.07058	0.07345	0.07657	0.07001	0
TX_USD	2019-01-12	0.07345	0.07346	0.07443	0.07280	0
TX_USD	2019-01-11	0.07346	0.07322	0.07446	0.07228	0
TX_USD	2019-01-10	0.07322	0.08383	0.08421	0.07267	0
TX_USD	2019-01-09	0.08383	0.08719	0.08972	0.08271	0
TX_USD	2019-01-08	0.08719	0.08779	0.09021	0.08470	0
TX_USD	2019-01-07	0.08779	0.09104	0.09160	0.08641	0
TX_USD	2019-01-06	0.09104	0.08551	0.17011	0.08406	0
TX_USD	2019-01-05	0.08551	0.08694	0.09445	0.08467	0
TX_USD	2019-01-04	0.08694	0.08251	0.09437	0.08197	0
TX_USD	2019-01-03	0.08251	0.08503	0.09262	0.08140	0
TX_USD	2019-01-02	0.08503	0.08371	0.08550	0.08056	0
TX_USD	2019-01-01	0.08371	0.08199	0.08515	0.08105	0
TX_USD	2018-12-31	0.08199	0.08740	0.08763	0.08095	0
TX_USD	2018-12-30	0.08740	0.08579	0.08916	0.08469	0
TX_USD	2018-12-29	0.08579	0.08935	0.09732	0.08545	0
TX_USD	2018-12-28	0.08935	0.08159	0.09027	0.08122	0
TX_USD	2018-12-27	0.08159	0.08646	0.08923	0.08078	0
TX_USD	2018-12-26	0.08646	0.08258	0.08766	0.08127	0
TX_USD	2018-12-25	0.08258	0.08698	0.08713	0.07898	0
TX_USD	2018-12-24	0.08698	0.08478	0.09218	0.08341	0
TX_USD	2018-12-23	0.08478	0.08922	0.09056	0.08341	0
TX_USD	2018-12-22	0.08922	0.08373	0.08969	0.08221	0
TX_USD	2018-12-21	0.08373	0.09112	0.09496	0.08161	0
TX_USD	2018-12-20	0.09112	0.08334	0.09320	0.08169	0
TX_USD	2018-12-19	0.08334	0.08014	0.09362	0.08014	0
TX_USD	2018-12-18	0.08014	0.08050	0.08280	0.07758	0
TX_USD	2018-12-17	0.08050	0.07403	0.08362	0.07244	0
TX_USD	2018-12-16	0.07403	0.07307	0.07878	0.07186	0
TX_USD	2018-12-15	0.07307	0.07363	0.07543	0.07009	0
TX_USD	2018-12-14	0.07363	0.07728	0.08506	0.07350	0
TX_USD	2018-12-13	0.07728	0.08685	0.08823	0.07491	0
TX_USD	2018-12-12	0.08685	0.08124	0.08718	0.07962	0
TX_USD	2018-12-11	0.08052	0.08564	0.09461	0.07719	0
TX_USD	2018-12-10	0.08564	0.08901	0.09431	0.08091	0
TX_USD	2018-12-09	0.08901	0.08271	0.10288	0.08083	0
TX_USD	2018-12-08	0.08271	0.08503	0.10188	0.07765	0
TX_USD	2018-12-07	0.08503	0.07785	0.09459	0.06677	0
TX_USD	2018-12-06	0.07785	0.07801	0.10473	0.07730	0
TX_USD	2018-12-05	0.07801	0.09095	0.09108	0.07799	0
TX_USD	2018-12-04	0.09095	0.08563	0.11691	0.07956	0
TX_USD	2018-12-03	0.08563	0.09811	0.10253	0.07902	0
TX_USD	2018-12-02	0.09811	0.08787	0.15213	0.08087	0
TX_USD	2018-12-01	0.08787	0.07152	0.10564	0.06943	0
TX_USD	2018-11-30	0.07152	0.08024	0.08375	0.06942	0
TX_USD	2018-11-29	0.08024	0.08121	0.10343	0.07622	0
TX_USD	2018-11-28	0.08121	0.06908	0.08581	0.06729	0
TX_USD	2018-11-27	0.06908	0.07208	0.07277	0.06439	0
TX_USD	2018-11-26	0.07208	0.09066	0.09102	0.06774	0
TX_USD	2018-11-25	0.09066	0.09563	0.09831	0.08171	0
TX_USD	2018-11-24	0.09563	0.10365	0.13288	0.09401	0
TX_USD	2018-11-23	0.10365	0.10308	0.10528	0.09574	0
TX_USD	2018-11-22	0.10308	0.11169	0.11268	0.10308	0
TX_USD	2018-11-21	0.11169	0.10155	0.11934	0.09781	0
TX_USD	2018-11-20	0.10155	0.10997	0.11339	0.09203	0
TX_USD	2018-11-19	0.10997	0.15097	0.15160	0.10997	0
TX_USD	2018-11-18	0.15097	0.14565	0.15349	0.14080	0
TX_USD	2018-11-17	0.14565	0.14304	0.14671	0.13890	0
TX_USD	2018-11-16	0.14304	0.15552	0.15567	0.13656	0
TX_USD	2018-11-15	0.15552	0.16566	0.16816	0.14189	0
TX_USD	2018-11-14	0.16566	0.18711	0.18758	0.15816	0
TX_USD	2018-11-13	0.18711	0.18973	0.18973	0.18509	0
TX_USD	2018-11-12	0.18973	0.18798	0.19750	0.18768	0
TX_USD	2018-11-11	0.18798	0.18853	0.19097	0.18297	0
TX_USD	2018-11-10	0.18853	0.19273	0.19548	0.18801	0
TX_USD	2018-11-09	0.19273	0.20077	0.20119	0.18981	0
TX_USD	2018-11-08	0.20077	0.20273	0.20434	0.19648	0
TX_USD	2018-11-07	0.20273	0.20530	0.21797	0.20000	0
TX_USD	2018-11-06	0.20530	0.21381	0.21792	0.19109	0
TX_USD	2018-11-05	0.21381	0.22137	0.26365	0.20099	0
TX_USD	2018-11-04	0.22137	0.23322	0.23520	0.21983	0
TX_USD	2018-11-03	0.23322	0.22687	0.23322	0.21834	0
TX_USD	2018-11-02	0.22687	0.21836	0.22716	0.21527	0
TX_USD	2018-11-01	0.21836	0.21859	0.22057	0.20854	0
TX_USD	2018-10-31	0.21859	0.20832	0.22396	0.20294	0
TX_USD	2018-10-30	0.20832	0.20101	0.21924	0.19419	0
TX_USD	2018-10-29	0.20101	0.22076	0.22608	0.19173	0
TX_USD	2018-10-28	0.22076	0.22812	0.23047	0.21834	0
TX_USD	2018-10-27	0.22812	0.23366	0.23654	0.21673	0
TX_USD	2018-10-26	0.23366	0.20818	0.28897	0.20633	0
TX_USD	2018-10-25	0.20818	0.20590	0.22283	0.19205	0
TX_USD	2018-10-24	0.20590	0.18173	0.29277	0.18167	0
TX_USD	2018-10-23	0.18173	0.18037	0.18275	0.17922	0
TX_USD	2018-10-22	0.18037	0.18539	0.18572	0.17981	0
TX_USD	2018-10-21	0.18539	0.18390	0.18615	0.18285	0
TX_USD	2018-10-20	0.18390	0.18008	0.18705	0.17963	0
TX_USD	2018-10-19	0.18008	0.18755	0.18960	0.17991	0
TX_USD	2018-10-18	0.18755	0.18959	0.19915	0.18179	0
TX_USD	2018-10-17	0.18959	0.19541	0.19581	0.18714	0
TX_USD	2018-10-16	0.19541	0.19033	0.19903	0.18882	0
TX_USD	2018-10-15	0.19033	0.19069	0.22451	0.18678	0
TX_USD	2018-10-14	0.19069	0.19811	0.19898	0.19039	0
TX_USD	2018-10-13	0.19811	0.19008	0.20915	0.18696	0
TX_USD	2018-10-12	0.19008	0.17499	0.21380	0.16795	0
TX_USD	2018-10-11	0.17499	0.19659	0.19814	0.17499	0
TX_USD	2018-10-10	0.19659	0.19736	0.19980	0.18935	0
TX_USD	2018-10-09	0.19736	0.19706	0.19805	0.19299	0
TX_USD	2018-10-08	0.19706	0.19529	0.19804	0.18938	0
TX_USD	2018-10-07	0.19529	0.19756	0.19926	0.19343	0
TX_USD	2018-10-06	0.19756	0.20054	0.20332	0.19302	0
TX_USD	2018-10-05	0.20054	0.20461	0.20643	0.19587	0
TX_USD	2018-10-04	0.20461	0.20013	0.20646	0.19520	0
TX_USD	2018-10-03	0.20013	0.19739	0.20355	0.19277	0
TX_USD	2018-10-02	0.19739	0.20304	0.21426	0.19521	0
TX_USD	2018-10-01	0.20304	0.19632	0.21501	0.19300	0
TX_USD	2018-09-30	0.19632	0.19702	0.19910	0.19280	0
TX_USD	2018-09-29	0.19702	0.20399	0.21310	0.19293	0
TX_USD	2018-09-28	0.20399	0.20696	0.22040	0.20023	0
TX_USD	2018-09-27	0.20696	0.20114	0.20910	0.19642	0
TX_USD	2018-09-26	0.20114	0.19652	0.20650	0.19461	0
TX_USD	2018-09-25	0.19652	0.21365	0.21396	0.19228	0
TX_USD	2018-09-24	0.21365	0.22479	0.22699	0.21337	0
TX_USD	2018-09-23	0.22479	0.23417	0.25541	0.21836	0
TX_USD	2018-09-22	0.23417	0.22992	0.27999	0.22035	0
TX_USD	2018-09-21	0.22992	0.20372	0.33058	0.19567	0
TX_USD	2018-09-20	0.20372	0.20211	0.21458	0.20128	0
TX_USD	2018-09-19	0.20211	0.21416	0.21416	0.19393	0
TX_USD	2018-09-18	0.21416	0.21810	0.21853	0.20691	0
TX_USD	2018-09-17	0.21810	0.21347	0.25076	0.20642	0
TX_USD	2018-09-16	0.21347	0.21767	0.21767	0.19692	0
TX_USD	2018-09-15	0.21767	0.22206	0.22311	0.21567	0
TX_USD	2018-09-14	0.22206	0.22953	0.23264	0.21221	0
TX_USD	2018-09-13	0.22953	0.23062	0.27074	0.21624	0
TX_USD	2018-09-12	0.23062	0.20908	0.26326	0.20908	0
TX_USD	2018-09-11	0.20908	0.22009	0.22384	0.20534	0
TX_USD	2018-09-10	0.22009	0.21995	0.25007	0.21768	0
TX_USD	2018-09-09	0.21995	0.23045	0.23389	0.21726	0
TX_USD	2018-09-08	0.23045	0.25299	0.25904	0.22797	0
TX_USD	2018-09-07	0.25299	0.27020	0.27100	0.24436	0
TX_USD	2018-09-06	0.27020	0.27748	0.27900	0.24232	0
TX_USD	2018-09-05	0.27748	0.34473	0.34511	0.27748	0
TX_USD	2018-09-04	0.34473	0.33954	0.35684	0.33508	0
TX_USD	2018-09-03	0.33954	0.35562	0.35626	0.33307	0
TX_USD	2018-09-02	0.35562	0.33961	0.35637	0.33144	0
TX_USD	2018-09-01	0.33961	0.32927	0.34705	0.32647	0
TX_USD	2018-08-31	0.32927	0.33736	0.33736	0.31941	0
TX_USD	2018-08-30	0.33736	0.34785	0.35586	0.32192	0
TX_USD	2018-08-29	0.34785	0.36001	0.36140	0.33734	0
TX_USD	2018-08-28	0.36001	0.36976	0.37291	0.34651	0
TX_USD	2018-08-27	0.36976	0.36034	0.37988	0.34608	0
TX_USD	2018-08-26	0.36034	0.32732	0.38142	0.31350	0
TX_USD	2018-08-25	0.32732	0.33300	0.33905	0.31588	0
TX_USD	2018-08-24	0.33300	0.32401	0.34345	0.31327	0
TX_USD	2018-08-23	0.32401	0.31793	0.33634	0.30561	0
TX_USD	2018-08-22	0.31793	0.35337	0.36928	0.31724	0
TX_USD	2018-08-21	0.35337	0.32276	0.36427	0.32250	0
TX_USD	2018-08-20	0.32276	0.33827	0.33996	0.32151	0
TX_USD	2018-08-19	0.33827	0.33475	0.34257	0.32919	0
TX_USD	2018-08-18	0.33475	0.35323	0.36654	0.32944	0
TX_USD	2018-08-17	0.35323	0.33124	0.35323	0.32940	0
TX_USD	2018-08-16	0.33124	0.34207	0.35173	0.32640	0
TX_USD	2018-08-15	0.34207	0.34072	0.36480	0.33964	0
TX_USD	2018-08-14	0.34072	0.41257	0.41257	0.31697	0
TX_USD	2018-08-13	0.41257	0.38793	0.43051	0.38469	0
TX_USD	2018-08-12	0.38793	0.40814	0.41808	0.38633	0
TX_USD	2018-08-11	0.40814	0.40528	0.43533	0.37883	0
TX_USD	2018-08-10	0.40528	0.44126	0.48412	0.39885	0
TX_USD	2018-08-09	0.44126	0.36384	0.45286	0.36346	0
TX_USD	2018-08-08	0.36384	0.43011	0.43011	0.36227	0
TX_USD	2018-08-07	0.43011	0.48058	0.48786	0.41927	0
TX_USD	2018-08-06	0.48058	0.49158	0.50873	0.46145	0
TX_USD	2018-08-05	0.49158	0.48642	0.50220	0.47694	0
TX_USD	2018-08-04	0.48642	0.51239	0.52107	0.47129	0
TX_USD	2018-08-03	0.51239	0.51153	0.54373	0.44998	0
TX_USD	2018-08-02	0.51153	0.46846	0.51228	0.45490	0
TX_USD	2018-08-01	0.46846	0.48159	0.51951	0.43106	0
TX_USD	2018-07-31	0.48159	0.49444	0.55308	0.44515	0
TX_USD	2018-07-30	0.49444	0.50931	0.58695	0.47416	0
TX_USD	2018-07-29	0.50931	0.51091	0.54104	0.48388	0
TX_USD	2018-07-28	0.51091	0.45867	0.62861	0.45009	0
TX_USD	2018-07-27	0.45867	0.45809	0.49850	0.45397	0
TX_USD	2018-07-26	0.45809	0.47206	0.47507	0.45337	0
TX_USD	2018-07-25	0.47206	0.58054	0.58086	0.44957	0
TX_USD	2018-07-24	0.58054	0.42386	0.78382	0.40109	0
TX_USD	2018-07-23	0.42386	0.45308	0.45308	0.41709	0
TX_USD	2018-07-22	0.45308	0.45001	0.46493	0.42574	0
TX_USD	2018-07-21	0.45001	0.42847	0.46294	0.39619	0
TX_USD	2018-07-20	0.42847	0.46209	0.49807	0.42358	0
TX_USD	2018-07-19	0.46209	0.44838	0.46814	0.42361	0
TX_USD	2018-07-18	0.44838	0.47986	0.54726	0.41877	0
TX_USD	2018-07-17	0.47986	0.34669	0.50730	0.33696	0
TX_USD	2018-07-16	0.34669	0.32060	0.35615	0.31785	0
TX_USD	2018-07-15	0.32060	0.30819	0.37921	0.30395	0
TX_USD	2018-07-14	0.30819	0.31302	0.31589	0.30613	0
TX_USD	2018-07-13	0.31302	0.30820	0.31952	0.30516	0
TX_USD	2018-07-12	0.30820	0.34960	0.35244	0.30078	0
TX_USD	2018-07-11	0.34960	0.35203	0.36725	0.34175	0
TX_USD	2018-07-10	0.35203	0.38655	0.39209	0.34512	0
TX_USD	2018-07-09	0.38655	0.38661	0.41089	0.38429	0
TX_USD	2018-07-08	0.38661	0.39986	0.40289	0.38311	0
TX_USD	2018-07-07	0.39986	0.37974	0.48065	0.37253	0
TX_USD	2018-07-06	0.37974	0.39376	0.39615	0.37166	0
TX_USD	2018-07-05	0.39376	0.40225	0.40600	0.38902	0
TX_USD	2018-07-04	0.40225	0.38064	0.42321	0.37683	0
TX_USD	2018-07-03	0.38064	0.38818	0.41826	0.00502	0
TX_USD	2018-07-02	0.38818	0.35294	0.41334	0.00000	0
TX_USD	2018-07-01	0.35298	0.35814	0.36040	0.33924	0
TX_USD	2018-06-30	0.35815	0.36013	0.37592	0.33422	0
TX_USD	2018-06-29	0.36010	0.37076	0.37402	0.33538	0
TX_USD	2018-06-28	0.37124	0.40076	0.40551	0.36632	0
TX_USD	2018-06-27	0.40079	0.41844	0.42049	0.37534	0
TX_USD	2018-06-26	0.42065	0.46864	0.47102	0.41408	0
TX_USD	2018-06-25	0.46815	0.46295	0.48386	0.44225	0
TX_USD	2018-06-24	0.46476	0.50751	0.53924	0.43596	0
TX_USD	2018-06-23	0.50726	0.49687	0.55689	0.49574	0
TX_USD	2018-06-22	0.49688	0.54725	0.59233	0.49441	0
TX_USD	2018-06-21	0.54721	0.52769	0.55297	0.50967	0
TX_USD	2018-06-20	0.52771	0.54701	0.54762	0.50765	0
TX_USD	2018-06-19	0.54763	0.54195	0.55379	0.52067	0
TX_USD	2018-06-18	0.54176	0.50752	0.55147	0.50094	0
TX_USD	2018-06-17	0.50711	0.51170	0.51541	0.50592	0
TX_USD	2018-06-16	0.51160	0.50668	0.51656	0.49181	0
TX_USD	2018-06-15	0.50644	0.54779	0.54785	0.50527	0
TX_USD	2018-06-14	0.54674	0.53590	0.55439	0.50036	0
TX_USD	2018-06-13	0.53461	0.57783	0.58310	0.51447	0
TX_USD	2018-06-12	0.57769	0.61936	0.62753	0.57045	0
TX_USD	2018-06-11	0.61849	0.61921	0.66249	0.58321	0
TX_USD	2018-06-10	0.61850	0.76380	0.76380	0.61683	0
TX_USD	2018-06-09	0.76359	0.79107	0.79940	0.75122	0
TX_USD	2018-06-08	0.79102	0.82157	0.82557	0.77876	0
TX_USD	2018-06-07	0.82191	0.83623	0.84499	0.78788	0
TX_USD	2018-06-06	0.83619	0.79028	0.84833	0.77522	0
TX_USD	2018-06-05	0.78960	0.83207	0.83387	0.76597	0
TX_USD	2018-06-04	0.83268	0.89043	0.89043	0.81628	0
TX_USD	2018-06-03	0.89047	0.88831	0.91452	0.87898	0
TX_USD	2018-06-02	0.88773	0.86715	0.90567	0.86200	0
TX_USD	2018-06-01	0.87425	0.87992	0.88334	0.82537	0
TX_USD	2018-05-31	0.88019	0.82657	0.89887	0.81675	0
TX_USD	2018-05-30	0.83704	0.86519	0.90134	0.81176	0
TX_USD	2018-05-29	0.86435	0.78767	0.89220	0.78080	0
TX_USD	2018-05-28	0.78718	0.82151	0.84144	0.78718	0
TX_USD	2018-05-27	0.82116	0.85476	0.85476	0.80768	0
TX_USD	2018-05-26	0.85456	0.87857	0.89708	0.84598	0
TX_USD	2018-05-25	0.87873	0.93341	0.96692	0.84349	0
TX_USD	2018-05-24	0.93301	0.84030	0.97147	0.84030	0
TX_USD	2018-05-23	0.84090	0.98733	1.00726	0.84046	0
TX_USD	2018-05-22	0.98361	1.05765	1.05767	0.95756	0
TX_USD	2018-05-21	1.05765	1.09454	1.12963	1.04915	0
TX_USD	2018-05-20	1.09454	1.06711	1.29717	1.02050	0
TX_USD	2018-05-19	1.06711	1.01883	1.07786	0.99761	0
TX_USD	2018-05-18	1.01883	1.04054	1.05847	0.99109	0
TX_USD	2018-05-17	1.04189	1.10102	1.14374	1.03117	0
TX_USD	2018-05-16	1.10007	1.15327	1.26613	1.01500	0
TX_USD	2018-05-15	1.08437	1.14894	1.21185	1.07172	0
TX_USD	2018-05-14	1.14903	1.17241	1.19329	1.07904	0
TX_USD	2018-05-13	1.17241	1.05575	1.24614	1.02872	0
TX_USD	2018-05-12	1.04101	1.04439	1.11005	1.01127	0
TX_USD	2018-05-11	1.04439	1.18064	1.21401	0.99764	0
TX_USD	2018-05-10	1.18064	1.27621	1.29142	1.17865	0
TX_USD	2018-05-09	1.27621	1.29512	1.29794	1.21332	0
TX_USD	2018-05-08	1.29560	1.30402	1.32346	0.00014	0
TX_USD	2018-05-07	1.30973	1.40138	1.40426	1.24850	0
TX_USD	2018-05-06	1.40138	1.48757	1.50060	1.38078	0
TX_USD	2018-05-05	1.48226	1.44166	1.58319	1.43840	0
TX_USD	2018-05-04	1.44166	1.54717	1.54717	1.38440	0
TX_USD	2018-05-03	1.54717	1.53205	1.56933	1.44478	0
TX_USD	2018-05-02	1.53205	1.49637	1.54158	1.47019	0
TX_USD	2018-05-01	1.49637	1.57800	1.57800	1.43103	0
TX_USD	2018-04-30	1.57800	1.57697	1.59403	1.48623	0
TX_USD	2018-04-29	1.57697	1.63393	1.65509	1.51690	0
TX_USD	2018-04-28	1.63393	1.57402	1.68632	1.52969	0
TX_USD	2018-04-27	1.57402	1.63539	1.77841	1.50093	0
TX_USD	2018-04-26	1.63539	1.46490	1.64440	1.36463	0
TX_USD	2018-04-25	1.46490	1.77292	1.79031	1.38545	0
TX_USD	2018-04-24	1.77292	1.77847	1.83417	1.75038	0
TX_USD	2018-04-23	1.77847	1.74076	1.91180	1.68822	0
TX_USD	2018-04-22	1.74076	1.77224	1.81065	1.69453	0
TX_USD	2018-04-21	1.77224	1.82285	1.82442	1.63476	0
TX_USD	2018-04-20	1.82285	1.73542	1.83426	1.66199	0
TX_USD	2018-04-19	1.73542	1.75414	1.77348	1.67451	0
TX_USD	2018-04-18	1.75414	1.63129	1.75459	1.61529	0
TX_USD	2018-04-17	1.63129	1.61987	1.69919	1.55650	0
TX_USD	2018-04-16	1.61987	1.65669	1.76047	1.53783	0
TX_USD	2018-04-15	1.65669	1.60623	1.66742	1.58760	0
TX_USD	2018-04-14	1.60623	1.52710	1.65185	1.52584	0
TX_USD	2018-04-13	1.52710	1.57414	1.64157	1.50497	0
TX_USD	2018-04-12	1.57414	1.44540	1.66697	1.40483	0
TX_USD	2018-04-11	1.44540	1.45841	1.47216	1.38524	0
TX_USD	2018-04-10	1.45841	1.34594	1.46229	1.28508	0
TX_USD	2018-04-09	1.34594	1.39713	2.14143	1.32841	0
TX_USD	2018-04-08	1.39713	1.32502	1.43066	1.28909	0
TX_USD	2018-04-07	1.32502	1.20894	1.59897	1.20588	0
TX_USD	2018-04-06	1.20894	1.25218	1.31550	1.19405	0
TX_USD	2018-04-05	1.25218	1.31011	1.31339	1.21693	0
TX_USD	2018-04-04	1.31011	1.42773	1.46788	1.27180	0
TX_USD	2018-04-03	1.42773	1.38419	1.45076	1.34507	0
TX_USD	2018-04-02	1.38419	1.32808	1.40142	1.30933	0
TX_USD	2018-04-01	1.32808	1.37497	1.51474	1.22934	0
TX_USD	2018-03-31	1.37497	1.30426	1.43253	1.30005	0
TX_USD	2018-03-30	1.30426	1.37968	1.40060	1.25324	0
TX_USD	2018-03-29	1.37968	1.53919	1.54151	1.31783	0
TX_USD	2018-03-28	1.53919	1.52970	1.59311	1.52478	0
TX_USD	2018-03-27	1.52970	1.57645	1.64445	1.49142	0
TX_USD	2018-03-26	1.57645	1.63525	1.72145	1.52736	0
TX_USD	2018-03-25	1.63525	1.65307	1.74092	1.60919	0
TX_USD	2018-03-24	1.65307	1.74076	1.75695	1.65124	0
TX_USD	2018-03-23	1.74076	1.71635	1.84006	1.60225	0
TX_USD	2018-03-22	1.71635	1.76873	1.78188	1.63442	0
TX_USD	2018-03-21	1.76873	1.75749	1.96613	1.71925	0
TX_USD	2018-03-20	1.75749	1.62926	1.79952	1.58190	0
TX_USD	2018-03-19	1.62926	1.49856	1.71579	1.47665	0
TX_USD	2018-03-18	1.49856	1.52058	1.58819	1.33442	0
TX_USD	2018-03-17	1.52058	1.63727	1.63727	1.50225	0
TX_USD	2018-03-16	1.63727	1.63306	1.71285	1.52517	0
TX_USD	2018-03-15	1.63306	1.56613	1.72598	1.40950	0
TX_USD	2018-03-14	1.56613	1.81488	1.86569	1.51379	0
TX_USD	2018-03-13	1.81488	1.75285	1.98076	1.69365	0
TX_USD	2018-03-12	1.75285	1.90057	1.95224	1.67416	0
TX_USD	2018-03-11	1.90057	1.80711	1.95003	1.67795	0
TX_USD	2018-03-10	1.80711	1.83593	2.14127	1.74280	0
TX_USD	2018-03-09	1.83593	1.79877	2.14266	1.52392	0
TX_USD	2018-03-08	1.79877	2.06087	2.13333	1.73969	0
TX_USD	2018-03-07	2.06087	1.76630	2.65938	1.72295	0
TX_USD	2018-03-06	1.76630	2.02826	2.06721	1.73661	0
TX_USD	2018-03-05	2.02826	2.26922	2.26922	1.88555	0
TX_USD	2018-03-04	2.26922	2.77067	2.79324	2.05047	0
TX_USD	2018-03-03	2.77067	2.19083	3.82628	2.19083	0
TX_USD	2018-03-02	2.19083	1.23782	2.39733	1.18112	0
