ULA_USD	2019-04-09	0.009658	0.009790	0.009790	0.009517	0
ULA_USD	2019-04-08	0.009790	0.009652	0.009864	0.009476	0
ULA_USD	2019-04-07	0.009652	0.009347	0.009753	0.009339	0
ULA_USD	2019-04-06	0.009347	0.009355	0.009709	0.009142	0
ULA_USD	2019-04-05	0.009355	0.009080	0.009417	0.009077	0
ULA_USD	2019-04-04	0.009080	0.009161	0.009382	0.008895	0
ULA_USD	2019-04-03	0.009161	0.009074	0.009800	0.008925	0
ULA_USD	2019-04-02	0.009074	0.007726	0.009341	0.007709	0
ULA_USD	2019-04-01	0.007726	0.007668	0.007766	0.007595	0
ULA_USD	2019-03-31	0.007668	0.007664	0.007693	0.007642	0
ULA_USD	2019-03-30	0.007664	0.007689	0.007746	0.007592	0
ULA_USD	2019-03-29	0.007689	0.007530	0.007705	0.007517	0
ULA_USD	2019-03-28	0.007530	0.007549	0.007551	0.007484	0
ULA_USD	2019-03-27	0.007549	0.007345	0.007562	0.007322	0
ULA_USD	2019-03-26	0.007345	0.007305	0.007351	0.007270	0
ULA_USD	2019-03-25	0.007305	0.007436	0.007452	0.007250	0
ULA_USD	2019-03-24	0.007436	0.007476	0.007476	0.007384	0
ULA_USD	2019-03-23	0.007476	0.007450	0.007500	0.007426	0
ULA_USD	2019-03-22	0.007450	0.007443	0.007487	0.007424	0
ULA_USD	2019-03-21	0.007443	0.007594	0.007629	0.007371	0
ULA_USD	2019-03-20	0.007594	0.007558	0.007611	0.007494	0
ULA_USD	2019-03-19	0.007558	0.007496	0.007577	0.007464	0
ULA_USD	2019-03-18	0.007496	0.007487	0.007578	0.007430	0
ULA_USD	2019-03-17	0.007487	0.007525	0.007525	0.007436	0
ULA_USD	2019-03-16	0.007525	0.007366	0.007641	0.007366	0
ULA_USD	2019-03-15	0.007366	0.007268	0.007380	0.007266	0
ULA_USD	2019-03-14	0.007268	0.007264	0.007360	0.007154	0
ULA_USD	2019-03-13	0.007264	0.007275	0.007306	0.007223	0
ULA_USD	2019-03-12	0.007275	0.007271	0.007322	0.007169	0
ULA_USD	2019-03-11	0.007271	0.007359	0.007377	0.007215	0
ULA_USD	2019-03-10	0.007359	0.007388	0.007392	0.007295	0
ULA_USD	2019-03-09	0.007388	0.007251	0.007443	0.007238	0
ULA_USD	2019-03-08	0.007251	0.007295	0.007396	0.007132	0
ULA_USD	2019-03-07	0.007295	0.007271	0.007348	0.007241	0
ULA_USD	2019-03-06	0.007271	0.007268	0.007318	0.007196	0
ULA_USD	2019-03-05	0.007268	0.006992	0.007299	0.006967	0
ULA_USD	2019-03-04	0.006992	0.007148	0.007189	0.006932	0
ULA_USD	2019-03-03	0.007148	0.007200	0.007219	0.007102	0
ULA_USD	2019-03-02	0.007200	0.007207	0.007220	0.007095	0
ULA_USD	2019-03-01	0.007207	0.007168	0.007264	0.007163	0
ULA_USD	2019-02-28	0.007168	0.007178	0.007336	0.007148	0
ULA_USD	2019-02-27	0.007178	0.007173	0.007238	0.006942	0
ULA_USD	2019-02-26	0.007173	0.007220	0.007239	0.007128	0
ULA_USD	2019-02-25	0.007220	0.007052	0.007295	0.007048	0
ULA_USD	2019-02-24	0.007052	0.007751	0.007880	0.007015	0
ULA_USD	2019-02-23	0.007751	0.007479	0.007829	0.007388	0
ULA_USD	2019-02-22	0.007479	0.007378	0.007496	0.007344	0
ULA_USD	2019-02-21	0.007378	0.007471	0.007583	0.007316	0
ULA_USD	2019-02-20	0.007471	0.007344	0.007483	0.007301	0
ULA_USD	2019-02-19	0.007344	0.007321	0.007510	0.007256	0
ULA_USD	2019-02-18	0.007321	0.006874	0.007376	0.006853	0
ULA_USD	2019-02-17	0.006874	0.006765	0.006961	0.006751	0
ULA_USD	2019-02-16	0.006765	0.006742	0.006851	0.006742	0
ULA_USD	2019-02-15	0.006742	0.006730	0.006838	0.006706	0
ULA_USD	2019-02-14	0.006730	0.006751	0.006773	0.006703	0
ULA_USD	2019-02-13	0.006750	0.006797	0.006873	0.006717	0
ULA_USD	2019-02-12	0.006797	0.006773	0.006852	0.006707	0
ULA_USD	2019-02-11	0.006773	0.006894	0.006899	0.006765	0
ULA_USD	2019-02-10	0.006894	0.006842	0.006896	0.006749	0
ULA_USD	2019-02-09	0.006842	0.006852	0.006879	0.006797	0
ULA_USD	2019-02-08	0.006852	0.006322	0.006980	0.006307	0
ULA_USD	2019-02-07	0.006322	0.006352	0.006371	0.006313	0
ULA_USD	2019-02-06	0.006352	0.006462	0.006479	0.006299	0
ULA_USD	2019-02-05	0.006462	0.006422	0.006470	0.006396	0
ULA_USD	2019-02-04	0.006422	0.006443	0.006476	0.006395	0
ULA_USD	2019-02-03	0.006443	0.006549	0.006563	0.006387	0
ULA_USD	2019-02-02	0.006549	0.006509	0.006573	0.006442	0
ULA_USD	2019-02-01	0.006509	0.006445	0.006540	0.006378	0
ULA_USD	2019-01-31	0.006445	0.006495	0.006564	0.006407	0
ULA_USD	2019-01-30	0.006495	0.006399	0.006525	0.006352	0
ULA_USD	2019-01-29	0.006399	0.006442	0.006463	0.006298	0
ULA_USD	2019-01-28	0.006442	0.006619	0.006620	0.006360	0
ULA_USD	2019-01-27	0.006619	0.006684	0.006702	0.006520	0
ULA_USD	2019-01-26	0.006684	0.006677	0.006867	0.006670	0
ULA_USD	2019-01-25	0.006677	0.006720	0.006741	0.006615	0
ULA_USD	2019-01-24	0.006720	0.006661	0.006749	0.006605	0
ULA_USD	2019-01-23	0.006661	0.006696	0.006756	0.006610	0
ULA_USD	2019-01-22	0.006696	0.006589	0.006764	0.006444	0
ULA_USD	2019-01-21	0.006589	0.006598	0.006635	0.006538	0
ULA_USD	2019-01-20	0.006598	0.006927	0.006985	0.006528	0
ULA_USD	2019-01-19	0.006927	0.006763	0.007082	0.006760	0
ULA_USD	2019-01-18	0.006763	0.006846	0.006852	0.006723	0
ULA_USD	2019-01-17	0.006846	0.006755	0.006849	0.006661	0
ULA_USD	2019-01-16	0.006755	0.006727	0.006870	0.006703	0
ULA_USD	2019-01-15	0.006727	0.006898	0.006945	0.006686	0
ULA_USD	2019-01-14	0.006898	0.006609	0.006987	0.006587	0
ULA_USD	2019-01-13	0.006609	0.006812	0.006843	0.006572	0
ULA_USD	2019-01-12	0.006812	0.006835	0.006870	0.006754	0
ULA_USD	2019-01-11	0.006835	0.006832	0.006934	0.006747	0
ULA_USD	2019-01-10	0.006832	0.007513	0.007610	0.006784	0
ULA_USD	2019-01-09	0.007513	0.007543	0.007656	0.007426	0
ULA_USD	2019-01-08	0.007543	0.007570	0.007743	0.007468	0
ULA_USD	2019-01-07	0.007570	0.007676	0.007722	0.007505	0
ULA_USD	2019-01-06	0.007676	0.007198	0.014395	0.007154	0
ULA_USD	2019-01-05	0.007198	0.007281	0.007387	0.007184	0
ULA_USD	2019-01-04	0.007281	0.007214	0.007334	0.007102	0
ULA_USD	2019-01-03	0.007214	0.007452	0.007461	0.007182	0
ULA_USD	2019-01-02	0.007452	0.007283	0.007493	0.007213	0
ULA_USD	2019-01-01	0.007283	0.007048	0.007325	0.006972	0
ULA_USD	2018-12-31	0.007048	0.007310	0.007329	0.006958	0
ULA_USD	2018-12-30	0.007310	0.007144	0.007340	0.007076	0
ULA_USD	2018-12-29	0.007144	0.007428	0.007522	0.007117	0
ULA_USD	2018-12-28	0.007428	0.006833	0.007515	0.006802	0
ULA_USD	2018-12-27	0.006833	0.007231	0.007290	0.006786	0
ULA_USD	2018-12-26	0.007231	0.007186	0.007342	0.007014	0
ULA_USD	2018-12-25	0.007186	0.007627	0.007639	0.007030	0
ULA_USD	2018-12-24	0.007627	0.007491	0.008066	0.007491	0
ULA_USD	2018-12-23	0.007491	0.007591	0.007746	0.007429	0
ULA_USD	2018-12-22	0.007591	0.007308	0.007629	0.007212	0
ULA_USD	2018-12-21	0.007308	0.007755	0.007890	0.007186	0
ULA_USD	2018-12-20	0.007755	0.007010	0.007904	0.006959	0
ULA_USD	2018-12-19	0.007010	0.006954	0.007432	0.006922	0
ULA_USD	2018-12-18	0.006954	0.006671	0.006988	0.006532	0
ULA_USD	2018-12-17	0.006671	0.006072	0.006816	0.006044	0
ULA_USD	2018-12-16	0.006072	0.006048	0.006215	0.006030	0
ULA_USD	2018-12-15	0.006048	0.006038	0.006108	0.005921	0
ULA_USD	2018-12-14	0.006038	0.006166	0.006231	0.005937	0
ULA_USD	2018-12-13	0.006166	0.006508	0.006520	0.006126	0
ULA_USD	2018-12-12	0.006508	0.006297	0.006634	0.006285	0
ULA_USD	2018-12-11	0.006352	0.006486	0.006531	0.006248	0
ULA_USD	2018-12-10	0.006486	0.006708	0.006807	0.006396	0
ULA_USD	2018-12-09	0.006708	0.006451	0.006950	0.006383	0
ULA_USD	2018-12-08	0.006451	0.006364	0.006729	0.006103	0
ULA_USD	2018-12-07	0.006364	0.006514	0.006624	0.006041	0
ULA_USD	2018-12-06	0.006514	0.006931	0.007205	0.006469	0
ULA_USD	2018-12-05	0.006931	0.007327	0.007355	0.006902	0
ULA_USD	2018-12-04	0.007327	0.007181	0.007606	0.007010	0
ULA_USD	2018-12-03	0.007181	0.007654	0.007688	0.007066	0
ULA_USD	2018-12-02	0.007654	0.007807	0.008010	0.007594	0
ULA_USD	2018-12-01	0.007807	0.007430	0.007983	0.007322	0
ULA_USD	2018-11-30	0.007430	0.007934	0.008018	0.007298	0
ULA_USD	2018-11-29	0.007934	0.007923	0.008222	0.007696	0
ULA_USD	2018-11-28	0.007923	0.007147	0.008153	0.007147	0
ULA_USD	2018-11-27	0.007147	0.007097	0.007255	0.006832	0
ULA_USD	2018-11-26	0.007097	0.007553	0.007720	0.006839	0
ULA_USD	2018-11-25	0.007553	0.007232	0.007728	0.006739	0
ULA_USD	2018-11-24	0.007232	0.008138	0.008308	0.007056	0
ULA_USD	2018-11-23	0.008138	0.008081	0.008246	0.007822	0
ULA_USD	2018-11-22	0.008081	0.008595	0.008679	0.008081	0
ULA_USD	2018-11-21	0.008595	0.008443	0.008781	0.008151	0
ULA_USD	2018-11-20	0.008443	0.009086	0.009285	0.007945	0
ULA_USD	2018-11-19	0.009086	0.010413	0.010413	0.008999	0
ULA_USD	2018-11-18	0.010413	0.010353	0.010507	0.010343	0
ULA_USD	2018-11-17	0.010353	0.010415	0.010415	0.010255	0
ULA_USD	2018-11-16	0.010415	0.010583	0.010593	0.010221	0
ULA_USD	2018-11-15	0.010583	0.010828	0.010910	0.010012	0
ULA_USD	2018-11-14	0.010828	0.011895	0.011932	0.010497	0
ULA_USD	2018-11-13	0.011895	0.011862	0.011955	0.011782	0
ULA_USD	2018-11-12	0.011862	0.011886	0.011923	0.011811	0
ULA_USD	2018-11-11	0.011886	0.011833	0.011886	0.011710	0
ULA_USD	2018-11-10	0.011833	0.011813	0.011890	0.011803	0
ULA_USD	2018-11-09	0.011813	0.011922	0.011965	0.011764	0
ULA_USD	2018-11-08	0.011922	0.012094	0.012116	0.011918	0
ULA_USD	2018-11-07	0.012094	0.011988	0.012157	0.011982	0
ULA_USD	2018-11-06	0.011988	0.011905	0.011988	0.011864	0
ULA_USD	2018-11-05	0.011905	0.011933	0.011951	0.011848	0
ULA_USD	2018-11-04	0.011933	0.011754	0.011977	0.011703	0
ULA_USD	2018-11-03	0.011754	0.011826	0.011835	0.011651	0
ULA_USD	2018-11-02	0.011826	0.011776	0.011877	0.011760	0
ULA_USD	2018-11-01	0.011776	0.011718	0.011819	0.011691	0
ULA_USD	2018-10-31	0.011718	0.011647	0.011772	0.011501	0
ULA_USD	2018-10-30	0.011647	0.011673	0.011739	0.011616	0
ULA_USD	2018-10-29	0.011673	0.011942	0.011964	0.011630	0
ULA_USD	2018-10-28	0.011942	0.011960	0.011978	0.011880	0
ULA_USD	2018-10-27	0.011960	0.012018	0.012059	0.011926	0
ULA_USD	2018-10-26	0.012018	0.012012	0.012120	0.011986	0
ULA_USD	2018-10-25	0.012012	0.012059	0.012078	0.011975	0
ULA_USD	2018-10-24	0.012059	0.012052	0.012186	0.012039	0
ULA_USD	2018-10-23	0.012052	0.012084	0.012115	0.012020	0
ULA_USD	2018-10-22	0.012084	0.012122	0.012195	0.012050	0
ULA_USD	2018-10-21	0.012122	0.012117	0.012245	0.012114	0
ULA_USD	2018-10-20	0.012117	0.012010	0.012160	0.011981	0
ULA_USD	2018-10-19	0.012010	0.012168	0.012199	0.011997	0
ULA_USD	2018-10-18	0.012168	0.012392	0.012472	0.012085	0
ULA_USD	2018-10-17	0.012392	0.012435	0.012497	0.012293	0
ULA_USD	2018-10-16	0.012435	0.012405	0.012681	0.012291	0
ULA_USD	2018-10-15	0.012405	0.011653	0.013832	0.011592	0
ULA_USD	2018-10-14	0.011653	0.011641	0.011774	0.011626	0
ULA_USD	2018-10-13	0.011641	0.011587	0.011650	0.011571	0
ULA_USD	2018-10-12	0.011587	0.011510	0.011681	0.011450	0
ULA_USD	2018-10-11	0.011510	0.012200	0.012200	0.011463	0
ULA_USD	2018-10-10	0.012200	0.012260	0.012260	0.012015	0
ULA_USD	2018-10-09	0.012260	0.012279	0.012292	0.012160	0
ULA_USD	2018-10-08	0.012279	0.012146	0.012362	0.012118	0
ULA_USD	2018-10-07	0.012146	0.012129	0.012206	0.012025	0
ULA_USD	2018-10-06	0.012129	0.012226	0.012233	0.012077	0
ULA_USD	2018-10-05	0.012226	0.012107	0.012263	0.012048	0
ULA_USD	2018-10-04	0.012107	0.011966	0.012205	0.011959	0
ULA_USD	2018-10-03	0.011966	0.012030	0.012057	0.011833	0
ULA_USD	2018-10-02	0.012030	0.012146	0.012205	0.011986	0
ULA_USD	2018-10-01	0.012146	0.012179	0.012254	0.011999	0
ULA_USD	2018-09-30	0.012179	0.012153	0.012248	0.012019	0
ULA_USD	2018-09-29	0.012153	0.012208	0.012208	0.011898	0
ULA_USD	2018-09-28	0.012208	0.012308	0.012558	0.012043	0
ULA_USD	2018-09-27	0.012308	0.011891	0.012378	0.011852	0
ULA_USD	2018-09-26	0.011891	0.011840	0.012055	0.011750	0
ULA_USD	2018-09-25	0.011840	0.012116	0.012116	0.011686	0
ULA_USD	2018-09-24	0.012116	0.012348	0.012368	0.012061	0
ULA_USD	2018-09-23	0.012348	0.012372	0.012481	0.012265	0
ULA_USD	2018-09-22	0.012372	0.012461	0.012587	0.012224	0
ULA_USD	2018-09-21	0.012461	0.011961	0.012475	0.011953	0
ULA_USD	2018-09-20	0.011961	0.011761	0.012006	0.011697	0
ULA_USD	2018-09-19	0.011761	0.011671	0.011902	0.011250	0
ULA_USD	2018-09-18	0.011671	0.011509	0.011744	0.011463	0
ULA_USD	2018-09-17	0.011509	0.011957	0.012018	0.011432	0
ULA_USD	2018-09-16	0.011957	0.011997	0.011997	0.011740	0
ULA_USD	2018-09-15	0.011997	0.011937	0.012087	0.011912	0
ULA_USD	2018-09-14	0.011937	0.011915	0.012118	0.011727	0
ULA_USD	2018-09-13	0.011915	0.011659	0.012003	0.011654	0
ULA_USD	2018-09-12	0.011659	0.011574	0.011684	0.011414	0
ULA_USD	2018-09-11	0.011574	0.011607	0.011749	0.011371	0
ULA_USD	2018-09-10	0.011607	0.011481	0.011677	0.011481	0
ULA_USD	2018-09-09	0.011481	0.011380	0.011808	0.011327	0
ULA_USD	2018-09-08	0.011380	0.011783	0.011914	0.011298	0
ULA_USD	2018-09-07	0.011783	0.011986	0.012021	0.011638	0
ULA_USD	2018-09-06	0.011986	0.012335	0.012365	0.011613	0
ULA_USD	2018-09-05	0.012335	0.013540	0.013606	0.012328	0
ULA_USD	2018-09-04	0.013540	0.013377	0.013635	0.013333	0
ULA_USD	2018-09-03	0.013377	0.013414	0.013499	0.013248	0
ULA_USD	2018-09-02	0.013414	0.013243	0.013518	0.013133	0
ULA_USD	2018-09-01	0.013243	0.012929	0.013359	0.012918	0
ULA_USD	2018-08-31	0.012929	0.012869	0.013034	0.012687	0
ULA_USD	2018-08-30	0.012869	0.012966	0.012990	0.012524	0
ULA_USD	2018-08-29	0.012966	0.013024	0.013115	0.012748	0
ULA_USD	2018-08-28	0.013024	0.012702	0.013114	0.012645	0
ULA_USD	2018-08-27	0.012702	0.012344	0.012716	0.012253	0
ULA_USD	2018-08-26	0.012344	0.012400	0.012477	0.012109	0
ULA_USD	2018-08-25	0.012400	0.012317	0.012497	0.012273	0
ULA_USD	2018-08-24	0.012317	0.012010	0.012374	0.011891	0
ULA_USD	2018-08-23	0.012010	0.011693	0.012081	0.011685	0
ULA_USD	2018-08-22	0.011693	0.011921	0.012634	0.011505	0
ULA_USD	2018-08-21	0.011921	0.011509	0.011959	0.011500	0
ULA_USD	2018-08-20	0.011509	0.011933	0.011998	0.011463	0
ULA_USD	2018-08-19	0.011933	0.011759	0.012033	0.011609	0
ULA_USD	2018-08-18	0.011759	0.012123	0.012163	0.011601	0
ULA_USD	2018-08-17	0.012123	0.011613	0.012123	0.011579	0
ULA_USD	2018-08-16	0.011613	0.011537	0.011908	0.011456	0
ULA_USD	2018-08-15	0.011537	0.011382	0.012168	0.011375	0
ULA_USD	2018-08-14	0.011382	0.011504	0.011504	0.010831	0
ULA_USD	2018-08-13	0.011504	0.011618	0.012027	0.011334	0
ULA_USD	2018-08-12	0.011618	0.011451	0.011868	0.011361	0
ULA_USD	2018-08-11	0.011451	0.011305	0.011882	0.011058	0
ULA_USD	2018-08-10	0.011305	0.012013	0.012095	0.011073	0
ULA_USD	2018-08-09	0.012013	0.011551	0.012183	0.011389	0
ULA_USD	2018-08-08	0.011551	0.012361	0.012361	0.011284	0
ULA_USD	2018-08-07	0.012361	0.012766	0.013156	0.012294	0
ULA_USD	2018-08-06	0.012766	0.012940	0.013148	0.012606	0
ULA_USD	2018-08-05	0.012940	0.012891	0.013045	0.012679	0
ULA_USD	2018-08-04	0.012891	0.013646	0.013779	0.012751	0
ULA_USD	2018-08-03	0.013646	0.013865	0.013865	0.013402	0
ULA_USD	2018-08-02	0.013865	0.014002	0.014168	0.013729	0
ULA_USD	2018-08-01	0.014002	0.014251	0.014269	0.013699	0
ULA_USD	2018-07-31	0.014251	0.015035	0.015044	0.014113	0
ULA_USD	2018-07-30	0.015035	0.015128	0.015228	0.014473	0
ULA_USD	2018-07-29	0.015128	0.015047	0.015228	0.014946	0
ULA_USD	2018-07-27	0.015172	0.015172	0.015172	0.015172	0
ULA_USD	2018-07-26	0.015172	0.015047	0.015281	0.015042	0
ULA_USD	2018-07-25	0.015047	0.015480	0.015614	0.014858	0
ULA_USD	2018-07-24	0.015480	0.014193	0.015589	0.014154	0
ULA_USD	2018-07-23	0.014193	0.013619	0.014316	0.013568	0
ULA_USD	2018-07-22	0.013619	0.013622	0.013917	0.013518	0
ULA_USD	2018-07-21	0.013622	0.013492	0.013701	0.013287	0
ULA_USD	2018-07-20	0.013492	0.013751	0.014133	0.013395	0
ULA_USD	2018-07-19	0.013751	0.013554	0.013903	0.013405	0
ULA_USD	2018-07-18	0.013554	0.013469	0.013947	0.013340	0
ULA_USD	2018-07-17	0.013469	0.012395	0.013732	0.012268	0
ULA_USD	2018-07-16	0.012395	0.011678	0.012416	0.011651	0
ULA_USD	2018-07-15	0.011678	0.011500	0.011754	0.011469	0
ULA_USD	2018-07-14	0.011500	0.011445	0.011597	0.011371	0
ULA_USD	2018-07-13	0.011445	0.011466	0.011645	0.011306	0
ULA_USD	2018-07-12	0.011466	0.011735	0.011735	0.011189	0
ULA_USD	2018-07-11	0.011735	0.011625	0.011798	0.011576	0
ULA_USD	2018-07-10	0.011625	0.013387	0.013490	0.011434	0
ULA_USD	2018-07-09	0.013387	0.014892	0.017687	0.012429	0
ULA_USD	2018-07-08	0.014892	0.015011	0.015075	0.014833	0
ULA_USD	2018-07-07	0.015011	0.014622	0.015154	0.014457	0
ULA_USD	2018-07-06	0.014622	0.014716	0.014748	0.014358	0
ULA_USD	2018-07-05	0.014716	0.015948	0.016371	0.014454	0
ULA_USD	2018-07-04	0.015948	0.037017	0.037342	0.014928	0
ULA_USD	2018-07-03	0.037017	0.037687	0.037984	0.000496	0
ULA_USD	2018-07-02	0.037687	0.036158	0.038010	0.000000	0
ULA_USD	2018-07-01	0.036161	0.036399	0.036629	0.035710	0
ULA_USD	2018-06-30	0.036400	0.035326	0.037110	0.035326	0
ULA_USD	2018-06-29	0.035355	0.033312	0.035725	0.033031	0
ULA_USD	2018-06-28	0.033366	0.034931	0.035108	0.033202	0
ULA_USD	2018-06-27	0.034928	0.034547	0.035191	0.034106	0
ULA_USD	2018-06-26	0.034656	0.035597	0.035728	0.034470	0
ULA_USD	2018-06-25	0.035574	0.035002	0.035964	0.034637	0
ULA_USD	2018-06-24	0.035013	0.035081	0.035530	0.032883	0
ULA_USD	2018-06-23	0.035035	0.034412	0.035588	0.034259	0
ULA_USD	2018-06-22	0.034412	0.038235	0.038331	0.033809	0
ULA_USD	2018-06-21	0.038233	0.038498	0.038646	0.038105	0
ULA_USD	2018-06-20	0.038500	0.038341	0.038791	0.037363	0
ULA_USD	2018-06-19	0.038385	0.038222	0.038884	0.037984	0
ULA_USD	2018-06-18	0.038209	0.036693	0.038647	0.036380	0
ULA_USD	2018-06-17	0.036664	0.036944	0.037416	0.036601	0
ULA_USD	2018-06-16	0.036937	0.036362	0.037300	0.036050	0
ULA_USD	2018-06-15	0.036345	0.037825	0.037825	0.036222	0
ULA_USD	2018-06-14	0.037753	0.035850	0.038144	0.035722	0
ULA_USD	2018-06-13	0.035830	0.037268	0.037619	0.034898	0
ULA_USD	2018-06-12	0.037259	0.039127	0.039127	0.036682	0
ULA_USD	2018-06-11	0.039145	0.038485	0.039278	0.037807	0
ULA_USD	2018-06-10	0.038441	0.042704	0.042704	0.037823	0
ULA_USD	2018-06-09	0.042693	0.043369	0.043766	0.042549	0
ULA_USD	2018-06-08	0.043368	0.043770	0.043832	0.042963	0
ULA_USD	2018-06-07	0.043789	0.043589	0.044170	0.043543	0
ULA_USD	2018-06-06	0.043587	0.043442	0.043826	0.042685	0
ULA_USD	2018-06-05	0.043405	0.042650	0.043689	0.041988	0
ULA_USD	2018-06-04	0.042681	0.043994	0.044176	0.042472	0
ULA_USD	2018-06-03	0.043954	0.043466	0.044283	0.043283	0
ULA_USD	2018-06-02	0.043499	0.042867	0.043790	0.042452	0
ULA_USD	2018-06-01	0.042832	0.042632	0.043281	0.041865	0
ULA_USD	2018-05-31	0.042636	0.041983	0.043280	0.041790	0
ULA_USD	2018-05-30	0.042001	0.042515	0.043040	0.041463	0
ULA_USD	2018-05-29	0.042464	0.040458	0.042831	0.040141	0
ULA_USD	2018-05-28	0.040433	0.041817	0.042315	0.040261	0
ULA_USD	2018-05-27	0.041799	0.041739	0.042072	0.041131	0
ULA_USD	2018-05-26	0.041730	0.042465	0.043365	0.041508	0
ULA_USD	2018-05-25	0.042473	0.043146	0.043551	0.041756	0
ULA_USD	2018-05-24	0.043127	0.042732	0.043944	0.041370	0
ULA_USD	2018-05-23	0.042764	0.045430	0.045672	0.042414	0
ULA_USD	2018-05-22	0.045446	0.047812	0.047866	0.045272	0
ULA_USD	2018-05-21	0.047812	0.048539	0.048663	0.047628	0
ULA_USD	2018-05-20	0.048539	0.046927	0.048880	0.046537	0
ULA_USD	2018-05-19	0.046927	0.046921	0.047792	0.046377	0
ULA_USD	2018-05-18	0.046921	0.045876	0.047123	0.045149	0
ULA_USD	2018-05-17	0.045936	0.047544	0.048202	0.045534	0
ULA_USD	2018-05-16	0.047503	0.048214	0.048340	0.046151	0
ULA_USD	2018-05-15	0.048214	0.049355	0.050267	0.047984	0
ULA_USD	2018-05-14	0.049359	0.049453	0.050562	0.047141	0
ULA_USD	2018-05-13	0.049453	0.048264	0.049848	0.047428	0
ULA_USD	2018-05-12	0.048155	0.047794	0.049131	0.046735	0
ULA_USD	2018-05-11	0.047794	0.051362	0.051362	0.047527	0
ULA_USD	2018-05-10	0.051362	0.053067	0.053476	0.051273	0
ULA_USD	2018-05-09	0.053067	0.052305	0.053367	0.051140	0
ULA_USD	2018-05-08	0.052339	0.053299	0.053479	0.000006	0
ULA_USD	2018-05-07	0.053696	0.055008	0.055104	0.052392	0
ULA_USD	2018-05-06	0.055008	0.056180	0.056746	0.053843	0
ULA_USD	2018-05-05	0.056114	0.055286	0.056870	0.055163	0
ULA_USD	2018-05-04	0.055286	0.055615	0.055877	0.054456	0
ULA_USD	2018-05-03	0.055648	0.052595	0.056020	0.052238	0
ULA_USD	2018-05-02	0.052595	0.051632	0.052790	0.051140	0
ULA_USD	2018-05-01	0.051679	0.052600	0.052615	0.050323	0
ULA_USD	2018-04-30	0.052600	0.053524	0.053818	0.051914	0
ULA_USD	2018-04-29	0.053524	0.053190	0.054446	0.052305	0
ULA_USD	2018-04-28	0.053190	0.050853	0.053726	0.050528	0
ULA_USD	2018-04-27	0.050853	0.052937	0.053424	0.050708	0
ULA_USD	2018-04-26	0.052942	0.050546	0.053006	0.049346	0
ULA_USD	2018-04-25	0.050546	0.054960	0.055556	0.050026	0
ULA_USD	2018-04-24	0.055088	0.050912	0.055458	0.050857	0
ULA_USD	2018-04-23	0.050912	0.050114	0.051288	0.049961	0
ULA_USD	2018-04-22	0.050114	0.050767	0.051404	0.049847	0
ULA_USD	2018-04-21	0.050767	0.050519	0.051422	0.049086	0
ULA_USD	2018-04-20	0.050519	0.047125	0.050857	0.046842	0
ULA_USD	2018-04-19	0.047125	0.046509	0.047250	0.046184	0
ULA_USD	2018-04-18	0.046509	0.044935	0.046834	0.044850	0
ULA_USD	2018-04-17	0.044935	0.045879	0.046501	0.044576	0
ULA_USD	2018-04-16	0.045879	0.047593	0.047865	0.044998	0
ULA_USD	2018-04-15	0.047593	0.045589	0.047962	0.045578	0
ULA_USD	2018-04-14	0.045589	0.044871	0.046592	0.044548	0
ULA_USD	2018-04-13	0.044871	0.045059	0.046842	0.044182	0
ULA_USD	2018-04-12	0.045063	0.039535	0.045920	0.038506	0
ULA_USD	2018-04-11	0.039535	0.038953	0.039709	0.038699	0
ULA_USD	2018-04-10	0.038953	0.038506	0.039238	0.037888	0
ULA_USD	2018-04-09	0.038493	0.039948	0.040909	0.037660	0
ULA_USD	2018-04-08	0.039948	0.039224	0.040473	0.039203	0
ULA_USD	2018-04-07	0.039224	0.037668	0.040225	0.037586	0
ULA_USD	2018-04-06	0.037668	0.038508	0.038977	0.037065	0
ULA_USD	2018-04-05	0.038508	0.038649	0.039336	0.037428	0
ULA_USD	2018-04-04	0.038649	0.042170	0.042238	0.038134	0
ULA_USD	2018-04-03	0.042170	0.040165	0.042758	0.039979	0
ULA_USD	2018-04-02	0.040165	0.038784	0.040525	0.038581	0
ULA_USD	2018-04-01	0.038784	0.039439	0.040035	0.036647	0
ULA_USD	2018-03-31	0.039439	0.038956	0.041128	0.038686	0
ULA_USD	2018-03-30	0.038956	0.040390	0.041334	0.037465	0
ULA_USD	2018-03-29	0.040390	0.045224	0.045342	0.039260	0
ULA_USD	2018-03-28	0.045224	0.044329	0.046154	0.044021	0
ULA_USD	2018-03-27	0.044329	0.046271	0.046734	0.044086	0
ULA_USD	2018-03-26	0.046271	0.048096	0.048365	0.044698	0
ULA_USD	2018-03-25	0.048096	0.048443	0.049303	0.047689	0
ULA_USD	2018-03-24	0.048443	0.050699	0.051311	0.048390	0
ULA_USD	2018-03-23	0.050699	0.049643	0.050703	0.047117	0
ULA_USD	2018-03-22	0.049643	0.050685	0.051744	0.048287	0
ULA_USD	2018-03-21	0.050685	0.050663	0.052200	0.049886	0
ULA_USD	2018-03-20	0.050663	0.048977	0.051394	0.047352	0
ULA_USD	2018-03-19	0.048977	0.046742	0.049539	0.046199	0
ULA_USD	2018-03-18	0.046742	0.044821	0.047070	0.041706	0
ULA_USD	2018-03-17	0.044821	0.047222	0.047498	0.044137	0
ULA_USD	2018-03-16	0.047222	0.047008	0.048922	0.045013	0
ULA_USD	2018-03-15	0.047008	0.046612	0.047861	0.043737	0
ULA_USD	2018-03-14	0.046612	0.049877	0.052111	0.045123	0
ULA_USD	2018-03-13	0.049877	0.076835	0.077830	0.037099	0
ULA_USD	2018-03-12	0.076835	0.086971	0.089305	0.071152	0
ULA_USD	2018-03-11	0.086971	0.062648	0.110641	0.060314	0
ULA_USD	2018-03-10	0.062648	0.066015	0.069386	0.059018	0
ULA_USD	2018-03-09	0.066015	0.069370	0.070271	0.056868	0
ULA_USD	2018-03-08	0.069370	0.076630	0.077721	0.067746	0
ULA_USD	2018-03-07	0.076630	0.085674	0.086912	0.073214	0
ULA_USD	2018-03-06	0.085674	0.092303	0.101364	0.079801	0
ULA_USD	2018-03-05	0.092303	0.073015	0.093224	0.072664	0
ULA_USD	2018-03-04	0.073015	0.094797	0.094914	0.061936	0
ULA_USD	2018-03-03	0.094797	0.110076	0.110939	0.079950	0
ULA_USD	2018-03-02	0.110076	0.069766	0.116263	0.069728	0
