UNB_USD	2019-04-09	0.08963	0.09133	0.09133	0.08879	0
UNB_USD	2019-04-08	0.09133	0.09004	0.09202	0.08840	0
UNB_USD	2019-04-07	0.09004	0.08720	0.09098	0.08712	0
UNB_USD	2019-04-06	0.08720	0.08727	0.09057	0.08528	0
UNB_USD	2019-04-05	0.08727	0.08471	0.08785	0.08468	0
UNB_USD	2019-04-04	0.08471	0.08546	0.08753	0.08298	0
UNB_USD	2019-04-03	0.08546	0.08465	0.09142	0.08326	0
UNB_USD	2019-04-02	0.08465	0.07207	0.08714	0.07192	0
UNB_USD	2019-04-01	0.07207	0.07154	0.07245	0.07085	0
UNB_USD	2019-03-31	0.07154	0.07149	0.07177	0.07129	0
UNB_USD	2019-03-30	0.07149	0.07173	0.07226	0.07082	0
UNB_USD	2019-03-29	0.07173	0.07025	0.07187	0.07013	0
UNB_USD	2019-03-28	0.07025	0.07042	0.07044	0.06982	0
UNB_USD	2019-03-27	0.07042	0.06852	0.07054	0.06831	0
UNB_USD	2019-03-26	0.06852	0.06814	0.06857	0.06782	0
UNB_USD	2019-03-25	0.06814	0.06937	0.06952	0.06763	0
UNB_USD	2019-03-24	0.06937	0.06974	0.06974	0.06889	0
UNB_USD	2019-03-23	0.06974	0.06950	0.06997	0.06928	0
UNB_USD	2019-03-22	0.06950	0.06943	0.06985	0.06926	0
UNB_USD	2019-03-21	0.06943	0.07084	0.07117	0.06876	0
UNB_USD	2019-03-20	0.07084	0.07051	0.07100	0.06991	0
UNB_USD	2019-03-19	0.07051	0.06993	0.07068	0.06963	0
UNB_USD	2019-03-18	0.06993	0.06984	0.07070	0.06931	0
UNB_USD	2019-03-17	0.06984	0.07020	0.07020	0.06937	0
UNB_USD	2019-03-16	0.07020	0.06871	0.07128	0.06871	0
UNB_USD	2019-03-15	0.06871	0.06780	0.06885	0.06778	0
UNB_USD	2019-03-14	0.06780	0.06777	0.06866	0.06674	0
UNB_USD	2019-03-13	0.06777	0.06787	0.06815	0.06738	0
UNB_USD	2019-03-12	0.06787	0.06783	0.06831	0.06688	0
UNB_USD	2019-03-11	0.06783	0.06865	0.06882	0.06730	0
UNB_USD	2019-03-10	0.06865	0.06892	0.06896	0.06805	0
UNB_USD	2019-03-09	0.06892	0.06764	0.06943	0.06753	0
UNB_USD	2019-03-08	0.06764	0.06805	0.06900	0.06653	0
UNB_USD	2019-03-07	0.06805	0.06783	0.06855	0.06755	0
UNB_USD	2019-03-06	0.06783	0.06780	0.06827	0.06713	0
UNB_USD	2019-03-05	0.06780	0.06523	0.06809	0.06499	0
UNB_USD	2019-03-04	0.06523	0.06668	0.06707	0.06467	0
UNB_USD	2019-03-03	0.06668	0.06717	0.06735	0.06626	0
UNB_USD	2019-03-02	0.06717	0.06723	0.06735	0.06619	0
UNB_USD	2019-03-01	0.06723	0.06687	0.06777	0.06682	0
UNB_USD	2019-02-28	0.06687	0.06696	0.06844	0.06668	0
UNB_USD	2019-02-27	0.06696	0.06692	0.06753	0.06476	0
UNB_USD	2019-02-26	0.06692	0.06735	0.06753	0.06650	0
UNB_USD	2019-02-25	0.06735	0.06579	0.06805	0.06575	0
UNB_USD	2019-02-24	0.06579	0.07230	0.07351	0.06545	0
UNB_USD	2019-02-23	0.07230	0.06977	0.07304	0.06892	0
UNB_USD	2019-02-22	0.06977	0.06883	0.06993	0.06851	0
UNB_USD	2019-02-21	0.06883	0.06970	0.07074	0.06825	0
UNB_USD	2019-02-20	0.06970	0.06851	0.06981	0.06811	0
UNB_USD	2019-02-19	0.06851	0.06830	0.07006	0.06769	0
UNB_USD	2019-02-18	0.06830	0.06412	0.06881	0.06393	0
UNB_USD	2019-02-17	0.06412	0.06311	0.06494	0.06298	0
UNB_USD	2019-02-16	0.06311	0.06290	0.06391	0.06289	0
UNB_USD	2019-02-15	0.06290	0.06278	0.06379	0.06256	0
UNB_USD	2019-02-14	0.06278	0.06298	0.06319	0.06253	0
UNB_USD	2019-02-13	0.06298	0.06341	0.06412	0.06266	0
UNB_USD	2019-02-12	0.06341	0.06319	0.06392	0.06257	0
UNB_USD	2019-02-11	0.06319	0.06432	0.06436	0.06311	0
UNB_USD	2019-02-10	0.06432	0.06383	0.06433	0.06296	0
UNB_USD	2019-02-09	0.06383	0.06392	0.06417	0.06340	0
UNB_USD	2019-02-08	0.06392	0.05898	0.06512	0.05884	0
UNB_USD	2019-02-07	0.05898	0.05925	0.05943	0.05889	0
UNB_USD	2019-02-06	0.05925	0.06028	0.06044	0.05876	0
UNB_USD	2019-02-05	0.06028	0.05991	0.06035	0.05966	0
UNB_USD	2019-02-04	0.05991	0.06011	0.06041	0.05965	0
UNB_USD	2019-02-03	0.06011	0.06109	0.06122	0.05958	0
UNB_USD	2019-02-02	0.06109	0.06073	0.06131	0.06009	0
UNB_USD	2019-02-01	0.06073	0.06012	0.06101	0.05950	0
UNB_USD	2019-01-31	0.06012	0.06056	0.06123	0.05977	0
UNB_USD	2019-01-30	0.06059	0.05970	0.06087	0.05926	0
UNB_USD	2019-01-29	0.05970	0.06010	0.06029	0.05876	0
UNB_USD	2019-01-28	0.06010	0.06175	0.06176	0.05933	0
UNB_USD	2019-01-27	0.06175	0.06236	0.06252	0.06083	0
UNB_USD	2019-01-26	0.06236	0.06229	0.06406	0.06222	0
UNB_USD	2019-01-25	0.06229	0.06269	0.06288	0.06171	0
UNB_USD	2019-01-24	0.06269	0.06213	0.06296	0.06162	0
UNB_USD	2019-01-23	0.06213	0.06246	0.06303	0.06166	0
UNB_USD	2019-01-22	0.06246	0.06147	0.06310	0.06011	0
UNB_USD	2019-01-21	0.06147	0.06155	0.06189	0.06099	0
UNB_USD	2019-01-20	0.06155	0.06462	0.06516	0.06090	0
UNB_USD	2019-01-19	0.06462	0.06309	0.06607	0.06306	0
UNB_USD	2019-01-18	0.06309	0.06386	0.06392	0.06272	0
UNB_USD	2019-01-17	0.06386	0.06302	0.06390	0.06214	0
UNB_USD	2019-01-16	0.06302	0.06276	0.06408	0.06253	0
UNB_USD	2019-01-15	0.06276	0.06435	0.06479	0.06237	0
UNB_USD	2019-01-14	0.06435	0.06165	0.06518	0.06145	0
UNB_USD	2019-01-13	0.06165	0.06355	0.06383	0.06131	0
UNB_USD	2019-01-12	0.06355	0.06377	0.06409	0.06300	0
UNB_USD	2019-01-11	0.06377	0.06373	0.06469	0.06294	0
UNB_USD	2019-01-10	0.06373	0.07009	0.07100	0.06329	0
UNB_USD	2019-01-09	0.07009	0.07037	0.07142	0.06928	0
UNB_USD	2019-01-08	0.07037	0.07062	0.07223	0.06967	0
UNB_USD	2019-01-07	0.07062	0.07160	0.07204	0.07002	0
UNB_USD	2019-01-06	0.07160	0.06715	0.13428	0.06674	0
UNB_USD	2019-01-05	0.06715	0.06792	0.06891	0.06702	0
UNB_USD	2019-01-04	0.06792	0.06730	0.06842	0.06625	0
UNB_USD	2019-01-03	0.06730	0.06952	0.06960	0.06700	0
UNB_USD	2019-01-02	0.06952	0.06794	0.06990	0.06729	0
UNB_USD	2019-01-01	0.06794	0.06575	0.06833	0.06504	0
UNB_USD	2018-12-31	0.06575	0.06819	0.06837	0.06491	0
UNB_USD	2018-12-30	0.06819	0.06665	0.06848	0.06601	0
UNB_USD	2018-12-29	0.06665	0.06929	0.07017	0.06640	0
UNB_USD	2018-12-28	0.06929	0.06375	0.07011	0.06345	0
UNB_USD	2018-12-27	0.06375	0.06746	0.06801	0.06331	0
UNB_USD	2018-12-26	0.06746	0.06704	0.06849	0.06544	0
UNB_USD	2018-12-25	0.06704	0.07108	0.07127	0.06558	0
UNB_USD	2018-12-24	0.07115	0.06988	0.07525	0.06988	0
UNB_USD	2018-12-23	0.06988	0.07082	0.07226	0.06931	0
UNB_USD	2018-12-22	0.07082	0.06818	0.07117	0.06728	0
UNB_USD	2018-12-21	0.06818	0.07234	0.07361	0.06704	0
UNB_USD	2018-12-20	0.07234	0.06540	0.07374	0.06492	0
UNB_USD	2018-12-19	0.06540	0.06487	0.06933	0.06457	0
UNB_USD	2018-12-18	0.06487	0.06223	0.06519	0.06094	0
UNB_USD	2018-12-17	0.06223	0.05664	0.06358	0.05639	0
UNB_USD	2018-12-16	0.05664	0.05642	0.05798	0.05625	0
UNB_USD	2018-12-15	0.05642	0.05632	0.05698	0.05523	0
UNB_USD	2018-12-14	0.05632	0.05753	0.05813	0.05538	0
UNB_USD	2018-12-13	0.05753	0.06071	0.06082	0.05715	0
UNB_USD	2018-12-12	0.06071	0.05874	0.06189	0.05863	0
UNB_USD	2018-12-11	0.05925	0.06050	0.06093	0.05829	0
UNB_USD	2018-12-10	0.06050	0.06258	0.06351	0.05966	0
UNB_USD	2018-12-09	0.06258	0.06018	0.06483	0.05955	0
UNB_USD	2018-12-08	0.06018	0.05937	0.06277	0.05693	0
UNB_USD	2018-12-07	0.05937	0.06076	0.06179	0.05635	0
UNB_USD	2018-12-06	0.06076	0.06466	0.06722	0.06035	0
UNB_USD	2018-12-05	0.06466	0.06835	0.06861	0.06439	0
UNB_USD	2018-12-04	0.06835	0.06699	0.07095	0.06539	0
UNB_USD	2018-12-03	0.06699	0.07140	0.07172	0.06592	0
UNB_USD	2018-12-02	0.07140	0.07283	0.07472	0.07084	0
UNB_USD	2018-12-01	0.07283	0.06932	0.07447	0.06831	0
UNB_USD	2018-11-30	0.06932	0.07401	0.07479	0.06808	0
UNB_USD	2018-11-29	0.07401	0.07392	0.07670	0.07179	0
UNB_USD	2018-11-28	0.07392	0.06668	0.07605	0.06668	0
UNB_USD	2018-11-27	0.06668	0.06620	0.06768	0.06374	0
UNB_USD	2018-11-26	0.06620	0.07046	0.07202	0.06380	0
UNB_USD	2018-11-25	0.07046	0.06747	0.07209	0.06286	0
UNB_USD	2018-11-24	0.06747	0.07592	0.07750	0.06582	0
UNB_USD	2018-11-23	0.07592	0.07539	0.07692	0.07297	0
UNB_USD	2018-11-22	0.07539	0.08018	0.08096	0.07539	0
UNB_USD	2018-11-21	0.08018	0.07877	0.08192	0.07604	0
UNB_USD	2018-11-20	0.07877	0.08476	0.08662	0.07412	0
UNB_USD	2018-11-19	0.08476	0.09714	0.09714	0.08395	0
UNB_USD	2018-11-18	0.09714	0.09658	0.09802	0.09648	0
UNB_USD	2018-11-17	0.09658	0.09716	0.09716	0.09567	0
UNB_USD	2018-11-16	0.09716	0.09873	0.09882	0.09535	0
UNB_USD	2018-11-15	0.09873	0.10101	0.10177	0.09340	0
UNB_USD	2018-11-14	0.10101	0.11096	0.11132	0.09792	0
UNB_USD	2018-11-13	0.11096	0.11066	0.11153	0.10992	0
UNB_USD	2018-11-12	0.11066	0.11088	0.11122	0.11018	0
UNB_USD	2018-11-11	0.11088	0.11039	0.11088	0.10924	0
UNB_USD	2018-11-10	0.11039	0.11020	0.11092	0.11010	0
UNB_USD	2018-11-09	0.11020	0.11122	0.11162	0.10975	0
UNB_USD	2018-11-08	0.11122	0.11282	0.11303	0.11118	0
UNB_USD	2018-11-07	0.11282	0.11183	0.11341	0.11178	0
UNB_USD	2018-11-06	0.11183	0.11106	0.11183	0.11068	0
UNB_USD	2018-11-05	0.11106	0.11132	0.11149	0.11053	0
UNB_USD	2018-11-04	0.11132	0.10965	0.11173	0.10917	0
UNB_USD	2018-11-03	0.10965	0.11032	0.11041	0.10869	0
UNB_USD	2018-11-02	0.11032	0.10985	0.11080	0.10971	0
UNB_USD	2018-11-01	0.10985	0.10931	0.11026	0.10906	0
UNB_USD	2018-10-31	0.10931	0.10866	0.10982	0.10729	0
UNB_USD	2018-10-30	0.10866	0.10889	0.10951	0.10837	0
UNB_USD	2018-10-29	0.10889	0.11140	0.11161	0.10850	0
UNB_USD	2018-10-28	0.11140	0.11158	0.11175	0.11082	0
UNB_USD	2018-10-27	0.11158	0.11211	0.11250	0.11126	0
UNB_USD	2018-10-26	0.11211	0.11205	0.11306	0.11182	0
UNB_USD	2018-10-25	0.11205	0.11250	0.11267	0.11171	0
UNB_USD	2018-10-24	0.11250	0.11243	0.11368	0.11231	0
UNB_USD	2018-10-23	0.11243	0.11273	0.11302	0.11213	0
UNB_USD	2018-10-22	0.11273	0.11308	0.11376	0.11242	0
UNB_USD	2018-10-21	0.11308	0.11304	0.11423	0.11301	0
UNB_USD	2018-10-20	0.11304	0.11204	0.11343	0.11177	0
UNB_USD	2018-10-19	0.11204	0.11352	0.11381	0.11191	0
UNB_USD	2018-10-18	0.11352	0.11561	0.11635	0.11273	0
UNB_USD	2018-10-17	0.11561	0.11600	0.11659	0.11468	0
UNB_USD	2018-10-16	0.11600	0.11573	0.11830	0.11466	0
UNB_USD	2018-10-15	0.11573	0.10871	0.12904	0.10814	0
UNB_USD	2018-10-14	0.10871	0.10859	0.10984	0.10846	0
UNB_USD	2018-10-13	0.10859	0.10809	0.10868	0.10794	0
UNB_USD	2018-10-12	0.10809	0.11807	0.12288	0.10431	0
UNB_USD	2018-10-11	0.11807	0.14275	0.14369	0.11267	0
UNB_USD	2018-10-10	0.14275	0.15188	0.15188	0.13474	0
UNB_USD	2018-10-09	0.15188	0.15622	0.15622	0.14377	0
UNB_USD	2018-10-08	0.15622	0.15852	0.16315	0.15061	0
UNB_USD	2018-10-07	0.15852	0.15514	0.17977	0.15267	0
UNB_USD	2018-10-06	0.15514	0.16276	0.17156	0.15420	0
UNB_USD	2018-10-05	0.16276	0.16858	0.17481	0.15746	0
UNB_USD	2018-10-04	0.16858	0.16576	0.17284	0.16342	0
UNB_USD	2018-10-03	0.16576	0.16947	0.17184	0.15881	0
UNB_USD	2018-10-02	0.16947	0.17169	0.17913	0.16438	0
UNB_USD	2018-10-01	0.17169	0.18192	0.18271	0.15578	0
UNB_USD	2018-09-30	0.18192	0.18348	0.18426	0.17790	0
UNB_USD	2018-09-29	0.18348	0.19374	0.19374	0.17490	0
UNB_USD	2018-09-28	0.19374	0.21251	0.21700	0.18437	0
UNB_USD	2018-09-27	0.21251	0.20486	0.21485	0.20422	0
UNB_USD	2018-09-26	0.20486	0.19739	0.21583	0.19614	0
UNB_USD	2018-09-25	0.19739	0.22228	0.22228	0.18937	0
UNB_USD	2018-09-24	0.22228	0.23328	0.24346	0.21764	0
UNB_USD	2018-09-23	0.23328	0.22741	0.33122	0.22457	0
UNB_USD	2018-09-22	0.22741	0.22379	0.23143	0.21904	0
UNB_USD	2018-09-21	0.22379	0.21253	0.24027	0.21138	0
UNB_USD	2018-09-20	0.21253	0.20521	0.22994	0.20521	0
UNB_USD	2018-09-19	0.20521	0.20452	0.20890	0.19534	0
UNB_USD	2018-09-18	0.20452	0.20791	0.22123	0.19838	0
UNB_USD	2018-09-17	0.20791	0.19437	0.25216	0.18997	0
UNB_USD	2018-09-16	0.19437	0.19140	0.19859	0.17604	0
UNB_USD	2018-09-15	0.19140	0.19883	0.20188	0.18615	0
UNB_USD	2018-09-14	0.19883	0.18986	0.20144	0.18445	0
UNB_USD	2018-09-13	0.18986	0.18620	0.21093	0.17678	0
UNB_USD	2018-09-12	0.18620	0.17816	0.21253	0.17220	0
UNB_USD	2018-09-11	0.17816	0.18028	0.18249	0.17730	0
UNB_USD	2018-09-10	0.18028	0.17646	0.18046	0.17623	0
UNB_USD	2018-09-09	0.17646	0.18026	0.18318	0.16738	0
UNB_USD	2018-09-08	0.18026	0.19782	0.19937	0.16749	0
UNB_USD	2018-09-07	0.19782	0.20591	0.21650	0.19079	0
UNB_USD	2018-09-06	0.20591	0.22307	0.22355	0.20567	0
UNB_USD	2018-09-05	0.22307	0.24325	0.24751	0.22294	0
UNB_USD	2018-09-04	0.24325	0.24463	0.24946	0.24119	0
UNB_USD	2018-09-03	0.24463	0.23901	0.24820	0.23426	0
UNB_USD	2018-09-02	0.23901	0.23277	0.24813	0.22946	0
UNB_USD	2018-09-01	0.23277	0.22180	0.23606	0.22128	0
UNB_USD	2018-08-31	0.22180	0.21815	0.22856	0.21392	0
UNB_USD	2018-08-30	0.21815	0.22774	0.24167	0.20831	0
UNB_USD	2018-08-29	0.22774	0.22998	0.23040	0.21737	0
UNB_USD	2018-08-28	0.22998	0.22086	0.23067	0.21356	0
UNB_USD	2018-08-27	0.22086	0.21155	0.22445	0.20293	0
UNB_USD	2018-08-26	0.21155	0.20753	0.22235	0.20261	0
UNB_USD	2018-08-25	0.20753	0.20916	0.21703	0.20290	0
UNB_USD	2018-08-24	0.20916	0.20293	0.23506	0.20293	0
UNB_USD	2018-08-23	0.20293	0.19589	0.20293	0.19410	0
UNB_USD	2018-08-22	0.19589	0.20480	0.21702	0.19230	0
UNB_USD	2018-08-21	0.20480	0.19897	0.20554	0.19664	0
UNB_USD	2018-08-20	0.19897	0.21939	0.21986	0.19897	0
UNB_USD	2018-08-19	0.21939	0.21467	0.22591	0.20247	0
UNB_USD	2018-08-18	0.21467	0.21542	0.25677	0.20927	0
UNB_USD	2018-08-17	0.21542	0.20541	0.22742	0.19885	0
UNB_USD	2018-08-16	0.20541	0.19974	0.25413	0.19388	0
UNB_USD	2018-08-15	0.19974	0.19415	0.21169	0.19132	0
UNB_USD	2018-08-14	0.19415	0.22298	0.22298	0.18699	0
UNB_USD	2018-08-13	0.22298	0.23905	0.24020	0.21178	0
UNB_USD	2018-08-12	0.23905	0.23902	0.24626	0.23611	0
UNB_USD	2018-08-11	0.23902	0.23190	0.25590	0.22516	0
UNB_USD	2018-08-10	0.23190	0.24575	0.25173	0.22837	0
UNB_USD	2018-08-09	0.24575	0.22563	0.24835	0.22278	0
UNB_USD	2018-08-08	0.22563	0.26636	0.26636	0.21856	0
UNB_USD	2018-08-07	0.26636	0.28279	0.28594	0.26433	0
UNB_USD	2018-08-06	0.28279	0.28443	0.29140	0.27932	0
UNB_USD	2018-08-05	0.28443	0.28661	0.28897	0.28144	0
UNB_USD	2018-08-04	0.28661	0.31397	0.31702	0.28323	0
UNB_USD	2018-08-03	0.31397	0.32032	0.33121	0.29866	0
UNB_USD	2018-08-02	0.32032	0.32596	0.32852	0.31797	0
UNB_USD	2018-08-01	0.32596	0.33757	0.34446	0.31570	0
UNB_USD	2018-07-31	0.33757	0.34977	0.38220	0.32629	0
UNB_USD	2018-07-30	0.34977	0.34709	0.40928	0.33889	0
UNB_USD	2018-07-29	0.34709	0.35028	0.36243	0.33623	0
UNB_USD	2018-07-28	0.35028	0.34945	0.36145	0.34888	0
UNB_USD	2018-07-27	0.34945	0.35279	0.36335	0.33737	0
UNB_USD	2018-07-26	0.35279	0.33688	0.35928	0.33123	0
UNB_USD	2018-07-25	0.33688	0.35221	0.35665	0.33016	0
UNB_USD	2018-07-24	0.35221	0.32505	0.37185	0.31676	0
UNB_USD	2018-07-23	0.32505	0.32633	0.34176	0.31519	0
UNB_USD	2018-07-22	0.32633	0.32575	0.33282	0.31691	0
UNB_USD	2018-07-21	0.32575	0.31951	0.35189	0.31012	0
UNB_USD	2018-07-20	0.31951	0.33840	0.34493	0.30986	0
UNB_USD	2018-07-19	0.33840	0.34242	0.34784	0.32191	0
UNB_USD	2018-07-18	0.34242	0.33913	0.37419	0.33498	0
UNB_USD	2018-07-17	0.33913	0.29293	0.37280	0.28598	0
UNB_USD	2018-07-16	0.29293	0.27960	0.29722	0.27304	0
UNB_USD	2018-07-15	0.27960	0.28060	0.28262	0.27302	0
UNB_USD	2018-07-14	0.28060	0.27241	0.28126	0.26326	0
UNB_USD	2018-07-13	0.27241	0.27209	0.28316	0.26628	0
UNB_USD	2018-07-12	0.27209	0.28177	0.28177	0.25994	0
UNB_USD	2018-07-11	0.28177	0.29249	0.29812	0.27305	0
UNB_USD	2018-07-10	0.29249	0.33440	0.33440	0.28247	0
UNB_USD	2018-07-09	0.33440	0.33429	0.34253	0.31453	0
UNB_USD	2018-07-08	0.33429	0.33518	0.34106	0.33008	0
UNB_USD	2018-07-07	0.33518	0.32687	0.34470	0.32153	0
UNB_USD	2018-07-06	0.32687	0.33934	0.34289	0.32092	0
UNB_USD	2018-07-05	0.33934	0.34143	0.37446	0.33029	0
UNB_USD	2018-07-04	0.34143	0.32808	0.35280	0.32486	0
UNB_USD	2018-07-03	0.32808	0.31655	0.36418	0.00450	0
UNB_USD	2018-07-02	0.31655	0.29631	0.32701	0.00000	0
UNB_USD	2018-07-01	0.29631	0.30705	0.31409	0.28777	0
UNB_USD	2018-06-30	0.30705	0.28318	0.34311	0.28258	0
UNB_USD	2018-06-29	0.28297	0.29229	0.30819	0.25806	0
UNB_USD	2018-06-28	0.29276	0.31975	0.33099	0.29276	0
UNB_USD	2018-06-27	0.31711	0.32554	0.39477	0.31515	0
UNB_USD	2018-06-26	0.32681	0.32941	0.35058	0.32074	0
UNB_USD	2018-06-25	0.32919	0.32946	0.33359	0.30898	0
UNB_USD	2018-06-24	0.32594	0.33806	0.36072	0.29531	0
UNB_USD	2018-06-23	0.33762	0.34059	0.36128	0.33103	0
UNB_USD	2018-06-22	0.34065	0.36496	0.40470	0.33450	0
UNB_USD	2018-06-21	0.36494	0.35537	0.39585	0.35061	0
UNB_USD	2018-06-20	0.35563	0.37432	0.37636	0.33876	0
UNB_USD	2018-06-19	0.37492	0.38259	0.38953	0.36870	0
UNB_USD	2018-06-18	0.38209	0.36867	0.38997	0.34959	0
UNB_USD	2018-06-17	0.36837	0.36363	0.43672	0.36104	0
UNB_USD	2018-06-16	0.36356	0.36541	0.37697	0.35340	0
UNB_USD	2018-06-15	0.36543	0.35730	0.42703	0.35564	0
UNB_USD	2018-06-14	0.35648	0.33518	0.36047	0.33468	0
UNB_USD	2018-06-13	0.33499	0.39375	0.39870	0.32694	0
UNB_USD	2018-06-12	0.39362	0.42421	0.42863	0.38356	0
UNB_USD	2018-06-11	0.42441	0.41925	0.43684	0.39903	0
UNB_USD	2018-06-10	0.41863	0.48782	0.48782	0.40844	0
UNB_USD	2018-06-09	0.48768	0.49568	0.50385	0.48612	0
UNB_USD	2018-06-08	0.49567	0.52082	0.52082	0.49164	0
UNB_USD	2018-06-07	0.51497	0.47091	0.51961	0.46972	0
UNB_USD	2018-06-06	0.47992	0.47931	0.51304	0.46285	0
UNB_USD	2018-06-05	0.47864	0.48053	0.48519	0.44872	0
UNB_USD	2018-06-04	0.48089	0.50912	0.51193	0.47694	0
UNB_USD	2018-06-03	0.50920	0.51067	0.51969	0.50557	0
UNB_USD	2018-06-02	0.51026	0.52159	0.55439	0.44951	0
UNB_USD	2018-06-01	0.52117	0.52648	0.55470	0.50947	0
UNB_USD	2018-05-31	0.52649	0.51102	0.53569	0.49837	0
UNB_USD	2018-05-30	0.51125	0.51290	0.53574	0.49533	0
UNB_USD	2018-05-29	0.51181	0.46472	0.56813	0.46472	0
UNB_USD	2018-05-28	0.46443	0.51939	0.52936	0.46342	0
UNB_USD	2018-05-27	0.51917	0.53675	0.54143	0.51414	0
UNB_USD	2018-05-26	0.53688	0.55011	0.55939	0.52757	0
UNB_USD	2018-05-25	0.55021	0.55426	0.56138	0.52450	0
UNB_USD	2018-05-24	0.55411	0.55634	0.56999	0.51830	0
UNB_USD	2018-05-23	0.55657	0.60738	0.61054	0.54405	0
UNB_USD	2018-05-22	0.60763	0.66378	0.67170	0.59234	0
UNB_USD	2018-05-21	0.66378	0.64456	0.72991	0.64103	0
UNB_USD	2018-05-20	0.64456	0.61915	0.65067	0.61356	0
UNB_USD	2018-05-19	0.61915	0.63547	0.64967	0.61296	0
UNB_USD	2018-05-18	0.63547	0.62189	0.63580	0.58310	0
UNB_USD	2018-05-17	0.62266	0.66925	0.69166	0.61209	0
UNB_USD	2018-05-16	0.67251	0.69802	0.69802	0.61984	0
UNB_USD	2018-05-15	0.69803	0.69682	0.75755	0.68483	0
UNB_USD	2018-05-14	0.69735	0.69777	0.71402	0.63424	0
UNB_USD	2018-05-13	0.69777	0.64392	0.70141	0.63536	0
UNB_USD	2018-05-12	0.64246	0.63895	0.66593	0.61129	0
UNB_USD	2018-05-11	0.63895	0.75068	0.75068	0.61629	0
UNB_USD	2018-05-10	0.75068	0.77429	0.80138	0.74425	0
UNB_USD	2018-05-09	0.77429	0.77240	0.79891	0.73783	0
UNB_USD	2018-05-08	0.77269	0.80641	0.81872	0.00009	0
UNB_USD	2018-05-07	0.80586	0.84087	0.84233	0.76845	0
UNB_USD	2018-05-06	0.84087	0.89430	0.90576	0.81839	0
UNB_USD	2018-05-05	0.89329	0.89661	0.93127	0.87922	0
UNB_USD	2018-05-04	0.89661	0.90376	0.90417	0.87329	0
UNB_USD	2018-05-03	0.90376	0.87495	0.91191	0.84707	0
UNB_USD	2018-05-02	0.87495	0.84660	0.87495	0.81692	0
UNB_USD	2018-05-01	0.84660	0.90177	0.90632	0.80298	0
UNB_USD	2018-04-30	0.90177	0.85611	0.90524	0.81534	0
UNB_USD	2018-04-29	0.85611	0.87205	0.89990	0.81468	0
UNB_USD	2018-04-28	0.87205	0.84950	0.90412	0.84411	0
UNB_USD	2018-04-27	0.84950	0.86238	0.91425	0.82161	0
UNB_USD	2018-04-26	0.86238	0.79325	0.86251	0.74669	0
UNB_USD	2018-04-25	0.79325	0.90451	0.90499	0.77000	0
UNB_USD	2018-04-24	0.90451	0.85951	0.91830	0.85436	0
UNB_USD	2018-04-23	0.85951	0.84381	0.88259	0.81131	0
UNB_USD	2018-04-22	0.84381	0.83223	0.85911	0.81256	0
UNB_USD	2018-04-21	0.83223	0.86060	0.86060	0.78870	0
UNB_USD	2018-04-20	0.86060	0.82966	0.87780	0.78411	0
UNB_USD	2018-04-19	0.82966	0.79992	0.83118	0.77394	0
UNB_USD	2018-04-18	0.79992	0.75430	0.80931	0.74086	0
UNB_USD	2018-04-17	0.75430	0.77451	0.77876	0.73795	0
UNB_USD	2018-04-16	0.77451	0.82337	0.83291	0.74084	0
UNB_USD	2018-04-15	0.82337	0.73395	0.87937	0.73395	0
UNB_USD	2018-04-14	0.73395	0.71198	0.82538	0.67381	0
UNB_USD	2018-04-13	0.71198	0.71066	0.73179	0.67536	0
UNB_USD	2018-04-12	0.71066	0.68473	0.75395	0.63103	0
UNB_USD	2018-04-11	0.68473	0.63735	0.74269	0.63229	0
UNB_USD	2018-04-10	0.63735	0.62120	0.64572	0.57454	0
UNB_USD	2018-04-09	0.62024	0.58775	0.65519	0.56393	0
UNB_USD	2018-04-08	0.58775	0.58114	0.59570	0.55912	0
UNB_USD	2018-04-07	0.58114	0.52702	0.66841	0.52587	0
UNB_USD	2018-04-06	0.52702	0.53094	0.53999	0.51333	0
UNB_USD	2018-04-05	0.53094	0.54595	0.57659	0.51988	0
UNB_USD	2018-04-04	0.54595	0.61433	0.61433	0.53692	0
UNB_USD	2018-04-03	0.61433	0.57412	0.63903	0.55448	0
UNB_USD	2018-04-02	0.57412	0.57066	0.58000	0.53936	0
UNB_USD	2018-04-01	0.57066	0.54259	0.67480	0.51194	0
UNB_USD	2018-03-31	0.54259	0.52377	0.59839	0.50846	0
UNB_USD	2018-03-30	0.52415	0.56762	0.57628	0.49168	0
UNB_USD	2018-03-29	0.56762	0.65973	0.66704	0.55294	0
UNB_USD	2018-03-28	0.65973	0.64599	0.66797	0.63286	0
UNB_USD	2018-03-27	0.64599	0.70279	0.71366	0.63199	0
UNB_USD	2018-03-26	0.70279	0.73161	0.77058	0.64637	0
UNB_USD	2018-03-25	0.73161	0.73222	0.78280	0.68172	0
UNB_USD	2018-03-24	0.73222	0.78786	0.78814	0.69532	0
UNB_USD	2018-03-23	0.78786	0.86349	0.89468	0.74175	0
UNB_USD	2018-03-22	0.86349	0.86276	0.92902	0.81316	0
UNB_USD	2018-03-21	0.86276	0.85397	0.86893	0.82148	0
UNB_USD	2018-03-20	0.85397	0.83639	0.86158	0.77597	0
UNB_USD	2018-03-19	0.83639	0.75201	0.87517	0.73141	0
UNB_USD	2018-03-18	0.75201	0.73095	0.88548	0.64351	0
UNB_USD	2018-03-17	0.73095	0.85394	0.85394	0.71178	0
UNB_USD	2018-03-16	0.85394	0.89236	0.90042	0.81075	0
UNB_USD	2018-03-15	0.89236	0.90052	0.97788	0.77227	0
UNB_USD	2018-03-14	0.90052	1.11199	1.11996	0.86562	0
UNB_USD	2018-03-13	1.11199	1.06808	1.20090	1.01084	0
UNB_USD	2018-03-12	1.06808	1.13481	1.19338	1.02782	0
UNB_USD	2018-03-11	1.13481	1.06103	1.14033	0.95775	0
UNB_USD	2018-03-10	1.06103	1.10654	1.13698	0.98449	0
UNB_USD	2018-03-09	1.10654	0.93881	1.28414	0.93302	0
UNB_USD	2018-03-08	0.93881	1.03562	1.15231	0.91863	0
UNB_USD	2018-03-07	1.03562	1.01115	1.53164	0.97219	0
UNB_USD	2018-03-06	1.01115	1.13159	1.13159	0.95458	0
UNB_USD	2018-03-05	1.13159	1.24206	1.24304	1.06767	0
UNB_USD	2018-03-04	1.24206	1.27873	1.45719	1.03704	0
UNB_USD	2018-03-03	1.27873	1.25085	1.54625	1.11250	0
UNB_USD	2018-03-02	1.25085	1.36746	1.76037	0.89879	0
