UNIT_USD	2019-04-09	0.01281	0.01304	0.01304	0.01267	0
UNIT_USD	2019-04-08	0.01304	0.01285	0.01313	0.01262	0
UNIT_USD	2019-04-07	0.01285	0.01245	0.01299	0.01244	0
UNIT_USD	2019-04-06	0.01245	0.01246	0.01293	0.01217	0
UNIT_USD	2019-04-05	0.01246	0.01209	0.01254	0.01209	0
UNIT_USD	2019-04-04	0.01209	0.01220	0.01249	0.01184	0
UNIT_USD	2019-04-03	0.01220	0.01208	0.01305	0.01188	0
UNIT_USD	2019-04-02	0.01208	0.01029	0.01244	0.01026	0
UNIT_USD	2019-04-01	0.01029	0.01021	0.01034	0.01011	0
UNIT_USD	2019-03-31	0.01021	0.01020	0.01024	0.01018	0
UNIT_USD	2019-03-30	0.01020	0.01024	0.01031	0.01011	0
UNIT_USD	2019-03-29	0.01024	0.01003	0.01026	0.01001	0
UNIT_USD	2019-03-28	0.01003	0.01005	0.01005	0.00997	0
UNIT_USD	2019-03-27	0.01005	0.00978	0.01007	0.00975	0
UNIT_USD	2019-03-26	0.00978	0.00973	0.00979	0.00968	0
UNIT_USD	2019-03-25	0.00973	0.00990	0.00992	0.00965	0
UNIT_USD	2019-03-24	0.00990	0.00995	0.00995	0.00983	0
UNIT_USD	2019-03-23	0.00995	0.00992	0.00999	0.00989	0
UNIT_USD	2019-03-22	0.00992	0.00991	0.00997	0.00989	0
UNIT_USD	2019-03-21	0.00991	0.01011	0.01016	0.00981	0
UNIT_USD	2019-03-20	0.01011	0.01134	0.01152	0.00997	0
UNIT_USD	2019-03-19	0.01134	0.01053	0.01134	0.00990	0
UNIT_USD	2019-03-18	0.01053	0.00816	0.01231	0.00768	0
UNIT_USD	2019-03-17	0.00816	0.01074	0.01088	0.00769	0
UNIT_USD	2019-03-16	0.01074	0.00989	0.01074	0.00774	0
UNIT_USD	2019-03-15	0.00989	0.01011	0.01093	0.00966	0
UNIT_USD	2019-03-14	0.01011	0.00940	0.01012	0.00895	0
UNIT_USD	2019-03-13	0.00940	0.01020	0.01048	0.00894	0
UNIT_USD	2019-03-12	0.01020	0.00956	0.01023	0.00950	0
UNIT_USD	2019-03-11	0.00956	0.01104	0.01110	0.00893	0
UNIT_USD	2019-03-10	0.01104	0.01036	0.01106	0.00911	0
UNIT_USD	2019-03-09	0.01036	0.00912	0.01036	0.00911	0
UNIT_USD	2019-03-08	0.00912	0.01144	0.01175	0.00891	0
UNIT_USD	2019-03-07	0.01144	0.01193	0.01893	0.01091	0
UNIT_USD	2019-03-06	0.01193	0.00571	0.01622	0.00557	0
UNIT_USD	2019-03-05	0.00571	0.00490	0.00577	0.00490	0
UNIT_USD	2019-03-04	0.00490	0.00499	0.00555	0.00439	0
UNIT_USD	2019-03-03	0.00499	0.00548	0.00572	0.00455	0
UNIT_USD	2019-03-02	0.00548	0.00472	0.00548	0.00471	0
UNIT_USD	2019-03-01	0.00472	0.00518	0.00576	0.00455	0
UNIT_USD	2019-02-28	0.00518	0.00564	0.00572	0.00455	0
UNIT_USD	2019-02-27	0.00564	0.00559	0.00565	0.00541	0
UNIT_USD	2019-02-26	0.00559	0.00563	0.00565	0.00556	0
UNIT_USD	2019-02-25	0.00563	0.00542	0.00569	0.00454	0
UNIT_USD	2019-02-24	0.00542	0.00518	0.00562	0.00453	0
UNIT_USD	2019-02-23	0.00518	0.00543	0.00591	0.00473	0
UNIT_USD	2019-02-22	0.00543	0.00682	0.00685	0.00468	0
UNIT_USD	2019-02-21	0.00682	0.00690	0.00701	0.00676	0
UNIT_USD	2019-02-20	0.00690	0.00679	0.00691	0.00675	0
UNIT_USD	2019-02-19	0.00679	0.00676	0.00694	0.00670	0
UNIT_USD	2019-02-18	0.00676	0.00635	0.00682	0.00633	0
UNIT_USD	2019-02-17	0.00635	0.00625	0.00643	0.00624	0
UNIT_USD	2019-02-16	0.00625	0.00623	0.00633	0.00623	0
UNIT_USD	2019-02-15	0.00623	0.00622	0.00632	0.00620	0
UNIT_USD	2019-02-14	0.00622	0.01258	0.01289	0.00619	0
UNIT_USD	2019-02-13	0.01258	0.01302	0.01303	0.01203	0
UNIT_USD	2019-02-12	0.01302	0.01231	0.01305	0.01219	0
UNIT_USD	2019-02-11	0.01231	0.01272	0.01299	0.01200	0
UNIT_USD	2019-02-10	0.01272	0.00995	0.01308	0.00850	0
UNIT_USD	2019-02-09	0.00995	0.00927	0.00995	0.00918	0
UNIT_USD	2019-02-08	0.00927	0.00948	0.01392	0.00886	0
UNIT_USD	2019-02-07	0.00948	0.01241	0.01247	0.00921	0
UNIT_USD	2019-02-06	0.01241	0.01270	0.01273	0.01212	0
UNIT_USD	2019-02-05	0.01270	0.01415	0.01442	0.01240	0
UNIT_USD	2019-02-04	0.01415	0.01472	0.01485	0.01293	0
UNIT_USD	2019-02-03	0.01472	0.01271	0.01498	0.01247	0
UNIT_USD	2019-02-02	0.01271	0.01484	0.01484	0.01250	0
UNIT_USD	2019-02-01	0.01484	0.01522	0.01618	0.01484	0
UNIT_USD	2019-01-31	0.01522	0.01602	0.01616	0.01520	0
UNIT_USD	2019-01-30	0.01602	0.01633	0.01718	0.01600	0
UNIT_USD	2019-01-29	0.01633	0.01710	0.01718	0.01410	0
UNIT_USD	2019-01-28	0.01710	0.01671	0.01760	0.01577	0
UNIT_USD	2019-01-27	0.01671	0.01918	0.01919	0.01527	0
UNIT_USD	2019-01-26	0.01918	0.01744	0.02111	0.01741	0
UNIT_USD	2019-01-25	0.01744	0.01899	0.02252	0.01720	0
UNIT_USD	2019-01-24	0.01899	0.02040	0.02051	0.01883	0
UNIT_USD	2019-01-23	0.02040	0.02051	0.02069	0.02024	0
UNIT_USD	2019-01-22	0.02051	0.02055	0.02231	0.01977	0
UNIT_USD	2019-01-21	0.02055	0.02091	0.02100	0.02017	0
UNIT_USD	2019-01-20	0.02091	0.02137	0.02284	0.01739	0
UNIT_USD	2019-01-19	0.02137	0.02158	0.02302	0.02136	0
UNIT_USD	2019-01-18	0.02158	0.02312	0.02314	0.02079	0
UNIT_USD	2019-01-17	0.02312	0.02282	0.02314	0.02250	0
UNIT_USD	2019-01-16	0.02282	0.02236	0.02317	0.02143	0
UNIT_USD	2019-01-15	0.02236	0.01916	0.02261	0.01815	0
UNIT_USD	2019-01-14	0.01916	0.01999	0.02110	0.01839	0
UNIT_USD	2019-01-13	0.01999	0.02060	0.02277	0.01988	0
UNIT_USD	2019-01-12	0.02060	0.02067	0.02078	0.01991	0
UNIT_USD	2019-01-11	0.02067	0.02183	0.02260	0.02028	0
UNIT_USD	2019-01-10	0.02183	0.02581	0.02635	0.02168	0
UNIT_USD	2019-01-09	0.02581	0.01595	0.02586	0.01573	0
UNIT_USD	2019-01-08	0.01595	0.01771	0.01809	0.01570	0
UNIT_USD	2019-01-07	0.01771	0.02140	0.02174	0.01586	0
UNIT_USD	2019-01-06	0.02140	0.02236	0.04408	0.02009	0
UNIT_USD	2019-01-05	0.02236	0.02273	0.02326	0.02192	0
UNIT_USD	2019-01-04	0.02273	0.02196	0.02286	0.02169	0
UNIT_USD	2019-01-03	0.02196	0.02256	0.02260	0.02150	0
UNIT_USD	2019-01-02	0.02256	0.02232	0.02366	0.01678	0
UNIT_USD	2019-01-01	0.02232	0.02088	0.02245	0.01956	0
UNIT_USD	2018-12-31	0.02088	0.02090	0.02117	0.01994	0
UNIT_USD	2018-12-30	0.02090	0.01936	0.02097	0.01917	0
UNIT_USD	2018-12-29	0.01936	0.02212	0.02262	0.01440	0
UNIT_USD	2018-12-28	0.02212	0.01968	0.02222	0.01968	0
UNIT_USD	2018-12-27	0.01968	0.02234	0.02268	0.01922	0
UNIT_USD	2018-12-26	0.02234	0.02074	0.02241	0.02062	0
UNIT_USD	2018-12-25	0.02074	0.02122	0.02126	0.01927	0
UNIT_USD	2018-12-24	0.02122	0.02333	0.02498	0.02072	0
UNIT_USD	2018-12-23	0.02333	0.02236	0.02387	0.02234	0
UNIT_USD	2018-12-22	0.02236	0.02012	0.02243	0.01913	0
UNIT_USD	2018-12-21	0.02012	0.01985	0.02102	0.01957	0
UNIT_USD	2018-12-20	0.01985	0.02059	0.02266	0.01901	0
UNIT_USD	2018-12-19	0.02059	0.02031	0.02195	0.01447	0
UNIT_USD	2018-12-18	0.02031	0.01858	0.02041	0.01403	0
UNIT_USD	2018-12-17	0.01858	0.02300	0.02327	0.01416	0
UNIT_USD	2018-12-16	0.02300	0.01745	0.02404	0.01697	0
UNIT_USD	2018-12-15	0.01745	0.01680	0.01752	0.01653	0
UNIT_USD	2018-12-14	0.01680	0.01816	0.02205	0.01645	0
UNIT_USD	2018-12-13	0.01816	0.01795	0.01866	0.01774	0
UNIT_USD	2018-12-12	0.01795	0.01810	0.01864	0.01281	0
UNIT_USD	2018-12-11	0.01826	0.01865	0.01878	0.01796	0
UNIT_USD	2018-12-10	0.01865	0.01865	0.01915	0.01839	0
UNIT_USD	2018-12-09	0.01865	0.02121	0.02203	0.01778	0
UNIT_USD	2018-12-08	0.02121	0.01679	0.02209	0.01390	0
UNIT_USD	2018-12-07	0.01679	0.01683	0.02007	0.01380	0
UNIT_USD	2018-12-06	0.01683	0.01742	0.02026	0.01614	0
UNIT_USD	2018-12-05	0.01742	0.02427	0.02456	0.01722	0
UNIT_USD	2018-12-04	0.02427	0.02533	0.02629	0.02405	0
UNIT_USD	2018-12-03	0.02533	0.03005	0.03023	0.02521	0
UNIT_USD	2018-12-02	0.03005	0.03063	0.03574	0.02796	0
UNIT_USD	2018-12-01	0.03063	0.02916	0.03212	0.02831	0
UNIT_USD	2018-11-30	0.02916	0.03055	0.03131	0.02863	0
UNIT_USD	2018-11-29	0.03055	0.03115	0.03275	0.02950	0
UNIT_USD	2018-11-28	0.03115	0.02931	0.03197	0.02850	0
UNIT_USD	2018-11-27	0.02931	0.02869	0.02973	0.02681	0
UNIT_USD	2018-11-26	0.02869	0.03354	0.03430	0.02717	0
UNIT_USD	2018-11-25	0.03354	0.03200	0.03427	0.02684	0
UNIT_USD	2018-11-24	0.03200	0.03505	0.03583	0.03117	0
UNIT_USD	2018-11-23	0.03505	0.03145	0.04169	0.03054	0
UNIT_USD	2018-11-22	0.03145	0.03046	0.04144	0.02971	0
UNIT_USD	2018-11-21	0.03046	0.03173	0.03267	0.02880	0
UNIT_USD	2018-11-20	0.03173	0.03375	0.03452	0.02973	0
UNIT_USD	2018-11-19	0.03375	0.03693	0.04335	0.03375	0
UNIT_USD	2018-11-18	0.03693	0.03536	0.03695	0.03536	0
UNIT_USD	2018-11-17	0.03536	0.03413	0.03538	0.03360	0
UNIT_USD	2018-11-16	0.03413	0.03071	0.03917	0.02980	0
UNIT_USD	2018-11-15	0.03071	0.03051	0.03074	0.02860	0
UNIT_USD	2018-11-14	0.03051	0.05259	0.05285	0.02955	0
UNIT_USD	2018-11-13	0.05259	0.05232	0.05505	0.05228	0
UNIT_USD	2018-11-12	0.05232	0.05824	0.05962	0.05222	0
UNIT_USD	2018-11-11	0.05824	0.05852	0.05867	0.05224	0
UNIT_USD	2018-11-10	0.05852	0.05939	0.05973	0.05848	0
UNIT_USD	2018-11-09	0.05939	0.05997	0.06018	0.05914	0
UNIT_USD	2018-11-08	0.05997	0.05784	0.06138	0.05713	0
UNIT_USD	2018-11-07	0.05784	0.06229	0.06666	0.05311	0
UNIT_USD	2018-11-06	0.06229	0.06179	0.06229	0.06154	0
UNIT_USD	2018-11-05	0.06179	0.06193	0.06203	0.06147	0
UNIT_USD	2018-11-04	0.06193	0.06097	0.06217	0.06068	0
UNIT_USD	2018-11-03	0.06097	0.06408	0.06413	0.06037	0
UNIT_USD	2018-11-02	0.06408	0.06352	0.06419	0.05440	0
UNIT_USD	2018-11-01	0.06352	0.06324	0.06375	0.06303	0
UNIT_USD	2018-10-31	0.06324	0.06216	0.06337	0.06188	0
UNIT_USD	2018-10-30	0.06216	0.06769	0.06782	0.05180	0
UNIT_USD	2018-10-29	0.06769	0.06260	0.06783	0.03956	0
UNIT_USD	2018-10-28	0.06260	0.05762	0.06264	0.05757	0
UNIT_USD	2018-10-27	0.05762	0.05496	0.05762	0.05496	0
UNIT_USD	2018-10-26	0.05496	0.06913	0.06976	0.05477	0
UNIT_USD	2018-10-25	0.06913	0.06944	0.06955	0.06895	0
UNIT_USD	2018-10-24	0.06944	0.06652	0.07049	0.06390	0
UNIT_USD	2018-10-23	0.06652	0.07112	0.07172	0.06645	0
UNIT_USD	2018-10-22	0.07112	0.07043	0.07113	0.06979	0
UNIT_USD	2018-10-21	0.07043	0.07063	0.07174	0.06716	0
UNIT_USD	2018-10-20	0.07063	0.06860	0.07493	0.06843	0
UNIT_USD	2018-10-19	0.06860	0.06785	0.07185	0.06722	0
UNIT_USD	2018-10-18	0.06785	0.06799	0.07034	0.06738	0
UNIT_USD	2018-10-17	0.06799	0.06758	0.06829	0.06737	0
UNIT_USD	2018-10-16	0.06758	0.05019	0.06768	0.04987	0
UNIT_USD	2018-10-15	0.05019	0.05478	0.06540	0.04569	0
UNIT_USD	2018-10-14	0.05478	0.06934	0.07008	0.05230	0
UNIT_USD	2018-10-13	0.06934	0.06902	0.06939	0.06892	0
UNIT_USD	2018-10-12	0.06902	0.06856	0.06958	0.06820	0
UNIT_USD	2018-10-11	0.06856	0.07267	0.07267	0.06828	0
UNIT_USD	2018-10-10	0.07267	0.07303	0.07303	0.07156	0
UNIT_USD	2018-10-09	0.07303	0.07314	0.07322	0.07243	0
UNIT_USD	2018-10-08	0.07314	0.07235	0.07363	0.07218	0
UNIT_USD	2018-10-07	0.07235	0.07225	0.07271	0.07163	0
UNIT_USD	2018-10-06	0.07225	0.07283	0.07286	0.07194	0
UNIT_USD	2018-10-05	0.07283	0.07212	0.07305	0.07177	0
UNIT_USD	2018-10-04	0.07212	0.07127	0.07270	0.07123	0
UNIT_USD	2018-10-03	0.07127	0.07166	0.07182	0.07048	0
UNIT_USD	2018-10-02	0.07166	0.07235	0.07270	0.07139	0
UNIT_USD	2018-10-01	0.07235	0.07254	0.07299	0.07147	0
UNIT_USD	2018-09-30	0.07254	0.07239	0.07295	0.07159	0
UNIT_USD	2018-09-29	0.07239	0.07272	0.07272	0.07087	0
UNIT_USD	2018-09-28	0.07272	0.07331	0.07480	0.07174	0
UNIT_USD	2018-09-27	0.07331	0.07083	0.07373	0.07059	0
UNIT_USD	2018-09-26	0.07083	0.07052	0.07180	0.06999	0
UNIT_USD	2018-09-25	0.07052	0.07217	0.07217	0.06961	0
UNIT_USD	2018-09-24	0.07217	0.07355	0.07367	0.07184	0
UNIT_USD	2018-09-23	0.07355	0.07370	0.07434	0.07306	0
UNIT_USD	2018-09-22	0.07370	0.07422	0.07497	0.07281	0
UNIT_USD	2018-09-21	0.07422	0.07124	0.07431	0.07120	0
UNIT_USD	2018-09-20	0.07124	0.07005	0.07151	0.06968	0
UNIT_USD	2018-09-19	0.07005	0.06952	0.07090	0.06701	0
UNIT_USD	2018-09-18	0.06952	0.06855	0.06995	0.06828	0
UNIT_USD	2018-09-17	0.06855	0.07122	0.07159	0.06809	0
UNIT_USD	2018-09-16	0.07122	0.07146	0.07146	0.06993	0
UNIT_USD	2018-09-15	0.07146	0.07110	0.07200	0.07095	0
UNIT_USD	2018-09-14	0.07110	0.07097	0.07218	0.06985	0
UNIT_USD	2018-09-13	0.07097	0.06945	0.07150	0.06942	0
UNIT_USD	2018-09-12	0.06945	0.06894	0.06960	0.06799	0
UNIT_USD	2018-09-11	0.06894	0.06914	0.06998	0.06773	0
UNIT_USD	2018-09-10	0.06914	0.06839	0.06955	0.06839	0
UNIT_USD	2018-09-09	0.06839	0.06779	0.07033	0.06747	0
UNIT_USD	2018-09-08	0.06779	0.07019	0.07097	0.06729	0
UNIT_USD	2018-09-07	0.07019	0.07139	0.07160	0.06932	0
UNIT_USD	2018-09-06	0.07139	0.07348	0.07366	0.06917	0
UNIT_USD	2018-09-05	0.07348	0.08065	0.08105	0.07343	0
UNIT_USD	2018-09-04	0.08065	0.07968	0.08122	0.07942	0
UNIT_USD	2018-09-03	0.07968	0.07990	0.08041	0.07891	0
UNIT_USD	2018-09-02	0.07990	0.07888	0.08052	0.07822	0
UNIT_USD	2018-09-01	0.07888	0.07701	0.07957	0.07694	0
UNIT_USD	2018-08-31	0.07701	0.07638	0.07764	0.07557	0
UNIT_USD	2018-08-30	0.07638	0.07628	0.07642	0.07416	0
UNIT_USD	2018-08-29	0.07628	0.07386	0.07944	0.07386	0
UNIT_USD	2018-08-28	0.07386	0.07355	0.07603	0.06787	0
UNIT_USD	2018-08-27	0.07355	0.07383	0.07397	0.06678	0
UNIT_USD	2018-08-26	0.07383	0.07528	0.07574	0.07300	0
UNIT_USD	2018-08-25	0.07528	0.07698	0.07811	0.07465	0
UNIT_USD	2018-08-24	0.07698	0.08198	0.08213	0.07150	0
UNIT_USD	2018-08-23	0.08198	0.07975	0.08247	0.07970	0
UNIT_USD	2018-08-22	0.07975	0.08494	0.09103	0.07066	0
UNIT_USD	2018-08-21	0.08494	0.08200	0.08521	0.08194	0
UNIT_USD	2018-08-20	0.08200	0.08110	0.10515	0.06803	0
UNIT_USD	2018-08-19	0.08110	0.08471	0.09314	0.07414	0
UNIT_USD	2018-08-18	0.08471	0.08733	0.08762	0.08357	0
UNIT_USD	2018-08-17	0.08733	0.09155	0.09486	0.08530	0
UNIT_USD	2018-08-16	0.09155	0.10368	0.11992	0.09038	0
UNIT_USD	2018-08-15	0.10368	0.07766	0.10935	0.07761	0
UNIT_USD	2018-08-14	0.07766	0.11885	0.11885	0.06954	0
UNIT_USD	2018-08-13	0.11885	0.12312	0.12703	0.11710	0
UNIT_USD	2018-08-12	0.12312	0.14221	0.14521	0.10377	0
UNIT_USD	2018-08-11	0.14221	0.14039	0.14756	0.13733	0
UNIT_USD	2018-08-10	0.14039	0.16348	0.16460	0.13748	0
UNIT_USD	2018-08-09	0.16348	0.16363	0.16609	0.15495	0
UNIT_USD	2018-08-08	0.16363	0.16859	0.16923	0.15985	0
UNIT_USD	2018-08-07	0.16859	0.18087	0.19213	0.16768	0
UNIT_USD	2018-08-06	0.18087	0.19023	0.19405	0.17861	0
UNIT_USD	2018-08-05	0.19023	0.19536	0.19688	0.18655	0
UNIT_USD	2018-08-04	0.19536	0.19987	0.22621	0.17588	0
UNIT_USD	2018-08-03	0.19987	0.20281	0.21852	0.19604	0
UNIT_USD	2018-08-02	0.20281	0.19637	0.22315	0.19083	0
UNIT_USD	2018-08-01	0.19637	0.19924	0.19949	0.18562	0
UNIT_USD	2018-07-31	0.19924	0.20972	0.23517	0.18811	0
UNIT_USD	2018-07-30	0.20972	0.19946	0.22837	0.18450	0
UNIT_USD	2018-07-29	0.19946	0.22519	0.22519	0.19679	0
UNIT_USD	2018-07-28	0.22519	0.25290	0.25574	0.21752	0
UNIT_USD	2018-07-27	0.25290	0.22297	0.25294	0.19406	0
UNIT_USD	2018-07-26	0.22297	0.26173	0.31346	0.20813	0
UNIT_USD	2018-07-25	0.26173	0.27662	0.27892	0.18899	0
UNIT_USD	2018-07-24	0.27662	0.28617	0.30494	0.26748	0
UNIT_USD	2018-07-23	0.28617	0.28122	0.28864	0.25964	0
UNIT_USD	2018-07-22	0.28122	0.28980	0.29774	0.26915	0
UNIT_USD	2018-07-21	0.28980	0.26558	0.29313	0.25331	0
UNIT_USD	2018-07-20	0.26558	0.28082	0.28082	0.24000	0
UNIT_USD	2018-07-19	0.28082	0.25203	0.30346	0.22785	0
UNIT_USD	2018-07-18	0.25203	0.17403	0.25249	0.17403	0
UNIT_USD	2018-07-17	0.17403	0.21287	0.22751	0.17054	0
UNIT_USD	2018-07-16	0.21287	0.20005	0.21341	0.16527	0
UNIT_USD	2018-07-15	0.20005	0.16041	0.20005	0.14486	0
UNIT_USD	2018-07-14	0.16041	0.14250	0.26567	0.13895	0
UNIT_USD	2018-07-13	0.14250	0.15105	0.15940	0.13151	0
UNIT_USD	2018-07-12	0.15105	0.15106	0.15174	0.12491	0
UNIT_USD	2018-07-11	0.15106	0.15569	0.18093	0.14735	0
UNIT_USD	2018-07-10	0.15569	0.16047	0.31961	0.12582	0
UNIT_USD	2018-07-09	0.16047	0.16421	0.16557	0.15678	0
UNIT_USD	2018-07-08	0.16421	0.19126	0.19391	0.15528	0
UNIT_USD	2018-07-07	0.19126	0.19662	0.19684	0.18137	0
UNIT_USD	2018-07-06	0.19662	0.22930	0.22960	0.19166	0
UNIT_USD	2018-07-05	0.22930	0.18699	0.23271	0.18520	0
UNIT_USD	2018-07-04	0.18699	0.18444	0.19051	0.18211	0
UNIT_USD	2018-07-03	0.18444	0.18777	0.18925	0.00247	0
UNIT_USD	2018-07-02	0.18777	0.18015	0.18938	0.00000	0
UNIT_USD	2018-07-01	0.18017	0.18136	0.18250	0.17792	0
UNIT_USD	2018-06-30	0.18136	0.17601	0.18490	0.17601	0
UNIT_USD	2018-06-29	0.17616	0.16600	0.17800	0.16460	0
UNIT_USD	2018-06-28	0.16627	0.17407	0.17495	0.16545	0
UNIT_USD	2018-06-27	0.17406	0.15326	0.17537	0.15247	0
UNIT_USD	2018-06-26	0.15375	0.15402	0.16406	0.15261	0
UNIT_USD	2018-06-25	0.15391	0.14950	0.16226	0.14881	0
UNIT_USD	2018-06-24	0.14955	0.15945	0.19162	0.13180	0
UNIT_USD	2018-06-23	0.15927	0.11369	0.21121	0.11271	0
UNIT_USD	2018-06-22	0.11369	0.24442	0.24447	0.11035	0
UNIT_USD	2018-06-21	0.24437	0.22910	0.24461	0.11765	0
UNIT_USD	2018-06-20	0.22914	0.22197	0.23783	0.20070	0
UNIT_USD	2018-06-19	0.22225	0.19436	0.22866	0.10604	0
UNIT_USD	2018-06-18	0.19430	0.21565	0.21922	0.19151	0
UNIT_USD	2018-06-17	0.21551	0.17294	0.21801	0.17294	0
UNIT_USD	2018-06-16	0.17295	0.20729	0.21104	0.09728	0
UNIT_USD	2018-06-15	0.20719	0.23011	0.23485	0.09903	0
UNIT_USD	2018-06-14	0.22967	0.21227	0.23937	0.20518	0
UNIT_USD	2018-06-13	0.21215	0.21157	0.21640	0.20109	0
UNIT_USD	2018-06-12	0.21151	0.22676	0.22676	0.20656	0
UNIT_USD	2018-06-11	0.22690	0.22290	0.22767	0.21592	0
UNIT_USD	2018-06-10	0.22265	0.25071	0.25071	0.21900	0
UNIT_USD	2018-06-09	0.25065	0.25481	0.25892	0.24603	0
UNIT_USD	2018-06-08	0.25480	0.26055	0.26091	0.25246	0
UNIT_USD	2018-06-07	0.26066	0.25071	0.26558	0.24480	0
UNIT_USD	2018-06-06	0.25069	0.24574	0.25303	0.24079	0
UNIT_USD	2018-06-05	0.24557	0.22823	0.26125	0.22416	0
UNIT_USD	2018-06-04	0.22840	0.22796	0.23150	0.22405	0
UNIT_USD	2018-06-03	0.22776	0.23481	0.23940	0.21637	0
UNIT_USD	2018-06-02	0.23498	0.25663	0.25708	0.23353	0
UNIT_USD	2018-06-01	0.25654	0.27597	0.27695	0.22984	0
UNIT_USD	2018-05-31	0.27599	0.32757	0.33396	0.25388	0
UNIT_USD	2018-05-30	0.32760	0.32664	0.35610	0.00000	0
UNIT_USD	2018-05-29	0.32626	0.34270	0.36454	0.32478	0
UNIT_USD	2018-05-28	0.34253	0.35403	0.35828	0.34085	0
UNIT_USD	2018-05-27	0.35406	0.35132	0.35577	0.33137	0
UNIT_USD	2018-05-26	0.35124	0.35158	0.36508	0.34523	0
UNIT_USD	2018-05-25	0.35164	0.36032	0.36856	0.34660	0
UNIT_USD	2018-05-24	0.36016	0.35029	0.37284	0.33100	0
UNIT_USD	2018-05-23	0.35056	0.36416	0.37008	0.33534	0
UNIT_USD	2018-05-22	0.36428	0.35298	0.40337	0.34193	0
UNIT_USD	2018-05-21	0.35298	0.43873	0.44032	0.34777	0
UNIT_USD	2018-05-20	0.43873	0.42432	0.45233	0.38602	0
UNIT_USD	2018-05-19	0.42432	0.39477	0.45251	0.38897	0
UNIT_USD	2018-05-18	0.39477	0.41446	0.42479	0.38776	0
UNIT_USD	2018-05-17	0.41504	0.44058	0.46108	0.40537	0
UNIT_USD	2018-05-16	0.44020	0.42613	0.47993	0.38095	0
UNIT_USD	2018-05-15	0.42610	0.40741	0.44097	0.39418	0
UNIT_USD	2018-05-14	0.40757	0.36510	0.41711	0.34750	0
UNIT_USD	2018-05-13	0.36510	0.36599	0.38273	0.34550	0
UNIT_USD	2018-05-12	0.36516	0.38084	0.38492	0.33970	0
UNIT_USD	2018-05-11	0.38084	0.46492	0.46492	0.37477	0
UNIT_USD	2018-05-10	0.46492	0.46409	0.48277	0.44007	0
UNIT_USD	2018-05-09	0.46409	0.43477	0.47804	0.43260	0
UNIT_USD	2018-05-08	0.43493	0.47277	0.47339	0.00005	0
UNIT_USD	2018-05-07	0.46752	0.43152	0.48766	0.40909	0
UNIT_USD	2018-05-06	0.43152	0.47524	0.50336	0.35368	0
UNIT_USD	2018-05-05	0.47478	0.52252	0.56653	0.46966	0
UNIT_USD	2018-05-04	0.52252	0.55601	0.60739	0.48689	0
UNIT_USD	2018-05-03	0.55601	0.49857	0.56730	0.49811	0
UNIT_USD	2018-05-02	0.49857	0.42171	0.49870	0.41770	0
UNIT_USD	2018-05-01	0.42171	0.38755	0.42329	0.38329	0
UNIT_USD	2018-04-30	0.38755	0.39361	0.39591	0.38200	0
UNIT_USD	2018-04-29	0.39361	0.39068	0.39775	0.38065	0
UNIT_USD	2018-04-28	0.39068	0.38749	0.40001	0.37615	0
UNIT_USD	2018-04-27	0.38749	0.46849	0.50055	0.38089	0
UNIT_USD	2018-04-26	0.46849	0.32799	0.55360	0.31917	0
UNIT_USD	2018-04-25	0.32799	0.47684	0.62221	0.32481	0
UNIT_USD	2018-04-24	0.47684	0.45982	0.50833	0.43950	0
UNIT_USD	2018-04-23	0.45982	0.44249	0.71415	0.36967	0
UNIT_USD	2018-04-22	0.44249	0.47081	0.51409	0.44013	0
UNIT_USD	2018-04-21	0.47081	0.51468	0.69367	0.46636	0
UNIT_USD	2018-04-20	0.51468	0.63132	0.67746	0.47655	0
UNIT_USD	2018-04-19	0.63132	0.58167	0.63780	0.47025	0
UNIT_USD	2018-04-18	0.58167	0.70605	0.71949	0.57192	0
UNIT_USD	2018-04-17	0.70605	0.70853	0.75476	0.67788	0
UNIT_USD	2018-04-16	0.70853	0.71131	0.77006	0.66722	0
UNIT_USD	2018-04-15	0.71131	0.74492	0.75837	0.68925	0
UNIT_USD	2018-04-14	0.74492	0.80366	0.82157	0.74108	0
UNIT_USD	2018-04-13	0.80366	0.79919	0.87327	0.78340	0
UNIT_USD	2018-04-12	0.79919	0.70177	0.82336	0.68256	0
UNIT_USD	2018-04-11	0.70177	0.76789	0.78881	0.67650	0
UNIT_USD	2018-04-10	0.76789	0.72748	0.78328	0.67147	0
UNIT_USD	2018-04-09	0.72748	0.70953	0.76675	0.67495	0
UNIT_USD	2018-04-08	0.70953	0.73077	0.78279	0.70744	0
UNIT_USD	2018-04-07	0.73077	0.70663	0.74869	0.69301	0
UNIT_USD	2018-04-06	0.70663	0.69646	0.73215	0.69202	0
UNIT_USD	2018-04-05	0.69646	0.70489	0.71253	0.66893	0
UNIT_USD	2018-04-04	0.70489	0.74454	0.77205	0.69549	0
UNIT_USD	2018-04-03	0.74454	0.72103	0.78760	0.71544	0
UNIT_USD	2018-04-02	0.72103	0.71534	0.74506	0.70817	0
UNIT_USD	2018-04-01	0.71534	0.74127	0.75042	0.66880	0
UNIT_USD	2018-03-31	0.74127	0.73018	0.75619	0.69152	0
UNIT_USD	2018-03-30	0.73018	0.80564	0.81097	0.72254	0
UNIT_USD	2018-03-29	0.80564	0.93056	0.93540	0.78481	0
UNIT_USD	2018-03-28	0.93056	0.94602	0.97901	0.92761	0
UNIT_USD	2018-03-27	0.94602	0.99513	1.00406	0.92055	0
UNIT_USD	2018-03-26	0.99513	0.87087	1.05058	0.86452	0
UNIT_USD	2018-03-25	0.87087	0.86437	0.90284	0.86141	0
UNIT_USD	2018-03-24	0.86437	0.89112	0.92839	0.86337	0
UNIT_USD	2018-03-23	0.89112	0.87557	0.89354	0.85166	0
UNIT_USD	2018-03-22	0.87557	0.89965	0.91841	0.80973	0
UNIT_USD	2018-03-21	0.89965	0.90108	0.92676	0.85046	0
UNIT_USD	2018-03-20	0.90108	0.86459	0.91526	0.83911	0
UNIT_USD	2018-03-19	0.86459	0.82649	0.87557	0.81746	0
UNIT_USD	2018-03-18	0.82649	0.82237	0.83275	0.72610	0
UNIT_USD	2018-03-17	0.82237	0.90667	0.90878	0.74503	0
UNIT_USD	2018-03-16	0.90667	0.91556	0.94015	0.85926	0
UNIT_USD	2018-03-15	0.91556	0.91762	1.00842	0.86099	0
UNIT_USD	2018-03-14	0.91762	0.89993	1.04324	0.88832	0
UNIT_USD	2018-03-13	0.89993	1.00296	1.10447	0.89911	0
UNIT_USD	2018-03-12	1.00296	1.03657	1.08499	0.91668	0
UNIT_USD	2018-03-11	1.03657	0.91918	1.05891	0.78198	0
UNIT_USD	2018-03-10	0.91918	1.10635	1.15528	0.91454	0
UNIT_USD	2018-03-09	1.10635	1.11591	1.15865	1.00221	0
UNIT_USD	2018-03-08	1.11591	1.18666	1.21242	1.08579	0
UNIT_USD	2018-03-07	1.18666	1.23322	1.28730	1.08694	0
UNIT_USD	2018-03-06	1.23322	1.26410	1.32419	1.21175	0
UNIT_USD	2018-03-05	1.26410	1.49597	1.49931	1.26294	0
UNIT_USD	2018-03-04	1.49597	1.27507	1.74835	1.06640	0
UNIT_USD	2018-03-03	1.27507	1.45271	1.56492	1.15590	0
UNIT_USD	2018-03-02	1.45271	1.48875	1.54588	1.34394	0
