VITE_USD	2019-04-09	0.025032	0.025423	0.025452	0.024604	0
VITE_USD	2019-04-08	0.025469	0.026506	0.029111	0.024976	0
VITE_USD	2019-04-07	0.026590	0.029976	0.030644	0.025279	0
VITE_USD	2019-04-06	0.029945	0.025099	0.031229	0.024364	0
VITE_USD	2019-04-05	0.025139	0.025398	0.027198	0.025139	0
VITE_USD	2019-04-04	0.025386	0.025636	0.026447	0.024814	0
VITE_USD	2019-04-03	0.025543	0.023622	0.031908	0.023523	0
VITE_USD	2019-04-02	0.023629	0.020898	0.024393	0.020869	0
VITE_USD	2019-04-01	0.020949	0.020015	0.026155	0.019773	0
VITE_USD	2019-03-31	0.020016	0.022566	0.022569	0.020014	0
VITE_USD	2019-03-30	0.022566	0.022296	0.022649	0.021486	0
VITE_USD	2019-03-29	0.022296	0.019108	0.022313	0.019073	0
VITE_USD	2019-03-28	0.019108	0.019292	0.019292	0.019005	0
VITE_USD	2019-03-27	0.019295	0.017947	0.019368	0.017939	0
VITE_USD	2019-03-26	0.017947	0.020381	0.020608	0.017895	0
VITE_USD	2019-03-25	0.020381	0.020113	0.020463	0.017627	0
VITE_USD	2019-03-24	0.020113	0.018524	0.020181	0.017950	0
VITE_USD	2019-03-23	0.018524	0.018363	0.018674	0.018331	0
VITE_USD	2019-03-22	0.018368	0.017829	0.018541	0.017758	0
VITE_USD	2019-03-21	0.017830	0.018501	0.018570	0.017689	0
VITE_USD	2019-03-20	0.018496	0.018392	0.018577	0.018072	0
VITE_USD	2019-03-19	0.018408	0.018003	0.018579	0.017976	0
VITE_USD	2019-03-18	0.018003	0.018148	0.018532	0.017807	0
VITE_USD	2019-03-17	0.018148	0.016002	0.021211	0.015622	0
VITE_USD	2019-03-16	0.016002	0.015499	0.016374	0.015499	0
VITE_USD	2019-03-15	0.015497	0.014990	0.015691	0.014989	0
VITE_USD	2019-03-14	0.015001	0.014970	0.015298	0.014735	0
VITE_USD	2019-03-13	0.014970	0.014999	0.015140	0.014693	0
VITE_USD	2019-03-12	0.014999	0.013992	0.015083	0.013578	0
VITE_USD	2019-03-11	0.013986	0.014280	0.014338	0.013847	0
VITE_USD	2019-03-10	0.014280	0.014474	0.014495	0.014144	0
VITE_USD	2019-03-09	0.014473	0.014073	0.014635	0.014005	0
VITE_USD	2019-03-08	0.014072	0.014470	0.014761	0.013772	0
VITE_USD	2019-03-07	0.014471	0.018343	0.018695	0.014321	0
VITE_USD	2019-03-06	0.018339	0.018284	0.018728	0.017869	0
VITE_USD	2019-03-05	0.018267	0.016752	0.018388	0.016677	0
VITE_USD	2019-03-04	0.016752	0.017390	0.017467	0.016427	0
VITE_USD	2019-03-03	0.017372	0.015661	0.017753	0.015660	0
VITE_USD	2019-03-02	0.015662	0.015926	0.016050	0.015380	0
VITE_USD	2019-03-01	0.015937	0.018515	0.018939	0.015917	0
VITE_USD	2019-02-28	0.018517	0.014233	0.022092	0.014139	0
VITE_USD	2019-02-27	0.014233	0.014393	0.014836	0.013387	0
VITE_USD	2019-02-26	0.014421	0.014577	0.014637	0.014199	0
VITE_USD	2019-02-25	0.014580	0.013970	0.014943	0.013970	0
VITE_USD	2019-02-24	0.013951	0.016667	0.017500	0.013951	0
VITE_USD	2019-02-23	0.016687	0.019476	0.019597	0.015523	0
VITE_USD	2019-02-22	0.019508	0.019096	0.019586	0.018829	0
VITE_USD	2019-02-21	0.019100	0.016835	0.019100	0.016442	0
VITE_USD	2019-02-20	0.016900	0.016436	0.016924	0.016096	0
VITE_USD	2019-02-19	0.016436	0.016688	0.017197	0.016360	0
VITE_USD	2019-02-18	0.016705	0.015267	0.017006	0.015162	0
VITE_USD	2019-02-17	0.015267	0.016238	0.017907	0.015267	0
VITE_USD	2019-02-16	0.016238	0.016119	0.016539	0.016114	0
VITE_USD	2019-02-15	0.016115	0.014211	0.016470	0.014173	0
VITE_USD	2019-02-14	0.014217	0.017174	0.017491	0.014179	0
VITE_USD	2019-02-13	0.017194	0.017318	0.017950	0.017019	0
VITE_USD	2019-02-12	0.017267	0.014233	0.017501	0.013909	0
VITE_USD	2019-02-11	0.014233	0.017688	0.017688	0.014141	0
VITE_USD	2019-02-10	0.017717	0.014040	0.017801	0.013690	0
VITE_USD	2019-02-09	0.014055	0.016362	0.016421	0.013877	0
VITE_USD	2019-02-08	0.016385	0.013645	0.017800	0.013561	0
VITE_USD	2019-02-07	0.013638	0.013683	0.013883	0.013572	0
VITE_USD	2019-02-06	0.013683	0.014023	0.014055	0.013290	0
VITE_USD	2019-02-05	0.014023	0.013994	0.014081	0.013869	0
VITE_USD	2019-02-04	0.013997	0.014014	0.014231	0.013912	0
VITE_USD	2019-02-03	0.014002	0.014542	0.014637	0.013829	0
VITE_USD	2019-02-02	0.014501	0.014171	0.014858	0.014043	0
VITE_USD	2019-02-01	0.014171	0.016968	0.016986	0.013947	0
VITE_USD	2019-01-31	0.016936	0.017273	0.017651	0.016790	0
VITE_USD	2019-01-30	0.017286	0.013419	0.017442	0.013295	0
VITE_USD	2019-01-29	0.013445	0.013575	0.013655	0.013168	0
VITE_USD	2019-01-28	0.013565	0.014315	0.014429	0.013042	0
VITE_USD	2019-01-27	0.014317	0.014900	0.014987	0.014232	0
VITE_USD	2019-01-26	0.014904	0.014894	0.015236	0.014866	0
VITE_USD	2019-01-25	0.014893	0.015120	0.015164	0.014773	0
VITE_USD	2019-01-24	0.015121	0.014856	0.015233	0.014610	0
VITE_USD	2019-01-23	0.014856	0.015035	0.015153	0.014651	0
VITE_USD	2019-01-22	0.015035	0.014687	0.015210	0.014129	0
VITE_USD	2019-01-21	0.014701	0.014914	0.015028	0.014398	0
VITE_USD	2019-01-20	0.014891	0.015763	0.015828	0.014736	0
VITE_USD	2019-01-19	0.015763	0.015245	0.016291	0.015245	0
VITE_USD	2019-01-18	0.015240	0.016399	0.016454	0.015070	0
VITE_USD	2019-01-17	0.016417	0.016356	0.016563	0.015744	0
VITE_USD	2019-01-16	0.016280	0.018502	0.021042	0.016160	0
VITE_USD	2019-01-15	0.018530	0.014591	0.025944	0.014207	0
VITE_USD	2019-01-14	0.014592	0.012980	0.014783	0.012962	0
VITE_USD	2019-01-13	0.012969	0.014008	0.014049	0.012783	0
VITE_USD	2019-01-12	0.014010	0.019950	0.020126	0.013895	0
VITE_USD	2019-01-11	0.019950	0.020058	0.020174	0.013790	0
VITE_USD	2019-01-10	0.020052	0.017649	0.020052	0.014563	0
VITE_USD	2019-01-09	0.017643	0.016058	0.024952	0.016042	0
VITE_USD	2019-01-08	0.016058	0.016253	0.023167	0.015838	0
VITE_USD	2019-01-07	0.016250	0.016889	0.017071	0.016093	0
VITE_USD	2019-01-06	0.016886	0.017429	0.018459	0.016769	0
VITE_USD	2019-01-05	0.017424	0.017456	0.018334	0.017364	0
VITE_USD	2019-01-04	0.017457	0.016814	0.017815	0.016603	0
VITE_USD	2019-01-03	0.016808	0.017594	0.017730	0.016541	0
VITE_USD	2019-01-02	0.017600	0.023315	0.025397	0.017100	0
VITE_USD	2019-01-01	0.023106	0.021733	0.023541	0.021555	0
VITE_USD	2018-12-31	0.021733	0.015863	0.021861	0.014712	0
VITE_USD	2018-12-30	0.015842	0.014828	0.015963	0.014308	0
VITE_USD	2018-12-29	0.014907	0.015105	0.016213	0.014475	0
VITE_USD	2018-12-28	0.015114	0.012576	0.015212	0.012420	0
VITE_USD	2018-12-27	0.012543	0.014278	0.014416	0.012362	0
VITE_USD	2018-12-26	0.014271	0.014104	0.014982	0.013533	0
VITE_USD	2018-12-25	0.014103	0.018538	0.018654	0.013634	0
VITE_USD	2018-12-24	0.018552	0.017389	0.021226	0.017374	0
VITE_USD	2018-12-23	0.017392	0.015671	0.017928	0.015663	0
VITE_USD	2018-12-22	0.015646	0.013087	0.015672	0.012792	0
VITE_USD	2018-12-21	0.013087	0.013896	0.014410	0.012793	0
VITE_USD	2018-12-20	0.013955	0.012036	0.014180	0.011942	0
VITE_USD	2018-12-19	0.012027	0.012238	0.013025	0.011953	0
VITE_USD	2018-12-18	0.012204	0.011430	0.012362	0.011104	0
VITE_USD	2018-12-17	0.011432	0.010596	0.012126	0.010551	0
VITE_USD	2018-12-16	0.010591	0.013935	0.014600	0.010545	0
VITE_USD	2018-12-15	0.013936	0.011587	0.014030	0.011517	0
VITE_USD	2018-12-14	0.011586	0.011954	0.012026	0.011379	0
VITE_USD	2018-12-13	0.011927	0.012486	0.012637	0.011728	0
VITE_USD	2018-12-12	0.012486	0.012093	0.012774	0.011993	0
VITE_USD	2018-12-11	0.012157	0.012551	0.012800	0.011916	0
VITE_USD	2018-12-10	0.012533	0.013045	0.013289	0.012310	0
VITE_USD	2018-12-09	0.013067	0.014842	0.016346	0.012946	0
VITE_USD	2018-12-08	0.014852	0.015170	0.015939	0.013720	0
VITE_USD	2018-12-07	0.015174	0.014715	0.015814	0.013285	0
VITE_USD	2018-12-06	0.014786	0.016425	0.016844	0.014658	0
VITE_USD	2018-12-05	0.016391	0.017724	0.017799	0.016374	0
VITE_USD	2018-12-04	0.017727	0.017476	0.018436	0.017038	0
VITE_USD	2018-12-03	0.017476	0.019031	0.019075	0.016242	0
VITE_USD	2018-12-02	0.018994	0.014386	0.019431	0.014022	0
VITE_USD	2018-12-01	0.014386	0.016735	0.018025	0.014235	0
VITE_USD	2018-11-30	0.016735	0.012042	0.016759	0.011393	0
VITE_USD	2018-11-29	0.012042	0.012605	0.012690	0.011711	0
VITE_USD	2018-11-28	0.012605	0.017568	0.018651	0.011750	0
VITE_USD	2018-11-27	0.017568	0.017381	0.017980	0.016195	0
VITE_USD	2018-11-26	0.017381	0.018667	0.019047	0.016831	0
VITE_USD	2018-11-25	0.018727	0.015580	0.019011	0.014011	0
VITE_USD	2018-11-24	0.015580	0.016918	0.017518	0.015126	0
VITE_USD	2018-11-23	0.016918	0.017048	0.017346	0.016213	0
VITE_USD	2018-11-22	0.017214	0.018685	0.018939	0.017214	0
VITE_USD	2018-11-21	0.018742	0.018193	0.019101	0.017243	0
VITE_USD	2018-11-20	0.018182	0.024577	0.025036	0.017320	0
VITE_USD	2018-11-19	0.024577	0.028585	0.028585	0.022307	0
VITE_USD	2018-11-18	0.028585	0.028097	0.029056	0.028097	0
VITE_USD	2018-11-17	0.028097	0.023911	0.028203	0.023525	0
VITE_USD	2018-11-16	0.023911	0.024863	0.024933	0.023469	0
VITE_USD	2018-11-15	0.024863	0.025276	0.025560	0.023234	0
VITE_USD	2018-11-14	0.025100	0.034828	0.035060	0.024015	0
VITE_USD	2018-11-13	0.034874	0.036150	0.036184	0.031376	0
VITE_USD	2018-11-12	0.036150	0.036205	0.036405	0.035862	0
VITE_USD	2018-11-11	0.036266	0.032832	0.036266	0.032194	0
VITE_USD	2018-11-10	0.032832	0.032496	0.033191	0.032421	0
VITE_USD	2018-11-09	0.032496	0.032759	0.033165	0.032278	0
VITE_USD	2018-11-08	0.032759	0.033298	0.033528	0.032562	0
VITE_USD	2018-11-07	0.033298	0.035084	0.035662	0.033038	0
VITE_USD	2018-11-06	0.035084	0.034163	0.035220	0.033888	0
VITE_USD	2018-11-05	0.034163	0.034551	0.034649	0.033682	0
VITE_USD	2018-11-04	0.034551	0.032701	0.035682	0.032528	0
VITE_USD	2018-11-03	0.032701	0.033048	0.033088	0.032572	0
VITE_USD	2018-11-02	0.033048	0.032577	0.033257	0.032577	0
VITE_USD	2018-11-01	0.032577	0.035564	0.035672	0.032376	0
VITE_USD	2018-10-31	0.035564	0.035319	0.035776	0.034628	0
VITE_USD	2018-10-30	0.035359	0.036431	0.038983	0.035321	0
VITE_USD	2018-10-29	0.036431	0.037917	0.042042	0.036220	0
VITE_USD	2018-10-28	0.037917	0.037886	0.038014	0.037732	0
VITE_USD	2018-10-27	0.037886	0.038752	0.038820	0.037804	0
VITE_USD	2018-10-26	0.038752	0.044731	0.044885	0.037799	0
VITE_USD	2018-10-25	0.044731	0.040633	0.045054	0.038895	0
VITE_USD	2018-10-24	0.040633	0.038136	0.042471	0.038134	0
VITE_USD	2018-10-23	0.038136	0.037314	0.039101	0.036735	0
VITE_USD	2018-10-22	0.037314	0.034770	0.037640	0.034652	0
VITE_USD	2018-10-21	0.034745	0.037466	0.038020	0.034740	0
VITE_USD	2018-10-20	0.037462	0.035078	0.037583	0.034855	0
VITE_USD	2018-10-19	0.035071	0.035033	0.035357	0.034679	0
VITE_USD	2018-10-18	0.035033	0.035880	0.036175	0.034379	0
VITE_USD	2018-10-17	0.035880	0.036354	0.036619	0.035441	0
VITE_USD	2018-10-16	0.036366	0.040867	0.041709	0.035851	0
VITE_USD	2018-10-15	0.040867	0.035832	0.043269	0.035406	0
VITE_USD	2018-10-14	0.035806	0.038229	0.038605	0.035577	0
VITE_USD	2018-10-13	0.038234	0.038412	0.039494	0.037982	0
VITE_USD	2018-10-12	0.038447	0.034800	0.039135	0.034680	0
VITE_USD	2018-10-11	0.034745	0.041269	0.041269	0.034603	0
VITE_USD	2018-10-10	0.041269	0.044570	0.044591	0.040960	0
VITE_USD	2018-10-09	0.044570	0.044701	0.044860	0.044105	0
VITE_USD	2018-10-08	0.044701	0.041331	0.045269	0.039371	0
VITE_USD	2018-10-07	0.041331	0.041131	0.041567	0.040515	0
VITE_USD	2018-10-06	0.041131	0.044545	0.044615	0.040870	0
VITE_USD	2018-10-05	0.044545	0.041147	0.044681	0.040704	0
VITE_USD	2018-10-04	0.041147	0.041484	0.044776	0.040732	0
VITE_USD	2018-10-03	0.041463	0.042057	0.045729	0.040673	0
VITE_USD	2018-10-02	0.042111	0.045949	0.046102	0.042032	0
VITE_USD	2018-10-01	0.045940	0.046316	0.048681	0.040868	0
VITE_USD	2018-09-30	0.046316	0.048738	0.049026	0.045037	0
VITE_USD	2018-09-29	0.048738	0.044403	0.049540	0.042797	0
VITE_USD	2018-09-28	0.044403	0.043221	0.046735	0.041079	0
VITE_USD	2018-09-27	0.043148	0.038763	0.043148	0.038138	0
VITE_USD	2018-09-26	0.038833	0.036818	0.040278	0.034746	0
VITE_USD	2018-09-25	0.036607	0.040101	0.040101	0.034746	0
VITE_USD	2018-09-24	0.040101	0.040364	0.042955	0.039706	0
VITE_USD	2018-09-23	0.040354	0.039253	0.044134	0.038654	0
VITE_USD	2018-09-22	0.039239	0.040764	0.041930	0.038380	0
VITE_USD	2018-09-21	0.040813	0.035117	0.041389	0.034438	0
VITE_USD	2018-09-20	0.035117	0.032633	0.035584	0.032174	0
VITE_USD	2018-09-19	0.032605	0.032469	0.033198	0.030611	0
VITE_USD	2018-09-18	0.032469	0.033136	0.035010	0.031279	0
VITE_USD	2018-09-17	0.033136	0.036337	0.037398	0.032467	0
VITE_USD	2018-09-16	0.036337	0.036627	0.038526	0.033845	0
VITE_USD	2018-09-15	0.036780	0.034337	0.037563	0.034337	0
VITE_USD	2018-09-14	0.034693	0.034727	0.037387	0.033493	0
VITE_USD	2018-09-13	0.034727	0.032474	0.037773	0.032474	0
VITE_USD	2018-09-12	0.032474	0.033573	0.033595	0.029980	0
VITE_USD	2018-09-11	0.033660	0.036995	0.037395	0.032638	0
VITE_USD	2018-09-10	0.036995	0.037243	0.038834	0.033706	0
VITE_USD	2018-09-09	0.037165	0.035624	0.038456	0.032056	0
VITE_USD	2018-09-08	0.035624	0.038900	0.041714	0.035138	0
VITE_USD	2018-09-07	0.038900	0.041608	0.042267	0.038585	0
VITE_USD	2018-09-06	0.041613	0.043917	0.045498	0.039078	0
VITE_USD	2018-09-05	0.043917	0.053641	0.054062	0.043687	0
VITE_USD	2018-09-04	0.053641	0.053057	0.054416	0.051904	0
VITE_USD	2018-09-03	0.053109	0.054233	0.055213	0.046986	0
VITE_USD	2018-09-02	0.054233	0.046843	0.054703	0.046176	0
VITE_USD	2018-09-01	0.046843	0.044564	0.051003	0.044564	0
VITE_USD	2018-08-31	0.044564	0.044789	0.046502	0.043068	0
VITE_USD	2018-08-30	0.044811	0.048231	0.048608	0.041505	0
VITE_USD	2018-08-29	0.048289	0.049069	0.051000	0.047984	0
VITE_USD	2018-08-28	0.049069	0.048379	0.049446	0.047342	0
VITE_USD	2018-08-27	0.048221	0.043820	0.048221	0.043431	0
VITE_USD	2018-08-26	0.043820	0.044729	0.046893	0.043432	0
VITE_USD	2018-08-25	0.044729	0.046084	0.047515	0.043717	0
VITE_USD	2018-08-24	0.046084	0.044427	0.047903	0.043954	0
VITE_USD	2018-08-23	0.044413	0.040476	0.045764	0.040416	0
VITE_USD	2018-08-22	0.040410	0.041325	0.043705	0.038965	0
VITE_USD	2018-08-21	0.041319	0.040736	0.044178	0.040287	0
VITE_USD	2018-08-20	0.040715	0.046982	0.047674	0.040605	0
VITE_USD	2018-08-19	0.046994	0.046529	0.047494	0.042400	0
VITE_USD	2018-08-18	0.046479	0.047019	0.047539	0.042436	0
VITE_USD	2018-08-17	0.046978	0.042977	0.047114	0.042799	0
VITE_USD	2018-08-16	0.043037	0.041106	0.047796	0.040663	0
VITE_USD	2018-08-15	0.041072	0.043933	0.048337	0.040514	0
VITE_USD	2018-08-14	0.043879	0.043247	0.044261	0.037563	0
VITE_USD	2018-08-13	0.043247	0.047726	0.048275	0.040794	0
VITE_USD	2018-08-12	0.047725	0.047664	0.053170	0.047257	0
VITE_USD	2018-08-11	0.047719	0.048545	0.050027	0.045794	0
VITE_USD	2018-08-10	0.048559	0.051970	0.053149	0.047753	0
VITE_USD	2018-08-09	0.051938	0.055632	0.056438	0.050169	0
VITE_USD	2018-08-08	0.055602	0.058151	0.058558	0.052067	0
VITE_USD	2018-08-07	0.058184	0.068533	0.068856	0.056808	0
VITE_USD	2018-08-06	0.068544	0.069371	0.069966	0.062935	0
VITE_USD	2018-08-05	0.069352	0.072445	0.072838	0.068547	0
VITE_USD	2018-08-04	0.072385	0.087052	0.087331	0.070566	0
VITE_USD	2018-08-03	0.087052	0.088034	0.088847	0.083665	0
VITE_USD	2018-08-02	0.088034	0.088728	0.096951	0.083601	0
VITE_USD	2018-08-01	0.088671	0.084825	0.105440	0.080726	0
VITE_USD	2018-07-31	0.084783	0.091421	0.091628	0.083849	0
VITE_USD	2018-07-30	0.091423	0.091473	0.098384	0.089439	0
VITE_USD	2018-07-29	0.091524	0.097062	0.100104	0.091418	0
VITE_USD	2018-07-28	0.097062	0.098504	0.102987	0.096125	0
VITE_USD	2018-07-27	0.098504	0.098518	0.101271	0.098504	0
VITE_USD	2018-07-26	0.098518	0.096818	0.101042	0.096818	0
VITE_USD	2018-07-25	0.096746	0.095729	0.103380	0.090914	0
