VIVO_USD	2019-04-09	0.02163	0.02197	0.02197	0.02136	0
VIVO_USD	2019-04-08	0.02197	0.02166	0.02214	0.02127	0
VIVO_USD	2019-04-07	0.02166	0.02098	0.02189	0.02096	0
VIVO_USD	2019-04-06	0.02098	0.02100	0.02179	0.02052	0
VIVO_USD	2019-04-05	0.02100	0.02038	0.02114	0.02037	0
VIVO_USD	2019-04-04	0.02038	0.02056	0.02106	0.01996	0
VIVO_USD	2019-04-03	0.02056	0.02037	0.02200	0.02003	0
VIVO_USD	2019-04-02	0.02037	0.01734	0.02097	0.01730	0
VIVO_USD	2019-04-01	0.01734	0.01721	0.01743	0.01705	0
VIVO_USD	2019-03-31	0.01721	0.01720	0.01727	0.01715	0
VIVO_USD	2019-03-30	0.01720	0.01726	0.01739	0.01704	0
VIVO_USD	2019-03-29	0.01726	0.01690	0.01729	0.01687	0
VIVO_USD	2019-03-28	0.01690	0.01694	0.01695	0.01680	0
VIVO_USD	2019-03-27	0.01694	0.01649	0.01697	0.01644	0
VIVO_USD	2019-03-26	0.01649	0.01640	0.01650	0.01632	0
VIVO_USD	2019-03-25	0.01640	0.01669	0.01673	0.01627	0
VIVO_USD	2019-03-24	0.01669	0.01678	0.01678	0.01657	0
VIVO_USD	2019-03-23	0.01678	0.01672	0.01683	0.01667	0
VIVO_USD	2019-03-22	0.01672	0.01671	0.01681	0.01666	0
VIVO_USD	2019-03-21	0.01671	0.01705	0.01712	0.01654	0
VIVO_USD	2019-03-20	0.01705	0.01696	0.01708	0.01682	0
VIVO_USD	2019-03-19	0.01696	0.01682	0.01701	0.01675	0
VIVO_USD	2019-03-18	0.01682	0.01680	0.01701	0.01668	0
VIVO_USD	2019-03-17	0.01680	0.01689	0.01689	0.01669	0
VIVO_USD	2019-03-16	0.01689	0.01653	0.01715	0.01653	0
VIVO_USD	2019-03-15	0.01653	0.01631	0.01657	0.01631	0
VIVO_USD	2019-03-14	0.01631	0.01631	0.01652	0.01606	0
VIVO_USD	2019-03-13	0.01631	0.01633	0.01640	0.01621	0
VIVO_USD	2019-03-12	0.01633	0.01632	0.01644	0.01609	0
VIVO_USD	2019-03-11	0.01632	0.01652	0.01656	0.01619	0
VIVO_USD	2019-03-10	0.01652	0.01658	0.01659	0.01637	0
VIVO_USD	2019-03-09	0.01658	0.01627	0.01671	0.01625	0
VIVO_USD	2019-03-08	0.01627	0.01637	0.01660	0.01601	0
VIVO_USD	2019-03-07	0.01637	0.01632	0.01649	0.01625	0
VIVO_USD	2019-03-06	0.01632	0.01631	0.01643	0.01615	0
VIVO_USD	2019-03-05	0.01631	0.01569	0.01638	0.01564	0
VIVO_USD	2019-03-04	0.01569	0.01604	0.01614	0.01556	0
VIVO_USD	2019-03-03	0.01604	0.01616	0.01620	0.01594	0
VIVO_USD	2019-03-02	0.01616	0.01618	0.01620	0.01593	0
VIVO_USD	2019-03-01	0.01618	0.01609	0.01631	0.01608	0
VIVO_USD	2019-02-28	0.01609	0.01611	0.01647	0.01604	0
VIVO_USD	2019-02-27	0.01611	0.01610	0.01625	0.01558	0
VIVO_USD	2019-02-26	0.01610	0.01620	0.01625	0.01600	0
VIVO_USD	2019-02-25	0.01620	0.01583	0.01637	0.01582	0
VIVO_USD	2019-02-24	0.01583	0.01740	0.01769	0.01575	0
VIVO_USD	2019-02-23	0.01740	0.01679	0.01757	0.01658	0
VIVO_USD	2019-02-22	0.01679	0.01656	0.01683	0.01648	0
VIVO_USD	2019-02-21	0.01656	0.01677	0.01702	0.01642	0
VIVO_USD	2019-02-20	0.01677	0.01648	0.01680	0.01639	0
VIVO_USD	2019-02-19	0.01648	0.01643	0.01686	0.01629	0
VIVO_USD	2019-02-18	0.01643	0.01543	0.01656	0.01538	0
VIVO_USD	2019-02-17	0.01543	0.01518	0.01563	0.01515	0
VIVO_USD	2019-02-16	0.01518	0.01513	0.01538	0.01513	0
VIVO_USD	2019-02-15	0.01514	0.01511	0.01535	0.01505	0
VIVO_USD	2019-02-14	0.01511	0.01515	0.01520	0.01504	0
VIVO_USD	2019-02-13	0.01515	0.01526	0.01543	0.01508	0
VIVO_USD	2019-02-12	0.01526	0.01520	0.01538	0.01506	0
VIVO_USD	2019-02-11	0.01520	0.01548	0.01549	0.01518	0
VIVO_USD	2019-02-10	0.01548	0.01536	0.01548	0.01515	0
VIVO_USD	2019-02-09	0.01536	0.01538	0.01544	0.01526	0
VIVO_USD	2019-02-08	0.01538	0.01419	0.01567	0.01416	0
VIVO_USD	2019-02-07	0.01419	0.01426	0.01430	0.01417	0
VIVO_USD	2019-02-06	0.01426	0.01450	0.01454	0.01414	0
VIVO_USD	2019-02-05	0.01450	0.01442	0.01452	0.01436	0
VIVO_USD	2019-02-04	0.01442	0.01446	0.01454	0.01435	0
VIVO_USD	2019-02-03	0.01446	0.01470	0.01473	0.01434	0
VIVO_USD	2019-02-02	0.01470	0.01461	0.01475	0.01446	0
VIVO_USD	2019-02-01	0.01461	0.01447	0.01468	0.01432	0
VIVO_USD	2019-01-31	0.01447	0.01458	0.01473	0.01438	0
VIVO_USD	2019-01-30	0.01458	0.01436	0.01465	0.01426	0
VIVO_USD	2019-01-29	0.01436	0.01446	0.01451	0.01414	0
VIVO_USD	2019-01-28	0.01446	0.01486	0.01486	0.01428	0
VIVO_USD	2019-01-27	0.01486	0.01500	0.01504	0.01464	0
VIVO_USD	2019-01-26	0.01500	0.01499	0.01541	0.01497	0
VIVO_USD	2019-01-25	0.01499	0.01508	0.01513	0.01485	0
VIVO_USD	2019-01-24	0.01508	0.01495	0.01515	0.01483	0
VIVO_USD	2019-01-23	0.01495	0.01503	0.01516	0.01484	0
VIVO_USD	2019-01-22	0.01503	0.01479	0.01518	0.01446	0
VIVO_USD	2019-01-21	0.01479	0.01481	0.01489	0.01467	0
VIVO_USD	2019-01-20	0.01481	0.01555	0.01568	0.01465	0
VIVO_USD	2019-01-19	0.01555	0.01518	0.01590	0.01517	0
VIVO_USD	2019-01-18	0.01518	0.01537	0.01538	0.01509	0
VIVO_USD	2019-01-17	0.01537	0.01516	0.01537	0.01495	0
VIVO_USD	2019-01-16	0.01516	0.01510	0.01542	0.01504	0
VIVO_USD	2019-01-15	0.01510	0.01548	0.01559	0.01501	0
VIVO_USD	2019-01-14	0.01548	0.01453	0.01568	0.01446	0
VIVO_USD	2019-01-13	0.01453	0.01629	0.01632	0.01440	0
VIVO_USD	2019-01-12	0.01629	0.01713	0.01749	0.01624	0
VIVO_USD	2019-01-11	0.01713	0.01695	0.01804	0.01597	0
VIVO_USD	2019-01-10	0.01695	0.01733	0.01772	0.01517	0
VIVO_USD	2019-01-09	0.01733	0.01902	0.01935	0.01730	0
VIVO_USD	2019-01-08	0.01902	0.01890	0.02009	0.01827	0
VIVO_USD	2019-01-07	0.01890	0.01886	0.01904	0.01790	0
VIVO_USD	2019-01-06	0.01886	0.01823	0.03399	0.01612	0
VIVO_USD	2019-01-05	0.01823	0.02050	0.02075	0.01800	0
VIVO_USD	2019-01-04	0.02050	0.02021	0.02073	0.01981	0
VIVO_USD	2019-01-03	0.02021	0.02100	0.02101	0.01880	0
VIVO_USD	2019-01-02	0.02100	0.02254	0.02268	0.01981	0
VIVO_USD	2019-01-01	0.02254	0.01975	0.02273	0.01932	0
VIVO_USD	2018-12-31	0.01975	0.01937	0.02017	0.01913	0
VIVO_USD	2018-12-30	0.01937	0.01908	0.01959	0.01835	0
VIVO_USD	2018-12-29	0.01908	0.01889	0.02022	0.01888	0
VIVO_USD	2018-12-28	0.01889	0.01820	0.01896	0.01566	0
VIVO_USD	2018-12-27	0.01820	0.02083	0.02100	0.01815	0
VIVO_USD	2018-12-26	0.02083	0.02080	0.02214	0.01942	0
VIVO_USD	2018-12-25	0.02080	0.02294	0.02298	0.02053	0
VIVO_USD	2018-12-24	0.02294	0.02137	0.02488	0.02137	0
VIVO_USD	2018-12-23	0.02137	0.02191	0.02379	0.02126	0
VIVO_USD	2018-12-22	0.02191	0.02284	0.02372	0.01889	0
VIVO_USD	2018-12-21	0.02284	0.02441	0.02613	0.02253	0
VIVO_USD	2018-12-20	0.02442	0.01949	0.02446	0.01935	0
VIVO_USD	2018-12-19	0.01949	0.01984	0.02080	0.01934	0
VIVO_USD	2018-12-18	0.01984	0.01891	0.01994	0.01812	0
VIVO_USD	2018-12-17	0.01891	0.01853	0.01965	0.01725	0
VIVO_USD	2018-12-16	0.01853	0.01727	0.01857	0.01719	0
VIVO_USD	2018-12-15	0.01727	0.01675	0.01790	0.01672	0
VIVO_USD	2018-12-14	0.01675	0.02036	0.02054	0.01671	0
VIVO_USD	2018-12-13	0.02034	0.02071	0.02150	0.02003	0
VIVO_USD	2018-12-12	0.02071	0.01947	0.02260	0.01944	0
VIVO_USD	2018-12-11	0.01964	0.02041	0.02046	0.01931	0
VIVO_USD	2018-12-10	0.02041	0.02135	0.02161	0.01986	0
VIVO_USD	2018-12-09	0.02135	0.02056	0.02177	0.01998	0
VIVO_USD	2018-12-08	0.02056	0.02131	0.02187	0.01925	0
VIVO_USD	2018-12-07	0.02131	0.02391	0.02412	0.02099	0
VIVO_USD	2018-12-06	0.02391	0.02492	0.02584	0.02377	0
VIVO_USD	2018-12-05	0.02492	0.02887	0.02895	0.02492	0
VIVO_USD	2018-12-04	0.02887	0.02716	0.02943	0.02694	0
VIVO_USD	2018-12-03	0.02716	0.03018	0.03036	0.02646	0
VIVO_USD	2018-12-02	0.03018	0.03059	0.03135	0.02860	0
VIVO_USD	2018-12-01	0.03059	0.02790	0.03203	0.02768	0
VIVO_USD	2018-11-30	0.02790	0.02945	0.02989	0.02616	0
VIVO_USD	2018-11-29	0.02945	0.02917	0.02989	0.02740	0
VIVO_USD	2018-11-28	0.02917	0.02426	0.03057	0.02424	0
VIVO_USD	2018-11-27	0.02426	0.02457	0.02506	0.02284	0
VIVO_USD	2018-11-26	0.02457	0.02451	0.02524	0.02186	0
VIVO_USD	2018-11-25	0.02451	0.02321	0.02512	0.02091	0
VIVO_USD	2018-11-24	0.02321	0.02373	0.02746	0.02260	0
VIVO_USD	2018-11-23	0.02373	0.02475	0.02492	0.02329	0
VIVO_USD	2018-11-22	0.02475	0.02744	0.02771	0.02473	0
VIVO_USD	2018-11-21	0.02744	0.02760	0.03067	0.02649	0
VIVO_USD	2018-11-20	0.02760	0.02933	0.02996	0.02548	0
VIVO_USD	2018-11-19	0.02933	0.03684	0.03684	0.02900	0
VIVO_USD	2018-11-18	0.03684	0.03722	0.03822	0.03623	0
VIVO_USD	2018-11-17	0.03722	0.03804	0.03869	0.03560	0
VIVO_USD	2018-11-16	0.03804	0.03713	0.03804	0.03586	0
VIVO_USD	2018-11-15	0.03713	0.03825	0.03860	0.03602	0
VIVO_USD	2018-11-14	0.03825	0.04574	0.04618	0.03711	0
VIVO_USD	2018-11-13	0.04574	0.04564	0.04849	0.04374	0
VIVO_USD	2018-11-12	0.04564	0.04855	0.04939	0.04263	0
VIVO_USD	2018-11-11	0.04855	0.04910	0.05128	0.04779	0
VIVO_USD	2018-11-10	0.04910	0.04642	0.05142	0.04619	0
VIVO_USD	2018-11-09	0.04642	0.05235	0.05239	0.04578	0
VIVO_USD	2018-11-08	0.05235	0.05462	0.05506	0.04828	0
VIVO_USD	2018-11-07	0.05462	0.05489	0.05800	0.05354	0
VIVO_USD	2018-11-06	0.05489	0.05338	0.05604	0.05070	0
VIVO_USD	2018-11-05	0.05338	0.05370	0.05498	0.05255	0
VIVO_USD	2018-11-04	0.05370	0.04548	0.06417	0.04505	0
VIVO_USD	2018-11-03	0.04548	0.04936	0.04949	0.04548	0
VIVO_USD	2018-11-02	0.04936	0.04918	0.05571	0.04792	0
VIVO_USD	2018-11-01	0.04918	0.03932	0.06286	0.03874	0
VIVO_USD	2018-10-31	0.03932	0.04513	0.04513	0.03579	0
VIVO_USD	2018-10-30	0.04513	0.03819	0.04647	0.03724	0
VIVO_USD	2018-10-29	0.03819	0.04027	0.04043	0.03704	0
VIVO_USD	2018-10-28	0.04027	0.04342	0.04385	0.03999	0
VIVO_USD	2018-10-27	0.04342	0.04686	0.04729	0.04188	0
VIVO_USD	2018-10-26	0.04686	0.04961	0.05072	0.04297	0
VIVO_USD	2018-10-25	0.04961	0.04306	0.05015	0.04071	0
VIVO_USD	2018-10-24	0.04306	0.04100	0.04306	0.03909	0
VIVO_USD	2018-10-23	0.04100	0.04476	0.04823	0.04036	0
VIVO_USD	2018-10-22	0.04476	0.04213	0.05432	0.03785	0
VIVO_USD	2018-10-21	0.04213	0.05617	0.05629	0.04157	0
VIVO_USD	2018-10-20	0.05617	0.05884	0.05904	0.05577	0
VIVO_USD	2018-10-19	0.05884	0.06636	0.06718	0.05690	0
VIVO_USD	2018-10-18	0.06636	0.06755	0.06863	0.06074	0
VIVO_USD	2018-10-17	0.06755	0.07427	0.07439	0.06480	0
VIVO_USD	2018-10-16	0.07427	0.07497	0.07662	0.06676	0
VIVO_USD	2018-10-15	0.07497	0.07492	0.08882	0.07453	0
VIVO_USD	2018-10-14	0.07492	0.07032	0.07677	0.06236	0
VIVO_USD	2018-10-13	0.07032	0.08498	0.08534	0.06984	0
VIVO_USD	2018-10-12	0.08498	0.08098	0.09217	0.07720	0
VIVO_USD	2018-10-11	0.08098	0.09262	0.09266	0.07733	0
VIVO_USD	2018-10-10	0.09262	0.09338	0.09689	0.08593	0
VIVO_USD	2018-10-09	0.09338	0.10737	0.10748	0.08316	0
VIVO_USD	2018-10-08	0.10737	0.10565	0.11060	0.10409	0
VIVO_USD	2018-10-07	0.10565	0.10692	0.11045	0.10455	0
VIVO_USD	2018-10-06	0.10692	0.10854	0.11606	0.10588	0
VIVO_USD	2018-10-05	0.10854	0.10702	0.10884	0.10514	0
VIVO_USD	2018-10-04	0.10702	0.10538	0.10968	0.10532	0
VIVO_USD	2018-10-03	0.10538	0.11203	0.11426	0.10442	0
VIVO_USD	2018-10-02	0.11203	0.11617	0.11799	0.11181	0
VIVO_USD	2018-10-01	0.11617	0.12080	0.12198	0.11355	0
VIVO_USD	2018-09-30	0.12080	0.11588	0.12173	0.11259	0
VIVO_USD	2018-09-29	0.11588	0.11495	0.11793	0.11167	0
VIVO_USD	2018-09-28	0.11495	0.11090	0.12098	0.11090	0
VIVO_USD	2018-09-27	0.11090	0.11358	0.12066	0.09615	0
VIVO_USD	2018-09-26	0.11358	0.09967	0.11382	0.09747	0
VIVO_USD	2018-09-25	0.09967	0.10589	0.10613	0.09899	0
VIVO_USD	2018-09-24	0.10589	0.11043	0.11254	0.10585	0
VIVO_USD	2018-09-23	0.11043	0.11263	0.11452	0.10725	0
VIVO_USD	2018-09-22	0.11263	0.11394	0.11513	0.10772	0
VIVO_USD	2018-09-21	0.11394	0.10875	0.11394	0.10809	0
VIVO_USD	2018-09-20	0.10875	0.10901	0.11349	0.10577	0
VIVO_USD	2018-09-19	0.10901	0.10580	0.11326	0.10524	0
VIVO_USD	2018-09-18	0.10580	0.11037	0.11237	0.10398	0
VIVO_USD	2018-09-17	0.11037	0.11132	0.11449	0.10542	0
VIVO_USD	2018-09-16	0.11132	0.11267	0.11441	0.10854	0
VIVO_USD	2018-09-15	0.11267	0.11142	0.11596	0.10929	0
VIVO_USD	2018-09-14	0.11142	0.11248	0.11383	0.10532	0
VIVO_USD	2018-09-13	0.11248	0.11064	0.12022	0.10704	0
VIVO_USD	2018-09-12	0.11064	0.10196	0.11238	0.09352	0
VIVO_USD	2018-09-11	0.10196	0.09582	0.11167	0.09417	0
VIVO_USD	2018-09-10	0.09582	0.10660	0.10855	0.09448	0
VIVO_USD	2018-09-09	0.10660	0.09979	0.11243	0.09757	0
VIVO_USD	2018-09-08	0.09979	0.09968	0.10871	0.09821	0
VIVO_USD	2018-09-07	0.09968	0.10406	0.10810	0.09968	0
VIVO_USD	2018-09-06	0.10406	0.10743	0.10769	0.10067	0
VIVO_USD	2018-09-05	0.10743	0.11171	0.11645	0.10737	0
VIVO_USD	2018-09-04	0.11171	0.10854	0.12243	0.10461	0
VIVO_USD	2018-09-03	0.10854	0.10582	0.11297	0.09700	0
VIVO_USD	2018-09-02	0.10582	0.10775	0.11050	0.09107	0
VIVO_USD	2018-09-01	0.10775	0.10350	0.11909	0.10338	0
VIVO_USD	2018-08-31	0.10350	0.11701	0.12785	0.10206	0
VIVO_USD	2018-08-30	0.11701	0.11697	0.11762	0.10957	0
VIVO_USD	2018-08-29	0.11697	0.13039	0.13520	0.11483	0
VIVO_USD	2018-08-28	0.13039	0.12142	0.13400	0.11916	0
VIVO_USD	2018-08-27	0.12142	0.13571	0.14105	0.11881	0
VIVO_USD	2018-08-26	0.13571	0.14021	0.14801	0.12830	0
VIVO_USD	2018-08-25	0.14021	0.12926	0.14928	0.12465	0
VIVO_USD	2018-08-24	0.12926	0.11896	0.14816	0.11751	0
VIVO_USD	2018-08-23	0.11896	0.10924	0.12671	0.10655	0
VIVO_USD	2018-08-22	0.10924	0.09605	0.12782	0.09219	0
VIVO_USD	2018-08-21	0.09605	0.13417	0.14917	0.09531	0
VIVO_USD	2018-08-20	0.13417	0.14199	0.15510	0.13417	0
VIVO_USD	2018-08-19	0.14199	0.14708	0.15271	0.14057	0
VIVO_USD	2018-08-18	0.14708	0.16133	0.16179	0.13891	0
VIVO_USD	2018-08-17	0.16133	0.15281	0.16196	0.14372	0
VIVO_USD	2018-08-16	0.15281	0.15099	0.16486	0.14912	0
VIVO_USD	2018-08-15	0.15099	0.16127	0.18174	0.14922	0
VIVO_USD	2018-08-14	0.16127	0.17055	0.18236	0.15237	0
VIVO_USD	2018-08-13	0.17055	0.18680	0.19700	0.16368	0
VIVO_USD	2018-08-12	0.18680	0.18646	0.19023	0.17696	0
VIVO_USD	2018-08-11	0.18646	0.19629	0.21226	0.18646	0
VIVO_USD	2018-08-10	0.19629	0.21098	0.21721	0.19319	0
VIVO_USD	2018-08-09	0.21098	0.20240	0.24545	0.19957	0
VIVO_USD	2018-08-08	0.20240	0.21363	0.22214	0.19785	0
VIVO_USD	2018-08-07	0.21363	0.22694	0.23764	0.21248	0
VIVO_USD	2018-08-06	0.22694	0.26685	0.27536	0.22410	0
VIVO_USD	2018-08-05	0.26685	0.22619	0.26727	0.21592	0
VIVO_USD	2018-08-04	0.22619	0.21396	0.24934	0.21076	0
VIVO_USD	2018-08-03	0.21396	0.25816	0.25816	0.20157	0
VIVO_USD	2018-08-02	0.25816	0.29282	0.29580	0.24736	0
VIVO_USD	2018-08-01	0.29282	0.32665	0.32706	0.28540	0
VIVO_USD	2018-07-31	0.32665	0.35320	0.35425	0.31765	0
VIVO_USD	2018-07-30	0.35320	0.36308	0.36370	0.33353	0
VIVO_USD	2018-07-29	0.36308	0.38524	0.38590	0.35821	0
VIVO_USD	2018-07-28	0.38524	0.37308	0.38751	0.36809	0
VIVO_USD	2018-07-27	0.37308	0.39872	0.39872	0.36558	0
VIVO_USD	2018-07-26	0.39872	0.38174	0.42256	0.38058	0
VIVO_USD	2018-07-25	0.38174	0.36357	0.43205	0.34498	0
VIVO_USD	2018-07-24	0.36357	0.34611	0.41356	0.33837	0
VIVO_USD	2018-07-23	0.34611	0.34039	0.37052	0.33836	0
VIVO_USD	2018-07-22	0.34039	0.34281	0.38619	0.33197	0
VIVO_USD	2018-07-21	0.34281	0.36702	0.36711	0.33910	0
VIVO_USD	2018-07-20	0.36702	0.34434	0.42509	0.33906	0
VIVO_USD	2018-07-19	0.34434	0.36496	0.42277	0.33453	0
VIVO_USD	2018-07-18	0.36496	0.34133	0.37507	0.33932	0
VIVO_USD	2018-07-17	0.34133	0.32351	0.35535	0.31119	0
VIVO_USD	2018-07-16	0.32351	0.31200	0.32509	0.28053	0
VIVO_USD	2018-07-15	0.31200	0.27069	0.33979	0.27069	0
VIVO_USD	2018-07-14	0.27069	0.27278	0.28269	0.26727	0
VIVO_USD	2018-07-13	0.27278	0.26359	0.28531	0.26315	0
VIVO_USD	2018-07-12	0.26359	0.27963	0.28070	0.25876	0
VIVO_USD	2018-07-11	0.27963	0.28225	0.28613	0.26724	0
VIVO_USD	2018-07-10	0.28225	0.31808	0.32025	0.28131	0
VIVO_USD	2018-07-09	0.31808	0.32718	0.32718	0.30360	0
VIVO_USD	2018-07-08	0.32718	0.31682	0.39491	0.29833	0
VIVO_USD	2018-07-07	0.31682	0.31422	0.31802	0.29114	0
VIVO_USD	2018-07-06	0.31422	0.32646	0.32968	0.29635	0
VIVO_USD	2018-07-05	0.32646	0.33045	0.33788	0.30771	0
VIVO_USD	2018-07-04	0.33045	0.29555	0.33045	0.28258	0
VIVO_USD	2018-07-03	0.29555	0.27466	0.34435	0.00367	0
VIVO_USD	2018-07-02	0.27466	0.30075	0.30446	0.00000	0
VIVO_USD	2018-07-01	0.30078	0.32929	0.33050	0.29133	0
VIVO_USD	2018-06-30	0.32942	0.32547	0.35462	0.31825	0
VIVO_USD	2018-06-29	0.32574	0.34119	0.34402	0.30007	0
VIVO_USD	2018-06-28	0.34174	0.36216	0.38306	0.34006	0
VIVO_USD	2018-06-27	0.36213	0.35827	0.38865	0.35478	0
VIVO_USD	2018-06-26	0.35940	0.39035	0.41054	0.35751	0
VIVO_USD	2018-06-25	0.39010	0.43391	0.43851	0.37586	0
VIVO_USD	2018-06-24	0.43405	0.44410	0.44792	0.40998	0
VIVO_USD	2018-06-23	0.44352	0.43793	0.45567	0.43559	0
VIVO_USD	2018-06-22	0.43793	0.49286	0.49341	0.43031	0
VIVO_USD	2018-06-21	0.49320	0.50372	0.50486	0.47584	0
VIVO_USD	2018-06-20	0.50375	0.50978	0.51572	0.49664	0
VIVO_USD	2018-06-19	0.51036	0.50977	0.51703	0.50157	0
VIVO_USD	2018-06-18	0.50963	0.52179	0.53896	0.49066	0
VIVO_USD	2018-06-17	0.52163	0.50479	0.52650	0.48403	0
VIVO_USD	2018-06-16	0.50470	0.51514	0.52454	0.49827	0
VIVO_USD	2018-06-15	0.51490	0.53796	0.53796	0.51315	0
VIVO_USD	2018-06-14	0.53693	0.51261	0.54293	0.51008	0
VIVO_USD	2018-06-13	0.51231	0.55175	0.55373	0.50670	0
VIVO_USD	2018-06-12	0.55162	0.56052	0.62332	0.52826	0
VIVO_USD	2018-06-11	0.55646	0.49571	0.63059	0.48755	0
VIVO_USD	2018-06-10	0.49514	0.60423	0.60501	0.49063	0
VIVO_USD	2018-06-09	0.60407	0.55054	0.65450	0.52968	0
VIVO_USD	2018-06-08	0.55054	0.54753	0.55224	0.53245	0
VIVO_USD	2018-06-07	0.54776	0.56000	0.57886	0.54721	0
VIVO_USD	2018-06-06	0.55997	0.56578	0.60888	0.54831	0
VIVO_USD	2018-06-05	0.56515	0.58066	0.59357	0.53294	0
VIVO_USD	2018-06-04	0.58109	0.66240	0.67277	0.57856	0
VIVO_USD	2018-06-03	0.66259	0.71313	0.71313	0.64865	0
VIVO_USD	2018-06-02	0.71320	0.66715	0.74106	0.65067	0
VIVO_USD	2018-06-01	0.66712	0.69008	0.70874	0.63753	0
VIVO_USD	2018-05-31	0.69019	0.62254	0.77795	0.61978	0
VIVO_USD	2018-05-30	0.62656	0.60405	0.81101	0.60187	0
VIVO_USD	2018-05-29	0.60334	0.56855	0.61103	0.54579	0
VIVO_USD	2018-05-28	0.56819	0.64407	0.66958	0.56202	0
VIVO_USD	2018-05-27	0.64497	0.66922	0.77416	0.63927	0
VIVO_USD	2018-05-26	0.66907	0.74931	0.78036	0.65622	0
VIVO_USD	2018-05-25	0.74949	0.71147	0.82191	0.70724	0
VIVO_USD	2018-05-24	0.71117	0.75638	0.77613	0.67953	0
VIVO_USD	2018-05-23	0.75695	0.81403	0.82801	0.70515	0
VIVO_USD	2018-05-22	0.81463	0.72166	1.15031	0.69890	0
VIVO_USD	2018-05-21	0.72166	0.77126	0.77131	0.71570	0
VIVO_USD	2018-05-20	0.77126	0.97149	1.00606	0.69847	0
VIVO_USD	2018-05-19	0.97149	0.60861	1.08650	0.60346	0
VIVO_USD	2018-05-18	0.60861	0.53066	0.63677	0.52216	0
VIVO_USD	2018-05-17	0.53135	0.54924	0.55227	0.49017	0
VIVO_USD	2018-05-16	0.54876	0.58445	0.58445	0.52130	0
VIVO_USD	2018-05-15	0.58467	0.59897	0.62972	0.57555	0
VIVO_USD	2018-05-14	0.59881	0.62339	0.62367	0.56111	0
VIVO_USD	2018-05-13	0.62339	0.63926	0.67563	0.57731	0
VIVO_USD	2018-05-12	0.63831	0.61814	0.69533	0.61629	0
VIVO_USD	2018-05-11	0.61814	0.67645	0.67645	0.61601	0
VIVO_USD	2018-05-10	0.67645	0.81953	0.82718	0.67571	0
VIVO_USD	2018-05-09	0.81953	0.79012	0.86130	0.76700	0
VIVO_USD	2018-05-08	0.79041	0.76790	0.83717	0.00008	0
VIVO_USD	2018-05-07	0.76697	0.81030	0.81171	0.74478	0
VIVO_USD	2018-05-06	0.81030	0.83930	0.86540	0.79830	0
VIVO_USD	2018-05-05	0.83846	0.93059	0.93059	0.82674	0
VIVO_USD	2018-05-04	0.93059	0.86274	0.94872	0.82120	0
VIVO_USD	2018-05-03	0.86274	0.79294	0.92220	0.75709	0
VIVO_USD	2018-05-02	0.79294	0.90349	0.90713	0.73392	0
VIVO_USD	2018-05-01	0.90349	0.89785	0.90778	0.79635	0
VIVO_USD	2018-04-30	0.89785	1.14821	1.15263	0.89560	0
VIVO_USD	2018-04-29	1.14821	0.78906	1.15042	0.78826	0
VIVO_USD	2018-04-28	0.78906	0.69033	0.81899	0.68592	0
VIVO_USD	2018-04-27	0.69033	0.74196	0.76476	0.68785	0
VIVO_USD	2018-04-26	0.74196	0.75766	0.77626	0.70001	0
VIVO_USD	2018-04-25	0.75766	0.86364	0.87415	0.74367	0
VIVO_USD	2018-04-24	0.86364	0.87480	0.87496	0.80601	0
VIVO_USD	2018-04-23	0.87480	0.76096	0.88402	0.75705	0
VIVO_USD	2018-04-22	0.76096	0.68559	0.83715	0.67707	0
VIVO_USD	2018-04-21	0.68559	0.66704	0.80750	0.65902	0
VIVO_USD	2018-04-20	0.66704	0.56976	0.66987	0.56677	0
VIVO_USD	2018-04-19	0.56976	0.57766	0.59715	0.53588	0
VIVO_USD	2018-04-18	0.57766	0.50343	0.58079	0.50248	0
VIVO_USD	2018-04-17	0.50343	0.52493	0.52914	0.44936	0
VIVO_USD	2018-04-16	0.52493	0.58232	0.58256	0.51363	0
VIVO_USD	2018-04-15	0.58232	0.59266	0.62891	0.57164	0
VIVO_USD	2018-04-14	0.59266	0.59920	0.62847	0.58174	0
VIVO_USD	2018-04-13	0.59920	0.57481	0.65681	0.55434	0
VIVO_USD	2018-04-12	0.57481	0.47765	0.60891	0.46868	0
VIVO_USD	2018-04-11	0.47765	0.45226	0.52132	0.45195	0
VIVO_USD	2018-04-10	0.45226	0.44020	0.46454	0.42742	0
VIVO_USD	2018-04-09	0.44020	0.42996	0.46654	0.40709	0
VIVO_USD	2018-04-08	0.42996	0.41625	0.46934	0.41510	0
VIVO_USD	2018-04-07	0.41625	0.38749	0.46872	0.38673	0
VIVO_USD	2018-04-06	0.38749	0.50477	0.50562	0.37078	0
VIVO_USD	2018-04-05	0.50477	0.58073	0.58332	0.48533	0
VIVO_USD	2018-04-04	0.58073	0.65017	0.65707	0.57302	0
VIVO_USD	2018-04-03	0.65017	0.67374	0.72041	0.62977	0
VIVO_USD	2018-04-02	0.67374	0.66048	0.69808	0.65604	0
VIVO_USD	2018-04-01	0.66048	0.68006	0.68922	0.61781	0
VIVO_USD	2018-03-31	0.68006	0.69988	0.79589	0.67387	0
VIVO_USD	2018-03-30	0.69988	0.73929	0.75227	0.68466	0
VIVO_USD	2018-03-29	0.73929	0.85476	0.85689	0.72249	0
VIVO_USD	2018-03-28	0.85476	0.80303	0.98273	0.79744	0
VIVO_USD	2018-03-27	0.80303	0.86460	0.86718	0.79745	0
VIVO_USD	2018-03-26	0.86460	0.87408	0.89946	0.79943	0
VIVO_USD	2018-03-25	0.87408	0.86985	0.93618	0.84839	0
VIVO_USD	2018-03-24	0.86985	0.94801	0.95510	0.86889	0
VIVO_USD	2018-03-23	0.94801	0.98645	0.98645	0.86916	0
VIVO_USD	2018-03-22	0.98645	1.06915	1.14167	0.97944	0
VIVO_USD	2018-03-21	1.06915	1.06330	1.13502	0.96360	0
VIVO_USD	2018-03-20	1.06330	0.93103	1.12297	0.89754	0
VIVO_USD	2018-03-19	0.93103	0.92970	0.95688	0.85584	0
VIVO_USD	2018-03-18	0.92970	0.89202	0.93528	0.82449	0
VIVO_USD	2018-03-17	0.89202	0.85452	1.00926	0.84076	0
VIVO_USD	2018-03-16	0.85452	0.92196	0.97369	0.85085	0
VIVO_USD	2018-03-15	0.92196	0.91058	0.98574	0.85437	0
VIVO_USD	2018-03-14	0.91058	1.05609	1.09730	0.90979	0
VIVO_USD	2018-03-13	1.05609	1.09663	1.15548	1.00721	0
VIVO_USD	2018-03-12	1.09663	1.23937	1.34052	1.06100	0
VIVO_USD	2018-03-11	1.23937	1.21115	1.27856	1.12781	0
VIVO_USD	2018-03-10	1.21115	1.27660	1.40039	1.20264	0
VIVO_USD	2018-03-09	1.27660	1.13744	1.31811	0.94736	0
VIVO_USD	2018-03-08	1.13744	1.41245	1.46177	1.04009	0
VIVO_USD	2018-03-07	1.41245	1.90076	1.90076	1.35729	0
VIVO_USD	2018-03-06	1.90076	1.19087	2.15181	1.10468	0
VIVO_USD	2018-03-05	1.19087	1.09730	1.20171	1.07154	0
VIVO_USD	2018-03-04	1.09730	1.15232	1.15443	1.07214	0
VIVO_USD	2018-03-03	1.15232	1.06377	1.24110	1.06377	0
VIVO_USD	2018-03-02	1.06377	1.22804	1.26630	1.00342	0
