VSTR_USD	2019-04-09	0.29054	0.29542	0.29542	0.28721	0
VSTR_USD	2019-04-08	0.29542	0.29121	0.29762	0.28592	0
VSTR_USD	2019-04-07	0.29121	0.28195	0.29423	0.28169	0
VSTR_USD	2019-04-06	0.28195	0.28215	0.29284	0.27574	0
VSTR_USD	2019-04-05	0.28215	0.27381	0.28399	0.27371	0
VSTR_USD	2019-04-04	0.27381	0.27622	0.28290	0.26822	0
VSTR_USD	2019-04-03	0.27622	0.27355	0.29549	0.26911	0
VSTR_USD	2019-04-02	0.27355	0.23285	0.28158	0.23236	0
VSTR_USD	2019-04-01	0.23285	0.23109	0.23405	0.22888	0
VSTR_USD	2019-03-31	0.23109	0.23090	0.23181	0.23030	0
VSTR_USD	2019-03-30	0.23090	0.23127	0.23302	0.22841	0
VSTR_USD	2019-03-29	0.23127	0.22611	0.23155	0.22572	0
VSTR_USD	2019-03-28	0.22611	0.22662	0.22670	0.22470	0
VSTR_USD	2019-03-27	0.22662	0.22038	0.22702	0.21975	0
VSTR_USD	2019-03-26	0.22038	0.21910	0.22056	0.21810	0
VSTR_USD	2019-03-25	0.21910	0.22307	0.22353	0.21745	0
VSTR_USD	2019-03-24	0.22307	0.22420	0.22420	0.22147	0
VSTR_USD	2019-03-23	0.22420	0.22064	0.22429	0.21996	0
VSTR_USD	2019-03-22	0.22064	0.22040	0.22175	0.21986	0
VSTR_USD	2019-03-21	0.22040	0.22489	0.22591	0.21828	0
VSTR_USD	2019-03-20	0.22489	0.22381	0.22538	0.22191	0
VSTR_USD	2019-03-19	0.22381	0.22196	0.22437	0.22104	0
VSTR_USD	2019-03-18	0.22196	0.22172	0.22443	0.22002	0
VSTR_USD	2019-03-17	0.22172	0.22285	0.22285	0.22021	0
VSTR_USD	2019-03-16	0.22285	0.21813	0.22628	0.21813	0
VSTR_USD	2019-03-15	0.21813	0.21523	0.21854	0.21517	0
VSTR_USD	2019-03-14	0.21523	0.21520	0.21800	0.21189	0
VSTR_USD	2019-03-13	0.21520	0.21554	0.21643	0.21397	0
VSTR_USD	2019-03-12	0.21554	0.21541	0.21692	0.21238	0
VSTR_USD	2019-03-11	0.21541	0.21800	0.21854	0.21374	0
VSTR_USD	2019-03-10	0.21800	0.21888	0.21898	0.21612	0
VSTR_USD	2019-03-09	0.21888	0.21480	0.22049	0.21444	0
VSTR_USD	2019-03-08	0.21480	0.21611	0.21912	0.21128	0
VSTR_USD	2019-03-07	0.21611	0.21539	0.21769	0.21452	0
VSTR_USD	2019-03-06	0.21539	0.21536	0.21680	0.21322	0
VSTR_USD	2019-03-05	0.21536	0.20722	0.21627	0.20647	0
VSTR_USD	2019-03-04	0.20722	0.21287	0.21410	0.20544	0
VSTR_USD	2019-03-03	0.21287	0.21440	0.21500	0.21153	0
VSTR_USD	2019-03-02	0.21440	0.21457	0.21494	0.21128	0
VSTR_USD	2019-03-01	0.21457	0.21335	0.21623	0.21322	0
VSTR_USD	2019-02-28	0.21335	0.21357	0.21833	0.21272	0
VSTR_USD	2019-02-27	0.21357	0.21328	0.21527	0.20645	0
VSTR_USD	2019-02-26	0.21328	0.21462	0.21519	0.21191	0
VSTR_USD	2019-02-25	0.21462	0.20962	0.21682	0.20949	0
VSTR_USD	2019-02-24	0.20962	0.23035	0.23418	0.20850	0
VSTR_USD	2019-02-23	0.23035	0.22223	0.23264	0.21952	0
VSTR_USD	2019-02-22	0.22223	0.21922	0.22272	0.21821	0
VSTR_USD	2019-02-21	0.21922	0.22197	0.22528	0.21733	0
VSTR_USD	2019-02-20	0.22197	0.21815	0.22227	0.21687	0
VSTR_USD	2019-02-19	0.21815	0.21743	0.22303	0.21548	0
VSTR_USD	2019-02-18	0.21743	0.20410	0.21903	0.20348	0
VSTR_USD	2019-02-17	0.20410	0.20079	0.20667	0.20042	0
VSTR_USD	2019-02-16	0.20079	0.20008	0.20334	0.20008	0
VSTR_USD	2019-02-15	0.20008	0.19966	0.20289	0.19899	0
VSTR_USD	2019-02-14	0.19966	0.20025	0.20092	0.19885	0
VSTR_USD	2019-02-13	0.20025	0.20155	0.20384	0.19921	0
VSTR_USD	2019-02-12	0.20155	0.20084	0.20315	0.19889	0
VSTR_USD	2019-02-11	0.20084	0.20444	0.20458	0.20059	0
VSTR_USD	2019-02-10	0.20444	0.20287	0.20448	0.20011	0
VSTR_USD	2019-02-09	0.20287	0.20318	0.20397	0.20154	0
VSTR_USD	2019-02-08	0.20318	0.18745	0.20694	0.18701	0
VSTR_USD	2019-02-07	0.18745	0.18832	0.18888	0.18718	0
VSTR_USD	2019-02-06	0.18832	0.19160	0.19209	0.18676	0
VSTR_USD	2019-02-05	0.19160	0.19042	0.19182	0.18963	0
VSTR_USD	2019-02-04	0.19042	0.19104	0.19200	0.18960	0
VSTR_USD	2019-02-03	0.19104	0.17767	0.19159	0.17437	0
VSTR_USD	2019-02-02	0.17767	0.19412	0.19677	0.17534	0
VSTR_USD	2019-02-01	0.19412	0.19223	0.19504	0.19022	0
VSTR_USD	2019-01-31	0.19223	0.19376	0.19581	0.19111	0
VSTR_USD	2019-01-30	0.19376	0.19097	0.19469	0.18956	0
VSTR_USD	2019-01-29	0.19097	0.19228	0.19290	0.18796	0
VSTR_USD	2019-01-28	0.19228	0.19759	0.19763	0.18983	0
VSTR_USD	2019-01-27	0.19759	0.19959	0.20011	0.19465	0
VSTR_USD	2019-01-26	0.19959	0.19937	0.20504	0.19916	0
VSTR_USD	2019-01-25	0.19937	0.20069	0.20130	0.19753	0
VSTR_USD	2019-01-24	0.20069	0.19895	0.20155	0.19727	0
VSTR_USD	2019-01-23	0.19895	0.20007	0.20184	0.19746	0
VSTR_USD	2019-01-22	0.20007	0.19692	0.20212	0.19257	0
VSTR_USD	2019-01-21	0.19692	0.19723	0.19832	0.19538	0
VSTR_USD	2019-01-20	0.19723	0.20703	0.20874	0.19506	0
VSTR_USD	2019-01-19	0.20703	0.20217	0.21166	0.20207	0
VSTR_USD	2019-01-18	0.20217	0.20466	0.20485	0.20096	0
VSTR_USD	2019-01-17	0.20466	0.20230	0.20495	0.19946	0
VSTR_USD	2019-01-16	0.20230	0.20140	0.20573	0.20066	0
VSTR_USD	2019-01-15	0.20140	0.20640	0.20779	0.20015	0
VSTR_USD	2019-01-14	0.20640	0.19767	0.20910	0.19703	0
VSTR_USD	2019-01-13	0.19767	0.20381	0.20469	0.19658	0
VSTR_USD	2019-01-12	0.20381	0.20452	0.20555	0.20206	0
VSTR_USD	2019-01-11	0.20452	0.20502	0.20809	0.20187	0
VSTR_USD	2019-01-10	0.20502	0.22569	0.22860	0.20368	0
VSTR_USD	2019-01-09	0.22569	0.22651	0.22993	0.22305	0
VSTR_USD	2019-01-08	0.22651	0.22732	0.23251	0.22427	0
VSTR_USD	2019-01-07	0.22732	0.23050	0.23190	0.22538	0
VSTR_USD	2019-01-06	0.23050	0.21617	0.43227	0.21485	0
VSTR_USD	2019-01-05	0.21617	0.21865	0.22182	0.21575	0
VSTR_USD	2019-01-04	0.21865	0.21701	0.22021	0.21325	0
VSTR_USD	2019-01-03	0.21701	0.22417	0.22445	0.21604	0
VSTR_USD	2019-01-02	0.22417	0.21902	0.22539	0.21693	0
VSTR_USD	2019-01-01	0.21902	0.21194	0.22029	0.20967	0
VSTR_USD	2018-12-31	0.21194	0.21976	0.22032	0.20922	0
VSTR_USD	2018-12-30	0.21976	0.21475	0.22067	0.21270	0
VSTR_USD	2018-12-29	0.21475	0.22323	0.22610	0.21394	0
VSTR_USD	2018-12-28	0.22323	0.20536	0.22585	0.20441	0
VSTR_USD	2018-12-27	0.20536	0.22286	0.22469	0.20393	0
VSTR_USD	2018-12-26	0.22286	0.22145	0.22627	0.21619	0
VSTR_USD	2018-12-25	0.22145	0.23500	0.23539	0.21662	0
VSTR_USD	2018-12-24	0.23500	0.23082	0.24852	0.23082	0
VSTR_USD	2018-12-23	0.23082	0.23381	0.23864	0.22895	0
VSTR_USD	2018-12-22	0.23381	0.22495	0.23498	0.22203	0
VSTR_USD	2018-12-21	0.22495	0.23856	0.24273	0.22118	0
VSTR_USD	2018-12-20	0.23856	0.21553	0.24316	0.21397	0
VSTR_USD	2018-12-19	0.21553	0.21391	0.22840	0.21255	0
VSTR_USD	2018-12-18	0.21391	0.18468	0.21489	0.18084	0
VSTR_USD	2018-12-17	0.18468	0.16823	0.18859	0.16800	0
VSTR_USD	2018-12-16	0.16823	0.16593	0.17183	0.16554	0
VSTR_USD	2018-12-15	0.16593	0.16057	0.16678	0.15976	0
VSTR_USD	2018-12-14	0.16057	0.15482	0.16236	0.15270	0
VSTR_USD	2018-12-13	0.15482	0.16338	0.16367	0.15379	0
VSTR_USD	2018-12-12	0.16338	0.15806	0.16653	0.15777	0
VSTR_USD	2018-12-11	0.15945	0.16281	0.16395	0.15685	0
VSTR_USD	2018-12-10	0.16281	0.16839	0.17089	0.16055	0
VSTR_USD	2018-12-09	0.16839	0.16194	0.17446	0.16024	0
VSTR_USD	2018-12-08	0.16194	0.15969	0.16891	0.15319	0
VSTR_USD	2018-12-07	0.15969	0.16366	0.16620	0.15158	0
VSTR_USD	2018-12-06	0.16366	0.17395	0.18087	0.16254	0
VSTR_USD	2018-12-05	0.17395	0.18365	0.18435	0.17319	0
VSTR_USD	2018-12-04	0.18365	0.17974	0.19050	0.17549	0
VSTR_USD	2018-12-03	0.17974	0.19145	0.19231	0.17682	0
VSTR_USD	2018-12-02	0.19145	0.19507	0.20018	0.18983	0
VSTR_USD	2018-12-01	0.19507	0.18562	0.19947	0.18295	0
VSTR_USD	2018-11-30	0.18562	0.19716	0.19928	0.18212	0
VSTR_USD	2018-11-29	0.19716	0.19681	0.20427	0.19120	0
VSTR_USD	2018-11-28	0.19681	0.17766	0.20251	0.17766	0
VSTR_USD	2018-11-27	0.17766	0.17620	0.18032	0.16975	0
VSTR_USD	2018-11-26	0.17620	0.18745	0.19159	0.16980	0
VSTR_USD	2018-11-25	0.18745	0.17931	0.19180	0.16894	0
VSTR_USD	2018-11-24	0.17931	0.20177	0.20598	0.17493	0
VSTR_USD	2018-11-23	0.20177	0.20041	0.20448	0.19398	0
VSTR_USD	2018-11-22	0.20041	0.21282	0.21490	0.20041	0
VSTR_USD	2018-11-21	0.21282	0.20908	0.21745	0.20185	0
VSTR_USD	2018-11-20	0.20908	0.22680	0.22998	0.19680	0
VSTR_USD	2018-11-19	0.22680	0.25994	0.25994	0.22464	0
VSTR_USD	2018-11-18	0.25994	0.25860	0.26225	0.25814	0
VSTR_USD	2018-11-17	0.25860	0.26024	0.26024	0.25619	0
VSTR_USD	2018-11-16	0.26024	0.27570	0.27595	0.25542	0
VSTR_USD	2018-11-15	0.27570	0.28206	0.28418	0.26087	0
VSTR_USD	2018-11-14	0.28206	0.31000	0.31093	0.27346	0
VSTR_USD	2018-11-13	0.31000	0.30965	0.31207	0.30756	0
VSTR_USD	2018-11-12	0.30965	0.31020	0.31116	0.30830	0
VSTR_USD	2018-11-11	0.31020	0.30882	0.31020	0.30566	0
VSTR_USD	2018-11-10	0.30882	0.30830	0.31029	0.30802	0
VSTR_USD	2018-11-09	0.30830	0.31108	0.31219	0.30702	0
VSTR_USD	2018-11-08	0.31108	0.30494	0.31475	0.30197	0
VSTR_USD	2018-11-07	0.30494	0.30234	0.30660	0.30220	0
VSTR_USD	2018-11-06	0.30234	0.30021	0.30234	0.29918	0
VSTR_USD	2018-11-05	0.30021	0.30091	0.30138	0.29878	0
VSTR_USD	2018-11-04	0.30091	0.29640	0.30204	0.29511	0
VSTR_USD	2018-11-03	0.29640	0.29821	0.29846	0.29381	0
VSTR_USD	2018-11-02	0.29821	0.29688	0.29944	0.29657	0
VSTR_USD	2018-11-01	0.29688	0.29543	0.29797	0.29474	0
VSTR_USD	2018-10-31	0.29543	0.29153	0.29585	0.28794	0
VSTR_USD	2018-10-30	0.29153	0.27013	0.29246	0.27013	0
VSTR_USD	2018-10-29	0.27013	0.27632	0.27687	0.26914	0
VSTR_USD	2018-10-28	0.27632	0.27674	0.27717	0.27487	0
VSTR_USD	2018-10-27	0.27674	0.27804	0.27900	0.27592	0
VSTR_USD	2018-10-26	0.27804	0.27790	0.28041	0.27732	0
VSTR_USD	2018-10-25	0.27790	0.27901	0.27943	0.27704	0
VSTR_USD	2018-10-24	0.27901	0.27880	0.28190	0.27854	0
VSTR_USD	2018-10-23	0.27880	0.28059	0.28110	0.27809	0
VSTR_USD	2018-10-22	0.28059	0.28398	0.28547	0.27981	0
VSTR_USD	2018-10-21	0.28398	0.28387	0.28687	0.28379	0
VSTR_USD	2018-10-20	0.28387	0.28139	0.28486	0.28070	0
VSTR_USD	2018-10-19	0.28139	0.28602	0.28675	0.28139	0
VSTR_USD	2018-10-18	0.28602	0.29129	0.29315	0.28405	0
VSTR_USD	2018-10-17	0.29129	0.29340	0.29485	0.28896	0
VSTR_USD	2018-10-16	0.29340	0.29432	0.30090	0.28998	0
VSTR_USD	2018-10-15	0.29432	0.29380	0.32705	0.27774	0
VSTR_USD	2018-10-14	0.29380	0.29124	0.29685	0.29091	0
VSTR_USD	2018-10-13	0.29124	0.28976	0.29128	0.28920	0
VSTR_USD	2018-10-12	0.28976	0.28712	0.29123	0.28564	0
VSTR_USD	2018-10-11	0.28712	0.30516	0.30516	0.28599	0
VSTR_USD	2018-10-10	0.30516	0.30697	0.30697	0.30072	0
VSTR_USD	2018-10-09	0.30697	0.31281	0.31313	0.30449	0
VSTR_USD	2018-10-08	0.31281	0.30995	0.31533	0.30911	0
VSTR_USD	2018-10-07	0.30995	0.31028	0.31149	0.30742	0
VSTR_USD	2018-10-06	0.31028	0.31629	0.31645	0.30994	0
VSTR_USD	2018-10-05	0.31629	0.31367	0.31731	0.31254	0
VSTR_USD	2018-10-04	0.31367	0.31017	0.31626	0.30999	0
VSTR_USD	2018-10-03	0.31017	0.31207	0.31275	0.30695	0
VSTR_USD	2018-10-02	0.31207	0.31512	0.31666	0.31092	0
VSTR_USD	2018-10-01	0.31512	0.31609	0.31799	0.31138	0
VSTR_USD	2018-09-30	0.31609	0.31534	0.31791	0.31196	0
VSTR_USD	2018-09-29	0.31534	0.31666	0.31666	0.30872	0
VSTR_USD	2018-09-28	0.31666	0.31913	0.32566	0.31238	0
VSTR_USD	2018-09-27	0.31913	0.31023	0.35549	0.30724	0
VSTR_USD	2018-09-26	0.31023	0.30890	0.31450	0.30655	0
VSTR_USD	2018-09-25	0.30890	0.31612	0.31612	0.30490	0
VSTR_USD	2018-09-24	0.31612	0.34730	0.34785	0.30786	0
VSTR_USD	2018-09-23	0.34730	0.31997	0.35103	0.31925	0
VSTR_USD	2018-09-22	0.31997	0.32226	0.32551	0.31614	0
VSTR_USD	2018-09-21	0.32226	0.30936	0.32261	0.30915	0
VSTR_USD	2018-09-20	0.30936	0.30415	0.31052	0.30254	0
VSTR_USD	2018-09-19	0.30415	0.30309	0.30781	0.29093	0
VSTR_USD	2018-09-18	0.30309	0.29888	0.30498	0.29770	0
VSTR_USD	2018-09-17	0.29888	0.31053	0.31212	0.29689	0
VSTR_USD	2018-09-16	0.31053	0.33875	0.33875	0.30491	0
VSTR_USD	2018-09-15	0.33875	0.33714	0.34132	0.33640	0
VSTR_USD	2018-09-14	0.33714	0.33660	0.34234	0.33128	0
VSTR_USD	2018-09-13	0.33660	0.32957	0.33909	0.32943	0
VSTR_USD	2018-09-12	0.32957	0.32714	0.33026	0.32265	0
VSTR_USD	2018-09-11	0.32714	0.32818	0.33216	0.32142	0
VSTR_USD	2018-09-10	0.32818	0.32480	0.33025	0.32465	0
VSTR_USD	2018-09-09	0.32480	0.32375	0.33408	0.32149	0
VSTR_USD	2018-09-08	0.32375	0.33512	0.33887	0.32140	0
VSTR_USD	2018-09-07	0.33512	0.35390	0.35495	0.32932	0
VSTR_USD	2018-09-06	0.35390	0.36416	0.36505	0.33026	0
VSTR_USD	2018-09-05	0.36416	0.38921	0.40338	0.36395	0
VSTR_USD	2018-09-04	0.38921	0.38440	0.39149	0.38296	0
VSTR_USD	2018-09-03	0.38440	0.38581	0.38799	0.38110	0
VSTR_USD	2018-09-02	0.38581	0.38082	0.38851	0.37763	0
VSTR_USD	2018-09-01	0.38082	0.37635	0.38415	0.37250	0
VSTR_USD	2018-08-31	0.37635	0.37478	0.37981	0.36954	0
VSTR_USD	2018-08-30	0.37478	0.37822	0.37884	0.36473	0
VSTR_USD	2018-08-29	0.37822	0.38082	0.38264	0.37194	0
VSTR_USD	2018-08-28	0.38082	0.37225	0.38365	0.37037	0
VSTR_USD	2018-08-27	0.37225	0.36481	0.37268	0.36081	0
VSTR_USD	2018-08-26	0.36481	0.35293	0.36536	0.34432	0
VSTR_USD	2018-08-25	0.35293	0.34987	0.35784	0.34982	0
VSTR_USD	2018-08-24	0.34987	0.34297	0.35148	0.33739	0
VSTR_USD	2018-08-23	0.34297	0.33271	0.34477	0.33248	0
VSTR_USD	2018-08-22	0.33271	0.33464	0.35552	0.32747	0
VSTR_USD	2018-08-21	0.33464	0.32961	0.34069	0.32602	0
VSTR_USD	2018-08-20	0.32961	0.34164	0.34334	0.32842	0
VSTR_USD	2018-08-19	0.34164	0.33890	0.34486	0.33415	0
VSTR_USD	2018-08-18	0.33890	0.33985	0.34705	0.33364	0
VSTR_USD	2018-08-17	0.33985	0.32660	0.33985	0.32563	0
VSTR_USD	2018-08-16	0.32660	0.32241	0.33517	0.32022	0
VSTR_USD	2018-08-15	0.32241	0.32996	0.35060	0.32073	0
VSTR_USD	2018-08-14	0.32996	0.33207	0.33207	0.31350	0
VSTR_USD	2018-08-13	0.33207	0.32833	0.34800	0.32414	0
VSTR_USD	2018-08-12	0.32833	0.32226	0.33475	0.31972	0
VSTR_USD	2018-08-11	0.32226	0.31828	0.33462	0.31069	0
VSTR_USD	2018-08-10	0.31828	0.33771	0.34023	0.31354	0
VSTR_USD	2018-08-09	0.33771	0.32853	0.34541	0.32813	0
VSTR_USD	2018-08-08	0.32853	0.38262	0.38262	0.31931	0
VSTR_USD	2018-08-07	0.38262	0.39369	0.40655	0.37862	0
VSTR_USD	2018-08-06	0.39369	0.38721	0.39614	0.37969	0
VSTR_USD	2018-08-05	0.38721	0.38967	0.39255	0.38110	0
VSTR_USD	2018-08-04	0.38967	0.41683	0.42048	0.38648	0
VSTR_USD	2018-08-03	0.41683	0.42778	0.42778	0.41276	0
VSTR_USD	2018-08-02	0.42778	0.45795	0.46339	0.42500	0
VSTR_USD	2018-08-01	0.45795	0.46610	0.46669	0.44803	0
VSTR_USD	2018-07-31	0.46610	0.49175	0.49205	0.46158	0
VSTR_USD	2018-07-30	0.49175	0.49488	0.49806	0.47335	0
VSTR_USD	2018-07-29	0.49488	0.49631	0.49812	0.48893	0
VSTR_USD	2018-07-28	0.49631	0.49644	0.49644	0.49631	0
VSTR_USD	2018-07-27	0.49644	0.49656	0.49656	0.49644	0
VSTR_USD	2018-07-26	0.49656	0.49263	0.50019	0.49247	0
VSTR_USD	2018-07-25	0.49263	0.50957	0.51389	0.48644	0
VSTR_USD	2018-07-24	0.50957	0.47157	0.51327	0.47021	0
VSTR_USD	2018-07-23	0.47157	0.45449	0.47745	0.45280	0
VSTR_USD	2018-07-22	0.45449	0.45853	0.46546	0.45161	0
VSTR_USD	2018-07-21	0.45853	0.47990	0.47995	0.45458	0
VSTR_USD	2018-07-20	0.47990	0.48963	0.50272	0.47647	0
VSTR_USD	2018-07-19	0.48963	0.48248	0.49504	0.47720	0
VSTR_USD	2018-07-18	0.48248	0.47946	0.49652	0.47488	0
VSTR_USD	2018-07-17	0.47946	0.44123	0.48882	0.43672	0
VSTR_USD	2018-07-16	0.44123	0.41571	0.44200	0.41474	0
VSTR_USD	2018-07-15	0.41571	0.40938	0.41843	0.40828	0
VSTR_USD	2018-07-14	0.40938	0.40741	0.41282	0.40478	0
VSTR_USD	2018-07-13	0.40741	0.40822	0.41455	0.40246	0
VSTR_USD	2018-07-12	0.40822	0.41781	0.41781	0.39838	0
VSTR_USD	2018-07-11	0.41781	0.41274	0.41888	0.41203	0
VSTR_USD	2018-07-10	0.41274	0.43523	0.43641	0.41137	0
VSTR_USD	2018-07-09	0.43523	0.43937	0.44420	0.43371	0
VSTR_USD	2018-07-08	0.43937	0.44293	0.44483	0.43768	0
VSTR_USD	2018-07-07	0.44293	0.43242	0.44715	0.42657	0
VSTR_USD	2018-07-06	0.43242	0.42842	0.43430	0.42269	0
VSTR_USD	2018-07-05	0.42842	0.43167	0.43871	0.42320	0
VSTR_USD	2018-07-04	0.43167	0.42565	0.43973	0.42028	0
VSTR_USD	2018-07-03	0.42565	0.53823	0.53835	0.00698	0
VSTR_USD	2018-07-02	0.53823	0.51662	0.54295	0.00001	0
VSTR_USD	2018-07-01	0.51667	0.52023	0.52351	0.51029	0
VSTR_USD	2018-06-30	0.52024	0.50502	0.53052	0.50502	0
VSTR_USD	2018-06-29	0.50544	0.47678	0.51072	0.43029	0
VSTR_USD	2018-06-28	0.47755	0.50010	0.50263	0.47520	0
VSTR_USD	2018-06-27	0.50006	0.49482	0.50383	0.48839	0
VSTR_USD	2018-06-26	0.49638	0.51005	0.51185	0.49372	0
VSTR_USD	2018-06-25	0.50972	0.50167	0.51536	0.49639	0
VSTR_USD	2018-06-24	0.50183	0.50293	0.50930	0.47136	0
VSTR_USD	2018-06-23	0.50228	0.49346	0.51020	0.49127	0
VSTR_USD	2018-06-22	0.49346	0.54842	0.54979	0.48481	0
VSTR_USD	2018-06-21	0.54839	0.55246	0.55455	0.54662	0
VSTR_USD	2018-06-20	0.55249	0.55031	0.55666	0.53627	0
VSTR_USD	2018-06-19	0.55093	0.54873	0.55817	0.54532	0
VSTR_USD	2018-06-18	0.54854	0.52698	0.55490	0.52241	0
VSTR_USD	2018-06-17	0.52655	0.53071	0.53742	0.52566	0
VSTR_USD	2018-06-16	0.53061	0.52248	0.53582	0.51792	0
VSTR_USD	2018-06-15	0.52223	0.54374	0.54374	0.52047	0
VSTR_USD	2018-06-14	0.54270	0.51560	0.54832	0.51375	0
VSTR_USD	2018-06-13	0.51530	0.53592	0.54090	0.50183	0
VSTR_USD	2018-06-12	0.53579	0.56261	0.56261	0.52749	0
VSTR_USD	2018-06-11	0.56288	0.55336	0.56479	0.54361	0
VSTR_USD	2018-06-10	0.55272	0.61394	0.61394	0.54376	0
VSTR_USD	2018-06-09	0.61378	0.62350	0.62921	0.61172	0
VSTR_USD	2018-06-08	0.62349	0.62896	0.62985	0.61751	0
VSTR_USD	2018-06-07	0.62923	0.62575	0.63417	0.62562	0
VSTR_USD	2018-06-06	0.62572	0.62318	0.62891	0.61262	0
VSTR_USD	2018-06-05	0.62265	0.61152	0.62657	0.60199	0
VSTR_USD	2018-06-04	0.61197	0.63878	0.63878	0.60875	0
VSTR_USD	2018-06-03	0.63821	0.62391	0.63961	0.62196	0
VSTR_USD	2018-06-02	0.62388	0.61417	0.62787	0.60834	0
VSTR_USD	2018-06-01	0.61368	0.60976	0.61843	0.59817	0
VSTR_USD	2018-05-31	0.60982	0.60207	0.61932	0.59934	0
VSTR_USD	2018-05-30	0.60233	0.60991	0.61748	0.59482	0
VSTR_USD	2018-05-29	0.60919	0.58052	0.61452	0.57587	0
VSTR_USD	2018-05-28	0.58016	0.60042	0.60749	0.57775	0
VSTR_USD	2018-05-27	0.60016	0.56474	0.60407	0.55655	0
VSTR_USD	2018-05-26	0.56462	0.60432	0.60432	0.56162	0
VSTR_USD	2018-05-25	0.60443	0.61400	0.61977	0.59423	0
VSTR_USD	2018-05-24	0.61374	0.60811	0.62536	0.58874	0
VSTR_USD	2018-05-23	0.60857	0.64651	0.64995	0.60359	0
VSTR_USD	2018-05-22	0.64674	0.73161	0.75836	0.64426	0
VSTR_USD	2018-05-21	0.73161	0.73742	0.74275	0.72910	0
VSTR_USD	2018-05-20	0.73742	0.71379	0.74294	0.70774	0
VSTR_USD	2018-05-19	0.71379	0.71749	0.73081	0.70773	0
VSTR_USD	2018-05-18	0.71749	0.70224	0.72099	0.69086	0
VSTR_USD	2018-05-17	0.70316	0.72668	0.73632	0.69708	0
VSTR_USD	2018-05-16	0.72606	0.73658	0.73860	0.70499	0
VSTR_USD	2018-05-15	0.73659	0.75402	0.76795	0.73341	0
VSTR_USD	2018-05-14	0.75408	0.76242	0.77247	0.72433	0
VSTR_USD	2018-05-13	0.76242	0.74511	0.76882	0.73174	0
VSTR_USD	2018-05-12	0.74342	0.74616	0.75871	0.72121	0
VSTR_USD	2018-05-11	0.74616	0.80235	0.80235	0.74224	0
VSTR_USD	2018-05-10	0.80235	0.82983	0.83561	0.80101	0
VSTR_USD	2018-05-09	0.82983	0.81819	0.83457	0.79957	0
VSTR_USD	2018-05-08	0.81872	0.83365	0.83717	0.00009	0
VSTR_USD	2018-05-07	0.84089	0.88699	0.88849	0.82047	0
VSTR_USD	2018-05-06	0.88699	0.90668	0.91550	0.87123	0
VSTR_USD	2018-05-05	0.90566	0.89564	0.92046	0.89365	0
VSTR_USD	2018-05-04	0.89564	0.90454	0.90616	0.88439	0
VSTR_USD	2018-05-03	0.90507	0.86059	0.91132	0.85165	0
VSTR_USD	2018-05-02	0.86059	0.88373	0.89746	0.84664	0
VSTR_USD	2018-05-01	0.88453	0.85702	0.88703	0.82392	0
VSTR_USD	2018-04-30	0.85702	0.87834	0.88239	0.84964	0
VSTR_USD	2018-04-29	0.87834	0.87242	0.89159	0.85585	0
VSTR_USD	2018-04-28	0.87242	0.83034	0.88370	0.82504	0
VSTR_USD	2018-04-27	0.83034	0.86819	0.87298	0.82798	0
VSTR_USD	2018-04-26	0.86827	0.84503	0.86942	0.81564	0
VSTR_USD	2018-04-25	0.84503	0.92260	0.93220	0.83654	0
VSTR_USD	2018-04-24	0.92474	0.85759	0.93096	0.85667	0
VSTR_USD	2018-04-23	0.85759	0.84376	0.86383	0.84117	0
VSTR_USD	2018-04-22	0.84376	0.85501	0.86583	0.83952	0
VSTR_USD	2018-04-21	0.85501	0.85084	0.86600	0.82662	0
VSTR_USD	2018-04-20	0.85084	0.77559	0.85636	0.77077	0
VSTR_USD	2018-04-19	0.77700	0.76443	0.77736	0.75910	0
VSTR_USD	2018-04-18	0.76437	0.73891	0.77019	0.73752	0
VSTR_USD	2018-04-17	0.73891	0.75397	0.76431	0.73255	0
VSTR_USD	2018-04-16	0.75397	0.78138	0.78568	0.73949	0
VSTR_USD	2018-04-15	0.78138	0.82393	0.84015	0.75603	0
VSTR_USD	2018-04-14	0.82393	0.74110	0.83098	0.73580	0
VSTR_USD	2018-04-13	0.74110	0.74120	0.77258	0.72708	0
VSTR_USD	2018-04-12	0.74126	0.64970	0.75468	0.63279	0
VSTR_USD	2018-04-11	0.65011	0.64005	0.65252	0.63594	0
VSTR_USD	2018-04-10	0.64005	0.63276	0.64472	0.62275	0
VSTR_USD	2018-04-09	0.63254	0.72050	0.73673	0.61913	0
VSTR_USD	2018-04-08	0.72050	0.70738	0.72998	0.70699	0
VSTR_USD	2018-04-07	0.70738	0.67931	0.72542	0.67783	0
VSTR_USD	2018-04-06	0.67931	0.69447	0.70293	0.66843	0
VSTR_USD	2018-04-05	0.69447	0.69851	0.70939	0.67643	0
VSTR_USD	2018-04-04	0.69851	0.86586	0.86720	0.68920	0
VSTR_USD	2018-04-03	0.86586	0.83796	0.87856	0.83254	0
VSTR_USD	2018-04-02	0.83796	0.81419	0.85117	0.78171	0
VSTR_USD	2018-04-01	0.81419	0.94647	0.96077	0.80670	0
VSTR_USD	2018-03-31	0.94647	0.93485	0.98689	0.92833	0
VSTR_USD	2018-03-30	0.93485	1.01638	1.02320	0.89905	0
VSTR_USD	2018-03-29	1.01638	1.13785	1.14084	0.98794	0
VSTR_USD	2018-03-28	1.13785	1.11906	1.16390	1.11127	0
VSTR_USD	2018-03-27	1.11906	0.93350	1.19117	0.88826	0
VSTR_USD	2018-03-26	0.93586	0.97564	0.98106	0.90201	0
VSTR_USD	2018-03-25	0.97564	0.98809	1.00130	0.96869	0
VSTR_USD	2018-03-24	0.98809	1.03877	1.04852	0.98704	0
VSTR_USD	2018-03-23	1.03877	1.01913	1.03886	0.96691	0
VSTR_USD	2018-03-22	1.01913	1.03649	1.05870	0.99059	0
VSTR_USD	2018-03-21	1.03649	0.98523	1.14938	0.98157	0
VSTR_USD	2018-03-20	0.98523	0.95085	0.99946	0.91931	0
VSTR_USD	2018-03-19	0.95085	0.91128	0.96173	0.89689	0
VSTR_USD	2018-03-18	0.91128	0.82638	0.91768	0.79010	0
VSTR_USD	2018-03-17	0.82638	0.80572	0.84378	0.77141	0
VSTR_USD	2018-03-16	0.80572	0.75964	0.83434	0.72739	0
VSTR_USD	2018-03-15	0.75964	0.75307	0.77334	0.70670	0
VSTR_USD	2018-03-14	0.75307	0.83694	0.85690	0.72902	0
VSTR_USD	2018-03-13	0.83694	0.83539	0.86784	0.81042	0
VSTR_USD	2018-03-12	0.83539	0.87090	0.90602	0.80625	0
VSTR_USD	2018-03-11	0.87090	0.84528	0.90248	0.81379	0
VSTR_USD	2018-03-10	0.84528	0.82118	0.87549	0.79964	0
VSTR_USD	2018-03-09	0.82118	0.82820	0.83897	0.74376	0
VSTR_USD	2018-03-08	0.82820	0.87994	0.89813	0.80554	0
VSTR_USD	2018-03-07	0.87994	0.95486	0.97346	0.84017	0
VSTR_USD	2018-03-06	0.95486	0.96496	1.00645	0.91324	0
VSTR_USD	2018-03-05	0.96496	0.96830	0.98246	0.96089	0
VSTR_USD	2018-03-04	0.96830	0.99062	0.99804	0.92152	0
VSTR_USD	2018-03-03	0.99062	1.00926	1.05191	0.97622	0
VSTR_USD	2018-03-02	1.00926	1.02169	1.04592	0.93227	0
