VSX_USD	2019-04-09	0.001149	0.001144	0.001158	0.001112	0
VSX_USD	2019-04-08	0.001144	0.001128	0.001356	0.001081	0
VSX_USD	2019-04-07	0.001128	0.001194	0.001254	0.001081	0
VSX_USD	2019-04-06	0.001194	0.001144	0.001229	0.001131	0
VSX_USD	2019-04-05	0.001144	0.001086	0.001197	0.001085	0
VSX_USD	2019-04-04	0.001086	0.001145	0.001173	0.001063	0
VSX_USD	2019-04-03	0.001145	0.001159	0.001194	0.001116	0
VSX_USD	2019-04-02	0.001159	0.000819	0.001274	0.000817	0
VSX_USD	2019-04-01	0.000819	0.000771	0.000823	0.000764	0
VSX_USD	2019-03-31	0.000771	0.000771	0.000793	0.000728	0
VSX_USD	2019-03-30	0.000770	0.000752	0.000770	0.000723	0
VSX_USD	2019-03-29	0.000752	0.000655	0.000854	0.000654	0
VSX_USD	2019-03-28	0.000654	0.000841	0.000841	0.000633	0
VSX_USD	2019-03-27	0.000841	0.000838	0.000859	0.000835	0
VSX_USD	2019-03-26	0.000838	0.000834	0.000839	0.000830	0
VSX_USD	2019-03-25	0.000834	0.000849	0.000850	0.000827	0
VSX_USD	2019-03-24	0.000849	0.000894	0.000912	0.000843	0
VSX_USD	2019-03-23	0.000894	0.000769	0.000915	0.000768	0
VSX_USD	2019-03-22	0.000769	0.000789	0.000793	0.000768	0
VSX_USD	2019-03-21	0.000789	0.001114	0.001119	0.000788	0
VSX_USD	2019-03-20	0.001114	0.000965	0.001115	0.000957	0
VSX_USD	2019-03-19	0.000965	0.001263	0.001266	0.000935	0
VSX_USD	2019-03-18	0.001263	0.001465	0.001515	0.001236	0
VSX_USD	2019-03-17	0.001465	0.001104	0.001879	0.000832	0
VSX_USD	2019-03-16	0.001104	0.000881	0.001142	0.000866	0
VSX_USD	2019-03-15	0.000881	0.001086	0.001100	0.000816	0
VSX_USD	2019-03-14	0.001086	0.001125	0.001130	0.001006	0
VSX_USD	2019-03-13	0.001125	0.001107	0.001131	0.001105	0
VSX_USD	2019-03-12	0.001108	0.001442	0.001457	0.001059	0
VSX_USD	2019-03-11	0.001442	0.001260	0.001944	0.001259	0
VSX_USD	2019-03-10	0.001260	0.001285	0.001286	0.001250	0
VSX_USD	2019-03-09	0.001285	0.001261	0.001294	0.001259	0
VSX_USD	2019-03-08	0.001261	0.001269	0.001286	0.001240	0
VSX_USD	2019-03-07	0.001269	0.001324	0.001338	0.001264	0
VSX_USD	2019-03-06	0.001324	0.001343	0.001352	0.001315	0
VSX_USD	2019-03-05	0.001343	0.001425	0.001448	0.001335	0
VSX_USD	2019-03-04	0.001425	0.001515	0.001524	0.001418	0
VSX_USD	2019-03-03	0.001515	0.001546	0.001550	0.001193	0
VSX_USD	2019-03-02	0.001546	0.001567	0.001568	0.001523	0
VSX_USD	2019-03-01	0.001567	0.001597	0.001603	0.001564	0
VSX_USD	2019-02-28	0.001597	0.001716	0.001732	0.001593	0
VSX_USD	2019-02-27	0.001716	0.001247	0.001719	0.001242	0
VSX_USD	2019-02-26	0.001247	0.001216	0.001409	0.001184	0
VSX_USD	2019-02-25	0.001216	0.001169	0.001229	0.001168	0
VSX_USD	2019-02-24	0.001169	0.001285	0.001306	0.001163	0
VSX_USD	2019-02-23	0.001285	0.001240	0.001298	0.001225	0
VSX_USD	2019-02-22	0.001240	0.001243	0.001263	0.001228	0
VSX_USD	2019-02-21	0.001243	0.001259	0.001298	0.001217	0
VSX_USD	2019-02-20	0.001259	0.000918	0.001271	0.000902	0
VSX_USD	2019-02-19	0.000918	0.000955	0.000971	0.000916	0
VSX_USD	2019-02-18	0.000955	0.000897	0.000962	0.000894	0
VSX_USD	2019-02-17	0.000897	0.000882	0.000908	0.000881	0
VSX_USD	2019-02-16	0.000882	0.000879	0.000894	0.000879	0
VSX_USD	2019-02-15	0.000879	0.000878	0.000910	0.000876	0
VSX_USD	2019-02-14	0.000878	0.000899	0.000902	0.000874	0
VSX_USD	2019-02-13	0.000899	0.000905	0.000915	0.000894	0
VSX_USD	2019-02-12	0.000905	0.000994	0.000994	0.000900	0
VSX_USD	2019-02-11	0.000994	0.001030	0.001031	0.000993	0
VSX_USD	2019-02-10	0.001030	0.001004	0.001031	0.000990	0
VSX_USD	2019-02-09	0.001004	0.001024	0.001026	0.000997	0
VSX_USD	2019-02-08	0.001024	0.000911	0.001024	0.000908	0
VSX_USD	2019-02-07	0.000911	0.000898	0.000918	0.000894	0
VSX_USD	2019-02-06	0.000898	0.001054	0.001056	0.000792	0
VSX_USD	2019-02-05	0.001054	0.001239	0.001248	0.000929	0
VSX_USD	2019-02-04	0.001239	0.001261	0.001263	0.001217	0
VSX_USD	2019-02-03	0.001261	0.001281	0.001284	0.001223	0
VSX_USD	2019-02-02	0.001281	0.001362	0.001362	0.001243	0
VSX_USD	2019-02-01	0.001362	0.001366	0.001370	0.001343	0
VSX_USD	2019-01-31	0.001366	0.001235	0.001505	0.001234	0
VSX_USD	2019-01-30	0.001235	0.000974	0.001236	0.000971	0
VSX_USD	2019-01-29	0.000974	0.001103	0.001106	0.000972	0
VSX_USD	2019-01-28	0.001103	0.001061	0.001106	0.001020	0
VSX_USD	2019-01-27	0.001061	0.001072	0.001085	0.000975	0
VSX_USD	2019-01-26	0.001072	0.001107	0.001138	0.001071	0
VSX_USD	2019-01-25	0.001107	0.001114	0.001117	0.001097	0
VSX_USD	2019-01-24	0.001114	0.001231	0.001245	0.001105	0
VSX_USD	2019-01-23	0.001231	0.001255	0.001263	0.001221	0
VSX_USD	2019-01-22	0.001255	0.001235	0.001273	0.001226	0
VSX_USD	2019-01-21	0.001235	0.001255	0.001262	0.001226	0
VSX_USD	2019-01-20	0.001255	0.001318	0.001329	0.001242	0
VSX_USD	2019-01-19	0.001319	0.001287	0.001366	0.001286	0
VSX_USD	2019-01-18	0.001287	0.001284	0.001299	0.001276	0
VSX_USD	2019-01-17	0.001284	0.001322	0.001326	0.001165	0
VSX_USD	2019-01-16	0.001322	0.001335	0.001344	0.001311	0
VSX_USD	2019-01-15	0.001335	0.001293	0.001335	0.001235	0
VSX_USD	2019-01-14	0.001293	0.001239	0.001310	0.001235	0
VSX_USD	2019-01-13	0.001239	0.001333	0.001337	0.001233	0
VSX_USD	2019-01-12	0.001333	0.001300	0.001344	0.001285	0
VSX_USD	2019-01-11	0.001300	0.001299	0.001317	0.001273	0
VSX_USD	2019-01-10	0.001300	0.001470	0.001489	0.001291	0
VSX_USD	2019-01-09	0.001470	0.001537	0.001560	0.001466	0
VSX_USD	2019-01-08	0.001537	0.001502	0.001634	0.001481	0
VSX_USD	2019-01-07	0.001502	0.001460	0.001627	0.001428	0
VSX_USD	2019-01-06	0.001460	0.001369	0.002738	0.001361	0
VSX_USD	2019-01-05	0.001369	0.001345	0.001393	0.001325	0
VSX_USD	2019-01-04	0.001345	0.001529	0.001609	0.001280	0
VSX_USD	2019-01-03	0.001529	0.001620	0.001622	0.001522	0
VSX_USD	2019-01-02	0.001620	0.001643	0.001650	0.001572	0
VSX_USD	2019-01-01	0.001643	0.001590	0.001662	0.001545	0
VSX_USD	2018-12-31	0.001590	0.001748	0.001753	0.001465	0
VSX_USD	2018-12-30	0.001748	0.001631	0.001815	0.001615	0
VSX_USD	2018-12-29	0.001631	0.001655	0.001825	0.001625	0
VSX_USD	2018-12-28	0.001655	0.001597	0.001675	0.001516	0
VSX_USD	2018-12-27	0.001597	0.001690	0.001704	0.001586	0
VSX_USD	2018-12-26	0.001690	0.001660	0.001716	0.001620	0
VSX_USD	2018-12-25	0.001660	0.001658	0.001681	0.001528	0
VSX_USD	2018-12-24	0.001658	0.001486	0.001765	0.001486	0
VSX_USD	2018-12-23	0.001486	0.001341	0.001701	0.001274	0
VSX_USD	2018-12-22	0.001341	0.001291	0.001348	0.001254	0
VSX_USD	2018-12-21	0.001291	0.001370	0.001415	0.001260	0
VSX_USD	2018-12-20	0.001370	0.001257	0.001439	0.001217	0
VSX_USD	2018-12-19	0.001257	0.001285	0.001429	0.001248	0
VSX_USD	2018-12-18	0.001285	0.001233	0.001291	0.001189	0
VSX_USD	2018-12-17	0.001233	0.001138	0.001259	0.001123	0
VSX_USD	2018-12-16	0.001138	0.001101	0.001206	0.001035	0
VSX_USD	2018-12-15	0.001101	0.001050	0.001109	0.001047	0
VSX_USD	2018-12-14	0.001050	0.001089	0.001101	0.001032	0
VSX_USD	2018-12-13	0.001089	0.001150	0.001152	0.001065	0
VSX_USD	2018-12-12	0.001150	0.001095	0.001158	0.001093	0
VSX_USD	2018-12-11	0.001105	0.001128	0.001154	0.001093	0
VSX_USD	2018-12-10	0.001128	0.001167	0.001184	0.001112	0
VSX_USD	2018-12-09	0.001167	0.001069	0.001201	0.001041	0
VSX_USD	2018-12-08	0.001069	0.001020	0.001097	0.000995	0
VSX_USD	2018-12-07	0.001020	0.001080	0.001100	0.000936	0
VSX_USD	2018-12-06	0.001080	0.001262	0.001326	0.001072	0
VSX_USD	2018-12-05	0.001262	0.001573	0.001591	0.001157	0
VSX_USD	2018-12-04	0.001573	0.001366	0.001587	0.001314	0
VSX_USD	2018-12-03	0.001366	0.001206	0.001378	0.001065	0
VSX_USD	2018-12-02	0.001206	0.001167	0.001347	0.001135	0
VSX_USD	2018-12-01	0.001167	0.001090	0.001240	0.001074	0
VSX_USD	2018-11-30	0.001090	0.001100	0.001242	0.001081	0
VSX_USD	2018-11-29	0.001100	0.001249	0.001368	0.001089	0
VSX_USD	2018-11-28	0.001249	0.001379	0.001674	0.001218	0
VSX_USD	2018-11-27	0.001379	0.001388	0.001402	0.001337	0
VSX_USD	2018-11-26	0.001388	0.001457	0.001528	0.001338	0
VSX_USD	2018-11-25	0.001457	0.001395	0.001491	0.001264	0
VSX_USD	2018-11-24	0.001395	0.001526	0.001601	0.001361	0
VSX_USD	2018-11-23	0.001526	0.001559	0.001613	0.001524	0
VSX_USD	2018-11-22	0.001559	0.001541	0.001763	0.001526	0
VSX_USD	2018-11-21	0.001541	0.001675	0.001742	0.001471	0
VSX_USD	2018-11-20	0.001675	0.001926	0.001943	0.001608	0
VSX_USD	2018-11-19	0.001926	0.002179	0.002179	0.001907	0
VSX_USD	2018-11-18	0.002179	0.002251	0.002319	0.002168	0
VSX_USD	2018-11-17	0.002251	0.002236	0.002292	0.002202	0
VSX_USD	2018-11-16	0.002236	0.002243	0.002245	0.002175	0
VSX_USD	2018-11-15	0.002243	0.002472	0.002490	0.002122	0
VSX_USD	2018-11-14	0.002472	0.002715	0.002724	0.002396	0
VSX_USD	2018-11-13	0.002715	0.002675	0.002729	0.002673	0
VSX_USD	2018-11-12	0.002675	0.002552	0.002738	0.002510	0
VSX_USD	2018-11-11	0.002552	0.002540	0.002552	0.002514	0
VSX_USD	2018-11-10	0.002540	0.002536	0.002552	0.002534	0
VSX_USD	2018-11-09	0.002536	0.002689	0.002698	0.002525	0
VSX_USD	2018-11-08	0.002689	0.002662	0.002720	0.002636	0
VSX_USD	2018-11-07	0.002662	0.002704	0.002853	0.002660	0
VSX_USD	2018-11-06	0.002704	0.002556	0.002761	0.002556	0
VSX_USD	2018-11-05	0.002556	0.002626	0.002746	0.002556	0
VSX_USD	2018-11-04	0.002626	0.002523	0.002831	0.002512	0
VSX_USD	2018-11-03	0.002523	0.002731	0.002792	0.002491	0
VSX_USD	2018-11-02	0.002731	0.003008	0.003195	0.002668	0
VSX_USD	2018-11-01	0.003008	0.003534	0.003571	0.002519	0
VSX_USD	2018-10-31	0.003534	0.003450	0.003824	0.003263	0
VSX_USD	2018-10-30	0.003450	0.002664	0.003794	0.002664	0
VSX_USD	2018-10-29	0.002664	0.002888	0.002926	0.002644	0
VSX_USD	2018-10-28	0.002888	0.002633	0.002972	0.002556	0
VSX_USD	2018-10-27	0.002633	0.002613	0.002757	0.002448	0
VSX_USD	2018-10-26	0.002613	0.002774	0.002788	0.002581	0
VSX_USD	2018-10-25	0.002774	0.002982	0.003015	0.002745	0
VSX_USD	2018-10-24	0.002982	0.002587	0.003292	0.002571	0
VSX_USD	2018-10-23	0.002587	0.002693	0.002731	0.002517	0
VSX_USD	2018-10-22	0.002693	0.002471	0.003679	0.002140	0
VSX_USD	2018-10-21	0.002471	0.003128	0.003147	0.002471	0
VSX_USD	2018-10-20	0.003128	0.003231	0.003241	0.003107	0
VSX_USD	2018-10-19	0.003231	0.003009	0.003296	0.002916	0
VSX_USD	2018-10-18	0.003009	0.003098	0.003204	0.003009	0
VSX_USD	2018-10-17	0.003098	0.002805	0.003528	0.002459	0
VSX_USD	2018-10-16	0.002805	0.002596	0.002938	0.002554	0
VSX_USD	2018-10-15	0.002596	0.002248	0.002960	0.002205	0
VSX_USD	2018-10-14	0.002248	0.002183	0.002355	0.002128	0
VSX_USD	2018-10-13	0.002183	0.002802	0.002802	0.002086	0
VSX_USD	2018-10-12	0.002802	0.002752	0.002873	0.002721	0
VSX_USD	2018-10-11	0.002752	0.002851	0.002869	0.002689	0
VSX_USD	2018-10-10	0.002851	0.002932	0.002932	0.002823	0
VSX_USD	2018-10-09	0.002932	0.003203	0.003207	0.002891	0
VSX_USD	2018-10-08	0.003203	0.003168	0.003402	0.003136	0
VSX_USD	2018-10-07	0.003168	0.003098	0.003184	0.003097	0
VSX_USD	2018-10-06	0.003098	0.003289	0.003291	0.002745	0
VSX_USD	2018-10-05	0.003289	0.003093	0.003532	0.003078	0
VSX_USD	2018-10-04	0.003093	0.003642	0.003714	0.003093	0
VSX_USD	2018-10-03	0.003642	0.003825	0.003858	0.003528	0
VSX_USD	2018-10-02	0.003825	0.003861	0.003905	0.003778	0
VSX_USD	2018-10-01	0.003861	0.004203	0.004229	0.003816	0
VSX_USD	2018-09-30	0.004203	0.004128	0.004220	0.003968	0
VSX_USD	2018-09-29	0.004128	0.004047	0.004209	0.003936	0
VSX_USD	2018-09-28	0.004047	0.003645	0.004053	0.003469	0
VSX_USD	2018-09-27	0.003645	0.003490	0.003666	0.003446	0
VSX_USD	2018-09-26	0.003490	0.003539	0.003558	0.003450	0
VSX_USD	2018-09-25	0.003539	0.003753	0.003753	0.003463	0
VSX_USD	2018-09-24	0.003753	0.004161	0.004167	0.003420	0
VSX_USD	2018-09-23	0.004161	0.003396	0.004169	0.003166	0
VSX_USD	2018-09-22	0.003396	0.004097	0.004264	0.003194	0
VSX_USD	2018-09-21	0.004097	0.002503	0.004304	0.002501	0
VSX_USD	2018-09-20	0.002503	0.002812	0.002825	0.002448	0
VSX_USD	2018-09-19	0.002812	0.002347	0.002862	0.002279	0
VSX_USD	2018-09-18	0.002347	0.002064	0.002637	0.001933	0
VSX_USD	2018-09-17	0.002064	0.001722	0.002099	0.001518	0
VSX_USD	2018-09-16	0.001722	0.002445	0.002532	0.001423	0
VSX_USD	2018-09-15	0.002445	0.002627	0.002669	0.001994	0
VSX_USD	2018-09-14	0.002627	0.002428	0.002810	0.002256	0
VSX_USD	2018-09-13	0.002428	0.002281	0.002678	0.002143	0
VSX_USD	2018-09-12	0.002281	0.002359	0.002361	0.002012	0
VSX_USD	2018-09-11	0.002359	0.002082	0.002458	0.001833	0
VSX_USD	2018-09-10	0.002082	0.002621	0.002927	0.001733	0
VSX_USD	2018-09-09	0.002621	0.002783	0.002912	0.002555	0
VSX_USD	2018-09-08	0.002783	0.003010	0.003029	0.002702	0
VSX_USD	2018-09-07	0.003010	0.003322	0.003332	0.003001	0
VSX_USD	2018-09-06	0.003322	0.003419	0.003461	0.002996	0
VSX_USD	2018-09-05	0.003419	0.003495	0.003595	0.003244	0
VSX_USD	2018-09-04	0.003495	0.003490	0.003681	0.003449	0
VSX_USD	2018-09-03	0.003490	0.003645	0.003681	0.003169	0
VSX_USD	2018-09-02	0.003645	0.003815	0.003818	0.003545	0
VSX_USD	2018-09-01	0.003815	0.003935	0.004029	0.003732	0
VSX_USD	2018-08-31	0.003935	0.004476	0.004493	0.003861	0
VSX_USD	2018-08-30	0.004476	0.004263	0.004606	0.004189	0
VSX_USD	2018-08-29	0.004263	0.003964	0.004272	0.003964	0
VSX_USD	2018-08-28	0.003964	0.003762	0.004003	0.003691	0
VSX_USD	2018-08-27	0.003762	0.003388	0.003995	0.003317	0
VSX_USD	2018-08-26	0.003388	0.004515	0.004543	0.003242	0
VSX_USD	2018-08-25	0.004515	0.004117	0.004677	0.004069	0
VSX_USD	2018-08-24	0.004117	0.003818	0.004191	0.003795	0
VSX_USD	2018-08-23	0.003818	0.003813	0.003862	0.003412	0
VSX_USD	2018-08-22	0.003813	0.003952	0.004189	0.003752	0
VSX_USD	2018-08-21	0.003952	0.004253	0.004383	0.003801	0
VSX_USD	2018-08-20	0.004253	0.004410	0.004590	0.004077	0
VSX_USD	2018-08-19	0.004410	0.003898	0.004950	0.003652	0
VSX_USD	2018-08-18	0.003898	0.003756	0.004299	0.003633	0
VSX_USD	2018-08-17	0.003756	0.003535	0.003803	0.003153	0
VSX_USD	2018-08-16	0.003535	0.003386	0.003650	0.003218	0
VSX_USD	2018-08-15	0.003386	0.003155	0.003472	0.003155	0
VSX_USD	2018-08-14	0.003155	0.003439	0.003526	0.002987	0
VSX_USD	2018-08-13	0.003439	0.005083	0.005327	0.003383	0
VSX_USD	2018-08-12	0.005083	0.004699	0.005598	0.004591	0
VSX_USD	2018-08-11	0.004699	0.003563	0.005262	0.003486	0
VSX_USD	2018-08-10	0.003563	0.003787	0.004005	0.003556	0
VSX_USD	2018-08-09	0.003787	0.003673	0.003921	0.003590	0
VSX_USD	2018-08-08	0.003673	0.004299	0.004588	0.003662	0
VSX_USD	2018-08-07	0.004299	0.003851	0.005584	0.003579	0
VSX_USD	2018-08-06	0.003851	0.003973	0.004464	0.003686	0
VSX_USD	2018-08-05	0.003973	0.004519	0.004949	0.003894	0
VSX_USD	2018-08-04	0.004519	0.004598	0.004822	0.004014	0
VSX_USD	2018-08-03	0.004598	0.005388	0.005388	0.004581	0
VSX_USD	2018-08-02	0.005388	0.005403	0.005513	0.005249	0
VSX_USD	2018-08-01	0.005403	0.006196	0.006196	0.005172	0
VSX_USD	2018-07-31	0.006196	0.006128	0.006746	0.005906	0
VSX_USD	2018-07-30	0.006128	0.006084	0.006378	0.005727	0
VSX_USD	2018-07-29	0.006084	0.006226	0.006432	0.005772	0
VSX_USD	2018-07-28	0.006226	0.007339	0.007669	0.006143	0
VSX_USD	2018-07-27	0.007339	0.007586	0.007586	0.007297	0
VSX_USD	2018-07-26	0.007586	0.007524	0.008122	0.007380	0
VSX_USD	2018-07-25	0.007524	0.007656	0.007783	0.007130	0
VSX_USD	2018-07-24	0.007656	0.006865	0.007770	0.006846	0
VSX_USD	2018-07-23	0.006865	0.007290	0.007343	0.006808	0
VSX_USD	2018-07-22	0.007290	0.007292	0.007822	0.007196	0
VSX_USD	2018-07-21	0.007292	0.007772	0.007813	0.007201	0
VSX_USD	2018-07-20	0.007772	0.007586	0.007772	0.007169	0
VSX_USD	2018-07-19	0.007586	0.007219	0.007669	0.007120	0
VSX_USD	2018-07-18	0.007219	0.007393	0.008030	0.007141	0
VSX_USD	2018-07-17	0.007393	0.006231	0.007594	0.006145	0
VSX_USD	2018-07-16	0.006231	0.005775	0.006242	0.005730	0
VSX_USD	2018-07-15	0.005775	0.006688	0.006775	0.005651	0
VSX_USD	2018-07-14	0.006688	0.006002	0.007156	0.004318	0
VSX_USD	2018-07-13	0.006002	0.005889	0.006381	0.005807	0
VSX_USD	2018-07-12	0.005889	0.006473	0.006473	0.005625	0
VSX_USD	2018-07-11	0.006473	0.006490	0.006593	0.006385	0
VSX_USD	2018-07-10	0.006490	0.007326	0.007348	0.006457	0
VSX_USD	2018-07-09	0.007326	0.007278	0.007422	0.007204	0
VSX_USD	2018-07-08	0.007278	0.007573	0.007606	0.007116	0
VSX_USD	2018-07-07	0.007573	0.007592	0.008049	0.006980	0
VSX_USD	2018-07-06	0.007592	0.006540	0.007613	0.005802	0
VSX_USD	2018-07-05	0.006540	0.008567	0.008673	0.006376	0
VSX_USD	2018-07-04	0.008567	0.018102	0.018261	0.007671	0
VSX_USD	2018-07-03	0.018102	0.018430	0.018575	0.000242	0
VSX_USD	2018-07-02	0.018430	0.017682	0.018588	0.000000	0
VSX_USD	2018-07-01	0.017684	0.017800	0.017912	0.017463	0
VSX_USD	2018-06-30	0.017800	0.017275	0.018148	0.017275	0
VSX_USD	2018-06-29	0.017290	0.016290	0.017470	0.016153	0
VSX_USD	2018-06-28	0.016317	0.017082	0.017169	0.016236	0
VSX_USD	2018-06-27	0.017081	0.016894	0.017209	0.016679	0
VSX_USD	2018-06-26	0.016948	0.017408	0.017472	0.016857	0
VSX_USD	2018-06-25	0.017397	0.017117	0.017587	0.016939	0
VSX_USD	2018-06-24	0.017122	0.017155	0.017375	0.016080	0
VSX_USD	2018-06-23	0.017133	0.016828	0.017403	0.016754	0
VSX_USD	2018-06-22	0.016828	0.018698	0.018745	0.016533	0
VSX_USD	2018-06-21	0.018697	0.018827	0.018899	0.018634	0
VSX_USD	2018-06-20	0.018828	0.018750	0.018970	0.018271	0
VSX_USD	2018-06-19	0.018771	0.018691	0.019015	0.018575	0
VSX_USD	2018-06-18	0.018685	0.017944	0.018899	0.017791	0
VSX_USD	2018-06-17	0.017929	0.018066	0.018297	0.017899	0
VSX_USD	2018-06-16	0.018063	0.017782	0.018241	0.017629	0
VSX_USD	2018-06-15	0.017774	0.018498	0.018498	0.017714	0
VSX_USD	2018-06-14	0.018462	0.017532	0.018654	0.017469	0
VSX_USD	2018-06-13	0.017522	0.018225	0.018396	0.017066	0
VSX_USD	2018-06-12	0.018220	0.019134	0.019134	0.017938	0
VSX_USD	2018-06-11	0.019143	0.018820	0.019208	0.018489	0
VSX_USD	2018-06-10	0.018799	0.020883	0.020883	0.018496	0
VSX_USD	2018-06-09	0.020878	0.021208	0.021403	0.020808	0
VSX_USD	2018-06-08	0.021208	0.021405	0.021435	0.021010	0
VSX_USD	2018-06-07	0.021414	0.021316	0.021600	0.021294	0
VSX_USD	2018-06-06	0.021315	0.021244	0.021432	0.020874	0
VSX_USD	2018-06-05	0.021226	0.020857	0.021365	0.020533	0
VSX_USD	2018-06-04	0.020872	0.021514	0.021603	0.020770	0
VSX_USD	2018-06-03	0.021495	0.021256	0.021655	0.021166	0
VSX_USD	2018-06-02	0.021272	0.020963	0.021415	0.020760	0
VSX_USD	2018-06-01	0.020946	0.020848	0.021165	0.020473	0
VSX_USD	2018-05-31	0.020850	0.020531	0.021165	0.020436	0
VSX_USD	2018-05-30	0.020540	0.020791	0.021048	0.020276	0
VSX_USD	2018-05-29	0.020766	0.019785	0.020945	0.019630	0
VSX_USD	2018-05-28	0.019773	0.020450	0.020693	0.019688	0
VSX_USD	2018-05-27	0.020441	0.020412	0.020574	0.020114	0
VSX_USD	2018-05-26	0.020407	0.020767	0.021207	0.020299	0
VSX_USD	2018-05-25	0.020770	0.021099	0.021298	0.020420	0
VSX_USD	2018-05-24	0.021090	0.020897	0.021490	0.020231	0
VSX_USD	2018-05-23	0.020913	0.022216	0.022335	0.020742	0
VSX_USD	2018-05-22	0.022224	0.023381	0.023408	0.022139	0
VSX_USD	2018-05-21	0.023381	0.023737	0.023798	0.023291	0
VSX_USD	2018-05-20	0.023737	0.022948	0.023904	0.022758	0
VSX_USD	2018-05-19	0.022948	0.022945	0.023371	0.022680	0
VSX_USD	2018-05-18	0.022945	0.022435	0.023044	0.022079	0
VSX_USD	2018-05-17	0.022464	0.023250	0.023572	0.022267	0
VSX_USD	2018-05-16	0.023230	0.023578	0.023640	0.022569	0
VSX_USD	2018-05-15	0.023578	0.024136	0.024582	0.023465	0
VSX_USD	2018-05-14	0.024138	0.024184	0.024726	0.023053	0
VSX_USD	2018-05-13	0.024184	0.023602	0.024377	0.023194	0
VSX_USD	2018-05-12	0.023549	0.023373	0.024026	0.022855	0
VSX_USD	2018-05-11	0.023373	0.025117	0.025117	0.023242	0
VSX_USD	2018-05-10	0.025117	0.025951	0.026151	0.025074	0
VSX_USD	2018-05-09	0.025951	0.025579	0.026098	0.025009	0
VSX_USD	2018-05-08	0.025579	0.026065	0.026153	0.000003	0
VSX_USD	2018-05-07	0.026259	0.026900	0.026947	0.025621	0
VSX_USD	2018-05-06	0.026900	0.027474	0.027750	0.026331	0
VSX_USD	2018-05-05	0.027441	0.027036	0.027811	0.026976	0
VSX_USD	2018-05-04	0.027036	0.027197	0.027325	0.026630	0
VSX_USD	2018-05-03	0.027197	0.025720	0.027395	0.025546	0
VSX_USD	2018-05-02	0.025720	0.025249	0.025816	0.025009	0
VSX_USD	2018-05-01	0.025272	0.025723	0.025730	0.024609	0
VSX_USD	2018-04-30	0.025723	0.026175	0.026318	0.025387	0
VSX_USD	2018-04-29	0.026175	0.026011	0.026625	0.025579	0
VSX_USD	2018-04-28	0.026011	0.024868	0.026274	0.024709	0
VSX_USD	2018-04-27	0.024868	0.025888	0.026126	0.024797	0
VSX_USD	2018-04-26	0.025888	0.024718	0.025921	0.024131	0
VSX_USD	2018-04-25	0.024718	0.026877	0.027168	0.024464	0
VSX_USD	2018-04-24	0.026939	0.024897	0.027120	0.024871	0
VSX_USD	2018-04-23	0.024897	0.024507	0.025081	0.024432	0
VSX_USD	2018-04-22	0.024507	0.024826	0.025138	0.024376	0
VSX_USD	2018-04-21	0.024826	0.024705	0.025147	0.024004	0
VSX_USD	2018-04-20	0.024705	0.023045	0.024871	0.022907	0
VSX_USD	2018-04-19	0.023045	0.022744	0.023106	0.022585	0
VSX_USD	2018-04-18	0.022744	0.021974	0.022903	0.021933	0
VSX_USD	2018-04-17	0.021974	0.022436	0.022740	0.021799	0
VSX_USD	2018-04-16	0.022436	0.023274	0.023407	0.022005	0
VSX_USD	2018-04-15	0.023274	0.022294	0.023455	0.022289	0
VSX_USD	2018-04-14	0.022294	0.021943	0.022785	0.021785	0
VSX_USD	2018-04-13	0.021943	0.022035	0.022907	0.021606	0
VSX_USD	2018-04-12	0.022035	0.019334	0.022456	0.018830	0
VSX_USD	2018-04-11	0.019334	0.019049	0.019418	0.018925	0
VSX_USD	2018-04-10	0.019049	0.018830	0.019188	0.018528	0
VSX_USD	2018-04-09	0.018824	0.019536	0.020006	0.018417	0
VSX_USD	2018-04-08	0.019536	0.019182	0.019792	0.019171	0
VSX_USD	2018-04-07	0.019182	0.018421	0.019671	0.018380	0
VSX_USD	2018-04-06	0.018421	0.018832	0.019061	0.018126	0
VSX_USD	2018-04-05	0.018832	0.018901	0.019236	0.018303	0
VSX_USD	2018-04-04	0.018901	0.020622	0.020656	0.018649	0
VSX_USD	2018-04-03	0.020622	0.019642	0.020910	0.019551	0
VSX_USD	2018-04-02	0.019642	0.018966	0.019818	0.018867	0
VSX_USD	2018-04-01	0.018966	0.019287	0.019578	0.017921	0
VSX_USD	2018-03-31	0.019287	0.019051	0.020113	0.018919	0
VSX_USD	2018-03-30	0.019051	0.019752	0.020213	0.018321	0
VSX_USD	2018-03-29	0.019752	0.022115	0.022174	0.019199	0
VSX_USD	2018-03-28	0.022115	0.021678	0.022571	0.021527	0
VSX_USD	2018-03-27	0.021678	0.022628	0.022854	0.021559	0
VSX_USD	2018-03-26	0.022628	0.023520	0.023652	0.021859	0
VSX_USD	2018-03-25	0.023520	0.023690	0.024110	0.023321	0
VSX_USD	2018-03-24	0.023690	0.024793	0.025092	0.023664	0
VSX_USD	2018-03-23	0.024793	0.024277	0.024795	0.023041	0
VSX_USD	2018-03-22	0.024277	0.024786	0.025304	0.023614	0
VSX_USD	2018-03-21	0.024786	0.024775	0.025527	0.024396	0
VSX_USD	2018-03-20	0.024775	0.023951	0.025133	0.023156	0
VSX_USD	2018-03-19	0.023951	0.022858	0.024226	0.022593	0
VSX_USD	2018-03-18	0.022858	0.021919	0.023018	0.020395	0
VSX_USD	2018-03-17	0.021919	0.023093	0.023228	0.021584	0
VSX_USD	2018-03-16	0.023093	0.022988	0.023924	0.022012	0
VSX_USD	2018-03-15	0.022988	0.022794	0.023405	0.021389	0
VSX_USD	2018-03-14	0.022794	0.025578	0.026188	0.022066	0
VSX_USD	2018-03-13	0.025578	0.027633	0.027775	0.023694	0
VSX_USD	2018-03-12	0.027633	0.031289	0.032907	0.027451	0
VSX_USD	2018-03-11	0.031289	0.028850	0.031945	0.026683	0
VSX_USD	2018-03-10	0.028850	0.031440	0.031812	0.028366	0
VSX_USD	2018-03-09	0.031440	0.027199	0.031793	0.024802	0
VSX_USD	2018-03-08	0.027199	0.024506	0.030101	0.024458	0
VSX_USD	2018-03-07	0.024506	0.028147	0.028989	0.022408	0
VSX_USD	2018-03-06	0.028147	0.030327	0.031204	0.027352	0
VSX_USD	2018-03-05	0.030327	0.029344	0.031827	0.027672	0
VSX_USD	2018-03-04	0.029344	0.031046	0.031888	0.028845	0
VSX_USD	2018-03-03	0.031046	0.030978	0.036058	0.028687	0
VSX_USD	2018-03-02	0.031002	0.027917	0.035292	0.027793	0
