WA_USD	2019-01-27	0.07936	0.07936	0.07936	0.07936	0
WA_USD	2019-01-26	0.07936	0.07936	0.07936	0.07936	0
WA_USD	2019-01-25	0.07936	0.07936	0.07936	0.07936	0
WA_USD	2019-01-24	0.07936	0.07936	0.07936	0.07936	0
WA_USD	2019-01-23	0.07936	0.07936	0.07936	0.07936	0
WA_USD	2019-01-22	0.07936	0.07936	0.07936	0.07936	0
WA_USD	2019-01-21	0.07936	0.07936	0.07936	0.07936	0
WA_USD	2019-01-20	0.07936	0.07936	0.07936	0.07936	0
WA_USD	2019-01-19	0.07936	0.07936	0.07936	0.07936	0
WA_USD	2019-01-18	0.07936	0.07936	0.07936	0.07936	0
WA_USD	2019-01-17	0.07936	0.07936	0.07936	0.07936	0
WA_USD	2019-01-16	0.07936	0.07936	0.07936	0.07936	0
WA_USD	2019-01-15	0.07936	0.07936	0.07936	0.07936	0
WA_USD	2019-01-14	0.07936	0.07871	0.07953	0.07846	0
WA_USD	2019-01-13	0.07871	0.08114	0.08150	0.07828	0
WA_USD	2019-01-12	0.08114	0.08141	0.08183	0.08044	0
WA_USD	2019-01-11	0.08141	0.08137	0.08259	0.08035	0
WA_USD	2019-01-10	0.08137	0.08949	0.09064	0.08080	0
WA_USD	2019-01-09	0.08949	0.08830	0.09119	0.08807	0
WA_USD	2019-01-08	0.08830	0.08861	0.09064	0.08743	0
WA_USD	2019-01-07	0.08861	0.08986	0.09040	0.08786	0
WA_USD	2019-01-06	0.08986	0.08426	0.16851	0.08375	0
WA_USD	2019-01-05	0.08426	0.08524	0.08647	0.08410	0
WA_USD	2019-01-04	0.08524	0.08445	0.08585	0.08314	0
WA_USD	2019-01-03	0.08445	0.08724	0.08735	0.08407	0
WA_USD	2019-01-02	0.08724	0.08526	0.08772	0.08444	0
WA_USD	2019-01-01	0.08526	0.08251	0.08575	0.08162	0
WA_USD	2018-12-31	0.08251	0.08558	0.08579	0.08146	0
WA_USD	2018-12-30	0.08558	0.08363	0.08593	0.08284	0
WA_USD	2018-12-29	0.08363	0.08695	0.08805	0.08332	0
WA_USD	2018-12-28	0.08695	0.08000	0.08798	0.07963	0
WA_USD	2018-12-27	0.08000	0.08960	0.09033	0.07944	0
WA_USD	2018-12-26	0.08960	0.08904	0.09097	0.08692	0
WA_USD	2018-12-25	0.08904	0.09451	0.09466	0.08711	0
WA_USD	2018-12-24	0.09451	0.09282	0.09995	0.09282	0
WA_USD	2018-12-23	0.09282	0.09407	0.09599	0.09206	0
WA_USD	2018-12-22	0.09407	0.09056	0.09454	0.08937	0
WA_USD	2018-12-21	0.09056	0.09609	0.09777	0.08904	0
WA_USD	2018-12-20	0.09609	0.08687	0.09794	0.08623	0
WA_USD	2018-12-19	0.08687	0.08617	0.09210	0.08577	0
WA_USD	2018-12-18	0.08617	0.08266	0.08659	0.08094	0
WA_USD	2018-12-17	0.08266	0.07524	0.08445	0.07490	0
WA_USD	2018-12-16	0.07524	0.07534	0.07715	0.07505	0
WA_USD	2018-12-15	0.07534	0.07521	0.07608	0.07375	0
WA_USD	2018-12-14	0.07521	0.07681	0.07762	0.07395	0
WA_USD	2018-12-13	0.07681	0.08107	0.08121	0.07631	0
WA_USD	2018-12-12	0.08107	0.08275	0.08445	0.08022	0
WA_USD	2018-12-11	0.08349	0.08548	0.08576	0.08196	0
WA_USD	2018-12-10	0.08548	0.08985	0.09086	0.08257	0
WA_USD	2018-12-09	0.08985	0.08653	0.09346	0.08576	0
WA_USD	2018-12-08	0.08653	0.08650	0.08853	0.08028	0
WA_USD	2018-12-07	0.08650	0.09501	0.09534	0.08019	0
WA_USD	2018-12-06	0.09501	0.14826	0.16325	0.08568	0
WA_USD	2018-12-05	0.14826	0.16974	0.16974	0.12761	0
WA_USD	2018-12-04	0.16974	0.15578	0.18638	0.15041	0
WA_USD	2018-12-03	0.15578	0.16050	0.18090	0.15449	0
WA_USD	2018-12-02	0.16050	0.17487	0.17942	0.16033	0
WA_USD	2018-12-01	0.17487	0.17183	0.17871	0.16207	0
WA_USD	2018-11-30	0.17183	0.18623	0.18665	0.16876	0
WA_USD	2018-11-29	0.18623	0.19638	0.20319	0.18590	0
WA_USD	2018-11-28	0.19638	0.14386	0.19709	0.14386	0
WA_USD	2018-11-27	0.14386	0.14316	0.14602	0.13784	0
WA_USD	2018-11-26	0.14316	0.15094	0.15427	0.13583	0
WA_USD	2018-11-25	0.15094	0.14527	0.15525	0.13291	0
WA_USD	2018-11-24	0.14527	0.17755	0.18067	0.14174	0
WA_USD	2018-11-23	0.17755	0.14894	0.19790	0.14302	0
WA_USD	2018-11-22	0.14894	0.16197	0.16384	0.14894	0
WA_USD	2018-11-21	0.16197	0.16161	0.16808	0.15602	0
WA_USD	2018-11-20	0.16161	0.17357	0.17737	0.15208	0
WA_USD	2018-11-19	0.17357	0.20023	0.20023	0.17192	0
WA_USD	2018-11-18	0.20023	0.20397	0.20592	0.19921	0
WA_USD	2018-11-17	0.20397	0.20842	0.20842	0.20284	0
WA_USD	2018-11-16	0.20842	0.21971	0.21991	0.20287	0
WA_USD	2018-11-15	0.21971	0.23039	0.23361	0.20787	0
WA_USD	2018-11-14	0.23039	0.29791	0.29851	0.22676	0
WA_USD	2018-11-13	0.29791	0.33492	0.33492	0.27067	0
WA_USD	2018-11-12	0.33492	0.23333	0.35434	0.22650	0
WA_USD	2018-11-11	0.23333	0.17136	0.31141	0.16176	0
WA_USD	2018-11-10	0.17136	0.15367	0.17136	0.13196	0
WA_USD	2018-11-09	0.15367	0.18467	0.19159	0.15113	0
WA_USD	2018-11-08	0.18467	0.20030	0.20030	0.18467	0
WA_USD	2018-11-07	0.20030	0.15399	0.22674	0.15375	0
WA_USD	2018-11-06	0.15399	0.15399	0.15526	0.14779	0
WA_USD	2018-11-05	0.15399	0.13771	0.19173	0.13703	0
WA_USD	2018-11-04	0.13771	0.14443	0.15300	0.13688	0
WA_USD	2018-11-03	0.14443	0.14830	0.14852	0.14323	0
WA_USD	2018-11-02	0.14830	0.14822	0.14952	0.14594	0
WA_USD	2018-11-01	0.14822	0.14685	0.14962	0.14597	0
WA_USD	2018-10-31	0.14685	0.14831	0.14914	0.14452	0
WA_USD	2018-10-30	0.14831	0.14036	0.15019	0.14036	0
WA_USD	2018-10-29	0.14036	0.13652	0.14036	0.12888	0
WA_USD	2018-10-28	0.13652	0.14427	0.14485	0.13591	0
WA_USD	2018-10-27	0.14427	0.14650	0.15351	0.14171	0
WA_USD	2018-10-26	0.14650	0.13712	0.14657	0.13179	0
WA_USD	2018-10-25	0.13712	0.13285	0.14771	0.13231	0
WA_USD	2018-10-24	0.13285	0.13205	0.13593	0.13145	0
WA_USD	2018-10-23	0.13205	0.14287	0.14313	0.12926	0
WA_USD	2018-10-22	0.14287	0.14830	0.14856	0.13965	0
WA_USD	2018-10-21	0.14830	0.14557	0.15290	0.14471	0
WA_USD	2018-10-20	0.14557	0.14405	0.15332	0.14221	0
WA_USD	2018-10-19	0.14405	0.14602	0.14633	0.14165	0
WA_USD	2018-10-18	0.14602	0.14531	0.15538	0.14387	0
WA_USD	2018-10-17	0.14531	0.18598	0.18598	0.14426	0
WA_USD	2018-10-16	0.18598	0.18277	0.19125	0.17999	0
WA_USD	2018-10-15	0.18277	0.19307	0.20451	0.16552	0
WA_USD	2018-10-14	0.19307	0.19112	0.19363	0.18454	0
WA_USD	2018-10-13	0.19112	0.17963	0.19559	0.17938	0
WA_USD	2018-10-12	0.17963	0.19783	0.20117	0.17929	0
WA_USD	2018-10-11	0.19783	0.20733	0.20824	0.19203	0
WA_USD	2018-10-10	0.20733	0.20566	0.20999	0.19830	0
WA_USD	2018-10-09	0.20566	0.18562	0.20910	0.18118	0
WA_USD	2018-10-08	0.18562	0.20173	0.20357	0.18516	0
WA_USD	2018-10-07	0.20173	0.22452	0.22509	0.20036	0
WA_USD	2018-10-06	0.22452	0.24064	0.24064	0.22436	0
WA_USD	2018-10-05	0.24064	0.23586	0.26943	0.23015	0
WA_USD	2018-10-04	0.23586	0.22871	0.27039	0.21291	0
WA_USD	2018-10-03	0.22871	0.21995	0.23516	0.21057	0
WA_USD	2018-10-02	0.21995	0.18674	0.23794	0.18670	0
WA_USD	2018-10-01	0.18674	0.16296	0.19309	0.16134	0
WA_USD	2018-09-30	0.16296	0.15399	0.16596	0.14663	0
WA_USD	2018-09-29	0.15399	0.15735	0.16252	0.14653	0
WA_USD	2018-09-28	0.15735	0.15097	0.21442	0.13483	0
WA_USD	2018-09-27	0.15097	0.15380	0.16227	0.14074	0
WA_USD	2018-09-26	0.15380	0.17116	0.17248	0.15331	0
WA_USD	2018-09-25	0.17116	0.20931	0.20931	0.12261	0
WA_USD	2018-09-24	0.20931	0.21331	0.21365	0.20836	0
WA_USD	2018-09-23	0.21331	0.21373	0.21560	0.21188	0
WA_USD	2018-09-22	0.21373	0.21526	0.21743	0.21117	0
WA_USD	2018-09-21	0.21526	0.20662	0.21549	0.20648	0
WA_USD	2018-09-20	0.20662	0.20316	0.20740	0.20207	0
WA_USD	2018-09-19	0.20316	0.20160	0.20560	0.19433	0
WA_USD	2018-09-18	0.20160	0.19881	0.20286	0.19802	0
WA_USD	2018-09-17	0.19881	0.20655	0.20761	0.19748	0
WA_USD	2018-09-16	0.20655	0.20724	0.20724	0.20280	0
WA_USD	2018-09-15	0.20724	0.20620	0.20879	0.20576	0
WA_USD	2018-09-14	0.20620	0.20583	0.20934	0.20257	0
WA_USD	2018-09-13	0.20583	0.20141	0.20735	0.20132	0
WA_USD	2018-09-12	0.20141	0.19993	0.20183	0.19716	0
WA_USD	2018-09-11	0.19993	0.20050	0.20295	0.19643	0
WA_USD	2018-09-10	0.20050	0.19833	0.20171	0.19833	0
WA_USD	2018-09-09	0.19833	0.19659	0.20398	0.19567	0
WA_USD	2018-09-08	0.19659	0.20355	0.20581	0.19516	0
WA_USD	2018-09-07	0.20355	0.20705	0.20766	0.20104	0
WA_USD	2018-09-06	0.20705	0.21309	0.21361	0.20060	0
WA_USD	2018-09-05	0.21309	0.23571	0.23685	0.21296	0
WA_USD	2018-09-04	0.23571	0.23286	0.23735	0.23210	0
WA_USD	2018-09-03	0.23286	0.23351	0.23498	0.23062	0
WA_USD	2018-09-02	0.23351	0.23053	0.23532	0.22861	0
WA_USD	2018-09-01	0.23053	0.22506	0.23255	0.22487	0
WA_USD	2018-08-31	0.22506	0.22402	0.22690	0.22085	0
WA_USD	2018-08-30	0.22402	0.22570	0.22613	0.21801	0
WA_USD	2018-08-29	0.22570	0.22672	0.22829	0.22191	0
WA_USD	2018-08-28	0.22672	0.22110	0.22828	0.22011	0
WA_USD	2018-08-27	0.22110	0.21487	0.22136	0.21330	0
WA_USD	2018-08-26	0.21487	0.21585	0.21720	0.21079	0
WA_USD	2018-08-25	0.21585	0.21442	0.21755	0.21364	0
WA_USD	2018-08-24	0.21442	0.20906	0.21540	0.20700	0
WA_USD	2018-08-23	0.20906	0.20355	0.21030	0.20340	0
WA_USD	2018-08-22	0.20355	0.20733	0.21973	0.20028	0
WA_USD	2018-08-21	0.20733	0.20016	0.20798	0.20000	0
WA_USD	2018-08-20	0.20016	0.20752	0.20866	0.19936	0
WA_USD	2018-08-19	0.20752	0.20450	0.20927	0.20190	0
WA_USD	2018-08-18	0.20450	0.21084	0.21153	0.20175	0
WA_USD	2018-08-17	0.21084	0.20197	0.21084	0.20137	0
WA_USD	2018-08-16	0.20197	0.20068	0.20713	0.19927	0
WA_USD	2018-08-15	0.20068	0.19297	0.21166	0.19285	0
WA_USD	2018-08-14	0.19297	0.19475	0.19475	0.18336	0
WA_USD	2018-08-13	0.19475	0.20047	0.20410	0.19189	0
WA_USD	2018-08-12	0.20047	0.19495	0.20944	0.19142	0
WA_USD	2018-08-11	0.19495	0.20468	0.20578	0.18503	0
WA_USD	2018-08-10	0.20468	0.21790	0.24939	0.18788	0
WA_USD	2018-08-09	0.21790	0.21483	0.22367	0.20488	0
WA_USD	2018-08-08	0.21483	0.24584	0.24756	0.20634	0
WA_USD	2018-08-07	0.24584	0.25840	0.26938	0.24335	0
WA_USD	2018-08-06	0.25840	0.25162	0.27520	0.25038	0
WA_USD	2018-08-05	0.25162	0.24678	0.25254	0.24276	0
WA_USD	2018-08-04	0.24678	0.25886	0.26272	0.24123	0
WA_USD	2018-08-03	0.25886	0.25850	0.26292	0.24954	0
WA_USD	2018-08-02	0.25850	0.27977	0.28677	0.25257	0
WA_USD	2018-08-01	0.27977	0.25954	0.31700	0.24611	0
WA_USD	2018-07-31	0.25954	0.27888	0.28135	0.24058	0
WA_USD	2018-07-30	0.27888	0.29023	0.29650	0.27109	0
WA_USD	2018-07-29	0.29023	0.29986	0.30212	0.28854	0
WA_USD	2018-07-28	0.29986	0.29730	0.30262	0.29602	0
WA_USD	2018-07-27	0.29730	0.30798	0.31012	0.29536	0
WA_USD	2018-07-26	0.30798	0.30503	0.31911	0.29833	0
WA_USD	2018-07-25	0.30503	0.33997	0.34707	0.29562	0
WA_USD	2018-07-24	0.33997	0.32108	0.35123	0.31128	0
WA_USD	2018-07-23	0.32108	0.34135	0.36154	0.31878	0
WA_USD	2018-07-22	0.34135	0.36532	0.36646	0.33355	0
WA_USD	2018-07-21	0.36532	0.37553	0.38039	0.35078	0
WA_USD	2018-07-20	0.37553	0.38773	0.40567	0.36787	0
WA_USD	2018-07-19	0.38773	0.36739	0.39207	0.36078	0
WA_USD	2018-07-18	0.36739	0.38887	0.39360	0.36481	0
WA_USD	2018-07-17	0.38887	0.40654	0.43716	0.37118	0
WA_USD	2018-07-16	0.40654	0.41187	0.42585	0.38095	0
WA_USD	2018-07-15	0.41187	0.42147	0.43382	0.40287	0
WA_USD	2018-07-14	0.42147	0.42610	0.43939	0.42103	0
WA_USD	2018-07-13	0.42610	0.42180	0.47297	0.42060	0
WA_USD	2018-07-12	0.42180	0.42734	0.45008	0.41197	0
WA_USD	2018-07-11	0.42734	0.46129	0.46841	0.41981	0
WA_USD	2018-07-10	0.46129	0.50357	0.50508	0.45856	0
WA_USD	2018-07-09	0.50357	0.52778	0.53030	0.50177	0
WA_USD	2018-07-08	0.52778	0.51504	0.56777	0.47255	0
WA_USD	2018-07-07	0.51504	0.55785	0.57527	0.49023	0
WA_USD	2018-07-06	0.55785	0.56720	0.60025	0.55109	0
WA_USD	2018-07-05	0.56720	0.51995	0.59747	0.51330	0
WA_USD	2018-07-04	0.51995	0.51275	0.55678	0.50052	0
WA_USD	2018-07-03	0.51275	0.51749	0.56962	0.00677	0
WA_USD	2018-07-02	0.51749	0.64100	0.64117	0.00001	0
WA_USD	2018-07-01	0.64106	0.65286	0.69230	0.62860	0
WA_USD	2018-06-30	0.65235	0.46120	0.66710	0.46120	0
WA_USD	2018-06-29	0.46158	0.37284	0.47336	0.36789	0
WA_USD	2018-06-28	0.37344	0.36952	0.39433	0.36563	0
WA_USD	2018-06-27	0.36949	0.36630	0.37227	0.36112	0
WA_USD	2018-06-26	0.36746	0.38035	0.38223	0.36550	0
WA_USD	2018-06-25	0.38010	0.37214	0.38771	0.36830	0
WA_USD	2018-06-24	0.37226	0.37246	0.37837	0.35062	0
WA_USD	2018-06-23	0.37198	0.35934	0.37869	0.35848	0
WA_USD	2018-06-22	0.35935	0.39296	0.39455	0.35305	0
WA_USD	2018-06-21	0.39294	0.39465	0.39885	0.39029	0
WA_USD	2018-06-20	0.39467	0.39701	0.40085	0.37222	0
WA_USD	2018-06-19	0.39911	0.37279	0.40743	0.36528	0
WA_USD	2018-06-18	0.37273	0.37379	0.38639	0.35147	0
WA_USD	2018-06-17	0.36985	0.34767	0.37830	0.34378	0
WA_USD	2018-06-16	0.34761	0.35417	0.39019	0.33612	0
WA_USD	2018-06-15	0.35401	0.37702	0.37738	0.35319	0
WA_USD	2018-06-14	0.37730	0.38491	0.39208	0.36190	0
WA_USD	2018-06-13	0.38469	0.31915	0.45648	0.30345	0
WA_USD	2018-06-12	0.31907	0.33311	0.34075	0.31548	0
WA_USD	2018-06-11	0.33327	0.31184	0.35385	0.30821	0
WA_USD	2018-06-10	0.31131	0.35239	0.35239	0.30763	0
WA_USD	2018-06-09	0.35230	0.35361	0.37049	0.34493	0
WA_USD	2018-06-08	0.35361	0.36296	0.36296	0.35019	0
WA_USD	2018-06-07	0.36311	0.38541	0.39264	0.35380	0
WA_USD	2018-06-06	0.38539	0.38495	0.38908	0.37526	0
WA_USD	2018-06-05	0.38463	0.46443	0.46847	0.34099	0
WA_USD	2018-06-04	0.46477	0.31831	0.68563	0.29069	0
WA_USD	2018-06-03	0.31802	0.31973	0.32327	0.31589	0
WA_USD	2018-06-02	0.31984	0.32077	0.32758	0.31792	0
WA_USD	2018-06-01	0.32074	0.32369	0.32411	0.31217	0
WA_USD	2018-05-31	0.32364	0.31901	0.33074	0.30469	0
WA_USD	2018-05-30	0.31923	0.34456	0.34586	0.31425	0
WA_USD	2018-05-29	0.34415	0.33049	0.34918	0.32790	0
WA_USD	2018-05-28	0.33028	0.34533	0.34951	0.32976	0
WA_USD	2018-05-27	0.34526	0.34887	0.34935	0.33832	0
WA_USD	2018-05-26	0.34879	0.34062	0.37584	0.33551	0
WA_USD	2018-05-25	0.34072	0.37452	0.37608	0.33918	0
WA_USD	2018-05-24	0.37436	0.37160	0.38165	0.35861	0
WA_USD	2018-05-23	0.37189	0.40360	0.40575	0.36762	0
WA_USD	2018-05-22	0.40367	0.42136	0.42275	0.40220	0
WA_USD	2018-05-21	0.42136	0.42125	0.42332	0.41784	0
WA_USD	2018-05-20	0.42125	0.40223	0.42657	0.39981	0
WA_USD	2018-05-19	0.40223	0.40227	0.41095	0.39883	0
WA_USD	2018-05-18	0.40227	0.39915	0.40765	0.39269	0
WA_USD	2018-05-17	0.39967	0.41207	0.42267	0.39605	0
WA_USD	2018-05-16	0.41172	0.38279	0.41803	0.36774	0
WA_USD	2018-05-15	0.38279	0.37309	0.39642	0.37208	0
WA_USD	2018-05-14	0.37307	0.33553	0.41769	0.32606	0
WA_USD	2018-05-13	0.33553	0.31743	0.33852	0.31184	0
WA_USD	2018-05-12	0.31281	0.30594	0.32344	0.30356	0
WA_USD	2018-05-11	0.30594	0.36368	0.36368	0.30264	0
WA_USD	2018-05-10	0.36368	0.38023	0.39886	0.36305	0
WA_USD	2018-05-09	0.38023	0.38653	0.39730	0.37542	0
WA_USD	2018-05-08	0.38678	0.38966	0.39721	0.00004	0
WA_USD	2018-05-07	0.43405	0.49208	0.49294	0.40820	0
WA_USD	2018-05-06	0.49203	0.62805	0.63639	0.47512	0
WA_USD	2018-05-05	0.60035	0.64906	0.65329	0.58203	0
WA_USD	2018-05-04	0.64906	0.69336	0.70230	0.54643	0
WA_USD	2018-05-03	0.69377	0.67071	0.69885	0.66048	0
WA_USD	2018-05-02	0.67071	0.65236	0.68692	0.64158	0
WA_USD	2018-05-01	0.65467	0.68643	0.71224	0.63243	0
WA_USD	2018-04-30	0.69128	0.68003	0.71488	0.64993	0
WA_USD	2018-04-29	0.68003	0.75222	0.77003	0.66270	0
WA_USD	2018-04-28	0.75222	0.74426	0.76766	0.73776	0
WA_USD	2018-04-27	0.74426	0.78718	0.78718	0.73677	0
WA_USD	2018-04-26	0.78725	0.63003	0.78821	0.61373	0
WA_USD	2018-04-25	0.63003	0.75820	0.75857	0.62326	0
WA_USD	2018-04-24	0.75996	0.72367	0.76990	0.70483	0
WA_USD	2018-04-23	0.72367	0.70679	0.73331	0.70449	0
WA_USD	2018-04-22	0.70679	0.73681	0.76248	0.67212	0
WA_USD	2018-04-21	0.73681	0.78812	0.80422	0.72049	0
WA_USD	2018-04-20	0.78812	0.77298	0.81640	0.75341	0
WA_USD	2018-04-19	0.77298	0.73132	0.78590	0.71000	0
WA_USD	2018-04-18	0.73132	0.71307	0.74258	0.71066	0
WA_USD	2018-04-17	0.71307	0.77677	0.78280	0.70585	0
WA_USD	2018-04-16	0.77677	0.77018	0.83034	0.69400	0
WA_USD	2018-04-15	0.77018	0.80928	0.84585	0.74430	0
WA_USD	2018-04-14	0.80928	0.82418	0.86491	0.80200	0
WA_USD	2018-04-13	0.82418	0.84635	0.89513	0.81784	0
WA_USD	2018-04-12	0.84635	0.74714	0.88377	0.72029	0
WA_USD	2018-04-11	0.74760	0.72045	0.78378	0.71816	0
WA_USD	2018-04-10	0.72045	0.72705	0.75548	0.68560	0
WA_USD	2018-04-09	0.72680	0.75147	0.80711	0.69068	0
WA_USD	2018-04-08	0.75147	0.73790	0.77811	0.71056	0
WA_USD	2018-04-07	0.73790	0.71781	0.84115	0.70976	0
WA_USD	2018-04-06	0.71781	0.84069	0.88753	0.66749	0
WA_USD	2018-04-05	0.84069	0.98656	1.00017	0.69673	0
WA_USD	2018-04-04	0.98656	0.90970	1.19212	0.73133	0
WA_USD	2018-04-03	0.90970	0.87905	0.94282	0.80376	0
WA_USD	2018-04-02	0.87905	0.75310	0.89795	0.74458	0
WA_USD	2018-04-01	0.75310	0.72043	0.80181	0.69013	0
WA_USD	2018-03-31	0.72043	0.73531	0.80068	0.71424	0
WA_USD	2018-03-30	0.73531	0.75855	0.80794	0.65400	0
WA_USD	2018-03-29	0.75855	0.86901	0.86969	0.72074	0
WA_USD	2018-03-28	0.86901	0.84993	0.89562	0.80987	0
WA_USD	2018-03-27	0.84993	0.90758	0.94169	0.83255	0
WA_USD	2018-03-26	0.90987	0.87797	0.96344	0.83408	0
WA_USD	2018-03-25	0.87797	1.00345	1.00567	0.85001	0
WA_USD	2018-03-24	1.00345	0.96622	1.08463	0.91072	0
WA_USD	2018-03-23	0.96622	0.97259	1.00302	0.84713	0
WA_USD	2018-03-22	0.97259	0.91696	1.02620	0.83745	0
WA_USD	2018-03-21	0.91696	0.92274	1.08715	0.84884	0
WA_USD	2018-03-20	0.92274	0.98452	1.00504	0.83910	0
WA_USD	2018-03-19	0.98452	1.01506	1.05772	0.87173	0
WA_USD	2018-03-18	1.01506	1.05092	1.08462	0.85635	0
WA_USD	2018-03-17	1.05092	1.01613	1.11231	0.91640	0
WA_USD	2018-03-16	1.01613	0.93987	1.08357	0.88369	0
WA_USD	2018-03-15	0.93987	1.03659	1.05389	0.89444	0
WA_USD	2018-03-14	1.03659	0.92756	1.23592	0.85301	0
WA_USD	2018-03-13	0.92756	1.00684	1.05954	0.88557	0
WA_USD	2018-03-12	1.00684	0.93414	1.19276	0.86878	0
WA_USD	2018-03-11	0.93414	0.85912	0.95568	0.82711	0
WA_USD	2018-03-10	0.85912	0.91495	0.95225	0.85478	0
WA_USD	2018-03-09	0.91495	0.93128	0.94339	0.79603	0
WA_USD	2018-03-08	0.93128	1.02036	1.06610	0.87554	0
WA_USD	2018-03-07	1.02036	0.82795	1.44749	0.74682	0
WA_USD	2018-03-06	0.82795	0.92240	0.92240	0.81916	0
WA_USD	2018-03-05	0.92240	0.93119	0.94056	0.86059	0
WA_USD	2018-03-04	0.93119	0.97639	0.97906	0.86320	0
WA_USD	2018-03-03	0.97639	0.98120	1.02819	0.89794	0
WA_USD	2018-03-02	0.98120	1.06867	1.15663	0.97754	0
