WARP_USD	2019-04-09	0.016114	0.016387	0.016387	0.015957	0
WARP_USD	2019-04-08	0.016387	0.017625	0.017917	0.015862	0
WARP_USD	2019-04-07	0.017625	0.016993	0.017809	0.016978	0
WARP_USD	2019-04-06	0.016993	0.017007	0.017782	0.016768	0
WARP_USD	2019-04-05	0.017007	0.016532	0.017324	0.016532	0
WARP_USD	2019-04-04	0.016532	0.017799	0.018178	0.016430	0
WARP_USD	2019-04-03	0.017799	0.015707	0.019094	0.015379	0
WARP_USD	2019-04-02	0.015707	0.013331	0.016144	0.013302	0
WARP_USD	2019-04-01	0.013331	0.013280	0.013379	0.013279	0
WARP_USD	2019-03-31	0.013211	0.013140	0.013250	0.013114	0
WARP_USD	2019-03-30	0.013140	0.013728	0.013830	0.012893	0
WARP_USD	2019-03-29	0.013728	0.013424	0.013755	0.013400	0
WARP_USD	2019-03-28	0.013424	0.012820	0.013427	0.012711	0
WARP_USD	2019-03-27	0.012820	0.012414	0.012843	0.012393	0
WARP_USD	2019-03-26	0.012414	0.012267	0.012424	0.012248	0
WARP_USD	2019-03-25	0.012267	0.012448	0.012514	0.012174	0
WARP_USD	2019-03-24	0.012448	0.012474	0.012474	0.012361	0
WARP_USD	2019-03-23	0.012474	0.012187	0.012479	0.012148	0
WARP_USD	2019-03-22	0.012187	0.012175	0.012248	0.012145	0
WARP_USD	2019-03-21	0.012175	0.012423	0.012479	0.012058	0
WARP_USD	2019-03-20	0.012423	0.012446	0.012477	0.012273	0
WARP_USD	2019-03-19	0.012446	0.012343	0.012477	0.012291	0
WARP_USD	2019-03-18	0.012343	0.012329	0.012480	0.012235	0
WARP_USD	2019-03-17	0.012329	0.012331	0.012343	0.012205	0
WARP_USD	2019-03-16	0.012331	0.012049	0.012499	0.012049	0
WARP_USD	2019-03-15	0.012049	0.011889	0.012073	0.011886	0
WARP_USD	2019-03-14	0.011889	0.011883	0.012040	0.011703	0
WARP_USD	2019-03-13	0.011883	0.011882	0.011951	0.011815	0
WARP_USD	2019-03-12	0.011882	0.011875	0.011958	0.011708	0
WARP_USD	2019-03-11	0.011875	0.012018	0.012047	0.011783	0
WARP_USD	2019-03-10	0.012018	0.012066	0.012072	0.011914	0
WARP_USD	2019-03-09	0.012066	0.011841	0.012155	0.011822	0
WARP_USD	2019-03-08	0.011841	0.011914	0.012079	0.011647	0
WARP_USD	2019-03-07	0.011914	0.011874	0.012001	0.011826	0
WARP_USD	2019-03-06	0.011874	0.011870	0.011952	0.011752	0
WARP_USD	2019-03-05	0.011870	0.011457	0.011920	0.011390	0
WARP_USD	2019-03-04	0.011457	0.011673	0.011771	0.011359	0
WARP_USD	2019-03-03	0.011673	0.011759	0.011790	0.011599	0
WARP_USD	2019-03-02	0.011759	0.011770	0.011791	0.011588	0
WARP_USD	2019-03-01	0.011770	0.011706	0.011864	0.011699	0
WARP_USD	2019-02-28	0.011706	0.011605	0.011981	0.011576	0
WARP_USD	2019-02-27	0.011605	0.011598	0.011703	0.011224	0
WARP_USD	2019-02-26	0.011598	0.011614	0.011704	0.011525	0
WARP_USD	2019-02-25	0.011614	0.011403	0.011675	0.011349	0
WARP_USD	2019-02-24	0.011403	0.012468	0.012740	0.011286	0
WARP_USD	2019-02-23	0.012468	0.012134	0.012626	0.011985	0
WARP_USD	2019-02-22	0.012134	0.011970	0.012161	0.011914	0
WARP_USD	2019-02-21	0.011970	0.012121	0.012303	0.011869	0
WARP_USD	2019-02-20	0.012121	0.011914	0.012139	0.011845	0
WARP_USD	2019-02-19	0.011914	0.011838	0.012183	0.011731	0
WARP_USD	2019-02-18	0.011838	0.011207	0.011866	0.011173	0
WARP_USD	2019-02-17	0.011207	0.011029	0.011350	0.011007	0
WARP_USD	2019-02-16	0.011029	0.010992	0.011169	0.010992	0
WARP_USD	2019-02-15	0.010992	0.010972	0.011149	0.010934	0
WARP_USD	2019-02-14	0.010972	0.011007	0.011043	0.010928	0
WARP_USD	2019-02-13	0.011007	0.011064	0.011187	0.010933	0
WARP_USD	2019-02-12	0.011064	0.011025	0.011134	0.010918	0
WARP_USD	2019-02-11	0.011025	0.011222	0.011230	0.011011	0
WARP_USD	2019-02-10	0.011222	0.011136	0.011225	0.010985	0
WARP_USD	2019-02-09	0.011136	0.011154	0.011197	0.011063	0
WARP_USD	2019-02-08	0.011154	0.010291	0.011362	0.010266	0
WARP_USD	2019-02-07	0.010291	0.010339	0.010369	0.010276	0
WARP_USD	2019-02-06	0.010339	0.010519	0.010545	0.010253	0
WARP_USD	2019-02-05	0.010519	0.010454	0.010531	0.010410	0
WARP_USD	2019-02-04	0.010454	0.010488	0.010541	0.010409	0
WARP_USD	2019-02-03	0.010488	0.010677	0.010700	0.010353	0
WARP_USD	2019-02-02	0.010677	0.010613	0.010716	0.010503	0
WARP_USD	2019-02-01	0.010613	0.010491	0.010650	0.010381	0
WARP_USD	2019-01-31	0.010491	0.010571	0.010684	0.010429	0
WARP_USD	2019-01-30	0.010571	0.010434	0.010639	0.010356	0
WARP_USD	2019-01-29	0.010434	0.010503	0.010537	0.010269	0
WARP_USD	2019-01-28	0.010503	0.010791	0.010794	0.010369	0
WARP_USD	2019-01-27	0.010791	0.010899	0.010927	0.010631	0
WARP_USD	2019-01-26	0.010899	0.010887	0.011196	0.010875	0
WARP_USD	2019-01-25	0.010887	0.010956	0.010990	0.010786	0
WARP_USD	2019-01-24	0.010956	0.010860	0.011004	0.010770	0
WARP_USD	2019-01-23	0.010860	0.010899	0.011015	0.010776	0
WARP_USD	2019-01-22	0.010899	0.010618	0.011010	0.010488	0
WARP_USD	2019-01-21	0.010618	0.010776	0.010808	0.010535	0
WARP_USD	2019-01-20	0.010776	0.011351	0.011445	0.010679	0
WARP_USD	2019-01-19	0.011351	0.011101	0.011624	0.011095	0
WARP_USD	2019-01-18	0.011101	0.011254	0.011265	0.011035	0
WARP_USD	2019-01-17	0.011254	0.011124	0.011260	0.010950	0
WARP_USD	2019-01-16	0.011124	0.011078	0.011312	0.011038	0
WARP_USD	2019-01-15	0.011078	0.011360	0.011436	0.011010	0
WARP_USD	2019-01-14	0.011360	0.010919	0.011525	0.010883	0
WARP_USD	2019-01-13	0.010919	0.011329	0.011343	0.010862	0
WARP_USD	2019-01-12	0.011329	0.011423	0.011463	0.011232	0
WARP_USD	2019-01-11	0.011423	0.011436	0.011588	0.010781	0
WARP_USD	2019-01-10	0.011436	0.012577	0.012739	0.011356	0
WARP_USD	2019-01-09	0.012577	0.012667	0.012857	0.012471	0
WARP_USD	2019-01-08	0.012667	0.012692	0.013003	0.012522	0
WARP_USD	2019-01-07	0.012692	0.012869	0.012947	0.012584	0
WARP_USD	2019-01-06	0.012869	0.012068	0.024134	0.011995	0
WARP_USD	2019-01-05	0.012068	0.012227	0.012405	0.012046	0
WARP_USD	2019-01-04	0.012227	0.012095	0.012316	0.011927	0
WARP_USD	2019-01-03	0.012095	0.012515	0.012530	0.012061	0
WARP_USD	2019-01-02	0.012515	0.012250	0.012583	0.012118	0
WARP_USD	2019-01-01	0.012250	0.011855	0.012321	0.011727	0
WARP_USD	2018-12-31	0.011855	0.012276	0.012308	0.011685	0
WARP_USD	2018-12-30	0.012276	0.011997	0.012327	0.011883	0
WARP_USD	2018-12-29	0.011997	0.012514	0.012652	0.011972	0
WARP_USD	2018-12-28	0.012514	0.011494	0.012662	0.011441	0
WARP_USD	2018-12-27	0.011494	0.012163	0.012263	0.011415	0
WARP_USD	2018-12-26	0.012163	0.012087	0.012349	0.011799	0
WARP_USD	2018-12-25	0.012087	0.012850	0.012871	0.011843	0
WARP_USD	2018-12-24	0.012850	0.012620	0.013590	0.012620	0
WARP_USD	2018-12-23	0.012620	0.012810	0.013072	0.012537	0
WARP_USD	2018-12-22	0.012810	0.012333	0.012875	0.012171	0
WARP_USD	2018-12-21	0.012333	0.013086	0.013315	0.012126	0
WARP_USD	2018-12-20	0.013086	0.011887	0.013403	0.011800	0
WARP_USD	2018-12-19	0.011887	0.011678	0.012481	0.011624	0
WARP_USD	2018-12-18	0.011678	0.011311	0.011735	0.010988	0
WARP_USD	2018-12-17	0.011311	0.010263	0.011501	0.010217	0
WARP_USD	2018-12-16	0.010263	0.010256	0.010521	0.010225	0
WARP_USD	2018-12-15	0.010256	0.010254	0.010373	0.010055	0
WARP_USD	2018-12-14	0.010254	0.010506	0.010600	0.010083	0
WARP_USD	2018-12-13	0.010506	0.011106	0.011126	0.010437	0
WARP_USD	2018-12-12	0.011106	0.010745	0.011321	0.010725	0
WARP_USD	2018-12-11	0.010839	0.011086	0.011163	0.010663	0
WARP_USD	2018-12-10	0.011086	0.011538	0.011710	0.010932	0
WARP_USD	2018-12-09	0.011538	0.011184	0.011973	0.010997	0
WARP_USD	2018-12-08	0.011184	0.010151	0.011629	0.009952	0
WARP_USD	2018-12-07	0.010151	0.010532	0.011492	0.009698	0
WARP_USD	2018-12-06	0.010532	0.015556	0.015833	0.010442	0
WARP_USD	2018-12-05	0.015556	0.021205	0.031663	0.015514	0
WARP_USD	2018-12-04	0.021205	0.016470	0.038030	0.015962	0
WARP_USD	2018-12-03	0.016470	0.018739	0.018844	0.016344	0
WARP_USD	2018-12-02	0.018739	0.028322	0.028809	0.018696	0
WARP_USD	2018-12-01	0.028322	0.011711	0.040611	0.011522	0
WARP_USD	2018-11-30	0.011711	0.012504	0.012680	0.011517	0
WARP_USD	2018-11-29	0.012504	0.012509	0.012936	0.012150	0
WARP_USD	2018-11-28	0.012509	0.011284	0.012871	0.011245	0
WARP_USD	2018-11-27	0.011284	0.011204	0.011454	0.010787	0
WARP_USD	2018-11-26	0.011204	0.011966	0.012230	0.010760	0
WARP_USD	2018-11-25	0.011966	0.015604	0.015847	0.011207	0
WARP_USD	2018-11-24	0.015604	0.017514	0.017880	0.015223	0
WARP_USD	2018-11-23	0.017514	0.017305	0.017701	0.016792	0
WARP_USD	2018-11-22	0.017305	0.018358	0.018537	0.017305	0
WARP_USD	2018-11-21	0.018358	0.017988	0.018755	0.017365	0
WARP_USD	2018-11-20	0.017988	0.019307	0.019731	0.016927	0
WARP_USD	2018-11-19	0.019307	0.021930	0.021930	0.019124	0
WARP_USD	2018-11-18	0.021930	0.022253	0.022484	0.021781	0
WARP_USD	2018-11-17	0.022253	0.022274	0.022386	0.021988	0
WARP_USD	2018-11-16	0.022274	0.022489	0.022509	0.021858	0
WARP_USD	2018-11-15	0.022489	0.022951	0.023124	0.021276	0
WARP_USD	2018-11-14	0.022951	0.026634	0.026718	0.022220	0
WARP_USD	2018-11-13	0.026634	0.026594	0.026769	0.026414	0
WARP_USD	2018-11-12	0.026594	0.026550	0.026709	0.026478	0
WARP_USD	2018-11-11	0.026550	0.026399	0.026950	0.026156	0
WARP_USD	2018-11-10	0.026399	0.026355	0.027065	0.026331	0
WARP_USD	2018-11-09	0.026355	0.026566	0.026660	0.026241	0
WARP_USD	2018-11-08	0.026566	0.026915	0.027022	0.026555	0
WARP_USD	2018-11-07	0.026915	0.026159	0.026941	0.026146	0
WARP_USD	2018-11-06	0.026159	0.025784	0.026159	0.025727	0
WARP_USD	2018-11-05	0.025784	0.025551	0.025784	0.025453	0
WARP_USD	2018-11-04	0.025551	0.025647	0.026135	0.025486	0
WARP_USD	2018-11-03	0.025647	0.025868	0.025890	0.025423	0
WARP_USD	2018-11-02	0.025868	0.025791	0.026013	0.025726	0
WARP_USD	2018-11-01	0.025791	0.025633	0.025854	0.025573	0
WARP_USD	2018-10-31	0.025633	0.025225	0.025684	0.024971	0
WARP_USD	2018-10-30	0.025225	0.024963	0.025646	0.024933	0
WARP_USD	2018-10-29	0.024963	0.025766	0.026245	0.024904	0
WARP_USD	2018-10-28	0.025766	0.026001	0.026238	0.025631	0
WARP_USD	2018-10-27	0.026001	0.026844	0.026871	0.025932	0
WARP_USD	2018-10-26	0.026844	0.026634	0.027015	0.026584	0
WARP_USD	2018-10-25	0.026634	0.027035	0.027076	0.026610	0
WARP_USD	2018-10-24	0.027035	0.027019	0.027718	0.026990	0
WARP_USD	2018-10-23	0.027019	0.027484	0.027681	0.026993	0
WARP_USD	2018-10-22	0.027484	0.030601	0.031654	0.026011	0
WARP_USD	2018-10-21	0.030601	0.031018	0.031260	0.028692	0
WARP_USD	2018-10-20	0.031018	0.030776	0.032257	0.024021	0
WARP_USD	2018-10-19	0.030776	0.020369	0.030831	0.019623	0
WARP_USD	2018-10-18	0.020369	0.023640	0.023649	0.020346	0
WARP_USD	2018-10-17	0.023640	0.025207	0.026651	0.023518	0
WARP_USD	2018-10-16	0.025207	0.025754	0.026189	0.024944	0
WARP_USD	2018-10-15	0.025754	0.024826	0.029093	0.024664	0
WARP_USD	2018-10-14	0.024826	0.025907	0.025907	0.024787	0
WARP_USD	2018-10-13	0.025907	0.027078	0.027183	0.025907	0
WARP_USD	2018-10-12	0.027078	0.027524	0.027940	0.027078	0
WARP_USD	2018-10-11	0.027524	0.021383	0.029612	0.019549	0
WARP_USD	2018-10-10	0.021383	0.021488	0.021488	0.021058	0
WARP_USD	2018-10-09	0.021488	0.021521	0.021544	0.021313	0
WARP_USD	2018-10-08	0.021521	0.023532	0.023605	0.021436	0
WARP_USD	2018-10-07	0.023532	0.024456	0.024524	0.023476	0
WARP_USD	2018-10-06	0.024456	0.024386	0.025433	0.024181	0
WARP_USD	2018-10-05	0.024386	0.024642	0.026414	0.024221	0
WARP_USD	2018-10-04	0.024642	0.020160	0.039394	0.020148	0
WARP_USD	2018-10-03	0.020160	0.020269	0.020313	0.019936	0
WARP_USD	2018-10-02	0.020269	0.020463	0.020562	0.020194	0
WARP_USD	2018-10-01	0.020463	0.020519	0.020645	0.020215	0
WARP_USD	2018-09-30	0.020519	0.020474	0.020635	0.020249	0
WARP_USD	2018-09-29	0.020474	0.020602	0.020602	0.020077	0
WARP_USD	2018-09-28	0.020602	0.020936	0.021362	0.020487	0
WARP_USD	2018-09-27	0.020936	0.020356	0.021056	0.020225	0
WARP_USD	2018-09-26	0.020356	0.020269	0.020637	0.020115	0
WARP_USD	2018-09-25	0.020269	0.020875	0.020875	0.020007	0
WARP_USD	2018-09-24	0.020875	0.021375	0.021375	0.020780	0
WARP_USD	2018-09-23	0.021375	0.021585	0.021706	0.021262	0
WARP_USD	2018-09-22	0.021585	0.021841	0.022061	0.021393	0
WARP_USD	2018-09-21	0.021841	0.023532	0.023658	0.020008	0
WARP_USD	2018-09-20	0.023532	0.023266	0.023620	0.023013	0
WARP_USD	2018-09-19	0.023266	0.023088	0.024056	0.022255	0
WARP_USD	2018-09-18	0.023088	0.023831	0.024317	0.023077	0
WARP_USD	2018-09-17	0.023831	0.026806	0.026943	0.023702	0
WARP_USD	2018-09-16	0.026806	0.028134	0.028134	0.026701	0
WARP_USD	2018-09-15	0.028134	0.029225	0.029314	0.023752	0
WARP_USD	2018-09-14	0.029225	0.022017	0.038926	0.021669	0
WARP_USD	2018-09-13	0.022017	0.021513	0.022160	0.021504	0
WARP_USD	2018-09-12	0.021513	0.021291	0.021558	0.020997	0
WARP_USD	2018-09-11	0.021291	0.021321	0.021582	0.020888	0
WARP_USD	2018-09-10	0.021321	0.021028	0.021412	0.021028	0
WARP_USD	2018-09-09	0.021028	0.020782	0.021594	0.020684	0
WARP_USD	2018-09-08	0.020782	0.021998	0.022138	0.020631	0
WARP_USD	2018-09-07	0.021998	0.023287	0.023356	0.021790	0
WARP_USD	2018-09-06	0.023287	0.024034	0.024092	0.022657	0
WARP_USD	2018-09-05	0.024034	0.026934	0.026960	0.024020	0
WARP_USD	2018-09-04	0.026934	0.026862	0.027196	0.026729	0
WARP_USD	2018-09-03	0.026862	0.026828	0.027108	0.026533	0
WARP_USD	2018-09-02	0.026828	0.026451	0.027037	0.026262	0
WARP_USD	2018-09-01	0.026451	0.025858	0.026645	0.025740	0
WARP_USD	2018-08-31	0.025858	0.025494	0.026022	0.025236	0
WARP_USD	2018-08-30	0.025494	0.026354	0.026354	0.024878	0
WARP_USD	2018-08-29	0.026354	0.027252	0.027281	0.026258	0
WARP_USD	2018-08-28	0.027252	0.028164	0.028317	0.027193	0
WARP_USD	2018-08-27	0.028164	0.027672	0.028206	0.027470	0
WARP_USD	2018-08-26	0.027672	0.028170	0.028345	0.027278	0
WARP_USD	2018-08-25	0.028170	0.027982	0.028390	0.027914	0
WARP_USD	2018-08-24	0.027982	0.027479	0.028111	0.027014	0
WARP_USD	2018-08-23	0.027479	0.026786	0.027642	0.026767	0
WARP_USD	2018-08-22	0.026786	0.027439	0.029080	0.026356	0
WARP_USD	2018-08-21	0.027439	0.026521	0.027525	0.026500	0
WARP_USD	2018-08-20	0.026521	0.027789	0.027926	0.026416	0
WARP_USD	2018-08-19	0.027789	0.027033	0.028022	0.026768	0
WARP_USD	2018-08-18	0.027033	0.030045	0.031679	0.026669	0
WARP_USD	2018-08-17	0.030045	0.022122	0.030045	0.019354	0
WARP_USD	2018-08-16	0.022122	0.022008	0.022683	0.021848	0
WARP_USD	2018-08-15	0.022008	0.021805	0.023246	0.021791	0
WARP_USD	2018-08-14	0.021805	0.022101	0.022101	0.020808	0
WARP_USD	2018-08-13	0.022101	0.022446	0.023172	0.021837	0
WARP_USD	2018-08-12	0.022446	0.022311	0.022930	0.022029	0
WARP_USD	2018-08-11	0.022311	0.022087	0.023183	0.021576	0
WARP_USD	2018-08-10	0.022087	0.023504	0.023665	0.021635	0
WARP_USD	2018-08-09	0.023504	0.023071	0.023837	0.022313	0
WARP_USD	2018-08-08	0.023071	0.024722	0.024722	0.022538	0
WARP_USD	2018-08-07	0.024722	0.026294	0.026951	0.024588	0
WARP_USD	2018-08-06	0.026294	0.026653	0.027082	0.025965	0
WARP_USD	2018-08-05	0.026653	0.027428	0.027481	0.026138	0
WARP_USD	2018-08-04	0.027428	0.029776	0.030066	0.027428	0
WARP_USD	2018-08-03	0.029776	0.030254	0.030254	0.029244	0
WARP_USD	2018-08-02	0.030254	0.030553	0.030916	0.029958	0
WARP_USD	2018-08-01	0.030553	0.031096	0.031136	0.029891	0
WARP_USD	2018-07-31	0.031096	0.032767	0.033025	0.030795	0
WARP_USD	2018-07-30	0.032767	0.033381	0.033601	0.031541	0
WARP_USD	2018-07-29	0.033381	0.033478	0.033600	0.032980	0
WARP_USD	2018-07-28	0.033478	0.033478	0.033478	0.033437	0
WARP_USD	2018-07-27	0.033478	0.033478	0.033478	0.033437	0
WARP_USD	2018-07-26	0.033478	0.036350	0.037013	0.033478	0
WARP_USD	2018-07-25	0.036350	0.039078	0.039331	0.035851	0
WARP_USD	2018-07-24	0.039078	0.036369	0.039355	0.035555	0
WARP_USD	2018-07-23	0.036369	0.038562	0.040537	0.035544	0
WARP_USD	2018-07-22	0.038562	0.038571	0.039408	0.038277	0
WARP_USD	2018-07-21	0.038571	0.038202	0.038796	0.036971	0
WARP_USD	2018-07-20	0.038202	0.038937	0.040018	0.037929	0
WARP_USD	2018-07-19	0.038937	0.038378	0.039368	0.037957	0
WARP_USD	2018-07-18	0.038378	0.038137	0.039491	0.037773	0
WARP_USD	2018-07-17	0.038137	0.035096	0.038882	0.034737	0
WARP_USD	2018-07-16	0.035096	0.033034	0.035157	0.032673	0
WARP_USD	2018-07-15	0.033034	0.033875	0.034547	0.032706	0
WARP_USD	2018-07-14	0.033875	0.033713	0.034160	0.033495	0
WARP_USD	2018-07-13	0.033713	0.033836	0.034303	0.033303	0
WARP_USD	2018-07-12	0.033836	0.036385	0.036385	0.032356	0
WARP_USD	2018-07-11	0.036385	0.035978	0.036513	0.035916	0
WARP_USD	2018-07-10	0.035978	0.038095	0.038210	0.035859	0
WARP_USD	2018-07-09	0.038095	0.039510	0.039818	0.037959	0
WARP_USD	2018-07-08	0.039510	0.038880	0.039800	0.037721	0
WARP_USD	2018-07-07	0.038880	0.036604	0.039148	0.034991	0
WARP_USD	2018-07-06	0.036604	0.029039	0.036652	0.028554	0
WARP_USD	2018-07-05	0.029039	0.029193	0.029669	0.028685	0
WARP_USD	2018-07-04	0.029193	0.028665	0.029676	0.028303	0
WARP_USD	2018-07-03	0.028665	0.028985	0.029280	0.000383	0
WARP_USD	2018-07-02	0.028985	0.038570	0.038607	0.000000	0
WARP_USD	2018-07-01	0.038574	0.039020	0.039266	0.038156	0
WARP_USD	2018-06-30	0.039020	0.037746	0.039651	0.037746	0
WARP_USD	2018-06-29	0.037777	0.035623	0.038172	0.035322	0
WARP_USD	2018-06-28	0.035680	0.037476	0.037666	0.035534	0
WARP_USD	2018-06-27	0.037473	0.037095	0.037755	0.036592	0
WARP_USD	2018-06-26	0.037212	0.038066	0.038421	0.037013	0
WARP_USD	2018-06-25	0.038041	0.037645	0.038648	0.037222	0
WARP_USD	2018-06-24	0.037657	0.037699	0.038212	0.035365	0
WARP_USD	2018-06-23	0.037650	0.036980	0.038212	0.036816	0
WARP_USD	2018-06-22	0.036980	0.041189	0.041292	0.036451	0
WARP_USD	2018-06-21	0.041187	0.041405	0.041564	0.040882	0
WARP_USD	2018-06-20	0.041407	0.041337	0.041754	0.040282	0
WARP_USD	2018-06-19	0.041384	0.041141	0.041786	0.040819	0
WARP_USD	2018-06-18	0.041127	0.039528	0.041599	0.039191	0
WARP_USD	2018-06-17	0.039496	0.040285	0.040676	0.039429	0
WARP_USD	2018-06-16	0.040277	0.039746	0.040673	0.039341	0
WARP_USD	2018-06-15	0.039728	0.041379	0.041379	0.039593	0
WARP_USD	2018-06-14	0.041300	0.039376	0.041795	0.039235	0
WARP_USD	2018-06-13	0.039353	0.040900	0.041252	0.038329	0
WARP_USD	2018-06-12	0.040890	0.042631	0.042631	0.040257	0
WARP_USD	2018-06-11	0.042651	0.041999	0.042796	0.041226	0
WARP_USD	2018-06-10	0.041951	0.046678	0.046678	0.041276	0
WARP_USD	2018-06-09	0.046666	0.047443	0.047954	0.046509	0
WARP_USD	2018-06-08	0.047442	0.047959	0.048026	0.047037	0
WARP_USD	2018-06-07	0.047979	0.047837	0.048436	0.047672	0
WARP_USD	2018-06-06	0.047835	0.047790	0.048058	0.046808	0
WARP_USD	2018-06-05	0.047750	0.046881	0.048024	0.046191	0
WARP_USD	2018-06-04	0.046916	0.048435	0.048637	0.046686	0
WARP_USD	2018-06-03	0.048392	0.048427	0.049337	0.048028	0
WARP_USD	2018-06-02	0.048463	0.047985	0.049057	0.047446	0
WARP_USD	2018-06-01	0.047947	0.047573	0.048752	0.046790	0
WARP_USD	2018-05-31	0.047577	0.046664	0.048506	0.046450	0
WARP_USD	2018-05-30	0.046685	0.047143	0.047944	0.046145	0
WARP_USD	2018-05-29	0.047087	0.044579	0.047569	0.044089	0
WARP_USD	2018-05-28	0.044551	0.045709	0.046327	0.044219	0
WARP_USD	2018-05-27	0.045689	0.045514	0.046111	0.044850	0
WARP_USD	2018-05-26	0.045503	0.046044	0.047402	0.045262	0
WARP_USD	2018-05-25	0.046053	0.046631	0.047107	0.045166	0
WARP_USD	2018-05-24	0.046611	0.046221	0.047494	0.044603	0
WARP_USD	2018-05-23	0.046256	0.049618	0.049882	0.045356	0
WARP_USD	2018-05-22	0.049635	0.050162	0.050655	0.049199	0
WARP_USD	2018-05-21	0.050162	0.037843	0.050301	0.037494	0
WARP_USD	2018-05-20	0.037843	0.059863	0.062088	0.037604	0
WARP_USD	2018-05-19	0.059863	0.053924	0.060411	0.053686	0
WARP_USD	2018-05-18	0.053924	0.052482	0.054540	0.051515	0
WARP_USD	2018-05-17	0.052550	0.053304	0.054000	0.051531	0
WARP_USD	2018-05-16	0.053258	0.055156	0.055343	0.051581	0
WARP_USD	2018-05-15	0.055114	0.054381	0.057019	0.054150	0
WARP_USD	2018-05-14	0.054386	0.054142	0.056544	0.051860	0
WARP_USD	2018-05-13	0.054142	0.052756	0.054662	0.051759	0
WARP_USD	2018-05-12	0.052636	0.052830	0.054875	0.051084	0
WARP_USD	2018-05-11	0.052830	0.055826	0.056534	0.052117	0
WARP_USD	2018-05-10	0.055826	0.057027	0.057921	0.055000	0
WARP_USD	2018-05-09	0.057027	0.055749	0.057157	0.054732	0
WARP_USD	2018-05-08	0.055785	0.055779	0.056779	0.000006	0
WARP_USD	2018-05-07	0.069395	0.071042	0.071166	0.067709	0
WARP_USD	2018-05-06	0.071042	0.058745	0.071138	0.056632	0
WARP_USD	2018-05-05	0.058676	0.064460	0.073647	0.057460	0
WARP_USD	2018-05-04	0.064460	0.065967	0.066425	0.063459	0
WARP_USD	2018-05-03	0.065967	0.062292	0.066667	0.062103	0
WARP_USD	2018-05-02	0.062292	0.071714	0.073729	0.058010	0
WARP_USD	2018-05-01	0.071779	0.073197	0.073197	0.057860	0
WARP_USD	2018-04-30	0.073197	0.075000	0.075600	0.072510	0
WARP_USD	2018-04-29	0.075000	0.063743	0.075618	0.063743	0
WARP_USD	2018-04-28	0.063743	0.057952	0.063976	0.057581	0
WARP_USD	2018-04-27	0.057952	0.060141	0.060976	0.057786	0
WARP_USD	2018-04-26	0.060147	0.054762	0.060220	0.053423	0
WARP_USD	2018-04-25	0.054762	0.059303	0.059897	0.054067	0
WARP_USD	2018-04-24	0.059441	0.054890	0.059840	0.054831	0
WARP_USD	2018-04-23	0.054890	0.054030	0.055295	0.053864	0
WARP_USD	2018-04-22	0.054030	0.054733	0.055420	0.053742	0
WARP_USD	2018-04-21	0.054733	0.054555	0.055440	0.052922	0
WARP_USD	2018-04-20	0.054555	0.050683	0.054921	0.050543	0
WARP_USD	2018-04-19	0.050683	0.050020	0.050817	0.049672	0
WARP_USD	2018-04-18	0.050020	0.048406	0.050370	0.048315	0
WARP_USD	2018-04-17	0.048406	0.049424	0.050094	0.048020	0
WARP_USD	2018-04-16	0.049424	0.051270	0.051563	0.048475	0
WARP_USD	2018-04-15	0.051270	0.049111	0.051668	0.049100	0
WARP_USD	2018-04-14	0.049111	0.048377	0.050192	0.048029	0
WARP_USD	2018-04-13	0.048377	0.048540	0.050502	0.047595	0
WARP_USD	2018-04-12	0.048540	0.044394	0.049589	0.041684	0
WARP_USD	2018-04-11	0.044422	0.067442	0.067604	0.044422	0
WARP_USD	2018-04-10	0.067442	0.066667	0.067934	0.065598	0
WARP_USD	2018-04-09	0.066644	0.069269	0.070792	0.065236	0
WARP_USD	2018-04-08	0.069269	0.068014	0.070144	0.067977	0
WARP_USD	2018-04-07	0.068014	0.065183	0.069678	0.065041	0
WARP_USD	2018-04-06	0.065183	0.066502	0.067381	0.064139	0
WARP_USD	2018-04-05	0.066502	0.066542	0.067793	0.064439	0
WARP_USD	2018-04-04	0.066542	0.072603	0.072721	0.065656	0
WARP_USD	2018-04-03	0.072603	0.069152	0.073617	0.068831	0
WARP_USD	2018-04-02	0.069152	0.066773	0.069772	0.066425	0
WARP_USD	2018-04-01	0.066773	0.067902	0.068928	0.063095	0
WARP_USD	2018-03-31	0.067902	0.068370	0.070892	0.065824	0
WARP_USD	2018-03-30	0.068370	0.071596	0.072579	0.065719	0
WARP_USD	2018-03-29	0.071596	0.080124	0.080334	0.069592	0
WARP_USD	2018-03-28	0.080124	0.078579	0.081814	0.078032	0
WARP_USD	2018-03-27	0.078579	0.082020	0.082841	0.078147	0
WARP_USD	2018-03-26	0.082227	0.084706	0.085411	0.078134	0
WARP_USD	2018-03-25	0.084706	0.086041	0.087193	0.084130	0
WARP_USD	2018-03-24	0.086041	0.090270	0.091269	0.085946	0
WARP_USD	2018-03-23	0.090270	0.089217	0.090278	0.084099	0
WARP_USD	2018-03-22	0.089217	0.093049	0.094676	0.087398	0
WARP_USD	2018-03-21	0.093049	0.091229	0.096072	0.090889	0
WARP_USD	2018-03-20	0.091229	0.088665	0.092636	0.085557	0
WARP_USD	2018-03-19	0.088665	0.086343	0.091293	0.085080	0
WARP_USD	2018-03-18	0.086343	0.081930	0.086949	0.076858	0
WARP_USD	2018-03-17	0.081930	0.086277	0.087031	0.080733	0
WARP_USD	2018-03-16	0.086277	0.084399	0.088903	0.081371	0
WARP_USD	2018-03-15	0.084399	0.083688	0.085764	0.078450	0
WARP_USD	2018-03-14	0.083688	0.081849	0.085139	0.073607	0
WARP_USD	2018-03-13	0.081849	0.081532	0.084747	0.079264	0
WARP_USD	2018-03-12	0.081532	0.095911	0.100801	0.078697	0
WARP_USD	2018-03-11	0.095911	0.087646	0.097951	0.085054	0
WARP_USD	2018-03-10	0.087646	0.090540	0.096606	0.087469	0
WARP_USD	2018-03-09	0.090540	0.085550	0.091597	0.077411	0
WARP_USD	2018-03-08	0.085550	0.091947	0.093150	0.083710	0
WARP_USD	2018-03-07	0.091947	0.099775	0.100724	0.085385	0
WARP_USD	2018-03-06	0.099775	0.105514	0.105514	0.097451	0
WARP_USD	2018-03-05	0.105514	0.106272	0.108713	0.102533	0
WARP_USD	2018-03-04	0.106272	0.105718	0.107514	0.102477	0
WARP_USD	2018-03-03	0.105718	0.114761	0.115512	0.105718	0
WARP_USD	2018-03-02	0.114774	0.107244	0.115835	0.107186	0
