WAX_USD	2019-04-09	0.07490	0.08091	0.08109	0.07490	82161
WAX_USD	2019-04-08	0.08091	0.08109	0.08383	0.07730	79270
WAX_USD	2019-04-07	0.08109	0.07555	0.08109	0.07427	26442
WAX_USD	2019-04-06	0.07555	0.06908	0.07556	0.06581	36812
WAX_USD	2019-04-05	0.06908	0.06606	0.07007	0.06602	17941
WAX_USD	2019-04-04	0.06606	0.06484	0.07056	0.06484	269086
WAX_USD	2019-04-03	0.06484	0.06650	0.07046	0.06484	86899
WAX_USD	2019-04-02	0.06650	0.06090	0.06682	0.06090	152661
WAX_USD	2019-04-01	0.06090	0.06405	0.06405	0.06090	9303
WAX_USD	2019-03-31	0.06467	0.05968	0.06583	0.05968	18376
WAX_USD	2019-03-30	0.05968	0.06006	0.07126	0.05968	41014
WAX_USD	2019-03-29	0.06006	0.06320	0.06764	0.06005	73341
WAX_USD	2019-03-28	0.06320	0.06696	0.06696	0.05987	151356
WAX_USD	2019-03-27	0.06696	0.06696	0.06700	0.05338	15174
WAX_USD	2019-03-26	0.06696	0.05725	0.06696	0.05600	22196
WAX_USD	2019-03-25	0.05725	0.06783	0.06783	0.05725	31030
WAX_USD	2019-03-24	0.06783	0.06208	0.06783	0.06093	17804
WAX_USD	2019-03-23	0.06208	0.06253	0.06362	0.06163	486
WAX_USD	2019-03-22	0.06253	0.06235	0.06266	0.06036	11072
WAX_USD	2019-03-21	0.06235	0.06510	0.07270	0.06178	199112
WAX_USD	2019-03-20	0.06510	0.06300	0.07389	0.06300	269045
WAX_USD	2019-03-19	0.06300	0.06342	0.07483	0.06300	45850
WAX_USD	2019-03-18	0.06342	0.06763	0.07161	0.06282	402844
WAX_USD	2019-03-17	0.06762	0.06161	0.06957	0.06106	13981
WAX_USD	2019-03-16	0.06161	0.06516	0.06526	0.06161	99611
WAX_USD	2019-03-15	0.06516	0.06303	0.06910	0.05957	18426
WAX_USD	2019-03-14	0.06303	0.06222	0.07262	0.05865	260611
WAX_USD	2019-03-13	0.06222	0.05034	0.06378	0.05034	243121
WAX_USD	2019-03-12	0.05034	0.04993	0.05239	0.04989	37933
WAX_USD	2019-03-11	0.04993	0.04864	0.05476	0.04732	157319
WAX_USD	2019-03-10	0.04864	0.04710	0.05328	0.04526	48938
WAX_USD	2019-03-09	0.04710	0.04644	0.04922	0.04566	7004
WAX_USD	2019-03-08	0.04644	0.04967	0.05027	0.04559	20331
WAX_USD	2019-03-07	0.04967	0.04332	0.05037	0.04325	99620
WAX_USD	2019-03-06	0.04332	0.04052	0.04334	0.04052	6831
WAX_USD	2019-03-05	0.04052	0.03991	0.04066	0.03953	13834
WAX_USD	2019-03-04	0.03991	0.04193	0.04193	0.03991	9710
WAX_USD	2019-03-03	0.04193	0.04499	0.04584	0.04193	15777
WAX_USD	2019-03-02	0.04499	0.04195	0.04881	0.04195	22796
WAX_USD	2019-03-01	0.04195	0.04008	0.04201	0.04004	2429
WAX_USD	2019-02-28	0.04008	0.04059	0.04075	0.04007	10263
WAX_USD	2019-02-27	0.04059	0.03873	0.04295	0.03816	3578
WAX_USD	2019-02-26	0.03873	0.04080	0.04332	0.03852	948
WAX_USD	2019-02-25	0.04080	0.04228	0.04228	0.03946	43855
WAX_USD	2019-02-24	0.04228	0.04615	0.04617	0.04019	28938
WAX_USD	2019-02-23	0.04615	0.04513	0.04711	0.04482	2628
WAX_USD	2019-02-22	0.04513	0.04577	0.04739	0.04476	13958
WAX_USD	2019-02-21	0.04577	0.04625	0.04669	0.04420	16920
WAX_USD	2019-02-20	0.04625	0.04476	0.05134	0.04476	43276
WAX_USD	2019-02-19	0.04476	0.04585	0.04728	0.04234	68879
WAX_USD	2019-02-18	0.04585	0.03636	0.06095	0.03636	599672
WAX_USD	2019-02-17	0.03636	0.04209	0.04209	0.03571	51153
WAX_USD	2019-02-16	0.04209	0.03578	0.04427	0.03551	10718
WAX_USD	2019-02-15	0.03578	0.03524	0.04519	0.03524	8588
WAX_USD	2019-02-14	0.03524	0.03481	0.03573	0.03481	4661
WAX_USD	2019-02-13	0.03481	0.03714	0.03714	0.03481	77612
WAX_USD	2019-02-12	0.03714	0.03503	0.04140	0.03503	54421
WAX_USD	2019-02-11	0.03503	0.03628	0.03654	0.03503	670
WAX_USD	2019-02-10	0.03628	0.03490	0.03669	0.03490	2712
WAX_USD	2019-02-09	0.03490	0.03501	0.03599	0.03401	36358
WAX_USD	2019-02-08	0.03501	0.03539	0.03655	0.03381	20555
WAX_USD	2019-02-07	0.03539	0.03202	0.03586	0.03045	18210
WAX_USD	2019-02-06	0.03202	0.03256	0.03636	0.03200	63306
WAX_USD	2019-02-05	0.03256	0.03120	0.03280	0.03120	1114
WAX_USD	2019-02-04	0.03120	0.03154	0.03154	0.03120	11925
WAX_USD	2019-02-03	0.03154	0.03223	0.03272	0.03154	6235
WAX_USD	2019-02-02	0.03223	0.03273	0.03338	0.03172	34377
WAX_USD	2019-02-01	0.03273	0.03356	0.03832	0.03207	33348
WAX_USD	2019-01-31	0.03356	0.03700	0.03700	0.03248	9258
WAX_USD	2019-01-30	0.03700	0.03348	0.03700	0.03346	21262
WAX_USD	2019-01-29	0.03348	0.03696	0.03696	0.03175	37722
WAX_USD	2019-01-28	0.03696	0.03975	0.03975	0.03061	135716
WAX_USD	2019-01-27	0.03975	0.03800	0.03975	0.03286	147184
WAX_USD	2019-01-26	0.03800	0.03717	0.03800	0.03687	7890
WAX_USD	2019-01-25	0.03717	0.03700	0.03717	0.03698	7392
WAX_USD	2019-01-24	0.03700	0.04350	0.04350	0.03630	27448
WAX_USD	2019-01-23	0.04350	0.03620	0.04350	0.03620	1884
WAX_USD	2019-01-22	0.03620	0.03626	0.03780	0.03612	1604
WAX_USD	2019-01-21	0.03626	0.03612	0.03638	0.03612	1056
WAX_USD	2019-01-20	0.03612	0.03955	0.04011	0.03612	10509
WAX_USD	2019-01-19	0.03955	0.03981	0.03995	0.03955	340
WAX_USD	2019-01-18	0.03981	0.04396	0.04404	0.03978	41242
WAX_USD	2019-01-17	0.04396	0.04576	0.05108	0.04336	11540
WAX_USD	2019-01-16	0.04576	0.03810	0.05392	0.03810	179746
WAX_USD	2019-01-15	0.03810	0.03433	0.04168	0.03433	21152
WAX_USD	2019-01-14	0.03433	0.03417	0.03433	0.03417	4282
WAX_USD	2019-01-13	0.03417	0.03516	0.03516	0.03210	72094
WAX_USD	2019-01-12	0.03516	0.03821	0.10399	0.02445	164116
WAX_USD	2019-01-11	0.03821	0.03550	0.03821	0.03465	4378
WAX_USD	2019-01-10	0.03550	0.04009	0.04009	0.03464	48535
WAX_USD	2019-01-09	0.04009	0.03994	0.04261	0.03994	5902
WAX_USD	2019-01-08	0.03994	0.03802	0.04298	0.03802	6479
WAX_USD	2019-01-07	0.03802	0.03996	0.05555	0.03802	24260
WAX_USD	2019-01-06	0.03996	0.04141	0.04148	0.03988	8649
WAX_USD	2019-01-05	0.04141	0.03939	0.04156	0.03890	5239
WAX_USD	2019-01-04	0.03939	0.04040	0.04041	0.03910	1259
WAX_USD	2019-01-03	0.04040	0.04172	0.04172	0.04029	49173
WAX_USD	2019-01-02	0.04172	0.03901	0.04172	0.03845	72267
WAX_USD	2019-01-01	0.03901	0.03690	0.03932	0.03690	100
WAX_USD	2018-12-31	0.03690	0.04229	0.04229	0.03690	54067
WAX_USD	2018-12-30	0.04229	0.04234	0.04239	0.04223	8459
WAX_USD	2018-12-29	0.04234	0.04228	0.04295	0.04200	10760
WAX_USD	2018-12-28	0.04228	0.03902	0.04944	0.03755	132396
WAX_USD	2018-12-27	0.03902	0.03900	0.04364	0.03874	43146
WAX_USD	2018-12-26	0.03900	0.04519	0.04568	0.03894	71814
WAX_USD	2018-12-25	0.04519	0.04317	0.08081	0.03908	229408
WAX_USD	2018-12-24	0.04317	0.04400	0.05498	0.04317	70344
WAX_USD	2018-12-23	0.04400	0.04208	0.04772	0.04208	52390
WAX_USD	2018-12-22	0.04208	0.04020	0.04998	0.04020	74079
WAX_USD	2018-12-21	0.04020	0.04247	0.04552	0.04020	54285
WAX_USD	2018-12-20	0.04247	0.04205	0.04609	0.04205	30049
WAX_USD	2018-12-19	0.04205	0.04335	0.04576	0.04201	83087
WAX_USD	2018-12-18	0.04335	0.04186	0.04580	0.04015	133716
WAX_USD	2018-12-17	0.04186	0.04001	0.04585	0.04001	70795
WAX_USD	2018-12-16	0.04001	0.03908	0.04180	0.03890	7523
WAX_USD	2018-12-15	0.03908	0.04190	0.04191	0.03805	43822
WAX_USD	2018-12-14	0.04190	0.04379	0.04379	0.03852	173686
WAX_USD	2018-12-13	0.04379	0.05011	0.05012	0.04379	74940
WAX_USD	2018-12-12	0.05011	0.05613	0.05613	0.04921	201296
WAX_USD	2018-12-11	0.05527	0.06106	0.10484	0.05292	369870
WAX_USD	2018-12-10	0.06106	0.05943	0.06106	0.05816	19992
WAX_USD	2018-12-09	0.05943	0.05427	0.06886	0.05427	126286
WAX_USD	2018-12-08	0.05427	0.05096	0.05598	0.05096	9822
WAX_USD	2018-12-07	0.05096	0.06439	0.06439	0.04871	74272
WAX_USD	2018-12-06	0.06439	0.06831	0.06843	0.06260	11954
WAX_USD	2018-12-05	0.06831	0.07409	0.07411	0.06553	22156
WAX_USD	2018-12-04	0.07409	0.06102	0.07409	0.06102	48831
WAX_USD	2018-12-03	0.06102	0.06725	0.06725	0.06102	19558
WAX_USD	2018-12-02	0.06725	0.06746	0.07410	0.06707	45736
WAX_USD	2018-12-01	0.06746	0.06449	0.06774	0.06394	21875
WAX_USD	2018-11-30	0.06449	0.06820	0.07194	0.06320	45862
WAX_USD	2018-11-29	0.06820	0.06903	0.07429	0.06627	32223
WAX_USD	2018-11-28	0.06903	0.05700	0.07106	0.05700	26320
WAX_USD	2018-11-27	0.05700	0.05683	0.07222	0.05650	53684
WAX_USD	2018-11-26	0.05683	0.06076	0.06700	0.05600	32925
WAX_USD	2018-11-25	0.06076	0.05913	0.06081	0.05216	108977
WAX_USD	2018-11-24	0.05913	0.06607	0.06607	0.05913	118026
WAX_USD	2018-11-23	0.06607	0.06529	0.06776	0.06320	26164
WAX_USD	2018-11-22	0.06529	0.06984	0.07155	0.06529	14541
WAX_USD	2018-11-21	0.06984	0.07008	0.07443	0.06063	88736
WAX_USD	2018-11-20	0.07008	0.09076	0.09076	0.06258	134812
WAX_USD	2018-11-19	0.09076	0.09998	0.09998	0.07800	129010
WAX_USD	2018-11-18	0.09998	0.09973	0.10097	0.09123	12971
WAX_USD	2018-11-17	0.09973	0.09816	0.09982	0.09800	15954
WAX_USD	2018-11-16	0.09816	0.09567	0.10297	0.09315	37601
WAX_USD	2018-11-15	0.09567	0.09213	0.09567	0.08376	46228
WAX_USD	2018-11-14	0.09213	0.11193	0.11194	0.08713	305779
WAX_USD	2018-11-13	0.11193	0.11979	0.12325	0.11004	36991
WAX_USD	2018-11-12	0.11979	0.12554	0.12560	0.11686	70121
WAX_USD	2018-11-11	0.12554	0.11193	0.13158	0.11193	248102
WAX_USD	2018-11-10	0.11193	0.10842	0.11424	0.10748	21541
WAX_USD	2018-11-09	0.10842	0.10770	0.12354	0.10581	114365
WAX_USD	2018-11-08	0.10770	0.09428	0.11206	0.09068	149837
WAX_USD	2018-11-07	0.09428	0.09839	0.09986	0.09297	59515
WAX_USD	2018-11-06	0.09839	0.09055	0.09847	0.08921	77430
WAX_USD	2018-11-05	0.09055	0.08397	0.09056	0.08394	61704
WAX_USD	2018-11-04	0.08397	0.08518	0.08518	0.08044	59349
WAX_USD	2018-11-03	0.08518	0.08203	0.09994	0.08190	1006886
WAX_USD	2018-11-02	0.08203	0.07899	0.08213	0.07899	228626
WAX_USD	2018-11-01	0.07898	0.07668	0.08030	0.07600	14207
WAX_USD	2018-10-31	0.07668	0.07688	0.08120	0.07523	53899
WAX_USD	2018-10-30	0.07688	0.07541	0.07688	0.07425	2412
WAX_USD	2018-10-29	0.07541	0.08209	0.08210	0.07239	156581
WAX_USD	2018-10-28	0.08209	0.08216	0.08216	0.07803	73833
WAX_USD	2018-10-27	0.08216	0.08229	0.08229	0.08084	494171
WAX_USD	2018-10-26	0.08229	0.08221	0.08230	0.07915	145069
WAX_USD	2018-10-25	0.08221	0.07959	0.08221	0.07866	198103
WAX_USD	2018-10-24	0.07959	0.08025	0.08219	0.07959	221906
WAX_USD	2018-10-23	0.08025	0.08869	0.08869	0.08002	22987
WAX_USD	2018-10-22	0.08869	0.07300	0.08912	0.07300	81645
WAX_USD	2018-10-21	0.07300	0.07502	0.07941	0.07300	34434
WAX_USD	2018-10-20	0.07502	0.07106	0.08050	0.07106	34381
WAX_USD	2018-10-19	0.07106	0.06801	0.07297	0.06651	84870
WAX_USD	2018-10-18	0.06801	0.07280	0.07508	0.06749	38613
WAX_USD	2018-10-17	0.07280	0.07000	0.07801	0.06803	157734
WAX_USD	2018-10-16	0.07000	0.06781	0.07000	0.06603	12329
WAX_USD	2018-10-15	0.06781	0.06188	0.07000	0.06003	1425481
WAX_USD	2018-10-14	0.06188	0.06733	0.06793	0.06168	440957
WAX_USD	2018-10-13	0.06733	0.06910	0.06910	0.06301	5400
WAX_USD	2018-10-12	0.06910	0.06309	0.06910	0.06307	7974
WAX_USD	2018-10-11	0.06309	0.07000	0.07000	0.06309	27710
WAX_USD	2018-10-10	0.07000	0.06712	0.07000	0.06712	5895
WAX_USD	2018-10-09	0.06712	0.06741	0.06987	0.06712	3362
WAX_USD	2018-10-08	0.06741	0.06782	0.06932	0.06689	6327
WAX_USD	2018-10-07	0.06782	0.06701	0.07010	0.06701	1156
WAX_USD	2018-10-06	0.06701	0.06600	0.06701	0.06600	4672
WAX_USD	2018-10-05	0.06600	0.07000	0.07195	0.06600	9321
WAX_USD	2018-10-04	0.07000	0.06713	0.07370	0.06580	2709
WAX_USD	2018-10-03	0.06713	0.06610	0.06990	0.06500	10510
WAX_USD	2018-10-02	0.06948	0.06725	0.06948	0.06630	3474
WAX_USD	2018-10-01	0.06725	0.06793	0.06813	0.06706	2501
WAX_USD	2018-09-30	0.06793	0.06855	0.06855	0.06640	3824
WAX_USD	2018-09-29	0.06855	0.07207	0.07207	0.06855	350
WAX_USD	2018-09-28	0.07207	0.07637	0.07685	0.06574	23107
WAX_USD	2018-09-27	0.07637	0.06621	0.07652	0.06543	27959
WAX_USD	2018-09-26	0.06621	0.06888	0.07239	0.06618	7710
WAX_USD	2018-09-25	0.06888	0.06983	0.07022	0.06686	7761
WAX_USD	2018-09-24	0.06983	0.07113	0.07124	0.06906	7413
WAX_USD	2018-09-23	0.07113	0.06998	0.07886	0.06996	124521
WAX_USD	2018-09-22	0.06998	0.07010	0.07011	0.06964	21606
WAX_USD	2018-09-21	0.07010	0.06767	0.07010	0.06538	112815
WAX_USD	2018-09-20	0.06767	0.06620	0.06827	0.06385	48657
WAX_USD	2018-09-19	0.06620	0.05912	0.06706	0.05901	32679
WAX_USD	2018-09-18	0.05912	0.05752	0.06261	0.05700	6546
WAX_USD	2018-09-17	0.05752	0.06202	0.06394	0.05752	76964
WAX_USD	2018-09-16	0.06202	0.06156	0.06297	0.05844	172167
WAX_USD	2018-09-15	0.06156	0.05782	0.06156	0.05699	162054
WAX_USD	2018-09-14	0.05782	0.06495	0.06495	0.05745	20561
WAX_USD	2018-09-13	0.06495	0.05770	0.06551	0.05651	22079
WAX_USD	2018-09-12	0.05770	0.05868	0.05902	0.05649	24505
WAX_USD	2018-09-11	0.05868	0.06580	0.06583	0.05868	47988
WAX_USD	2018-09-10	0.06580	0.06538	0.06730	0.06403	9418
WAX_USD	2018-09-09	0.06538	0.06137	0.06682	0.06088	8610
WAX_USD	2018-09-08	0.06137	0.06448	0.06846	0.06127	48251
WAX_USD	2018-09-07	0.06448	0.06821	0.07049	0.06330	113374
WAX_USD	2018-09-06	0.06821	0.06937	0.07190	0.06021	367477
WAX_USD	2018-09-05	0.06937	0.08378	0.08681	0.06937	21271
WAX_USD	2018-09-04	0.08378	0.08100	0.08462	0.08012	14770
WAX_USD	2018-09-03	0.08100	0.08218	0.08219	0.07598	27547
WAX_USD	2018-09-02	0.08218	0.08246	0.08877	0.07721	69928
WAX_USD	2018-09-01	0.08246	0.07758	0.08252	0.07617	23727
WAX_USD	2018-08-31	0.07758	0.07318	0.07773	0.07294	18070
WAX_USD	2018-08-30	0.07318	0.07775	0.08029	0.07318	26139
WAX_USD	2018-08-29	0.07775	0.07661	0.08494	0.07660	34183
WAX_USD	2018-08-28	0.07661	0.07976	0.08518	0.07661	79459
WAX_USD	2018-08-27	0.07976	0.07090	0.07976	0.07090	60615
WAX_USD	2018-08-26	0.07090	0.07297	0.07395	0.07090	4820
WAX_USD	2018-08-25	0.07297	0.07262	0.07297	0.06850	5584
WAX_USD	2018-08-24	0.07262	0.07083	0.07262	0.06900	22236
WAX_USD	2018-08-23	0.07083	0.06839	0.07240	0.06743	107023
WAX_USD	2018-08-22	0.06839	0.07155	0.07393	0.06660	145341
WAX_USD	2018-08-21	0.07155	0.06998	0.07218	0.06998	66985
WAX_USD	2018-08-20	0.06998	0.07766	0.07775	0.06992	53460
WAX_USD	2018-08-19	0.07766	0.07221	0.07767	0.07193	30093
WAX_USD	2018-08-18	0.07221	0.07474	0.07913	0.07084	59889
WAX_USD	2018-08-17	0.07474	0.06983	0.07525	0.06626	140171
WAX_USD	2018-08-16	0.06983	0.07336	0.07378	0.06809	178852
WAX_USD	2018-08-15	0.07336	0.06917	0.07484	0.06917	131691
WAX_USD	2018-08-14	0.06917	0.07001	0.07001	0.06175	280873
WAX_USD	2018-08-13	0.07001	0.08597	0.08598	0.07000	182550
WAX_USD	2018-08-12	0.08597	0.08517	0.08597	0.08241	19201
WAX_USD	2018-08-11	0.08517	0.08621	0.08626	0.07894	211505
WAX_USD	2018-08-10	0.08621	0.09335	0.09335	0.08617	55288
WAX_USD	2018-08-09	0.09335	0.08522	0.09519	0.08516	63669
WAX_USD	2018-08-08	0.08522	0.09730	0.09977	0.08519	254008
WAX_USD	2018-08-07	0.09730	0.10824	0.11103	0.09730	70820
WAX_USD	2018-08-06	0.10824	0.10693	0.11459	0.10493	78358
WAX_USD	2018-08-05	0.10693	0.09681	0.10917	0.09670	32839
WAX_USD	2018-08-04	0.09681	0.10684	0.10802	0.09671	21021
WAX_USD	2018-08-03	0.10684	0.10799	0.11009	0.09620	59979
WAX_USD	2018-08-02	0.10799	0.11510	0.11996	0.10209	111198
WAX_USD	2018-08-01	0.11510	0.12217	0.12217	0.11146	53868
WAX_USD	2018-07-31	0.12217	0.13399	0.13677	0.11058	569547
WAX_USD	2018-07-30	0.13399	0.13812	0.15000	0.13399	153783
WAX_USD	2018-07-29	0.13812	0.13701	0.14841	0.12871	72335
WAX_USD	2018-07-28	0.13701	0.13650	0.15181	0.13502	74962
WAX_USD	2018-07-27	0.13650	0.13416	0.14090	0.13408	7455
WAX_USD	2018-07-26	0.13416	0.13778	0.15647	0.13265	156581
WAX_USD	2018-07-25	0.13778	0.13496	0.14159	0.13302	82739
WAX_USD	2018-07-24	0.13496	0.13188	0.13496	0.12747	21497
WAX_USD	2018-07-23	0.13188	0.13365	0.15086	0.12884	70343
WAX_USD	2018-07-22	0.13365	0.13525	0.13794	0.13365	4078
WAX_USD	2018-07-21	0.13525	0.12664	0.13525	0.12580	5515
WAX_USD	2018-07-20	0.12664	0.13891	0.13895	0.12663	109516
WAX_USD	2018-07-19	0.13891	0.14317	0.14567	0.13501	66775
WAX_USD	2018-07-18	0.14317	0.15691	0.15727	0.14310	86201
WAX_USD	2018-07-17	0.15691	0.13476	0.16228	0.13093	311987
WAX_USD	2018-07-16	0.13476	0.11914	0.13616	0.11883	183503
WAX_USD	2018-07-15	0.11914	0.11558	0.14442	0.11273	10555
WAX_USD	2018-07-14	0.11558	0.10766	0.11558	0.10615	75278
WAX_USD	2018-07-13	0.10766	0.11568	0.12355	0.10632	230715
WAX_USD	2018-07-12	0.11568	0.12016	0.12466	0.10897	88356
WAX_USD	2018-07-11	0.12016	0.11742	0.13205	0.09922	238287
WAX_USD	2018-07-10	0.11742	0.12397	0.12614	0.10761	483049
WAX_USD	2018-07-09	0.12397	0.12998	0.15447	0.12112	109644
WAX_USD	2018-07-08	0.12998	0.12999	0.13180	0.12522	92107
WAX_USD	2018-07-07	0.12999	0.11857	0.12999	0.10947	102182
WAX_USD	2018-07-06	0.11857	0.12666	0.12733	0.11287	294265
WAX_USD	2018-07-05	0.12666	0.13494	0.14596	0.12538	497473
WAX_USD	2018-07-04	0.13494	0.13652	0.15089	0.12533	570892
WAX_USD	2018-07-03	0.13652	0.13119	0.18041	0.13119	713739
WAX_USD	2018-07-02	0.13119	0.12761	0.15099	0.00941	338120
WAX_USD	2018-07-01	0.12956	0.11421	0.12959	0.10593	128547
WAX_USD	2018-06-30	0.11421	0.09612	0.12767	0.09063	827800
WAX_USD	2018-06-29	0.09612	0.09525	0.09615	0.08048	414986
WAX_USD	2018-06-28	0.09481	0.09890	0.11057	0.08105	558329
WAX_USD	2018-06-27	0.09878	0.10494	0.10716	0.09499	167964
WAX_USD	2018-06-26	0.10494	0.12073	0.12282	0.10467	170245
WAX_USD	2018-06-25	0.12141	0.13205	0.13368	0.11038	272162
WAX_USD	2018-06-24	0.13205	0.11181	0.13205	0.10493	82209
WAX_USD	2018-06-23	0.11176	0.11862	0.12101	0.11167	50841
WAX_USD	2018-06-22	0.11873	0.12983	0.13253	0.11261	351330
WAX_USD	2018-06-21	0.13164	0.12150	0.14431	0.12051	282041
WAX_USD	2018-06-20	0.12091	0.12566	0.12566	0.11432	176275
WAX_USD	2018-06-19	0.12566	0.11788	0.12913	0.11788	53120
WAX_USD	2018-06-18	0.11788	0.11894	0.12105	0.11186	105402
WAX_USD	2018-06-17	0.11889	0.12210	0.12698	0.11819	70834
WAX_USD	2018-06-16	0.12213	0.12307	0.12308	0.12057	15991
WAX_USD	2018-06-15	0.12307	0.12700	0.12919	0.12307	48228
WAX_USD	2018-06-14	0.12703	0.12207	0.13229	0.12207	168495
WAX_USD	2018-06-13	0.12109	0.13285	0.13909	0.11967	138684
WAX_USD	2018-06-12	0.13284	0.14652	0.14969	0.13284	105101
WAX_USD	2018-06-11	0.14652	0.14356	0.14945	0.13653	117549
WAX_USD	2018-06-10	0.14341	0.17102	0.18691	0.13439	164653
WAX_USD	2018-06-09	0.17072	0.17602	0.18039	0.17072	45577
WAX_USD	2018-06-08	0.17615	0.18429	0.19168	0.17129	48591
WAX_USD	2018-06-07	0.18429	0.18348	0.19157	0.18188	45261
WAX_USD	2018-06-06	0.18348	0.19058	0.19262	0.18104	39252
WAX_USD	2018-06-05	0.19058	0.18203	0.19207	0.17803	37051
WAX_USD	2018-06-04	0.18203	0.19765	0.20456	0.15626	147704
WAX_USD	2018-06-03	0.19451	0.20029	0.20830	0.18697	93112
WAX_USD	2018-06-02	0.20029	0.18679	0.20060	0.18679	120632
WAX_USD	2018-06-01	0.18680	0.19674	0.20444	0.18268	129793
WAX_USD	2018-05-31	0.19523	0.18093	0.19888	0.15299	43018
WAX_USD	2018-05-30	0.18085	0.18600	0.19619	0.17836	82943
WAX_USD	2018-05-29	0.18549	0.17516	0.21099	0.16600	247549
WAX_USD	2018-05-28	0.17516	0.19341	0.19580	0.17104	86558
WAX_USD	2018-05-27	0.19341	0.18984	0.20565	0.18933	27573
WAX_USD	2018-05-26	0.18986	0.19995	0.20672	0.18593	40987
WAX_USD	2018-05-25	0.19962	0.20271	0.20859	0.19226	68416
WAX_USD	2018-05-24	0.20271	0.19294	0.20492	0.18008	134431
WAX_USD	2018-05-23	0.19294	0.21025	0.21737	0.18000	532222
WAX_USD	2018-05-22	0.21074	0.23674	0.24505	0.21020	205214
WAX_USD	2018-05-21	0.23674	0.25849	0.27283	0.23674	84654
WAX_USD	2018-05-20	0.25849	0.25215	0.28700	0.25094	70568
WAX_USD	2018-05-19	0.25215	0.25775	0.26210	0.25033	37589
WAX_USD	2018-05-18	0.25775	0.25114	0.25977	0.23215	144124
WAX_USD	2018-05-17	0.26731	0.27485	0.29385	0.23114	453195
WAX_USD	2018-05-16	0.27485	0.27935	0.33031	0.26006	716247
WAX_USD	2018-05-15	0.27934	0.27857	0.29999	0.27042	171012
WAX_USD	2018-05-14	0.27034	0.27824	0.29982	0.24087	210301
WAX_USD	2018-05-13	0.27824	0.24864	0.29810	0.24009	170417
WAX_USD	2018-05-12	0.24569	0.25987	0.26477	0.23271	129481
WAX_USD	2018-05-11	0.25987	0.30051	0.30499	0.22570	407550
WAX_USD	2018-05-10	0.30051	0.32044	0.33566	0.30051	127549
WAX_USD	2018-05-09	0.32044	0.33916	0.34057	0.31265	120465
WAX_USD	2018-05-08	0.33916	0.35377	0.35390	0.32951	153343
WAX_USD	2018-05-07	0.34896	0.37673	0.37741	0.32808	214713
WAX_USD	2018-05-06	0.37673	0.39337	0.39408	0.35638	151167
WAX_USD	2018-05-05	0.39337	0.39026	0.40776	0.38138	149500
WAX_USD	2018-05-04	0.39026	0.41049	0.42451	0.36978	262291
WAX_USD	2018-05-03	0.42306	0.38168	0.46430	0.35280	1108991
WAX_USD	2018-05-02	0.38168	0.34521	0.69348	0.33858	515784
WAX_USD	2018-05-01	0.34521	0.34517	0.35076	0.32393	123020
WAX_USD	2018-04-30	0.34517	0.02615	0.36929	0.02553	239861
WAX_USD	2018-04-29	0.35681	0.36942	0.39090	0.34181	0
WAX_USD	2018-04-28	0.37000	0.35283	0.39854	0.32674	0
WAX_USD	2018-04-27	0.35322	0.33572	0.37569	0.32911	0
WAX_USD	2018-04-26	0.33619	0.31970	0.37091	0.29730	0
WAX_USD	2018-04-25	0.32057	0.39351	0.41987	0.29934	0
WAX_USD	2018-04-24	0.39330	0.33701	0.43211	0.30494	0
WAX_USD	2018-04-23	0.33710	0.33034	0.34914	0.31711	0
WAX_USD	2018-04-22	0.33016	0.33748	0.37471	0.30342	0
WAX_USD	2018-04-21	0.33730	0.38546	0.40630	0.30832	0
WAX_USD	2018-04-20	0.38506	0.38651	0.44894	0.33931	0
WAX_USD	2018-04-19	0.38656	0.32575	0.43063	0.30044	0
WAX_USD	2018-04-18	0.32581	0.28436	0.36811	0.25913	0
WAX_USD	2018-04-17	0.28472	0.24902	0.29095	0.24503	0
WAX_USD	2018-04-16	0.24910	0.24935	0.26166	0.23110	0
WAX_USD	2018-04-15	0.24891	0.22160	0.27458	0.20424	0
WAX_USD	2018-04-14	0.22189	0.21507	0.24025	0.19828	0
WAX_USD	2018-04-13	0.21483	0.20472	0.23474	0.18706	0
WAX_USD	2018-04-12	0.20479	0.17841	0.24528	0.15278	0
WAX_USD	2018-04-11	0.17852	0.17570	0.18542	0.16998	0
WAX_USD	2018-04-10	0.17572	0.16035	0.18232	0.15216	0
WAX_USD	2018-04-09	0.16014	0.16689	0.18560	0.15145	0
WAX_USD	2018-04-08	0.16692	0.16422	0.17507	0.15749	0
WAX_USD	2018-04-07	0.16441	0.15105	0.16976	0.14424	0
WAX_USD	2018-04-06	0.15118	0.15440	0.16095	0.14594	0
WAX_USD	2018-04-05	0.15414	0.15401	0.15860	0.14632	0
WAX_USD	2018-04-04	0.15424	0.16443	0.16976	0.14616	0
WAX_USD	2018-04-03	0.16417	0.13788	0.17979	0.12551	0
WAX_USD	2018-04-02	0.13788	0.13129	0.15185	0.12549	0
WAX_USD	2018-04-01	0.13122	0.13833	0.14913	0.12150	0
WAX_USD	2018-03-31	0.13833	0.14105	0.15250	0.11953	0
WAX_USD	2018-03-30	0.14126	0.14114	0.15331	0.12566	0
WAX_USD	2018-03-29	0.14110	0.16005	0.17960	0.12669	0
WAX_USD	2018-03-28	0.16001	0.13803	0.16710	0.13057	0
WAX_USD	2018-03-27	0.13825	0.16119	0.16873	0.13206	0
WAX_USD	2018-03-26	0.16079	0.17291	0.18375	0.14043	0
WAX_USD	2018-03-25	0.17301	0.17072	0.17959	0.16650	0
WAX_USD	2018-03-24	0.17059	0.16379	0.18884	0.15819	0
WAX_USD	2018-03-23	0.16330	0.16926	0.18524	0.14538	0
WAX_USD	2018-03-22	0.16968	0.17409	0.18470	0.14171	0
WAX_USD	2018-03-21	0.17389	0.15394	0.19050	0.14457	0
WAX_USD	2018-03-20	0.15362	0.13471	0.17091	0.12563	0
WAX_USD	2018-03-19	0.13531	0.11674	0.15192	0.10828	0
WAX_USD	2018-03-18	0.11662	0.12938	0.16329	0.09092	0
WAX_USD	2018-03-17	0.12966	0.14055	0.15402	0.11422	0
WAX_USD	2018-03-16	0.14192	0.14031	0.15049	0.12259	0
WAX_USD	2018-03-15	0.14047	0.15052	0.19954	0.12324	0
WAX_USD	2018-03-14	0.15042	0.19244	0.20646	0.14189	0
WAX_USD	2018-03-13	0.19230	0.18358	0.20777	0.15910	0
WAX_USD	2018-03-12	0.18330	0.20140	0.22070	0.18147	0
WAX_USD	2018-03-11	0.20122	0.18187	0.24319	0.16850	0
WAX_USD	2018-03-10	0.18185	0.18171	0.22263	0.17523	0
WAX_USD	2018-03-09	0.18201	0.20539	0.22379	0.14917	0
WAX_USD	2018-03-08	0.20528	0.22990	0.24821	0.19786	0
WAX_USD	2018-03-07	0.22974	0.27964	0.28534	0.19354	0
WAX_USD	2018-03-06	0.26920	0.29873	0.29915	0.26920	0
WAX_USD	2018-03-05	0.29490	0.32730	0.32730	0.29473	0
WAX_USD	2018-03-04	0.33140	0.30389	0.33140	0.29319	0
WAX_USD	2018-03-03	0.30440	0.28741	0.31248	0.29812	0
WAX_USD	2018-03-02	0.28328	0.30590	0.30980	0.28229	0
WAX_USD	2018-03-01	0.30645	0.28911	0.30948	0.29772	0
WAX_USD	2018-02-28	0.28341	0.33221	0.34009	0.28254	0
WAX_USD	2018-02-27	0.33390	0.34714	0.34864	0.31583	0
WAX_USD	2018-02-26	0.34583	0.34563	0.37256	0.31893	0
