WHL_USD	2019-04-09	0.000759	0.000771	0.000771	0.000750	0
WHL_USD	2019-04-08	0.000771	0.000761	0.000777	0.000747	0
WHL_USD	2019-04-07	0.000761	0.000737	0.000769	0.000736	0
WHL_USD	2019-04-06	0.000737	0.000737	0.000765	0.000720	0
WHL_USD	2019-04-05	0.000737	0.000814	0.000843	0.000726	0
WHL_USD	2019-04-04	0.000814	0.000821	0.000841	0.000798	0
WHL_USD	2019-04-03	0.000821	0.000814	0.000879	0.000800	0
WHL_USD	2019-04-02	0.000814	0.000693	0.000838	0.000691	0
WHL_USD	2019-04-01	0.000693	0.000688	0.000696	0.000671	0
WHL_USD	2019-03-31	0.000688	0.000687	0.000690	0.000685	0
WHL_USD	2019-03-30	0.000687	0.000690	0.000695	0.000681	0
WHL_USD	2019-03-29	0.000690	0.000696	0.000699	0.000656	0
WHL_USD	2019-03-28	0.000696	0.000697	0.000698	0.000692	0
WHL_USD	2019-03-27	0.000697	0.000679	0.000699	0.000667	0
WHL_USD	2019-03-26	0.000679	0.000675	0.000679	0.000672	0
WHL_USD	2019-03-25	0.000675	0.000667	0.000688	0.000666	0
WHL_USD	2019-03-24	0.000667	0.000670	0.000670	0.000662	0
WHL_USD	2019-03-23	0.000670	0.000668	0.000673	0.000666	0
WHL_USD	2019-03-22	0.000668	0.000647	0.000671	0.000647	0
WHL_USD	2019-03-21	0.000647	0.000681	0.000705	0.000586	0
WHL_USD	2019-03-20	0.000681	0.000678	0.000695	0.000672	0
WHL_USD	2019-03-19	0.000678	0.000672	0.000679	0.000655	0
WHL_USD	2019-03-18	0.000672	0.000671	0.000693	0.000666	0
WHL_USD	2019-03-17	0.000671	0.000675	0.000675	0.000667	0
WHL_USD	2019-03-16	0.000675	0.000661	0.000685	0.000653	0
WHL_USD	2019-03-15	0.000661	0.000652	0.000662	0.000652	0
WHL_USD	2019-03-14	0.000652	0.000651	0.000660	0.000641	0
WHL_USD	2019-03-13	0.000651	0.000652	0.000673	0.000632	0
WHL_USD	2019-03-12	0.000652	0.000632	0.000673	0.000628	0
WHL_USD	2019-03-11	0.000632	0.000660	0.000661	0.000601	0
WHL_USD	2019-03-10	0.000660	0.000642	0.000681	0.000641	0
WHL_USD	2019-03-09	0.000642	0.000650	0.000667	0.000631	0
WHL_USD	2019-03-08	0.000650	0.000733	0.000742	0.000598	0
WHL_USD	2019-03-07	0.000733	0.000731	0.000739	0.000728	0
WHL_USD	2019-03-06	0.000731	0.000731	0.000736	0.000724	0
WHL_USD	2019-03-05	0.000731	0.000608	0.000734	0.000606	0
WHL_USD	2019-03-04	0.000608	0.000583	0.000631	0.000581	0
WHL_USD	2019-03-03	0.000583	0.000607	0.000646	0.000544	0
WHL_USD	2019-03-02	0.000607	0.000646	0.000666	0.000586	0
WHL_USD	2019-03-01	0.000646	0.000643	0.000667	0.000585	0
WHL_USD	2019-02-28	0.000643	0.000624	0.000669	0.000584	0
WHL_USD	2019-02-27	0.000624	0.000624	0.000648	0.000577	0
WHL_USD	2019-02-26	0.000624	0.000667	0.000688	0.000569	0
WHL_USD	2019-02-25	0.000667	0.000652	0.000674	0.000651	0
WHL_USD	2019-02-24	0.000652	0.000695	0.000707	0.000629	0
WHL_USD	2019-02-23	0.000695	0.000671	0.000702	0.000662	0
WHL_USD	2019-02-22	0.000671	0.000662	0.000692	0.000642	0
WHL_USD	2019-02-21	0.000662	0.000670	0.000680	0.000639	0
WHL_USD	2019-02-20	0.000670	0.000679	0.000691	0.000665	0
WHL_USD	2019-02-19	0.000679	0.000676	0.000694	0.000670	0
WHL_USD	2019-02-18	0.000676	0.000616	0.000677	0.000581	0
WHL_USD	2019-02-17	0.000616	0.000607	0.000624	0.000605	0
WHL_USD	2019-02-16	0.000607	0.000605	0.000633	0.000605	0
WHL_USD	2019-02-15	0.000605	0.000622	0.000622	0.000586	0
WHL_USD	2019-02-14	0.000622	0.000605	0.000626	0.000604	0
WHL_USD	2019-02-13	0.000605	0.000591	0.000616	0.000574	0
WHL_USD	2019-02-12	0.000591	0.000552	0.000595	0.000551	0
WHL_USD	2019-02-11	0.000552	0.000600	0.000600	0.000552	0
WHL_USD	2019-02-10	0.000600	0.000576	0.000600	0.000554	0
WHL_USD	2019-02-09	0.000576	0.000577	0.000579	0.000556	0
WHL_USD	2019-02-08	0.000577	0.000550	0.000588	0.000498	0
WHL_USD	2019-02-07	0.000550	0.000570	0.000571	0.000534	0
WHL_USD	2019-02-06	0.000570	0.000562	0.000571	0.000549	0
WHL_USD	2019-02-05	0.000562	0.000558	0.000563	0.000556	0
WHL_USD	2019-02-04	0.000558	0.000560	0.000563	0.000556	0
WHL_USD	2019-02-03	0.000560	0.000569	0.000588	0.000555	0
WHL_USD	2019-02-02	0.000569	0.000619	0.000622	0.000562	0
WHL_USD	2019-02-01	0.000619	0.000613	0.000622	0.000607	0
WHL_USD	2019-01-31	0.000613	0.000600	0.000622	0.000600	0
WHL_USD	2019-01-30	0.000600	0.000591	0.000603	0.000587	0
WHL_USD	2019-01-29	0.000591	0.000595	0.000597	0.000582	0
WHL_USD	2019-01-28	0.000595	0.000594	0.000597	0.000556	0
WHL_USD	2019-01-27	0.000594	0.000618	0.000619	0.000585	0
WHL_USD	2019-01-26	0.000618	0.000653	0.000657	0.000617	0
WHL_USD	2019-01-25	0.000653	0.000657	0.000659	0.000647	0
WHL_USD	2019-01-24	0.000657	0.000652	0.000660	0.000646	0
WHL_USD	2019-01-23	0.000652	0.000655	0.000661	0.000647	0
WHL_USD	2019-01-22	0.000655	0.000680	0.000683	0.000630	0
WHL_USD	2019-01-21	0.000680	0.000717	0.000719	0.000675	0
WHL_USD	2019-01-20	0.000717	0.000584	0.000737	0.000550	0
WHL_USD	2019-01-19	0.000584	0.000515	0.000589	0.000514	0
WHL_USD	2019-01-18	0.000515	0.000521	0.000521	0.000501	0
WHL_USD	2019-01-17	0.000521	0.000514	0.000521	0.000507	0
WHL_USD	2019-01-16	0.000514	0.000494	0.000523	0.000492	0
WHL_USD	2019-01-15	0.000494	0.000581	0.000585	0.000468	0
WHL_USD	2019-01-14	0.000581	0.000557	0.000589	0.000555	0
WHL_USD	2019-01-13	0.000557	0.000574	0.000576	0.000554	0
WHL_USD	2019-01-12	0.000574	0.000557	0.000579	0.000556	0
WHL_USD	2019-01-11	0.000557	0.000520	0.000565	0.000518	0
WHL_USD	2019-01-10	0.000520	0.000572	0.000579	0.000516	0
WHL_USD	2019-01-09	0.000572	0.000533	0.000574	0.000532	0
WHL_USD	2019-01-08	0.000533	0.000535	0.000547	0.000528	0
WHL_USD	2019-01-07	0.000535	0.000542	0.000546	0.000530	0
WHL_USD	2019-01-06	0.000542	0.000509	0.001017	0.000505	0
WHL_USD	2019-01-05	0.000509	0.000514	0.000522	0.000497	0
WHL_USD	2019-01-04	0.000514	0.000510	0.000518	0.000502	0
WHL_USD	2019-01-03	0.000510	0.000527	0.000527	0.000507	0
WHL_USD	2019-01-02	0.000527	0.000515	0.000529	0.000510	0
WHL_USD	2019-01-01	0.000515	0.000498	0.000518	0.000479	0
WHL_USD	2018-12-31	0.000498	0.000516	0.000518	0.000492	0
WHL_USD	2018-12-30	0.000516	0.000505	0.000519	0.000484	0
WHL_USD	2018-12-29	0.000505	0.000525	0.000531	0.000503	0
WHL_USD	2018-12-28	0.000525	0.000539	0.000592	0.000503	0
WHL_USD	2018-12-27	0.000539	0.000570	0.000575	0.000535	0
WHL_USD	2018-12-26	0.000570	0.000566	0.000579	0.000553	0
WHL_USD	2018-12-25	0.000566	0.000601	0.000602	0.000554	0
WHL_USD	2018-12-24	0.000601	0.000590	0.000636	0.000590	0
WHL_USD	2018-12-23	0.000590	0.000805	0.000817	0.000533	0
WHL_USD	2018-12-22	0.000805	0.000775	0.000809	0.000745	0
WHL_USD	2018-12-21	0.000775	0.000864	0.000879	0.000762	0
WHL_USD	2018-12-20	0.000864	0.000781	0.000891	0.000758	0
WHL_USD	2018-12-19	0.000781	0.000699	0.000828	0.000679	0
WHL_USD	2018-12-18	0.000699	0.000598	0.000703	0.000595	0
WHL_USD	2018-12-17	0.000598	0.000561	0.000621	0.000543	0
WHL_USD	2018-12-16	0.000561	0.000542	0.000570	0.000541	0
WHL_USD	2018-12-15	0.000542	0.000541	0.000548	0.000528	0
WHL_USD	2018-12-14	0.000541	0.000537	0.000575	0.000532	0
WHL_USD	2018-12-13	0.000536	0.000619	0.000620	0.000533	0
WHL_USD	2018-12-12	0.000619	0.000736	0.000741	0.000614	0
WHL_USD	2018-12-11	0.000742	0.000723	0.000747	0.000696	0
WHL_USD	2018-12-10	0.000723	0.000747	0.000758	0.000707	0
WHL_USD	2018-12-09	0.000747	0.000754	0.000774	0.000712	0
WHL_USD	2018-12-08	0.000754	0.000726	0.000786	0.000698	0
WHL_USD	2018-12-07	0.000726	0.000726	0.000741	0.000679	0
WHL_USD	2018-12-06	0.000726	0.000772	0.000803	0.000721	0
WHL_USD	2018-12-05	0.000772	0.000816	0.000819	0.000769	0
WHL_USD	2018-12-04	0.000816	0.000800	0.000853	0.000781	0
WHL_USD	2018-12-03	0.000800	0.000853	0.000877	0.000787	0
WHL_USD	2018-12-02	0.000853	0.000870	0.000892	0.000846	0
WHL_USD	2018-12-01	0.000870	0.000828	0.000889	0.000816	0
WHL_USD	2018-11-30	0.000828	0.000884	0.000893	0.000813	0
WHL_USD	2018-11-29	0.000884	0.000883	0.000916	0.000857	0
WHL_USD	2018-11-28	0.000883	0.000777	0.000908	0.000777	0
WHL_USD	2018-11-27	0.000777	0.000771	0.000789	0.000743	0
WHL_USD	2018-11-26	0.000771	0.000841	0.000860	0.000743	0
WHL_USD	2018-11-25	0.000841	0.000766	0.000861	0.000733	0
WHL_USD	2018-11-24	0.000766	0.000840	0.000858	0.000729	0
WHL_USD	2018-11-23	0.000840	0.000835	0.000851	0.000808	0
WHL_USD	2018-11-22	0.000835	0.000888	0.000896	0.000835	0
WHL_USD	2018-11-21	0.000888	0.000872	0.000902	0.000826	0
WHL_USD	2018-11-20	0.000872	0.000914	0.000934	0.000799	0
WHL_USD	2018-11-19	0.000914	0.001047	0.001047	0.000905	0
WHL_USD	2018-11-18	0.001047	0.001041	0.001056	0.001040	0
WHL_USD	2018-11-17	0.001041	0.001047	0.001047	0.001031	0
WHL_USD	2018-11-16	0.001047	0.001064	0.001065	0.001028	0
WHL_USD	2018-11-15	0.001064	0.001089	0.001097	0.001007	0
WHL_USD	2018-11-14	0.001089	0.001196	0.001200	0.001055	0
WHL_USD	2018-11-13	0.001196	0.001193	0.001202	0.001185	0
WHL_USD	2018-11-12	0.001193	0.001195	0.001199	0.001187	0
WHL_USD	2018-11-11	0.001195	0.001190	0.001195	0.001177	0
WHL_USD	2018-11-10	0.001190	0.001188	0.001195	0.001187	0
WHL_USD	2018-11-09	0.001188	0.001199	0.001203	0.001183	0
WHL_USD	2018-11-08	0.001199	0.001216	0.001218	0.001198	0
WHL_USD	2018-11-07	0.001216	0.001205	0.001222	0.001205	0
WHL_USD	2018-11-06	0.001205	0.001197	0.001205	0.001193	0
WHL_USD	2018-11-05	0.001197	0.001200	0.001202	0.001191	0
WHL_USD	2018-11-04	0.001200	0.001278	0.001283	0.001058	0
WHL_USD	2018-11-03	0.001278	0.001285	0.001286	0.001266	0
WHL_USD	2018-11-02	0.001285	0.001280	0.001291	0.001278	0
WHL_USD	2018-11-01	0.001280	0.001274	0.001285	0.001271	0
WHL_USD	2018-10-31	0.001274	0.001266	0.001280	0.001250	0
WHL_USD	2018-10-30	0.001266	0.001269	0.001276	0.001263	0
WHL_USD	2018-10-29	0.001269	0.001298	0.001300	0.001264	0
WHL_USD	2018-10-28	0.001298	0.001300	0.001302	0.001291	0
WHL_USD	2018-10-27	0.001300	0.001306	0.001311	0.001296	0
WHL_USD	2018-10-26	0.001306	0.001306	0.001317	0.001303	0
WHL_USD	2018-10-25	0.001306	0.001278	0.001312	0.001269	0
WHL_USD	2018-10-24	0.001278	0.001245	0.001291	0.001244	0
WHL_USD	2018-10-23	0.001245	0.001281	0.001283	0.001243	0
WHL_USD	2018-10-22	0.001281	0.001285	0.001292	0.001277	0
WHL_USD	2018-10-21	0.001285	0.001383	0.001394	0.001285	0
WHL_USD	2018-10-20	0.001383	0.001403	0.001408	0.001372	0
WHL_USD	2018-10-19	0.001403	0.001422	0.001425	0.001402	0
WHL_USD	2018-10-18	0.001422	0.001313	0.001442	0.001310	0
WHL_USD	2018-10-17	0.001313	0.001318	0.001324	0.001303	0
WHL_USD	2018-10-16	0.001318	0.001281	0.001350	0.001273	0
WHL_USD	2018-10-15	0.001281	0.001203	0.001428	0.001197	0
WHL_USD	2018-10-14	0.001203	0.001423	0.001440	0.001201	0
WHL_USD	2018-10-13	0.001423	0.001417	0.001425	0.001415	0
WHL_USD	2018-10-12	0.001417	0.001189	0.001428	0.001182	0
WHL_USD	2018-10-11	0.001189	0.001260	0.001260	0.001184	0
WHL_USD	2018-10-10	0.001260	0.001266	0.001266	0.001241	0
WHL_USD	2018-10-09	0.001266	0.001268	0.001269	0.001256	0
WHL_USD	2018-10-08	0.001268	0.001287	0.001291	0.001251	0
WHL_USD	2018-10-07	0.001287	0.001285	0.001294	0.001274	0
WHL_USD	2018-10-06	0.001285	0.001296	0.001296	0.001280	0
WHL_USD	2018-10-05	0.001296	0.001283	0.001300	0.001277	0
WHL_USD	2018-10-04	0.001283	0.001301	0.001355	0.001279	0
WHL_USD	2018-10-03	0.001301	0.001340	0.001342	0.001289	0
WHL_USD	2018-10-02	0.001340	0.001353	0.001360	0.001335	0
WHL_USD	2018-10-01	0.001353	0.001357	0.001394	0.001337	0
WHL_USD	2018-09-30	0.001357	0.001420	0.001420	0.001216	0
WHL_USD	2018-09-29	0.001420	0.001493	0.001493	0.001390	0
WHL_USD	2018-09-28	0.001493	0.001572	0.001604	0.001473	0
WHL_USD	2018-09-27	0.001572	0.001551	0.001581	0.001514	0
WHL_USD	2018-09-26	0.001551	0.001577	0.001632	0.001324	0
WHL_USD	2018-09-25	0.001577	0.001284	0.001962	0.001121	0
WHL_USD	2018-09-24	0.001284	0.001309	0.001311	0.001278	0
WHL_USD	2018-09-23	0.001309	0.001311	0.001323	0.001300	0
WHL_USD	2018-09-22	0.001311	0.001185	0.001320	0.001163	0
WHL_USD	2018-09-21	0.001185	0.001138	0.001186	0.001137	0
WHL_USD	2018-09-20	0.001138	0.001151	0.001174	0.001136	0
WHL_USD	2018-09-19	0.001151	0.001142	0.001164	0.001100	0
WHL_USD	2018-09-18	0.001142	0.001126	0.001149	0.001121	0
WHL_USD	2018-09-17	0.001126	0.001170	0.001176	0.001118	0
WHL_USD	2018-09-16	0.001170	0.001174	0.001174	0.001148	0
WHL_USD	2018-09-15	0.001174	0.001233	0.001239	0.001165	0
WHL_USD	2018-09-14	0.001233	0.001230	0.001251	0.001211	0
WHL_USD	2018-09-13	0.001230	0.001204	0.001239	0.001203	0
WHL_USD	2018-09-12	0.001204	0.001195	0.001206	0.001179	0
WHL_USD	2018-09-11	0.001195	0.001199	0.001245	0.001174	0
WHL_USD	2018-09-10	0.001199	0.001248	0.001269	0.001191	0
WHL_USD	2018-09-09	0.001248	0.001237	0.001283	0.001231	0
WHL_USD	2018-09-08	0.001237	0.001345	0.001355	0.001228	0
WHL_USD	2018-09-07	0.001345	0.001368	0.001372	0.001328	0
WHL_USD	2018-09-06	0.001368	0.001408	0.001411	0.001325	0
WHL_USD	2018-09-05	0.001408	0.001545	0.001553	0.001407	0
WHL_USD	2018-09-04	0.001545	0.001527	0.001556	0.001522	0
WHL_USD	2018-09-03	0.001527	0.001531	0.001541	0.001512	0
WHL_USD	2018-09-02	0.001531	0.001511	0.001543	0.001499	0
WHL_USD	2018-09-01	0.001511	0.001476	0.001525	0.001474	0
WHL_USD	2018-08-31	0.001476	0.001469	0.001488	0.001448	0
WHL_USD	2018-08-30	0.001469	0.001445	0.001570	0.001422	0
WHL_USD	2018-08-29	0.001445	0.001451	0.001453	0.001407	0
WHL_USD	2018-08-28	0.001451	0.001415	0.001459	0.001409	0
WHL_USD	2018-08-27	0.001415	0.001375	0.001417	0.001365	0
WHL_USD	2018-08-26	0.001375	0.001382	0.001390	0.001349	0
WHL_USD	2018-08-25	0.001382	0.001372	0.001392	0.001367	0
WHL_USD	2018-08-24	0.001372	0.001338	0.001379	0.001325	0
WHL_USD	2018-08-23	0.001338	0.001303	0.001346	0.001302	0
WHL_USD	2018-08-22	0.001303	0.001361	0.001442	0.001282	0
WHL_USD	2018-08-21	0.001361	0.001314	0.001365	0.001313	0
WHL_USD	2018-08-20	0.001314	0.001362	0.001369	0.001308	0
WHL_USD	2018-08-19	0.001362	0.001342	0.001373	0.001325	0
WHL_USD	2018-08-18	0.001342	0.001384	0.001388	0.001324	0
WHL_USD	2018-08-17	0.001384	0.001294	0.001384	0.001290	0
WHL_USD	2018-08-16	0.001294	0.001818	0.001818	0.001278	0
WHL_USD	2018-08-15	0.001818	0.001794	0.001918	0.001793	0
WHL_USD	2018-08-14	0.001794	0.001813	0.001813	0.001705	0
WHL_USD	2018-08-13	0.001813	0.001799	0.001830	0.001725	0
WHL_USD	2018-08-12	0.001799	0.001711	0.001870	0.001698	0
WHL_USD	2018-08-11	0.001711	0.001782	0.001862	0.001653	0
WHL_USD	2018-08-10	0.001782	0.001763	0.002272	0.001689	0
WHL_USD	2018-08-09	0.001763	0.001852	0.001880	0.001671	0
WHL_USD	2018-08-08	0.001852	0.001982	0.001982	0.001809	0
WHL_USD	2018-08-07	0.001982	0.002047	0.002109	0.001971	0
WHL_USD	2018-08-06	0.002047	0.002075	0.002108	0.002021	0
WHL_USD	2018-08-05	0.002075	0.002067	0.002091	0.002033	0
WHL_USD	2018-08-04	0.002067	0.002188	0.002209	0.002044	0
WHL_USD	2018-08-03	0.002188	0.002223	0.002223	0.002149	0
WHL_USD	2018-08-02	0.002223	0.002245	0.002272	0.002201	0
WHL_USD	2018-08-01	0.002245	0.002052	0.002255	0.001991	0
WHL_USD	2018-07-31	0.002052	0.002043	0.002203	0.002022	0
WHL_USD	2018-07-30	0.002043	0.002055	0.002069	0.001590	0
WHL_USD	2018-07-29	0.002055	0.002044	0.002069	0.002031	0
WHL_USD	2018-07-28	0.002061	0.002061	0.002061	0.002061	0
WHL_USD	2018-07-27	0.002061	0.002061	0.002061	0.002020	0
WHL_USD	2018-07-26	0.002061	0.002044	0.002076	0.002018	0
WHL_USD	2018-07-25	0.002044	0.002398	0.002418	0.002041	0
WHL_USD	2018-07-24	0.002398	0.002121	0.002415	0.002115	0
WHL_USD	2018-07-23	0.002121	0.002035	0.002140	0.002028	0
WHL_USD	2018-07-22	0.002035	0.002036	0.002080	0.002020	0
WHL_USD	2018-07-21	0.002036	0.002016	0.002048	0.001986	0
WHL_USD	2018-07-20	0.002016	0.002093	0.002112	0.002002	0
WHL_USD	2018-07-19	0.002093	0.002063	0.002165	0.002024	0
WHL_USD	2018-07-18	0.002063	0.002013	0.002270	0.002013	0
WHL_USD	2018-07-17	0.002013	0.001853	0.002052	0.001834	0
WHL_USD	2018-07-16	0.001853	0.001745	0.001856	0.001741	0
WHL_USD	2018-07-15	0.001745	0.001781	0.001781	0.001713	0
WHL_USD	2018-07-14	0.001781	0.001679	0.001860	0.001675	0
WHL_USD	2018-07-13	0.001679	0.001682	0.001709	0.001659	0
WHL_USD	2018-07-12	0.001682	0.001786	0.001786	0.001642	0
WHL_USD	2018-07-11	0.001786	0.001764	0.001791	0.001761	0
WHL_USD	2018-07-10	0.001764	0.001865	0.001870	0.001758	0
WHL_USD	2018-07-09	0.001865	0.001878	0.001903	0.001858	0
WHL_USD	2018-07-08	0.001878	0.001893	0.001901	0.001871	0
WHL_USD	2018-07-07	0.001893	0.001848	0.001911	0.001793	0
WHL_USD	2018-07-06	0.001848	0.001733	0.001852	0.001710	0
WHL_USD	2018-07-05	0.001733	0.001812	0.001842	0.001680	0
WHL_USD	2018-07-04	0.001812	0.001820	0.001846	0.001755	0
WHL_USD	2018-07-03	0.001820	0.001985	0.002001	0.000024	0
WHL_USD	2018-07-02	0.001985	0.001936	0.002222	0.000000	0
WHL_USD	2018-07-01	0.001937	0.002652	0.002669	0.001484	0
WHL_USD	2018-06-30	0.002652	0.002574	0.002704	0.002574	0
WHL_USD	2018-06-29	0.002576	0.002427	0.002603	0.002407	0
WHL_USD	2018-06-28	0.002431	0.002607	0.002620	0.002419	0
WHL_USD	2018-06-27	0.002607	0.002578	0.002626	0.002545	0
WHL_USD	2018-06-26	0.002586	0.002657	0.002666	0.002572	0
WHL_USD	2018-06-25	0.002655	0.002612	0.002684	0.002585	0
WHL_USD	2018-06-24	0.002613	0.002618	0.002651	0.002454	0
WHL_USD	2018-06-23	0.002615	0.002568	0.002656	0.002557	0
WHL_USD	2018-06-22	0.002568	0.002853	0.002861	0.002523	0
WHL_USD	2018-06-21	0.002853	0.002873	0.002884	0.002844	0
WHL_USD	2018-06-20	0.002873	0.002861	0.002895	0.002788	0
WHL_USD	2018-06-19	0.002865	0.002852	0.002902	0.002835	0
WHL_USD	2018-06-18	0.002851	0.002738	0.002884	0.002715	0
WHL_USD	2018-06-17	0.002736	0.002757	0.002792	0.002731	0
WHL_USD	2018-06-16	0.002756	0.002714	0.002784	0.002690	0
WHL_USD	2018-06-15	0.002712	0.002823	0.002823	0.002703	0
WHL_USD	2018-06-14	0.002817	0.002675	0.002847	0.002666	0
WHL_USD	2018-06-13	0.002674	0.002781	0.002807	0.002604	0
WHL_USD	2018-06-12	0.002781	0.002954	0.002954	0.002737	0
WHL_USD	2018-06-11	0.002956	0.002906	0.002966	0.002855	0
WHL_USD	2018-06-10	0.002902	0.003374	0.003374	0.002856	0
WHL_USD	2018-06-09	0.003373	0.003198	0.003446	0.003198	0
WHL_USD	2018-06-08	0.003198	0.003228	0.003233	0.003168	0
WHL_USD	2018-06-07	0.003229	0.003138	0.003250	0.003138	0
WHL_USD	2018-06-06	0.003138	0.003013	0.003141	0.002995	0
WHL_USD	2018-06-05	0.003011	0.003033	0.003038	0.002912	0
WHL_USD	2018-06-04	0.003035	0.003013	0.003053	0.002911	0
WHL_USD	2018-06-03	0.003010	0.002977	0.003131	0.002957	0
WHL_USD	2018-06-02	0.002979	0.002936	0.002999	0.002907	0
WHL_USD	2018-06-01	0.002933	0.003256	0.003306	0.002867	0
WHL_USD	2018-05-31	0.003257	0.002728	0.003289	0.002715	0
WHL_USD	2018-05-30	0.002729	0.002799	0.002834	0.002694	0
WHL_USD	2018-05-29	0.002796	0.002629	0.002820	0.002608	0
WHL_USD	2018-05-28	0.002627	0.002790	0.002800	0.002616	0
WHL_USD	2018-05-27	0.002789	0.002748	0.002807	0.002647	0
WHL_USD	2018-05-26	0.002748	0.002759	0.002894	0.002697	0
WHL_USD	2018-05-25	0.002759	0.003296	0.003327	0.002640	0
WHL_USD	2018-05-24	0.003294	0.003264	0.003357	0.003160	0
WHL_USD	2018-05-23	0.003266	0.003510	0.003522	0.003240	0
WHL_USD	2018-05-22	0.003471	0.003652	0.003656	0.003467	0
WHL_USD	2018-05-21	0.003652	0.003750	0.003797	0.003638	0
WHL_USD	2018-05-20	0.003750	0.003708	0.003905	0.003677	0
WHL_USD	2018-05-19	0.003707	0.003708	0.003776	0.003665	0
WHL_USD	2018-05-18	0.003708	0.003625	0.003724	0.003567	0
WHL_USD	2018-05-17	0.003630	0.003798	0.003819	0.003598	0
WHL_USD	2018-05-16	0.003795	0.003894	0.003905	0.003728	0
WHL_USD	2018-05-15	0.003894	0.003987	0.004060	0.003876	0
WHL_USD	2018-05-14	0.003987	0.004255	0.004263	0.003835	0
WHL_USD	2018-05-13	0.004255	0.004068	0.004289	0.004035	0
WHL_USD	2018-05-12	0.004059	0.003944	0.004141	0.003857	0
WHL_USD	2018-05-11	0.003944	0.004329	0.004366	0.003922	0
WHL_USD	2018-05-10	0.004329	0.004333	0.004585	0.004126	0
WHL_USD	2018-05-09	0.004333	0.004041	0.004346	0.003951	0
WHL_USD	2018-05-08	0.004044	0.004118	0.004132	0.000000	0
WHL_USD	2018-05-07	0.004196	0.004250	0.004257	0.003923	0
WHL_USD	2018-05-06	0.004250	0.003995	0.004256	0.003829	0
WHL_USD	2018-05-05	0.003991	0.004563	0.004941	0.003944	0
WHL_USD	2018-05-04	0.004563	0.004150	0.004591	0.003845	0
WHL_USD	2018-05-03	0.004153	0.003833	0.004181	0.003820	0
WHL_USD	2018-05-02	0.003833	0.003717	0.003833	0.003653	0
WHL_USD	2018-05-01	0.003721	0.003741	0.003742	0.003579	0
WHL_USD	2018-04-30	0.003741	0.003806	0.003875	0.003593	0
WHL_USD	2018-04-29	0.003806	0.004063	0.004159	0.003618	0
WHL_USD	2018-04-28	0.004063	0.003795	0.004104	0.003771	0
WHL_USD	2018-04-27	0.003795	0.003858	0.003987	0.003784	0
WHL_USD	2018-04-26	0.003858	0.003461	0.003863	0.003390	0
WHL_USD	2018-04-25	0.003461	0.004874	0.004926	0.003382	0
WHL_USD	2018-04-24	0.004885	0.004380	0.004918	0.004376	0
WHL_USD	2018-04-23	0.004380	0.004312	0.004413	0.004299	0
WHL_USD	2018-04-22	0.004312	0.004457	0.004468	0.004232	0
WHL_USD	2018-04-21	0.004457	0.005234	0.005327	0.004310	0
WHL_USD	2018-04-20	0.005234	0.004882	0.005269	0.004853	0
WHL_USD	2018-04-19	0.004882	0.004655	0.004992	0.004571	0
WHL_USD	2018-04-18	0.004655	0.004340	0.004753	0.004331	0
WHL_USD	2018-04-17	0.004340	0.004270	0.004694	0.004246	0
WHL_USD	2018-04-16	0.004270	0.004262	0.004439	0.004184	0
WHL_USD	2018-04-15	0.004262	0.003963	0.004293	0.003962	0
WHL_USD	2018-04-14	0.003963	0.003703	0.004002	0.003676	0
WHL_USD	2018-04-13	0.003703	0.003877	0.004030	0.003651	0
WHL_USD	2018-04-12	0.003877	0.003402	0.003951	0.003313	0
WHL_USD	2018-04-11	0.003404	0.003352	0.003417	0.003330	0
WHL_USD	2018-04-10	0.003352	0.003313	0.003376	0.003260	0
WHL_USD	2018-04-09	0.003312	0.003437	0.003520	0.003240	0
WHL_USD	2018-04-08	0.003437	0.003409	0.003482	0.003213	0
WHL_USD	2018-04-07	0.003409	0.003373	0.003582	0.003341	0
WHL_USD	2018-04-06	0.003373	0.003279	0.003377	0.003157	0
WHL_USD	2018-04-05	0.003279	0.003291	0.003350	0.003187	0
WHL_USD	2018-04-04	0.003291	0.003443	0.003449	0.003248	0
WHL_USD	2018-04-03	0.003443	0.003279	0.003491	0.003264	0
WHL_USD	2018-04-02	0.003279	0.003099	0.003309	0.003082	0
WHL_USD	2018-04-01	0.003099	0.003151	0.003199	0.002928	0
WHL_USD	2018-03-31	0.003151	0.003112	0.003286	0.003091	0
WHL_USD	2018-03-30	0.003112	0.003227	0.003270	0.002960	0
WHL_USD	2018-03-29	0.003227	0.003931	0.003941	0.003137	0
WHL_USD	2018-03-28	0.003931	0.003853	0.004012	0.003826	0
WHL_USD	2018-03-27	0.003853	0.004022	0.004062	0.003832	0
WHL_USD	2018-03-26	0.004022	0.004180	0.004204	0.003885	0
WHL_USD	2018-03-25	0.004180	0.004296	0.004340	0.004145	0
WHL_USD	2018-03-24	0.004296	0.004407	0.004693	0.004291	0
WHL_USD	2018-03-23	0.004407	0.004446	0.004446	0.004137	0
WHL_USD	2018-03-22	0.004446	0.004583	0.004679	0.004346	0
WHL_USD	2018-03-21	0.004583	0.004581	0.004720	0.004511	0
WHL_USD	2018-03-20	0.004581	0.004429	0.004648	0.004282	0
WHL_USD	2018-03-19	0.004429	0.004104	0.004480	0.004056	0
WHL_USD	2018-03-18	0.004104	0.003975	0.004125	0.003632	0
WHL_USD	2018-03-17	0.003975	0.004312	0.004337	0.003914	0
WHL_USD	2018-03-16	0.004312	0.003838	0.004467	0.003675	0
WHL_USD	2018-03-15	0.003838	0.003724	0.003890	0.003494	0
WHL_USD	2018-03-14	0.003724	0.004750	0.004939	0.003605	0
WHL_USD	2018-03-13	0.004750	0.004651	0.004956	0.004567	0
WHL_USD	2018-03-12	0.004651	0.004612	0.005348	0.004489	0
WHL_USD	2018-03-11	0.004612	0.004422	0.004742	0.004257	0
WHL_USD	2018-03-10	0.004422	0.004011	0.004481	0.003790	0
WHL_USD	2018-03-09	0.004011	0.003859	0.004062	0.003466	0
WHL_USD	2018-03-08	0.003859	0.004101	0.004186	0.003663	0
WHL_USD	2018-03-07	0.004101	0.004343	0.004441	0.003821	0
WHL_USD	2018-03-06	0.004343	0.004653	0.004653	0.004286	0
WHL_USD	2018-03-05	0.004653	0.005121	0.005155	0.004637	0
WHL_USD	2018-03-04	0.005051	0.005089	0.005089	0.004932	0
WHL_USD	2018-03-03	0.005056	0.004961	0.005116	0.004961	0
WHL_USD	2018-03-02	0.004953	0.004917	0.004969	0.004850	0
