WIX_USD	2019-04-09	0.11490	0.11620	0.11620	0.11297	0
WIX_USD	2019-04-08	0.11620	0.11456	0.11709	0.11247	0
WIX_USD	2019-04-07	0.11456	0.11095	0.11576	0.11085	0
WIX_USD	2019-04-06	0.11095	0.11104	0.11524	0.10851	0
WIX_USD	2019-04-05	0.11104	0.10778	0.11177	0.10774	0
WIX_USD	2019-04-04	0.10778	0.10873	0.11137	0.10558	0
WIX_USD	2019-04-03	0.10873	0.10771	0.11632	0.10593	0
WIX_USD	2019-04-02	0.10771	0.09170	0.11088	0.09150	0
WIX_USD	2019-04-01	0.09170	0.09102	0.09218	0.09015	0
WIX_USD	2019-03-31	0.09102	0.09096	0.09132	0.09071	0
WIX_USD	2019-03-30	0.09096	0.09127	0.09195	0.09011	0
WIX_USD	2019-03-29	0.09127	0.08938	0.09145	0.08922	0
WIX_USD	2019-03-28	0.08938	0.08960	0.08963	0.08884	0
WIX_USD	2019-03-27	0.08960	0.08718	0.08975	0.08691	0
WIX_USD	2019-03-26	0.08718	0.08670	0.08725	0.08629	0
WIX_USD	2019-03-25	0.08670	0.08827	0.08845	0.08605	0
WIX_USD	2019-03-24	0.08827	0.08874	0.08874	0.08765	0
WIX_USD	2019-03-23	0.08874	0.08843	0.08903	0.08815	0
WIX_USD	2019-03-22	0.08843	0.08834	0.08887	0.08812	0
WIX_USD	2019-03-21	0.08834	0.09014	0.09055	0.08749	0
WIX_USD	2019-03-20	0.09014	0.08971	0.09033	0.08895	0
WIX_USD	2019-03-19	0.08971	0.08897	0.08994	0.08860	0
WIX_USD	2019-03-18	0.08897	0.08887	0.08995	0.08819	0
WIX_USD	2019-03-17	0.08887	0.08932	0.08932	0.08826	0
WIX_USD	2019-03-16	0.08932	0.08743	0.09069	0.08743	0
WIX_USD	2019-03-15	0.08743	0.08626	0.08760	0.08624	0
WIX_USD	2019-03-14	0.08626	0.08622	0.08736	0.08491	0
WIX_USD	2019-03-13	0.08622	0.08636	0.08672	0.08573	0
WIX_USD	2019-03-12	0.08636	0.08631	0.08691	0.08509	0
WIX_USD	2019-03-11	0.08631	0.08735	0.08756	0.08564	0
WIX_USD	2019-03-10	0.08735	0.08770	0.08774	0.08659	0
WIX_USD	2019-03-09	0.08770	0.08606	0.08834	0.08592	0
WIX_USD	2019-03-08	0.08606	0.08659	0.08779	0.08465	0
WIX_USD	2019-03-07	0.08659	0.08630	0.08722	0.08595	0
WIX_USD	2019-03-06	0.08630	0.08627	0.08686	0.08542	0
WIX_USD	2019-03-05	0.08627	0.08299	0.08663	0.08269	0
WIX_USD	2019-03-04	0.08299	0.08484	0.08533	0.08228	0
WIX_USD	2019-03-03	0.08484	0.08546	0.08569	0.08430	0
WIX_USD	2019-03-02	0.08546	0.08555	0.08569	0.08422	0
WIX_USD	2019-03-01	0.08555	0.08508	0.08622	0.08502	0
WIX_USD	2019-02-28	0.08508	0.08519	0.08707	0.08484	0
WIX_USD	2019-02-27	0.08519	0.08514	0.08592	0.08240	0
WIX_USD	2019-02-26	0.08514	0.08569	0.08592	0.08461	0
WIX_USD	2019-02-25	0.08569	0.08371	0.08658	0.08366	0
WIX_USD	2019-02-24	0.08371	0.09200	0.09353	0.08327	0
WIX_USD	2019-02-23	0.09200	0.08878	0.09293	0.08769	0
WIX_USD	2019-02-22	0.08878	0.08758	0.08898	0.08717	0
WIX_USD	2019-02-21	0.08758	0.08868	0.09001	0.08684	0
WIX_USD	2019-02-20	0.08868	0.08717	0.08882	0.08666	0
WIX_USD	2019-02-19	0.08717	0.08690	0.08914	0.08612	0
WIX_USD	2019-02-18	0.08690	0.08159	0.08756	0.08134	0
WIX_USD	2019-02-17	0.08159	0.08029	0.08263	0.08013	0
WIX_USD	2019-02-16	0.08029	0.08003	0.08131	0.08002	0
WIX_USD	2019-02-15	0.08003	0.07988	0.08116	0.07960	0
WIX_USD	2019-02-14	0.07988	0.08013	0.08040	0.07956	0
WIX_USD	2019-02-13	0.08013	0.08068	0.08158	0.07973	0
WIX_USD	2019-02-12	0.08068	0.08039	0.08133	0.07961	0
WIX_USD	2019-02-11	0.08039	0.08183	0.08189	0.08029	0
WIX_USD	2019-02-10	0.08183	0.08121	0.08185	0.08010	0
WIX_USD	2019-02-09	0.08121	0.08133	0.08165	0.08067	0
WIX_USD	2019-02-08	0.08133	0.07504	0.08285	0.07486	0
WIX_USD	2019-02-07	0.07504	0.07539	0.07562	0.07493	0
WIX_USD	2019-02-06	0.07539	0.07670	0.07690	0.07476	0
WIX_USD	2019-02-05	0.07670	0.07623	0.07679	0.07591	0
WIX_USD	2019-02-04	0.07623	0.07648	0.07686	0.07590	0
WIX_USD	2019-02-03	0.07648	0.07773	0.07790	0.07581	0
WIX_USD	2019-02-02	0.07773	0.07726	0.07801	0.07646	0
WIX_USD	2019-02-01	0.07726	0.07650	0.07763	0.07570	0
WIX_USD	2019-01-31	0.07650	0.07709	0.07791	0.07605	0
WIX_USD	2019-01-30	0.07709	0.07596	0.07745	0.07539	0
WIX_USD	2019-01-29	0.07596	0.07647	0.07671	0.07476	0
WIX_USD	2019-01-28	0.07647	0.07856	0.07858	0.07549	0
WIX_USD	2019-01-27	0.07856	0.07934	0.07955	0.07739	0
WIX_USD	2019-01-26	0.07934	0.07926	0.08151	0.07917	0
WIX_USD	2019-01-25	0.07926	0.07976	0.08001	0.07852	0
WIX_USD	2019-01-24	0.07976	0.07906	0.08011	0.07840	0
WIX_USD	2019-01-23	0.07906	0.07948	0.08019	0.07845	0
WIX_USD	2019-01-22	0.07948	0.07821	0.08029	0.07648	0
WIX_USD	2019-01-21	0.07821	0.07832	0.07875	0.07760	0
WIX_USD	2019-01-20	0.07832	0.08222	0.08291	0.07748	0
WIX_USD	2019-01-19	0.08222	0.08028	0.08407	0.08024	0
WIX_USD	2019-01-18	0.08028	0.08125	0.08133	0.07980	0
WIX_USD	2019-01-17	0.08125	0.08018	0.08130	0.07906	0
WIX_USD	2019-01-16	0.08018	0.07985	0.08154	0.07956	0
WIX_USD	2019-01-15	0.07985	0.08188	0.08243	0.07936	0
WIX_USD	2019-01-14	0.08188	0.07943	0.08293	0.07877	0
WIX_USD	2019-01-13	0.07943	0.08834	0.08834	0.07880	0
WIX_USD	2019-01-12	0.08834	0.09415	0.09715	0.08663	0
WIX_USD	2019-01-11	0.09415	0.09212	0.09765	0.09179	0
WIX_USD	2019-01-10	0.09212	0.09976	0.10065	0.08737	0
WIX_USD	2019-01-09	0.09976	0.10728	0.11506	0.09904	0
WIX_USD	2019-01-08	0.10728	0.09524	0.12223	0.09427	0
WIX_USD	2019-01-07	0.09524	0.09899	0.09959	0.09441	0
WIX_USD	2019-01-06	0.09899	0.09328	0.18310	0.09100	0
WIX_USD	2019-01-05	0.09328	0.09705	0.10377	0.08951	0
WIX_USD	2019-01-04	0.09705	0.09508	0.09804	0.09445	0
WIX_USD	2019-01-03	0.09508	0.09098	0.09795	0.08267	0
WIX_USD	2019-01-02	0.09098	0.08124	0.09134	0.08071	0
WIX_USD	2019-01-01	0.08124	0.08090	0.08246	0.07756	0
WIX_USD	2018-12-31	0.08090	0.08134	0.08385	0.07461	0
WIX_USD	2018-12-30	0.08134	0.08783	0.08860	0.07837	0
WIX_USD	2018-12-29	0.08783	0.07238	0.09247	0.06841	0
WIX_USD	2018-12-28	0.07238	0.06882	0.07377	0.06728	0
WIX_USD	2018-12-27	0.06882	0.08587	0.08665	0.06819	0
WIX_USD	2018-12-26	0.08587	0.08742	0.08999	0.08053	0
WIX_USD	2018-12-25	0.08742	0.09596	0.09611	0.06592	0
WIX_USD	2018-12-24	0.09596	0.08580	0.11595	0.08215	0
WIX_USD	2018-12-23	0.08580	0.07478	0.09631	0.06630	0
WIX_USD	2018-12-22	0.07478	0.05596	0.09351	0.05543	0
WIX_USD	2018-12-21	0.05596	0.05201	0.05994	0.04942	0
WIX_USD	2018-12-20	0.05201	0.05361	0.05947	0.04877	0
WIX_USD	2018-12-19	0.05361	0.05066	0.05708	0.05033	0
WIX_USD	2018-12-18	0.05066	0.04847	0.05321	0.04517	0
WIX_USD	2018-12-17	0.04847	0.04298	0.04906	0.04279	0
WIX_USD	2018-12-16	0.04298	0.04352	0.04501	0.04288	0
WIX_USD	2018-12-15	0.04352	0.04449	0.05071	0.04290	0
WIX_USD	2018-12-14	0.04449	0.04057	0.04601	0.03966	0
WIX_USD	2018-12-13	0.04057	0.04326	0.04330	0.04021	0
WIX_USD	2018-12-12	0.04326	0.04067	0.04356	0.04060	0
WIX_USD	2018-12-11	0.04103	0.04145	0.04254	0.04030	0
WIX_USD	2018-12-10	0.04145	0.04058	0.04312	0.04021	0
WIX_USD	2018-12-09	0.04058	0.03988	0.04287	0.03893	0
WIX_USD	2018-12-08	0.03988	0.03829	0.04197	0.03730	0
WIX_USD	2018-12-07	0.03829	0.03629	0.04393	0.03318	0
WIX_USD	2018-12-06	0.03629	0.03524	0.04041	0.03520	0
WIX_USD	2018-12-05	0.03524	0.04189	0.04195	0.03375	0
WIX_USD	2018-12-04	0.04189	0.04155	0.04367	0.04042	0
WIX_USD	2018-12-03	0.04155	0.03833	0.04183	0.03761	0
WIX_USD	2018-12-02	0.03833	0.04703	0.04873	0.03824	0
WIX_USD	2018-12-01	0.04703	0.04567	0.04881	0.04491	0
WIX_USD	2018-11-30	0.04567	0.04728	0.04777	0.04277	0
WIX_USD	2018-11-29	0.04728	0.04894	0.05159	0.04621	0
WIX_USD	2018-11-28	0.04894	0.04104	0.05132	0.04104	0
WIX_USD	2018-11-27	0.04104	0.04075	0.04166	0.03923	0
WIX_USD	2018-11-26	0.04075	0.04341	0.04439	0.03927	0
WIX_USD	2018-11-25	0.04341	0.04184	0.04448	0.03882	0
WIX_USD	2018-11-24	0.04184	0.04743	0.04867	0.04084	0
WIX_USD	2018-11-23	0.04743	0.04838	0.05115	0.04643	0
WIX_USD	2018-11-22	0.04838	0.05325	0.05379	0.04836	0
WIX_USD	2018-11-21	0.05325	0.05332	0.05517	0.05150	0
WIX_USD	2018-11-20	0.05332	0.05523	0.05657	0.04674	0
WIX_USD	2018-11-19	0.05523	0.06644	0.06695	0.05489	0
WIX_USD	2018-11-18	0.06644	0.05939	0.06774	0.05939	0
WIX_USD	2018-11-17	0.05939	0.06000	0.06000	0.05867	0
WIX_USD	2018-11-16	0.06000	0.05867	0.06113	0.05760	0
WIX_USD	2018-11-15	0.05867	0.06915	0.07114	0.05626	0
WIX_USD	2018-11-14	0.06915	0.07327	0.07596	0.06491	0
WIX_USD	2018-11-13	0.07327	0.07266	0.07796	0.07197	0
WIX_USD	2018-11-12	0.07266	0.06566	0.08146	0.06553	0
WIX_USD	2018-11-11	0.06566	0.06566	0.06844	0.06507	0
WIX_USD	2018-11-10	0.06566	0.06202	0.07267	0.06180	0
WIX_USD	2018-11-09	0.06202	0.07121	0.07138	0.05971	0
WIX_USD	2018-11-08	0.07121	0.06395	0.09140	0.06223	0
WIX_USD	2018-11-07	0.06395	0.06264	0.06939	0.06261	0
WIX_USD	2018-11-06	0.06264	0.06305	0.07187	0.06223	0
WIX_USD	2018-11-05	0.06305	0.07033	0.07300	0.06212	0
WIX_USD	2018-11-04	0.07033	0.07023	0.07078	0.06521	0
WIX_USD	2018-11-03	0.07023	0.05794	0.07289	0.05789	0
WIX_USD	2018-11-02	0.05794	0.05846	0.06378	0.05756	0
WIX_USD	2018-11-01	0.05846	0.05808	0.06004	0.05683	0
WIX_USD	2018-10-31	0.05808	0.06131	0.06391	0.05808	0
WIX_USD	2018-10-30	0.06131	0.05729	0.06374	0.05724	0
WIX_USD	2018-10-29	0.05729	0.06461	0.06839	0.05701	0
WIX_USD	2018-10-28	0.06461	0.06887	0.06936	0.06445	0
WIX_USD	2018-10-27	0.06887	0.07436	0.07436	0.05461	0
WIX_USD	2018-10-26	0.07436	0.06659	0.07469	0.06512	0
WIX_USD	2018-10-25	0.06659	0.06138	0.06666	0.06065	0
WIX_USD	2018-10-24	0.06138	0.05888	0.06308	0.05715	0
WIX_USD	2018-10-23	0.05888	0.05549	0.06337	0.04912	0
WIX_USD	2018-10-22	0.05549	0.05201	0.05553	0.04831	0
WIX_USD	2018-10-21	0.05201	0.05041	0.05264	0.05013	0
WIX_USD	2018-10-20	0.05041	0.05453	0.05569	0.05038	0
WIX_USD	2018-10-19	0.05453	0.05175	0.05560	0.04895	0
WIX_USD	2018-10-18	0.05175	0.05294	0.05307	0.04938	0
WIX_USD	2018-10-17	0.05294	0.05011	0.05357	0.04817	0
WIX_USD	2018-10-16	0.05011	0.05434	0.05610	0.04785	0
WIX_USD	2018-10-15	0.05434	0.04680	0.06808	0.04656	0
WIX_USD	2018-10-14	0.04680	0.05387	0.05475	0.04673	0
WIX_USD	2018-10-13	0.05387	0.05702	0.05724	0.05356	0
WIX_USD	2018-10-12	0.05702	0.05777	0.05777	0.05405	0
WIX_USD	2018-10-11	0.05777	0.06196	0.06197	0.05553	0
WIX_USD	2018-10-10	0.06196	0.06253	0.06650	0.06154	0
WIX_USD	2018-10-09	0.06253	0.06089	0.06306	0.06072	0
WIX_USD	2018-10-08	0.06089	0.05878	0.06117	0.05878	0
WIX_USD	2018-10-07	0.05878	0.05923	0.06056	0.05829	0
WIX_USD	2018-10-06	0.05923	0.06176	0.06179	0.05808	0
WIX_USD	2018-10-05	0.06176	0.05958	0.06188	0.05868	0
WIX_USD	2018-10-04	0.05958	0.05976	0.06003	0.05771	0
WIX_USD	2018-10-03	0.05976	0.06094	0.06191	0.05744	0
WIX_USD	2018-10-02	0.06094	0.06050	0.06164	0.05732	0
WIX_USD	2018-10-01	0.06050	0.06017	0.06315	0.05912	0
WIX_USD	2018-09-30	0.06017	0.06010	0.06077	0.05859	0
WIX_USD	2018-09-29	0.06010	0.05985	0.06076	0.05745	0
WIX_USD	2018-09-28	0.05985	0.06692	0.06778	0.05936	0
WIX_USD	2018-09-27	0.06692	0.06411	0.06832	0.05982	0
WIX_USD	2018-09-26	0.06411	0.06608	0.06957	0.06317	0
WIX_USD	2018-09-25	0.06608	0.06578	0.06657	0.05805	0
WIX_USD	2018-09-24	0.06578	0.06382	0.06965	0.06370	0
WIX_USD	2018-09-23	0.06382	0.06253	0.06700	0.06061	0
WIX_USD	2018-09-22	0.06253	0.07886	0.07965	0.05859	0
WIX_USD	2018-09-21	0.07886	0.06107	0.07927	0.05683	0
WIX_USD	2018-09-20	0.06107	0.06868	0.07857	0.04739	0
WIX_USD	2018-09-19	0.06868	0.06822	0.07035	0.06575	0
WIX_USD	2018-09-18	0.06822	0.06733	0.06886	0.06697	0
WIX_USD	2018-09-17	0.06733	0.06937	0.06979	0.06650	0
WIX_USD	2018-09-16	0.06937	0.06846	0.06950	0.06689	0
WIX_USD	2018-09-15	0.06846	0.06766	0.06938	0.06754	0
WIX_USD	2018-09-14	0.06766	0.06647	0.06920	0.06632	0
WIX_USD	2018-09-13	0.06647	0.05814	0.06835	0.05425	0
WIX_USD	2018-09-12	0.05814	0.06419	0.06690	0.05048	0
WIX_USD	2018-09-11	0.06419	0.07554	0.07704	0.05408	0
WIX_USD	2018-09-10	0.07554	0.07250	0.07555	0.07051	0
WIX_USD	2018-09-09	0.07250	0.09308	0.09594	0.06844	0
WIX_USD	2018-09-08	0.09308	0.09513	0.09871	0.09093	0
WIX_USD	2018-09-07	0.09513	0.10549	0.10590	0.09164	0
WIX_USD	2018-09-06	0.10549	0.09117	0.10558	0.08695	0
WIX_USD	2018-09-05	0.09117	0.11561	0.11871	0.08884	0
WIX_USD	2018-09-04	0.11561	0.11123	0.11827	0.10251	0
WIX_USD	2018-09-03	0.11123	0.11344	0.11562	0.10065	0
WIX_USD	2018-09-02	0.11344	0.11419	0.11936	0.09227	0
WIX_USD	2018-09-01	0.11419	0.11200	0.11691	0.11008	0
WIX_USD	2018-08-31	0.11200	0.11159	0.11640	0.10714	0
WIX_USD	2018-08-30	0.11159	0.10845	0.11232	0.09583	0
WIX_USD	2018-08-29	0.10845	0.11191	0.11370	0.10594	0
WIX_USD	2018-08-28	0.11191	0.09858	0.11372	0.09831	0
WIX_USD	2018-08-27	0.09858	0.07121	0.10877	0.07029	0
WIX_USD	2018-08-26	0.07121	0.07238	0.07816	0.06400	0
WIX_USD	2018-08-25	0.07238	0.09104	0.09237	0.06199	0
WIX_USD	2018-08-24	0.09104	0.08227	0.09146	0.08083	0
WIX_USD	2018-08-23	0.08227	0.08109	0.08276	0.07846	0
WIX_USD	2018-08-22	0.08109	0.07772	0.08236	0.07694	0
WIX_USD	2018-08-21	0.07772	0.07437	0.08145	0.06954	0
WIX_USD	2018-08-20	0.07437	0.07111	0.07719	0.07003	0
WIX_USD	2018-08-19	0.07111	0.06844	0.07171	0.06757	0
WIX_USD	2018-08-18	0.06844	0.07221	0.08134	0.06752	0
WIX_USD	2018-08-17	0.07221	0.06346	0.07221	0.06328	0
WIX_USD	2018-08-16	0.06346	0.06342	0.06803	0.05992	0
WIX_USD	2018-08-15	0.06342	0.06699	0.07315	0.05979	0
WIX_USD	2018-08-14	0.06699	0.07574	0.07651	0.06136	0
WIX_USD	2018-08-13	0.07574	0.07864	0.08598	0.06639	0
WIX_USD	2018-08-12	0.07864	0.07674	0.08033	0.07480	0
WIX_USD	2018-08-11	0.07674	0.09480	0.09519	0.06293	0
WIX_USD	2018-08-10	0.09480	0.10032	0.10100	0.09265	0
WIX_USD	2018-08-09	0.10032	0.10170	0.10602	0.09893	0
WIX_USD	2018-08-08	0.10170	0.10957	0.10957	0.09672	0
WIX_USD	2018-08-07	0.10957	0.11663	0.11755	0.10857	0
WIX_USD	2018-08-06	0.11663	0.11695	0.12003	0.10880	0
WIX_USD	2018-08-05	0.11695	0.12022	0.12348	0.11455	0
WIX_USD	2018-08-04	0.12022	0.12897	0.13109	0.11960	0
WIX_USD	2018-08-03	0.12897	0.13277	0.13277	0.12789	0
WIX_USD	2018-08-02	0.13277	0.15181	0.15250	0.12744	0
WIX_USD	2018-08-01	0.15181	0.13678	0.15560	0.13049	0
WIX_USD	2018-07-31	0.13678	0.14455	0.14466	0.13254	0
WIX_USD	2018-07-30	0.14455	0.14508	0.14882	0.13931	0
WIX_USD	2018-07-29	0.14508	0.14010	0.14818	0.13842	0
WIX_USD	2018-07-28	0.14010	0.14224	0.14430	0.14010	0
WIX_USD	2018-07-27	0.14224	0.15139	0.15143	0.14092	0
WIX_USD	2018-07-26	0.15139	0.16948	0.17228	0.15090	0
WIX_USD	2018-07-25	0.16948	0.16889	0.17784	0.16470	0
WIX_USD	2018-07-24	0.16889	0.13977	0.17641	0.13611	0
WIX_USD	2018-07-23	0.13977	0.13226	0.15690	0.12564	0
WIX_USD	2018-07-22	0.13226	0.11690	0.15134	0.11437	0
WIX_USD	2018-07-21	0.11690	0.10753	0.14273	0.10601	0
WIX_USD	2018-07-20	0.10753	0.10373	0.12119	0.10245	0
WIX_USD	2018-07-19	0.10373	0.11723	0.12026	0.10245	0
WIX_USD	2018-07-18	0.11723	0.10475	0.12464	0.10235	0
WIX_USD	2018-07-17	0.10475	0.12301	0.12324	0.09503	0
WIX_USD	2018-07-16	0.12301	0.10336	0.12322	0.09485	0
WIX_USD	2018-07-15	0.10336	0.10163	0.10448	0.10123	0
WIX_USD	2018-07-14	0.10163	0.11044	0.11142	0.09340	0
WIX_USD	2018-07-13	0.11044	0.11783	0.11922	0.09412	0
WIX_USD	2018-07-12	0.11783	0.11981	0.11981	0.11132	0
WIX_USD	2018-07-11	0.11981	0.11653	0.11981	0.11529	0
WIX_USD	2018-07-10	0.11653	0.12494	0.12653	0.10782	0
WIX_USD	2018-07-09	0.12494	0.12826	0.12876	0.12450	0
WIX_USD	2018-07-08	0.12826	0.12810	0.12956	0.12747	0
WIX_USD	2018-07-07	0.12810	0.11859	0.13041	0.11834	0
WIX_USD	2018-07-06	0.11859	0.13071	0.13086	0.11400	0
WIX_USD	2018-07-05	0.13071	0.12788	0.13090	0.12096	0
WIX_USD	2018-07-04	0.12788	0.11996	0.13148	0.11491	0
WIX_USD	2018-07-03	0.11996	0.11902	0.12499	0.00150	0
WIX_USD	2018-07-02	0.11902	0.11212	0.12731	0.00000	0
WIX_USD	2018-07-01	0.11213	0.11879	0.11953	0.08745	0
WIX_USD	2018-06-30	0.11879	0.11612	0.12205	0.10754	0
WIX_USD	2018-06-29	0.11615	0.11678	0.11775	0.10732	0
WIX_USD	2018-06-28	0.11697	0.12619	0.12684	0.11639	0
WIX_USD	2018-06-27	0.12622	0.12687	0.12959	0.12508	0
WIX_USD	2018-06-26	0.12728	0.13642	0.13683	0.12620	0
WIX_USD	2018-06-25	0.13633	0.12624	0.13725	0.12403	0
WIX_USD	2018-06-24	0.12628	0.12785	0.13551	0.12014	0
WIX_USD	2018-06-23	0.12768	0.13420	0.13954	0.12764	0
WIX_USD	2018-06-22	0.13421	0.14542	0.15702	0.13188	0
WIX_USD	2018-06-21	0.14551	0.15747	0.15824	0.14546	0
WIX_USD	2018-06-20	0.15748	0.14741	0.15969	0.14374	0
WIX_USD	2018-06-19	0.14757	0.17893	0.19228	0.14731	0
WIX_USD	2018-06-18	0.17887	0.15702	0.17887	0.14468	0
WIX_USD	2018-06-17	0.15689	0.14674	0.16227	0.13993	0
WIX_USD	2018-06-16	0.14671	0.14689	0.15134	0.14114	0
WIX_USD	2018-06-15	0.14682	0.13988	0.17485	0.13152	0
WIX_USD	2018-06-14	0.13968	0.12439	0.15926	0.12320	0
WIX_USD	2018-06-13	0.12432	0.13114	0.13571	0.12286	0
WIX_USD	2018-06-12	0.13111	0.14218	0.14498	0.12473	0
WIX_USD	2018-06-11	0.14225	0.14340	0.14589	0.13830	0
WIX_USD	2018-06-10	0.14330	0.15803	0.15803	0.14156	0
WIX_USD	2018-06-09	0.15799	0.16156	0.16312	0.15746	0
WIX_USD	2018-06-08	0.16159	0.16494	0.16565	0.16104	0
WIX_USD	2018-06-07	0.16500	0.17880	0.18044	0.16351	0
WIX_USD	2018-06-06	0.17879	0.20482	0.21134	0.17314	0
WIX_USD	2018-06-05	0.20472	0.18243	0.20475	0.17594	0
WIX_USD	2018-06-04	0.18260	0.19119	0.19199	0.17889	0
WIX_USD	2018-06-03	0.19102	0.19817	0.19817	0.19048	0
WIX_USD	2018-06-02	0.19821	0.19081	0.20095	0.19013	0
WIX_USD	2018-06-01	0.19066	0.18258	0.20245	0.18105	0
WIX_USD	2018-05-31	0.18260	0.15780	0.19014	0.15691	0
WIX_USD	2018-05-30	0.15787	0.15976	0.17377	0.15493	0
WIX_USD	2018-05-29	0.15957	0.15214	0.16424	0.14405	0
WIX_USD	2018-05-28	0.15204	0.16708	0.16712	0.15034	0
WIX_USD	2018-05-27	0.16701	0.17260	0.17266	0.15888	0
WIX_USD	2018-05-26	0.17256	0.17180	0.17301	0.16170	0
WIX_USD	2018-05-25	0.17183	0.17978	0.18304	0.16466	0
WIX_USD	2018-05-24	0.17970	0.18575	0.19476	0.15684	0
WIX_USD	2018-05-23	0.18589	0.20772	0.20915	0.16397	0
WIX_USD	2018-05-22	0.20780	0.19771	0.22212	0.19430	0
WIX_USD	2018-05-21	0.19771	0.19271	0.19826	0.18365	0
WIX_USD	2018-05-20	0.19271	0.18981	0.20067	0.18665	0
WIX_USD	2018-05-19	0.18981	0.18764	0.19629	0.18587	0
WIX_USD	2018-05-18	0.18764	0.18282	0.18907	0.17748	0
WIX_USD	2018-05-17	0.18306	0.18876	0.19268	0.17735	0
WIX_USD	2018-05-16	0.18859	0.19408	0.19849	0.18388	0
WIX_USD	2018-05-15	0.19408	0.18711	0.21493	0.18706	0
WIX_USD	2018-05-14	0.18725	0.18470	0.21794	0.17953	0
WIX_USD	2018-05-13	0.18470	0.18246	0.18664	0.17605	0
WIX_USD	2018-05-12	0.18040	0.18379	0.18694	0.16686	0
WIX_USD	2018-05-11	0.18379	0.20567	0.20567	0.18370	0
WIX_USD	2018-05-10	0.20567	0.24418	0.27534	0.18148	0
WIX_USD	2018-05-09	0.24418	0.23935	0.27663	0.23223	0
WIX_USD	2018-05-08	0.23950	0.21816	0.24907	0.00002	0
WIX_USD	2018-05-07	0.26622	0.27287	0.27334	0.25975	0
WIX_USD	2018-05-06	0.27287	0.27192	0.27512	0.24828	0
WIX_USD	2018-05-05	0.27160	0.25653	0.27979	0.25105	0
WIX_USD	2018-05-04	0.25653	0.25425	0.26155	0.22669	0
WIX_USD	2018-05-03	0.25425	0.25780	0.25819	0.23919	0
WIX_USD	2018-05-02	0.25780	0.25553	0.26238	0.23736	0
WIX_USD	2018-05-01	0.25576	0.25820	0.26069	0.24447	0
WIX_USD	2018-04-30	0.25820	0.26170	0.26370	0.24950	0
WIX_USD	2018-04-29	0.26170	0.26866	0.27111	0.25073	0
WIX_USD	2018-04-28	0.26866	0.24770	0.29004	0.24603	0
WIX_USD	2018-04-27	0.24770	0.24624	0.29867	0.24189	0
WIX_USD	2018-04-26	0.24624	0.21922	0.26506	0.21408	0
WIX_USD	2018-04-25	0.21922	0.20918	0.23080	0.18815	0
WIX_USD	2018-04-24	0.20966	0.18304	0.22316	0.18011	0
WIX_USD	2018-04-23	0.18304	0.17388	0.18921	0.17216	0
WIX_USD	2018-04-22	0.17388	0.18181	0.18393	0.17269	0
WIX_USD	2018-04-21	0.18181	0.19245	0.19759	0.17995	0
WIX_USD	2018-04-20	0.19245	0.17894	0.19963	0.17247	0
WIX_USD	2018-04-19	0.17894	0.19469	0.19485	0.16347	0
WIX_USD	2018-04-18	0.19469	0.18065	0.19594	0.17866	0
WIX_USD	2018-04-17	0.18065	0.19608	0.19887	0.18050	0
WIX_USD	2018-04-16	0.19608	0.19890	0.20454	0.18625	0
WIX_USD	2018-04-15	0.19890	0.17935	0.22357	0.17931	0
WIX_USD	2018-04-14	0.17935	0.16644	0.18692	0.16405	0
WIX_USD	2018-04-13	0.16644	0.15480	0.17712	0.14625	0
WIX_USD	2018-04-12	0.15480	0.14078	0.16005	0.13218	0
WIX_USD	2018-04-11	0.14078	0.14138	0.14389	0.13214	0
WIX_USD	2018-04-10	0.14138	0.13905	0.15189	0.13633	0
WIX_USD	2018-04-09	0.13900	0.16070	0.16436	0.13497	0
WIX_USD	2018-04-08	0.16070	0.14467	0.16708	0.14459	0
WIX_USD	2018-04-07	0.14467	0.14574	0.15560	0.12770	0
WIX_USD	2018-04-06	0.14574	0.13287	0.15075	0.12828	0
WIX_USD	2018-04-05	0.13287	0.14479	0.15457	0.12773	0
WIX_USD	2018-04-04	0.14479	0.16446	0.16728	0.14249	0
WIX_USD	2018-04-03	0.16446	0.15957	0.17331	0.15562	0
WIX_USD	2018-04-02	0.15957	0.16058	0.17032	0.15774	0
WIX_USD	2018-04-01	0.16058	0.16492	0.16745	0.15183	0
WIX_USD	2018-03-31	0.16492	0.16704	0.17679	0.16394	0
WIX_USD	2018-03-30	0.16704	0.17351	0.17850	0.16114	0
WIX_USD	2018-03-29	0.17351	0.19551	0.20294	0.16672	0
WIX_USD	2018-03-28	0.19551	0.18825	0.21197	0.18702	0
WIX_USD	2018-03-27	0.18825	0.20576	0.21168	0.18767	0
WIX_USD	2018-03-26	0.20576	0.21193	0.21312	0.19123	0
WIX_USD	2018-03-25	0.21193	0.25183	0.25275	0.20908	0
WIX_USD	2018-03-24	0.25183	0.28603	0.28824	0.24714	0
WIX_USD	2018-03-23	0.28603	0.27349	0.28606	0.24420	0
WIX_USD	2018-03-22	0.27349	0.25004	0.28139	0.23592	0
WIX_USD	2018-03-21	0.25004	0.24691	0.27043	0.24133	0
WIX_USD	2018-03-20	0.24691	0.26311	0.27227	0.24197	0
WIX_USD	2018-03-19	0.26311	0.22103	0.28552	0.21864	0
WIX_USD	2018-03-18	0.22103	0.19290	0.22218	0.17870	0
WIX_USD	2018-03-17	0.19290	0.24349	0.24420	0.18349	0
WIX_USD	2018-03-16	0.24349	0.24866	0.25813	0.23775	0
WIX_USD	2018-03-15	0.24866	0.25201	0.27939	0.22898	0
WIX_USD	2018-03-14	0.25201	0.28122	0.29396	0.25192	0
WIX_USD	2018-03-13	0.28122	0.28874	0.29695	0.26651	0
WIX_USD	2018-03-12	0.28874	0.29777	0.30233	0.25907	0
WIX_USD	2018-03-11	0.29777	0.25234	0.29902	0.24298	0
WIX_USD	2018-03-10	0.25234	0.27586	0.28671	0.25184	0
WIX_USD	2018-03-09	0.27586	0.28524	0.29403	0.23891	0
WIX_USD	2018-03-08	0.28524	0.30005	0.32068	0.27780	0
WIX_USD	2018-03-07	0.30005	0.29648	0.35585	0.28309	0
WIX_USD	2018-03-06	0.29648	0.29684	0.35436	0.25011	0
WIX_USD	2018-03-05	0.29684	0.27422	0.36920	0.26848	0
WIX_USD	2018-03-04	0.27422	0.29691	0.29764	0.26065	0
WIX_USD	2018-03-03	0.29691	0.30730	0.31366	0.25762	0
WIX_USD	2018-03-02	0.30730	0.31501	0.33447	0.30559	0
