WRCO_USD	2019-01-27	0.028699	0.028699	0.028699	0.028699	0
WRCO_USD	2019-01-26	0.028699	0.028699	0.028699	0.028699	0
WRCO_USD	2019-01-25	0.028699	0.028699	0.028699	0.028699	0
WRCO_USD	2019-01-24	0.028699	0.028699	0.028699	0.028699	0
WRCO_USD	2019-01-23	0.028699	0.028699	0.028699	0.028699	0
WRCO_USD	2019-01-22	0.028699	0.028699	0.028699	0.028699	0
WRCO_USD	2019-01-21	0.028699	0.028699	0.028699	0.028699	0
WRCO_USD	2019-01-20	0.028699	0.028699	0.028699	0.028699	0
WRCO_USD	2019-01-19	0.028699	0.028699	0.028699	0.028699	0
WRCO_USD	2019-01-18	0.028699	0.028699	0.028699	0.028699	0
WRCO_USD	2019-01-17	0.028699	0.028699	0.028699	0.028699	0
WRCO_USD	2019-01-16	0.028699	0.028699	0.028699	0.028699	0
WRCO_USD	2019-01-15	0.028699	0.028699	0.028699	0.028699	0
WRCO_USD	2019-01-14	0.028699	0.028465	0.028759	0.028372	0
WRCO_USD	2019-01-13	0.028465	0.029341	0.029472	0.028308	0
WRCO_USD	2019-01-12	0.029341	0.029440	0.029592	0.029088	0
WRCO_USD	2019-01-11	0.029440	0.029424	0.029865	0.029058	0
WRCO_USD	2019-01-10	0.029424	0.032361	0.032778	0.029221	0
WRCO_USD	2019-01-09	0.032361	0.032487	0.032976	0.031985	0
WRCO_USD	2019-01-08	0.032487	0.032603	0.033348	0.032166	0
WRCO_USD	2019-01-07	0.032603	0.033060	0.033260	0.032326	0
WRCO_USD	2019-01-06	0.033060	0.031001	0.061999	0.030814	0
WRCO_USD	2019-01-05	0.031001	0.031360	0.031815	0.030944	0
WRCO_USD	2019-01-04	0.031360	0.031071	0.031587	0.030589	0
WRCO_USD	2019-01-03	0.031071	0.032097	0.032136	0.030932	0
WRCO_USD	2019-01-02	0.032097	0.031368	0.032273	0.031066	0
WRCO_USD	2019-01-01	0.031368	0.030356	0.031549	0.030029	0
WRCO_USD	2018-12-31	0.030356	0.031485	0.031566	0.029970	0
WRCO_USD	2018-12-30	0.031485	0.030770	0.031616	0.030477	0
WRCO_USD	2018-12-29	0.030770	0.031991	0.032397	0.030654	0
WRCO_USD	2018-12-28	0.031991	0.029432	0.032369	0.029296	0
WRCO_USD	2018-12-27	0.029432	0.031144	0.031399	0.029228	0
WRCO_USD	2018-12-26	0.031144	0.030950	0.031620	0.030211	0
WRCO_USD	2018-12-25	0.030950	0.032850	0.032903	0.030277	0
WRCO_USD	2018-12-24	0.032850	0.032262	0.034742	0.032262	0
WRCO_USD	2018-12-23	0.032262	0.032697	0.033364	0.031998	0
WRCO_USD	2018-12-22	0.032697	0.031477	0.032861	0.031064	0
WRCO_USD	2018-12-21	0.031477	0.033400	0.033984	0.030950	0
WRCO_USD	2018-12-20	0.033400	0.030195	0.034044	0.029973	0
WRCO_USD	2018-12-19	0.030195	0.029952	0.032011	0.029811	0
WRCO_USD	2018-12-18	0.029952	0.028731	0.030096	0.028135	0
WRCO_USD	2018-12-17	0.028731	0.026152	0.029355	0.026034	0
WRCO_USD	2018-12-16	0.026152	0.026050	0.026767	0.025972	0
WRCO_USD	2018-12-15	0.026050	0.026004	0.026307	0.025501	0
WRCO_USD	2018-12-14	0.026004	0.026559	0.026838	0.025570	0
WRCO_USD	2018-12-13	0.026559	0.028032	0.028081	0.026384	0
WRCO_USD	2018-12-12	0.028032	0.027120	0.028573	0.027070	0
WRCO_USD	2018-12-11	0.027358	0.027934	0.028130	0.026912	0
WRCO_USD	2018-12-10	0.027934	0.028892	0.029320	0.027546	0
WRCO_USD	2018-12-09	0.028892	0.027785	0.029934	0.027493	0
WRCO_USD	2018-12-08	0.027785	0.027410	0.028980	0.026286	0
WRCO_USD	2018-12-07	0.027410	0.028055	0.028528	0.026018	0
WRCO_USD	2018-12-06	0.028055	0.029851	0.031033	0.027863	0
WRCO_USD	2018-12-05	0.029851	0.031558	0.031678	0.029728	0
WRCO_USD	2018-12-04	0.031558	0.030930	0.032760	0.030191	0
WRCO_USD	2018-12-03	0.030930	0.032965	0.033113	0.030433	0
WRCO_USD	2018-12-02	0.032965	0.033625	0.034499	0.032708	0
WRCO_USD	2018-12-01	0.033625	0.032003	0.034385	0.031536	0
WRCO_USD	2018-11-30	0.032003	0.034171	0.034532	0.031433	0
WRCO_USD	2018-11-29	0.034171	0.034126	0.035411	0.033146	0
WRCO_USD	2018-11-28	0.034126	0.030784	0.035114	0.030784	0
WRCO_USD	2018-11-27	0.030784	0.030565	0.031246	0.029428	0
WRCO_USD	2018-11-26	0.030565	0.032531	0.033249	0.029455	0
WRCO_USD	2018-11-25	0.032531	0.031150	0.033285	0.029024	0
WRCO_USD	2018-11-24	0.031150	0.035050	0.035783	0.030389	0
WRCO_USD	2018-11-23	0.035050	0.034807	0.035515	0.033690	0
WRCO_USD	2018-11-22	0.034807	0.037019	0.037380	0.034807	0
WRCO_USD	2018-11-21	0.037019	0.036365	0.037821	0.035107	0
WRCO_USD	2018-11-20	0.036365	0.039133	0.039991	0.034221	0
WRCO_USD	2018-11-19	0.039133	0.044851	0.044851	0.038761	0
WRCO_USD	2018-11-18	0.044851	0.044591	0.045255	0.044546	0
WRCO_USD	2018-11-17	0.044591	0.044859	0.044859	0.044170	0
WRCO_USD	2018-11-16	0.044859	0.045581	0.045623	0.044023	0
WRCO_USD	2018-11-15	0.045581	0.046637	0.046989	0.043124	0
WRCO_USD	2018-11-14	0.046637	0.051231	0.051394	0.045210	0
WRCO_USD	2018-11-13	0.051231	0.051092	0.051492	0.050747	0
WRCO_USD	2018-11-12	0.051092	0.051194	0.051352	0.050869	0
WRCO_USD	2018-11-11	0.051194	0.047718	0.051194	0.047221	0
WRCO_USD	2018-11-10	0.047718	0.047638	0.047946	0.047595	0
WRCO_USD	2018-11-09	0.047638	0.048078	0.048249	0.047440	0
WRCO_USD	2018-11-08	0.048078	0.048769	0.048860	0.048059	0
WRCO_USD	2018-11-07	0.048769	0.048343	0.049025	0.048320	0
WRCO_USD	2018-11-06	0.048343	0.048009	0.048343	0.047842	0
WRCO_USD	2018-11-05	0.048009	0.048120	0.048195	0.047779	0
WRCO_USD	2018-11-04	0.048120	0.047398	0.048300	0.047192	0
WRCO_USD	2018-11-03	0.047398	0.047688	0.047727	0.046984	0
WRCO_USD	2018-11-02	0.047688	0.047486	0.047894	0.047425	0
WRCO_USD	2018-11-01	0.047486	0.047253	0.047661	0.047143	0
WRCO_USD	2018-10-31	0.047253	0.046969	0.047473	0.046380	0
WRCO_USD	2018-10-30	0.046969	0.047072	0.047340	0.046844	0
WRCO_USD	2018-10-29	0.047072	0.048157	0.048247	0.046901	0
WRCO_USD	2018-10-28	0.048157	0.048231	0.048305	0.047905	0
WRCO_USD	2018-10-27	0.048231	0.048463	0.048630	0.048094	0
WRCO_USD	2018-10-26	0.048463	0.048438	0.048875	0.048336	0
WRCO_USD	2018-10-25	0.048438	0.048631	0.048705	0.048289	0
WRCO_USD	2018-10-24	0.048631	0.048601	0.049140	0.048550	0
WRCO_USD	2018-10-23	0.048601	0.048729	0.048855	0.048472	0
WRCO_USD	2018-10-22	0.048729	0.048883	0.049177	0.048595	0
WRCO_USD	2018-10-21	0.048883	0.048865	0.049380	0.048851	0
WRCO_USD	2018-10-20	0.048865	0.048431	0.049035	0.048314	0
WRCO_USD	2018-10-19	0.048431	0.049070	0.049196	0.048378	0
WRCO_USD	2018-10-18	0.049070	0.049973	0.050293	0.048732	0
WRCO_USD	2018-10-17	0.049973	0.050144	0.050397	0.049575	0
WRCO_USD	2018-10-16	0.050144	0.050025	0.051138	0.049565	0
WRCO_USD	2018-10-15	0.050025	0.046993	0.055780	0.046746	0
WRCO_USD	2018-10-14	0.046993	0.046942	0.047481	0.046884	0
WRCO_USD	2018-10-13	0.046942	0.046725	0.046979	0.046661	0
WRCO_USD	2018-10-12	0.046725	0.044476	0.047091	0.044246	0
WRCO_USD	2018-10-11	0.044476	0.047141	0.047141	0.044296	0
WRCO_USD	2018-10-10	0.047141	0.047374	0.047374	0.046426	0
WRCO_USD	2018-10-09	0.047374	0.042876	0.047497	0.042804	0
WRCO_USD	2018-10-08	0.042876	0.042411	0.043165	0.042315	0
WRCO_USD	2018-10-07	0.042411	0.042353	0.042622	0.041989	0
WRCO_USD	2018-10-06	0.042353	0.042693	0.042714	0.042173	0
WRCO_USD	2018-10-05	0.042693	0.042277	0.042822	0.042071	0
WRCO_USD	2018-10-04	0.042277	0.041782	0.042617	0.041758	0
WRCO_USD	2018-10-03	0.041782	0.042008	0.042100	0.041319	0
WRCO_USD	2018-10-02	0.042008	0.042410	0.042617	0.041853	0
WRCO_USD	2018-10-01	0.042410	0.042527	0.042788	0.041898	0
WRCO_USD	2018-09-30	0.042527	0.042435	0.042768	0.041967	0
WRCO_USD	2018-09-29	0.042435	0.042630	0.042630	0.041544	0
WRCO_USD	2018-09-28	0.042630	0.042976	0.043851	0.042054	0
WRCO_USD	2018-09-27	0.042976	0.041521	0.043223	0.041384	0
WRCO_USD	2018-09-26	0.041521	0.041343	0.042093	0.041029	0
WRCO_USD	2018-09-25	0.041343	0.042309	0.042309	0.040807	0
WRCO_USD	2018-09-24	0.042309	0.043118	0.043187	0.042117	0
WRCO_USD	2018-09-23	0.043118	0.043203	0.043582	0.042829	0
WRCO_USD	2018-09-22	0.043203	0.043512	0.043950	0.042685	0
WRCO_USD	2018-09-21	0.043512	0.041765	0.043560	0.041737	0
WRCO_USD	2018-09-20	0.041765	0.041067	0.041923	0.040845	0
WRCO_USD	2018-09-19	0.041067	0.040752	0.041560	0.039282	0
WRCO_USD	2018-09-18	0.040752	0.040187	0.041007	0.040028	0
WRCO_USD	2018-09-17	0.040187	0.041753	0.041966	0.039918	0
WRCO_USD	2018-09-16	0.041753	0.041891	0.041891	0.040993	0
WRCO_USD	2018-09-15	0.041891	0.041681	0.042206	0.041593	0
WRCO_USD	2018-09-14	0.041681	0.041605	0.042315	0.040948	0
WRCO_USD	2018-09-13	0.041605	0.040713	0.041913	0.040696	0
WRCO_USD	2018-09-12	0.040713	0.040413	0.040798	0.039855	0
WRCO_USD	2018-09-11	0.040413	0.040529	0.041025	0.039706	0
WRCO_USD	2018-09-10	0.040529	0.040090	0.040774	0.040090	0
WRCO_USD	2018-09-09	0.040090	0.039739	0.041231	0.039553	0
WRCO_USD	2018-09-08	0.039739	0.041146	0.041602	0.039450	0
WRCO_USD	2018-09-07	0.041146	0.041852	0.041976	0.040639	0
WRCO_USD	2018-09-06	0.041852	0.043073	0.043178	0.040549	0
WRCO_USD	2018-09-05	0.043073	0.047281	0.047511	0.043048	0
WRCO_USD	2018-09-04	0.047281	0.046709	0.047612	0.046557	0
WRCO_USD	2018-09-03	0.046709	0.046841	0.047136	0.046261	0
WRCO_USD	2018-09-02	0.046841	0.046244	0.047204	0.045857	0
WRCO_USD	2018-09-01	0.046244	0.045146	0.046648	0.045106	0
WRCO_USD	2018-08-31	0.045146	0.044937	0.045514	0.044301	0
WRCO_USD	2018-08-30	0.044937	0.045274	0.045360	0.043731	0
WRCO_USD	2018-08-29	0.045274	0.045479	0.045794	0.044513	0
WRCO_USD	2018-08-28	0.045479	0.044352	0.045791	0.044153	0
WRCO_USD	2018-08-27	0.044352	0.043102	0.044404	0.042787	0
WRCO_USD	2018-08-26	0.043102	0.043299	0.043568	0.042283	0
WRCO_USD	2018-08-25	0.043299	0.043010	0.043638	0.042855	0
WRCO_USD	2018-08-24	0.043010	0.041937	0.043208	0.041523	0
WRCO_USD	2018-08-23	0.041937	0.040830	0.042185	0.040802	0
WRCO_USD	2018-08-22	0.040830	0.041628	0.044118	0.040175	0
WRCO_USD	2018-08-21	0.041628	0.040189	0.041759	0.040157	0
WRCO_USD	2018-08-20	0.040189	0.041667	0.041895	0.040029	0
WRCO_USD	2018-08-19	0.041667	0.041061	0.042017	0.040538	0
WRCO_USD	2018-08-18	0.041061	0.042333	0.042471	0.040508	0
WRCO_USD	2018-08-17	0.042333	0.040552	0.042333	0.040432	0
WRCO_USD	2018-08-16	0.040552	0.040286	0.041581	0.040004	0
WRCO_USD	2018-08-15	0.040286	0.039745	0.042490	0.039719	0
WRCO_USD	2018-08-14	0.039745	0.040169	0.040169	0.037819	0
WRCO_USD	2018-08-13	0.040169	0.040567	0.041996	0.039578	0
WRCO_USD	2018-08-12	0.040567	0.039986	0.041441	0.039671	0
WRCO_USD	2018-08-11	0.039986	0.039474	0.041491	0.038615	0
WRCO_USD	2018-08-10	0.039474	0.041949	0.042235	0.038665	0
WRCO_USD	2018-08-09	0.041949	0.040336	0.042543	0.039768	0
WRCO_USD	2018-08-08	0.040336	0.043163	0.043163	0.039404	0
WRCO_USD	2018-08-07	0.043163	0.044576	0.045938	0.042930	0
WRCO_USD	2018-08-06	0.044576	0.045184	0.045910	0.044018	0
WRCO_USD	2018-08-05	0.045184	0.045013	0.045551	0.044273	0
WRCO_USD	2018-08-04	0.045013	0.047649	0.048113	0.044525	0
WRCO_USD	2018-08-03	0.047649	0.048414	0.048414	0.046797	0
WRCO_USD	2018-08-02	0.048414	0.048893	0.049473	0.047939	0
WRCO_USD	2018-08-01	0.048893	0.049762	0.049825	0.047833	0
WRCO_USD	2018-07-31	0.049762	0.052500	0.052532	0.049280	0
WRCO_USD	2018-07-30	0.052500	0.052826	0.053175	0.050537	0
WRCO_USD	2018-07-29	0.052826	0.052543	0.053172	0.052191	0
WRCO_USD	2018-07-27	0.052979	0.052979	0.052979	0.052979	0
WRCO_USD	2018-07-26	0.052979	0.052542	0.053357	0.052525	0
WRCO_USD	2018-07-25	0.052542	0.054053	0.054520	0.051882	0
WRCO_USD	2018-07-24	0.054053	0.049560	0.054436	0.049425	0
WRCO_USD	2018-07-23	0.049560	0.047554	0.049990	0.047378	0
WRCO_USD	2018-07-22	0.047554	0.047567	0.048598	0.047204	0
WRCO_USD	2018-07-21	0.047567	0.047110	0.047843	0.046395	0
WRCO_USD	2018-07-20	0.047110	0.048018	0.049350	0.046774	0
WRCO_USD	2018-07-19	0.048018	0.047328	0.048548	0.046809	0
WRCO_USD	2018-07-18	0.047328	0.047031	0.048701	0.046582	0
WRCO_USD	2018-07-17	0.047031	0.043281	0.047949	0.042838	0
WRCO_USD	2018-07-16	0.043281	0.040777	0.043356	0.040683	0
WRCO_USD	2018-07-15	0.040777	0.040157	0.041045	0.040049	0
WRCO_USD	2018-07-14	0.040157	0.039964	0.040495	0.039706	0
WRCO_USD	2018-07-13	0.039964	0.040036	0.040663	0.039478	0
WRCO_USD	2018-07-12	0.040036	0.040977	0.040977	0.039072	0
WRCO_USD	2018-07-11	0.040977	0.040483	0.041086	0.040414	0
WRCO_USD	2018-07-10	0.040483	0.042791	0.042919	0.040349	0
WRCO_USD	2018-07-09	0.042791	0.043099	0.043663	0.042638	0
WRCO_USD	2018-07-08	0.043099	0.043444	0.043631	0.042930	0
WRCO_USD	2018-07-07	0.043444	0.042414	0.043858	0.041840	0
WRCO_USD	2018-07-06	0.042414	0.042021	0.042598	0.041460	0
WRCO_USD	2018-07-05	0.042021	0.042340	0.043031	0.041509	0
WRCO_USD	2018-07-04	0.042340	0.043745	0.043850	0.041519	0
WRCO_USD	2018-07-03	0.043745	0.044536	0.044887	0.000586	0
WRCO_USD	2018-07-02	0.044536	0.042729	0.044918	0.000000	0
WRCO_USD	2018-07-01	0.042733	0.043014	0.043286	0.042200	0
WRCO_USD	2018-06-30	0.043015	0.041747	0.043854	0.041747	0
WRCO_USD	2018-06-29	0.041781	0.039366	0.042218	0.039034	0
WRCO_USD	2018-06-28	0.039429	0.041279	0.041488	0.039236	0
WRCO_USD	2018-06-27	0.041275	0.040825	0.041586	0.040305	0
WRCO_USD	2018-06-26	0.040954	0.042067	0.042221	0.040735	0
WRCO_USD	2018-06-25	0.042039	0.041363	0.042500	0.040932	0
WRCO_USD	2018-06-24	0.041376	0.041456	0.041987	0.038859	0
WRCO_USD	2018-06-23	0.041403	0.040666	0.042055	0.040485	0
WRCO_USD	2018-06-22	0.040666	0.045184	0.045297	0.039953	0
WRCO_USD	2018-06-21	0.045182	0.045495	0.045669	0.045030	0
WRCO_USD	2018-06-20	0.045497	0.045309	0.045840	0.044153	0
WRCO_USD	2018-06-19	0.045361	0.045168	0.045951	0.044887	0
WRCO_USD	2018-06-18	0.045153	0.043362	0.045670	0.042992	0
WRCO_USD	2018-06-17	0.043327	0.043658	0.044216	0.043253	0
WRCO_USD	2018-06-16	0.043650	0.042971	0.044078	0.042601	0
WRCO_USD	2018-06-15	0.042951	0.044700	0.044700	0.042805	0
WRCO_USD	2018-06-14	0.044614	0.042366	0.045077	0.042214	0
WRCO_USD	2018-06-13	0.042341	0.044006	0.044455	0.041240	0
WRCO_USD	2018-06-12	0.044030	0.046237	0.046237	0.043348	0
WRCO_USD	2018-06-11	0.046260	0.045480	0.046416	0.044678	0
WRCO_USD	2018-06-10	0.045427	0.050465	0.050465	0.044697	0
WRCO_USD	2018-06-09	0.050451	0.051251	0.051720	0.050282	0
WRCO_USD	2018-06-08	0.051250	0.051725	0.051798	0.050771	0
WRCO_USD	2018-06-07	0.051747	0.051511	0.052198	0.051457	0
WRCO_USD	2018-06-06	0.051508	0.051337	0.051791	0.050443	0
WRCO_USD	2018-06-05	0.051294	0.050401	0.051630	0.049619	0
WRCO_USD	2018-06-04	0.050438	0.051989	0.052205	0.050191	0
WRCO_USD	2018-06-03	0.051942	0.051365	0.052331	0.051149	0
WRCO_USD	2018-06-02	0.051404	0.050657	0.051749	0.050167	0
WRCO_USD	2018-06-01	0.050617	0.050380	0.051146	0.049474	0
WRCO_USD	2018-05-31	0.050384	0.049613	0.051146	0.049385	0
WRCO_USD	2018-05-30	0.049635	0.050241	0.050862	0.048998	0
WRCO_USD	2018-05-29	0.050182	0.047811	0.050615	0.047437	0
WRCO_USD	2018-05-28	0.047781	0.049417	0.050005	0.047577	0
WRCO_USD	2018-05-27	0.049396	0.049325	0.049718	0.048606	0
WRCO_USD	2018-05-26	0.049314	0.050183	0.051246	0.049052	0
WRCO_USD	2018-05-25	0.050192	0.050987	0.051466	0.049345	0
WRCO_USD	2018-05-24	0.050965	0.050498	0.051930	0.048889	0
WRCO_USD	2018-05-23	0.050536	0.053686	0.053972	0.050123	0
WRCO_USD	2018-05-22	0.053705	0.056501	0.056565	0.053500	0
WRCO_USD	2018-05-21	0.056501	0.057360	0.057508	0.056283	0
WRCO_USD	2018-05-20	0.057360	0.055455	0.057763	0.054995	0
WRCO_USD	2018-05-19	0.055455	0.055448	0.056477	0.054805	0
WRCO_USD	2018-05-18	0.055448	0.054214	0.055687	0.053354	0
WRCO_USD	2018-05-17	0.054285	0.056184	0.056962	0.053809	0
WRCO_USD	2018-05-16	0.056136	0.056976	0.057125	0.054539	0
WRCO_USD	2018-05-15	0.056977	0.058325	0.059402	0.056705	0
WRCO_USD	2018-05-14	0.058329	0.058440	0.059752	0.055709	0
WRCO_USD	2018-05-13	0.058440	0.084494	0.087078	0.058141	0
WRCO_USD	2018-05-12	0.084302	0.083672	0.086012	0.081817	0
WRCO_USD	2018-05-11	0.083672	0.089917	0.089917	0.083203	0
WRCO_USD	2018-05-10	0.089917	0.092902	0.093618	0.089762	0
WRCO_USD	2018-05-09	0.092902	0.091569	0.093427	0.089529	0
WRCO_USD	2018-05-08	0.091628	0.093308	0.093624	0.000010	0
WRCO_USD	2018-05-07	0.094003	0.096301	0.096468	0.091720	0
WRCO_USD	2018-05-06	0.096301	0.098353	0.099342	0.094261	0
WRCO_USD	2018-05-05	0.098236	0.096787	0.099561	0.096571	0
WRCO_USD	2018-05-04	0.096787	0.097363	0.097822	0.095334	0
WRCO_USD	2018-05-03	0.097420	0.092076	0.098072	0.091451	0
WRCO_USD	2018-05-02	0.092076	0.090390	0.092418	0.089529	0
WRCO_USD	2018-05-01	0.090472	0.092085	0.092110	0.088098	0
WRCO_USD	2018-04-30	0.092085	0.093703	0.094217	0.090884	0
WRCO_USD	2018-04-29	0.093703	0.093117	0.095315	0.091569	0
WRCO_USD	2018-04-28	0.093117	0.089026	0.094057	0.088457	0
WRCO_USD	2018-04-27	0.089026	0.092675	0.093527	0.088772	0
WRCO_USD	2018-04-26	0.092684	0.088489	0.092796	0.086388	0
WRCO_USD	2018-04-25	0.088489	0.096217	0.097259	0.087579	0
WRCO_USD	2018-04-24	0.096440	0.089129	0.097088	0.089034	0
WRCO_USD	2018-04-23	0.089129	0.087733	0.089787	0.087464	0
WRCO_USD	2018-04-22	0.087733	0.088875	0.089990	0.087265	0
WRCO_USD	2018-04-21	0.088875	0.088441	0.090023	0.085933	0
WRCO_USD	2018-04-20	0.088441	0.082499	0.089034	0.082004	0
WRCO_USD	2018-04-19	0.082499	0.081421	0.082718	0.080853	0
WRCO_USD	2018-04-18	0.081414	0.078665	0.081990	0.078516	0
WRCO_USD	2018-04-17	0.078665	0.080319	0.081408	0.078037	0
WRCO_USD	2018-04-16	0.080319	0.083319	0.083796	0.078777	0
WRCO_USD	2018-04-15	0.083319	0.079811	0.083965	0.079792	0
WRCO_USD	2018-04-14	0.079811	0.078553	0.081568	0.077988	0
WRCO_USD	2018-04-13	0.078553	0.078883	0.082004	0.077347	0
WRCO_USD	2018-04-12	0.078889	0.069212	0.080390	0.067410	0
WRCO_USD	2018-04-11	0.069255	0.068194	0.069516	0.067749	0
WRCO_USD	2018-04-10	0.068194	0.067410	0.068692	0.066330	0
WRCO_USD	2018-04-09	0.067388	0.069935	0.071618	0.065930	0
WRCO_USD	2018-04-08	0.069935	0.068669	0.070855	0.068631	0
WRCO_USD	2018-04-07	0.068669	0.065944	0.070420	0.065800	0
WRCO_USD	2018-04-06	0.065944	0.067415	0.068236	0.064888	0
WRCO_USD	2018-04-05	0.067415	0.067662	0.068863	0.065523	0
WRCO_USD	2018-04-04	0.067667	0.073825	0.073945	0.066760	0
WRCO_USD	2018-04-03	0.073825	0.070315	0.074855	0.069989	0
WRCO_USD	2018-04-02	0.070315	0.067897	0.070946	0.067543	0
WRCO_USD	2018-04-01	0.067897	0.069044	0.070088	0.064157	0
WRCO_USD	2018-03-31	0.069044	0.068199	0.072001	0.067726	0
WRCO_USD	2018-03-30	0.068199	0.070709	0.072362	0.065588	0
WRCO_USD	2018-03-29	0.070709	0.079171	0.079379	0.068730	0
WRCO_USD	2018-03-28	0.079171	0.077606	0.080801	0.077066	0
WRCO_USD	2018-03-27	0.077618	0.081004	0.081815	0.077179	0
WRCO_USD	2018-03-26	0.081209	0.084199	0.084671	0.078251	0
WRCO_USD	2018-03-25	0.084199	0.084553	0.086313	0.083236	0
WRCO_USD	2018-03-24	0.084553	0.088489	0.089558	0.084459	0
WRCO_USD	2018-03-23	0.088489	0.086646	0.088497	0.082237	0
WRCO_USD	2018-03-22	0.086427	0.088466	0.090314	0.084280	0
WRCO_USD	2018-03-21	0.088466	0.088426	0.091109	0.087071	0
WRCO_USD	2018-03-20	0.088426	0.085483	0.089703	0.082647	0
WRCO_USD	2018-03-19	0.085712	0.081582	0.086465	0.080636	0
WRCO_USD	2018-03-18	0.081582	0.078231	0.082156	0.072794	0
WRCO_USD	2018-03-17	0.078231	0.082421	0.082902	0.077036	0
WRCO_USD	2018-03-16	0.082421	0.082047	0.085388	0.078565	0
WRCO_USD	2018-03-15	0.082047	0.081355	0.083536	0.076338	0
WRCO_USD	2018-03-14	0.081409	0.093998	0.096240	0.078758	0
WRCO_USD	2018-03-13	0.093998	0.093844	0.097489	0.091030	0
WRCO_USD	2018-03-12	0.093844	0.097860	0.101790	0.090581	0
WRCO_USD	2018-03-11	0.097860	0.090097	0.099942	0.086740	0
WRCO_USD	2018-03-10	0.090097	0.094874	0.097739	0.089642	0
WRCO_USD	2018-03-09	0.094874	0.095685	0.096929	0.085929	0
WRCO_USD	2018-03-08	0.095685	0.101680	0.103782	0.093072	0
WRCO_USD	2018-03-07	0.101680	0.110337	0.112140	0.097085	0
WRCO_USD	2018-03-06	0.110337	0.118208	0.118208	0.108889	0
WRCO_USD	2018-03-05	0.118208	0.118412	0.120351	0.117506	0
WRCO_USD	2018-03-04	0.118412	0.117667	0.118767	0.113827	0
WRCO_USD	2018-03-03	0.117667	0.113438	0.118562	0.113438	0
WRCO_USD	2018-03-02	0.113438	0.112434	0.115101	0.110896	0
