WT_USD	2019-04-09	0.000393	0.000399	0.000399	0.000388	0
WT_USD	2019-04-08	0.000399	0.000393	0.000402	0.000386	0
WT_USD	2019-04-07	0.000393	0.000381	0.000398	0.000381	0
WT_USD	2019-04-06	0.000381	0.000381	0.000396	0.000373	0
WT_USD	2019-04-05	0.000381	0.000370	0.000384	0.000370	0
WT_USD	2019-04-04	0.000370	0.000373	0.000382	0.000363	0
WT_USD	2019-04-03	0.000373	0.000370	0.000399	0.000364	0
WT_USD	2019-04-02	0.000370	0.000315	0.000381	0.000314	0
WT_USD	2019-04-01	0.000315	0.000314	0.000317	0.000314	0
WT_USD	2019-03-31	0.000313	0.000312	0.000314	0.000312	0
WT_USD	2019-03-30	0.000312	0.000313	0.000316	0.000309	0
WT_USD	2019-03-29	0.000313	0.000307	0.000314	0.000306	0
WT_USD	2019-03-28	0.000307	0.000308	0.000308	0.000305	0
WT_USD	2019-03-27	0.000308	0.000299	0.000308	0.000298	0
WT_USD	2019-03-26	0.000299	0.000298	0.000300	0.000296	0
WT_USD	2019-03-25	0.000298	0.000323	0.000323	0.000296	0
WT_USD	2019-03-24	0.000323	0.000325	0.000325	0.000321	0
WT_USD	2019-03-23	0.000325	0.000324	0.000326	0.000323	0
WT_USD	2019-03-22	0.000324	0.000324	0.000326	0.000323	0
WT_USD	2019-03-21	0.000323	0.000351	0.000352	0.000320	0
WT_USD	2019-03-20	0.000351	0.000390	0.000391	0.000328	0
WT_USD	2019-03-19	0.000390	0.000387	0.000391	0.000385	0
WT_USD	2019-03-18	0.000387	0.000387	0.000391	0.000384	0
WT_USD	2019-03-17	0.000387	0.000389	0.000389	0.000384	0
WT_USD	2019-03-16	0.000389	0.000380	0.000394	0.000380	0
WT_USD	2019-03-15	0.000380	0.000375	0.000381	0.000375	0
WT_USD	2019-03-14	0.000375	0.000375	0.000380	0.000369	0
WT_USD	2019-03-13	0.000375	0.000376	0.000377	0.000373	0
WT_USD	2019-03-12	0.000376	0.000375	0.000378	0.000370	0
WT_USD	2019-03-11	0.000375	0.000380	0.000381	0.000373	0
WT_USD	2019-03-10	0.000380	0.000381	0.000382	0.000377	0
WT_USD	2019-03-09	0.000381	0.000374	0.000384	0.000374	0
WT_USD	2019-03-08	0.000374	0.000337	0.000382	0.000336	0
WT_USD	2019-03-07	0.000337	0.000336	0.000339	0.000335	0
WT_USD	2019-03-06	0.000336	0.000336	0.000338	0.000332	0
WT_USD	2019-03-05	0.000336	0.000323	0.000337	0.000322	0
WT_USD	2019-03-04	0.000323	0.000330	0.000332	0.000320	0
WT_USD	2019-03-03	0.000330	0.000333	0.000333	0.000328	0
WT_USD	2019-03-02	0.000333	0.000333	0.000334	0.000328	0
WT_USD	2019-03-01	0.000333	0.000331	0.000336	0.000331	0
WT_USD	2019-02-28	0.000331	0.000332	0.000339	0.000330	0
WT_USD	2019-02-27	0.000332	0.000292	0.000333	0.000291	0
WT_USD	2019-02-26	0.000292	0.000294	0.000295	0.000291	0
WT_USD	2019-02-25	0.000294	0.000287	0.000331	0.000287	0
WT_USD	2019-02-24	0.000287	0.000253	0.000318	0.000253	0
WT_USD	2019-02-23	0.000253	0.000244	0.000263	0.000221	0
WT_USD	2019-02-22	0.000244	0.000221	0.000244	0.000220	0
WT_USD	2019-02-21	0.000221	0.000223	0.000227	0.000219	0
WT_USD	2019-02-20	0.000223	0.000259	0.000264	0.000220	0
WT_USD	2019-02-19	0.000259	0.000259	0.000265	0.000256	0
WT_USD	2019-02-18	0.000259	0.000243	0.000261	0.000242	0
WT_USD	2019-02-17	0.000243	0.000239	0.000246	0.000238	0
WT_USD	2019-02-16	0.000239	0.000238	0.000242	0.000238	0
WT_USD	2019-02-15	0.000238	0.000238	0.000242	0.000237	0
WT_USD	2019-02-14	0.000238	0.000202	0.000239	0.000182	0
WT_USD	2019-02-13	0.000202	0.000185	0.000202	0.000183	0
WT_USD	2019-02-12	0.000185	0.000202	0.000202	0.000183	0
WT_USD	2019-02-11	0.000202	0.000169	0.000204	0.000165	0
WT_USD	2019-02-10	0.000169	0.000167	0.000169	0.000165	0
WT_USD	2019-02-09	0.000167	0.000186	0.000186	0.000166	0
WT_USD	2019-02-08	0.000186	0.000172	0.000190	0.000171	0
WT_USD	2019-02-07	0.000172	0.000173	0.000173	0.000172	0
WT_USD	2019-02-06	0.000173	0.000176	0.000176	0.000171	0
WT_USD	2019-02-05	0.000175	0.000175	0.000176	0.000174	0
WT_USD	2019-02-04	0.000175	0.000175	0.000175	0.000174	0
WT_USD	2019-02-03	0.000175	0.000178	0.000178	0.000174	0
WT_USD	2019-02-02	0.000178	0.000177	0.000179	0.000175	0
WT_USD	2019-02-01	0.000177	0.000175	0.000178	0.000173	0
WT_USD	2019-01-31	0.000175	0.000176	0.000178	0.000174	0
WT_USD	2019-01-30	0.000176	0.000174	0.000177	0.000173	0
WT_USD	2019-01-29	0.000174	0.000175	0.000176	0.000171	0
WT_USD	2019-01-28	0.000175	0.000198	0.000198	0.000173	0
WT_USD	2019-01-27	0.000198	0.000200	0.000200	0.000195	0
WT_USD	2019-01-26	0.000200	0.000200	0.000205	0.000199	0
WT_USD	2019-01-25	0.000200	0.000201	0.000201	0.000198	0
WT_USD	2019-01-24	0.000201	0.000199	0.000202	0.000179	0
WT_USD	2019-01-23	0.000199	0.000218	0.000220	0.000164	0
WT_USD	2019-01-22	0.000218	0.000215	0.000221	0.000210	0
WT_USD	2019-01-21	0.000215	0.000215	0.000216	0.000213	0
WT_USD	2019-01-20	0.000215	0.000226	0.000228	0.000213	0
WT_USD	2019-01-19	0.000226	0.000221	0.000231	0.000220	0
WT_USD	2019-01-18	0.000221	0.000205	0.000223	0.000203	0
WT_USD	2019-01-17	0.000205	0.000184	0.000205	0.000181	0
WT_USD	2019-01-16	0.000184	0.000183	0.000187	0.000182	0
WT_USD	2019-01-15	0.000183	0.000187	0.000189	0.000182	0
WT_USD	2019-01-14	0.000187	0.000180	0.000190	0.000179	0
WT_USD	2019-01-13	0.000180	0.000185	0.000186	0.000179	0
WT_USD	2019-01-12	0.000185	0.000186	0.000187	0.000184	0
WT_USD	2019-01-11	0.000186	0.000186	0.000188	0.000183	0
WT_USD	2019-01-10	0.000186	0.000204	0.000207	0.000184	0
WT_USD	2019-01-09	0.000204	0.000205	0.000208	0.000202	0
WT_USD	2019-01-08	0.000205	0.000206	0.000210	0.000203	0
WT_USD	2019-01-07	0.000206	0.000209	0.000210	0.000204	0
WT_USD	2019-01-06	0.000209	0.000294	0.000509	0.000176	0
WT_USD	2019-01-05	0.000293	0.000297	0.000301	0.000293	0
WT_USD	2019-01-04	0.000297	0.000176	0.000299	0.000175	0
WT_USD	2019-01-03	0.000176	0.000182	0.000182	0.000176	0
WT_USD	2019-01-02	0.000182	0.000178	0.000183	0.000176	0
WT_USD	2019-01-01	0.000178	0.000172	0.000179	0.000171	0
WT_USD	2018-12-31	0.000172	0.000139	0.000177	0.000136	0
WT_USD	2018-12-30	0.000139	0.000136	0.000140	0.000135	0
WT_USD	2018-12-29	0.000136	0.000141	0.000143	0.000135	0
WT_USD	2018-12-28	0.000141	0.000130	0.000143	0.000129	0
WT_USD	2018-12-27	0.000130	0.000177	0.000178	0.000129	0
WT_USD	2018-12-26	0.000177	0.000176	0.000180	0.000172	0
WT_USD	2018-12-25	0.000176	0.000187	0.000187	0.000172	0
WT_USD	2018-12-24	0.000187	0.000183	0.000197	0.000183	0
WT_USD	2018-12-23	0.000183	0.000186	0.000189	0.000182	0
WT_USD	2018-12-22	0.000186	0.000179	0.000187	0.000176	0
WT_USD	2018-12-21	0.000179	0.000211	0.000214	0.000176	0
WT_USD	2018-12-20	0.000211	0.000171	0.000215	0.000170	0
WT_USD	2018-12-19	0.000171	0.000208	0.000214	0.000170	0
WT_USD	2018-12-18	0.000208	0.000163	0.000209	0.000160	0
WT_USD	2018-12-17	0.000163	0.000148	0.000166	0.000134	0
WT_USD	2018-12-16	0.000148	0.000148	0.000152	0.000147	0
WT_USD	2018-12-15	0.000148	0.000148	0.000149	0.000145	0
WT_USD	2018-12-14	0.000148	0.000151	0.000152	0.000145	0
WT_USD	2018-12-13	0.000151	0.000141	0.000158	0.000138	0
WT_USD	2018-12-12	0.000141	0.000137	0.000144	0.000137	0
WT_USD	2018-12-11	0.000138	0.000141	0.000142	0.000136	0
WT_USD	2018-12-10	0.000141	0.000146	0.000148	0.000139	0
WT_USD	2018-12-09	0.000146	0.000140	0.000151	0.000139	0
WT_USD	2018-12-08	0.000140	0.000138	0.000146	0.000133	0
WT_USD	2018-12-07	0.000138	0.000142	0.000144	0.000131	0
WT_USD	2018-12-06	0.000142	0.000151	0.000157	0.000141	0
WT_USD	2018-12-05	0.000151	0.000159	0.000160	0.000137	0
WT_USD	2018-12-04	0.000159	0.000137	0.000165	0.000133	0
WT_USD	2018-12-03	0.000137	0.000146	0.000146	0.000134	0
WT_USD	2018-12-02	0.000146	0.000191	0.000196	0.000145	0
WT_USD	2018-12-01	0.000191	0.000182	0.000195	0.000179	0
WT_USD	2018-11-30	0.000182	0.000172	0.000184	0.000161	0
WT_USD	2018-11-29	0.000172	0.000172	0.000179	0.000167	0
WT_USD	2018-11-28	0.000172	0.000175	0.000194	0.000170	0
WT_USD	2018-11-27	0.000175	0.000174	0.000177	0.000167	0
WT_USD	2018-11-26	0.000174	0.000185	0.000189	0.000167	0
WT_USD	2018-11-25	0.000185	0.000177	0.000189	0.000165	0
WT_USD	2018-11-24	0.000177	0.000199	0.000203	0.000153	0
WT_USD	2018-11-23	0.000199	0.000154	0.000325	0.000149	0
WT_USD	2018-11-22	0.000154	0.000163	0.000165	0.000154	0
WT_USD	2018-11-21	0.000163	0.000161	0.000167	0.000155	0
WT_USD	2018-11-20	0.000161	0.000173	0.000177	0.000151	0
WT_USD	2018-11-19	0.000173	0.000198	0.000198	0.000171	0
WT_USD	2018-11-18	0.000198	0.000197	0.000200	0.000197	0
WT_USD	2018-11-17	0.000197	0.000198	0.000198	0.000195	0
WT_USD	2018-11-16	0.000198	0.000201	0.000201	0.000194	0
WT_USD	2018-11-15	0.000201	0.000206	0.000208	0.000190	0
WT_USD	2018-11-14	0.000206	0.000226	0.000227	0.000200	0
WT_USD	2018-11-13	0.000226	0.000226	0.000227	0.000224	0
WT_USD	2018-11-12	0.000226	0.000226	0.000227	0.000225	0
WT_USD	2018-11-11	0.000226	0.000289	0.000290	0.000223	0
WT_USD	2018-11-10	0.000289	0.000257	0.000291	0.000257	0
WT_USD	2018-11-09	0.000257	0.000259	0.000260	0.000256	0
WT_USD	2018-11-08	0.000259	0.000263	0.000263	0.000259	0
WT_USD	2018-11-07	0.000263	0.000261	0.000264	0.000260	0
WT_USD	2018-11-06	0.000261	0.000259	0.000261	0.000258	0
WT_USD	2018-11-05	0.000259	0.000259	0.000260	0.000226	0
WT_USD	2018-11-04	0.000259	0.000256	0.000260	0.000254	0
WT_USD	2018-11-03	0.000256	0.000257	0.000257	0.000253	0
WT_USD	2018-11-02	0.000257	0.000256	0.000258	0.000256	0
WT_USD	2018-11-01	0.000256	0.000255	0.000257	0.000254	0
WT_USD	2018-10-31	0.000255	0.000253	0.000256	0.000250	0
WT_USD	2018-10-30	0.000253	0.000254	0.000255	0.000253	0
WT_USD	2018-10-29	0.000254	0.000260	0.000260	0.000253	0
WT_USD	2018-10-28	0.000260	0.000260	0.000260	0.000258	0
WT_USD	2018-10-27	0.000260	0.000261	0.000262	0.000259	0
WT_USD	2018-10-26	0.000261	0.000261	0.000263	0.000261	0
WT_USD	2018-10-25	0.000261	0.000262	0.000263	0.000260	0
WT_USD	2018-10-24	0.000262	0.000262	0.000265	0.000262	0
WT_USD	2018-10-23	0.000262	0.000263	0.000263	0.000261	0
WT_USD	2018-10-22	0.000263	0.000296	0.000298	0.000232	0
WT_USD	2018-10-21	0.000296	0.000296	0.000299	0.000296	0
WT_USD	2018-10-20	0.000296	0.000294	0.000297	0.000293	0
WT_USD	2018-10-19	0.000294	0.000298	0.000298	0.000293	0
WT_USD	2018-10-18	0.000298	0.000269	0.000302	0.000267	0
WT_USD	2018-10-17	0.000269	0.000270	0.000272	0.000267	0
WT_USD	2018-10-16	0.000270	0.000270	0.000276	0.000235	0
WT_USD	2018-10-15	0.000270	0.000285	0.000317	0.000266	0
WT_USD	2018-10-14	0.000285	0.000285	0.000288	0.000284	0
WT_USD	2018-10-13	0.000285	0.000220	0.000285	0.000220	0
WT_USD	2018-10-12	0.000220	0.000219	0.000222	0.000218	0
WT_USD	2018-10-11	0.000219	0.000232	0.000232	0.000218	0
WT_USD	2018-10-10	0.000232	0.000267	0.000267	0.000231	0
WT_USD	2018-10-09	0.000267	0.000234	0.000299	0.000231	0
WT_USD	2018-10-08	0.000234	0.000231	0.000235	0.000231	0
WT_USD	2018-10-07	0.000231	0.000231	0.000232	0.000229	0
WT_USD	2018-10-06	0.000231	0.000365	0.000366	0.000230	0
WT_USD	2018-10-05	0.000365	0.000362	0.000367	0.000360	0
WT_USD	2018-10-04	0.000362	0.000358	0.000365	0.000329	0
WT_USD	2018-10-03	0.000358	0.000360	0.000360	0.000354	0
WT_USD	2018-10-02	0.000360	0.000330	0.000364	0.000329	0
WT_USD	2018-10-01	0.000330	0.000364	0.000366	0.000293	0
WT_USD	2018-09-30	0.000364	0.000363	0.000366	0.000359	0
WT_USD	2018-09-29	0.000363	0.000365	0.000365	0.000356	0
WT_USD	2018-09-28	0.000365	0.000368	0.000375	0.000360	0
WT_USD	2018-09-27	0.000368	0.000355	0.000370	0.000354	0
WT_USD	2018-09-26	0.000355	0.000354	0.000360	0.000293	0
WT_USD	2018-09-25	0.000354	0.000362	0.000362	0.000289	0
WT_USD	2018-09-24	0.000362	0.000369	0.000370	0.000361	0
WT_USD	2018-09-23	0.000369	0.000370	0.000373	0.000367	0
WT_USD	2018-09-22	0.000370	0.000372	0.000376	0.000365	0
WT_USD	2018-09-21	0.000372	0.000358	0.000373	0.000357	0
WT_USD	2018-09-20	0.000358	0.000352	0.000359	0.000320	0
WT_USD	2018-09-19	0.000352	0.000349	0.000356	0.000336	0
WT_USD	2018-09-18	0.000349	0.000344	0.000351	0.000343	0
WT_USD	2018-09-17	0.000344	0.000292	0.000357	0.000291	0
WT_USD	2018-09-16	0.000292	0.000359	0.000359	0.000289	0
WT_USD	2018-09-15	0.000359	0.000292	0.000360	0.000291	0
WT_USD	2018-09-14	0.000292	0.000291	0.000296	0.000287	0
WT_USD	2018-09-13	0.000291	0.000349	0.000359	0.000289	0
WT_USD	2018-09-12	0.000349	0.000346	0.000349	0.000341	0
WT_USD	2018-09-11	0.000346	0.000315	0.000349	0.000315	0
WT_USD	2018-09-10	0.000315	0.000343	0.000349	0.000312	0
WT_USD	2018-09-09	0.000343	0.000340	0.000353	0.000278	0
WT_USD	2018-09-08	0.000340	0.000352	0.000356	0.000338	0
WT_USD	2018-09-07	0.000352	0.000358	0.000359	0.000348	0
WT_USD	2018-09-06	0.000358	0.000369	0.000370	0.000347	0
WT_USD	2018-09-05	0.000369	0.000405	0.000407	0.000369	0
WT_USD	2018-09-04	0.000405	0.000400	0.000408	0.000399	0
WT_USD	2018-09-03	0.000400	0.000401	0.000403	0.000396	0
WT_USD	2018-09-02	0.000401	0.000468	0.000478	0.000395	0
WT_USD	2018-09-01	0.000468	0.000386	0.000472	0.000386	0
WT_USD	2018-08-31	0.000386	0.000385	0.000390	0.000379	0
WT_USD	2018-08-30	0.000385	0.000388	0.000388	0.000374	0
WT_USD	2018-08-29	0.000388	0.000531	0.000531	0.000381	0
WT_USD	2018-08-28	0.000531	0.000380	0.000535	0.000378	0
WT_USD	2018-08-27	0.000380	0.000268	0.000380	0.000266	0
WT_USD	2018-08-26	0.000268	0.000303	0.000305	0.000265	0
WT_USD	2018-08-25	0.000303	0.000402	0.000408	0.000268	0
WT_USD	2018-08-24	0.000402	0.000392	0.000426	0.000388	0
WT_USD	2018-08-23	0.000392	0.000381	0.000394	0.000381	0
WT_USD	2018-08-22	0.000381	0.000389	0.000412	0.000375	0
WT_USD	2018-08-21	0.000389	0.000375	0.000390	0.000375	0
WT_USD	2018-08-20	0.000375	0.000486	0.000489	0.000355	0
WT_USD	2018-08-19	0.000486	0.000511	0.000517	0.000475	0
WT_USD	2018-08-18	0.000511	0.000527	0.000529	0.000504	0
WT_USD	2018-08-17	0.000527	0.000505	0.000527	0.000503	0
WT_USD	2018-08-16	0.000505	0.000502	0.000535	0.000498	0
WT_USD	2018-08-15	0.000502	0.000495	0.000529	0.000495	0
WT_USD	2018-08-14	0.000495	0.000469	0.000516	0.000467	0
WT_USD	2018-08-13	0.000469	0.000537	0.000556	0.000462	0
WT_USD	2018-08-12	0.000537	0.000529	0.000548	0.000496	0
WT_USD	2018-08-11	0.000529	0.000522	0.000549	0.000511	0
WT_USD	2018-08-10	0.000522	0.000490	0.000616	0.000484	0
WT_USD	2018-08-09	0.000490	0.000471	0.000524	0.000464	0
WT_USD	2018-08-08	0.000471	0.000504	0.000504	0.000425	0
WT_USD	2018-08-07	0.000504	0.000520	0.000536	0.000501	0
WT_USD	2018-08-06	0.000520	0.000492	0.000521	0.000453	0
WT_USD	2018-08-05	0.000492	0.000490	0.000496	0.000457	0
WT_USD	2018-08-04	0.000490	0.000482	0.000560	0.000480	0
WT_USD	2018-08-03	0.000482	0.000565	0.000587	0.000479	0
WT_USD	2018-08-02	0.000565	0.000533	0.000569	0.000529	0
WT_USD	2018-08-01	0.000533	0.000620	0.000642	0.000418	0
WT_USD	2018-07-31	0.000620	0.000695	0.000695	0.000580	0
WT_USD	2018-07-30	0.000695	0.000740	0.000745	0.000653	0
WT_USD	2018-07-29	0.000740	0.000654	0.000745	0.000650	0
WT_USD	2018-07-28	0.000660	0.000660	0.000660	0.000660	0
WT_USD	2018-07-27	0.000660	0.000701	0.000701	0.000660	0
WT_USD	2018-07-26	0.000701	0.000654	0.000783	0.000654	0
WT_USD	2018-07-25	0.000654	0.000673	0.000679	0.000609	0
WT_USD	2018-07-24	0.000673	0.000617	0.000704	0.000615	0
WT_USD	2018-07-23	0.000617	0.000629	0.000661	0.000613	0
WT_USD	2018-07-22	0.000629	0.000629	0.000643	0.000624	0
WT_USD	2018-07-21	0.000629	0.000623	0.000633	0.000614	0
WT_USD	2018-07-20	0.000623	0.000635	0.000653	0.000619	0
WT_USD	2018-07-19	0.000635	0.000700	0.000701	0.000621	0
WT_USD	2018-07-18	0.000700	0.000659	0.000747	0.000659	0
WT_USD	2018-07-17	0.000659	0.000606	0.000710	0.000574	0
WT_USD	2018-07-16	0.000606	0.000603	0.000607	0.000556	0
WT_USD	2018-07-15	0.000603	0.000562	0.000607	0.000561	0
WT_USD	2018-07-14	0.000562	0.000529	0.000567	0.000529	0
WT_USD	2018-07-13	0.000529	0.000592	0.000596	0.000522	0
WT_USD	2018-07-12	0.000592	0.000606	0.000606	0.000578	0
WT_USD	2018-07-11	0.000606	0.000599	0.000607	0.000598	0
WT_USD	2018-07-10	0.000599	0.000633	0.000635	0.000597	0
WT_USD	2018-07-09	0.000633	0.000738	0.000741	0.000630	0
WT_USD	2018-07-08	0.000738	0.000744	0.000747	0.000735	0
WT_USD	2018-07-07	0.000744	0.000726	0.000751	0.000716	0
WT_USD	2018-07-06	0.000726	0.000687	0.000729	0.000678	0
WT_USD	2018-07-05	0.000687	0.000692	0.000703	0.000678	0
WT_USD	2018-07-04	0.000692	0.000682	0.000705	0.000674	0
WT_USD	2018-07-03	0.000682	0.000761	0.000767	0.000010	0
WT_USD	2018-07-02	0.000761	0.000794	0.000868	0.000000	0
WT_USD	2018-07-01	0.000794	0.000927	0.000933	0.000789	0
WT_USD	2018-06-30	0.000927	0.000713	0.001178	0.000655	0
WT_USD	2018-06-29	0.000714	0.000468	0.001535	0.000464	0
WT_USD	2018-06-28	0.000469	0.000552	0.000555	0.000466	0
WT_USD	2018-06-27	0.000552	0.000576	0.000584	0.000520	0
WT_USD	2018-06-26	0.000578	0.000594	0.000596	0.000575	0
WT_USD	2018-06-25	0.000593	0.000522	0.000600	0.000520	0
WT_USD	2018-06-24	0.000523	0.000524	0.000530	0.000491	0
WT_USD	2018-06-23	0.000523	0.000544	0.000554	0.000517	0
WT_USD	2018-06-22	0.000544	0.000604	0.000606	0.000518	0
WT_USD	2018-06-21	0.000604	0.000608	0.000637	0.000602	0
WT_USD	2018-06-20	0.000608	0.000606	0.000613	0.000590	0
WT_USD	2018-06-19	0.000607	0.000705	0.000707	0.000538	0
WT_USD	2018-06-18	0.000704	0.000644	0.000746	0.000639	0
WT_USD	2018-06-17	0.000644	0.000649	0.000657	0.000643	0
WT_USD	2018-06-16	0.000649	0.000638	0.000655	0.000633	0
WT_USD	2018-06-15	0.000638	0.000664	0.000664	0.000636	0
WT_USD	2018-06-14	0.000663	0.000630	0.000670	0.000627	0
WT_USD	2018-06-13	0.000629	0.000622	0.000658	0.000613	0
WT_USD	2018-06-12	0.000622	0.000653	0.000653	0.000612	0
WT_USD	2018-06-11	0.000653	0.000608	0.000655	0.000597	0
WT_USD	2018-06-10	0.000608	0.000750	0.000750	0.000576	0
WT_USD	2018-06-09	0.000750	0.000762	0.000768	0.000747	0
WT_USD	2018-06-08	0.000762	0.000807	0.000807	0.000754	0
WT_USD	2018-06-07	0.000807	0.000804	0.000814	0.000765	0
WT_USD	2018-06-06	0.000804	0.000763	0.000877	0.000721	0
WT_USD	2018-06-05	0.000762	0.000749	0.000767	0.000700	0
WT_USD	2018-06-04	0.000749	0.000850	0.000853	0.000746	0
WT_USD	2018-06-03	0.000849	0.000687	0.000849	0.000684	0
WT_USD	2018-06-02	0.000687	0.000715	0.000730	0.000683	0
WT_USD	2018-06-01	0.000715	0.000674	0.000716	0.000662	0
WT_USD	2018-05-31	0.000674	0.000700	0.000758	0.000668	0
WT_USD	2018-05-30	0.000701	0.000709	0.000718	0.000692	0
WT_USD	2018-05-29	0.000708	0.000710	0.000744	0.000670	0
WT_USD	2018-05-28	0.000710	0.000698	0.000721	0.000680	0
WT_USD	2018-05-27	0.000697	0.000733	0.000739	0.000691	0
WT_USD	2018-05-26	0.000733	0.000746	0.000761	0.000729	0
WT_USD	2018-05-25	0.000746	0.000795	0.000803	0.000735	0
WT_USD	2018-05-24	0.000795	0.000750	0.000838	0.000694	0
WT_USD	2018-05-23	0.000751	0.000838	0.000912	0.000722	0
WT_USD	2018-05-22	0.000838	0.001091	0.001093	0.000835	0
WT_USD	2018-05-21	0.001091	0.001065	0.001095	0.001056	0
WT_USD	2018-05-20	0.001065	0.001030	0.001109	0.001021	0
WT_USD	2018-05-19	0.001029	0.001030	0.001049	0.000977	0
WT_USD	2018-05-18	0.001030	0.001088	0.001139	0.000944	0
WT_USD	2018-05-17	0.001089	0.000960	0.001287	0.000945	0
WT_USD	2018-05-16	0.000959	0.000889	0.000960	0.000851	0
WT_USD	2018-05-15	0.000889	0.000953	0.000962	0.000828	0
WT_USD	2018-05-14	0.000953	0.000999	0.001044	0.000794	0
WT_USD	2018-05-13	0.000999	0.000890	0.001128	0.000883	0
WT_USD	2018-05-12	0.001142	0.001049	0.001152	0.001026	0
WT_USD	2018-05-11	0.001049	0.001082	0.001125	0.001043	0
WT_USD	2018-05-10	0.001082	0.001258	0.001265	0.001080	0
WT_USD	2018-05-09	0.001258	0.001148	0.001334	0.001147	0
WT_USD	2018-05-08	0.001149	0.001263	0.001328	0.000000	0
WT_USD	2018-05-07	0.001226	0.001159	0.001318	0.001111	0
WT_USD	2018-05-06	0.001159	0.001381	0.001538	0.001102	0
WT_USD	2018-05-05	0.001379	0.001359	0.001394	0.001332	0
WT_USD	2018-05-04	0.001359	0.001416	0.001446	0.001303	0
WT_USD	2018-05-03	0.001417	0.001431	0.001476	0.001376	0
WT_USD	2018-05-02	0.001431	0.001405	0.001444	0.001357	0
WT_USD	2018-05-01	0.001407	0.001432	0.001432	0.001342	0
WT_USD	2018-04-30	0.001432	0.001551	0.001559	0.001388	0
WT_USD	2018-04-29	0.001551	0.001541	0.001592	0.001378	0
WT_USD	2018-04-28	0.001541	0.001384	0.001642	0.001375	0
WT_USD	2018-04-27	0.001384	0.001487	0.001501	0.001380	0
WT_USD	2018-04-26	0.001487	0.001420	0.001489	0.001386	0
WT_USD	2018-04-25	0.001420	0.001544	0.001707	0.001406	0
WT_USD	2018-04-24	0.001548	0.001341	0.001558	0.001340	0
WT_USD	2018-04-23	0.001341	0.001408	0.001433	0.001280	0
WT_USD	2018-04-22	0.001408	0.001293	0.001434	0.001239	0
WT_USD	2018-04-21	0.001293	0.001286	0.001309	0.001250	0
WT_USD	2018-04-20	0.001286	0.001200	0.001295	0.001193	0
WT_USD	2018-04-19	0.001200	0.001307	0.001324	0.001185	0
WT_USD	2018-04-18	0.001307	0.001341	0.001387	0.001268	0
WT_USD	2018-04-17	0.001341	0.001289	0.001428	0.001275	0
WT_USD	2018-04-16	0.001289	0.001295	0.001662	0.001254	0
WT_USD	2018-04-15	0.001295	0.001281	0.001707	0.000931	0
WT_USD	2018-04-14	0.001281	0.001024	0.001332	0.001017	0
WT_USD	2018-04-13	0.001024	0.001029	0.001217	0.001009	0
WT_USD	2018-04-12	0.001029	0.000937	0.001089	0.000899	0
WT_USD	2018-04-11	0.000938	0.000958	0.000961	0.000849	0
WT_USD	2018-04-10	0.000958	0.000947	0.001068	0.000885	0
WT_USD	2018-04-09	0.000946	0.001122	0.001149	0.000834	0
WT_USD	2018-04-08	0.001122	0.001068	0.001137	0.001038	0
WT_USD	2018-04-07	0.001068	0.001058	0.001138	0.001029	0
WT_USD	2018-04-06	0.001058	0.001048	0.001061	0.001009	0
WT_USD	2018-04-05	0.001048	0.001018	0.001138	0.000986	0
WT_USD	2018-04-04	0.001018	0.001185	0.001187	0.001004	0
WT_USD	2018-04-03	0.001185	0.001058	0.001236	0.001053	0
WT_USD	2018-04-02	0.001058	0.001124	0.001162	0.001033	0
WT_USD	2018-04-01	0.001124	0.001039	0.001126	0.000965	0
WT_USD	2018-03-31	0.001039	0.001026	0.001083	0.001019	0
WT_USD	2018-03-30	0.001026	0.001028	0.001089	0.000987	0
WT_USD	2018-03-29	0.001028	0.001072	0.001179	0.001000	0
WT_USD	2018-03-28	0.001072	0.001129	0.001175	0.001000	0
WT_USD	2018-03-27	0.001129	0.001219	0.001245	0.000950	0
WT_USD	2018-03-26	0.001222	0.001309	0.001316	0.001177	0
WT_USD	2018-03-25	0.001309	0.001276	0.001421	0.001256	0
WT_USD	2018-03-24	0.001276	0.001513	0.001655	0.001275	0
WT_USD	2018-03-23	0.001513	0.001525	0.001525	0.001409	0
WT_USD	2018-03-22	0.001525	0.001379	0.001550	0.001376	0
WT_USD	2018-03-21	0.001379	0.001290	0.001512	0.001285	0
WT_USD	2018-03-20	0.001290	0.001505	0.001575	0.001246	0
WT_USD	2018-03-19	0.001509	0.001559	0.001631	0.001458	0
WT_USD	2018-03-18	0.001559	0.001574	0.001604	0.001422	0
WT_USD	2018-03-17	0.001574	0.001493	0.001606	0.001458	0
WT_USD	2018-03-16	0.001493	0.001568	0.001618	0.001469	0
WT_USD	2018-03-15	0.001568	0.001514	0.001589	0.001434	0
WT_USD	2018-03-14	0.001514	0.001827	0.001871	0.001505	0
WT_USD	2018-03-13	0.001827	0.001870	0.001942	0.001769	0
WT_USD	2018-03-12	0.001870	0.002092	0.002176	0.001805	0
WT_USD	2018-03-11	0.002092	0.002101	0.002162	0.001995	0
WT_USD	2018-03-10	0.002101	0.002259	0.002327	0.002091	0
WT_USD	2018-03-09	0.002259	0.002232	0.002288	0.001989	0
WT_USD	2018-03-08	0.002232	0.002322	0.002471	0.002193	0
WT_USD	2018-03-07	0.002322	0.002359	0.002565	0.002217	0
WT_USD	2018-03-06	0.002359	0.002585	0.002585	0.002125	0
WT_USD	2018-03-05	0.002585	0.002877	0.002877	0.001959	0
WT_USD	2018-03-04	0.002852	0.002802	0.002868	0.002724	0
WT_USD	2018-03-03	0.002822	0.002756	0.002870	0.002756	0
WT_USD	2018-03-02	0.002753	0.003059	0.003059	0.002713	0
