WYS_USD	2019-04-09	0.000078	0.000080	0.000080	0.000078	0
WYS_USD	2019-04-08	0.000080	0.000079	0.000080	0.000077	0
WYS_USD	2019-04-07	0.000079	0.000076	0.000080	0.000076	0
WYS_USD	2019-04-06	0.000076	0.000051	0.000079	0.000050	0
WYS_USD	2019-04-05	0.000050	0.000049	0.000051	0.000049	0
WYS_USD	2019-04-04	0.000049	0.000050	0.000051	0.000048	0
WYS_USD	2019-04-03	0.000050	0.000049	0.000053	0.000048	0
WYS_USD	2019-04-02	0.000049	0.000042	0.000051	0.000042	0
WYS_USD	2019-04-01	0.000042	0.000042	0.000042	0.000041	0
WYS_USD	2019-03-31	0.000042	0.000042	0.000042	0.000042	0
WYS_USD	2019-03-30	0.000042	0.000042	0.000042	0.000041	0
WYS_USD	2019-03-29	0.000042	0.000041	0.000042	0.000041	0
WYS_USD	2019-03-28	0.000041	0.000041	0.000041	0.000041	0
WYS_USD	2019-03-27	0.000041	0.000040	0.000041	0.000040	0
WYS_USD	2019-03-26	0.000040	0.000040	0.000040	0.000040	0
WYS_USD	2019-03-25	0.000040	0.000040	0.000040	0.000039	0
WYS_USD	2019-03-24	0.000040	0.000041	0.000041	0.000040	0
WYS_USD	2019-03-23	0.000040	0.000040	0.000041	0.000040	0
WYS_USD	2019-03-22	0.000040	0.000040	0.000041	0.000040	0
WYS_USD	2019-03-21	0.000040	0.000041	0.000041	0.000040	0
WYS_USD	2019-03-20	0.000041	0.000041	0.000041	0.000041	0
WYS_USD	2019-03-19	0.000041	0.000041	0.000041	0.000041	0
WYS_USD	2019-03-18	0.000041	0.000061	0.000062	0.000040	0
WYS_USD	2019-03-17	0.000061	0.000061	0.000061	0.000061	0
WYS_USD	2019-03-16	0.000061	0.000060	0.000062	0.000060	0
WYS_USD	2019-03-15	0.000060	0.000059	0.000060	0.000059	0
WYS_USD	2019-03-14	0.000059	0.000059	0.000060	0.000058	0
WYS_USD	2019-03-13	0.000059	0.000059	0.000060	0.000059	0
WYS_USD	2019-03-12	0.000059	0.000059	0.000060	0.000059	0
WYS_USD	2019-03-11	0.000059	0.000060	0.000060	0.000059	0
WYS_USD	2019-03-10	0.000060	0.000060	0.000060	0.000059	0
WYS_USD	2019-03-09	0.000060	0.000059	0.000061	0.000059	0
WYS_USD	2019-03-08	0.000059	0.000059	0.000060	0.000058	0
WYS_USD	2019-03-07	0.000059	0.000059	0.000060	0.000059	0
WYS_USD	2019-03-06	0.000059	0.000059	0.000060	0.000059	0
WYS_USD	2019-03-05	0.000059	0.000057	0.000059	0.000057	0
WYS_USD	2019-03-04	0.000057	0.000078	0.000078	0.000057	0
WYS_USD	2019-03-03	0.000078	0.000078	0.000078	0.000077	0
WYS_USD	2019-03-02	0.000078	0.000078	0.000078	0.000077	0
WYS_USD	2019-03-01	0.000078	0.000078	0.000079	0.000078	0
WYS_USD	2019-02-28	0.000078	0.000078	0.000080	0.000078	0
WYS_USD	2019-02-27	0.000078	0.000078	0.000079	0.000075	0
WYS_USD	2019-02-26	0.000078	0.000078	0.000098	0.000077	0
WYS_USD	2019-02-25	0.000078	0.000096	0.000099	0.000078	0
WYS_USD	2019-02-24	0.000096	0.000105	0.000107	0.000095	0
WYS_USD	2019-02-23	0.000105	0.000102	0.000106	0.000100	0
WYS_USD	2019-02-22	0.000102	0.000080	0.000102	0.000080	0
WYS_USD	2019-02-21	0.000080	0.000102	0.000102	0.000080	0
WYS_USD	2019-02-20	0.000102	0.000080	0.000102	0.000079	0
WYS_USD	2019-02-19	0.000080	0.000080	0.000082	0.000079	0
WYS_USD	2019-02-18	0.000080	0.000075	0.000080	0.000074	0
WYS_USD	2019-02-17	0.000075	0.000074	0.000076	0.000073	0
WYS_USD	2019-02-16	0.000074	0.000073	0.000074	0.000073	0
WYS_USD	2019-02-15	0.000073	0.000073	0.000092	0.000073	0
WYS_USD	2019-02-14	0.000073	0.000037	0.000092	0.000037	0
WYS_USD	2019-02-13	0.000037	0.000037	0.000037	0.000037	0
WYS_USD	2019-02-12	0.000037	0.000055	0.000055	0.000018	0
WYS_USD	2019-02-11	0.000055	0.000056	0.000056	0.000055	0
WYS_USD	2019-02-10	0.000056	0.000056	0.000056	0.000055	0
WYS_USD	2019-02-09	0.000056	0.000037	0.000056	0.000037	0
WYS_USD	2019-02-08	0.000037	0.000034	0.000038	0.000034	0
WYS_USD	2019-02-07	0.000034	0.000035	0.000035	0.000034	0
WYS_USD	2019-02-06	0.000035	0.000035	0.000035	0.000034	0
WYS_USD	2019-02-05	0.000035	0.000052	0.000052	0.000017	0
WYS_USD	2019-02-04	0.000052	0.000053	0.000053	0.000052	0
WYS_USD	2019-02-03	0.000053	0.000053	0.000053	0.000052	0
WYS_USD	2019-02-02	0.000053	0.000053	0.000054	0.000053	0
WYS_USD	2019-02-01	0.000053	0.000053	0.000053	0.000052	0
WYS_USD	2019-01-31	0.000053	0.000053	0.000054	0.000052	0
WYS_USD	2019-01-30	0.000053	0.000052	0.000053	0.000052	0
WYS_USD	2019-01-29	0.000052	0.000053	0.000053	0.000051	0
WYS_USD	2019-01-28	0.000053	0.000054	0.000054	0.000052	0
WYS_USD	2019-01-27	0.000054	0.000054	0.000055	0.000053	0
WYS_USD	2019-01-26	0.000054	0.000091	0.000093	0.000054	0
WYS_USD	2019-01-25	0.000091	0.000091	0.000092	0.000090	0
WYS_USD	2019-01-24	0.000091	0.000109	0.000110	0.000091	0
WYS_USD	2019-01-23	0.000109	0.000091	0.000110	0.000091	0
WYS_USD	2019-01-22	0.000091	0.000090	0.000092	0.000088	0
WYS_USD	2019-01-21	0.000090	0.000126	0.000126	0.000089	0
WYS_USD	2019-01-20	0.000126	0.000056	0.000161	0.000056	0
WYS_USD	2019-01-19	0.000056	0.000055	0.000058	0.000055	0
WYS_USD	2019-01-18	0.000055	0.000149	0.000149	0.000055	0
WYS_USD	2019-01-17	0.000149	0.000055	0.000167	0.000054	0
WYS_USD	2019-01-16	0.000055	0.000055	0.000056	0.000055	0
WYS_USD	2019-01-15	0.000055	0.000056	0.000057	0.000055	0
WYS_USD	2019-01-14	0.000056	0.000018	0.000057	0.000018	0
WYS_USD	2019-01-13	0.000018	0.000056	0.000074	0.000018	0
WYS_USD	2019-01-12	0.000056	0.000056	0.000056	0.000055	0
WYS_USD	2019-01-11	0.000056	0.000130	0.000131	0.000055	0
WYS_USD	2019-01-10	0.000130	0.000163	0.000165	0.000129	0
WYS_USD	2019-01-09	0.000163	0.000143	0.000166	0.000143	0
WYS_USD	2019-01-08	0.000143	0.000103	0.000145	0.000101	0
WYS_USD	2019-01-07	0.000103	0.000104	0.000105	0.000102	0
WYS_USD	2019-01-06	0.000104	0.000098	0.000196	0.000097	0
WYS_USD	2019-01-05	0.000098	0.000099	0.000100	0.000098	0
WYS_USD	2019-01-04	0.000099	0.000098	0.000100	0.000096	0
WYS_USD	2019-01-03	0.000098	0.000101	0.000101	0.000098	0
WYS_USD	2019-01-02	0.000101	0.000099	0.000102	0.000098	0
WYS_USD	2019-01-01	0.000099	0.000096	0.000100	0.000095	0
WYS_USD	2018-12-31	0.000096	0.000099	0.000100	0.000095	0
WYS_USD	2018-12-30	0.000099	0.000097	0.000100	0.000096	0
WYS_USD	2018-12-29	0.000097	0.000101	0.000102	0.000097	0
WYS_USD	2018-12-28	0.000101	0.000093	0.000102	0.000092	0
WYS_USD	2018-12-27	0.000093	0.000098	0.000099	0.000092	0
WYS_USD	2018-12-26	0.000098	0.000098	0.000100	0.000095	0
WYS_USD	2018-12-25	0.000098	0.000104	0.000104	0.000096	0
WYS_USD	2018-12-24	0.000104	0.000102	0.000109	0.000102	0
WYS_USD	2018-12-23	0.000102	0.000103	0.000105	0.000101	0
WYS_USD	2018-12-22	0.000103	0.000099	0.000104	0.000098	0
WYS_USD	2018-12-21	0.000099	0.000105	0.000107	0.000098	0
WYS_USD	2018-12-20	0.000105	0.000095	0.000107	0.000095	0
WYS_USD	2018-12-19	0.000095	0.000113	0.000141	0.000095	0
WYS_USD	2018-12-18	0.000113	0.000145	0.000166	0.000108	0
WYS_USD	2018-12-17	0.000145	0.000132	0.000158	0.000117	0
WYS_USD	2018-12-16	0.000132	0.000181	0.000252	0.000117	0
WYS_USD	2018-12-15	0.000181	0.000082	0.000214	0.000081	0
WYS_USD	2018-12-14	0.000082	0.000084	0.000085	0.000081	0
WYS_USD	2018-12-13	0.000084	0.000088	0.000089	0.000083	0
WYS_USD	2018-12-12	0.000088	0.000086	0.000090	0.000085	0
WYS_USD	2018-12-11	0.000086	0.000088	0.000089	0.000085	0
WYS_USD	2018-12-10	0.000088	0.000091	0.000092	0.000087	0
WYS_USD	2018-12-09	0.000091	0.000088	0.000094	0.000087	0
WYS_USD	2018-12-08	0.000088	0.000086	0.000091	0.000083	0
WYS_USD	2018-12-07	0.000086	0.000088	0.000090	0.000082	0
WYS_USD	2018-12-06	0.000088	0.000094	0.000098	0.000088	0
WYS_USD	2018-12-05	0.000094	0.000100	0.000100	0.000094	0
WYS_USD	2018-12-04	0.000100	0.000098	0.000103	0.000095	0
WYS_USD	2018-12-03	0.000098	0.000104	0.000104	0.000096	0
WYS_USD	2018-12-02	0.000104	0.000085	0.000107	0.000085	0
WYS_USD	2018-12-01	0.000085	0.000081	0.000087	0.000080	0
WYS_USD	2018-11-30	0.000081	0.000108	0.000109	0.000079	0
WYS_USD	2018-11-29	0.000108	0.000108	0.000112	0.000105	0
WYS_USD	2018-11-28	0.000108	0.000097	0.000111	0.000097	0
WYS_USD	2018-11-27	0.000097	0.000058	0.000099	0.000057	0
WYS_USD	2018-11-26	0.000058	0.000082	0.000105	0.000056	0
WYS_USD	2018-11-25	0.000082	0.000098	0.000100	0.000058	0
WYS_USD	2018-11-24	0.000098	0.000111	0.000113	0.000096	0
WYS_USD	2018-11-23	0.000111	0.000110	0.000112	0.000106	0
WYS_USD	2018-11-22	0.000110	0.000117	0.000118	0.000110	0
WYS_USD	2018-11-21	0.000117	0.000115	0.000119	0.000111	0
WYS_USD	2018-11-20	0.000115	0.000074	0.000124	0.000071	0
WYS_USD	2018-11-19	0.000074	0.000170	0.000170	0.000073	0
WYS_USD	2018-11-18	0.000169	0.000169	0.000171	0.000169	0
WYS_USD	2018-11-17	0.000169	0.000170	0.000170	0.000167	0
WYS_USD	2018-11-16	0.000170	0.000173	0.000173	0.000167	0
WYS_USD	2018-11-15	0.000173	0.000206	0.000208	0.000163	0
WYS_USD	2018-11-14	0.000206	0.000226	0.000227	0.000200	0
WYS_USD	2018-11-13	0.000226	0.000226	0.000227	0.000193	0
WYS_USD	2018-11-12	0.000226	0.000258	0.000259	0.000097	0
WYS_USD	2018-11-11	0.000258	0.000257	0.000290	0.000255	0
WYS_USD	2018-11-10	0.000257	0.000289	0.000291	0.000097	0
WYS_USD	2018-11-09	0.000289	0.000292	0.000293	0.000288	0
WYS_USD	2018-11-08	0.000292	0.000296	0.000296	0.000291	0
WYS_USD	2018-11-07	0.000296	0.000358	0.000363	0.000294	0
WYS_USD	2018-11-06	0.000358	0.000388	0.000390	0.000292	0
WYS_USD	2018-11-05	0.000388	0.000422	0.000422	0.000355	0
WYS_USD	2018-11-04	0.000422	0.000415	0.000423	0.000413	0
WYS_USD	2018-11-03	0.000415	0.000482	0.000482	0.000415	0
WYS_USD	2018-11-02	0.000482	0.000480	0.000484	0.000479	0
WYS_USD	2018-11-01	0.000480	0.000509	0.000512	0.000479	0
WYS_USD	2018-10-31	0.000509	0.000506	0.000512	0.000500	0
WYS_USD	2018-10-30	0.000506	0.000508	0.000510	0.000505	0
WYS_USD	2018-10-29	0.000508	0.000552	0.000553	0.000506	0
WYS_USD	2018-10-28	0.000552	0.000553	0.000553	0.000549	0
WYS_USD	2018-10-27	0.000553	0.000555	0.000557	0.000551	0
WYS_USD	2018-10-26	0.000555	0.000522	0.000556	0.000521	0
WYS_USD	2018-10-25	0.000522	0.000557	0.000558	0.000522	0
WYS_USD	2018-10-24	0.000557	0.000590	0.000591	0.000556	0
WYS_USD	2018-10-23	0.000590	0.000624	0.000625	0.000590	0
WYS_USD	2018-10-22	0.000624	0.000626	0.000630	0.000622	0
WYS_USD	2018-10-21	0.000626	0.000626	0.000632	0.000625	0
WYS_USD	2018-10-20	0.000626	0.000620	0.000628	0.000619	0
WYS_USD	2018-10-19	0.000620	0.000628	0.000630	0.000619	0
WYS_USD	2018-10-18	0.000628	0.000640	0.000644	0.000624	0
WYS_USD	2018-10-17	0.000640	0.000676	0.000677	0.000635	0
WYS_USD	2018-10-16	0.000676	0.000708	0.000724	0.000671	0
WYS_USD	2018-10-15	0.000708	0.000665	0.000789	0.000661	0
WYS_USD	2018-10-14	0.000665	0.000696	0.000703	0.000664	0
WYS_USD	2018-10-13	0.000696	0.000598	0.000696	0.000597	0
WYS_USD	2018-10-12	0.000598	0.000688	0.000692	0.000597	0
WYS_USD	2018-10-11	0.000688	0.000696	0.000888	0.000625	0
WYS_USD	2018-10-10	0.000696	0.000600	0.000857	0.000588	0
WYS_USD	2018-10-09	0.000600	0.000601	0.000601	0.000595	0
WYS_USD	2018-10-08	0.000601	0.000561	0.000603	0.000560	0
WYS_USD	2018-10-07	0.000561	0.000560	0.000564	0.000555	0
WYS_USD	2018-10-06	0.000560	0.000565	0.000565	0.000558	0
WYS_USD	2018-10-05	0.000565	0.000625	0.000629	0.000559	0
WYS_USD	2018-10-04	0.000625	0.000618	0.000662	0.000495	0
WYS_USD	2018-10-03	0.000618	0.000687	0.000687	0.000612	0
WYS_USD	2018-10-02	0.000687	0.000693	0.000696	0.000684	0
WYS_USD	2018-10-01	0.000693	0.000662	0.000694	0.000652	0
WYS_USD	2018-09-30	0.000662	0.000760	0.000765	0.000658	0
WYS_USD	2018-09-29	0.000760	0.000763	0.000763	0.000744	0
WYS_USD	2018-09-28	0.000763	0.000903	0.000915	0.000763	0
WYS_USD	2018-09-27	0.000903	0.000872	0.000908	0.000870	0
WYS_USD	2018-09-26	0.000872	0.000869	0.000884	0.000862	0
WYS_USD	2018-09-25	0.000869	0.000889	0.000889	0.000857	0
WYS_USD	2018-09-24	0.000889	0.000872	0.000899	0.000856	0
WYS_USD	2018-09-23	0.000872	0.000941	0.000950	0.000867	0
WYS_USD	2018-09-22	0.000941	0.000948	0.000958	0.000930	0
WYS_USD	2018-09-21	0.000948	0.000910	0.000949	0.000909	0
WYS_USD	2018-09-20	0.000910	0.000895	0.000913	0.000890	0
WYS_USD	2018-09-19	0.000895	0.000888	0.000906	0.000856	0
WYS_USD	2018-09-18	0.000888	0.000876	0.000894	0.000872	0
WYS_USD	2018-09-17	0.000876	0.000910	0.000914	0.000870	0
WYS_USD	2018-09-16	0.000910	0.000978	0.000978	0.000899	0
WYS_USD	2018-09-15	0.000978	0.001168	0.001213	0.000973	0
WYS_USD	2018-09-14	0.001168	0.001166	0.001185	0.001147	0
WYS_USD	2018-09-13	0.001166	0.001141	0.001174	0.001140	0
WYS_USD	2018-09-12	0.001141	0.001132	0.001143	0.001117	0
WYS_USD	2018-09-11	0.001132	0.001135	0.001149	0.001112	0
WYS_USD	2018-09-10	0.001135	0.001123	0.001142	0.001123	0
WYS_USD	2018-09-09	0.001123	0.001113	0.001155	0.001108	0
WYS_USD	2018-09-08	0.001113	0.001249	0.001445	0.001105	0
WYS_USD	2018-09-07	0.001249	0.001270	0.001274	0.001233	0
WYS_USD	2018-09-06	0.001270	0.001307	0.001310	0.001231	0
WYS_USD	2018-09-05	0.001307	0.001472	0.001479	0.001307	0
WYS_USD	2018-09-04	0.001472	0.001454	0.001554	0.001451	0
WYS_USD	2018-09-03	0.001454	0.001385	0.001467	0.001368	0
WYS_USD	2018-09-02	0.001385	0.001439	0.001448	0.001366	0
WYS_USD	2018-09-01	0.001439	0.001370	0.001452	0.001369	0
WYS_USD	2018-08-31	0.001370	0.001364	0.001381	0.001345	0
WYS_USD	2018-08-30	0.001364	0.001374	0.001377	0.001327	0
WYS_USD	2018-08-29	0.001374	0.001380	0.001390	0.001326	0
WYS_USD	2018-08-28	0.001380	0.001346	0.001390	0.001340	0
WYS_USD	2018-08-27	0.001346	0.001308	0.001348	0.001299	0
WYS_USD	2018-08-26	0.001308	0.001280	0.001314	0.001250	0
WYS_USD	2018-08-25	0.001280	0.001038	0.001287	0.001001	0
WYS_USD	2018-08-24	0.001038	0.001012	0.001042	0.001002	0
WYS_USD	2018-08-23	0.001012	0.000985	0.001018	0.000984	0
WYS_USD	2018-08-22	0.000985	0.001004	0.001064	0.000969	0
WYS_USD	2018-08-21	0.001004	0.000970	0.001007	0.000969	0
WYS_USD	2018-08-20	0.000970	0.001005	0.001011	0.000966	0
WYS_USD	2018-08-19	0.001005	0.000991	0.001014	0.000978	0
WYS_USD	2018-08-18	0.000991	0.001021	0.001025	0.000977	0
WYS_USD	2018-08-17	0.001021	0.000978	0.001021	0.000975	0
WYS_USD	2018-08-16	0.000978	0.000972	0.001003	0.000965	0
WYS_USD	2018-08-15	0.000972	0.000990	0.001017	0.000852	0
WYS_USD	2018-08-14	0.000990	0.001063	0.001063	0.000932	0
WYS_USD	2018-08-13	0.001063	0.001168	0.001209	0.001055	0
WYS_USD	2018-08-12	0.001168	0.001151	0.001193	0.001142	0
WYS_USD	2018-08-11	0.001151	0.001137	0.001195	0.001112	0
WYS_USD	2018-08-10	0.001137	0.001208	0.001216	0.001113	0
WYS_USD	2018-08-09	0.001208	0.001099	0.001225	0.001097	0
WYS_USD	2018-08-08	0.001099	0.001243	0.001243	0.001073	0
WYS_USD	2018-08-07	0.001243	0.001318	0.001329	0.001236	0
WYS_USD	2018-08-06	0.001318	0.001336	0.001358	0.001302	0
WYS_USD	2018-08-05	0.001336	0.001331	0.001347	0.001309	0
WYS_USD	2018-08-04	0.001331	0.001483	0.001529	0.001317	0
WYS_USD	2018-08-03	0.001483	0.001620	0.001770	0.001439	0
WYS_USD	2018-08-02	0.001620	0.001370	0.001628	0.001347	0
WYS_USD	2018-08-01	0.001370	0.001355	0.001472	0.001308	0
WYS_USD	2018-07-31	0.001355	0.001634	0.001635	0.001342	0
WYS_USD	2018-07-30	0.001634	0.001644	0.001655	0.001573	0
WYS_USD	2018-07-29	0.001644	0.001690	0.001690	0.001635	0
WYS_USD	2018-07-28	0.001690	0.001690	0.001690	0.001690	0
WYS_USD	2018-07-27	0.001649	0.001649	0.001649	0.001649	0
WYS_USD	2018-07-26	0.001649	0.001390	0.001649	0.001317	0
WYS_USD	2018-07-25	0.001390	0.001809	0.001824	0.001290	0
WYS_USD	2018-07-24	0.001809	0.001350	0.001822	0.001199	0
WYS_USD	2018-07-23	0.001350	0.001961	0.001981	0.001345	0
WYS_USD	2018-07-22	0.001961	0.002147	0.002171	0.001753	0
WYS_USD	2018-07-21	0.002147	0.001833	0.002159	0.001735	0
WYS_USD	2018-07-20	0.001833	0.002018	0.002087	0.001820	0
WYS_USD	2018-07-19	0.002018	0.002468	0.002508	0.001847	0
WYS_USD	2018-07-18	0.002468	0.002306	0.002550	0.001946	0
WYS_USD	2018-07-17	0.002306	0.002223	0.002351	0.002100	0
WYS_USD	2018-07-16	0.002223	0.001491	0.002254	0.001491	0
WYS_USD	2018-07-15	0.001491	0.001469	0.001501	0.001465	0
WYS_USD	2018-07-14	0.001469	0.001555	0.001569	0.001090	0
WYS_USD	2018-07-13	0.001555	0.001464	0.001599	0.001462	0
WYS_USD	2018-07-12	0.001464	0.001563	0.001563	0.001207	0
WYS_USD	2018-07-11	0.001563	0.001512	0.001566	0.001510	0
WYS_USD	2018-07-10	0.001512	0.001798	0.001804	0.001507	0
WYS_USD	2018-07-09	0.001798	0.002214	0.002219	0.001737	0
WYS_USD	2018-07-08	0.002214	0.002468	0.002479	0.002205	0
WYS_USD	2018-07-07	0.002468	0.002376	0.002532	0.002265	0
WYS_USD	2018-07-06	0.002376	0.002289	0.002387	0.002008	0
WYS_USD	2018-07-05	0.002289	0.002142	0.002322	0.002121	0
WYS_USD	2018-07-04	0.002142	0.004387	0.004426	0.002134	0
WYS_USD	2018-07-03	0.004387	0.004467	0.004502	0.000059	0
WYS_USD	2018-07-02	0.004467	0.004286	0.004505	0.000000	0
WYS_USD	2018-07-01	0.004286	0.004314	0.004341	0.004233	0
WYS_USD	2018-06-30	0.004314	0.004187	0.004398	0.004187	0
WYS_USD	2018-06-29	0.004190	0.003948	0.004234	0.003915	0
WYS_USD	2018-06-28	0.003955	0.004140	0.004161	0.003935	0
WYS_USD	2018-06-27	0.004140	0.004095	0.004171	0.004042	0
WYS_USD	2018-06-26	0.004108	0.004219	0.004235	0.004086	0
WYS_USD	2018-06-25	0.004216	0.004149	0.004263	0.004105	0
WYS_USD	2018-06-24	0.004150	0.004158	0.004211	0.003897	0
WYS_USD	2018-06-23	0.004153	0.004079	0.004218	0.004061	0
WYS_USD	2018-06-22	0.004079	0.004532	0.004543	0.004007	0
WYS_USD	2018-06-21	0.004532	0.004563	0.004581	0.004516	0
WYS_USD	2018-06-20	0.004563	0.004544	0.004598	0.004428	0
WYS_USD	2018-06-19	0.004550	0.004530	0.004609	0.004502	0
WYS_USD	2018-06-18	0.004529	0.004349	0.004581	0.004312	0
WYS_USD	2018-06-17	0.004346	0.004379	0.004435	0.004338	0
WYS_USD	2018-06-16	0.004378	0.004310	0.004421	0.004273	0
WYS_USD	2018-06-15	0.004308	0.004483	0.004483	0.004293	0
WYS_USD	2018-06-14	0.004475	0.004249	0.004521	0.004234	0
WYS_USD	2018-06-13	0.004247	0.004417	0.004459	0.004136	0
WYS_USD	2018-06-12	0.004416	0.004637	0.004637	0.004348	0
WYS_USD	2018-06-11	0.004640	0.004561	0.004655	0.004481	0
WYS_USD	2018-06-10	0.004556	0.005062	0.005062	0.004483	0
WYS_USD	2018-06-09	0.005060	0.005140	0.005187	0.005043	0
WYS_USD	2018-06-08	0.005140	0.005188	0.005195	0.005092	0
WYS_USD	2018-06-07	0.005190	0.005166	0.005235	0.005161	0
WYS_USD	2018-06-06	0.005166	0.005149	0.005194	0.005059	0
WYS_USD	2018-06-05	0.005145	0.005055	0.005178	0.004977	0
WYS_USD	2018-06-04	0.005059	0.005214	0.005236	0.005034	0
WYS_USD	2018-06-03	0.005210	0.005152	0.005249	0.005130	0
WYS_USD	2018-06-02	0.005156	0.005081	0.005190	0.005032	0
WYS_USD	2018-06-01	0.005077	0.005053	0.005130	0.004962	0
WYS_USD	2018-05-31	0.005053	0.004976	0.005130	0.004953	0
WYS_USD	2018-05-30	0.004978	0.005039	0.005101	0.004914	0
WYS_USD	2018-05-29	0.005033	0.004795	0.005077	0.004758	0
WYS_USD	2018-05-28	0.004792	0.004956	0.005015	0.004772	0
WYS_USD	2018-05-27	0.004954	0.004947	0.004987	0.004875	0
WYS_USD	2018-05-26	0.004946	0.005033	0.005140	0.004920	0
WYS_USD	2018-05-25	0.005034	0.005114	0.005162	0.004949	0
WYS_USD	2018-05-24	0.005112	0.005065	0.005208	0.004903	0
WYS_USD	2018-05-23	0.005069	0.005385	0.005413	0.005027	0
WYS_USD	2018-05-22	0.005386	0.005667	0.005673	0.005366	0
WYS_USD	2018-05-21	0.005667	0.005753	0.005768	0.005645	0
WYS_USD	2018-05-20	0.005753	0.005562	0.005793	0.005516	0
WYS_USD	2018-05-19	0.005562	0.005561	0.005665	0.005497	0
WYS_USD	2018-05-18	0.005561	0.005437	0.005585	0.005351	0
WYS_USD	2018-05-17	0.005445	0.005635	0.005713	0.005397	0
WYS_USD	2018-05-16	0.005630	0.005715	0.005730	0.005470	0
WYS_USD	2018-05-15	0.005715	0.005850	0.005958	0.005687	0
WYS_USD	2018-05-14	0.005850	0.005861	0.005993	0.005587	0
WYS_USD	2018-05-13	0.005861	0.005721	0.005908	0.005621	0
WYS_USD	2018-05-12	0.005708	0.005665	0.005823	0.005539	0
WYS_USD	2018-05-11	0.005665	0.006088	0.006088	0.005633	0
WYS_USD	2018-05-10	0.006088	0.006290	0.006338	0.006077	0
WYS_USD	2018-05-09	0.006290	0.006199	0.006325	0.006061	0
WYS_USD	2018-05-08	0.006203	0.006317	0.006339	0.000001	0
WYS_USD	2018-05-07	0.006364	0.006520	0.006531	0.006210	0
WYS_USD	2018-05-06	0.006520	0.006659	0.006726	0.006382	0
WYS_USD	2018-05-05	0.006651	0.006553	0.006741	0.006538	0
WYS_USD	2018-05-04	0.006553	0.006592	0.006623	0.006454	0
WYS_USD	2018-05-03	0.006596	0.006234	0.006640	0.006192	0
WYS_USD	2018-05-02	0.006234	0.006120	0.006257	0.006061	0
WYS_USD	2018-05-01	0.006125	0.006234	0.006236	0.005964	0
WYS_USD	2018-04-30	0.006234	0.006344	0.006379	0.006153	0
WYS_USD	2018-04-29	0.006344	0.006304	0.006453	0.006199	0
WYS_USD	2018-04-28	0.006304	0.006027	0.006368	0.005989	0
WYS_USD	2018-04-27	0.006027	0.006274	0.006332	0.006010	0
WYS_USD	2018-04-26	0.006275	0.005991	0.006283	0.005849	0
WYS_USD	2018-04-25	0.005991	0.006514	0.006585	0.005929	0
WYS_USD	2018-04-24	0.006529	0.006034	0.006573	0.006028	0
WYS_USD	2018-04-23	0.006034	0.005940	0.006079	0.005922	0
WYS_USD	2018-04-22	0.005940	0.006017	0.006093	0.005908	0
WYS_USD	2018-04-21	0.006017	0.005988	0.006095	0.005818	0
WYS_USD	2018-04-20	0.005988	0.005585	0.006028	0.005552	0
WYS_USD	2018-04-19	0.005585	0.005512	0.005600	0.005474	0
WYS_USD	2018-04-18	0.005512	0.005326	0.005551	0.005316	0
WYS_USD	2018-04-17	0.005326	0.005438	0.005512	0.005283	0
WYS_USD	2018-04-16	0.005438	0.005641	0.005673	0.005333	0
WYS_USD	2018-04-15	0.005641	0.005403	0.005685	0.005402	0
WYS_USD	2018-04-14	0.005403	0.005318	0.005522	0.005280	0
WYS_USD	2018-04-13	0.005318	0.005341	0.005552	0.005237	0
WYS_USD	2018-04-12	0.005341	0.004686	0.005443	0.004564	0
WYS_USD	2018-04-11	0.004689	0.004617	0.004706	0.004587	0
WYS_USD	2018-04-10	0.004617	0.004564	0.004651	0.004491	0
WYS_USD	2018-04-09	0.004562	0.004735	0.004849	0.004464	0
WYS_USD	2018-04-08	0.004735	0.004649	0.004797	0.004647	0
WYS_USD	2018-04-07	0.004649	0.004465	0.004768	0.004455	0
WYS_USD	2018-04-06	0.004465	0.004564	0.004620	0.004393	0
WYS_USD	2018-04-05	0.004564	0.004581	0.004662	0.004436	0
WYS_USD	2018-04-04	0.004581	0.004998	0.005006	0.004520	0
WYS_USD	2018-04-03	0.004998	0.004761	0.005068	0.004738	0
WYS_USD	2018-04-02	0.004761	0.004597	0.004803	0.004573	0
WYS_USD	2018-04-01	0.004597	0.004675	0.004745	0.004344	0
WYS_USD	2018-03-31	0.004675	0.004617	0.004875	0.004585	0
WYS_USD	2018-03-30	0.004617	0.004787	0.004899	0.004440	0
WYS_USD	2018-03-29	0.004787	0.005360	0.005374	0.004653	0
WYS_USD	2018-03-28	0.005360	0.005254	0.005470	0.005218	0
WYS_USD	2018-03-27	0.005255	0.005484	0.005539	0.005225	0
WYS_USD	2018-03-26	0.005498	0.005701	0.005732	0.005298	0
WYS_USD	2018-03-25	0.005701	0.005742	0.005844	0.005652	0
WYS_USD	2018-03-24	0.005742	0.006009	0.006082	0.005735	0
WYS_USD	2018-03-23	0.006009	0.005884	0.006010	0.005585	0
WYS_USD	2018-03-22	0.005884	0.006007	0.006133	0.005723	0
WYS_USD	2018-03-21	0.006007	0.006005	0.006187	0.005913	0
WYS_USD	2018-03-20	0.006005	0.005805	0.006092	0.005612	0
WYS_USD	2018-03-19	0.005805	0.005540	0.005872	0.005476	0
WYS_USD	2018-03-18	0.005540	0.005312	0.005579	0.004943	0
WYS_USD	2018-03-17	0.005312	0.005597	0.005630	0.005231	0
WYS_USD	2018-03-16	0.005597	0.005572	0.005798	0.005335	0
WYS_USD	2018-03-15	0.005572	0.005525	0.005673	0.005184	0
WYS_USD	2018-03-14	0.005525	0.006486	0.006640	0.005348	0
WYS_USD	2018-03-13	0.006486	0.006338	0.006727	0.006281	0
WYS_USD	2018-03-12	0.006338	0.006039	0.007723	0.005674	0
WYS_USD	2018-03-11	0.006039	0.005691	0.006216	0.005419	0
WYS_USD	2018-03-10	0.005691	0.005901	0.006269	0.005663	0
WYS_USD	2018-03-09	0.005901	0.006184	0.006264	0.005127	0
WYS_USD	2018-03-08	0.006184	0.006571	0.006899	0.006015	0
WYS_USD	2018-03-07	0.006571	0.007345	0.007465	0.006242	0
WYS_USD	2018-03-06	0.007345	0.008329	0.008329	0.007302	0
WYS_USD	2018-03-05	0.008329	0.009666	0.009918	0.008329	0
WYS_USD	2018-03-04	0.009654	0.009720	0.009720	0.008786	0
WYS_USD	2018-03-03	0.009653	0.009426	0.011095	0.009270	0
WYS_USD	2018-03-02	0.009426	0.013549	0.013721	0.009421	0
