XCG_USD	2019-04-09	0.006047	0.006172	0.006172	0.006026	0
XCG_USD	2019-04-08	0.006172	0.006085	0.006219	0.005974	0
XCG_USD	2019-04-07	0.006085	0.005893	0.006148	0.005888	0
XCG_USD	2019-04-06	0.005893	0.005898	0.006121	0.005763	0
XCG_USD	2019-04-05	0.005898	0.005798	0.006009	0.005726	0
XCG_USD	2019-04-04	0.005798	0.005950	0.006093	0.005608	0
XCG_USD	2019-04-03	0.005950	0.005869	0.006365	0.005796	0
XCG_USD	2019-04-02	0.005869	0.004976	0.006016	0.004965	0
XCG_USD	2019-04-01	0.004976	0.004897	0.005001	0.004850	0
XCG_USD	2019-03-31	0.004897	0.004852	0.004911	0.004839	0
XCG_USD	2019-03-30	0.004852	0.004806	0.004861	0.004765	0
XCG_USD	2019-03-29	0.004806	0.005259	0.005474	0.004779	0
XCG_USD	2019-03-28	0.005259	0.005333	0.005397	0.005003	0
XCG_USD	2019-03-27	0.005333	0.005089	0.005343	0.005074	0
XCG_USD	2019-03-26	0.005089	0.005062	0.005093	0.005038	0
XCG_USD	2019-03-25	0.005062	0.004910	0.005158	0.004901	0
XCG_USD	2019-03-24	0.004910	0.004937	0.004937	0.004876	0
XCG_USD	2019-03-23	0.004937	0.004919	0.004953	0.004904	0
XCG_USD	2019-03-22	0.004919	0.004894	0.004985	0.004892	0
XCG_USD	2019-03-21	0.004894	0.004560	0.004899	0.004439	0
XCG_USD	2019-03-20	0.004560	0.004334	0.004570	0.004321	0
XCG_USD	2019-03-19	0.004334	0.004461	0.004473	0.004102	0
XCG_USD	2019-03-18	0.004461	0.004455	0.004510	0.004421	0
XCG_USD	2019-03-17	0.004456	0.004662	0.004662	0.004456	0
XCG_USD	2019-03-16	0.004662	0.004604	0.004755	0.004604	0
XCG_USD	2019-03-15	0.004604	0.004562	0.004631	0.004561	0
XCG_USD	2019-03-14	0.004562	0.004558	0.004620	0.004491	0
XCG_USD	2019-03-13	0.004560	0.004567	0.004586	0.004534	0
XCG_USD	2019-03-12	0.004567	0.004564	0.004596	0.004500	0
XCG_USD	2019-03-11	0.004564	0.004419	0.004589	0.004358	0
XCG_USD	2019-03-10	0.004419	0.004437	0.004439	0.004381	0
XCG_USD	2019-03-09	0.004437	0.004354	0.004470	0.004347	0
XCG_USD	2019-03-08	0.004354	0.004777	0.004790	0.004283	0
XCG_USD	2019-03-07	0.004777	0.004781	0.004832	0.004742	0
XCG_USD	2019-03-06	0.004781	0.004799	0.004832	0.004752	0
XCG_USD	2019-03-05	0.004799	0.004617	0.004820	0.004600	0
XCG_USD	2019-03-04	0.004617	0.004720	0.004747	0.004577	0
XCG_USD	2019-03-03	0.004720	0.004754	0.004767	0.004690	0
XCG_USD	2019-03-02	0.004754	0.004759	0.004767	0.004685	0
XCG_USD	2019-03-01	0.004759	0.004752	0.004802	0.004750	0
XCG_USD	2019-02-28	0.004752	0.004759	0.004864	0.004739	0
XCG_USD	2019-02-27	0.004759	0.004756	0.004799	0.004603	0
XCG_USD	2019-02-26	0.004756	0.004767	0.004800	0.004726	0
XCG_USD	2019-02-25	0.004767	0.004657	0.004837	0.004654	0
XCG_USD	2019-02-24	0.004657	0.005118	0.005203	0.004632	0
XCG_USD	2019-02-23	0.005118	0.004959	0.005191	0.004520	0
XCG_USD	2019-02-22	0.004959	0.004932	0.004970	0.004870	0
XCG_USD	2019-02-21	0.004932	0.004954	0.005069	0.004891	0
XCG_USD	2019-02-20	0.004954	0.004870	0.004961	0.004841	0
XCG_USD	2019-02-19	0.004870	0.004815	0.004979	0.004811	0
XCG_USD	2019-02-18	0.004815	0.004483	0.004851	0.004469	0
XCG_USD	2019-02-17	0.004483	0.004632	0.004767	0.004403	0
XCG_USD	2019-02-16	0.004632	0.004635	0.004691	0.004628	0
XCG_USD	2019-02-15	0.004635	0.004553	0.004701	0.004548	0
XCG_USD	2019-02-14	0.004553	0.004568	0.004583	0.004535	0
XCG_USD	2019-02-13	0.004568	0.004599	0.004651	0.004545	0
XCG_USD	2019-02-12	0.004599	0.004583	0.004628	0.004538	0
XCG_USD	2019-02-11	0.004583	0.004665	0.004668	0.004577	0
XCG_USD	2019-02-10	0.004665	0.004629	0.004666	0.004566	0
XCG_USD	2019-02-09	0.004629	0.004655	0.004708	0.004599	0
XCG_USD	2019-02-08	0.004655	0.004278	0.004742	0.004268	0
XCG_USD	2019-02-07	0.004278	0.004280	0.004293	0.004254	0
XCG_USD	2019-02-06	0.004280	0.004372	0.004384	0.004228	0
XCG_USD	2019-02-05	0.004372	0.004328	0.004375	0.004310	0
XCG_USD	2019-02-04	0.004328	0.004360	0.004366	0.004292	0
XCG_USD	2019-02-03	0.004360	0.004413	0.004423	0.004322	0
XCG_USD	2019-02-02	0.004413	0.004334	0.004429	0.004318	0
XCG_USD	2019-02-01	0.004334	0.004378	0.004390	0.004259	0
XCG_USD	2019-01-31	0.004378	0.004430	0.004477	0.004370	0
XCG_USD	2019-01-30	0.004430	0.004365	0.004451	0.004332	0
XCG_USD	2019-01-29	0.004365	0.004394	0.004408	0.004296	0
XCG_USD	2019-01-28	0.004394	0.004514	0.004515	0.004338	0
XCG_USD	2019-01-27	0.004514	0.004541	0.004571	0.004447	0
XCG_USD	2019-01-26	0.004541	0.004536	0.004646	0.004516	0
XCG_USD	2019-01-25	0.004536	0.004565	0.004579	0.004494	0
XCG_USD	2019-01-24	0.004565	0.004561	0.004640	0.004533	0
XCG_USD	2019-01-23	0.004561	0.004549	0.004626	0.004526	0
XCG_USD	2019-01-22	0.004549	0.004548	0.004682	0.004482	0
XCG_USD	2019-01-21	0.004548	0.004500	0.004561	0.004485	0
XCG_USD	2019-01-20	0.004500	0.004631	0.004727	0.004435	0
XCG_USD	2019-01-19	0.004631	0.004926	0.005109	0.004386	0
XCG_USD	2019-01-18	0.004926	0.005004	0.005074	0.004315	0
XCG_USD	2019-01-17	0.005004	0.004901	0.005007	0.004868	0
XCG_USD	2019-01-16	0.004901	0.004936	0.005059	0.004876	0
XCG_USD	2019-01-15	0.004936	0.005061	0.005095	0.004905	0
XCG_USD	2019-01-14	0.005061	0.004849	0.005126	0.004833	0
XCG_USD	2019-01-13	0.004849	0.004998	0.005020	0.004822	0
XCG_USD	2019-01-12	0.004997	0.004996	0.005041	0.004955	0
XCG_USD	2019-01-11	0.004996	0.004975	0.005063	0.004932	0
XCG_USD	2019-01-10	0.004975	0.005492	0.005542	0.004941	0
XCG_USD	2019-01-09	0.005492	0.005780	0.005867	0.005434	0
XCG_USD	2019-01-08	0.005780	0.005821	0.005933	0.005723	0
XCG_USD	2019-01-07	0.005821	0.006007	0.006043	0.005798	0
XCG_USD	2019-01-06	0.006007	0.005633	0.011265	0.005599	0
XCG_USD	2019-01-05	0.005633	0.005678	0.005781	0.005623	0
XCG_USD	2019-01-04	0.005678	0.005587	0.005720	0.005539	0
XCG_USD	2019-01-03	0.005587	0.005690	0.005727	0.005562	0
XCG_USD	2019-01-02	0.005690	0.005779	0.005853	0.005551	0
XCG_USD	2019-01-01	0.005779	0.005631	0.005812	0.005532	0
XCG_USD	2018-12-31	0.005631	0.005741	0.006936	0.005127	0
XCG_USD	2018-12-30	0.005741	0.005145	0.007394	0.005095	0
XCG_USD	2018-12-29	0.005145	0.005349	0.005417	0.005125	0
XCG_USD	2018-12-28	0.005349	0.004939	0.005412	0.004917	0
XCG_USD	2018-12-27	0.004939	0.005207	0.005250	0.004905	0
XCG_USD	2018-12-26	0.005207	0.005175	0.005287	0.005051	0
XCG_USD	2018-12-25	0.005175	0.005492	0.005501	0.005043	0
XCG_USD	2018-12-24	0.005492	0.005170	0.005792	0.005170	0
XCG_USD	2018-12-23	0.005170	0.005260	0.005368	0.005148	0
XCG_USD	2018-12-22	0.005260	0.005064	0.005287	0.004998	0
XCG_USD	2018-12-21	0.005064	0.005374	0.005467	0.004979	0
XCG_USD	2018-12-20	0.005374	0.004839	0.005477	0.004803	0
XCG_USD	2018-12-19	0.004839	0.004781	0.005156	0.004769	0
XCG_USD	2018-12-18	0.004781	0.005329	0.005414	0.004616	0
XCG_USD	2018-12-17	0.005329	0.004851	0.005445	0.004829	0
XCG_USD	2018-12-16	0.004851	0.004832	0.004965	0.004818	0
XCG_USD	2018-12-15	0.004832	0.004840	0.004901	0.004745	0
XCG_USD	2018-12-14	0.004840	0.004926	0.004995	0.004759	0
XCG_USD	2018-12-13	0.004926	0.005235	0.005244	0.004894	0
XCG_USD	2018-12-12	0.005235	0.005065	0.005336	0.005055	0
XCG_USD	2018-12-11	0.005109	0.005234	0.005271	0.005026	0
XCG_USD	2018-12-10	0.005234	0.005396	0.005476	0.005162	0
XCG_USD	2018-12-09	0.005396	0.005171	0.005590	0.005134	0
XCG_USD	2018-12-08	0.005171	0.005102	0.005394	0.004892	0
XCG_USD	2018-12-07	0.005102	0.005222	0.005310	0.004843	0
XCG_USD	2018-12-06	0.005222	0.005575	0.005770	0.005186	0
XCG_USD	2018-12-05	0.005575	0.005874	0.005896	0.005552	0
XCG_USD	2018-12-04	0.005874	0.005718	0.006056	0.005581	0
XCG_USD	2018-12-03	0.005718	0.006031	0.006059	0.005626	0
XCG_USD	2018-12-02	0.006031	0.006152	0.006317	0.005984	0
XCG_USD	2018-12-01	0.006152	0.005815	0.006269	0.005750	0
XCG_USD	2018-11-30	0.005815	0.006187	0.006275	0.005711	0
XCG_USD	2018-11-29	0.006187	0.006222	0.006457	0.006044	0
XCG_USD	2018-11-28	0.006222	0.005613	0.006403	0.005613	0
XCG_USD	2018-11-27	0.005613	0.005843	0.005901	0.005329	0
XCG_USD	2018-11-26	0.005843	0.006219	0.006356	0.005631	0
XCG_USD	2018-11-25	0.006219	0.005975	0.006363	0.005548	0
XCG_USD	2018-11-24	0.005975	0.007099	0.007224	0.005809	0
XCG_USD	2018-11-23	0.007099	0.007005	0.007193	0.006802	0
XCG_USD	2018-11-22	0.007005	0.007357	0.007429	0.006913	0
XCG_USD	2018-11-21	0.007357	0.007227	0.007516	0.006977	0
XCG_USD	2018-11-20	0.007227	0.007777	0.007948	0.006801	0
XCG_USD	2018-11-19	0.007777	0.008914	0.008914	0.007703	0
XCG_USD	2018-11-18	0.008914	0.008862	0.008994	0.008853	0
XCG_USD	2018-11-17	0.008862	0.008915	0.008915	0.008778	0
XCG_USD	2018-11-16	0.008915	0.009087	0.009096	0.008749	0
XCG_USD	2018-11-15	0.009087	0.009445	0.009505	0.008679	0
XCG_USD	2018-11-14	0.009445	0.010440	0.010571	0.009156	0
XCG_USD	2018-11-13	0.010440	0.010315	0.010589	0.010295	0
XCG_USD	2018-11-12	0.010315	0.011305	0.011361	0.010270	0
XCG_USD	2018-11-11	0.011305	0.011254	0.011371	0.011137	0
XCG_USD	2018-11-10	0.011254	0.011267	0.011330	0.011245	0
XCG_USD	2018-11-09	0.011267	0.010756	0.011267	0.010721	0
XCG_USD	2018-11-08	0.010756	0.011732	0.012057	0.010756	0
XCG_USD	2018-11-07	0.011732	0.014399	0.014602	0.011398	0
XCG_USD	2018-11-06	0.014399	0.012908	0.014399	0.012211	0
XCG_USD	2018-11-05	0.012908	0.012808	0.013797	0.012680	0
XCG_USD	2018-11-04	0.012808	0.012392	0.012847	0.012339	0
XCG_USD	2018-11-03	0.012392	0.013400	0.013432	0.012027	0
XCG_USD	2018-11-02	0.013400	0.012160	0.013459	0.012160	0
XCG_USD	2018-11-01	0.012160	0.012705	0.013361	0.011851	0
XCG_USD	2018-10-31	0.012705	0.011616	0.012713	0.011144	0
XCG_USD	2018-10-30	0.011616	0.012371	0.013311	0.011154	0
XCG_USD	2018-10-29	0.012371	0.012688	0.012689	0.012129	0
XCG_USD	2018-10-28	0.012688	0.012773	0.013188	0.012622	0
XCG_USD	2018-10-27	0.012773	0.012867	0.014167	0.012549	0
XCG_USD	2018-10-26	0.012867	0.013056	0.013625	0.012101	0
XCG_USD	2018-10-25	0.013056	0.011207	0.014432	0.010151	0
XCG_USD	2018-10-24	0.011207	0.023187	0.025780	0.007404	0
XCG_USD	2018-10-23	0.023187	0.023215	0.023308	0.023093	0
XCG_USD	2018-10-22	0.023215	0.023058	0.023295	0.022971	0
XCG_USD	2018-10-21	0.023058	0.022391	0.023345	0.021509	0
XCG_USD	2018-10-20	0.022391	0.022486	0.022902	0.021634	0
XCG_USD	2018-10-19	0.022486	0.023213	0.029126	0.022037	0
XCG_USD	2018-10-18	0.023213	0.025424	0.025553	0.023053	0
XCG_USD	2018-10-17	0.025424	0.026829	0.027130	0.023535	0
XCG_USD	2018-10-16	0.026829	0.026833	0.027430	0.026519	0
XCG_USD	2018-10-15	0.026833	0.024985	0.029581	0.024912	0
XCG_USD	2018-10-14	0.024985	0.025907	0.026216	0.024945	0
XCG_USD	2018-10-13	0.025907	0.025787	0.025991	0.025739	0
XCG_USD	2018-10-12	0.025787	0.025053	0.026053	0.024954	0
XCG_USD	2018-10-11	0.025053	0.025792	0.025858	0.024323	0
XCG_USD	2018-10-10	0.025792	0.026019	0.026073	0.025531	0
XCG_USD	2018-10-09	0.026019	0.025992	0.026255	0.025839	0
XCG_USD	2018-10-08	0.025992	0.025678	0.026168	0.025652	0
XCG_USD	2018-10-07	0.025678	0.026137	0.026403	0.025537	0
XCG_USD	2018-10-06	0.026137	0.028373	0.028421	0.026037	0
XCG_USD	2018-10-05	0.028373	0.028854	0.029053	0.028135	0
XCG_USD	2018-10-04	0.028854	0.028484	0.029061	0.028435	0
XCG_USD	2018-10-03	0.028484	0.028441	0.028733	0.027981	0
XCG_USD	2018-10-02	0.028441	0.029968	0.030114	0.028115	0
XCG_USD	2018-10-01	0.029968	0.030944	0.031200	0.029870	0
XCG_USD	2018-09-30	0.030944	0.030877	0.031751	0.030536	0
XCG_USD	2018-09-29	0.030877	0.031052	0.031052	0.030261	0
XCG_USD	2018-09-28	0.031052	0.031304	0.031975	0.030665	0
XCG_USD	2018-09-27	0.031304	0.029953	0.031517	0.029953	0
XCG_USD	2018-09-26	0.029953	0.030951	0.031221	0.029819	0
XCG_USD	2018-09-25	0.030951	0.032036	0.032036	0.029673	0
XCG_USD	2018-09-24	0.032036	0.032683	0.032722	0.031858	0
XCG_USD	2018-09-23	0.032683	0.032679	0.033053	0.032397	0
XCG_USD	2018-09-22	0.032679	0.032744	0.033438	0.032364	0
XCG_USD	2018-09-21	0.032744	0.031332	0.032744	0.031327	0
XCG_USD	2018-09-20	0.031332	0.030329	0.032761	0.030272	0
XCG_USD	2018-09-19	0.030329	0.031238	0.031333	0.029163	0
XCG_USD	2018-09-18	0.031238	0.030742	0.031375	0.030520	0
XCG_USD	2018-09-17	0.030742	0.032037	0.032939	0.030540	0
XCG_USD	2018-09-16	0.032037	0.032209	0.032954	0.031518	0
XCG_USD	2018-09-15	0.032209	0.032112	0.032502	0.031980	0
XCG_USD	2018-09-14	0.032112	0.031989	0.032601	0.031484	0
XCG_USD	2018-09-13	0.031989	0.034376	0.034843	0.031304	0
XCG_USD	2018-09-12	0.034376	0.034469	0.034481	0.033683	0
XCG_USD	2018-09-11	0.034469	0.034221	0.034639	0.033557	0
XCG_USD	2018-09-10	0.034221	0.033819	0.034418	0.033819	0
XCG_USD	2018-09-09	0.033819	0.033708	0.034781	0.033088	0
XCG_USD	2018-09-08	0.033708	0.034870	0.035257	0.033433	0
XCG_USD	2018-09-07	0.034870	0.035143	0.035247	0.034124	0
XCG_USD	2018-09-06	0.035143	0.036168	0.036256	0.033986	0
XCG_USD	2018-09-05	0.036168	0.039886	0.041041	0.036147	0
XCG_USD	2018-09-04	0.039886	0.040675	0.041026	0.038746	0
XCG_USD	2018-09-03	0.040675	0.042211	0.042391	0.038079	0
XCG_USD	2018-09-02	0.042211	0.033216	0.044314	0.032938	0
XCG_USD	2018-09-01	0.033216	0.030988	0.033507	0.030945	0
XCG_USD	2018-08-31	0.030988	0.029725	0.031373	0.029457	0
XCG_USD	2018-08-30	0.029725	0.030159	0.030217	0.028995	0
XCG_USD	2018-08-29	0.030159	0.031322	0.031355	0.029791	0
XCG_USD	2018-08-28	0.031322	0.029580	0.032971	0.029004	0
XCG_USD	2018-08-27	0.029580	0.029618	0.029697	0.027444	0
XCG_USD	2018-08-26	0.029618	0.029922	0.030171	0.028901	0
XCG_USD	2018-08-25	0.029922	0.027480	0.029986	0.027087	0
XCG_USD	2018-08-24	0.027480	0.030710	0.031288	0.027156	0
XCG_USD	2018-08-23	0.030710	0.029900	0.030892	0.029836	0
XCG_USD	2018-08-22	0.029900	0.030484	0.032307	0.029420	0
XCG_USD	2018-08-21	0.030484	0.029180	0.030593	0.029156	0
XCG_USD	2018-08-20	0.029180	0.030480	0.030647	0.029064	0
XCG_USD	2018-08-19	0.030480	0.030260	0.030736	0.029665	0
XCG_USD	2018-08-18	0.030260	0.031198	0.031300	0.029853	0
XCG_USD	2018-08-17	0.031198	0.029949	0.031198	0.029860	0
XCG_USD	2018-08-16	0.029949	0.030661	0.030952	0.029577	0
XCG_USD	2018-08-15	0.030661	0.031827	0.033295	0.030393	0
XCG_USD	2018-08-14	0.031827	0.031916	0.032137	0.030314	0
XCG_USD	2018-08-13	0.031916	0.032548	0.033695	0.031685	0
XCG_USD	2018-08-12	0.032548	0.033576	0.034323	0.031029	0
XCG_USD	2018-08-11	0.033576	0.029460	0.034872	0.028247	0
XCG_USD	2018-08-10	0.029460	0.028825	0.032403	0.028254	0
XCG_USD	2018-08-09	0.028825	0.020843	0.029062	0.020549	0
XCG_USD	2018-08-08	0.020843	0.024252	0.024252	0.019246	0
XCG_USD	2018-08-07	0.024252	0.026364	0.028840	0.022155	0
XCG_USD	2018-08-06	0.026364	0.026478	0.028553	0.025873	0
XCG_USD	2018-08-05	0.026478	0.026377	0.026657	0.025931	0
XCG_USD	2018-08-04	0.026377	0.027959	0.028231	0.024734	0
XCG_USD	2018-08-03	0.027959	0.028408	0.028408	0.027459	0
XCG_USD	2018-08-02	0.028408	0.028689	0.029029	0.028129	0
XCG_USD	2018-08-01	0.028689	0.029199	0.029236	0.028067	0
XCG_USD	2018-07-31	0.029199	0.031092	0.031111	0.028916	0
XCG_USD	2018-07-30	0.031092	0.035724	0.035960	0.029929	0
XCG_USD	2018-07-29	0.035724	0.034632	0.035959	0.034632	0
XCG_USD	2018-07-28	0.034632	0.033808	0.035044	0.033808	0
XCG_USD	2018-07-27	0.033808	0.037807	0.037807	0.033395	0
XCG_USD	2018-07-26	0.037807	0.044814	0.045263	0.037807	0
XCG_USD	2018-07-25	0.044814	0.046608	0.047010	0.044251	0
XCG_USD	2018-07-24	0.046608	0.044661	0.046938	0.042821	0
XCG_USD	2018-07-23	0.044661	0.042854	0.045049	0.042696	0
XCG_USD	2018-07-22	0.042854	0.042865	0.043795	0.042538	0
XCG_USD	2018-07-21	0.042865	0.042821	0.042982	0.041873	0
XCG_USD	2018-07-20	0.042821	0.042599	0.044857	0.041889	0
XCG_USD	2018-07-19	0.042599	0.042245	0.043070	0.041629	0
XCG_USD	2018-07-18	0.042245	0.042419	0.043716	0.039277	0
XCG_USD	2018-07-17	0.042419	0.039037	0.043248	0.038638	0
XCG_USD	2018-07-16	0.039037	0.036811	0.039105	0.036725	0
XCG_USD	2018-07-15	0.036811	0.036250	0.037052	0.036153	0
XCG_USD	2018-07-14	0.036250	0.035765	0.036555	0.035680	0
XCG_USD	2018-07-13	0.035765	0.032683	0.036297	0.032600	0
XCG_USD	2018-07-12	0.032683	0.026850	0.033623	0.025608	0
XCG_USD	2018-07-11	0.026850	0.004127	0.040974	0.004127	0
XCG_USD	2018-07-10	0.004127	0.057609	0.057782	0.002518	0
XCG_USD	2018-07-09	0.057609	0.057688	0.059463	0.057404	0
XCG_USD	2018-07-08	0.057688	0.056799	0.058236	0.056505	0
XCG_USD	2018-07-07	0.056799	0.056111	0.057340	0.054701	0
XCG_USD	2018-07-06	0.056111	0.057554	0.057612	0.052942	0
XCG_USD	2018-07-05	0.057554	0.058486	0.059406	0.056659	0
XCG_USD	2018-07-04	0.058486	0.056907	0.059237	0.056189	0
XCG_USD	2018-07-03	0.056907	0.054925	0.057925	0.000740	0
XCG_USD	2018-07-02	0.054925	0.055332	0.056778	0.000001	0
XCG_USD	2018-07-01	0.055337	0.062988	0.063435	0.054616	0
XCG_USD	2018-06-30	0.062989	0.061906	0.065589	0.061692	0
XCG_USD	2018-06-29	0.061957	0.058318	0.062574	0.055627	0
XCG_USD	2018-06-28	0.058412	0.064341	0.064667	0.058125	0
XCG_USD	2018-06-27	0.064336	0.063604	0.064820	0.062823	0
XCG_USD	2018-06-26	0.063805	0.065507	0.068963	0.061526	0
XCG_USD	2018-06-25	0.065464	0.064288	0.066264	0.062554	0
XCG_USD	2018-06-24	0.064309	0.064248	0.065133	0.060193	0
XCG_USD	2018-06-23	0.064165	0.062026	0.067020	0.061841	0
XCG_USD	2018-06-22	0.062027	0.065930	0.066094	0.060200	0
XCG_USD	2018-06-21	0.065926	0.066417	0.066672	0.065733	0
XCG_USD	2018-06-20	0.066420	0.066348	0.066922	0.064655	0
XCG_USD	2018-06-19	0.066423	0.066175	0.067322	0.065753	0
XCG_USD	2018-06-18	0.066152	0.063818	0.066911	0.062982	0
XCG_USD	2018-06-17	0.063767	0.064773	0.065402	0.063659	0
XCG_USD	2018-06-16	0.064761	0.067936	0.068085	0.061877	0
XCG_USD	2018-06-15	0.067904	0.068942	0.068955	0.066116	0
XCG_USD	2018-06-14	0.068811	0.063674	0.069524	0.063656	0
XCG_USD	2018-06-13	0.063638	0.066094	0.066716	0.061982	0
XCG_USD	2018-06-12	0.066078	0.079249	0.079717	0.065463	0
XCG_USD	2018-06-11	0.079288	0.077545	0.082723	0.074550	0
XCG_USD	2018-06-10	0.077456	0.091482	0.095230	0.076799	0
XCG_USD	2018-06-09	0.091457	0.094239	0.105630	0.085456	0
XCG_USD	2018-06-08	0.094237	0.103527	0.103673	0.094164	0
XCG_USD	2018-06-07	0.103609	0.099310	0.104572	0.099310	0
XCG_USD	2018-06-06	0.099305	0.098785	0.100257	0.092866	0
XCG_USD	2018-06-05	0.098700	0.096646	0.100651	0.095183	0
XCG_USD	2018-06-04	0.096717	0.101429	0.101850	0.096296	0
XCG_USD	2018-06-03	0.101338	0.101776	0.103371	0.100421	0
XCG_USD	2018-06-02	0.101853	0.101314	0.105397	0.100714	0
XCG_USD	2018-06-01	0.101233	0.212374	0.213425	0.085937	0
XCG_USD	2018-05-31	0.212206	0.082160	0.224088	0.080608	0
XCG_USD	2018-05-30	0.082196	0.145871	0.145871	0.075439	0
XCG_USD	2018-05-29	0.117775	0.071113	0.117775	0.071113	0
XCG_USD	2018-05-28	0.071069	0.074015	0.075676	0.070765	0
XCG_USD	2018-05-27	0.073978	0.074867	0.075500	0.073514	0
XCG_USD	2018-05-26	0.074852	0.076244	0.077821	0.074453	0
XCG_USD	2018-05-25	0.076258	0.078564	0.079417	0.075165	0
XCG_USD	2018-05-24	0.078530	0.079198	0.081522	0.075257	0
XCG_USD	2018-05-23	0.079258	0.081167	0.086704	0.077141	0
XCG_USD	2018-05-22	0.086383	0.487120	0.487120	0.000000	0
XCG_USD	2018-05-21	0.000000	0.487120	0.487120	0.000000	0
XCG_USD	2018-05-18	0.000000	0.487120	0.487120	0.000000	0
XCG_USD	2018-05-17	0.000000	0.487120	0.487120	0.000000	0
XCG_USD	2018-05-16	0.000000	0.487120	0.487120	0.000000	0
XCG_USD	2018-05-15	0.000000	0.487120	0.487120	0.000000	0
XCG_USD	2018-05-14	0.000000	0.000000	0.000000	0.000000	0
XCG_USD	2018-05-13	0.487120	0.487120	0.487120	0.487120	0
XCG_USD	2018-05-08	0.000000	0.000000	0.000000	0.000000	0
XCG_USD	2018-05-06	0.487120	0.487120	0.487120	0.487120	0
XCG_USD	2018-04-07	0.487120	0.487120	0.487120	0.487120	0
XCG_USD	2018-03-31	0.487120	0.487120	0.487120	0.487120	0
XCG_USD	2018-03-25	0.487120	0.487120	0.487120	0.487120	0
XCG_USD	2018-03-06	0.487120	0.487120	0.487120	0.487120	0
XCG_USD	2018-03-05	0.487120	0.490810	0.512200	0.487120	1976
XCG_USD	2018-03-04	0.490810	0.545100	0.545100	0.490810	846
XCG_USD	2018-03-03	0.545100	0.548420	0.548420	0.453370	3299
XCG_USD	2018-03-02	0.548420	0.589990	0.589990	0.500000	3486
XCG_USD	2018-03-01	0.589990	0.524500	0.589990	0.516630	3643
XCG_USD	2018-02-28	0.524500	0.600400	0.600400	0.524500	683
XCG_USD	2018-02-27	0.600400	0.564650	0.600400	0.515100	3704
XCG_USD	2018-02-26	0.564650	0.540020	0.686600	0.540010	1607
XCG_USD	2018-02-25	0.540020	0.660000	0.699940	0.515150	2544
XCG_USD	2018-02-24	0.660000	0.652780	0.740960	0.600000	2608
XCG_USD	2018-02-23	0.652780	0.613690	0.839860	0.522660	3973
XCG_USD	2018-02-22	0.613690	0.623850	0.623850	0.480000	1955
XCG_USD	2018-02-21	0.623850	0.600010	0.623850	0.566560	3080
XCG_USD	2018-02-20	0.600010	0.635020	0.729980	0.600010	789
XCG_USD	2018-02-19	0.635010	0.575600	0.849900	0.500000	4356
XCG_USD	2018-02-18	0.575600	0.660390	0.661900	0.575600	141
XCG_USD	2018-02-17	0.660390	0.740710	0.740710	0.660330	160
XCG_USD	2018-02-16	0.740710	0.660110	0.740710	0.660110	4
XCG_USD	2018-02-15	0.660110	0.588430	0.741840	0.588430	339
XCG_USD	2018-02-14	0.588430	0.597720	0.779990	0.587060	1363
XCG_USD	2018-02-13	0.597720	0.660110	0.660170	0.597710	636
XCG_USD	2018-02-12	0.660110	0.655000	0.793790	0.576120	2389
XCG_USD	2018-02-11	0.655000	0.654760	0.655000	0.530090	1463
XCG_USD	2018-02-10	0.654760	0.600700	0.699860	0.588710	621
XCG_USD	2018-02-09	0.600700	0.500000	0.750570	0.500000	1418
XCG_USD	2018-02-08	0.500000	0.447230	0.569670	0.447230	60
XCG_USD	2018-02-07	0.447230	0.635110	0.635110	0.447070	245
XCG_USD	2018-02-06	0.635110	0.650110	0.650110	0.300110	1161
XCG_USD	2018-02-05	0.650110	0.530010	0.839580	0.320230	995
XCG_USD	2018-02-04	0.530010	0.685370	0.688460	0.511150	441
XCG_USD	2018-02-03	0.685370	0.589970	0.704410	0.495570	236
XCG_USD	2018-02-02	0.589970	0.696020	0.838850	0.589970	674
