XCXT_USD	2019-01-27	0.001032	0.001032	0.001032	0.001032	0
XCXT_USD	2019-01-26	0.001032	0.001032	0.001032	0.001032	0
XCXT_USD	2019-01-25	0.001032	0.001032	0.001032	0.001032	0
XCXT_USD	2019-01-24	0.001032	0.001032	0.001032	0.001032	0
XCXT_USD	2019-01-23	0.001032	0.001032	0.001032	0.001032	0
XCXT_USD	2019-01-22	0.001032	0.001032	0.001032	0.001032	0
XCXT_USD	2019-01-21	0.001032	0.001032	0.001032	0.001032	0
XCXT_USD	2019-01-20	0.001032	0.001032	0.001032	0.001032	0
XCXT_USD	2019-01-19	0.001032	0.001032	0.001032	0.001032	0
XCXT_USD	2019-01-18	0.001032	0.001032	0.001032	0.001032	0
XCXT_USD	2019-01-17	0.001032	0.001032	0.001032	0.001032	0
XCXT_USD	2019-01-16	0.001032	0.001032	0.001032	0.001032	0
XCXT_USD	2019-01-15	0.001032	0.001032	0.001032	0.001032	0
XCXT_USD	2019-01-14	0.001032	0.001024	0.001034	0.001020	0
XCXT_USD	2019-01-13	0.001024	0.001055	0.001060	0.001018	0
XCXT_USD	2019-01-12	0.001055	0.001059	0.001064	0.001046	0
XCXT_USD	2019-01-11	0.001059	0.001058	0.001074	0.001045	0
XCXT_USD	2019-01-10	0.001058	0.001164	0.001179	0.001051	0
XCXT_USD	2019-01-09	0.001164	0.001168	0.001186	0.001150	0
XCXT_USD	2019-01-08	0.001168	0.001172	0.001199	0.001157	0
XCXT_USD	2019-01-07	0.001172	0.001189	0.001196	0.001163	0
XCXT_USD	2019-01-06	0.001189	0.001115	0.002230	0.001108	0
XCXT_USD	2019-01-05	0.001115	0.001128	0.001144	0.001113	0
XCXT_USD	2019-01-04	0.001128	0.001117	0.001136	0.001100	0
XCXT_USD	2019-01-03	0.001117	0.001154	0.001156	0.001112	0
XCXT_USD	2019-01-02	0.001154	0.001128	0.001161	0.001117	0
XCXT_USD	2019-01-01	0.001128	0.001092	0.001135	0.001080	0
XCXT_USD	2018-12-31	0.001092	0.001132	0.001135	0.001078	0
XCXT_USD	2018-12-30	0.001132	0.001107	0.001137	0.001096	0
XCXT_USD	2018-12-29	0.001107	0.001150	0.001165	0.001102	0
XCXT_USD	2018-12-28	0.001150	0.001058	0.001164	0.001054	0
XCXT_USD	2018-12-27	0.001058	0.001120	0.001129	0.001051	0
XCXT_USD	2018-12-26	0.001120	0.001113	0.001137	0.001086	0
XCXT_USD	2018-12-25	0.001113	0.001181	0.001183	0.001089	0
XCXT_USD	2018-12-24	0.001181	0.001160	0.001249	0.001160	0
XCXT_USD	2018-12-23	0.001160	0.001176	0.001200	0.001151	0
XCXT_USD	2018-12-22	0.001176	0.001132	0.001182	0.001117	0
XCXT_USD	2018-12-21	0.001132	0.001201	0.001222	0.001113	0
XCXT_USD	2018-12-20	0.001201	0.001086	0.001224	0.001078	0
XCXT_USD	2018-12-19	0.001086	0.001077	0.001151	0.001072	0
XCXT_USD	2018-12-18	0.001077	0.001033	0.001082	0.001012	0
XCXT_USD	2018-12-17	0.001033	0.000940	0.001056	0.000936	0
XCXT_USD	2018-12-16	0.000940	0.000937	0.000963	0.000934	0
XCXT_USD	2018-12-15	0.000937	0.000935	0.000946	0.000917	0
XCXT_USD	2018-12-14	0.000935	0.000955	0.000965	0.000920	0
XCXT_USD	2018-12-13	0.000955	0.001008	0.001010	0.000949	0
XCXT_USD	2018-12-12	0.001008	0.000975	0.001028	0.000973	0
XCXT_USD	2018-12-11	0.000984	0.001005	0.001012	0.000968	0
XCXT_USD	2018-12-10	0.001005	0.001039	0.001054	0.000991	0
XCXT_USD	2018-12-09	0.001039	0.000999	0.001076	0.000989	0
XCXT_USD	2018-12-08	0.000999	0.000986	0.001042	0.000945	0
XCXT_USD	2018-12-07	0.000986	0.001009	0.001026	0.000936	0
XCXT_USD	2018-12-06	0.001009	0.001074	0.001116	0.001002	0
XCXT_USD	2018-12-05	0.001074	0.001135	0.001139	0.001069	0
XCXT_USD	2018-12-04	0.001135	0.001112	0.001178	0.001086	0
XCXT_USD	2018-12-03	0.001112	0.001185	0.001191	0.001094	0
XCXT_USD	2018-12-02	0.001185	0.001209	0.001241	0.001176	0
XCXT_USD	2018-12-01	0.001209	0.001151	0.001237	0.001134	0
XCXT_USD	2018-11-30	0.001151	0.001229	0.001242	0.001130	0
XCXT_USD	2018-11-29	0.001229	0.001227	0.001273	0.001192	0
XCXT_USD	2018-11-28	0.001227	0.001107	0.001263	0.001107	0
XCXT_USD	2018-11-27	0.001107	0.001157	0.001198	0.001058	0
XCXT_USD	2018-11-26	0.001157	0.001252	0.001327	0.001078	0
XCXT_USD	2018-11-25	0.001252	0.001376	0.001404	0.001039	0
XCXT_USD	2018-11-24	0.001376	0.001415	0.001533	0.001323	0
XCXT_USD	2018-11-23	0.001415	0.001559	0.001591	0.001330	0
XCXT_USD	2018-11-22	0.001559	0.001635	0.001677	0.001549	0
XCXT_USD	2018-11-21	0.001635	0.001652	0.001694	0.001588	0
XCXT_USD	2018-11-20	0.001652	0.001852	0.001892	0.001533	0
XCXT_USD	2018-11-19	0.001852	0.002122	0.002122	0.001834	0
XCXT_USD	2018-11-18	0.002122	0.002054	0.002141	0.002052	0
XCXT_USD	2018-11-17	0.002054	0.002094	0.002094	0.002036	0
XCXT_USD	2018-11-16	0.002094	0.002214	0.002216	0.001896	0
XCXT_USD	2018-11-15	0.002214	0.002324	0.002342	0.002118	0
XCXT_USD	2018-11-14	0.002324	0.002553	0.002626	0.002225	0
XCXT_USD	2018-11-13	0.002553	0.002579	0.002712	0.002509	0
XCXT_USD	2018-11-12	0.002579	0.002519	0.002589	0.002480	0
XCXT_USD	2018-11-11	0.002519	0.002669	0.002670	0.002450	0
XCXT_USD	2018-11-10	0.002669	0.002440	0.002713	0.002437	0
XCXT_USD	2018-11-09	0.002440	0.002689	0.002731	0.002398	0
XCXT_USD	2018-11-08	0.002689	0.002793	0.002799	0.002553	0
XCXT_USD	2018-11-07	0.002793	0.002834	0.002955	0.002791	0
XCXT_USD	2018-11-06	0.002834	0.002944	0.003056	0.002586	0
XCXT_USD	2018-11-05	0.002944	0.003016	0.003079	0.002840	0
XCXT_USD	2018-11-04	0.003016	0.002906	0.003016	0.002894	0
XCXT_USD	2018-11-03	0.002906	0.002924	0.002927	0.002881	0
XCXT_USD	2018-11-02	0.002924	0.003008	0.003034	0.002920	0
XCXT_USD	2018-11-01	0.003008	0.003152	0.003156	0.002924	0
XCXT_USD	2018-10-31	0.003152	0.003102	0.003199	0.003068	0
XCXT_USD	2018-10-30	0.003102	0.003109	0.003126	0.003078	0
XCXT_USD	2018-10-29	0.003109	0.003278	0.003414	0.003097	0
XCXT_USD	2018-10-28	0.003278	0.003283	0.003288	0.003238	0
XCXT_USD	2018-10-27	0.003283	0.003298	0.003310	0.003245	0
XCXT_USD	2018-10-26	0.003298	0.003297	0.003326	0.003290	0
XCXT_USD	2018-10-25	0.003297	0.003343	0.003380	0.003291	0
XCXT_USD	2018-10-24	0.003343	0.003570	0.003609	0.003309	0
XCXT_USD	2018-10-23	0.003570	0.003579	0.003588	0.003495	0
XCXT_USD	2018-10-22	0.003579	0.003689	0.003745	0.003579	0
XCXT_USD	2018-10-21	0.003689	0.003589	0.003793	0.003570	0
XCXT_USD	2018-10-20	0.003589	0.003557	0.003784	0.003548	0
XCXT_USD	2018-10-19	0.003557	0.003902	0.003912	0.003553	0
XCXT_USD	2018-10-18	0.003902	0.004007	0.004067	0.003875	0
XCXT_USD	2018-10-17	0.004007	0.004224	0.004245	0.003922	0
XCXT_USD	2018-10-16	0.004224	0.004045	0.004243	0.003885	0
XCXT_USD	2018-10-15	0.004045	0.003642	0.004285	0.003591	0
XCXT_USD	2018-10-14	0.003642	0.003796	0.003839	0.003589	0
XCXT_USD	2018-10-13	0.003796	0.003778	0.003799	0.003773	0
XCXT_USD	2018-10-12	0.003778	0.003722	0.003787	0.003703	0
XCXT_USD	2018-10-11	0.003722	0.003713	0.003786	0.003501	0
XCXT_USD	2018-10-10	0.003713	0.003731	0.003823	0.003611	0
XCXT_USD	2018-10-09	0.003731	0.004404	0.004432	0.003594	0
XCXT_USD	2018-10-08	0.004404	0.004390	0.004468	0.004380	0
XCXT_USD	2018-10-07	0.004390	0.004417	0.004425	0.004374	0
XCXT_USD	2018-10-06	0.004417	0.004552	0.004581	0.004398	0
XCXT_USD	2018-10-05	0.004552	0.004277	0.004552	0.004256	0
XCXT_USD	2018-10-04	0.004277	0.004227	0.004326	0.004225	0
XCXT_USD	2018-10-03	0.004227	0.004642	0.004748	0.004169	0
XCXT_USD	2018-10-02	0.004642	0.004984	0.005117	0.004625	0
XCXT_USD	2018-10-01	0.004984	0.004402	0.005007	0.004304	0
XCXT_USD	2018-09-30	0.004402	0.004458	0.004914	0.004311	0
XCXT_USD	2018-09-29	0.004458	0.004379	0.004475	0.004268	0
XCXT_USD	2018-09-28	0.004379	0.004649	0.004743	0.004287	0
XCXT_USD	2018-09-27	0.004649	0.004104	0.004675	0.004090	0
XCXT_USD	2018-09-26	0.004104	0.004022	0.004187	0.003991	0
XCXT_USD	2018-09-25	0.004022	0.004182	0.004182	0.003874	0
XCXT_USD	2018-09-24	0.004182	0.004463	0.004470	0.003728	0
XCXT_USD	2018-09-23	0.004463	0.004438	0.004477	0.004400	0
XCXT_USD	2018-09-22	0.004438	0.004470	0.004515	0.004418	0
XCXT_USD	2018-09-21	0.004470	0.004485	0.004743	0.004439	0
XCXT_USD	2018-09-20	0.004485	0.004730	0.004807	0.004356	0
XCXT_USD	2018-09-19	0.004730	0.004598	0.004916	0.004564	0
XCXT_USD	2018-09-18	0.004598	0.004316	0.004623	0.004247	0
XCXT_USD	2018-09-17	0.004316	0.004451	0.004662	0.004256	0
XCXT_USD	2018-09-16	0.004451	0.004368	0.004462	0.004179	0
XCXT_USD	2018-09-15	0.004368	0.004249	0.004405	0.004042	0
XCXT_USD	2018-09-14	0.004249	0.004047	0.004284	0.003724	0
XCXT_USD	2018-09-13	0.004047	0.004087	0.004402	0.003935	0
XCXT_USD	2018-09-12	0.004087	0.004592	0.004599	0.003856	0
XCXT_USD	2018-09-11	0.004592	0.004731	0.004789	0.004511	0
XCXT_USD	2018-09-10	0.004731	0.004649	0.004980	0.004649	0
XCXT_USD	2018-09-09	0.004649	0.004762	0.004973	0.004642	0
XCXT_USD	2018-09-08	0.004762	0.004899	0.004983	0.004728	0
XCXT_USD	2018-09-07	0.004899	0.005211	0.005283	0.004833	0
XCXT_USD	2018-09-06	0.005211	0.005296	0.005309	0.004986	0
XCXT_USD	2018-09-05	0.005296	0.005961	0.005974	0.005293	0
XCXT_USD	2018-09-04	0.005961	0.005780	0.006095	0.005605	0
XCXT_USD	2018-09-03	0.005780	0.005905	0.005930	0.005590	0
XCXT_USD	2018-09-02	0.005905	0.005866	0.005988	0.005817	0
XCXT_USD	2018-09-01	0.005866	0.005727	0.006099	0.005722	0
XCXT_USD	2018-08-31	0.005727	0.005525	0.005791	0.005398	0
XCXT_USD	2018-08-30	0.005525	0.004193	0.005525	0.003996	0
XCXT_USD	2018-08-29	0.004193	0.004353	0.004589	0.004053	0
XCXT_USD	2018-08-28	0.004353	0.004004	0.004376	0.003902	0
XCXT_USD	2018-08-27	0.004004	0.003891	0.004008	0.003862	0
XCXT_USD	2018-08-26	0.003891	0.003909	0.003933	0.003817	0
XCXT_USD	2018-08-25	0.003909	0.003782	0.003928	0.003702	0
XCXT_USD	2018-08-24	0.003782	0.003525	0.003800	0.003503	0
XCXT_USD	2018-08-23	0.003525	0.003463	0.003546	0.003440	0
XCXT_USD	2018-08-22	0.003463	0.003596	0.003845	0.003408	0
XCXT_USD	2018-08-21	0.003596	0.003221	0.003803	0.003185	0
XCXT_USD	2018-08-20	0.003221	0.003243	0.003332	0.003098	0
XCXT_USD	2018-08-19	0.003243	0.003387	0.003387	0.002948	0
XCXT_USD	2018-08-18	0.003387	0.003525	0.003537	0.003342	0
XCXT_USD	2018-08-17	0.003525	0.003250	0.003525	0.003241	0
XCXT_USD	2018-08-16	0.003250	0.003292	0.003333	0.003210	0
XCXT_USD	2018-08-15	0.003292	0.003557	0.003803	0.003277	0
XCXT_USD	2018-08-14	0.003557	0.003939	0.004113	0.003157	0
XCXT_USD	2018-08-13	0.003939	0.004704	0.004837	0.003900	0
XCXT_USD	2018-08-12	0.004704	0.004574	0.004958	0.004545	0
XCXT_USD	2018-08-11	0.004574	0.004761	0.004776	0.003965	0
XCXT_USD	2018-08-10	0.004761	0.004472	0.004986	0.004319	0
XCXT_USD	2018-08-09	0.004472	0.004300	0.004536	0.004054	0
XCXT_USD	2018-08-08	0.004300	0.004333	0.005298	0.003981	0
XCXT_USD	2018-08-07	0.004333	0.004440	0.004576	0.004276	0
XCXT_USD	2018-08-06	0.004440	0.004606	0.004716	0.004237	0
XCXT_USD	2018-08-05	0.004606	0.004869	0.004998	0.004448	0
XCXT_USD	2018-08-04	0.004869	0.005191	0.005242	0.004782	0
XCXT_USD	2018-08-03	0.005191	0.005463	0.005463	0.004641	0
XCXT_USD	2018-08-02	0.005463	0.004984	0.005481	0.004813	0
XCXT_USD	2018-08-01	0.004984	0.005344	0.005351	0.004876	0
XCXT_USD	2018-07-31	0.005344	0.005679	0.005682	0.005292	0
XCXT_USD	2018-07-30	0.005679	0.005879	0.005917	0.005073	0
XCXT_USD	2018-07-29	0.005879	0.005896	0.005917	0.005808	0
XCXT_USD	2018-07-28	0.005854	0.005854	0.005854	0.005854	0
XCXT_USD	2018-07-27	0.005854	0.005607	0.005854	0.005607	0
XCXT_USD	2018-07-26	0.005607	0.005888	0.006104	0.005566	0
XCXT_USD	2018-07-25	0.005888	0.006015	0.006334	0.005656	0
XCXT_USD	2018-07-24	0.006015	0.005438	0.006321	0.005423	0
XCXT_USD	2018-07-23	0.005438	0.005662	0.005952	0.005424	0
XCXT_USD	2018-07-22	0.005662	0.005664	0.006006	0.005530	0
XCXT_USD	2018-07-21	0.005664	0.005866	0.005867	0.005660	0
XCXT_USD	2018-07-20	0.005866	0.006465	0.006529	0.005775	0
XCXT_USD	2018-07-19	0.006465	0.006666	0.006797	0.006189	0
XCXT_USD	2018-07-18	0.006666	0.007100	0.007248	0.006454	0
XCXT_USD	2018-07-17	0.007100	0.006501	0.007239	0.006367	0
XCXT_USD	2018-07-16	0.006501	0.005934	0.006762	0.005920	0
XCXT_USD	2018-07-15	0.005934	0.005938	0.005985	0.005835	0
XCXT_USD	2018-07-14	0.005938	0.005691	0.005973	0.005649	0
XCXT_USD	2018-07-13	0.005691	0.005671	0.006348	0.005337	0
XCXT_USD	2018-07-12	0.005671	0.005804	0.005820	0.005534	0
XCXT_USD	2018-07-11	0.005804	0.005828	0.005915	0.005641	0
XCXT_USD	2018-07-10	0.005828	0.006394	0.006413	0.005807	0
XCXT_USD	2018-07-09	0.006394	0.006339	0.006444	0.006118	0
XCXT_USD	2018-07-08	0.006339	0.006627	0.006709	0.006273	0
XCXT_USD	2018-07-07	0.006627	0.006502	0.006961	0.006205	0
XCXT_USD	2018-07-06	0.006502	0.006606	0.006651	0.006471	0
XCXT_USD	2018-07-05	0.006606	0.006557	0.006646	0.006426	0
XCXT_USD	2018-07-04	0.006557	0.006500	0.006655	0.006338	0
XCXT_USD	2018-07-03	0.006500	0.006485	0.006635	0.000087	0
XCXT_USD	2018-07-02	0.006485	0.007016	0.007068	0.000000	0
XCXT_USD	2018-07-01	0.007016	0.007063	0.007107	0.006929	0
XCXT_USD	2018-06-30	0.007063	0.006854	0.007200	0.006854	0
XCXT_USD	2018-06-29	0.006860	0.006054	0.006932	0.005965	0
XCXT_USD	2018-06-28	0.006064	0.006348	0.006411	0.006034	0
XCXT_USD	2018-06-27	0.006348	0.006491	0.006603	0.006258	0
XCXT_USD	2018-06-26	0.006511	0.005907	0.006664	0.005853	0
XCXT_USD	2018-06-25	0.005903	0.006238	0.006279	0.005734	0
XCXT_USD	2018-06-24	0.006240	0.006252	0.006412	0.005887	0
XCXT_USD	2018-06-23	0.006244	0.005771	0.006343	0.005768	0
XCXT_USD	2018-06-22	0.005771	0.006815	0.006832	0.005557	0
XCXT_USD	2018-06-21	0.006814	0.006861	0.007178	0.006680	0
XCXT_USD	2018-06-20	0.006862	0.006968	0.006983	0.006531	0
XCXT_USD	2018-06-19	0.006976	0.006409	0.007027	0.006373	0
XCXT_USD	2018-06-18	0.006407	0.006379	0.006416	0.006010	0
XCXT_USD	2018-06-17	0.006341	0.006714	0.007414	0.005618	0
XCXT_USD	2018-06-16	0.006713	0.007598	0.007890	0.005430	0
XCXT_USD	2018-06-15	0.007595	0.007771	0.007771	0.005561	0
XCXT_USD	2018-06-14	0.007756	0.007397	0.008071	0.007370	0
XCXT_USD	2018-06-13	0.007392	0.008344	0.008616	0.007349	0
XCXT_USD	2018-06-12	0.008341	0.009241	0.009314	0.008276	0
XCXT_USD	2018-06-11	0.009245	0.008244	0.009868	0.008066	0
XCXT_USD	2018-06-10	0.008235	0.010011	0.010011	0.008069	0
XCXT_USD	2018-06-09	0.010008	0.008415	0.010450	0.008357	0
XCXT_USD	2018-06-08	0.008415	0.008608	0.008620	0.008201	0
XCXT_USD	2018-06-07	0.008612	0.009414	0.009599	0.008128	0
XCXT_USD	2018-06-06	0.009414	0.010298	0.010588	0.009400	0
XCXT_USD	2018-06-05	0.010289	0.009249	0.011097	0.008131	0
XCXT_USD	2018-06-04	0.009256	0.009309	0.009705	0.008160	0
XCXT_USD	2018-06-03	0.009300	0.009807	0.009953	0.009001	0
XCXT_USD	2018-06-02	0.009815	0.008762	0.009825	0.008478	0
XCXT_USD	2018-06-01	0.008724	0.008646	0.009120	0.008491	0
XCXT_USD	2018-05-31	0.008647	0.008773	0.009234	0.008518	0
XCXT_USD	2018-05-30	0.008776	0.009220	0.009309	0.008063	0
XCXT_USD	2018-05-29	0.009209	0.008809	0.009852	0.008740	0
XCXT_USD	2018-05-28	0.008804	0.009215	0.009249	0.008766	0
XCXT_USD	2018-05-27	0.009211	0.009418	0.009467	0.008991	0
XCXT_USD	2018-05-26	0.009416	0.009656	0.009777	0.009147	0
XCXT_USD	2018-05-25	0.009658	0.009622	0.009999	0.009489	0
XCXT_USD	2018-05-24	0.009618	0.009567	0.009852	0.009193	0
XCXT_USD	2018-05-23	0.009574	0.011128	0.011280	0.009551	0
XCXT_USD	2018-05-22	0.011172	0.011795	0.011811	0.011004	0
XCXT_USD	2018-05-21	0.011795	0.012401	0.012535	0.011187	0
XCXT_USD	2018-05-20	0.012401	0.011866	0.012489	0.011643	0
XCXT_USD	2018-05-19	0.011866	0.012317	0.013097	0.010512	0
XCXT_USD	2018-05-18	0.012317	0.011922	0.012660	0.011635	0
XCXT_USD	2018-05-17	0.011938	0.012481	0.012823	0.011588	0
XCXT_USD	2018-05-16	0.012470	0.013334	0.013369	0.011088	0
XCXT_USD	2018-05-15	0.013334	0.014603	0.015312	0.013148	0
XCXT_USD	2018-05-14	0.014647	0.015587	0.015635	0.013990	0
XCXT_USD	2018-05-13	0.015587	0.015382	0.015672	0.014565	0
XCXT_USD	2018-05-12	0.015347	0.015484	0.016467	0.014282	0
XCXT_USD	2018-05-11	0.015484	0.015106	0.016325	0.014242	0
XCXT_USD	2018-05-10	0.015106	0.018124	0.018132	0.015080	0
XCXT_USD	2018-05-09	0.018124	0.017588	0.018135	0.016162	0
XCXT_USD	2018-05-08	0.017599	0.017735	0.018037	0.000002	0
XCXT_USD	2018-05-07	0.018009	0.020719	0.020755	0.017965	0
XCXT_USD	2018-05-06	0.020719	0.020519	0.022102	0.019040	0
XCXT_USD	2018-05-05	0.020396	0.021745	0.021820	0.020366	0
XCXT_USD	2018-05-04	0.021745	0.023389	0.023389	0.020751	0
XCXT_USD	2018-05-03	0.023389	0.020364	0.023414	0.019567	0
XCXT_USD	2018-05-02	0.020364	0.020490	0.020747	0.019491	0
XCXT_USD	2018-05-01	0.020508	0.019211	0.020637	0.018114	0
XCXT_USD	2018-04-30	0.019211	0.021241	0.022441	0.019091	0
XCXT_USD	2018-04-29	0.021241	0.021575	0.023546	0.020389	0
XCXT_USD	2018-04-28	0.021575	0.018439	0.025109	0.018081	0
XCXT_USD	2018-04-27	0.018439	0.017382	0.019299	0.017017	0
XCXT_USD	2018-04-26	0.017382	0.016819	0.018543	0.016378	0
XCXT_USD	2018-04-25	0.016819	0.018095	0.018535	0.016649	0
XCXT_USD	2018-04-24	0.018137	0.016673	0.019112	0.016034	0
XCXT_USD	2018-04-23	0.016673	0.014564	0.016685	0.014179	0
XCXT_USD	2018-04-22	0.014564	0.015555	0.015789	0.012988	0
XCXT_USD	2018-04-21	0.015555	0.012730	0.015628	0.012473	0
XCXT_USD	2018-04-20	0.012730	0.013157	0.013865	0.011832	0
XCXT_USD	2018-04-19	0.013157	0.014006	0.014201	0.012907	0
XCXT_USD	2018-04-18	0.014006	0.013019	0.014038	0.012967	0
XCXT_USD	2018-04-17	0.013019	0.013454	0.013879	0.012837	0
XCXT_USD	2018-04-16	0.013454	0.014499	0.014582	0.013185	0
XCXT_USD	2018-04-15	0.014499	0.013689	0.014592	0.013631	0
XCXT_USD	2018-04-14	0.013689	0.014419	0.014787	0.012808	0
XCXT_USD	2018-04-13	0.014419	0.014400	0.015052	0.014119	0
XCXT_USD	2018-04-12	0.014400	0.012426	0.014918	0.012335	0
XCXT_USD	2018-04-11	0.012426	0.012825	0.012934	0.012307	0
XCXT_USD	2018-04-10	0.012825	0.012542	0.013143	0.012108	0
XCXT_USD	2018-04-09	0.012538	0.014169	0.014392	0.012234	0
XCXT_USD	2018-04-08	0.014169	0.014292	0.015116	0.012470	0
XCXT_USD	2018-04-07	0.014292	0.013724	0.014903	0.012997	0
XCXT_USD	2018-04-06	0.013724	0.012814	0.013955	0.012583	0
XCXT_USD	2018-04-05	0.012814	0.012589	0.013055	0.012191	0
XCXT_USD	2018-04-04	0.012589	0.014476	0.014476	0.012421	0
XCXT_USD	2018-04-03	0.014476	0.015727	0.016551	0.013995	0
XCXT_USD	2018-04-02	0.015727	0.015323	0.018771	0.014758	0
XCXT_USD	2018-04-01	0.015323	0.010561	0.023103	0.009960	0
XCXT_USD	2018-03-31	0.010561	0.010329	0.011013	0.010291	0
XCXT_USD	2018-03-30	0.010329	0.011170	0.011431	0.010065	0
XCXT_USD	2018-03-29	0.011170	0.012745	0.012818	0.010789	0
XCXT_USD	2018-03-28	0.012745	0.014439	0.014588	0.012700	0
XCXT_USD	2018-03-27	0.014439	0.016371	0.016642	0.012866	0
XCXT_USD	2018-03-26	0.016371	0.013343	0.022641	0.012052	0
XCXT_USD	2018-03-25	0.013343	0.013993	0.014853	0.013009	0
XCXT_USD	2018-03-24	0.013993	0.014288	0.014958	0.013323	0
XCXT_USD	2018-03-23	0.014288	0.013686	0.014404	0.013018	0
XCXT_USD	2018-03-22	0.013686	0.015397	0.016046	0.013245	0
XCXT_USD	2018-03-21	0.015397	0.015746	0.017326	0.014382	0
XCXT_USD	2018-03-20	0.015746	0.014233	0.016966	0.013769	0
XCXT_USD	2018-03-19	0.014233	0.013912	0.015701	0.013753	0
XCXT_USD	2018-03-18	0.013912	0.014757	0.015482	0.011864	0
XCXT_USD	2018-03-17	0.014757	0.014179	0.016883	0.013376	0
XCXT_USD	2018-03-16	0.014179	0.013743	0.015141	0.012596	0
XCXT_USD	2018-03-15	0.013743	0.012809	0.015175	0.011981	0
XCXT_USD	2018-03-14	0.012809	0.015849	0.016822	0.012400	0
XCXT_USD	2018-03-13	0.015849	0.016279	0.017494	0.015819	0
XCXT_USD	2018-03-12	0.016279	0.020067	0.020967	0.015036	0
XCXT_USD	2018-03-11	0.020067	0.017512	0.021513	0.016143	0
XCXT_USD	2018-03-10	0.017512	0.018947	0.020374	0.017476	0
XCXT_USD	2018-03-09	0.018947	0.020272	0.020582	0.016165	0
XCXT_USD	2018-03-08	0.020272	0.020553	0.021199	0.018686	0
XCXT_USD	2018-03-07	0.020553	0.019998	0.021527	0.018823	0
XCXT_USD	2018-03-06	0.019998	0.024124	0.024124	0.019656	0
XCXT_USD	2018-03-05	0.024124	0.024741	0.026219	0.023780	0
XCXT_USD	2018-03-04	0.024741	0.023556	0.025450	0.023545	0
XCXT_USD	2018-03-03	0.023556	0.024694	0.026120	0.023190	0
XCXT_USD	2018-03-02	0.024653	0.024967	0.025460	0.023916	0
