XDCE_USD	2019-04-09	0.000590	0.000599	0.000599	0.000579	0
XDCE_USD	2019-04-08	0.000600	0.000682	0.000721	0.000578	0
XDCE_USD	2019-04-07	0.000684	0.000600	0.000688	0.000591	0
XDCE_USD	2019-04-06	0.000599	0.000648	0.000672	0.000597	0
XDCE_USD	2019-04-05	0.000649	0.000624	0.000657	0.000574	0
XDCE_USD	2019-04-04	0.000624	0.000645	0.000658	0.000588	0
XDCE_USD	2019-04-03	0.000642	0.000652	0.000707	0.000600	0
XDCE_USD	2019-04-02	0.000652	0.000550	0.000663	0.000549	0
XDCE_USD	2019-04-01	0.000551	0.000523	0.000563	0.000516	0
XDCE_USD	2019-03-31	0.000523	0.000541	0.000541	0.000519	0
XDCE_USD	2019-03-30	0.000541	0.000547	0.000590	0.000538	0
XDCE_USD	2019-03-29	0.000547	0.000511	0.000667	0.000510	0
XDCE_USD	2019-03-28	0.000511	0.000565	0.000565	0.000508	0
XDCE_USD	2019-03-27	0.000565	0.000540	0.000567	0.000540	0
XDCE_USD	2019-03-26	0.000540	0.000539	0.000543	0.000535	0
XDCE_USD	2019-03-25	0.000539	0.000549	0.000551	0.000530	0
XDCE_USD	2019-03-24	0.000549	0.000558	0.000559	0.000545	0
XDCE_USD	2019-03-23	0.000558	0.000554	0.000563	0.000553	0
XDCE_USD	2019-03-22	0.000554	0.000625	0.000626	0.000547	0
XDCE_USD	2019-03-21	0.000625	0.000574	0.000641	0.000567	0
XDCE_USD	2019-03-20	0.000574	0.000572	0.000577	0.000562	0
XDCE_USD	2019-03-19	0.000573	0.000568	0.000575	0.000565	0
XDCE_USD	2019-03-18	0.000568	0.000517	0.000580	0.000517	0
XDCE_USD	2019-03-17	0.000517	0.000525	0.000525	0.000512	0
XDCE_USD	2019-03-16	0.000525	0.000593	0.000594	0.000517	0
XDCE_USD	2019-03-15	0.000593	0.000572	0.000601	0.000572	0
XDCE_USD	2019-03-14	0.000573	0.000587	0.000589	0.000563	0
XDCE_USD	2019-03-13	0.000587	0.000594	0.000594	0.000582	0
XDCE_USD	2019-03-12	0.000594	0.000517	0.000601	0.000507	0
XDCE_USD	2019-03-11	0.000517	0.000560	0.000562	0.000512	0
XDCE_USD	2019-03-10	0.000560	0.000612	0.000613	0.000554	0
XDCE_USD	2019-03-09	0.000612	0.000546	0.000627	0.000543	0
XDCE_USD	2019-03-08	0.000546	0.000576	0.000619	0.000534	0
XDCE_USD	2019-03-07	0.000576	0.000583	0.000633	0.000564	0
XDCE_USD	2019-03-06	0.000583	0.000638	0.000653	0.000578	0
XDCE_USD	2019-03-05	0.000637	0.000584	0.000641	0.000582	0
XDCE_USD	2019-03-04	0.000584	0.000606	0.000609	0.000573	0
XDCE_USD	2019-03-03	0.000606	0.000538	0.000613	0.000531	0
XDCE_USD	2019-03-02	0.000538	0.000571	0.000620	0.000533	0
XDCE_USD	2019-03-01	0.000571	0.000630	0.000644	0.000570	0
XDCE_USD	2019-02-28	0.000630	0.000582	0.000644	0.000579	0
XDCE_USD	2019-02-27	0.000582	0.000592	0.000636	0.000547	0
XDCE_USD	2019-02-26	0.000594	0.000593	0.000602	0.000584	0
XDCE_USD	2019-02-25	0.000593	0.000550	0.000664	0.000548	0
XDCE_USD	2019-02-24	0.000550	0.000684	0.000767	0.000550	0
XDCE_USD	2019-02-23	0.000685	0.000681	0.000766	0.000670	0
XDCE_USD	2019-02-22	0.000682	0.000734	0.000743	0.000624	0
XDCE_USD	2019-02-21	0.000734	0.000742	0.000751	0.000712	0
XDCE_USD	2019-02-20	0.000745	0.000699	0.000746	0.000657	0
XDCE_USD	2019-02-19	0.000699	0.000700	0.000744	0.000665	0
XDCE_USD	2019-02-18	0.000700	0.000662	0.000727	0.000657	0
XDCE_USD	2019-02-17	0.000662	0.000623	0.000710	0.000622	0
XDCE_USD	2019-02-16	0.000623	0.000693	0.000699	0.000596	0
XDCE_USD	2019-02-15	0.000693	0.000682	0.000865	0.000677	0
XDCE_USD	2019-02-14	0.000683	0.000803	0.000819	0.000620	0
XDCE_USD	2019-02-13	0.000804	0.000579	0.001119	0.000576	0
XDCE_USD	2019-02-12	0.000577	0.000556	0.000669	0.000543	0
XDCE_USD	2019-02-11	0.000556	0.000664	0.000664	0.000552	0
XDCE_USD	2019-02-10	0.000666	0.000568	0.000669	0.000564	0
XDCE_USD	2019-02-09	0.000568	0.000589	0.000696	0.000561	0
XDCE_USD	2019-02-08	0.000590	0.000529	0.000747	0.000527	0
XDCE_USD	2019-02-07	0.000529	0.000512	0.000739	0.000471	0
XDCE_USD	2019-02-06	0.000512	0.000520	0.000521	0.000465	0
XDCE_USD	2019-02-05	0.000520	0.000479	0.000521	0.000461	0
XDCE_USD	2019-02-04	0.000480	0.000519	0.000529	0.000479	0
XDCE_USD	2019-02-03	0.000519	0.000583	0.000587	0.000512	0
XDCE_USD	2019-02-02	0.000581	0.000553	0.000584	0.000502	0
XDCE_USD	2019-02-01	0.000553	0.000503	0.000601	0.000491	0
XDCE_USD	2019-01-31	0.000502	0.000546	0.000564	0.000491	0
XDCE_USD	2019-01-30	0.000547	0.000486	0.000594	0.000481	0
XDCE_USD	2019-01-29	0.000487	0.000492	0.000494	0.000477	0
XDCE_USD	2019-01-28	0.000491	0.000505	0.000509	0.000458	0
XDCE_USD	2019-01-27	0.000505	0.000669	0.000673	0.000502	0
XDCE_USD	2019-01-26	0.000669	0.000518	0.000672	0.000517	0
XDCE_USD	2019-01-25	0.000518	0.000541	0.000542	0.000514	0
XDCE_USD	2019-01-24	0.000541	0.000539	0.000545	0.000526	0
XDCE_USD	2019-01-23	0.000539	0.000577	0.000581	0.000532	0
XDCE_USD	2019-01-22	0.000577	0.000564	0.000584	0.000542	0
XDCE_USD	2019-01-21	0.000564	0.000683	0.000684	0.000559	0
XDCE_USD	2019-01-20	0.000682	0.000553	0.000684	0.000518	0
XDCE_USD	2019-01-19	0.000554	0.000590	0.000630	0.000553	0
XDCE_USD	2019-01-18	0.000590	0.000594	0.000600	0.000525	0
XDCE_USD	2019-01-17	0.000595	0.000592	0.000600	0.000570	0
XDCE_USD	2019-01-16	0.000590	0.000582	0.000617	0.000578	0
XDCE_USD	2019-01-15	0.000583	0.000570	0.000615	0.000555	0
XDCE_USD	2019-01-14	0.000571	0.000560	0.000638	0.000560	0
XDCE_USD	2019-01-13	0.000560	0.000605	0.000607	0.000552	0
XDCE_USD	2019-01-12	0.000605	0.000612	0.000617	0.000600	0
XDCE_USD	2019-01-11	0.000612	0.000575	0.000658	0.000571	0
XDCE_USD	2019-01-10	0.000575	0.000682	0.000689	0.000560	0
XDCE_USD	2019-01-09	0.000681	0.000677	0.000779	0.000676	0
XDCE_USD	2019-01-08	0.000677	0.000749	0.000849	0.000677	0
XDCE_USD	2019-01-07	0.000749	0.000778	0.000787	0.000742	0
XDCE_USD	2019-01-06	0.000778	0.000657	0.000798	0.000637	0
XDCE_USD	2019-01-05	0.000657	0.000738	0.000821	0.000655	0
XDCE_USD	2019-01-04	0.000738	0.000702	0.000805	0.000695	0
XDCE_USD	2019-01-03	0.000702	0.000736	0.001121	0.000691	0
XDCE_USD	2019-01-02	0.000737	0.000805	0.000806	0.000667	0
XDCE_USD	2019-01-01	0.000798	0.000756	0.000816	0.000707	0
XDCE_USD	2018-12-31	0.000756	0.000761	0.000763	0.000717	0
XDCE_USD	2018-12-30	0.000760	0.000701	0.000779	0.000676	0
XDCE_USD	2018-12-29	0.000704	0.000714	0.000766	0.000684	0
XDCE_USD	2018-12-28	0.000714	0.000688	0.000812	0.000679	0
XDCE_USD	2018-12-27	0.000686	0.000749	0.000756	0.000609	0
XDCE_USD	2018-12-26	0.000748	0.000685	0.000749	0.000647	0
XDCE_USD	2018-12-25	0.000685	0.000733	0.000761	0.000676	0
XDCE_USD	2018-12-24	0.000734	0.000789	0.000967	0.000700	0
XDCE_USD	2018-12-23	0.000789	0.000759	0.000855	0.000758	0
XDCE_USD	2018-12-22	0.000758	0.000723	0.000813	0.000618	0
XDCE_USD	2018-12-21	0.000723	0.000766	0.000796	0.000707	0
XDCE_USD	2018-12-20	0.000770	0.000762	0.000850	0.000752	0
XDCE_USD	2018-12-19	0.000762	0.000781	0.000787	0.000711	0
XDCE_USD	2018-12-18	0.000779	0.000720	0.000789	0.000711	0
XDCE_USD	2018-12-17	0.000720	0.000664	0.000867	0.000649	0
XDCE_USD	2018-12-16	0.000664	0.000643	0.000688	0.000640	0
XDCE_USD	2018-12-15	0.000643	0.000639	0.000650	0.000625	0
XDCE_USD	2018-12-14	0.000639	0.000761	0.000766	0.000637	0
XDCE_USD	2018-12-13	0.000759	0.000715	0.000759	0.000678	0
XDCE_USD	2018-12-12	0.000715	0.000765	0.000833	0.000701	0
XDCE_USD	2018-12-11	0.000769	0.000738	0.000780	0.000630	0
XDCE_USD	2018-12-10	0.000737	0.000906	0.000909	0.000733	0
XDCE_USD	2018-12-09	0.000908	0.000895	0.001132	0.000819	0
XDCE_USD	2018-12-08	0.000896	0.001044	0.001266	0.000769	0
XDCE_USD	2018-12-07	0.001044	0.001496	0.001593	0.000971	0
XDCE_USD	2018-12-06	0.001504	0.001594	0.001767	0.001396	0
XDCE_USD	2018-12-05	0.001591	0.001795	0.001905	0.001547	0
XDCE_USD	2018-12-04	0.001795	0.001718	0.002020	0.001704	0
XDCE_USD	2018-12-03	0.001718	0.001733	0.001840	0.001592	0
XDCE_USD	2018-12-02	0.001730	0.001663	0.001770	0.001598	0
XDCE_USD	2018-12-01	0.001663	0.001617	0.001785	0.001552	0
XDCE_USD	2018-11-30	0.001617	0.001753	0.001786	0.001522	0
XDCE_USD	2018-11-29	0.001753	0.001716	0.001765	0.001559	0
XDCE_USD	2018-11-28	0.001716	0.001486	0.001754	0.001421	0
XDCE_USD	2018-11-27	0.001486	0.001420	0.001521	0.001251	0
XDCE_USD	2018-11-26	0.001420	0.001539	0.001570	0.001290	0
XDCE_USD	2018-11-25	0.001544	0.001391	0.001559	0.001263	0
XDCE_USD	2018-11-24	0.001391	0.001508	0.001561	0.001350	0
XDCE_USD	2018-11-23	0.001508	0.001539	0.001566	0.001389	0
XDCE_USD	2018-11-22	0.001554	0.001539	0.001639	0.001438	0
XDCE_USD	2018-11-21	0.001544	0.001611	0.001673	0.001350	0
XDCE_USD	2018-11-20	0.001610	0.001589	0.001728	0.001301	0
XDCE_USD	2018-11-19	0.001589	0.002274	0.002274	0.001559	0
XDCE_USD	2018-11-18	0.002274	0.002025	0.002312	0.001851	0
XDCE_USD	2018-11-17	0.002025	0.001893	0.002032	0.001791	0
XDCE_USD	2018-11-16	0.001893	0.001969	0.001974	0.001743	0
XDCE_USD	2018-11-15	0.001969	0.001735	0.001969	0.001549	0
XDCE_USD	2018-11-14	0.001723	0.001985	0.002071	0.001620	0
XDCE_USD	2018-11-13	0.001988	0.002388	0.002391	0.001979	0
XDCE_USD	2018-11-12	0.002388	0.001853	0.002759	0.001736	0
XDCE_USD	2018-11-11	0.001856	0.001789	0.002096	0.001738	0
XDCE_USD	2018-11-10	0.001789	0.001581	0.001908	0.001577	0
XDCE_USD	2018-11-09	0.001581	0.001598	0.001656	0.001522	0
XDCE_USD	2018-11-08	0.001598	0.001469	0.001728	0.001469	0
XDCE_USD	2018-11-07	0.001469	0.001380	0.001612	0.001377	0
XDCE_USD	2018-11-06	0.001380	0.001392	0.001509	0.001369	0
XDCE_USD	2018-11-05	0.001392	0.001599	0.001602	0.001371	0
XDCE_USD	2018-11-04	0.001357	0.001267	0.001692	0.001264	0
XDCE_USD	2018-11-03	0.001267	0.001302	0.001320	0.001260	0
XDCE_USD	2018-11-02	0.001302	0.001384	0.001385	0.001241	0
XDCE_USD	2018-11-01	0.001384	0.001256	0.001387	0.001253	0
XDCE_USD	2018-10-31	0.001256	0.001247	0.001263	0.001223	0
XDCE_USD	2018-10-30	0.001248	0.001286	0.001366	0.001248	0
XDCE_USD	2018-10-29	0.001286	0.001308	0.001412	0.001251	0
XDCE_USD	2018-10-28	0.001308	0.001344	0.001349	0.001207	0
XDCE_USD	2018-10-27	0.001344	0.001425	0.001459	0.001337	0
XDCE_USD	2018-10-26	0.001425	0.001444	0.001632	0.001417	0
XDCE_USD	2018-10-25	0.001444	0.001441	0.001453	0.001425	0
XDCE_USD	2018-10-24	0.001441	0.001379	0.001455	0.001321	0
XDCE_USD	2018-10-23	0.001379	0.001346	0.001455	0.001319	0
XDCE_USD	2018-10-22	0.001346	0.001447	0.001493	0.001322	0
XDCE_USD	2018-10-21	0.001446	0.001374	0.001554	0.001331	0
XDCE_USD	2018-10-20	0.001374	0.001342	0.001501	0.001334	0
XDCE_USD	2018-10-19	0.001342	0.001344	0.001529	0.001336	0
XDCE_USD	2018-10-18	0.001344	0.001403	0.001404	0.001267	0
XDCE_USD	2018-10-17	0.001403	0.001235	0.001408	0.001228	0
XDCE_USD	2018-10-16	0.001235	0.001237	0.001419	0.001174	0
XDCE_USD	2018-10-15	0.001237	0.001126	0.001521	0.001113	0
XDCE_USD	2018-10-14	0.001125	0.001217	0.001260	0.001118	0
XDCE_USD	2018-10-13	0.001218	0.001222	0.001278	0.001207	0
XDCE_USD	2018-10-12	0.001223	0.001233	0.001332	0.001190	0
XDCE_USD	2018-10-11	0.001231	0.001424	0.001424	0.001226	0
XDCE_USD	2018-10-10	0.001424	0.001319	0.001426	0.001290	0
XDCE_USD	2018-10-09	0.001319	0.001446	0.001449	0.001301	0
XDCE_USD	2018-10-08	0.001446	0.001283	0.001446	0.001272	0
XDCE_USD	2018-10-07	0.001283	0.001347	0.001380	0.001250	0
XDCE_USD	2018-10-06	0.001347	0.001280	0.001367	0.001266	0
XDCE_USD	2018-10-05	0.001280	0.001236	0.001362	0.001235	0
XDCE_USD	2018-10-04	0.001236	0.001236	0.001414	0.001224	0
XDCE_USD	2018-10-03	0.001235	0.001269	0.001296	0.001088	0
XDCE_USD	2018-10-02	0.001271	0.001225	0.001303	0.001209	0
XDCE_USD	2018-10-01	0.001224	0.001336	0.001464	0.001158	0
XDCE_USD	2018-09-30	0.001336	0.001358	0.001624	0.001279	0
XDCE_USD	2018-09-29	0.001358	0.001259	0.001576	0.001223	0
XDCE_USD	2018-09-28	0.001259	0.001376	0.001536	0.001202	0
XDCE_USD	2018-09-27	0.001373	0.001448	0.001565	0.001271	0
XDCE_USD	2018-09-26	0.001450	0.001677	0.001677	0.001444	0
XDCE_USD	2018-09-25	0.001667	0.001369	0.001670	0.001221	0
XDCE_USD	2018-09-24	0.001369	0.001693	0.001702	0.001356	0
XDCE_USD	2018-09-23	0.001693	0.001472	0.001700	0.001450	0
XDCE_USD	2018-09-22	0.001472	0.001559	0.001676	0.001426	0
XDCE_USD	2018-09-21	0.001561	0.001435	0.001583	0.001335	0
XDCE_USD	2018-09-20	0.001435	0.001361	0.001454	0.001294	0
XDCE_USD	2018-09-19	0.001360	0.001366	0.001454	0.001261	0
XDCE_USD	2018-09-18	0.001366	0.001288	0.001617	0.001264	0
XDCE_USD	2018-09-17	0.001288	0.001317	0.001751	0.001132	0
XDCE_USD	2018-09-16	0.001317	0.001378	0.001381	0.001250	0
XDCE_USD	2018-09-15	0.001383	0.001154	0.001424	0.001154	0
XDCE_USD	2018-09-14	0.001166	0.001162	0.001301	0.001150	0
XDCE_USD	2018-09-13	0.001162	0.001132	0.001309	0.001103	0
XDCE_USD	2018-09-12	0.001132	0.001067	0.001135	0.000954	0
XDCE_USD	2018-09-11	0.001069	0.000858	0.001073	0.000832	0
XDCE_USD	2018-09-10	0.000858	0.000882	0.001006	0.000846	0
XDCE_USD	2018-09-09	0.000880	0.000887	0.000971	0.000809	0
XDCE_USD	2018-09-08	0.000887	0.000980	0.001151	0.000816	0
XDCE_USD	2018-09-07	0.000980	0.001126	0.001168	0.000977	0
XDCE_USD	2018-09-06	0.001126	0.001240	0.001310	0.001086	0
XDCE_USD	2018-09-05	0.001240	0.001489	0.001499	0.001234	0
XDCE_USD	2018-09-04	0.001489	0.001511	0.001610	0.001463	0
XDCE_USD	2018-09-03	0.001513	0.001545	0.001684	0.001503	0
XDCE_USD	2018-09-02	0.001545	0.001490	0.001701	0.001428	0
XDCE_USD	2018-09-01	0.001490	0.001547	0.001652	0.001439	0
XDCE_USD	2018-08-31	0.001547	0.001696	0.001697	0.001483	0
XDCE_USD	2018-08-30	0.001697	0.001574	0.001724	0.001572	0
XDCE_USD	2018-08-29	0.001576	0.001747	0.001985	0.001576	0
XDCE_USD	2018-08-28	0.001747	0.001699	0.001853	0.001669	0
XDCE_USD	2018-08-27	0.001693	0.001761	0.001792	0.001633	0
XDCE_USD	2018-08-26	0.001761	0.001788	0.001791	0.001469	0
XDCE_USD	2018-08-25	0.001788	0.001657	0.001851	0.001609	0
XDCE_USD	2018-08-24	0.001657	0.001589	0.001909	0.001515	0
XDCE_USD	2018-08-23	0.001589	0.001476	0.001613	0.001438	0
XDCE_USD	2018-08-22	0.001474	0.001462	0.001685	0.001307	0
XDCE_USD	2018-08-21	0.001462	0.001425	0.001626	0.001314	0
XDCE_USD	2018-08-20	0.001422	0.001434	0.001578	0.001330	0
XDCE_USD	2018-08-19	0.001434	0.001581	0.001687	0.001283	0
XDCE_USD	2018-08-18	0.001579	0.001657	0.001793	0.001504	0
XDCE_USD	2018-08-17	0.001656	0.001533	0.001740	0.001343	0
XDCE_USD	2018-08-16	0.001535	0.001504	0.001598	0.001488	0
XDCE_USD	2018-08-15	0.001503	0.001601	0.001672	0.001354	0
XDCE_USD	2018-08-14	0.001599	0.001698	0.001698	0.001372	0
XDCE_USD	2018-08-13	0.001698	0.001725	0.001797	0.001465	0
XDCE_USD	2018-08-12	0.001724	0.001779	0.001949	0.001719	0
XDCE_USD	2018-08-11	0.001781	0.001958	0.001961	0.001672	0
XDCE_USD	2018-08-10	0.001958	0.002090	0.002331	0.001926	0
XDCE_USD	2018-08-09	0.002088	0.002028	0.002127	0.002005	0
XDCE_USD	2018-08-08	0.002027	0.002424	0.002424	0.001997	0
XDCE_USD	2018-08-07	0.002426	0.002390	0.002616	0.002361	0
XDCE_USD	2018-08-06	0.002390	0.002204	0.002489	0.002190	0
XDCE_USD	2018-08-05	0.002203	0.002662	0.002676	0.002152	0
XDCE_USD	2018-08-04	0.002660	0.002719	0.002736	0.001820	0
XDCE_USD	2018-08-03	0.002719	0.002671	0.002807	0.002573	0
XDCE_USD	2018-08-02	0.002671	0.002630	0.002913	0.002630	0
XDCE_USD	2018-08-01	0.002628	0.002864	0.002879	0.002510	0
XDCE_USD	2018-07-31	0.002862	0.002959	0.003069	0.002776	0
XDCE_USD	2018-07-30	0.002959	0.003246	0.003424	0.002484	0
XDCE_USD	2018-07-29	0.003248	0.003431	0.003436	0.003212	0
XDCE_USD	2018-07-28	0.003431	0.003311	0.003469	0.003272	0
XDCE_USD	2018-07-27	0.003311	0.003359	0.003450	0.002902	0
XDCE_USD	2018-07-26	0.003359	0.003216	0.003464	0.003210	0
XDCE_USD	2018-07-25	0.003214	0.003532	0.003579	0.003195	0
