XFT_USD	2019-04-09	0.02471	0.02498	0.02498	0.02429	0
XFT_USD	2019-04-08	0.02498	0.02463	0.02517	0.02418	0
XFT_USD	2019-04-07	0.02463	0.02385	0.02489	0.02383	0
XFT_USD	2019-04-06	0.02385	0.02387	0.02477	0.02333	0
XFT_USD	2019-04-05	0.02387	0.02317	0.02403	0.02316	0
XFT_USD	2019-04-04	0.02317	0.02337	0.02394	0.02270	0
XFT_USD	2019-04-03	0.02337	0.02315	0.02501	0.02277	0
XFT_USD	2019-04-02	0.02315	0.01971	0.02384	0.01967	0
XFT_USD	2019-04-01	0.01971	0.01957	0.01982	0.01938	0
XFT_USD	2019-03-31	0.01957	0.01955	0.01963	0.01950	0
XFT_USD	2019-03-30	0.01955	0.01962	0.01977	0.01937	0
XFT_USD	2019-03-29	0.01962	0.01921	0.01966	0.01918	0
XFT_USD	2019-03-28	0.01921	0.01926	0.01927	0.01910	0
XFT_USD	2019-03-27	0.01926	0.01874	0.01929	0.01868	0
XFT_USD	2019-03-26	0.01874	0.01864	0.01876	0.01855	0
XFT_USD	2019-03-25	0.01864	0.01897	0.01901	0.01850	0
XFT_USD	2019-03-24	0.01897	0.01908	0.01908	0.01884	0
XFT_USD	2019-03-23	0.01908	0.01901	0.01914	0.01895	0
XFT_USD	2019-03-22	0.01901	0.01899	0.01911	0.01894	0
XFT_USD	2019-03-21	0.01899	0.01938	0.01947	0.01881	0
XFT_USD	2019-03-20	0.01938	0.01929	0.01942	0.01912	0
XFT_USD	2019-03-19	0.01929	0.01913	0.01933	0.01905	0
XFT_USD	2019-03-18	0.01913	0.01910	0.01934	0.01896	0
XFT_USD	2019-03-17	0.01910	0.01920	0.01920	0.01897	0
XFT_USD	2019-03-16	0.01920	0.01879	0.01950	0.01879	0
XFT_USD	2019-03-15	0.01879	0.01854	0.01883	0.01854	0
XFT_USD	2019-03-14	0.01854	0.01854	0.01878	0.01825	0
XFT_USD	2019-03-13	0.01854	0.01856	0.01864	0.01843	0
XFT_USD	2019-03-12	0.01856	0.01855	0.01868	0.01829	0
XFT_USD	2019-03-11	0.01855	0.01878	0.01882	0.01841	0
XFT_USD	2019-03-10	0.01878	0.01885	0.01886	0.01861	0
XFT_USD	2019-03-09	0.01885	0.01850	0.01899	0.01847	0
XFT_USD	2019-03-08	0.01850	0.01861	0.01887	0.01820	0
XFT_USD	2019-03-07	0.01861	0.01855	0.01875	0.01848	0
XFT_USD	2019-03-06	0.01855	0.01855	0.01867	0.01836	0
XFT_USD	2019-03-05	0.01855	0.01784	0.01862	0.01778	0
XFT_USD	2019-03-04	0.01784	0.01824	0.01834	0.01769	0
XFT_USD	2019-03-03	0.01824	0.01837	0.01842	0.01812	0
XFT_USD	2019-03-02	0.01837	0.01839	0.01842	0.01811	0
XFT_USD	2019-03-01	0.01839	0.01829	0.01854	0.01828	0
XFT_USD	2019-02-28	0.01829	0.01831	0.01872	0.01824	0
XFT_USD	2019-02-27	0.01831	0.01830	0.01847	0.01771	0
XFT_USD	2019-02-26	0.01830	0.01842	0.01847	0.01819	0
XFT_USD	2019-02-25	0.01842	0.01800	0.01861	0.01798	0
XFT_USD	2019-02-24	0.01800	0.01978	0.02011	0.01790	0
XFT_USD	2019-02-23	0.01978	0.01908	0.01998	0.01885	0
XFT_USD	2019-02-22	0.01908	0.01883	0.01913	0.01874	0
XFT_USD	2019-02-21	0.01883	0.01906	0.01935	0.01867	0
XFT_USD	2019-02-20	0.01906	0.01874	0.01909	0.01863	0
XFT_USD	2019-02-19	0.01874	0.01868	0.01916	0.01851	0
XFT_USD	2019-02-18	0.01868	0.01754	0.01882	0.01749	0
XFT_USD	2019-02-17	0.01754	0.01726	0.01776	0.01723	0
XFT_USD	2019-02-16	0.01726	0.01720	0.01748	0.01720	0
XFT_USD	2019-02-15	0.01720	0.01717	0.01745	0.01711	0
XFT_USD	2019-02-14	0.01717	0.01723	0.01728	0.01710	0
XFT_USD	2019-02-13	0.01723	0.01734	0.01754	0.01714	0
XFT_USD	2019-02-12	0.01734	0.01728	0.01748	0.01711	0
XFT_USD	2019-02-11	0.01728	0.01759	0.01760	0.01726	0
XFT_USD	2019-02-10	0.01759	0.01746	0.01760	0.01722	0
XFT_USD	2019-02-09	0.01746	0.01748	0.01755	0.01734	0
XFT_USD	2019-02-08	0.01748	0.01613	0.01781	0.01609	0
XFT_USD	2019-02-07	0.01613	0.01621	0.01626	0.01611	0
XFT_USD	2019-02-06	0.01621	0.01649	0.01653	0.01607	0
XFT_USD	2019-02-05	0.01649	0.01639	0.01651	0.01632	0
XFT_USD	2019-02-04	0.01639	0.01644	0.01652	0.01632	0
XFT_USD	2019-02-03	0.01644	0.01671	0.01675	0.01630	0
XFT_USD	2019-02-02	0.01671	0.01661	0.01677	0.01644	0
XFT_USD	2019-02-01	0.01661	0.00364	0.01669	0.00361	0
XFT_USD	2019-01-31	0.00364	0.01657	0.01675	0.00362	0
XFT_USD	2019-01-30	0.01657	0.01633	0.01665	0.01621	0
XFT_USD	2019-01-29	0.01633	0.00364	0.01642	0.00358	0
XFT_USD	2019-01-28	0.00364	0.01689	0.01689	0.00359	0
XFT_USD	2019-01-27	0.01689	0.01707	0.01710	0.01664	0
XFT_USD	2019-01-26	0.01707	0.01704	0.01752	0.01702	0
XFT_USD	2019-01-25	0.01704	0.01715	0.01720	0.01688	0
XFT_USD	2019-01-24	0.01715	0.01698	0.01722	0.01684	0
XFT_USD	2019-01-23	0.01698	0.01709	0.01722	0.01685	0
XFT_USD	2019-01-22	0.01709	0.01681	0.01728	0.01646	0
XFT_USD	2019-01-21	0.01681	0.01684	0.01693	0.01668	0
XFT_USD	2019-01-20	0.01684	0.01768	0.01782	0.01666	0
XFT_USD	2019-01-19	0.01768	0.01733	0.01815	0.01732	0
XFT_USD	2019-01-18	0.01733	0.01754	0.01756	0.01723	0
XFT_USD	2019-01-17	0.01754	0.01733	0.01755	0.01707	0
XFT_USD	2019-01-16	0.01733	0.01726	0.01762	0.01719	0
XFT_USD	2019-01-15	0.01726	0.01770	0.01781	0.01715	0
XFT_USD	2019-01-14	0.01770	0.01695	0.01792	0.01690	0
XFT_USD	2019-01-13	0.01695	0.01747	0.01755	0.01686	0
XFT_USD	2019-01-12	0.01747	0.01753	0.01762	0.01732	0
XFT_USD	2019-01-11	0.01753	0.01752	0.01779	0.01731	0
XFT_USD	2019-01-10	0.01752	0.01927	0.01952	0.01740	0
XFT_USD	2019-01-09	0.01927	0.01935	0.01964	0.01905	0
XFT_USD	2019-01-08	0.01935	0.01942	0.01986	0.01916	0
XFT_USD	2019-01-07	0.01942	0.01969	0.01981	0.01925	0
XFT_USD	2019-01-06	0.01969	0.01846	0.03693	0.01835	0
XFT_USD	2019-01-05	0.01846	0.01868	0.01895	0.01843	0
XFT_USD	2019-01-04	0.01868	0.01851	0.01881	0.01822	0
XFT_USD	2019-01-03	0.01851	0.01912	0.01914	0.01842	0
XFT_USD	2019-01-02	0.01912	0.01868	0.01922	0.01850	0
XFT_USD	2019-01-01	0.01868	0.01808	0.01879	0.01788	0
XFT_USD	2018-12-31	0.01808	0.01875	0.01880	0.01785	0
XFT_USD	2018-12-30	0.01875	0.01833	0.01883	0.01815	0
XFT_USD	2018-12-29	0.01833	0.01905	0.01930	0.01826	0
XFT_USD	2018-12-28	0.01905	0.01753	0.01928	0.01745	0
XFT_USD	2018-12-27	0.01753	0.01855	0.01870	0.01741	0
XFT_USD	2018-12-26	0.01855	0.01843	0.01883	0.01799	0
XFT_USD	2018-12-25	0.01843	0.01956	0.01960	0.01803	0
XFT_USD	2018-12-24	0.01956	0.01921	0.02069	0.01921	0
XFT_USD	2018-12-23	0.01921	0.01947	0.01987	0.01906	0
XFT_USD	2018-12-22	0.01947	0.01875	0.01957	0.01850	0
XFT_USD	2018-12-21	0.01875	0.01989	0.02024	0.01843	0
XFT_USD	2018-12-20	0.01989	0.01798	0.02028	0.01785	0
XFT_USD	2018-12-19	0.01798	0.03005	0.03096	0.01787	0
XFT_USD	2018-12-18	0.03005	0.02882	0.03019	0.02822	0
XFT_USD	2018-12-17	0.02882	0.02623	0.02945	0.02612	0
XFT_USD	2018-12-16	0.02623	0.02613	0.02685	0.02605	0
XFT_USD	2018-12-15	0.02613	0.02609	0.02639	0.02558	0
XFT_USD	2018-12-14	0.02609	0.02664	0.02692	0.02565	0
XFT_USD	2018-12-13	0.02664	0.02812	0.02817	0.02647	0
XFT_USD	2018-12-12	0.02812	0.02721	0.02866	0.02716	0
XFT_USD	2018-12-11	0.02744	0.02802	0.02822	0.02700	0
XFT_USD	2018-12-10	0.02802	0.02898	0.02941	0.02763	0
XFT_USD	2018-12-09	0.02898	0.02787	0.03003	0.02758	0
XFT_USD	2018-12-08	0.02787	0.02750	0.02907	0.02637	0
XFT_USD	2018-12-07	0.02750	0.02814	0.02862	0.02610	0
XFT_USD	2018-12-06	0.02814	0.02995	0.03113	0.02795	0
XFT_USD	2018-12-05	0.02995	0.03166	0.03178	0.02982	0
XFT_USD	2018-12-04	0.03166	0.03103	0.03286	0.03029	0
XFT_USD	2018-12-03	0.03103	0.03307	0.03322	0.03053	0
XFT_USD	2018-12-02	0.03307	0.03373	0.03461	0.03281	0
XFT_USD	2018-12-01	0.03373	0.03210	0.03449	0.03164	0
XFT_USD	2018-11-30	0.03210	0.03428	0.03464	0.03153	0
XFT_USD	2018-11-29	0.03428	0.03423	0.03552	0.03325	0
XFT_USD	2018-11-28	0.03423	0.03088	0.03522	0.03088	0
XFT_USD	2018-11-27	0.03088	0.03066	0.03134	0.02952	0
XFT_USD	2018-11-26	0.03066	0.03263	0.03335	0.02955	0
XFT_USD	2018-11-25	0.03263	0.03125	0.03339	0.02912	0
XFT_USD	2018-11-24	0.03125	0.03516	0.03590	0.03048	0
XFT_USD	2018-11-23	0.03516	0.03492	0.03563	0.03380	0
XFT_USD	2018-11-22	0.03492	0.03975	0.04014	0.03492	0
XFT_USD	2018-11-21	0.03975	0.03905	0.04061	0.03770	0
XFT_USD	2018-11-20	0.03905	0.04202	0.04294	0.03675	0
XFT_USD	2018-11-19	0.04202	0.04816	0.04816	0.04162	0
XFT_USD	2018-11-18	0.04816	0.04788	0.04860	0.04783	0
XFT_USD	2018-11-17	0.04788	0.04817	0.04817	0.04743	0
XFT_USD	2018-11-16	0.04817	0.04895	0.04899	0.04727	0
XFT_USD	2018-11-15	0.04895	0.05267	0.05307	0.04769	0
XFT_USD	2018-11-14	0.05267	0.05786	0.05804	0.05106	0
XFT_USD	2018-11-13	0.05786	0.05770	0.05815	0.05731	0
XFT_USD	2018-11-12	0.05770	0.05782	0.05799	0.05745	0
XFT_USD	2018-11-11	0.05782	0.05756	0.05782	0.05696	0
XFT_USD	2018-11-10	0.05756	0.05746	0.05783	0.05741	0
XFT_USD	2018-11-09	0.05746	0.05799	0.05820	0.05722	0
XFT_USD	2018-11-08	0.05799	0.05883	0.05894	0.05797	0
XFT_USD	2018-11-07	0.05883	0.05831	0.05913	0.05828	0
XFT_USD	2018-11-06	0.05831	0.05791	0.05831	0.05771	0
XFT_USD	2018-11-05	0.05791	0.05804	0.05813	0.05763	0
XFT_USD	2018-11-04	0.05804	0.05717	0.05826	0.05692	0
XFT_USD	2018-11-03	0.05717	0.05752	0.05757	0.05667	0
XFT_USD	2018-11-02	0.05752	0.05728	0.05777	0.05720	0
XFT_USD	2018-11-01	0.05728	0.05700	0.05749	0.05686	0
XFT_USD	2018-10-31	0.05700	0.05665	0.05726	0.05594	0
XFT_USD	2018-10-30	0.05665	0.05678	0.05710	0.05650	0
XFT_USD	2018-10-29	0.05678	0.05809	0.05820	0.05657	0
XFT_USD	2018-10-28	0.05809	0.05814	0.05826	0.05778	0
XFT_USD	2018-10-27	0.05814	0.05842	0.05862	0.05798	0
XFT_USD	2018-10-26	0.05842	0.05839	0.05892	0.05827	0
XFT_USD	2018-10-25	0.05839	0.05863	0.05871	0.05821	0
XFT_USD	2018-10-24	0.05863	0.05859	0.05924	0.05853	0
XFT_USD	2018-10-23	0.05859	0.05874	0.05890	0.05843	0
XFT_USD	2018-10-22	0.05874	0.06838	0.06880	0.05858	0
XFT_USD	2018-10-21	0.06838	0.06836	0.06908	0.06834	0
XFT_USD	2018-10-20	0.06836	0.06775	0.06860	0.06759	0
XFT_USD	2018-10-19	0.06775	0.06865	0.06882	0.06768	0
XFT_USD	2018-10-18	0.06865	0.06991	0.07036	0.06817	0
XFT_USD	2018-10-17	0.06991	0.07015	0.07050	0.06935	0
XFT_USD	2018-10-16	0.07015	0.06998	0.07154	0.06934	0
XFT_USD	2018-10-15	0.06998	0.06574	0.07803	0.06539	0
XFT_USD	2018-10-14	0.06574	0.06567	0.06642	0.06559	0
XFT_USD	2018-10-13	0.06567	0.06536	0.06572	0.06528	0
XFT_USD	2018-10-12	0.06536	0.06493	0.06590	0.06460	0
XFT_USD	2018-10-11	0.06493	0.06882	0.06882	0.06467	0
XFT_USD	2018-10-10	0.06882	0.06916	0.06916	0.06778	0
XFT_USD	2018-10-09	0.06916	0.06927	0.06934	0.06860	0
XFT_USD	2018-10-08	0.06927	0.06852	0.06974	0.06836	0
XFT_USD	2018-10-07	0.06852	0.06842	0.06886	0.06784	0
XFT_USD	2018-10-06	0.06842	0.06897	0.06901	0.06813	0
XFT_USD	2018-10-05	0.06897	0.06830	0.06918	0.06797	0
XFT_USD	2018-10-04	0.06830	0.06750	0.06885	0.06746	0
XFT_USD	2018-10-03	0.06750	0.06783	0.06798	0.06672	0
XFT_USD	2018-10-02	0.06783	0.06848	0.06882	0.06758	0
XFT_USD	2018-10-01	0.06848	0.06867	0.06909	0.06766	0
XFT_USD	2018-09-30	0.06867	0.06852	0.06906	0.06777	0
XFT_USD	2018-09-29	0.06852	0.06884	0.06884	0.06709	0
XFT_USD	2018-09-28	0.06884	0.06943	0.07084	0.06791	0
XFT_USD	2018-09-27	0.06943	0.06711	0.06983	0.06689	0
XFT_USD	2018-09-26	0.06711	0.06682	0.06804	0.06632	0
XFT_USD	2018-09-25	0.06682	0.06839	0.06839	0.06596	0
XFT_USD	2018-09-24	0.06839	0.06969	0.06980	0.06808	0
XFT_USD	2018-09-23	0.06969	0.07000	0.07044	0.06923	0
XFT_USD	2018-09-22	0.07000	0.07111	0.07183	0.06923	0
XFT_USD	2018-09-21	0.07111	0.06825	0.07119	0.06821	0
XFT_USD	2018-09-20	0.06825	0.06711	0.06851	0.06675	0
XFT_USD	2018-09-19	0.06711	0.06660	0.06792	0.06420	0
XFT_USD	2018-09-18	0.06660	0.06567	0.06701	0.06542	0
XFT_USD	2018-09-17	0.06567	0.06823	0.06858	0.06524	0
XFT_USD	2018-09-16	0.06823	0.06846	0.06846	0.06699	0
XFT_USD	2018-09-15	0.06846	0.06812	0.06897	0.06797	0
XFT_USD	2018-09-14	0.06812	0.06799	0.06915	0.06692	0
XFT_USD	2018-09-13	0.06799	0.06653	0.06850	0.06651	0
XFT_USD	2018-09-12	0.06653	0.06608	0.06667	0.06516	0
XFT_USD	2018-09-11	0.06608	0.06627	0.06708	0.06492	0
XFT_USD	2018-09-10	0.06627	0.06555	0.06667	0.06555	0
XFT_USD	2018-09-09	0.06555	0.06497	0.06732	0.06467	0
XFT_USD	2018-09-08	0.06497	0.06724	0.06802	0.06450	0
XFT_USD	2018-09-07	0.06724	0.06840	0.06860	0.06641	0
XFT_USD	2018-09-06	0.06840	0.07036	0.07053	0.06624	0
XFT_USD	2018-09-05	0.07036	0.07723	0.07761	0.03867	0
XFT_USD	2018-09-04	0.07723	0.07630	0.07777	0.07605	0
XFT_USD	2018-09-03	0.07630	0.07648	0.07700	0.07553	0
XFT_USD	2018-09-02	0.07648	0.07550	0.07707	0.07487	0
XFT_USD	2018-09-01	0.07550	0.07371	0.07616	0.07364	0
XFT_USD	2018-08-31	0.07371	0.07284	0.07397	0.07181	0
XFT_USD	2018-08-30	0.07284	0.07339	0.07353	0.07089	0
XFT_USD	2018-08-29	0.07339	0.07372	0.07423	0.07216	0
XFT_USD	2018-08-28	0.07372	0.07190	0.07423	0.07157	0
XFT_USD	2018-08-27	0.07190	0.06987	0.07198	0.06936	0
XFT_USD	2018-08-26	0.06987	0.07042	0.07086	0.06877	0
XFT_USD	2018-08-25	0.07042	0.06995	0.07098	0.06970	0
XFT_USD	2018-08-24	0.06995	0.06821	0.07028	0.06754	0
XFT_USD	2018-08-23	0.06821	0.06641	0.06861	0.06636	0
XFT_USD	2018-08-22	0.06641	0.06774	0.07179	0.06534	0
XFT_USD	2018-08-21	0.06774	0.06540	0.06795	0.06534	0
XFT_USD	2018-08-20	0.06540	0.06780	0.06817	0.06514	0
XFT_USD	2018-08-19	0.06780	0.06682	0.06837	0.06596	0
XFT_USD	2018-08-18	0.06682	0.06889	0.06911	0.06592	0
XFT_USD	2018-08-17	0.06889	0.06599	0.06889	0.06579	0
XFT_USD	2018-08-16	0.06599	0.05765	0.06751	0.05725	0
XFT_USD	2018-08-15	0.05765	0.08908	0.09153	0.05739	0
XFT_USD	2018-08-14	0.08908	0.09003	0.09003	0.08476	0
XFT_USD	2018-08-13	0.09003	0.09095	0.09416	0.08870	0
XFT_USD	2018-08-12	0.09095	0.08965	0.09291	0.08894	0
XFT_USD	2018-08-11	0.08965	0.08850	0.09302	0.08657	0
XFT_USD	2018-08-10	0.08850	0.09405	0.09469	0.08669	0
XFT_USD	2018-08-09	0.09405	0.09043	0.09538	0.08916	0
XFT_USD	2018-08-08	0.09043	0.09677	0.09677	0.08834	0
XFT_USD	2018-08-07	0.09677	0.09994	0.10300	0.09625	0
XFT_USD	2018-08-06	0.09994	0.10130	0.10293	0.09869	0
XFT_USD	2018-08-05	0.10130	0.10092	0.10213	0.09926	0
XFT_USD	2018-08-04	0.10092	0.10683	0.10787	0.09983	0
XFT_USD	2018-08-03	0.10683	0.10855	0.10855	0.10492	0
XFT_USD	2018-08-02	0.10855	0.10962	0.11092	0.10748	0
XFT_USD	2018-08-01	0.10962	0.11157	0.11171	0.10724	0
XFT_USD	2018-07-31	0.11157	0.11771	0.11778	0.11049	0
XFT_USD	2018-07-30	0.11771	0.11844	0.11922	0.11330	0
XFT_USD	2018-07-29	0.11844	0.11780	0.11921	0.11701	0
XFT_USD	2018-07-27	0.11878	0.11878	0.11878	0.11878	0
XFT_USD	2018-07-26	0.11878	0.11780	0.11963	0.11776	0
XFT_USD	2018-07-25	0.11780	0.12119	0.12224	0.11632	0
XFT_USD	2018-07-24	0.12119	0.11111	0.12205	0.11081	0
XFT_USD	2018-07-23	0.11111	0.10662	0.11208	0.10622	0
XFT_USD	2018-07-22	0.10662	0.10665	0.10896	0.10583	0
XFT_USD	2018-07-21	0.10665	0.10562	0.10727	0.10402	0
XFT_USD	2018-07-20	0.10562	0.10766	0.11064	0.10487	0
XFT_USD	2018-07-19	0.10766	0.11289	0.11373	0.10601	0
XFT_USD	2018-07-18	0.11289	0.11221	0.11616	0.11111	0
XFT_USD	2018-07-17	0.11221	0.10323	0.11437	0.10218	0
XFT_USD	2018-07-16	0.10323	0.09726	0.10341	0.09704	0
XFT_USD	2018-07-15	0.09726	0.09578	0.09790	0.09553	0
XFT_USD	2018-07-14	0.09578	0.09532	0.09659	0.09471	0
XFT_USD	2018-07-13	0.09532	0.09550	0.09699	0.09416	0
XFT_USD	2018-07-12	0.09550	0.09774	0.09774	0.09320	0
XFT_USD	2018-07-11	0.09774	0.09656	0.09800	0.09640	0
XFT_USD	2018-07-10	0.09656	0.10207	0.10237	0.09624	0
XFT_USD	2018-07-09	0.10207	0.10280	0.10414	0.10170	0
XFT_USD	2018-07-08	0.10280	0.10362	0.10407	0.10240	0
XFT_USD	2018-07-07	0.10362	0.10117	0.10461	0.09980	0
XFT_USD	2018-07-06	0.10117	0.10023	0.10161	0.09889	0
XFT_USD	2018-07-05	0.10023	0.10099	0.10264	0.09901	0
XFT_USD	2018-07-04	0.10099	0.09990	0.10319	0.09864	0
XFT_USD	2018-07-03	0.09990	0.28002	0.28223	0.00134	0
XFT_USD	2018-07-02	0.28002	0.26866	0.28242	0.00000	0
XFT_USD	2018-07-01	0.26869	0.27045	0.27216	0.26533	0
XFT_USD	2018-06-30	0.27046	0.26248	0.27574	0.26248	0
XFT_USD	2018-06-29	0.26270	0.24752	0.26544	0.24542	0
XFT_USD	2018-06-28	0.24791	0.25954	0.26086	0.24669	0
XFT_USD	2018-06-27	0.25952	0.25669	0.26147	0.25342	0
XFT_USD	2018-06-26	0.25750	0.26450	0.26546	0.25612	0
XFT_USD	2018-06-25	0.26432	0.26007	0.26722	0.25736	0
XFT_USD	2018-06-24	0.26015	0.26066	0.26399	0.24432	0
XFT_USD	2018-06-23	0.26032	0.25569	0.26442	0.25455	0
XFT_USD	2018-06-22	0.25569	0.28410	0.28481	0.25121	0
XFT_USD	2018-06-21	0.28408	0.28605	0.28715	0.28313	0
XFT_USD	2018-06-20	0.28606	0.28488	0.28822	0.27761	0
XFT_USD	2018-06-19	0.28521	0.28400	0.28892	0.28223	0
XFT_USD	2018-06-18	0.28390	0.27264	0.28715	0.27031	0
XFT_USD	2018-06-17	0.27242	0.27450	0.27801	0.27196	0
XFT_USD	2018-06-16	0.27445	0.27018	0.27714	0.26786	0
XFT_USD	2018-06-15	0.27005	0.28105	0.28105	0.26914	0
XFT_USD	2018-06-14	0.28051	0.26638	0.28342	0.26542	0
XFT_USD	2018-06-13	0.26622	0.27691	0.27951	0.25930	0
XFT_USD	2018-06-12	0.27684	0.29072	0.29072	0.27255	0
XFT_USD	2018-06-11	0.29086	0.28595	0.29184	0.28091	0
XFT_USD	2018-06-10	0.28562	0.31730	0.31730	0.28103	0
XFT_USD	2018-06-09	0.31721	0.32224	0.32519	0.31615	0
XFT_USD	2018-06-08	0.32224	0.32522	0.32568	0.31922	0
XFT_USD	2018-06-07	0.32536	0.32388	0.32819	0.32353	0
XFT_USD	2018-06-06	0.32386	0.32279	0.32564	0.31716	0
XFT_USD	2018-06-05	0.32251	0.31690	0.32462	0.31198	0
XFT_USD	2018-06-04	0.31713	0.32688	0.32824	0.31558	0
XFT_USD	2018-06-03	0.32659	0.32296	0.32903	0.32160	0
XFT_USD	2018-06-02	0.32320	0.31851	0.32537	0.31542	0
XFT_USD	2018-06-01	0.31825	0.31676	0.32158	0.31107	0
XFT_USD	2018-05-31	0.31679	0.31194	0.32158	0.31051	0
XFT_USD	2018-05-30	0.31208	0.31589	0.31979	0.30808	0
XFT_USD	2018-05-29	0.31552	0.30061	0.31824	0.29826	0
XFT_USD	2018-05-28	0.30043	0.31071	0.31441	0.29914	0
XFT_USD	2018-05-27	0.31058	0.31013	0.31260	0.30561	0
XFT_USD	2018-05-26	0.31006	0.31553	0.32221	0.30841	0
XFT_USD	2018-05-25	0.31558	0.32058	0.32359	0.31026	0
XFT_USD	2018-05-24	0.32045	0.31750	0.32651	0.30739	0
XFT_USD	2018-05-23	0.31775	0.33755	0.33935	0.31515	0
XFT_USD	2018-05-22	0.33767	0.35525	0.35565	0.33638	0
XFT_USD	2018-05-21	0.35525	0.36065	0.36158	0.35388	0
XFT_USD	2018-05-20	0.36065	0.34867	0.36319	0.34578	0
XFT_USD	2018-05-19	0.34867	0.34863	0.35510	0.34459	0
XFT_USD	2018-05-18	0.34863	0.34087	0.35013	0.33546	0
XFT_USD	2018-05-17	0.34131	0.35326	0.35815	0.33833	0
XFT_USD	2018-05-16	0.35296	0.35824	0.35918	0.34291	0
XFT_USD	2018-05-15	0.35824	0.36672	0.37349	0.35653	0
XFT_USD	2018-05-14	0.36675	0.36744	0.37569	0.35027	0
XFT_USD	2018-05-13	0.36744	0.35861	0.37038	0.35240	0
XFT_USD	2018-05-12	0.35780	0.35512	0.36505	0.34725	0
XFT_USD	2018-05-11	0.35512	0.38163	0.38163	0.35313	0
XFT_USD	2018-05-10	0.38163	0.39430	0.39734	0.38097	0
XFT_USD	2018-05-09	0.39430	0.38864	0.39653	0.37998	0
XFT_USD	2018-05-08	0.38864	0.39602	0.39736	0.00004	0
XFT_USD	2018-05-07	0.39897	0.40872	0.40943	0.38928	0
XFT_USD	2018-05-06	0.40872	0.41743	0.42163	0.40007	0
XFT_USD	2018-05-05	0.41694	0.41079	0.42256	0.40987	0
XFT_USD	2018-05-04	0.41079	0.41323	0.41518	0.40462	0
XFT_USD	2018-05-03	0.41323	0.39079	0.41624	0.38814	0
XFT_USD	2018-05-02	0.39079	0.38364	0.39224	0.37998	0
XFT_USD	2018-05-01	0.38398	0.39083	0.39094	0.37391	0
XFT_USD	2018-04-30	0.39083	0.39770	0.39988	0.38573	0
XFT_USD	2018-04-29	0.39770	0.39521	0.40454	0.38864	0
XFT_USD	2018-04-28	0.39521	0.37785	0.39920	0.37543	0
XFT_USD	2018-04-27	0.37785	0.36694	0.39695	0.36313	0
XFT_USD	2018-04-26	0.36694	0.36168	0.38237	0.35113	0
XFT_USD	2018-04-25	0.36168	0.39095	0.39155	0.35064	0
XFT_USD	2018-04-24	0.39095	0.45128	0.47014	0.38768	0
XFT_USD	2018-04-23	0.45128	0.37161	0.45197	0.37043	0
XFT_USD	2018-04-22	0.37161	0.35207	0.37459	0.33766	0
XFT_USD	2018-04-21	0.35207	0.35288	0.36396	0.34321	0
XFT_USD	2018-04-20	0.35288	0.32842	0.35520	0.32167	0
XFT_USD	2018-04-19	0.32842	0.27795	0.33377	0.27557	0
XFT_USD	2018-04-18	0.27795	0.28858	0.29829	0.27553	0
XFT_USD	2018-04-17	0.28858	0.31737	0.31796	0.27552	0
XFT_USD	2018-04-16	0.31737	0.33027	0.33319	0.30950	0
XFT_USD	2018-04-15	0.33027	0.33273	0.34117	0.32709	0
XFT_USD	2018-04-14	0.33273	0.32907	0.33907	0.32233	0
XFT_USD	2018-04-13	0.32907	0.33262	0.34398	0.32611	0
XFT_USD	2018-04-12	0.33262	0.29240	0.34088	0.27988	0
XFT_USD	2018-04-11	0.29240	0.27490	0.29718	0.26445	0
XFT_USD	2018-04-10	0.27490	0.26444	0.27645	0.25986	0
XFT_USD	2018-04-09	0.26444	0.25870	0.29021	0.25870	0
XFT_USD	2018-04-08	0.25870	0.29265	0.29863	0.24965	0
XFT_USD	2018-04-07	0.29265	0.24975	0.29301	0.24929	0
XFT_USD	2018-04-06	0.24975	0.25083	0.25710	0.23946	0
XFT_USD	2018-04-05	0.25083	0.25691	0.26782	0.23875	0
XFT_USD	2018-04-04	0.25691	0.30789	0.31282	0.25331	0
XFT_USD	2018-04-03	0.30789	0.29438	0.37110	0.27703	0
XFT_USD	2018-04-02	0.29438	0.27247	0.30612	0.27126	0
XFT_USD	2018-04-01	0.27247	0.29789	0.30156	0.26097	0
XFT_USD	2018-03-31	0.29789	0.29780	0.30888	0.28551	0
XFT_USD	2018-03-30	0.29780	0.30688	0.31245	0.28130	0
XFT_USD	2018-03-29	0.30688	0.36282	0.36846	0.30001	0
XFT_USD	2018-03-28	0.36282	0.35849	0.40218	0.35004	0
XFT_USD	2018-03-27	0.35849	0.37143	0.41671	0.34684	0
XFT_USD	2018-03-26	0.37143	0.42805	0.43032	0.36202	0
XFT_USD	2018-03-25	0.42805	0.43939	0.44247	0.40695	0
XFT_USD	2018-03-24	0.43939	0.52105	0.53230	0.43495	0
XFT_USD	2018-03-23	0.52105	0.49438	0.52634	0.43777	0
XFT_USD	2018-03-22	0.49438	0.49119	0.51296	0.47906	0
XFT_USD	2018-03-21	0.49119	0.50694	0.51934	0.45554	0
XFT_USD	2018-03-20	0.50694	0.35617	0.55314	0.34928	0
XFT_USD	2018-03-19	0.35617	0.35149	0.36800	0.34254	0
XFT_USD	2018-03-18	0.35149	0.36762	0.36763	0.31758	0
XFT_USD	2018-03-17	0.36762	0.39287	0.39374	0.35372	0
XFT_USD	2018-03-16	0.39287	0.42324	0.43834	0.39080	0
XFT_USD	2018-03-15	0.42324	0.39912	0.47295	0.35685	0
XFT_USD	2018-03-14	0.39912	0.38604	0.42902	0.35207	0
XFT_USD	2018-03-13	0.38604	0.39061	0.42460	0.36407	0
XFT_USD	2018-03-12	0.39061	0.38488	0.41435	0.36853	0
XFT_USD	2018-03-11	0.38488	0.37873	0.39724	0.35783	0
XFT_USD	2018-03-10	0.37873	0.39249	0.42639	0.37539	0
XFT_USD	2018-03-09	0.39249	0.43268	0.43797	0.37007	0
XFT_USD	2018-03-08	0.43268	0.42228	0.47708	0.39441	0
XFT_USD	2018-03-07	0.42228	0.44237	0.44696	0.37349	0
XFT_USD	2018-03-06	0.44237	0.49052	0.49262	0.43550	0
XFT_USD	2018-03-05	0.49052	0.55869	0.56606	0.46405	0
XFT_USD	2018-03-04	0.55869	0.56421	0.56802	0.47828	0
XFT_USD	2018-03-03	0.56421	0.56333	0.58059	0.52563	0
XFT_USD	2018-03-02	0.56333	0.55299	0.60263	0.54991	0
