XPAT_USD	2019-04-09	0.011011	0.011269	0.011269	0.010887	0
XPAT_USD	2019-04-08	0.011269	0.010985	0.011600	0.010864	0
XPAT_USD	2019-04-07	0.010985	0.010349	0.011055	0.010284	0
XPAT_USD	2019-04-06	0.010349	0.010391	0.010793	0.010070	0
XPAT_USD	2019-04-05	0.010391	0.009837	0.010539	0.009781	0
XPAT_USD	2019-04-04	0.009837	0.009956	0.010248	0.009615	0
XPAT_USD	2019-04-03	0.009956	0.010262	0.011128	0.009447	0
XPAT_USD	2019-04-02	0.010262	0.008897	0.010429	0.008863	0
XPAT_USD	2019-04-01	0.008897	0.008915	0.009010	0.008784	0
XPAT_USD	2019-03-31	0.008915	0.008969	0.008970	0.008847	0
XPAT_USD	2019-03-30	0.008969	0.009065	0.009208	0.008851	0
XPAT_USD	2019-03-29	0.009065	0.008696	0.009072	0.008680	0
XPAT_USD	2019-03-28	0.008696	0.008781	0.008781	0.008649	0
XPAT_USD	2019-03-27	0.008781	0.008394	0.008815	0.008391	0
XPAT_USD	2019-03-26	0.008394	0.008379	0.008445	0.008311	0
XPAT_USD	2019-03-25	0.008379	0.008545	0.008589	0.008258	0
XPAT_USD	2019-03-24	0.008545	0.008635	0.008639	0.008483	0
XPAT_USD	2019-03-23	0.008635	0.008563	0.008705	0.008545	0
XPAT_USD	2019-03-22	0.008563	0.008494	0.008643	0.008460	0
XPAT_USD	2019-03-21	0.008494	0.008812	0.008847	0.008427	0
XPAT_USD	2019-03-20	0.008812	0.008790	0.008850	0.008629	0
XPAT_USD	2019-03-19	0.008790	0.008716	0.008822	0.008670	0
XPAT_USD	2019-03-18	0.008716	0.008786	0.008972	0.008621	0
XPAT_USD	2019-03-17	0.008786	0.008915	0.008915	0.008704	0
XPAT_USD	2019-03-16	0.008915	0.008634	0.009123	0.008634	0
XPAT_USD	2019-03-15	0.008634	0.008358	0.008742	0.008351	0
XPAT_USD	2019-03-14	0.008358	0.008341	0.008523	0.008209	0
XPAT_USD	2019-03-13	0.008341	0.008448	0.008449	0.008276	0
XPAT_USD	2019-03-12	0.008448	0.008392	0.008541	0.008147	0
XPAT_USD	2019-03-11	0.008392	0.008568	0.008603	0.008308	0
XPAT_USD	2019-03-10	0.008568	0.008684	0.008697	0.008487	0
XPAT_USD	2019-03-09	0.008684	0.008443	0.008781	0.008403	0
XPAT_USD	2019-03-08	0.008443	0.008683	0.008857	0.008263	0
XPAT_USD	2019-03-07	0.008683	0.008714	0.008883	0.008593	0
XPAT_USD	2019-03-06	0.008714	0.008680	0.008899	0.008491	0
XPAT_USD	2019-03-05	0.008680	0.007960	0.008737	0.007925	0
XPAT_USD	2019-03-04	0.007960	0.008255	0.008300	0.007806	0
XPAT_USD	2019-03-03	0.008255	0.008408	0.008537	0.008100	0
XPAT_USD	2019-03-02	0.008408	0.008592	0.008637	0.008256	0
XPAT_USD	2019-03-01	0.008592	0.008567	0.008763	0.008546	0
XPAT_USD	2019-02-28	0.008567	0.008546	0.008837	0.008462	0
XPAT_USD	2019-02-27	0.008546	0.008659	0.008908	0.008038	0
XPAT_USD	2019-02-26	0.008659	0.008752	0.008786	0.008525	0
XPAT_USD	2019-02-25	0.008752	0.008374	0.008970	0.008374	0
XPAT_USD	2019-02-24	0.008374	0.010016	0.010504	0.008374	0
XPAT_USD	2019-02-23	0.010016	0.009393	0.010131	0.009236	0
XPAT_USD	2019-02-22	0.009393	0.009197	0.009431	0.009066	0
XPAT_USD	2019-02-21	0.009197	0.009440	0.009520	0.009024	0
XPAT_USD	2019-02-20	0.009440	0.009090	0.009453	0.008916	0
XPAT_USD	2019-02-19	0.009090	0.009239	0.009511	0.009048	0
XPAT_USD	2019-02-18	0.009239	0.008444	0.009405	0.008385	0
XPAT_USD	2019-02-17	0.008444	0.007730	0.008573	0.007719	0
XPAT_USD	2019-02-16	0.007730	0.007672	0.007874	0.007672	0
XPAT_USD	2019-02-15	0.007672	0.007600	0.007841	0.007576	0
XPAT_USD	2019-02-14	0.007600	0.007679	0.007828	0.007579	0
XPAT_USD	2019-02-13	0.007679	0.007712	0.008017	0.007601	0
XPAT_USD	2019-02-12	0.007712	0.007606	0.007816	0.007433	0
XPAT_USD	2019-02-11	0.007606	0.007905	0.007905	0.007543	0
XPAT_USD	2019-02-10	0.007905	0.007512	0.007943	0.007316	0
XPAT_USD	2019-02-09	0.007512	0.007524	0.007650	0.007416	0
XPAT_USD	2019-02-08	0.007524	0.006554	0.007726	0.006517	0
XPAT_USD	2019-02-07	0.006554	0.006575	0.006672	0.006522	0
XPAT_USD	2019-02-06	0.006575	0.006739	0.006754	0.006386	0
XPAT_USD	2019-02-05	0.006739	0.006726	0.006766	0.006665	0
XPAT_USD	2019-02-04	0.006726	0.006729	0.006839	0.006685	0
XPAT_USD	2019-02-03	0.006729	0.006968	0.007034	0.006645	0
XPAT_USD	2019-02-02	0.006968	0.006758	0.007000	0.006692	0
XPAT_USD	2019-02-01	0.006758	0.006720	0.006851	0.006555	0
XPAT_USD	2019-01-31	0.006720	0.006859	0.007004	0.006663	0
XPAT_USD	2019-01-30	0.006859	0.006605	0.006921	0.006531	0
XPAT_USD	2019-01-29	0.006605	0.006664	0.006709	0.006469	0
XPAT_USD	2019-01-28	0.006664	0.007034	0.007089	0.006407	0
XPAT_USD	2019-01-27	0.007034	0.007276	0.007316	0.006992	0
XPAT_USD	2019-01-26	0.007276	0.007270	0.007438	0.007257	0
XPAT_USD	2019-01-25	0.007270	0.007382	0.007403	0.007212	0
XPAT_USD	2019-01-24	0.007382	0.007363	0.007437	0.007185	0
XPAT_USD	2019-01-23	0.007363	0.007451	0.007510	0.007261	0
XPAT_USD	2019-01-22	0.007451	0.007286	0.007538	0.007003	0
XPAT_USD	2019-01-21	0.007286	0.007380	0.007448	0.007136	0
XPAT_USD	2019-01-20	0.007380	0.007812	0.007844	0.007303	0
XPAT_USD	2019-01-19	0.007812	0.007553	0.008074	0.007553	0
XPAT_USD	2019-01-18	0.007553	0.007765	0.007783	0.007469	0
XPAT_USD	2019-01-17	0.007765	0.007698	0.007834	0.007444	0
XPAT_USD	2019-01-16	0.007698	0.007607	0.008052	0.007546	0
XPAT_USD	2019-01-15	0.007607	0.008150	0.008263	0.007430	0
XPAT_USD	2019-01-14	0.008150	0.007309	0.008332	0.007305	0
XPAT_USD	2019-01-13	0.007309	0.007896	0.007918	0.007204	0
XPAT_USD	2019-01-12	0.007896	0.007986	0.008056	0.007831	0
XPAT_USD	2019-01-11	0.007986	0.008028	0.008171	0.007772	0
XPAT_USD	2019-01-10	0.008028	0.009471	0.009577	0.007817	0
XPAT_USD	2019-01-09	0.009471	0.009479	0.009807	0.009381	0
XPAT_USD	2019-01-08	0.009479	0.009595	0.009747	0.009352	0
XPAT_USD	2019-01-07	0.009595	0.009971	0.010080	0.009503	0
XPAT_USD	2019-01-06	0.009971	0.009817	0.010223	0.009522	0
XPAT_USD	2019-01-05	0.009817	0.009836	0.010330	0.009784	0
XPAT_USD	2019-01-04	0.009836	0.009439	0.010037	0.009341	0
XPAT_USD	2019-01-03	0.009439	0.009884	0.009957	0.009289	0
XPAT_USD	2019-01-02	0.009884	0.008964	0.010108	0.008928	0
XPAT_USD	2019-01-01	0.008964	0.008432	0.009133	0.008363	0
XPAT_USD	2018-12-31	0.008432	0.008929	0.008956	0.008292	0
XPAT_USD	2018-12-30	0.008929	0.008715	0.008997	0.008365	0
XPAT_USD	2018-12-29	0.008715	0.008836	0.009479	0.008463	0
XPAT_USD	2018-12-28	0.008836	0.007333	0.008894	0.007261	0
XPAT_USD	2018-12-27	0.007333	0.008343	0.008428	0.007227	0
XPAT_USD	2018-12-26	0.008343	0.008245	0.008759	0.007912	0
XPAT_USD	2018-12-25	0.008245	0.008848	0.008897	0.007851	0
XPAT_USD	2018-12-24	0.008848	0.008295	0.010123	0.008286	0
XPAT_USD	2018-12-23	0.008295	0.007462	0.008550	0.007462	0
XPAT_USD	2018-12-22	0.007462	0.006905	0.007474	0.006750	0
XPAT_USD	2018-12-21	0.006905	0.007363	0.007604	0.006750	0
XPAT_USD	2018-12-20	0.007363	0.006346	0.007482	0.006301	0
XPAT_USD	2018-12-19	0.006346	0.006440	0.006873	0.006307	0
XPAT_USD	2018-12-18	0.006440	0.006032	0.006523	0.005859	0
XPAT_USD	2018-12-17	0.006032	0.005367	0.006220	0.005347	0
XPAT_USD	2018-12-16	0.005367	0.005316	0.005570	0.005306	0
XPAT_USD	2018-12-15	0.005316	0.005282	0.005372	0.005163	0
XPAT_USD	2018-12-14	0.005282	0.005437	0.005482	0.005187	0
XPAT_USD	2018-12-13	0.005437	0.005692	0.005761	0.005347	0
XPAT_USD	2018-12-12	0.005692	0.005477	0.005823	0.005469	0
XPAT_USD	2018-12-11	0.005553	0.005714	0.005835	0.005432	0
XPAT_USD	2018-12-10	0.005714	0.005957	0.006058	0.005612	0
XPAT_USD	2018-12-09	0.005957	0.005755	0.006334	0.005627	0
XPAT_USD	2018-12-08	0.005755	0.005880	0.006177	0.005317	0
XPAT_USD	2018-12-07	0.005880	0.005729	0.006128	0.005148	0
XPAT_USD	2018-12-06	0.005729	0.006352	0.006527	0.005680	0
XPAT_USD	2018-12-05	0.006352	0.006869	0.006897	0.006345	0
XPAT_USD	2018-12-04	0.006869	0.006772	0.007144	0.006602	0
XPAT_USD	2018-12-03	0.006772	0.007247	0.007278	0.006627	0
XPAT_USD	2018-12-02	0.007247	0.007419	0.007564	0.007231	0
XPAT_USD	2018-12-01	0.007419	0.007052	0.007594	0.006929	0
XPAT_USD	2018-11-30	0.007052	0.007348	0.007480	0.006952	0
XPAT_USD	2018-11-29	0.007348	0.007691	0.007743	0.007146	0
XPAT_USD	2018-11-28	0.007691	0.006929	0.007920	0.006929	0
XPAT_USD	2018-11-27	0.006929	0.006856	0.007092	0.006388	0
XPAT_USD	2018-11-26	0.006856	0.007386	0.007513	0.006639	0
XPAT_USD	2018-11-25	0.007386	0.007150	0.007499	0.006430	0
XPAT_USD	2018-11-24	0.007150	0.007764	0.008039	0.006942	0
XPAT_USD	2018-11-23	0.007764	0.007900	0.007960	0.007440	0
XPAT_USD	2018-11-22	0.007900	0.008601	0.008691	0.007900	0
XPAT_USD	2018-11-21	0.008601	0.008344	0.008766	0.007913	0
XPAT_USD	2018-11-20	0.008344	0.009383	0.009558	0.007949	0
XPAT_USD	2018-11-19	0.009383	0.011095	0.011095	0.009206	0
XPAT_USD	2018-11-18	0.011095	0.010905	0.011277	0.010905	0
XPAT_USD	2018-11-17	0.010905	0.010980	0.011010	0.010803	0
XPAT_USD	2018-11-16	0.010980	0.011417	0.011449	0.010777	0
XPAT_USD	2018-11-15	0.011417	0.011525	0.011737	0.010669	0
XPAT_USD	2018-11-14	0.011525	0.013028	0.013098	0.011028	0
XPAT_USD	2018-11-13	0.013028	0.013186	0.013228	0.012969	0
XPAT_USD	2018-11-12	0.013186	0.013228	0.013279	0.013080	0
XPAT_USD	2018-11-11	0.013228	0.013218	0.013248	0.012961	0
XPAT_USD	2018-11-10	0.013218	0.013083	0.013363	0.013053	0
XPAT_USD	2018-11-09	0.013083	0.013295	0.013460	0.012961	0
XPAT_USD	2018-11-08	0.013295	0.013578	0.013671	0.013255	0
XPAT_USD	2018-11-07	0.013578	0.014467	0.016502	0.013210	0
XPAT_USD	2018-11-06	0.014467	0.014024	0.015063	0.013423	0
XPAT_USD	2018-11-05	0.014024	0.016860	0.018052	0.013150	0
XPAT_USD	2018-11-04	0.016860	0.014107	0.016885	0.014033	0
XPAT_USD	2018-11-03	0.014107	0.014257	0.014274	0.013952	0
XPAT_USD	2018-11-02	0.014257	0.013981	0.014347	0.013882	0
XPAT_USD	2018-11-01	0.013981	0.013809	0.013993	0.013772	0
XPAT_USD	2018-10-31	0.013809	0.013828	0.014325	0.013543	0
XPAT_USD	2018-10-30	0.013828	0.013783	0.013888	0.013718	0
XPAT_USD	2018-10-29	0.013783	0.013630	0.014248	0.013054	0
XPAT_USD	2018-10-28	0.013630	0.014092	0.014212	0.013558	0
XPAT_USD	2018-10-27	0.014092	0.014250	0.014398	0.014083	0
XPAT_USD	2018-10-26	0.014250	0.014155	0.014565	0.014140	0
XPAT_USD	2018-10-25	0.014155	0.014570	0.014621	0.014155	0
XPAT_USD	2018-10-24	0.014570	0.014413	0.014712	0.014412	0
XPAT_USD	2018-10-23	0.014413	0.014740	0.014850	0.014399	0
XPAT_USD	2018-10-22	0.014740	0.014395	0.014809	0.013670	0
XPAT_USD	2018-10-21	0.014395	0.014778	0.014998	0.014393	0
XPAT_USD	2018-10-20	0.014778	0.014545	0.014888	0.014455	0
XPAT_USD	2018-10-19	0.014545	0.014631	0.014714	0.014442	0
XPAT_USD	2018-10-18	0.014631	0.014266	0.015069	0.013898	0
XPAT_USD	2018-10-17	0.014266	0.014310	0.014518	0.014092	0
XPAT_USD	2018-10-16	0.014310	0.015621	0.015621	0.014108	0
XPAT_USD	2018-10-15	0.015621	0.014064	0.017351	0.013906	0
XPAT_USD	2018-10-14	0.014064	0.014088	0.014603	0.014017	0
XPAT_USD	2018-10-13	0.014088	0.013706	0.014227	0.013681	0
XPAT_USD	2018-10-12	0.013706	0.013170	0.014172	0.013145	0
XPAT_USD	2018-10-11	0.013170	0.015869	0.015869	0.013116	0
XPAT_USD	2018-10-10	0.015869	0.012683	0.016377	0.012435	0
XPAT_USD	2018-10-09	0.012683	0.012431	0.012714	0.012265	0
XPAT_USD	2018-10-08	0.012431	0.012895	0.013395	0.012420	0
XPAT_USD	2018-10-07	0.012895	0.012730	0.013592	0.011990	0
XPAT_USD	2018-10-06	0.012730	0.012918	0.012939	0.012622	0
XPAT_USD	2018-10-05	0.012918	0.012449	0.013071	0.012315	0
XPAT_USD	2018-10-04	0.012449	0.013121	0.013479	0.012093	0
XPAT_USD	2018-10-03	0.013121	0.013339	0.013698	0.012871	0
XPAT_USD	2018-10-02	0.013339	0.013655	0.013704	0.013256	0
XPAT_USD	2018-10-01	0.013655	0.013732	0.013865	0.013317	0
XPAT_USD	2018-09-30	0.013732	0.013345	0.013870	0.013175	0
XPAT_USD	2018-09-29	0.013345	0.012766	0.013642	0.012304	0
XPAT_USD	2018-09-28	0.012766	0.013184	0.013436	0.012367	0
XPAT_USD	2018-09-27	0.013184	0.012015	0.013378	0.011799	0
XPAT_USD	2018-09-26	0.012015	0.012344	0.012573	0.011717	0
XPAT_USD	2018-09-25	0.012344	0.012531	0.012531	0.011194	0
XPAT_USD	2018-09-24	0.012531	0.013455	0.013958	0.012276	0
XPAT_USD	2018-09-23	0.013455	0.012889	0.013682	0.012696	0
XPAT_USD	2018-09-22	0.012889	0.013150	0.013509	0.012482	0
XPAT_USD	2018-09-21	0.013150	0.011978	0.013335	0.011626	0
XPAT_USD	2018-09-20	0.011978	0.011121	0.012137	0.010825	0
XPAT_USD	2018-09-19	0.011121	0.011485	0.011743	0.010572	0
XPAT_USD	2018-09-18	0.011485	0.010718	0.011974	0.010596	0
XPAT_USD	2018-09-17	0.010718	0.012329	0.012881	0.010595	0
XPAT_USD	2018-09-16	0.012329	0.012475	0.012512	0.011480	0
XPAT_USD	2018-09-15	0.012475	0.011873	0.012855	0.011751	0
XPAT_USD	2018-09-14	0.011873	0.012215	0.012957	0.011686	0
XPAT_USD	2018-09-13	0.012215	0.010530	0.012458	0.010530	0
XPAT_USD	2018-09-12	0.010530	0.010656	0.010656	0.009655	0
XPAT_USD	2018-09-11	0.010656	0.011321	0.011444	0.010246	0
XPAT_USD	2018-09-10	0.011321	0.011345	0.011756	0.010846	0
XPAT_USD	2018-09-09	0.011345	0.011408	0.012085	0.010770	0
XPAT_USD	2018-09-08	0.011408	0.012601	0.012862	0.011121	0
XPAT_USD	2018-09-07	0.012601	0.013326	0.013582	0.012398	0
XPAT_USD	2018-09-06	0.013326	0.013452	0.013587	0.012408	0
XPAT_USD	2018-09-05	0.013452	0.016977	0.017110	0.013381	0
XPAT_USD	2018-09-04	0.016977	0.017212	0.017422	0.016811	0
XPAT_USD	2018-09-03	0.017212	0.017362	0.017486	0.016966	0
XPAT_USD	2018-09-02	0.017362	0.017596	0.017662	0.017083	0
XPAT_USD	2018-09-01	0.017596	0.016631	0.017828	0.016631	0
XPAT_USD	2018-08-31	0.016631	0.016913	0.016913	0.016323	0
XPAT_USD	2018-08-30	0.016913	0.016913	0.017046	0.015939	0
XPAT_USD	2018-08-29	0.016913	0.018031	0.018239	0.016634	0
XPAT_USD	2018-08-28	0.018031	0.017647	0.018313	0.017394	0
XPAT_USD	2018-08-27	0.017647	0.017832	0.018129	0.016594	0
XPAT_USD	2018-08-26	0.017832	0.016776	0.017972	0.016302	0
XPAT_USD	2018-08-25	0.016776	0.016877	0.016986	0.016604	0
XPAT_USD	2018-08-24	0.016877	0.016690	0.016980	0.015989	0
XPAT_USD	2018-08-23	0.016690	0.016329	0.016940	0.016233	0
XPAT_USD	2018-08-22	0.016329	0.017005	0.018098	0.015745	0
XPAT_USD	2018-08-21	0.017005	0.016486	0.017432	0.016381	0
XPAT_USD	2018-08-20	0.016486	0.018411	0.018677	0.016442	0
XPAT_USD	2018-08-19	0.018411	0.018083	0.018846	0.017763	0
XPAT_USD	2018-08-18	0.018083	0.019825	0.020062	0.017397	0
XPAT_USD	2018-08-17	0.019825	0.018363	0.019883	0.017814	0
XPAT_USD	2018-08-16	0.018363	0.016993	0.020304	0.016824	0
XPAT_USD	2018-08-15	0.016993	0.016828	0.018393	0.016762	0
XPAT_USD	2018-08-14	0.016828	0.017319	0.017319	0.015310	0
XPAT_USD	2018-08-13	0.017319	0.020203	0.020323	0.017129	0
XPAT_USD	2018-08-12	0.020203	0.020042	0.020777	0.019553	0
XPAT_USD	2018-08-11	0.020042	0.022072	0.024704	0.019337	0
XPAT_USD	2018-08-10	0.022072	0.025243	0.025409	0.021706	0
XPAT_USD	2018-08-09	0.025243	0.025249	0.027386	0.023155	0
XPAT_USD	2018-08-08	0.025249	0.022102	0.025326	0.020429	0
XPAT_USD	2018-08-07	0.022102	0.023700	0.024017	0.021580	0
XPAT_USD	2018-08-06	0.023700	0.023912	0.024152	0.023478	0
XPAT_USD	2018-08-05	0.023912	0.023383	0.024183	0.022995	0
XPAT_USD	2018-08-04	0.023383	0.024433	0.024511	0.022702	0
XPAT_USD	2018-08-03	0.024433	0.024859	0.025179	0.023599	0
XPAT_USD	2018-08-02	0.024859	0.025398	0.025659	0.024668	0
XPAT_USD	2018-08-01	0.025398	0.025725	0.026530	0.024493	0
XPAT_USD	2018-07-31	0.025725	0.030366	0.032579	0.025667	0
XPAT_USD	2018-07-30	0.030366	0.022631	0.031840	0.022284	0
XPAT_USD	2018-07-29	0.022631	0.022343	0.024393	0.021230	0
XPAT_USD	2018-07-28	0.022343	0.022103	0.022343	0.021863	0
XPAT_USD	2018-07-27	0.022103	0.023064	0.023064	0.021142	0
XPAT_USD	2018-07-26	0.023064	0.022179	0.023064	0.022179	0
XPAT_USD	2018-07-25	0.022179	0.023774	0.024007	0.022095	0
XPAT_USD	2018-07-24	0.023774	0.021115	0.025194	0.020588	0
XPAT_USD	2018-07-23	0.021115	0.021966	0.022176	0.020993	0
XPAT_USD	2018-07-22	0.036065	0.036065	0.036065	0.036065	0
XPAT_USD	2018-07-17	0.036065	0.036107	0.036139	0.035936	0
XPAT_USD	2018-07-16	0.036107	0.034018	0.036170	0.033939	0
XPAT_USD	2018-07-15	0.034018	0.033500	0.034241	0.033411	0
XPAT_USD	2018-07-14	0.033500	0.033339	0.033782	0.033124	0
XPAT_USD	2018-07-13	0.033339	0.033400	0.033923	0.032934	0
XPAT_USD	2018-07-12	0.033400	0.034185	0.034185	0.032596	0
XPAT_USD	2018-07-11	0.034185	0.033773	0.034275	0.033715	0
XPAT_USD	2018-07-10	0.033773	0.035698	0.035805	0.033661	0
XPAT_USD	2018-07-09	0.035698	0.035955	0.036425	0.035570	0
XPAT_USD	2018-07-08	0.035955	0.036243	0.036398	0.035814	0
XPAT_USD	2018-07-07	0.036243	0.035383	0.036588	0.034905	0
XPAT_USD	2018-07-06	0.035383	0.035056	0.035537	0.034587	0
XPAT_USD	2018-07-05	0.035056	0.035322	0.035898	0.034629	0
XPAT_USD	2018-07-04	0.035322	0.034840	0.035987	0.034400	0
XPAT_USD	2018-07-03	0.034840	0.035470	0.035749	0.000467	0
XPAT_USD	2018-07-02	0.035470	0.034031	0.035774	0.000000	0
XPAT_USD	2018-07-01	0.034034	0.034258	0.034474	0.033610	0
XPAT_USD	2018-06-30	0.034259	0.033248	0.034927	0.033248	0
XPAT_USD	2018-06-29	0.033276	0.031353	0.033624	0.031088	0
XPAT_USD	2018-06-28	0.031403	0.032876	0.033043	0.031249	0
XPAT_USD	2018-06-27	0.032873	0.032515	0.033121	0.032100	0
XPAT_USD	2018-06-26	0.032617	0.033503	0.033626	0.032443	0
XPAT_USD	2018-06-25	0.033482	0.032943	0.033849	0.032600	0
XPAT_USD	2018-06-24	0.032954	0.033017	0.033440	0.030948	0
XPAT_USD	2018-06-23	0.032974	0.032388	0.033494	0.032244	0
XPAT_USD	2018-06-22	0.032388	0.035986	0.036076	0.031820	0
XPAT_USD	2018-06-21	0.035984	0.036234	0.036373	0.035864	0
XPAT_USD	2018-06-20	0.036235	0.036086	0.036509	0.035165	0
XPAT_USD	2018-06-19	0.036127	0.035973	0.036597	0.035750	0
XPAT_USD	2018-06-18	0.035961	0.034535	0.036373	0.034240	0
XPAT_USD	2018-06-17	0.034507	0.034771	0.035215	0.034448	0
XPAT_USD	2018-06-16	0.034764	0.034223	0.035106	0.033929	0
XPAT_USD	2018-06-15	0.034207	0.035600	0.035600	0.034091	0
XPAT_USD	2018-06-14	0.035532	0.033741	0.035900	0.033621	0
XPAT_USD	2018-06-13	0.033722	0.035076	0.035406	0.032845	0
XPAT_USD	2018-06-12	0.035067	0.036825	0.036825	0.034524	0
XPAT_USD	2018-06-11	0.036843	0.036222	0.036968	0.035583	0
XPAT_USD	2018-06-10	0.036180	0.040192	0.040192	0.035598	0
XPAT_USD	2018-06-09	0.040181	0.040818	0.041191	0.040046	0
XPAT_USD	2018-06-08	0.040817	0.041196	0.041254	0.040436	0
XPAT_USD	2018-06-07	0.041213	0.041025	0.041572	0.040982	0
XPAT_USD	2018-06-06	0.041023	0.040887	0.041248	0.040175	0
XPAT_USD	2018-06-05	0.040852	0.040141	0.041120	0.039518	0
XPAT_USD	2018-06-04	0.040171	0.041406	0.041578	0.039974	0
XPAT_USD	2018-06-03	0.041369	0.040909	0.041678	0.040737	0
XPAT_USD	2018-06-02	0.040940	0.040345	0.041214	0.039955	0
XPAT_USD	2018-06-01	0.040313	0.040124	0.040735	0.039402	0
XPAT_USD	2018-05-31	0.040128	0.042831	0.044140	0.039766	0
XPAT_USD	2018-05-30	0.042850	0.039976	0.043575	0.039852	0
XPAT_USD	2018-05-29	0.039929	0.038043	0.040274	0.037745	0
XPAT_USD	2018-05-28	0.038019	0.039320	0.039788	0.037857	0
XPAT_USD	2018-05-27	0.039304	0.039247	0.039560	0.038675	0
XPAT_USD	2018-05-26	0.039238	0.040638	0.040776	0.039030	0
XPAT_USD	2018-05-25	0.040646	0.043790	0.044881	0.039196	0
XPAT_USD	2018-05-24	0.043771	0.035979	0.047906	0.035979	0
XPAT_USD	2018-05-23	0.035931	0.039287	0.039449	0.032583	0
XPAT_USD	2018-05-22	0.039301	0.040256	0.040527	0.036757	0
XPAT_USD	2018-05-21	0.040256	0.049945	0.051657	0.040234	0
XPAT_USD	2018-05-20	0.049945	0.042189	0.049955	0.040218	0
XPAT_USD	2018-05-19	0.042189	0.042266	0.043050	0.041776	0
XPAT_USD	2018-05-18	0.042266	0.044064	0.044541	0.041253	0
XPAT_USD	2018-05-17	0.044121	0.043745	0.045513	0.041561	0
XPAT_USD	2018-05-16	0.043708	0.047536	0.052986	0.041336	0
XPAT_USD	2018-05-15	0.047537	0.051088	0.051572	0.043595	0
XPAT_USD	2018-05-14	0.051092	0.040596	0.052442	0.038233	0
XPAT_USD	2018-05-13	0.040596	0.037840	0.043575	0.037185	0
XPAT_USD	2018-05-12	0.037754	0.036549	0.042840	0.036067	0
XPAT_USD	2018-05-11	0.036549	0.042884	0.043005	0.035689	0
XPAT_USD	2018-05-10	0.042884	0.046963	0.047255	0.042810	0
XPAT_USD	2018-05-09	0.046963	0.047300	0.048682	0.046042	0
XPAT_USD	2018-05-08	0.047300	0.051053	0.051204	0.000005	0
XPAT_USD	2018-05-07	0.048227	0.061238	0.061345	0.045412	0
XPAT_USD	2018-05-06	0.061238	0.069399	0.069399	0.059597	0
XPAT_USD	2018-05-05	0.068972	0.071449	0.071980	0.065116	0
XPAT_USD	2018-05-04	0.071449	0.071240	0.071994	0.069502	0
XPAT_USD	2018-05-03	0.071240	0.071943	0.077175	0.062373	0
XPAT_USD	2018-05-02	0.071943	0.062693	0.078299	0.060272	0
XPAT_USD	2018-05-01	0.062693	0.063452	0.063470	0.060749	0
XPAT_USD	2018-04-30	0.063452	0.063064	0.064236	0.061706	0
XPAT_USD	2018-04-29	0.063064	0.061222	0.063914	0.061215	0
XPAT_USD	2018-04-28	0.061222	0.060407	0.062127	0.060021	0
XPAT_USD	2018-04-27	0.060407	0.063627	0.064259	0.060145	0
XPAT_USD	2018-04-26	0.063633	0.062705	0.067374	0.059558	0
XPAT_USD	2018-04-25	0.062705	0.068520	0.072844	0.059118	0
XPAT_USD	2018-04-24	0.068679	0.064768	0.069140	0.064699	0
XPAT_USD	2018-04-23	0.064768	0.065646	0.066374	0.063962	0
XPAT_USD	2018-04-22	0.065646	0.072874	0.072919	0.065307	0
XPAT_USD	2018-04-21	0.072874	0.074115	0.074537	0.071065	0
XPAT_USD	2018-04-20	0.074115	0.066405	0.075085	0.065239	0
XPAT_USD	2018-04-19	0.066405	0.067497	0.070646	0.066405	0
XPAT_USD	2018-04-18	0.067497	0.065094	0.067930	0.064971	0
XPAT_USD	2018-04-17	0.065094	0.066463	0.067363	0.064535	0
XPAT_USD	2018-04-16	0.066463	0.071954	0.072365	0.065488	0
XPAT_USD	2018-04-15	0.071954	0.068164	0.072092	0.068147	0
XPAT_USD	2018-04-14	0.068164	0.066696	0.069336	0.066294	0
XPAT_USD	2018-04-13	0.066696	0.067015	0.069646	0.065089	0
XPAT_USD	2018-04-12	0.067015	0.058695	0.068631	0.056018	0
XPAT_USD	2018-04-11	0.058695	0.060499	0.061149	0.056800	0
XPAT_USD	2018-04-10	0.060499	0.063320	0.063482	0.059741	0
XPAT_USD	2018-04-09	0.063320	0.068217	0.069858	0.061864	0
XPAT_USD	2018-04-08	0.068217	0.068669	0.069403	0.066848	0
XPAT_USD	2018-04-07	0.068669	0.070177	0.074304	0.065682	0
XPAT_USD	2018-04-06	0.070177	0.060822	0.071016	0.058352	0
XPAT_USD	2018-04-05	0.060822	0.066508	0.066508	0.060396	0
XPAT_USD	2018-04-04	0.066508	0.089893	0.089893	0.065723	0
XPAT_USD	2018-04-03	0.089893	0.059243	0.100568	0.059243	0
XPAT_USD	2018-04-02	0.059243	0.062177	0.064309	0.058302	0
XPAT_USD	2018-04-01	0.062177	0.068940	0.070622	0.061794	0
XPAT_USD	2018-03-31	0.068940	0.069396	0.075636	0.064675	0
XPAT_USD	2018-03-30	0.069396	0.059787	0.071233	0.053615	0
XPAT_USD	2018-03-29	0.059787	0.064361	0.067191	0.054420	0
XPAT_USD	2018-03-28	0.064361	0.056122	0.064792	0.051607	0
XPAT_USD	2018-03-27	0.056122	0.076576	0.077260	0.050098	0
XPAT_USD	2018-03-26	0.076576	0.085170	0.085716	0.072469	0
XPAT_USD	2018-03-25	0.085170	0.076769	0.091789	0.074661	0
XPAT_USD	2018-03-24	0.076769	0.071041	0.078495	0.065620	0
XPAT_USD	2018-03-23	0.071041	0.071522	0.071522	0.065525	0
XPAT_USD	2018-03-22	0.071522	0.077029	0.077508	0.069018	0
XPAT_USD	2018-03-21	0.077029	0.076194	0.080430	0.071893	0
XPAT_USD	2018-03-20	0.076194	0.070433	0.079213	0.068051	0
XPAT_USD	2018-03-19	0.070433	0.071200	0.080463	0.069172	0
XPAT_USD	2018-03-18	0.071200	0.075397	0.075397	0.065343	0
XPAT_USD	2018-03-17	0.075397	0.080514	0.081726	0.073800	0
XPAT_USD	2018-03-16	0.080514	0.081222	0.084233	0.077774	0
XPAT_USD	2018-03-15	0.081222	0.082624	0.084797	0.077366	0
XPAT_USD	2018-03-14	0.082624	0.087924	0.096648	0.079550	0
XPAT_USD	2018-03-13	0.087924	0.087962	0.092888	0.085464	0
XPAT_USD	2018-03-12	0.087962	0.101712	0.103607	0.086078	0
XPAT_USD	2018-03-11	0.101712	0.086070	0.103894	0.083031	0
XPAT_USD	2018-03-10	0.086070	0.080030	0.094177	0.080000	0
XPAT_USD	2018-03-09	0.080030	0.086340	0.087462	0.075093	0
XPAT_USD	2018-03-08	0.086340	0.093874	0.095062	0.083077	0
XPAT_USD	2018-03-07	0.093874	0.106745	0.111650	0.090408	0
XPAT_USD	2018-03-06	0.106745	0.102585	0.124614	0.093767	0
XPAT_USD	2018-03-05	0.102585	0.100921	0.103106	0.090615	0
XPAT_USD	2018-03-04	0.100921	0.118696	0.118799	0.096297	0
XPAT_USD	2018-03-03	0.118696	0.114872	0.120556	0.113344	0
XPAT_USD	2018-03-02	0.114872	0.115712	0.118889	0.107197	0
