XPX_USD	2019-04-09	0.0037	0.0038	0.0038	0.0035	0
XPX_USD	2019-04-08	0.0038	0.0037	0.0040	0.0036	0
XPX_USD	2019-04-07	0.0037	0.0033	0.0038	0.0031	0
XPX_USD	2019-04-06	0.0033	0.0034	0.0038	0.0031	0
XPX_USD	2019-04-05	0.0034	0.0036	0.0040	0.0031	0
XPX_USD	2019-04-04	0.0036	0.0037	0.0040	0.0029	0
XPX_USD	2019-04-03	0.0037	0.0038	0.0042	0.0034	0
XPX_USD	2019-04-02	0.0038	0.0035	0.0042	0.0034	0
XPX_USD	2019-04-01	0.0035	0.0036	0.0037	0.0033	0
XPX_USD	2019-03-31	0.0036	0.0030	0.0041	0.0029	0
XPX_USD	2019-03-30	0.0030	0.0028	0.0030	0.0026	0
XPX_USD	2019-03-29	0.0028	0.0027	0.0031	0.0026	0
XPX_USD	2019-03-28	0.0027	0.0028	0.0028	0.0024	0
XPX_USD	2019-03-27	0.0028	0.0027	0.0029	0.0026	0
XPX_USD	2019-03-26	0.0027	0.0024	0.0028	0.0023	0
XPX_USD	2019-03-25	0.0024	0.0024	0.0025	0.0023	0
XPX_USD	2019-03-24	0.0024	0.0025	0.0026	0.0024	0
XPX_USD	2019-03-23	0.0025	0.0026	0.0026	0.0024	0
XPX_USD	2019-03-22	0.0026	0.0026	0.0026	0.0024	0
XPX_USD	2019-03-21	0.0026	0.0026	0.0027	0.0025	0
XPX_USD	2019-03-20	0.0026	0.0026	0.0026	0.0025	0
XPX_USD	2019-03-19	0.0026	0.0025	0.0026	0.0024	0
XPX_USD	2019-03-18	0.0025	0.0026	0.0027	0.0023	0
XPX_USD	2019-03-17	0.0026	0.0026	0.0027	0.0024	0
XPX_USD	2019-03-16	0.0026	0.0026	0.0028	0.0024	0
XPX_USD	2019-03-15	0.0026	0.0024	0.0027	0.0023	0
XPX_USD	2019-03-14	0.0024	0.0024	0.0026	0.0023	0
XPX_USD	2019-03-13	0.0024	0.0024	0.0026	0.0023	0
XPX_USD	2019-03-12	0.0024	0.0027	0.0029	0.0022	0
XPX_USD	2019-03-11	0.0028	0.0029	0.0030	0.0025	0
XPX_USD	2019-03-10	0.0029	0.0025	0.0030	0.0025	0
XPX_USD	2019-03-09	0.0025	0.0025	0.0027	0.0023	0
XPX_USD	2019-03-08	0.0025	0.0026	0.0028	0.0023	0
XPX_USD	2019-03-07	0.0026	0.0028	0.0029	0.0022	0
XPX_USD	2019-03-06	0.0028	0.0030	0.0031	0.0027	0
XPX_USD	2019-03-05	0.0030	0.0029	0.0031	0.0028	0
XPX_USD	2019-03-04	0.0029	0.0029	0.0030	0.0027	0
XPX_USD	2019-03-03	0.0029	0.0030	0.0032	0.0028	0
XPX_USD	2019-03-02	0.0030	0.0030	0.0033	0.0030	0
XPX_USD	2019-03-01	0.0030	0.0030	0.0033	0.0030	0
XPX_USD	2019-02-28	0.0030	0.0030	0.0034	0.0027	0
XPX_USD	2019-02-27	0.0030	0.0031	0.0034	0.0026	0
XPX_USD	2019-02-26	0.0031	0.0029	0.0036	0.0026	0
XPX_USD	2019-02-25	0.0029	0.0027	0.0030	0.0026	0
XPX_USD	2019-02-24	0.0027	0.0034	0.0035	0.0026	0
XPX_USD	2019-02-23	0.0034	0.0031	0.0035	0.0030	0
XPX_USD	2019-02-22	0.0031	0.0030	0.0032	0.0028	0
XPX_USD	2019-02-21	0.0030	0.0031	0.0031	0.0027	0
XPX_USD	2019-02-20	0.0031	0.0030	0.0031	0.0027	0
XPX_USD	2019-02-19	0.0030	0.0029	0.0031	0.0024	0
XPX_USD	2019-02-18	0.0029	0.0031	0.0032	0.0026	0
XPX_USD	2019-02-17	0.0031	0.0029	0.0031	0.0026	0
XPX_USD	2019-02-16	0.0029	0.0029	0.0030	0.0026	0
XPX_USD	2019-02-15	0.0029	0.0031	0.0034	0.0026	0
XPX_USD	2019-02-14	0.0031	0.0033	0.0034	0.0029	0
XPX_USD	2019-02-13	0.0033	0.0030	0.0034	0.0030	0
XPX_USD	2019-02-12	0.0030	0.0032	0.0032	0.0029	0
XPX_USD	2019-02-11	0.0032	0.0032	0.0032	0.0028	0
XPX_USD	2019-02-10	0.0032	0.0032	0.0032	0.0028	0
XPX_USD	2019-02-09	0.0032	0.0032	0.0032	0.0028	0
XPX_USD	2019-02-08	0.0032	0.0029	0.0032	0.0027	0
XPX_USD	2019-02-07	0.0029	0.0029	0.0030	0.0027	0
XPX_USD	2019-02-06	0.0029	0.0029	0.0030	0.0025	0
XPX_USD	2019-02-05	0.0029	0.0031	0.0031	0.0026	0
XPX_USD	2019-02-04	0.0031	0.0031	0.0031	0.0027	0
XPX_USD	2019-02-03	0.0031	0.0030	0.0032	0.0027	0
XPX_USD	2019-02-02	0.0030	0.0029	0.0031	0.0026	0
XPX_USD	2019-02-01	0.0029	0.0031	0.0031	0.0025	0
XPX_USD	2019-01-31	0.0031	0.0031	0.0032	0.0023	0
XPX_USD	2019-01-30	0.0031	0.0032	0.0034	0.0027	0
XPX_USD	2019-01-29	0.0032	0.0030	0.0033	0.0024	0
XPX_USD	2019-01-28	0.0030	0.0032	0.0034	0.0027	0
XPX_USD	2019-01-27	0.0032	0.0033	0.0033	0.0030	0
XPX_USD	2019-01-26	0.0033	0.0033	0.0034	0.0030	0
XPX_USD	2019-01-25	0.0033	0.0034	0.0035	0.0030	0
XPX_USD	2019-01-24	0.0034	0.0034	0.0036	0.0030	0
XPX_USD	2019-01-23	0.0034	0.0033	0.0039	0.0031	0
XPX_USD	2019-01-22	0.0033	0.0033	0.0034	0.0030	0
XPX_USD	2019-01-21	0.0033	0.0033	0.0033	0.0030	0
XPX_USD	2019-01-20	0.0033	0.0035	0.0035	0.0030	0
XPX_USD	2019-01-19	0.0035	0.0033	0.0036	0.0031	0
XPX_USD	2019-01-18	0.0033	0.0037	0.0037	0.0031	0
XPX_USD	2019-01-17	0.0037	0.0038	0.0038	0.0034	0
XPX_USD	2019-01-16	0.0038	0.0038	0.0040	0.0033	0
XPX_USD	2019-01-15	0.0038	0.0041	0.0042	0.0035	0
XPX_USD	2019-01-14	0.0041	0.0037	0.0042	0.0035	0
XPX_USD	2019-01-13	0.0037	0.0037	0.0041	0.0035	0
XPX_USD	2019-01-12	0.0037	0.0040	0.0041	0.0037	0
XPX_USD	2019-01-11	0.0040	0.0040	0.0041	0.0037	0
