XSN_USD	2019-04-09	0.13080	0.13307	0.13382	0.12890	0
XSN_USD	2019-04-08	0.13323	0.13131	0.13488	0.12217	0
XSN_USD	2019-04-07	0.13148	0.12522	0.13235	0.12184	0
XSN_USD	2019-04-06	0.12495	0.12855	0.13626	0.12183	0
XSN_USD	2019-04-05	0.12858	0.13036	0.14326	0.12584	0
XSN_USD	2019-04-04	0.13008	0.13260	0.14038	0.12337	0
XSN_USD	2019-04-03	0.13263	0.13555	0.14622	0.12924	0
XSN_USD	2019-04-02	0.13577	0.12295	0.14923	0.12269	0
XSN_USD	2019-04-01	0.12305	0.11915	0.12324	0.11790	0
XSN_USD	2019-03-31	0.11948	0.12716	0.12894	0.11723	0
XSN_USD	2019-03-30	0.12716	0.12696	0.13035	0.12427	0
XSN_USD	2019-03-29	0.12704	0.12550	0.12996	0.12243	0
XSN_USD	2019-03-28	0.12550	0.12047	0.12921	0.11977	0
XSN_USD	2019-03-27	0.12049	0.11035	0.12066	0.10839	0
XSN_USD	2019-03-26	0.11025	0.11088	0.11804	0.10591	0
XSN_USD	2019-03-25	0.11078	0.11480	0.12398	0.10655	0
XSN_USD	2019-03-24	0.11476	0.11771	0.12068	0.10277	0
XSN_USD	2019-03-23	0.11765	0.12313	0.13049	0.11700	0
XSN_USD	2019-03-22	0.12325	0.13635	0.14196	0.12102	0
XSN_USD	2019-03-21	0.13635	0.15128	0.15128	0.13263	0
XSN_USD	2019-03-20	0.15037	0.15734	0.15972	0.14828	0
XSN_USD	2019-03-19	0.15743	0.16128	0.16129	0.14636	0
XSN_USD	2019-03-18	0.16130	0.14801	0.16152	0.14592	0
XSN_USD	2019-03-17	0.14801	0.14739	0.15802	0.14571	0
XSN_USD	2019-03-16	0.14746	0.14361	0.15053	0.14245	0
XSN_USD	2019-03-15	0.14259	0.13742	0.14604	0.13454	0
XSN_USD	2019-03-14	0.13732	0.11730	0.13765	0.11454	0
XSN_USD	2019-03-13	0.11759	0.11633	0.12509	0.11473	0
XSN_USD	2019-03-12	0.11633	0.14820	0.15338	0.11386	0
XSN_USD	2019-03-11	0.14825	0.11313	0.15339	0.11287	0
XSN_USD	2019-03-10	0.11322	0.11188	0.11466	0.11006	0
XSN_USD	2019-03-09	0.11183	0.11605	0.11841	0.09564	0
XSN_USD	2019-03-08	0.11601	0.11247	0.11887	0.10785	0
XSN_USD	2019-03-07	0.11214	0.10870	0.11540	0.10489	0
XSN_USD	2019-03-06	0.10866	0.09729	0.10976	0.09415	0
XSN_USD	2019-03-05	0.09713	0.08788	0.09723	0.08612	0
XSN_USD	2019-03-04	0.08784	0.08372	0.08990	0.08222	0
XSN_USD	2019-03-03	0.08371	0.08491	0.08776	0.08345	0
XSN_USD	2019-03-02	0.08491	0.08641	0.08826	0.08461	0
XSN_USD	2019-03-01	0.08645	0.08464	0.08834	0.08458	0
XSN_USD	2019-02-28	0.08465	0.09043	0.09064	0.08332	0
XSN_USD	2019-02-27	0.09036	0.09596	0.09894	0.08208	0
XSN_USD	2019-02-26	0.09602	0.09650	0.10516	0.09257	0
XSN_USD	2019-02-25	0.09652	0.08303	0.09779	0.07992	0
XSN_USD	2019-02-24	0.08273	0.08818	0.10957	0.07956	0
XSN_USD	2019-02-23	0.08827	0.08273	0.08970	0.08257	0
XSN_USD	2019-02-22	0.08286	0.08523	0.09052	0.08256	0
XSN_USD	2019-02-21	0.08531	0.08817	0.09377	0.08477	0
XSN_USD	2019-02-20	0.08927	0.08905	0.09501	0.08465	0
XSN_USD	2019-02-19	0.08915	0.08679	0.09216	0.08017	0
XSN_USD	2019-02-18	0.08672	0.08224	0.08804	0.08058	0
XSN_USD	2019-02-17	0.08226	0.08048	0.08844	0.07795	0
XSN_USD	2019-02-16	0.08048	0.07964	0.08353	0.07686	0
XSN_USD	2019-02-15	0.07955	0.08129	0.08422	0.07907	0
XSN_USD	2019-02-14	0.08140	0.08293	0.08688	0.07763	0
XSN_USD	2019-02-13	0.08288	0.07985	0.08360	0.07955	0
XSN_USD	2019-02-12	0.07990	0.07880	0.08277	0.07685	0
XSN_USD	2019-02-11	0.07870	0.07864	0.08260	0.07678	0
XSN_USD	2019-02-10	0.07856	0.07559	0.07859	0.07230	0
XSN_USD	2019-02-09	0.07561	0.08059	0.08383	0.07362	0
XSN_USD	2019-02-08	0.08061	0.07575	0.08298	0.07208	0
XSN_USD	2019-02-07	0.07573	0.07631	0.07951	0.07167	0
XSN_USD	2019-02-06	0.07634	0.07296	0.07641	0.07025	0
XSN_USD	2019-02-05	0.07295	0.07520	0.08128	0.07227	0
XSN_USD	2019-02-04	0.07525	0.07734	0.08269	0.07153	0
XSN_USD	2019-02-03	0.07734	0.07248	0.07857	0.07039	0
XSN_USD	2019-02-02	0.07236	0.07188	0.07386	0.06987	0
XSN_USD	2019-02-01	0.07196	0.07049	0.07294	0.06960	0
XSN_USD	2019-01-31	0.07042	0.07178	0.07629	0.06614	0
XSN_USD	2019-01-30	0.07174	0.06940	0.07564	0.06921	0
XSN_USD	2019-01-29	0.06940	0.06993	0.07107	0.06570	0
XSN_USD	2019-01-28	0.07099	0.08000	0.08025	0.06774	0
XSN_USD	2019-01-27	0.08004	0.07968	0.08106	0.07600	0
XSN_USD	2019-01-26	0.07972	0.07815	0.08329	0.07813	0
XSN_USD	2019-01-25	0.07819	0.07874	0.08084	0.07743	0
XSN_USD	2019-01-24	0.07872	0.07879	0.08182	0.07683	0
XSN_USD	2019-01-23	0.07877	0.08290	0.08588	0.07719	0
XSN_USD	2019-01-22	0.08290	0.07824	0.08434	0.07593	0
XSN_USD	2019-01-21	0.07832	0.08270	0.08288	0.07738	0
XSN_USD	2019-01-20	0.08257	0.08939	0.09027	0.07648	0
XSN_USD	2019-01-19	0.08943	0.08164	0.09238	0.08152	0
XSN_USD	2019-01-18	0.08164	0.08809	0.08818	0.07893	0
XSN_USD	2019-01-17	0.08801	0.08855	0.09415	0.08496	0
XSN_USD	2019-01-16	0.08843	0.08570	0.09139	0.07692	0
XSN_USD	2019-01-15	0.08567	0.08745	0.09035	0.08560	0
XSN_USD	2019-01-14	0.08748	0.08591	0.08889	0.08281	0
XSN_USD	2019-01-13	0.08592	0.09010	0.09128	0.08547	0
XSN_USD	2019-01-12	0.09013	0.09338	0.09376	0.08981	0
XSN_USD	2019-01-11	0.09335	0.09423	0.09525	0.08707	0
XSN_USD	2019-01-10	0.09423	0.10337	0.10508	0.09096	0
XSN_USD	2019-01-09	0.10333	0.10052	0.10403	0.09992	0
XSN_USD	2019-01-08	0.10002	0.10258	0.10390	0.10002	0
XSN_USD	2019-01-07	0.10258	0.10514	0.10915	0.09917	0
XSN_USD	2019-01-06	0.10523	0.10185	0.20266	0.09902	0
XSN_USD	2019-01-05	0.10186	0.10437	0.10594	0.09747	0
XSN_USD	2019-01-04	0.10435	0.10632	0.10654	0.09884	0
XSN_USD	2019-01-03	0.10629	0.10813	0.11151	0.10369	0
XSN_USD	2019-01-02	0.10810	0.10509	0.10916	0.10302	0
XSN_USD	2019-01-01	0.10489	0.10425	0.11065	0.10192	0
XSN_USD	2018-12-31	0.10423	0.10587	0.10833	0.09751	0
XSN_USD	2018-12-30	0.10574	0.10386	0.10847	0.10276	0
XSN_USD	2018-12-29	0.10374	0.10395	0.10933	0.09930	0
XSN_USD	2018-12-28	0.10399	0.10287	0.10965	0.09431	0
XSN_USD	2018-12-27	0.10284	0.11220	0.11732	0.09269	0
XSN_USD	2018-12-26	0.11208	0.11586	0.11791	0.10958	0
XSN_USD	2018-12-25	0.11585	0.12122	0.12154	0.11178	0
XSN_USD	2018-12-24	0.12135	0.12033	0.13347	0.12023	0
XSN_USD	2018-12-23	0.12030	0.11866	0.12235	0.11699	0
XSN_USD	2018-12-22	0.11835	0.11746	0.12109	0.11408	0
XSN_USD	2018-12-21	0.11741	0.12582	0.14041	0.11506	0
XSN_USD	2018-12-20	0.12580	0.10824	0.13356	0.10817	0
XSN_USD	2018-12-19	0.10840	0.09568	0.12867	0.09459	0
XSN_USD	2018-12-18	0.09562	0.09017	0.09593	0.08663	0
XSN_USD	2018-12-17	0.09011	0.07683	0.09408	0.07669	0
XSN_USD	2018-12-16	0.07677	0.07222	0.07696	0.07221	0
XSN_USD	2018-12-15	0.07230	0.07398	0.07411	0.06952	0
XSN_USD	2018-12-14	0.07399	0.07883	0.07963	0.06913	0
XSN_USD	2018-12-13	0.07879	0.08429	0.08446	0.07276	0
XSN_USD	2018-12-12	0.08429	0.08275	0.08838	0.08036	0
XSN_USD	2018-12-11	0.08304	0.08650	0.08672	0.08169	0
XSN_USD	2018-12-10	0.08629	0.09291	0.09371	0.08475	0
XSN_USD	2018-12-09	0.09304	0.09253	0.09741	0.09099	0
XSN_USD	2018-12-08	0.09245	0.09165	0.09579	0.08720	0
XSN_USD	2018-12-07	0.09110	0.09046	0.09538	0.08442	0
XSN_USD	2018-12-06	0.09066	0.09562	0.10220	0.09004	0
XSN_USD	2018-12-05	0.09554	0.10932	0.10949	0.09490	0
XSN_USD	2018-12-04	0.10945	0.10635	0.11266	0.10397	0
XSN_USD	2018-12-03	0.10647	0.11355	0.11397	0.10413	0
XSN_USD	2018-12-02	0.11323	0.11691	0.12013	0.11118	0
XSN_USD	2018-12-01	0.11696	0.11329	0.12355	0.11249	0
XSN_USD	2018-11-30	0.11329	0.11428	0.11752	0.10809	0
XSN_USD	2018-11-29	0.11396	0.11067	0.11884	0.11016	0
XSN_USD	2018-11-28	0.11062	0.10232	0.11567	0.10190	0
XSN_USD	2018-11-27	0.10232	0.10342	0.10494	0.09840	0
XSN_USD	2018-11-26	0.10344	0.10992	0.11336	0.09963	0
XSN_USD	2018-11-25	0.11019	0.10493	0.11519	0.09550	0
XSN_USD	2018-11-24	0.10493	0.11305	0.12495	0.10314	0
XSN_USD	2018-11-23	0.11293	0.11302	0.11553	0.10463	0
XSN_USD	2018-11-22	0.11373	0.11251	0.12482	0.11097	0
XSN_USD	2018-11-21	0.11251	0.10525	0.11333	0.10050	0
XSN_USD	2018-11-20	0.10510	0.10992	0.11570	0.09707	0
XSN_USD	2018-11-19	0.11004	0.12703	0.13160	0.10856	0
XSN_USD	2018-11-18	0.12691	0.13065	0.13236	0.12207	0
XSN_USD	2018-11-17	0.13026	0.12846	0.13996	0.12621	0
XSN_USD	2018-11-16	0.12869	0.13332	0.14040	0.12203	0
XSN_USD	2018-11-15	0.13318	0.14764	0.15090	0.12273	0
XSN_USD	2018-11-14	0.14682	0.18508	0.18910	0.13806	0
XSN_USD	2018-11-13	0.18524	0.18435	0.18773	0.18301	0
XSN_USD	2018-11-12	0.18441	0.18426	0.18868	0.18133	0
XSN_USD	2018-11-11	0.18456	0.18380	0.18456	0.18195	0
XSN_USD	2018-11-10	0.18383	0.18429	0.18634	0.18376	0
XSN_USD	2018-11-09	0.18496	0.18603	0.18973	0.18302	0
XSN_USD	2018-11-08	0.18596	0.19170	0.19405	0.18504	0
XSN_USD	2018-11-07	0.19103	0.18946	0.19585	0.18906	0
XSN_USD	2018-11-06	0.18897	0.19097	0.19252	0.18706	0
XSN_USD	2018-11-05	0.19165	0.19368	0.19580	0.18560	0
XSN_USD	2018-11-04	0.19326	0.18585	0.19406	0.18313	0
XSN_USD	2018-11-03	0.18585	0.19117	0.19161	0.18276	0
XSN_USD	2018-11-02	0.19130	0.18854	0.19483	0.18577	0
XSN_USD	2018-11-01	0.18822	0.18924	0.19242	0.18462	0
XSN_USD	2018-10-31	0.18936	0.18832	0.19361	0.18578	0
XSN_USD	2018-10-30	0.18810	0.18807	0.19458	0.17320	0
XSN_USD	2018-10-29	0.18692	0.20356	0.20565	0.18554	0
XSN_USD	2018-10-28	0.20369	0.19630	0.21271	0.19423	0
XSN_USD	2018-10-27	0.19845	0.20003	0.20124	0.18318	0
XSN_USD	2018-10-26	0.20003	0.19875	0.20186	0.19311	0
XSN_USD	2018-10-25	0.19858	0.20396	0.20842	0.18902	0
XSN_USD	2018-10-24	0.20436	0.19306	0.21523	0.19116	0
XSN_USD	2018-10-23	0.19300	0.17656	0.19602	0.17656	0
XSN_USD	2018-10-22	0.17699	0.17835	0.18306	0.16700	0
XSN_USD	2018-10-21	0.17831	0.19470	0.19749	0.17379	0
XSN_USD	2018-10-20	0.19454	0.18682	0.21198	0.17702	0
XSN_USD	2018-10-19	0.18681	0.16768	0.24745	0.15439	0
XSN_USD	2018-10-18	0.16775	0.14883	0.16775	0.14073	0
XSN_USD	2018-10-17	0.14904	0.13366	0.15163	0.12935	0
XSN_USD	2018-10-16	0.13131	0.13164	0.13646	0.12759	0
XSN_USD	2018-10-15	0.13336	0.12198	0.14475	0.12124	0
XSN_USD	2018-10-14	0.12195	0.12330	0.12559	0.12169	0
XSN_USD	2018-10-13	0.12330	0.12102	0.13064	0.12087	0
XSN_USD	2018-10-12	0.12109	0.11976	0.12669	0.11895	0
XSN_USD	2018-10-11	0.11966	0.13207	0.13249	0.11879	0
XSN_USD	2018-10-10	0.13227	0.12616	0.13589	0.12304	0
XSN_USD	2018-10-09	0.12616	0.12559	0.12935	0.12142	0
XSN_USD	2018-10-08	0.12559	0.12545	0.12836	0.12352	0
XSN_USD	2018-10-07	0.12539	0.13342	0.13442	0.12170	0
XSN_USD	2018-10-06	0.13342	0.13177	0.13502	0.12875	0
XSN_USD	2018-10-05	0.13177	0.13446	0.13575	0.13029	0
XSN_USD	2018-10-04	0.13440	0.13131	0.13639	0.13116	0
XSN_USD	2018-10-03	0.13123	0.16388	0.16388	0.12951	0
XSN_USD	2018-10-02	0.16418	0.12519	0.16750	0.11988	0
XSN_USD	2018-10-01	0.12314	0.11540	0.12778	0.11178	0
XSN_USD	2018-09-30	0.11547	0.12915	0.12919	0.11258	0
XSN_USD	2018-09-29	0.12919	0.13333	0.13333	0.12484	0
XSN_USD	2018-09-28	0.13333	0.13801	0.14246	0.13019	0
XSN_USD	2018-09-27	0.13779	0.13639	0.14398	0.13079	0
XSN_USD	2018-09-26	0.13632	0.13406	0.13974	0.13222	0
XSN_USD	2018-09-25	0.13387	0.13568	0.13568	0.13089	0
XSN_USD	2018-09-24	0.13568	0.13491	0.13944	0.13218	0
XSN_USD	2018-09-23	0.13489	0.13681	0.14078	0.12834	0
XSN_USD	2018-09-22	0.13684	0.13522	0.14102	0.13042	0
XSN_USD	2018-09-21	0.13541	0.13423	0.14207	0.12769	0
XSN_USD	2018-09-20	0.13423	0.13068	0.13546	0.12311	0
XSN_USD	2018-09-19	0.13065	0.13136	0.14004	0.12613	0
XSN_USD	2018-09-18	0.13133	0.12819	0.13243	0.12375	0
XSN_USD	2018-09-17	0.12819	0.13312	0.14269	0.12484	0
XSN_USD	2018-09-16	0.13312	0.13821	0.14089	0.11921	0
XSN_USD	2018-09-15	0.13832	0.15222	0.15386	0.13149	0
XSN_USD	2018-09-14	0.15239	0.15399	0.15817	0.14184	0
XSN_USD	2018-09-13	0.15399	0.13732	0.16348	0.13657	0
XSN_USD	2018-09-12	0.13719	0.15818	0.16033	0.12657	0
XSN_USD	2018-09-11	0.15813	0.16600	0.16688	0.15110	0
XSN_USD	2018-09-10	0.16600	0.16695	0.17349	0.15723	0
XSN_USD	2018-09-09	0.16682	0.16928	0.17265	0.16403	0
XSN_USD	2018-09-08	0.16928	0.17429	0.18278	0.16781	0
XSN_USD	2018-09-07	0.17429	0.17502	0.18107	0.17040	0
XSN_USD	2018-09-06	0.17496	0.18154	0.18199	0.16954	0
XSN_USD	2018-09-05	0.18154	0.20167	0.20252	0.18144	0
XSN_USD	2018-09-04	0.20164	0.20845	0.21007	0.19246	0
XSN_USD	2018-09-03	0.20861	0.21984	0.22078	0.20377	0
XSN_USD	2018-09-02	0.21984	0.22546	0.23183	0.21943	0
XSN_USD	2018-09-01	0.22560	0.21231	0.24168	0.21202	0
XSN_USD	2018-08-31	0.21231	0.21143	0.23464	0.20844	0
XSN_USD	2018-08-30	0.21168	0.19709	0.21387	0.19694	0
XSN_USD	2018-08-29	0.19734	0.21162	0.21285	0.19638	0
XSN_USD	2018-08-28	0.21150	0.19895	0.21233	0.19082	0
XSN_USD	2018-08-27	0.19874	0.19283	0.20448	0.18413	0
XSN_USD	2018-08-26	0.19310	0.21088	0.21225	0.19185	0
XSN_USD	2018-08-25	0.21110	0.20895	0.21247	0.20421	0
XSN_USD	2018-08-24	0.20889	0.20838	0.21155	0.19666	0
XSN_USD	2018-08-23	0.20825	0.22586	0.22651	0.20473	0
XSN_USD	2018-08-22	0.22563	0.22680	0.25670	0.22167	0
XSN_USD	2018-08-21	0.22673	0.21692	0.22738	0.21685	0
XSN_USD	2018-08-20	0.21702	0.22578	0.22874	0.21616	0
XSN_USD	2018-08-19	0.22585	0.24079	0.24253	0.21658	0
XSN_USD	2018-08-18	0.24077	0.26189	0.27674	0.23982	0
XSN_USD	2018-08-17	0.26210	0.23104	0.26210	0.21234	0
XSN_USD	2018-08-16	0.23113	0.26924	0.26924	0.18111	0
XSN_USD	2018-08-15	0.26955	0.17294	0.27001	0.04309	0
XSN_USD	2018-08-14	0.17287	0.17449	0.17449	0.16449	0
XSN_USD	2018-08-13	0.17471	0.17647	0.18266	0.17214	0
XSN_USD	2018-08-12	0.17644	0.17408	0.18024	0.17255	0
XSN_USD	2018-08-11	0.17392	0.17176	0.18046	0.16795	0
XSN_USD	2018-08-10	0.17169	0.18290	0.18370	0.16817	0
XSN_USD	2018-08-09	0.18245	0.17544	0.18504	0.17297	0
XSN_USD	2018-08-08	0.17544	0.18762	0.18762	0.17138	0
XSN_USD	2018-08-07	0.18773	0.21485	0.21804	0.18672	0
XSN_USD	2018-08-06	0.21466	0.21672	0.25361	0.20774	0
XSN_USD	2018-08-05	0.21688	0.19655	0.24748	0.17382	0
XSN_USD	2018-08-04	0.19624	0.22598	0.22770	0.16569	0
XSN_USD	2018-08-03	0.22683	0.24561	0.26610	0.21045	0
XSN_USD	2018-08-02	0.24588	0.28734	0.30590	0.22869	0
XSN_USD	2018-08-01	0.28746	0.29479	0.31520	0.27935	0
XSN_USD	2018-07-31	0.29485	0.32308	0.32784	0.28510	0
XSN_USD	2018-07-30	0.32289	0.31502	0.33147	0.29900	0
XSN_USD	2018-07-29	0.31502	0.31499	0.32501	0.30961	0
XSN_USD	2018-07-28	0.31499	0.33226	0.35453	0.31243	0
XSN_USD	2018-07-27	0.33226	0.30773	0.33226	0.30423	0
XSN_USD	2018-07-26	0.30773	0.30101	0.31317	0.29743	0
XSN_USD	2018-07-25	0.30074	0.30628	0.31147	0.28808	0
XSN_USD	2018-07-24	0.30762	0.29660	0.33253	0.28174	0
XSN_USD	2018-07-23	0.29628	0.33142	0.33536	0.29076	0
XSN_USD	2018-07-22	0.33166	0.33078	0.35368	0.32831	0
XSN_USD	2018-07-21	0.33082	0.33278	0.34952	0.30350	0
XSN_USD	2018-07-20	0.33274	0.36385	0.38369	0.31045	0
XSN_USD	2018-07-19	0.36374	0.37906	0.39299	0.33649	0
XSN_USD	2018-07-18	0.37869	0.39978	0.41262	0.35672	0
XSN_USD	2018-07-17	0.39982	0.39513	0.41546	0.36684	0
XSN_USD	2018-07-16	0.39657	0.35506	0.41004	0.33561	0
XSN_USD	2018-07-15	0.35503	0.35022	0.37041	0.34133	0
XSN_USD	2018-07-14	0.35022	0.35113	0.37454	0.34894	0
XSN_USD	2018-07-13	0.35115	0.38418	0.39326	0.34426	0
XSN_USD	2018-07-12	0.38360	0.40858	0.40858	0.36748	0
XSN_USD	2018-07-11	0.40885	0.38672	0.43175	0.36923	0
XSN_USD	2018-07-10	0.38653	0.44754	0.44766	0.38503	0
XSN_USD	2018-07-09	0.44769	0.42327	0.46264	0.42210	0
XSN_USD	2018-07-08	0.42347	0.46967	0.49862	0.42238	0
XSN_USD	2018-07-07	0.46960	0.45654	0.47176	0.45077	0
XSN_USD	2018-07-06	0.45648	0.45458	0.46777	0.44873	0
XSN_USD	2018-07-05	0.45527	0.46390	0.48084	0.44197	0
XSN_USD	2018-07-04	0.46390	0.41690	0.47161	0.39290	0
XSN_USD	2018-07-03	0.41613	0.46263	0.46728	0.00563	0
XSN_USD	2018-07-02	0.46263	0.48983	0.49095	0.00001	0
XSN_USD	2018-07-01	0.48988	0.51320	0.51660	0.48396	0
XSN_USD	2018-06-30	0.51321	0.48734	0.54240	0.48694	0
XSN_USD	2018-06-29	0.48734	0.47982	0.48973	0.45385	0
XSN_USD	2018-06-28	0.48059	0.50285	0.51704	0.47823	0
XSN_USD	2018-06-27	0.50760	0.51298	0.52088	0.44065	0
XSN_USD	2018-06-26	0.51467	0.57653	0.57784	0.50556	0
XSN_USD	2018-06-25	0.57628	0.54943	0.58469	0.52715	0
XSN_USD	2018-06-24	0.54960	0.57922	0.58121	0.50749	0
XSN_USD	2018-06-23	0.57847	0.55228	0.58963	0.54791	0
XSN_USD	2018-06-22	0.55226	0.66447	0.66894	0.54255	0
XSN_USD	2018-06-21	0.66443	0.65998	0.68941	0.65036	0
XSN_USD	2018-06-20	0.66005	0.68274	0.70484	0.63129	0
XSN_USD	2018-06-19	0.68354	0.64128	0.76632	0.63561	0
XSN_USD	2018-06-18	0.64106	0.57549	0.65821	0.56640	0
XSN_USD	2018-06-17	0.57496	0.59094	0.59432	0.56327	0
XSN_USD	2018-06-16	0.59083	0.57835	0.59875	0.54648	0
XSN_USD	2018-06-15	0.57814	0.57837	0.61256	0.57351	0
XSN_USD	2018-06-14	0.57720	0.56659	0.61115	0.55531	0
XSN_USD	2018-06-13	0.56623	0.67017	0.68283	0.55275	0
XSN_USD	2018-06-12	0.67000	0.72949	0.73648	0.64257	0
XSN_USD	2018-06-11	0.72984	0.65736	0.80341	0.65349	0
XSN_USD	2018-06-10	0.65664	0.74727	0.86692	0.59702	0
XSN_USD	2018-06-09	0.74703	0.68689	0.75266	0.67560	0
XSN_USD	2018-06-08	0.68677	0.63473	0.71968	0.62003	0
XSN_USD	2018-06-07	0.63488	0.60554	0.63503	0.55500	0
XSN_USD	2018-06-06	0.60551	0.54621	0.61139	0.54297	0
XSN_USD	2018-06-05	0.54575	0.48057	0.55752	0.45091	0
XSN_USD	2018-06-04	0.48093	0.48651	0.49020	0.45645	0
XSN_USD	2018-06-03	0.48643	0.47316	0.49188	0.46949	0
XSN_USD	2018-06-02	0.47352	0.46119	0.50104	0.45532	0
XSN_USD	2018-06-01	0.46127	0.44694	0.46309	0.42266	0
XSN_USD	2018-05-31	0.44695	0.46032	0.47502	0.44129	0
XSN_USD	2018-05-30	0.46043	0.47554	0.49713	0.44476	0
XSN_USD	2018-05-29	0.47501	0.45314	0.49806	0.44483	0
XSN_USD	2018-05-28	0.45286	0.47455	0.47898	0.39837	0
XSN_USD	2018-05-27	0.47462	0.50648	0.50969	0.44664	0
XSN_USD	2018-05-26	0.50614	0.44069	0.52672	0.42735	0
XSN_USD	2018-05-25	0.44076	0.39092	0.44544	0.37694	0
XSN_USD	2018-05-24	0.39053	0.36808	0.39301	0.36573	0
XSN_USD	2018-05-23	0.37752	0.41003	0.41221	0.36503	0
XSN_USD	2018-05-22	0.41017	0.41016	0.42931	0.39871	0
XSN_USD	2018-05-21	0.41057	0.41680	0.42489	0.39438	0
XSN_USD	2018-05-20	0.41669	0.40826	0.44080	0.40742	0
XSN_USD	2018-05-19	0.40850	0.40696	0.41603	0.39784	0
XSN_USD	2018-05-18	0.40626	0.39533	0.41146	0.38251	0
XSN_USD	2018-05-17	0.39592	0.39872	0.41274	0.38744	0
XSN_USD	2018-05-16	0.39842	0.40438	0.40977	0.38268	0
XSN_USD	2018-05-15	0.40400	0.35549	0.42066	0.35424	0
XSN_USD	2018-05-14	0.35552	0.36546	0.38324	0.33500	0
XSN_USD	2018-05-13	0.36549	0.33059	0.38402	0.32900	0
XSN_USD	2018-05-12	0.33018	0.34411	0.35062	0.31921	0
XSN_USD	2018-05-11	0.34329	0.38161	0.38161	0.32388	0
XSN_USD	2018-05-10	0.38208	0.40242	0.40724	0.38179	0
XSN_USD	2018-05-09	0.40236	0.38432	0.40337	0.37585	0
XSN_USD	2018-05-08	0.38505	0.40080	0.40796	0.00004	0
XSN_USD	2018-05-07	0.40156	0.40834	0.40905	0.37953	0
XSN_USD	2018-05-06	0.40778	0.45814	0.45814	0.38107	0
XSN_USD	2018-05-05	0.45810	0.41486	0.45810	0.37543	0
XSN_USD	2018-05-04	0.41506	0.42388	0.42859	0.38923	0
XSN_USD	2018-05-03	0.42413	0.43600	0.44666	0.38561	0
XSN_USD	2018-05-02	0.43571	0.43586	0.44784	0.43014	0
