XVP_USD	2019-04-09	0.001617	0.001649	0.001649	0.001603	0
XVP_USD	2019-04-08	0.001649	0.001626	0.001662	0.001596	0
XVP_USD	2019-04-07	0.001626	0.001575	0.001643	0.001573	0
XVP_USD	2019-04-06	0.001575	0.001576	0.001636	0.001540	0
XVP_USD	2019-04-05	0.001576	0.001505	0.001587	0.001505	0
XVP_USD	2019-04-04	0.001505	0.001469	0.001606	0.001454	0
XVP_USD	2019-04-03	0.001469	0.001405	0.001571	0.001403	0
XVP_USD	2019-04-02	0.001405	0.001197	0.001447	0.001194	0
XVP_USD	2019-04-01	0.001197	0.001194	0.001203	0.001193	0
XVP_USD	2019-03-31	0.001188	0.001187	0.001192	0.001184	0
XVP_USD	2019-03-30	0.001186	0.001191	0.001200	0.001176	0
XVP_USD	2019-03-29	0.001191	0.001166	0.001193	0.001150	0
XVP_USD	2019-03-28	0.001166	0.001169	0.001170	0.001159	0
XVP_USD	2019-03-27	0.001169	0.001138	0.001190	0.001134	0
XVP_USD	2019-03-26	0.001138	0.001131	0.001139	0.001126	0
XVP_USD	2019-03-25	0.001131	0.001152	0.001154	0.001123	0
XVP_USD	2019-03-24	0.001152	0.001158	0.001158	0.001131	0
XVP_USD	2019-03-23	0.001158	0.001154	0.001162	0.001150	0
XVP_USD	2019-03-22	0.001154	0.001153	0.001160	0.001150	0
XVP_USD	2019-03-21	0.001153	0.001176	0.001182	0.001142	0
XVP_USD	2019-03-20	0.001176	0.001171	0.001179	0.001161	0
XVP_USD	2019-03-19	0.001171	0.001161	0.001174	0.001156	0
XVP_USD	2019-03-18	0.001161	0.001160	0.001174	0.001151	0
XVP_USD	2019-03-17	0.001160	0.001166	0.001166	0.001152	0
XVP_USD	2019-03-16	0.001166	0.001141	0.001228	0.001141	0
XVP_USD	2019-03-15	0.001141	0.001244	0.001249	0.001127	0
XVP_USD	2019-03-14	0.001244	0.001244	0.001260	0.001225	0
XVP_USD	2019-03-13	0.001244	0.001246	0.001251	0.001236	0
XVP_USD	2019-03-12	0.001246	0.001166	0.001254	0.001092	0
XVP_USD	2019-03-11	0.001166	0.001160	0.001167	0.001118	0
XVP_USD	2019-03-10	0.001160	0.001144	0.001164	0.001119	0
XVP_USD	2019-03-09	0.001144	0.001281	0.001315	0.001119	0
XVP_USD	2019-03-08	0.001281	0.001289	0.001306	0.001260	0
XVP_USD	2019-03-07	0.001289	0.001284	0.001298	0.001279	0
XVP_USD	2019-03-06	0.001284	0.001284	0.001293	0.001271	0
XVP_USD	2019-03-05	0.001284	0.001083	0.001284	0.001063	0
XVP_USD	2019-03-04	0.001083	0.001088	0.001094	0.001055	0
XVP_USD	2019-03-03	0.001088	0.001096	0.001099	0.001081	0
XVP_USD	2019-03-02	0.001096	0.001097	0.001099	0.001080	0
XVP_USD	2019-03-01	0.001097	0.001091	0.001105	0.001090	0
XVP_USD	2019-02-28	0.001091	0.001092	0.001116	0.001088	0
XVP_USD	2019-02-27	0.001092	0.001033	0.001102	0.001011	0
XVP_USD	2019-02-26	0.001033	0.001059	0.001095	0.001020	0
XVP_USD	2019-02-25	0.001059	0.001035	0.001090	0.001004	0
XVP_USD	2019-02-24	0.001035	0.001116	0.001178	0.001020	0
XVP_USD	2019-02-23	0.001116	0.001077	0.001170	0.001054	0
XVP_USD	2019-02-22	0.001077	0.001063	0.001136	0.001058	0
XVP_USD	2019-02-21	0.001063	0.001076	0.001101	0.001017	0
XVP_USD	2019-02-20	0.001076	0.001257	0.001264	0.000965	0
XVP_USD	2019-02-19	0.001257	0.001253	0.001286	0.001242	0
XVP_USD	2019-02-18	0.001253	0.001177	0.001263	0.001173	0
XVP_USD	2019-02-17	0.001177	0.001158	0.001192	0.001142	0
XVP_USD	2019-02-16	0.001158	0.001154	0.001173	0.001154	0
XVP_USD	2019-02-15	0.001154	0.001170	0.001180	0.001148	0
XVP_USD	2019-02-14	0.001170	0.001174	0.001178	0.001156	0
XVP_USD	2019-02-13	0.001174	0.001164	0.001195	0.001162	0
XVP_USD	2019-02-12	0.001164	0.001160	0.001170	0.001140	0
XVP_USD	2019-02-11	0.001160	0.001180	0.001181	0.001158	0
XVP_USD	2019-02-10	0.001180	0.001171	0.001181	0.001155	0
XVP_USD	2019-02-09	0.001171	0.001173	0.001178	0.001164	0
XVP_USD	2019-02-08	0.001173	0.001082	0.001195	0.001080	0
XVP_USD	2019-02-07	0.001082	0.001087	0.001091	0.001081	0
XVP_USD	2019-02-06	0.001087	0.001106	0.001109	0.001078	0
XVP_USD	2019-02-05	0.001106	0.001099	0.001108	0.001095	0
XVP_USD	2019-02-04	0.001099	0.001103	0.001109	0.001095	0
XVP_USD	2019-02-03	0.001103	0.001121	0.001124	0.001093	0
XVP_USD	2019-02-02	0.001121	0.001132	0.001132	0.001103	0
XVP_USD	2019-02-01	0.001132	0.001121	0.001137	0.001109	0
XVP_USD	2019-01-31	0.001121	0.001147	0.001159	0.001114	0
XVP_USD	2019-01-30	0.001147	0.001165	0.001178	0.000998	0
XVP_USD	2019-01-29	0.001165	0.001173	0.001176	0.001147	0
XVP_USD	2019-01-28	0.001173	0.001205	0.001205	0.001158	0
XVP_USD	2019-01-27	0.001205	0.001217	0.001220	0.001187	0
XVP_USD	2019-01-26	0.001217	0.001198	0.001250	0.001196	0
XVP_USD	2019-01-25	0.001198	0.001187	0.001199	0.001169	0
XVP_USD	2019-01-24	0.001187	0.001176	0.001192	0.001166	0
XVP_USD	2019-01-23	0.001176	0.001219	0.001226	0.001167	0
XVP_USD	2019-01-22	0.001219	0.001182	0.001232	0.001173	0
XVP_USD	2019-01-21	0.001182	0.001237	0.001244	0.001173	0
XVP_USD	2019-01-20	0.001237	0.001299	0.001310	0.001224	0
XVP_USD	2019-01-19	0.001299	0.001287	0.001330	0.001286	0
XVP_USD	2019-01-18	0.001287	0.001302	0.001303	0.001279	0
XVP_USD	2019-01-17	0.001302	0.001285	0.001303	0.001267	0
XVP_USD	2019-01-16	0.001285	0.001280	0.001307	0.001275	0
XVP_USD	2019-01-15	0.001280	0.001331	0.001340	0.001272	0
XVP_USD	2019-01-14	0.001331	0.001167	0.001352	0.001164	0
XVP_USD	2019-01-13	0.001167	0.001203	0.001209	0.001161	0
XVP_USD	2019-01-12	0.001203	0.001207	0.001214	0.001193	0
XVP_USD	2019-01-11	0.001207	0.001170	0.001223	0.001163	0
XVP_USD	2019-01-10	0.001170	0.001266	0.001303	0.001161	0
XVP_USD	2019-01-09	0.001266	0.001250	0.001281	0.001247	0
XVP_USD	2019-01-08	0.001250	0.001296	0.001325	0.001250	0
XVP_USD	2019-01-07	0.001296	0.001335	0.001343	0.001285	0
XVP_USD	2019-01-06	0.001335	0.001232	0.002503	0.001230	0
XVP_USD	2019-01-05	0.001232	0.001266	0.001285	0.001230	0
XVP_USD	2019-01-04	0.001266	0.001255	0.001268	0.001216	0
XVP_USD	2019-01-03	0.001255	0.001276	0.001289	0.001249	0
XVP_USD	2019-01-02	0.001276	0.001207	0.001283	0.001203	0
XVP_USD	2019-01-01	0.001207	0.001360	0.001380	0.001156	0
XVP_USD	2018-12-31	0.001360	0.001232	0.001383	0.001176	0
XVP_USD	2018-12-30	0.001232	0.001184	0.001237	0.001173	0
XVP_USD	2018-12-29	0.001184	0.001251	0.001262	0.001180	0
XVP_USD	2018-12-28	0.001251	0.001151	0.001253	0.001127	0
XVP_USD	2018-12-27	0.001151	0.001199	0.001209	0.001143	0
XVP_USD	2018-12-26	0.001199	0.001211	0.001237	0.001163	0
XVP_USD	2018-12-25	0.001211	0.001306	0.001308	0.001169	0
XVP_USD	2018-12-24	0.001306	0.001262	0.001381	0.001262	0
XVP_USD	2018-12-23	0.001262	0.001300	0.001340	0.001232	0
XVP_USD	2018-12-22	0.001300	0.001231	0.001300	0.001216	0
XVP_USD	2018-12-21	0.001231	0.001285	0.001329	0.001211	0
XVP_USD	2018-12-20	0.001285	0.001200	0.001332	0.001194	0
XVP_USD	2018-12-19	0.001200	0.001191	0.001293	0.001151	0
XVP_USD	2018-12-18	0.001191	0.001178	0.001215	0.001113	0
XVP_USD	2018-12-17	0.001178	0.001023	0.001196	0.001018	0
XVP_USD	2018-12-16	0.001023	0.001019	0.001081	0.001016	0
XVP_USD	2018-12-15	0.001019	0.001050	0.001062	0.000998	0
XVP_USD	2018-12-14	0.001050	0.001022	0.001065	0.001008	0
XVP_USD	2018-12-13	0.001022	0.001114	0.001116	0.001015	0
XVP_USD	2018-12-12	0.001114	0.001061	0.001136	0.001059	0
XVP_USD	2018-12-11	0.001070	0.001093	0.001100	0.001053	0
XVP_USD	2018-12-10	0.001093	0.001130	0.001165	0.001060	0
XVP_USD	2018-12-09	0.001130	0.001104	0.001152	0.001058	0
XVP_USD	2018-12-08	0.001104	0.001072	0.001152	0.001028	0
XVP_USD	2018-12-07	0.001072	0.001080	0.001116	0.001003	0
XVP_USD	2018-12-06	0.001080	0.001205	0.001217	0.001072	0
XVP_USD	2018-12-05	0.001205	0.001254	0.001259	0.001200	0
XVP_USD	2018-12-04	0.001254	0.001210	0.001327	0.001156	0
XVP_USD	2018-12-03	0.001210	0.001269	0.001295	0.001165	0
XVP_USD	2018-12-02	0.001269	0.001315	0.001393	0.001246	0
XVP_USD	2018-12-01	0.001315	0.001252	0.001345	0.001215	0
XVP_USD	2018-11-30	0.001252	0.001315	0.001346	0.001190	0
XVP_USD	2018-11-29	0.001315	0.001292	0.001343	0.001255	0
XVP_USD	2018-11-28	0.001292	0.001126	0.001329	0.001126	0
XVP_USD	2018-11-27	0.001126	0.001099	0.001288	0.001077	0
XVP_USD	2018-11-26	0.001099	0.001539	0.001573	0.001059	0
XVP_USD	2018-11-25	0.001539	0.001533	0.001575	0.001373	0
XVP_USD	2018-11-24	0.001533	0.001924	0.001964	0.001495	0
XVP_USD	2018-11-23	0.001924	0.001933	0.001972	0.001871	0
XVP_USD	2018-11-22	0.001933	0.002055	0.002075	0.001933	0
XVP_USD	2018-11-21	0.002055	0.002065	0.002124	0.001967	0
XVP_USD	2018-11-20	0.002065	0.002222	0.002264	0.001943	0
XVP_USD	2018-11-19	0.002222	0.002518	0.002518	0.002201	0
XVP_USD	2018-11-18	0.002518	0.002476	0.002541	0.002476	0
XVP_USD	2018-11-17	0.002476	0.002519	0.002519	0.002453	0
XVP_USD	2018-11-16	0.002519	0.002559	0.002691	0.002472	0
XVP_USD	2018-11-15	0.002559	0.002560	0.002579	0.002367	0
XVP_USD	2018-11-14	0.002560	0.002812	0.002845	0.002482	0
XVP_USD	2018-11-13	0.002812	0.002804	0.002826	0.002785	0
XVP_USD	2018-11-12	0.002804	0.002810	0.002819	0.002792	0
XVP_USD	2018-11-11	0.002810	0.002798	0.002810	0.002768	0
XVP_USD	2018-11-10	0.002798	0.002793	0.002811	0.002760	0
XVP_USD	2018-11-09	0.002793	0.002819	0.002829	0.002781	0
XVP_USD	2018-11-08	0.002819	0.002859	0.002864	0.002817	0
XVP_USD	2018-11-07	0.002859	0.002834	0.002874	0.002833	0
XVP_USD	2018-11-06	0.002834	0.002815	0.002834	0.002805	0
XVP_USD	2018-11-05	0.002815	0.002821	0.002825	0.002801	0
XVP_USD	2018-11-04	0.002821	0.002779	0.002832	0.002767	0
XVP_USD	2018-11-03	0.002779	0.002796	0.002822	0.002767	0
XVP_USD	2018-11-02	0.002796	0.002784	0.002808	0.002780	0
XVP_USD	2018-11-01	0.002784	0.002802	0.002837	0.002753	0
XVP_USD	2018-10-31	0.002802	0.002943	0.002975	0.002800	0
XVP_USD	2018-10-30	0.002943	0.002950	0.002967	0.002936	0
XVP_USD	2018-10-29	0.002950	0.003050	0.003056	0.002939	0
XVP_USD	2018-10-28	0.003050	0.002860	0.003054	0.002857	0
XVP_USD	2018-10-27	0.002860	0.002906	0.003007	0.002859	0
XVP_USD	2018-10-26	0.002906	0.003036	0.003041	0.002866	0
XVP_USD	2018-10-25	0.003036	0.002982	0.003052	0.002982	0
XVP_USD	2018-10-24	0.002982	0.002948	0.002993	0.002947	0
XVP_USD	2018-10-23	0.002948	0.002890	0.002948	0.002874	0
XVP_USD	2018-10-22	0.002890	0.002899	0.002916	0.002882	0
XVP_USD	2018-10-21	0.002899	0.002898	0.002928	0.002897	0
XVP_USD	2018-10-20	0.002898	0.002905	0.002914	0.002875	0
XVP_USD	2018-10-19	0.002905	0.002976	0.002977	0.002869	0
XVP_USD	2018-10-18	0.002976	0.003031	0.003050	0.002955	0
XVP_USD	2018-10-17	0.003031	0.003041	0.003056	0.003007	0
XVP_USD	2018-10-16	0.003041	0.002966	0.003067	0.002947	0
XVP_USD	2018-10-15	0.002966	0.002787	0.003308	0.002772	0
XVP_USD	2018-10-14	0.002787	0.002784	0.002816	0.002780	0
XVP_USD	2018-10-13	0.002784	0.002897	0.002912	0.002558	0
XVP_USD	2018-10-12	0.002897	0.002877	0.002920	0.002863	0
XVP_USD	2018-10-11	0.002877	0.003050	0.003050	0.002866	0
XVP_USD	2018-10-10	0.003050	0.002965	0.003058	0.002958	0
XVP_USD	2018-10-09	0.002965	0.002970	0.002973	0.002941	0
XVP_USD	2018-10-08	0.002970	0.002937	0.002990	0.002931	0
XVP_USD	2018-10-07	0.002937	0.002933	0.002952	0.002908	0
XVP_USD	2018-10-06	0.002933	0.002957	0.002958	0.002921	0
XVP_USD	2018-10-05	0.002957	0.002928	0.002966	0.002914	0
XVP_USD	2018-10-04	0.002928	0.003024	0.003084	0.002918	0
XVP_USD	2018-10-03	0.003024	0.003040	0.003047	0.002990	0
XVP_USD	2018-10-02	0.003040	0.003069	0.003084	0.003029	0
XVP_USD	2018-10-01	0.003069	0.003078	0.003097	0.003032	0
XVP_USD	2018-09-30	0.003078	0.003071	0.003095	0.003037	0
XVP_USD	2018-09-29	0.003071	0.003085	0.003085	0.003007	0
XVP_USD	2018-09-28	0.003085	0.003110	0.003174	0.003044	0
XVP_USD	2018-09-27	0.003110	0.003005	0.003128	0.002995	0
XVP_USD	2018-09-26	0.003005	0.002992	0.003046	0.002969	0
XVP_USD	2018-09-25	0.002992	0.003062	0.003062	0.002953	0
XVP_USD	2018-09-24	0.003062	0.003121	0.003126	0.003048	0
XVP_USD	2018-09-23	0.003121	0.003328	0.003335	0.003066	0
XVP_USD	2018-09-22	0.003328	0.003589	0.003625	0.003314	0
XVP_USD	2018-09-21	0.003589	0.003478	0.003627	0.003475	0
XVP_USD	2018-09-20	0.003478	0.003388	0.003491	0.003380	0
XVP_USD	2018-09-19	0.003388	0.003362	0.003461	0.003271	0
XVP_USD	2018-09-18	0.003362	0.003346	0.003389	0.003305	0
XVP_USD	2018-09-17	0.003346	0.003477	0.003494	0.003293	0
XVP_USD	2018-09-16	0.003477	0.003456	0.003485	0.003382	0
XVP_USD	2018-09-15	0.003456	0.003471	0.003514	0.003444	0
XVP_USD	2018-09-14	0.003471	0.003432	0.003485	0.003345	0
XVP_USD	2018-09-13	0.003432	0.003327	0.003454	0.003325	0
XVP_USD	2018-09-12	0.003327	0.003365	0.003368	0.003257	0
XVP_USD	2018-09-11	0.003365	0.003438	0.003480	0.003306	0
XVP_USD	2018-09-10	0.003438	0.003369	0.003458	0.003343	0
XVP_USD	2018-09-09	0.003369	0.003340	0.003452	0.003293	0
XVP_USD	2018-09-08	0.003340	0.003490	0.003517	0.003285	0
XVP_USD	2018-09-07	0.003490	0.003485	0.003510	0.003416	0
XVP_USD	2018-09-06	0.003485	0.003520	0.003528	0.003339	0
XVP_USD	2018-09-05	0.003520	0.003790	0.003808	0.003518	0
XVP_USD	2018-09-04	0.003790	0.003962	0.003976	0.003719	0
XVP_USD	2018-09-03	0.003962	0.003827	0.003989	0.003811	0
XVP_USD	2018-09-02	0.003827	0.003707	0.003835	0.003676	0
XVP_USD	2018-09-01	0.003707	0.003759	0.003876	0.003657	0
XVP_USD	2018-08-31	0.003759	0.003602	0.003772	0.003559	0
XVP_USD	2018-08-30	0.003602	0.003699	0.003706	0.003505	0
XVP_USD	2018-08-29	0.003699	0.003681	0.003742	0.003637	0
XVP_USD	2018-08-28	0.003681	0.003590	0.003706	0.003573	0
XVP_USD	2018-08-27	0.003590	0.003623	0.003652	0.003507	0
XVP_USD	2018-08-26	0.003623	0.003639	0.003662	0.003554	0
XVP_USD	2018-08-25	0.003639	0.003615	0.003702	0.003601	0
XVP_USD	2018-08-24	0.003615	0.003525	0.003632	0.003490	0
XVP_USD	2018-08-23	0.003525	0.003432	0.003546	0.003429	0
XVP_USD	2018-08-22	0.003432	0.003401	0.003639	0.003349	0
XVP_USD	2018-08-21	0.003401	0.003315	0.003439	0.003313	0
XVP_USD	2018-08-20	0.003315	0.003437	0.003456	0.003302	0
XVP_USD	2018-08-19	0.003437	0.003323	0.003457	0.003279	0
XVP_USD	2018-08-18	0.003323	0.003426	0.003437	0.003278	0
XVP_USD	2018-08-17	0.003426	0.003661	0.003781	0.003298	0
XVP_USD	2018-08-16	0.003661	0.003637	0.003754	0.003611	0
XVP_USD	2018-08-15	0.003637	0.003588	0.003836	0.003586	0
XVP_USD	2018-08-14	0.003588	0.003626	0.003626	0.003414	0
XVP_USD	2018-08-13	0.003626	0.003662	0.003791	0.003573	0
XVP_USD	2018-08-12	0.003662	0.003579	0.003741	0.003550	0
XVP_USD	2018-08-11	0.003579	0.003563	0.003745	0.003486	0
XVP_USD	2018-08-10	0.003563	0.003787	0.003813	0.003490	0
XVP_USD	2018-08-09	0.003787	0.003641	0.003840	0.003590	0
XVP_USD	2018-08-08	0.003641	0.003896	0.003896	0.003557	0
XVP_USD	2018-08-07	0.003896	0.003885	0.004135	0.003869	0
XVP_USD	2018-08-06	0.003885	0.003938	0.004002	0.003837	0
XVP_USD	2018-08-05	0.003938	0.003888	0.003951	0.003824	0
XVP_USD	2018-08-04	0.003888	0.004116	0.004156	0.003846	0
XVP_USD	2018-08-03	0.004116	0.004220	0.004220	0.003736	0
XVP_USD	2018-08-02	0.004220	0.004261	0.004312	0.004178	0
XVP_USD	2018-08-01	0.004261	0.004337	0.004343	0.004169	0
XVP_USD	2018-07-31	0.004337	0.004617	0.004620	0.004295	0
XVP_USD	2018-07-30	0.004617	0.004604	0.004635	0.004444	0
XVP_USD	2018-07-29	0.004604	0.004618	0.004634	0.004549	0
XVP_USD	2018-07-28	0.004618	0.004659	0.004659	0.004618	0
XVP_USD	2018-07-27	0.004659	0.004700	0.004700	0.004659	0
XVP_USD	2018-07-26	0.004700	0.004498	0.004700	0.004496	0
XVP_USD	2018-07-25	0.004498	0.004459	0.004578	0.004004	0
XVP_USD	2018-07-24	0.004459	0.004127	0.004490	0.004116	0
XVP_USD	2018-07-23	0.004127	0.004367	0.004629	0.004073	0
XVP_USD	2018-07-22	0.004367	0.004257	0.004463	0.004228	0
XVP_USD	2018-07-21	0.004257	0.004253	0.004282	0.004163	0
XVP_USD	2018-07-20	0.004253	0.004297	0.004417	0.004186	0
XVP_USD	2018-07-19	0.004297	0.004199	0.004350	0.004188	0
XVP_USD	2018-07-18	0.004199	0.004136	0.004406	0.003964	0
XVP_USD	2018-07-17	0.004136	0.003806	0.004217	0.003767	0
XVP_USD	2018-07-16	0.003806	0.003649	0.003813	0.003590	0
XVP_USD	2018-07-15	0.003649	0.003500	0.003655	0.003491	0
XVP_USD	2018-07-14	0.003500	0.003452	0.003529	0.003430	0
XVP_USD	2018-07-13	0.003452	0.003458	0.003513	0.003410	0
XVP_USD	2018-07-12	0.003458	0.003572	0.003638	0.003375	0
XVP_USD	2018-07-11	0.003572	0.003308	0.003572	0.003302	0
XVP_USD	2018-07-10	0.003308	0.003497	0.003507	0.003297	0
XVP_USD	2018-07-09	0.003497	0.003522	0.003568	0.003484	0
XVP_USD	2018-07-08	0.003522	0.003550	0.003565	0.003505	0
XVP_USD	2018-07-07	0.003550	0.003466	0.003584	0.003419	0
XVP_USD	2018-07-06	0.003466	0.003401	0.003481	0.003364	0
XVP_USD	2018-07-05	0.003401	0.003394	0.003449	0.003359	0
XVP_USD	2018-07-04	0.003394	0.003315	0.003424	0.003273	0
XVP_USD	2018-07-03	0.003315	0.003375	0.003402	0.000044	0
XVP_USD	2018-07-02	0.003375	0.003238	0.003404	0.000000	0
XVP_USD	2018-07-01	0.003238	0.003228	0.003259	0.003167	0
XVP_USD	2018-06-30	0.003228	0.003071	0.003324	0.003071	0
XVP_USD	2018-06-29	0.003073	0.003012	0.003105	0.002852	0
XVP_USD	2018-06-28	0.003017	0.003833	0.003853	0.003002	0
XVP_USD	2018-06-27	0.003833	0.003185	0.003862	0.003096	0
XVP_USD	2018-06-26	0.003195	0.003282	0.003286	0.002440	0
XVP_USD	2018-06-25	0.003279	0.003657	0.003681	0.003240	0
XVP_USD	2018-06-24	0.003658	0.003696	0.003774	0.003480	0
XVP_USD	2018-06-23	0.003691	0.003988	0.004063	0.003221	0
XVP_USD	2018-06-22	0.003988	0.004431	0.004442	0.003918	0
XVP_USD	2018-06-21	0.004431	0.004462	0.004479	0.004416	0
XVP_USD	2018-06-20	0.004462	0.004410	0.004495	0.004297	0
XVP_USD	2018-06-19	0.004415	0.004396	0.004472	0.004369	0
XVP_USD	2018-06-18	0.004394	0.004252	0.004445	0.004184	0
XVP_USD	2018-06-17	0.004249	0.004249	0.004316	0.004220	0
XVP_USD	2018-06-16	0.004248	0.004182	0.004290	0.004146	0
XVP_USD	2018-06-15	0.004180	0.004550	0.004550	0.004166	0
XVP_USD	2018-06-14	0.004541	0.004249	0.004580	0.004234	0
XVP_USD	2018-06-13	0.004247	0.003468	0.004260	0.003038	0
XVP_USD	2018-06-12	0.003467	0.003641	0.003641	0.003414	0
XVP_USD	2018-06-11	0.003643	0.003582	0.003655	0.003518	0
XVP_USD	2018-06-10	0.003577	0.003824	0.003824	0.003469	0
XVP_USD	2018-06-09	0.003823	0.003884	0.003919	0.003810	0
XVP_USD	2018-06-08	0.003884	0.003920	0.003925	0.003847	0
XVP_USD	2018-06-07	0.003921	0.003904	0.003994	0.003899	0
XVP_USD	2018-06-06	0.003903	0.003890	0.003925	0.003823	0
XVP_USD	2018-06-05	0.003887	0.003819	0.003912	0.003760	0
XVP_USD	2018-06-04	0.003822	0.003940	0.003956	0.003803	0
XVP_USD	2018-06-03	0.003936	0.003892	0.003966	0.003876	0
XVP_USD	2018-06-02	0.003895	0.003839	0.003922	0.003802	0
XVP_USD	2018-06-01	0.003836	0.003818	0.003876	0.003749	0
XVP_USD	2018-05-31	0.003818	0.003723	0.003876	0.003708	0
XVP_USD	2018-05-30	0.003724	0.003733	0.003779	0.003640	0
XVP_USD	2018-05-29	0.003728	0.003552	0.003760	0.003524	0
XVP_USD	2018-05-28	0.003550	0.004002	0.004049	0.003503	0
XVP_USD	2018-05-27	0.004000	0.003994	0.004026	0.003936	0
XVP_USD	2018-05-26	0.003993	0.004064	0.004150	0.003972	0
XVP_USD	2018-05-25	0.004065	0.004167	0.004206	0.004006	0
XVP_USD	2018-05-24	0.004165	0.004127	0.004244	0.003995	0
XVP_USD	2018-05-23	0.004130	0.004387	0.004411	0.004096	0
XVP_USD	2018-05-22	0.004389	0.004617	0.004623	0.004372	0
XVP_USD	2018-05-21	0.004617	0.004688	0.004700	0.004600	0
XVP_USD	2018-05-20	0.004688	0.004408	0.004735	0.004372	0
XVP_USD	2018-05-19	0.004407	0.004408	0.004490	0.004357	0
XVP_USD	2018-05-18	0.004408	0.004229	0.004427	0.004162	0
XVP_USD	2018-05-17	0.004235	0.004383	0.004444	0.004198	0
XVP_USD	2018-05-16	0.004379	0.004445	0.004456	0.004254	0
XVP_USD	2018-05-15	0.004445	0.004550	0.004634	0.004423	0
XVP_USD	2018-05-14	0.004550	0.004559	0.004661	0.004346	0
XVP_USD	2018-05-13	0.004559	0.004492	0.004595	0.004401	0
XVP_USD	2018-05-12	0.004481	0.004448	0.004572	0.004349	0
XVP_USD	2018-05-11	0.004448	0.004780	0.004780	0.004423	0
XVP_USD	2018-05-10	0.004780	0.005078	0.005242	0.004772	0
XVP_USD	2018-05-09	0.005078	0.004960	0.005154	0.004849	0
XVP_USD	2018-05-08	0.004963	0.005007	0.005024	0.000001	0
XVP_USD	2018-05-07	0.005044	0.005168	0.005177	0.004922	0
XVP_USD	2018-05-06	0.005168	0.004735	0.005172	0.004735	0
XVP_USD	2018-05-05	0.004730	0.004708	0.004830	0.004675	0
XVP_USD	2018-05-04	0.004708	0.004834	0.004857	0.004649	0
XVP_USD	2018-05-03	0.004837	0.004895	0.004902	0.004495	0
XVP_USD	2018-05-02	0.004895	0.004714	0.004913	0.004670	0
XVP_USD	2018-05-01	0.004719	0.004988	0.004989	0.004581	0
XVP_USD	2018-04-30	0.004988	0.004558	0.005049	0.004421	0
XVP_USD	2018-04-29	0.004558	0.004717	0.004859	0.004492	0
XVP_USD	2018-04-28	0.004717	0.004599	0.004858	0.004569	0
XVP_USD	2018-04-27	0.004599	0.005159	0.005206	0.004586	0
XVP_USD	2018-04-26	0.005159	0.004970	0.005166	0.004848	0
XVP_USD	2018-04-25	0.004970	0.005163	0.005484	0.004920	0
XVP_USD	2018-04-24	0.005175	0.004649	0.005399	0.004644	0
XVP_USD	2018-04-23	0.004649	0.004532	0.004657	0.004518	0
XVP_USD	2018-04-22	0.004532	0.004546	0.004648	0.004489	0
XVP_USD	2018-04-21	0.004546	0.004613	0.004695	0.004448	0
XVP_USD	2018-04-20	0.004613	0.004303	0.004644	0.004302	0
XVP_USD	2018-04-19	0.004303	0.004287	0.004343	0.004248	0
XVP_USD	2018-04-18	0.004287	0.004261	0.004317	0.004099	0
XVP_USD	2018-04-17	0.004261	0.004350	0.004409	0.004227	0
XVP_USD	2018-04-16	0.004350	0.004638	0.004665	0.004289	0
XVP_USD	2018-04-15	0.004638	0.004403	0.004674	0.004402	0
XVP_USD	2018-04-14	0.004403	0.004333	0.004500	0.004302	0
XVP_USD	2018-04-13	0.004333	0.004352	0.004579	0.004267	0
XVP_USD	2018-04-12	0.004352	0.003783	0.004435	0.003685	0
XVP_USD	2018-04-11	0.003786	0.004241	0.004254	0.003612	0
XVP_USD	2018-04-10	0.004241	0.004091	0.004272	0.004061	0
XVP_USD	2018-04-09	0.004089	0.004244	0.004346	0.004001	0
XVP_USD	2018-04-08	0.004244	0.004167	0.004300	0.004165	0
XVP_USD	2018-04-07	0.004167	0.004002	0.004273	0.003993	0
XVP_USD	2018-04-06	0.004002	0.004226	0.004278	0.003952	0
XVP_USD	2018-04-05	0.004226	0.004174	0.004312	0.003838	0
XVP_USD	2018-04-04	0.004174	0.004517	0.004519	0.004118	0
XVP_USD	2018-04-03	0.004517	0.004443	0.004805	0.004423	0
XVP_USD	2018-04-02	0.004443	0.004358	0.004554	0.004318	0
XVP_USD	2018-04-01	0.004358	0.004155	0.004459	0.004078	0
XVP_USD	2018-03-31	0.004155	0.004104	0.004333	0.004076	0
XVP_USD	2018-03-30	0.004104	0.004291	0.004391	0.003947	0
XVP_USD	2018-03-29	0.004291	0.004923	0.004936	0.004274	0
XVP_USD	2018-03-28	0.004923	0.004787	0.004984	0.004754	0
XVP_USD	2018-03-27	0.004787	0.004997	0.005091	0.004761	0
XVP_USD	2018-03-26	0.005009	0.005321	0.005350	0.004805	0
XVP_USD	2018-03-25	0.005321	0.005061	0.005446	0.004982	0
XVP_USD	2018-03-24	0.005061	0.005297	0.005498	0.005056	0
XVP_USD	2018-03-23	0.005297	0.005317	0.005386	0.005037	0
XVP_USD	2018-03-22	0.005317	0.005740	0.005860	0.005229	0
XVP_USD	2018-03-21	0.005740	0.005516	0.005788	0.005387	0
XVP_USD	2018-03-20	0.005516	0.005504	0.005595	0.005227	0
XVP_USD	2018-03-19	0.005504	0.005007	0.005519	0.004948	0
XVP_USD	2018-03-18	0.005007	0.004762	0.005042	0.004432	0
XVP_USD	2018-03-17	0.004762	0.005058	0.005088	0.004689	0
XVP_USD	2018-03-16	0.005058	0.004829	0.005203	0.004624	0
XVP_USD	2018-03-15	0.004829	0.004870	0.004909	0.004489	0
XVP_USD	2018-03-14	0.004870	0.005298	0.005499	0.004516	0
XVP_USD	2018-03-13	0.005298	0.005426	0.005637	0.005293	0
XVP_USD	2018-03-12	0.005426	0.006229	0.006302	0.005238	0
XVP_USD	2018-03-11	0.006229	0.005210	0.006392	0.005016	0
XVP_USD	2018-03-10	0.005210	0.005532	0.005929	0.005147	0
XVP_USD	2018-03-09	0.005532	0.006788	0.006876	0.004630	0
XVP_USD	2018-03-08	0.006788	0.007362	0.007694	0.006628	0
XVP_USD	2018-03-07	0.007362	0.007988	0.008119	0.006982	0
XVP_USD	2018-03-06	0.007988	0.008443	0.008443	0.007884	0
XVP_USD	2018-03-05	0.008443	0.008631	0.009201	0.008443	0
XVP_USD	2018-03-04	0.008631	0.008691	0.009063	0.008498	0
XVP_USD	2018-03-03	0.008660	0.008599	0.008877	0.008342	0
XVP_USD	2018-03-02	0.008575	0.009288	0.009288	0.007544	0
