YEL_USD	2019-04-09	0.000281	0.000288	0.000288	0.000278	0
YEL_USD	2019-04-08	0.000288	0.000280	0.000297	0.000278	0
YEL_USD	2019-04-07	0.000281	0.000265	0.000283	0.000263	0
YEL_USD	2019-04-06	0.000265	0.000265	0.000276	0.000257	0
YEL_USD	2019-04-05	0.000266	0.000252	0.000269	0.000250	0
YEL_USD	2019-04-04	0.000251	0.000255	0.000262	0.000246	0
YEL_USD	2019-04-03	0.000255	0.000262	0.000284	0.000241	0
YEL_USD	2019-04-02	0.000262	0.000227	0.000267	0.000227	0
YEL_USD	2019-04-01	0.000227	0.000228	0.000230	0.000225	0
YEL_USD	2019-03-31	0.000228	0.000229	0.000229	0.000226	0
YEL_USD	2019-03-30	0.000229	0.000232	0.000235	0.000226	0
YEL_USD	2019-03-29	0.000232	0.000222	0.000232	0.000222	0
YEL_USD	2019-03-28	0.000222	0.000224	0.000224	0.000221	0
YEL_USD	2019-03-27	0.000224	0.000215	0.000225	0.000215	0
YEL_USD	2019-03-26	0.000215	0.000214	0.000216	0.000212	0
YEL_USD	2019-03-25	0.000214	0.000218	0.000220	0.000211	0
YEL_USD	2019-03-24	0.000218	0.000221	0.000221	0.000217	0
YEL_USD	2019-03-23	0.000221	0.000219	0.000223	0.000218	0
YEL_USD	2019-03-22	0.000219	0.000217	0.000221	0.000216	0
YEL_USD	2019-03-21	0.000217	0.000225	0.000226	0.000215	0
YEL_USD	2019-03-20	0.000225	0.000225	0.000226	0.000221	0
YEL_USD	2019-03-19	0.000225	0.000223	0.000226	0.000222	0
YEL_USD	2019-03-18	0.000223	0.000225	0.000229	0.000220	0
YEL_USD	2019-03-17	0.000225	0.000228	0.000228	0.000223	0
YEL_USD	2019-03-16	0.000228	0.000221	0.000233	0.000221	0
YEL_USD	2019-03-15	0.000221	0.000214	0.000223	0.000213	0
YEL_USD	2019-03-14	0.000214	0.000213	0.000218	0.000210	0
YEL_USD	2019-03-13	0.000213	0.000216	0.000216	0.000212	0
YEL_USD	2019-03-12	0.000216	0.000215	0.000218	0.000208	0
YEL_USD	2019-03-11	0.000215	0.000219	0.000220	0.000212	0
YEL_USD	2019-03-10	0.000219	0.000222	0.000222	0.000217	0
YEL_USD	2019-03-09	0.000222	0.000216	0.000224	0.000215	0
YEL_USD	2019-03-08	0.000216	0.000222	0.000226	0.000211	0
YEL_USD	2019-03-07	0.000222	0.000223	0.000227	0.000220	0
YEL_USD	2019-03-06	0.000223	0.000222	0.000228	0.000217	0
YEL_USD	2019-03-05	0.000222	0.000203	0.000223	0.000203	0
YEL_USD	2019-03-04	0.000203	0.000211	0.000212	0.000200	0
YEL_USD	2019-03-03	0.000211	0.000215	0.000218	0.000207	0
YEL_USD	2019-03-02	0.000215	0.000220	0.000221	0.000211	0
YEL_USD	2019-03-01	0.000220	0.000219	0.000224	0.000218	0
YEL_USD	2019-02-28	0.000219	0.000218	0.000226	0.000216	0
YEL_USD	2019-02-27	0.000218	0.000221	0.000228	0.000205	0
YEL_USD	2019-02-26	0.000221	0.000224	0.000225	0.000218	0
YEL_USD	2019-02-25	0.000224	0.000214	0.000229	0.000214	0
YEL_USD	2019-02-24	0.000214	0.000256	0.000269	0.000214	0
YEL_USD	2019-02-23	0.000256	0.000240	0.000259	0.000236	0
YEL_USD	2019-02-22	0.000240	0.000235	0.000241	0.000232	0
YEL_USD	2019-02-21	0.000235	0.000240	0.000243	0.000231	0
YEL_USD	2019-02-20	0.000241	0.000232	0.000242	0.000228	0
YEL_USD	2019-02-19	0.000232	0.000236	0.000243	0.000231	0
YEL_USD	2019-02-18	0.000236	0.000216	0.000240	0.000214	0
YEL_USD	2019-02-17	0.000216	0.000198	0.000219	0.000197	0
YEL_USD	2019-02-16	0.000198	0.000196	0.000201	0.000196	0
YEL_USD	2019-02-15	0.000196	0.000194	0.000200	0.000194	0
YEL_USD	2019-02-14	0.000194	0.000196	0.000200	0.000194	0
YEL_USD	2019-02-13	0.000196	0.000198	0.000205	0.000194	0
YEL_USD	2019-02-12	0.000197	0.000194	0.000200	0.000190	0
YEL_USD	2019-02-11	0.000194	0.000202	0.000278	0.000193	0
YEL_USD	2019-02-10	0.000202	0.000192	0.000203	0.000187	0
YEL_USD	2019-02-09	0.000192	0.000192	0.000196	0.000190	0
YEL_USD	2019-02-08	0.000192	0.000168	0.000198	0.000167	0
YEL_USD	2019-02-07	0.000168	0.000168	0.000171	0.000167	0
YEL_USD	2019-02-06	0.000168	0.000172	0.000173	0.000163	0
YEL_USD	2019-02-05	0.000172	0.000172	0.000173	0.000170	0
YEL_USD	2019-02-04	0.000172	0.000172	0.000175	0.000171	0
YEL_USD	2019-02-03	0.000172	0.000179	0.000180	0.000170	0
YEL_USD	2019-02-02	0.000178	0.000173	0.000179	0.000171	0
YEL_USD	2019-02-01	0.000173	0.000172	0.000175	0.000168	0
YEL_USD	2019-01-31	0.000172	0.000175	0.000179	0.000170	0
YEL_USD	2019-01-30	0.000175	0.000169	0.000177	0.000167	0
YEL_USD	2019-01-29	0.000169	0.000170	0.000172	0.000165	0
YEL_USD	2019-01-28	0.000170	0.000180	0.000181	0.000164	0
YEL_USD	2019-01-27	0.000180	0.000186	0.000187	0.000179	0
YEL_USD	2019-01-26	0.000186	0.000186	0.000190	0.000186	0
YEL_USD	2019-01-25	0.000186	0.000189	0.000189	0.000184	0
YEL_USD	2019-01-24	0.000189	0.000188	0.000190	0.000184	0
YEL_USD	2019-01-23	0.000188	0.000190	0.000192	0.000186	0
YEL_USD	2019-01-22	0.000190	0.000186	0.000193	0.000179	0
YEL_USD	2019-01-21	0.000186	0.000189	0.000190	0.000182	0
YEL_USD	2019-01-20	0.000189	0.000200	0.000201	0.000187	0
YEL_USD	2019-01-19	0.000200	0.000193	0.000206	0.000193	0
YEL_USD	2019-01-18	0.000193	0.000198	0.000199	0.000191	0
YEL_USD	2019-01-17	0.000199	0.000198	0.000200	0.000190	0
YEL_USD	2019-01-16	0.000197	0.000194	0.000206	0.000193	0
YEL_USD	2019-01-15	0.000194	0.000208	0.000211	0.000190	0
YEL_USD	2019-01-14	0.000208	0.000187	0.000213	0.000187	0
YEL_USD	2019-01-13	0.000187	0.000202	0.000202	0.000184	0
YEL_USD	2019-01-12	0.000202	0.000204	0.000206	0.000200	0
YEL_USD	2019-01-11	0.000204	0.000205	0.000209	0.000199	0
YEL_USD	2019-01-10	0.000205	0.000242	0.000245	0.000200	0
YEL_USD	2019-01-09	0.000242	0.000242	0.000251	0.000240	0
YEL_USD	2019-01-08	0.000242	0.000245	0.000249	0.000239	0
YEL_USD	2019-01-07	0.000245	0.000255	0.000258	0.000243	0
YEL_USD	2019-01-06	0.000255	0.000251	0.000261	0.000243	0
YEL_USD	2019-01-05	0.000251	0.000251	0.000264	0.000250	0
YEL_USD	2019-01-04	0.000251	0.000241	0.000257	0.000239	0
YEL_USD	2019-01-03	0.000241	0.000253	0.000255	0.000237	0
YEL_USD	2019-01-02	0.000253	0.000231	0.000258	0.000228	0
YEL_USD	2019-01-01	0.000229	0.000216	0.000233	0.000214	0
YEL_USD	2018-12-31	0.000216	0.000229	0.000229	0.000212	0
YEL_USD	2018-12-30	0.000228	0.000222	0.000230	0.000214	0
YEL_USD	2018-12-29	0.000223	0.000226	0.000242	0.000216	0
YEL_USD	2018-12-28	0.000226	0.000188	0.000227	0.000186	0
YEL_USD	2018-12-27	0.000187	0.000213	0.000215	0.000185	0
YEL_USD	2018-12-26	0.000213	0.000211	0.000224	0.000202	0
YEL_USD	2018-12-25	0.000211	0.000226	0.000227	0.000201	0
YEL_USD	2018-12-24	0.000226	0.000212	0.000259	0.000212	0
YEL_USD	2018-12-23	0.000212	0.000191	0.000219	0.000191	0
YEL_USD	2018-12-22	0.000191	0.000177	0.000191	0.000173	0
YEL_USD	2018-12-21	0.000177	0.000187	0.000194	0.000173	0
YEL_USD	2018-12-20	0.000188	0.000162	0.000191	0.000161	0
YEL_USD	2018-12-19	0.000162	0.000165	0.000176	0.000161	0
YEL_USD	2018-12-18	0.000165	0.000154	0.000167	0.000150	0
YEL_USD	2018-12-17	0.000154	0.000137	0.000159	0.000137	0
YEL_USD	2018-12-16	0.000137	0.000136	0.000142	0.000136	0
YEL_USD	2018-12-15	0.000136	0.000135	0.000137	0.000132	0
YEL_USD	2018-12-14	0.000135	0.000139	0.000140	0.000133	0
YEL_USD	2018-12-13	0.000139	0.000146	0.000147	0.000137	0
YEL_USD	2018-12-12	0.000146	0.000141	0.000149	0.000140	0
YEL_USD	2018-12-11	0.000142	0.000626	0.000626	0.000139	0
YEL_USD	2018-12-10	0.000625	0.000650	0.000663	0.000614	0
YEL_USD	2018-12-09	0.000651	0.000629	0.000693	0.000615	0
YEL_USD	2018-12-08	0.000629	0.000643	0.000675	0.000581	0
YEL_USD	2018-12-07	0.000643	0.000624	0.000670	0.000563	0
YEL_USD	2018-12-06	0.000627	0.000696	0.000714	0.000621	0
YEL_USD	2018-12-05	0.000695	0.000751	0.000754	0.000694	0
YEL_USD	2018-12-04	0.000751	0.000741	0.000781	0.000722	0
YEL_USD	2018-12-03	0.000741	0.000794	0.000796	0.000725	0
YEL_USD	2018-12-02	0.000792	0.000811	0.000827	0.000791	0
YEL_USD	2018-12-01	0.000811	0.000771	0.000830	0.000758	0
YEL_USD	2018-11-30	0.000771	0.000804	0.000818	0.000760	0
YEL_USD	2018-11-29	0.000804	0.000841	0.000847	0.000781	0
YEL_USD	2018-11-28	0.000841	0.000758	0.000866	0.000758	0
YEL_USD	2018-11-27	0.000758	0.000750	0.000776	0.000699	0
YEL_USD	2018-11-26	0.000750	0.000805	0.000822	0.000726	0
YEL_USD	2018-11-25	0.000808	0.000782	0.000820	0.000703	0
YEL_USD	2018-11-24	0.000782	0.000849	0.000879	0.000759	0
YEL_USD	2018-11-23	0.000849	0.000856	0.000871	0.000814	0
YEL_USD	2018-11-22	0.000864	0.000938	0.000950	0.000864	0
YEL_USD	2018-11-21	0.000941	0.000913	0.000959	0.000865	0
YEL_USD	2018-11-20	0.000912	0.001026	0.001045	0.000869	0
YEL_USD	2018-11-19	0.001026	0.001213	0.001213	0.001007	0
YEL_USD	2018-11-18	0.001213	0.001193	0.001233	0.001193	0
YEL_USD	2018-11-17	0.001193	0.001201	0.001204	0.001181	0
YEL_USD	2018-11-16	0.001201	0.001249	0.001252	0.001178	0
YEL_USD	2018-11-15	0.001249	0.001269	0.001283	0.001167	0
YEL_USD	2018-11-14	0.001260	0.001423	0.001432	0.001206	0
YEL_USD	2018-11-13	0.001425	0.001442	0.001447	0.001418	0
YEL_USD	2018-11-12	0.001442	0.001444	0.001452	0.001430	0
YEL_USD	2018-11-11	0.001447	0.001445	0.001449	0.001417	0
YEL_USD	2018-11-10	0.001445	0.001431	0.001461	0.001427	0
YEL_USD	2018-11-09	0.001431	0.001442	0.001460	0.001421	0
YEL_USD	2018-11-08	0.001442	0.001485	0.001495	0.001442	0
YEL_USD	2018-11-07	0.001485	0.001497	0.001526	0.001473	0
YEL_USD	2018-11-06	0.001497	0.001430	0.001498	0.001418	0
YEL_USD	2018-11-05	0.001430	0.001438	0.001442	0.001410	0
YEL_USD	2018-11-04	0.001438	0.001357	0.001480	0.001350	0
YEL_USD	2018-11-03	0.001357	0.001371	0.001373	0.001351	0
YEL_USD	2018-11-02	0.001371	0.001354	0.001380	0.001354	0
YEL_USD	2018-11-01	0.001354	0.001347	0.001357	0.001343	0
YEL_USD	2018-10-31	0.001347	0.001339	0.001355	0.001312	0
YEL_USD	2018-10-30	0.001339	0.001335	0.001345	0.001329	0
YEL_USD	2018-10-29	0.001335	0.001390	0.001392	0.001327	0
YEL_USD	2018-10-28	0.001390	0.001385	0.001392	0.001382	0
YEL_USD	2018-10-27	0.001385	0.001390	0.001395	0.001377	0
YEL_USD	2018-10-26	0.001390	0.001381	0.001411	0.001379	0
YEL_USD	2018-10-25	0.001381	0.001391	0.001395	0.001376	0
YEL_USD	2018-10-24	0.001391	0.001396	0.001409	0.001391	0
YEL_USD	2018-10-23	0.001396	0.001398	0.001408	0.001376	0
YEL_USD	2018-10-22	0.001398	0.001405	0.001415	0.001392	0
YEL_USD	2018-10-21	0.001404	0.001411	0.001432	0.001404	0
YEL_USD	2018-10-20	0.001411	0.001389	0.001422	0.001380	0
YEL_USD	2018-10-19	0.001389	0.001397	0.001405	0.001383	0
YEL_USD	2018-10-18	0.001397	0.001444	0.001455	0.001382	0
YEL_USD	2018-10-17	0.001444	0.001459	0.001469	0.001426	0
YEL_USD	2018-10-16	0.001459	0.001451	0.001481	0.001434	0
YEL_USD	2018-10-15	0.001451	0.001335	0.001612	0.001319	0
YEL_USD	2018-10-14	0.001334	0.001364	0.001378	0.001325	0
YEL_USD	2018-10-13	0.001365	0.001336	0.001373	0.001335	0
YEL_USD	2018-10-12	0.001337	0.001296	0.001364	0.001292	0
YEL_USD	2018-10-11	0.001294	0.001537	0.001537	0.001289	0
YEL_USD	2018-10-10	0.001537	0.001549	0.001550	0.001519	0
YEL_USD	2018-10-09	0.001549	0.001561	0.001566	0.001540	0
YEL_USD	2018-10-08	0.001561	0.001534	0.001575	0.001521	0
YEL_USD	2018-10-07	0.001534	0.001528	0.001543	0.001503	0
YEL_USD	2018-10-06	0.001528	0.001550	0.001553	0.001515	0
YEL_USD	2018-10-05	0.001550	0.001507	0.001569	0.001491	0
YEL_USD	2018-10-04	0.001507	0.001496	0.001536	0.001490	0
YEL_USD	2018-10-03	0.001495	0.001531	0.001535	0.001467	0
YEL_USD	2018-10-02	0.001533	0.001570	0.001575	0.001523	0
YEL_USD	2018-10-01	0.001569	0.001578	0.001593	0.001530	0
YEL_USD	2018-09-30	0.001578	0.001574	0.001619	0.001534	0
YEL_USD	2018-09-29	0.001574	0.001505	0.001609	0.001451	0
YEL_USD	2018-09-28	0.001505	0.001557	0.001584	0.001458	0
YEL_USD	2018-09-27	0.001555	0.001452	0.001577	0.001429	0
YEL_USD	2018-09-26	0.001455	0.001490	0.001509	0.001406	0
YEL_USD	2018-09-25	0.001481	0.001545	0.001545	0.001380	0
YEL_USD	2018-09-24	0.001545	0.001659	0.001667	0.001530	0
YEL_USD	2018-09-23	0.001659	0.001634	0.001691	0.001609	0
YEL_USD	2018-09-22	0.001633	0.001680	0.001728	0.001582	0
YEL_USD	2018-09-21	0.001682	0.001532	0.001706	0.001503	0
YEL_USD	2018-09-20	0.001532	0.001424	0.001553	0.001404	0
YEL_USD	2018-09-19	0.001423	0.001416	0.001448	0.001336	0
YEL_USD	2018-09-18	0.001416	0.001333	0.001452	0.001317	0
YEL_USD	2018-09-17	0.001333	0.001493	0.001524	0.001306	0
YEL_USD	2018-09-16	0.001493	0.001504	0.001515	0.001390	0
YEL_USD	2018-09-15	0.001510	0.001410	0.001543	0.001410	0
YEL_USD	2018-09-14	0.001425	0.001428	0.001515	0.001378	0
YEL_USD	2018-09-13	0.001428	0.001242	0.001456	0.001242	0
YEL_USD	2018-09-12	0.001242	0.001253	0.001254	0.001138	0
YEL_USD	2018-09-11	0.001257	0.001335	0.001349	0.001208	0
YEL_USD	2018-09-10	0.001335	0.001329	0.001373	0.001268	0
YEL_USD	2018-09-09	0.001326	0.001334	0.001413	0.001259	0
YEL_USD	2018-09-08	0.001334	0.001460	0.001491	0.001295	0
YEL_USD	2018-09-07	0.001460	0.001558	0.001588	0.001449	0
YEL_USD	2018-09-06	0.001558	0.001546	0.001572	0.001438	0
YEL_USD	2018-09-05	0.001546	0.001935	0.001950	0.001538	0
YEL_USD	2018-09-04	0.001935	0.001959	0.001985	0.001917	0
YEL_USD	2018-09-03	0.001961	0.001995	0.002009	0.001941	0
YEL_USD	2018-09-02	0.001995	0.002017	0.002030	0.001963	0
YEL_USD	2018-09-01	0.002017	0.002218	0.002278	0.001940	0
YEL_USD	2018-08-31	0.002218	0.002236	0.002242	0.002177	0
YEL_USD	2018-08-30	0.002237	0.002273	0.002290	0.002144	0
YEL_USD	2018-08-29	0.002275	0.002326	0.002336	0.002238	0
YEL_USD	2018-08-28	0.002326	0.002266	0.002344	0.002226	0
YEL_USD	2018-08-27	0.002258	0.002159	0.002258	0.002140	0
YEL_USD	2018-08-26	0.002159	0.002182	0.002185	0.002121	0
YEL_USD	2018-08-25	0.002182	0.002214	0.002225	0.002178	0
YEL_USD	2018-08-24	0.002214	0.002172	0.002227	0.002129	0
YEL_USD	2018-08-23	0.002171	0.002128	0.002204	0.002112	0
YEL_USD	2018-08-22	0.002124	0.002212	0.002354	0.002048	0
YEL_USD	2018-08-21	0.002212	0.002128	0.002249	0.002124	0
YEL_USD	2018-08-20	0.002127	0.002355	0.002390	0.002121	0
YEL_USD	2018-08-19	0.002356	0.002316	0.002412	0.002273	0
YEL_USD	2018-08-18	0.002314	0.002499	0.002526	0.002226	0
YEL_USD	2018-08-17	0.002496	0.002255	0.002504	0.002246	0
YEL_USD	2018-08-16	0.002258	0.001584	0.002268	0.001567	0
YEL_USD	2018-08-15	0.001583	0.001569	0.001713	0.001561	0
YEL_USD	2018-08-14	0.001567	0.001600	0.001600	0.001414	0
YEL_USD	2018-08-13	0.001600	0.001793	0.001814	0.001582	0
YEL_USD	2018-08-12	0.001793	0.001791	0.001844	0.001775	0
YEL_USD	2018-08-11	0.001793	0.001870	0.001873	0.001720	0
YEL_USD	2018-08-10	0.001870	0.002048	0.002060	0.001839	0
YEL_USD	2018-08-09	0.002047	0.002005	0.002085	0.001977	0
YEL_USD	2018-08-08	0.002004	0.002128	0.002143	0.001968	0
YEL_USD	2018-08-07	0.002129	0.002283	0.002313	0.002079	0
YEL_USD	2018-08-06	0.002283	0.002304	0.002326	0.002262	0
YEL_USD	2018-08-05	0.002303	0.002293	0.002329	0.002253	0
YEL_USD	2018-08-04	0.002292	0.002353	0.002361	0.002264	0
YEL_USD	2018-08-03	0.002353	0.002315	0.002365	0.002243	0
YEL_USD	2018-08-02	0.002315	0.002367	0.002390	0.002298	0
YEL_USD	2018-08-01	0.002366	0.002437	0.002451	0.002299	0
YEL_USD	2018-07-31	0.002436	0.002573	0.002578	0.002410	0
YEL_USD	2018-07-30	0.002573	0.002628	0.002643	0.002517	0
YEL_USD	2018-07-29	0.002629	0.002708	0.002708	0.002601	0
YEL_USD	2018-07-28	0.002708	0.002708	0.002708	0.002708	0
YEL_USD	2018-07-27	0.002708	0.002708	0.002708	0.002708	0
YEL_USD	2018-07-26	0.002708	0.002661	0.002730	0.002661	0
YEL_USD	2018-07-25	0.002659	0.002697	0.002733	0.002616	0
YEL_USD	2018-07-24	0.002706	0.002533	0.002730	0.002528	0
YEL_USD	2018-07-23	0.002532	0.002577	0.002649	0.002517	0
YEL_USD	2018-07-22	0.002581	0.002596	0.002659	0.002564	0
YEL_USD	2018-07-21	0.002596	0.002531	0.002639	0.002491	0
YEL_USD	2018-07-20	0.002531	0.002641	0.002643	0.002481	0
YEL_USD	2018-07-19	0.002641	0.002696	0.002728	0.002609	0
YEL_USD	2018-07-18	0.002696	0.002812	0.002904	0.002647	0
YEL_USD	2018-07-17	0.002812	0.002696	0.002881	0.002627	0
YEL_USD	2018-07-16	0.002700	0.002535	0.002708	0.002509	0
YEL_USD	2018-07-15	0.002535	0.002443	0.002565	0.002430	0
YEL_USD	2018-07-14	0.002443	0.002435	0.002475	0.002411	0
YEL_USD	2018-07-13	0.002434	0.002423	0.002491	0.002400	0
YEL_USD	2018-07-12	0.002419	0.002512	0.002512	0.002354	0
YEL_USD	2018-07-11	0.002508	0.002439	0.002519	0.002395	0
YEL_USD	2018-07-10	0.002437	0.002654	0.002666	0.002411	0
YEL_USD	2018-07-09	0.002650	0.002739	0.002749	0.002641	0
YEL_USD	2018-07-08	0.002739	0.002743	0.002791	0.002719	0
YEL_USD	2018-07-07	0.002743	0.002651	0.002754	0.002603	0
YEL_USD	2018-07-06	0.002648	0.002633	0.002674	0.002547	0
YEL_USD	2018-07-05	0.002638	0.002631	0.002697	0.002585	0
YEL_USD	2018-07-04	0.002634	0.002607	0.002688	0.002544	0
YEL_USD	2018-07-03	0.002602	0.002688	0.002742	0.002594	0
YEL_USD	2018-07-02	0.002687	0.002547	0.002716	0.000000	0
YEL_USD	2018-07-01	0.002547	0.002557	0.002575	0.002507	0
YEL_USD	2018-06-30	0.002558	0.002455	0.002610	0.002455	0
YEL_USD	2018-06-29	0.002456	0.002367	0.002494	0.002282	0
YEL_USD	2018-06-28	0.002376	0.002491	0.002499	0.002354	0
YEL_USD	2018-06-27	0.002489	0.002419	0.002512	0.002364	0
YEL_USD	2018-06-26	0.002424	0.002594	0.002599	0.002418	0
YEL_USD	2018-06-25	0.002586	0.002553	0.002665	0.002510	0
YEL_USD	2018-06-24	0.002566	0.002674	0.002679	0.002372	0
YEL_USD	2018-06-23	0.002668	0.002606	0.002708	0.002562	0
YEL_USD	2018-06-22	0.002602	0.002964	0.002965	0.002531	0
YEL_USD	2018-06-21	0.002965	0.003022	0.003073	0.002941	0
YEL_USD	2018-06-20	0.003022	0.004233	0.004259	0.003001	0
YEL_USD	2018-06-19	0.004238	0.004078	0.004312	0.004054	0
YEL_USD	2018-06-18	0.004074	0.003912	0.004118	0.003838	0
YEL_USD	2018-06-17	0.003903	0.003910	0.003996	0.003884	0
YEL_USD	2018-06-16	0.003910	0.003831	0.003958	0.003808	0
YEL_USD	2018-06-15	0.003835	0.004093	0.004099	0.003805	0
YEL_USD	2018-06-14	0.004079	0.003749	0.004131	0.003618	0
YEL_USD	2018-06-13	0.003747	0.003886	0.003944	0.003544	0
YEL_USD	2018-06-12	0.003884	0.004177	0.004250	0.003807	0
YEL_USD	2018-06-11	0.004179	0.004120	0.004213	0.004010	0
YEL_USD	2018-06-10	0.004119	0.004651	0.004651	0.003947	0
YEL_USD	2018-06-09	0.004668	0.004721	0.004797	0.004659	0
YEL_USD	2018-06-08	0.004721	0.004756	0.004788	0.004667	0
YEL_USD	2018-06-07	0.004764	0.004785	0.004857	0.004715	0
YEL_USD	2018-06-06	0.004774	0.004799	0.004814	0.004668	0
YEL_USD	2018-06-05	0.004791	0.004667	0.004826	0.004534	0
YEL_USD	2018-06-04	0.004652	0.004881	0.004919	0.004565	0
YEL_USD	2018-06-03	0.004875	0.004358	0.004887	0.004352	0
YEL_USD	2018-06-02	0.004355	0.004285	0.004424	0.004238	0
YEL_USD	2018-06-01	0.004272	0.004254	0.004349	0.004162	0
YEL_USD	2018-05-31	0.004263	0.004108	0.004323	0.004086	0
YEL_USD	2018-05-30	0.004110	0.004185	0.004316	0.003998	0
YEL_USD	2018-05-29	0.004164	0.003776	0.004221	0.003769	0
YEL_USD	2018-05-28	0.003776	0.004196	0.004233	0.003711	0
YEL_USD	2018-05-27	0.004196	0.004319	0.004358	0.004089	0
YEL_USD	2018-05-26	0.004319	0.004310	0.004474	0.004264	0
YEL_USD	2018-05-25	0.004310	0.004446	0.004541	0.004191	0
YEL_USD	2018-05-24	0.004446	0.004263	0.004488	0.003990	0
YEL_USD	2018-05-23	0.004256	0.004723	0.004790	0.004162	0
YEL_USD	2018-05-22	0.004730	0.005487	0.005495	0.004707	0
YEL_USD	2018-05-21	0.005478	0.005276	0.005510	0.005065	0
YEL_USD	2018-05-20	0.005275	0.005136	0.005330	0.005070	0
YEL_USD	2018-05-19	0.005131	0.005115	0.005288	0.005030	0
YEL_USD	2018-05-18	0.005114	0.004925	0.005124	0.004850	0
YEL_USD	2018-05-17	0.004934	0.005225	0.005303	0.004880	0
YEL_USD	2018-05-16	0.005220	0.005207	0.005241	0.004989	0
YEL_USD	2018-05-15	0.005207	0.005372	0.005456	0.005132	0
YEL_USD	2018-05-14	0.005372	0.005382	0.005480	0.005064	0
YEL_USD	2018-05-13	0.005382	0.005042	0.005460	0.004939	0
YEL_USD	2018-05-12	0.005036	0.005006	0.005099	0.004712	0
YEL_USD	2018-05-11	0.004989	0.005341	0.005436	0.004918	0
YEL_USD	2018-05-10	0.005343	0.005551	0.005669	0.005339	0
YEL_USD	2018-05-09	0.005551	0.005524	0.005614	0.005245	0
YEL_USD	2018-05-08	0.005531	0.005969	0.006153	0.000008	0
YEL_USD	2018-05-07	0.005999	0.006303	0.006336	0.005487	0
YEL_USD	2018-05-06	0.006302	0.006508	0.006654	0.005994	0
YEL_USD	2018-05-05	0.006504	0.006237	0.006590	0.006210	0
YEL_USD	2018-05-04	0.006237	0.006274	0.006503	0.006125	0
YEL_USD	2018-05-03	0.006274	0.005538	0.006359	0.005531	0
YEL_USD	2018-05-02	0.005538	0.005402	0.005567	0.005348	0
YEL_USD	2018-05-01	0.005402	0.005391	0.005435	0.005061	0
YEL_USD	2018-04-30	0.005385	0.005562	0.005589	0.005341	0
YEL_USD	2018-04-29	0.005558	0.004631	0.005611	0.004631	0
YEL_USD	2018-04-28	0.004636	0.004363	0.004707	0.004342	0
YEL_USD	2018-04-27	0.004367	0.004494	0.004651	0.004345	0
YEL_USD	2018-04-26	0.004493	0.004905	0.004962	0.004161	0
YEL_USD	2018-04-25	0.004905	0.005581	0.005586	0.004739	0
YEL_USD	2018-04-24	0.005593	0.005113	0.005652	0.005113	0
YEL_USD	2018-04-23	0.005115	0.004924	0.005148	0.004918	0
YEL_USD	2018-04-22	0.004930	0.004807	0.005110	0.004702	0
YEL_USD	2018-04-21	0.004807	0.004896	0.004960	0.004573	0
YEL_USD	2018-04-20	0.004888	0.004501	0.004928	0.004431	0
YEL_USD	2018-04-19	0.004497	0.004194	0.004526	0.004165	0
YEL_USD	2018-04-18	0.004192	0.004012	0.004201	0.004002	0
YEL_USD	2018-04-17	0.004017	0.004079	0.004159	0.004000	0
YEL_USD	2018-04-16	0.004080	0.004259	0.004285	0.003982	0
YEL_USD	2018-04-15	0.004251	0.004006	0.004260	0.004006	0
YEL_USD	2018-04-14	0.004006	0.003941	0.004101	0.003883	0
YEL_USD	2018-04-13	0.003929	0.003938	0.004213	0.003846	0
YEL_USD	2018-04-12	0.003944	0.003425	0.003974	0.003304	0
YEL_USD	2018-04-11	0.003429	0.003311	0.003454	0.003287	0
YEL_USD	2018-04-10	0.003310	0.003180	0.003332	0.003121	0
YEL_USD	2018-04-09	0.003171	0.003193	0.003435	0.003089	0
YEL_USD	2018-04-08	0.003197	0.002891	0.003221	0.002891	0
YEL_USD	2018-04-07	0.002891	0.002936	0.003133	0.002885	0
YEL_USD	2018-04-06	0.002936	0.003030	0.003059	0.002887	0
YEL_USD	2018-04-05	0.003025	0.003001	0.003070	0.002907	0
YEL_USD	2018-04-04	0.003005	0.003844	0.003857	0.002965	0
YEL_USD	2018-04-03	0.003849	0.003572	0.003872	0.003520	0
YEL_USD	2018-04-02	0.003572	0.003003	0.003650	0.002976	0
YEL_USD	2018-04-01	0.003004	0.004128	0.004184	0.002855	0
YEL_USD	2018-03-31	0.004128	0.004123	0.004389	0.004086	0
YEL_USD	2018-03-30	0.004122	0.004033	0.004310	0.003831	0
YEL_USD	2018-03-29	0.004033	0.004677	0.004704	0.003987	0
YEL_USD	2018-03-28	0.004676	0.004705	0.004884	0.004620	0
YEL_USD	2018-03-27	0.004705	0.005105	0.005159	0.004684	0
YEL_USD	2018-03-26	0.005119	0.005491	0.005516	0.004903	0
YEL_USD	2018-03-25	0.005485	0.005447	0.005612	0.005388	0
YEL_USD	2018-03-24	0.005447	0.005711	0.005723	0.005447	0
YEL_USD	2018-03-23	0.005696	0.005662	0.005696	0.005312	0
YEL_USD	2018-03-22	0.005659	0.005868	0.006059	0.005415	0
YEL_USD	2018-03-21	0.005871	0.005845	0.006184	0.005725	0
YEL_USD	2018-03-20	0.005840	0.005825	0.005943	0.005420	0
YEL_USD	2018-03-19	0.005827	0.005637	0.005856	0.005407	0
YEL_USD	2018-03-18	0.005631	0.005764	0.005887	0.004773	0
YEL_USD	2018-03-17	0.005783	0.006297	0.006394	0.005703	0
YEL_USD	2018-03-16	0.006311	0.006556	0.006607	0.006256	0
YEL_USD	2018-03-15	0.006548	0.006567	0.006661	0.006141	0
YEL_USD	2018-03-14	0.006558	0.007401	0.007550	0.006297	0
YEL_USD	2018-03-13	0.007398	0.007488	0.007675	0.007290	0
YEL_USD	2018-03-12	0.007480	0.007738	0.007953	0.007283	0
YEL_USD	2018-03-11	0.007741	0.007307	0.007896	0.007099	0
YEL_USD	2018-03-10	0.007313	0.007427	0.007962	0.007270	0
YEL_USD	2018-03-09	0.007440	0.007148	0.007460	0.006630	0
YEL_USD	2018-03-08	0.007154	0.008054	0.008163	0.007128	0
