YOU_USD	2019-04-08	0.0523	0.0645	0.0645	0.0523	15098
YOU_USD	2019-04-07	0.0645	0.0655	0.0655	0.0645	14611
YOU_USD	2019-04-06	0.0655	0.0655	0.0668	0.0655	8287
YOU_USD	2019-04-05	0.0655	0.0655	0.0655	0.0655	0
YOU_USD	2019-04-04	0.0655	0.0710	0.1410	0.0655	15232
YOU_USD	2019-04-03	0.0710	0.0706	0.2900	0.0705	14474
YOU_USD	2019-04-02	0.0706	0.0710	0.2967	0.0706	768
YOU_USD	2019-04-01	0.0710	0.0700	0.2993	0.0700	12953
YOU_USD	2019-03-31	0.0700	0.0700	0.3679	0.0700	18329
YOU_USD	2019-03-30	0.0700	0.3685	0.3692	0.0700	734
YOU_USD	2019-03-29	0.3685	0.3736	0.3787	0.3659	10111
YOU_USD	2019-03-28	0.3736	0.3794	0.3794	0.3732	24283
YOU_USD	2019-03-27	0.3794	0.1981	0.4250	0.0999	18064
YOU_USD	2019-03-26	0.1981	0.4231	0.4247	0.1978	39208
YOU_USD	2019-03-25	0.4231	0.4223	0.4237	0.4198	11786
YOU_USD	2019-03-24	0.4223	0.4253	0.4262	0.4212	115626
YOU_USD	2019-03-23	0.4253	0.4435	0.4453	0.4251	24944
YOU_USD	2019-03-22	0.4435	0.4217	0.4525	0.2503	35714
YOU_USD	2019-03-21	0.4217	0.4198	0.4242	0.4187	20125
YOU_USD	2019-03-20	0.4198	0.4016	0.4552	0.3987	27026
YOU_USD	2019-03-19	0.4016	0.2777	0.4989	0.2763	320935
YOU_USD	2019-03-18	0.2777	0.3993	0.3996	0.2678	9462
YOU_USD	2019-03-17	0.3993	0.4488	0.4979	0.0702	116724
YOU_USD	2019-03-16	0.4488	0.4813	0.4820	0.4450	194735
YOU_USD	2019-03-15	0.4813	0.4800	0.4822	0.4797	99749
YOU_USD	2019-03-14	0.4800	0.4810	0.4817	0.4798	84508
YOU_USD	2019-03-13	0.4810	0.4980	0.4980	0.4803	106293
YOU_USD	2019-03-12	0.4980	0.5027	0.5092	0.0350	156783
YOU_USD	2019-03-11	0.5027	0.5090	0.6999	0.0049	416208
YOU_USD	2019-03-10	0.5085	0.5086	0.5111	0.5005	71439
YOU_USD	2019-03-09	0.5086	0.5084	0.5111	0.4366	136148
YOU_USD	2019-03-08	0.5084	0.5076	0.5094	0.5055	128925
YOU_USD	2019-03-07	0.5076	0.5066	0.5086	0.4831	282004
YOU_USD	2019-03-06	0.5066	0.5067	0.5075	0.5056	240443
YOU_USD	2019-03-05	0.5067	0.5075	0.5079	0.5050	100947
YOU_USD	2019-03-04	0.5075	0.5071	0.5085	0.5058	142087
YOU_USD	2019-03-03	0.5071	0.5057	0.5086	0.5057	162708
YOU_USD	2019-03-02	0.5057	0.5059	0.5071	0.5044	201206
YOU_USD	2019-03-01	0.5059	0.5059	0.5071	0.5045	219064
YOU_USD	2019-02-28	0.5059	0.5061	0.5071	0.5048	303660
YOU_USD	2019-02-27	0.5061	0.5063	0.5071	0.5054	423082
YOU_USD	2019-02-26	0.5063	0.5067	0.5071	0.5050	244251
YOU_USD	2019-02-25	0.5067	0.5104	0.5114	0.5060	28954
YOU_USD	2019-02-24	0.5104	0.5239	0.5250	0.5098	74113
YOU_USD	2019-02-23	0.5239	0.5264	0.5281	0.5239	8892
YOU_USD	2019-02-22	0.5264	0.5257	0.5285	0.5232	129793
YOU_USD	2019-02-21	0.5257	0.5222	0.5287	0.5138	218980
YOU_USD	2019-02-20	0.5222	0.5262	0.5283	0.5198	249474
YOU_USD	2019-02-19	0.5262	0.5270	0.5286	0.5100	130901
YOU_USD	2019-02-18	0.5270	0.4932	0.5300	0.4890	592250
YOU_USD	2019-02-17	0.4932	0.4709	0.4970	0.4690	281371
YOU_USD	2019-02-16	0.4709	0.5051	0.5111	0.4491	180045
YOU_USD	2019-02-15	0.5051	0.5468	0.5545	0.5033	238083
YOU_USD	2019-02-14	0.5518	0.5924	0.6000	0.5119	249512
YOU_USD	2019-02-13	0.5924	0.5132	0.6129	0.5108	530823
YOU_USD	2019-02-12	0.5132	0.5421	0.5539	0.5023	499914
YOU_USD	2019-02-11	0.5421	0.5668	0.5805	0.5384	247373
