YOYOW_USD	2019-04-09	0.026001	0.025757	0.027893	0.025757	187496
YOYOW_USD	2019-04-08	0.025757	0.027000	0.028000	0.025616	142695
YOYOW_USD	2019-04-07	0.027000	0.025000	0.027500	0.025000	55893
YOYOW_USD	2019-04-06	0.025000	0.025706	0.026599	0.024072	51722
YOYOW_USD	2019-04-05	0.025706	0.024919	0.026400	0.024180	117150
YOYOW_USD	2019-04-04	0.024919	0.023557	0.025810	0.023557	304969
YOYOW_USD	2019-04-03	0.023557	0.024333	0.026599	0.023557	573628
YOYOW_USD	2019-04-02	0.024333	0.024500	0.025499	0.022689	598467
YOYOW_USD	2019-04-01	0.024500	0.023500	0.024500	0.022468	253873
YOYOW_USD	2019-03-31	0.022994	0.021160	0.022994	0.021160	364245
YOYOW_USD	2019-03-30	0.021160	0.021631	0.022764	0.020900	842184
YOYOW_USD	2019-03-29	0.021631	0.022214	0.023458	0.021185	125773
YOYOW_USD	2019-03-28	0.022214	0.023000	0.023000	0.021075	226104
YOYOW_USD	2019-03-27	0.023000	0.021050	0.024000	0.020353	886709
YOYOW_USD	2019-03-26	0.021050	0.018010	0.023000	0.018010	275009
YOYOW_USD	2019-03-25	0.018010	0.019394	0.019500	0.018010	316059
YOYOW_USD	2019-03-24	0.019394	0.019000	0.019394	0.018490	292939
YOYOW_USD	2019-03-23	0.019000	0.019099	0.020047	0.019000	58361
YOYOW_USD	2019-03-22	0.019099	0.018861	0.020042	0.018861	53396
YOYOW_USD	2019-03-21	0.018861	0.021994	0.021994	0.018860	162084
YOYOW_USD	2019-03-20	0.021994	0.020050	0.021994	0.019514	39835
YOYOW_USD	2019-03-19	0.020050	0.021011	0.021011	0.020050	40941
YOYOW_USD	2019-03-18	0.021011	0.020162	0.021011	0.020016	32892
YOYOW_USD	2019-03-17	0.020162	0.022311	0.022311	0.020162	69682
YOYOW_USD	2019-03-16	0.022311	0.021750	0.022529	0.020023	179978
YOYOW_USD	2019-03-15	0.021750	0.019195	0.022000	0.018759	516695
YOYOW_USD	2019-03-14	0.019195	0.018263	0.019800	0.018210	48531
YOYOW_USD	2019-03-13	0.018263	0.018257	0.019463	0.018257	81237
YOYOW_USD	2019-03-12	0.018257	0.019150	0.020000	0.018047	104007
YOYOW_USD	2019-03-11	0.019150	0.017355	0.019200	0.017355	84419
YOYOW_USD	2019-03-10	0.017355	0.018000	0.018200	0.017144	136948
YOYOW_USD	2019-03-09	0.018000	0.018518	0.018518	0.016954	34210
YOYOW_USD	2019-03-08	0.018518	0.017810	0.018742	0.017810	10500
YOYOW_USD	2019-03-07	0.017810	0.017810	0.017810	0.017810	0
YOYOW_USD	2019-03-06	0.017810	0.017800	0.018550	0.017800	255650
YOYOW_USD	2019-03-05	0.017800	0.017200	0.018397	0.016818	128971
YOYOW_USD	2019-03-04	0.017200	0.016400	0.017900	0.016400	467730
YOYOW_USD	2019-03-03	0.016400	0.016724	0.017190	0.015791	734898
YOYOW_USD	2019-03-02	0.016724	0.017991	0.017991	0.016720	51991
YOYOW_USD	2019-03-01	0.017991	0.015961	0.017991	0.015961	47905
YOYOW_USD	2019-02-28	0.015961	0.016670	0.016670	0.015865	91716
YOYOW_USD	2019-02-27	0.016670	0.016652	0.017800	0.015851	110040
YOYOW_USD	2019-02-26	0.016652	0.016100	0.017841	0.015920	53484
YOYOW_USD	2019-02-25	0.016100	0.016010	0.017390	0.015616	45141
YOYOW_USD	2019-02-24	0.016010	0.017509	0.018999	0.016000	341583
YOYOW_USD	2019-02-23	0.017509	0.018111	0.019600	0.017501	618268
YOYOW_USD	2019-02-22	0.018111	0.018487	0.020195	0.018000	137962
YOYOW_USD	2019-02-21	0.018487	0.020136	0.020974	0.018160	299219
YOYOW_USD	2019-02-20	0.020136	0.017004	0.022000	0.016162	1265391
YOYOW_USD	2019-02-19	0.017004	0.015627	0.018000	0.015059	408980
YOYOW_USD	2019-02-18	0.015627	0.015411	0.015951	0.014738	55925
YOYOW_USD	2019-02-17	0.015411	0.014036	0.015412	0.014036	25635
YOYOW_USD	2019-02-16	0.014036	0.013395	0.015000	0.013395	11399
YOYOW_USD	2019-02-15	0.013395	0.014691	0.014899	0.013395	48543
YOYOW_USD	2019-02-14	0.014691	0.014499	0.014691	0.013293	47124
YOYOW_USD	2019-02-13	0.014499	0.014500	0.014500	0.014499	4944
YOYOW_USD	2019-02-12	0.014500	0.013980	0.014500	0.013980	5092
YOYOW_USD	2019-02-11	0.013980	0.015000	0.015000	0.013100	101514
YOYOW_USD	2019-02-10	0.015000	0.015000	0.015000	0.015000	0
YOYOW_USD	2019-02-09	0.015000	0.014596	0.015000	0.013667	79779
YOYOW_USD	2019-02-08	0.014596	0.013300	0.014596	0.013103	38505
YOYOW_USD	2019-02-07	0.013300	0.012970	0.013498	0.012957	95341
YOYOW_USD	2019-02-06	0.012970	0.013700	0.013700	0.012970	60594
YOYOW_USD	2019-02-05	0.013700	0.014075	0.014075	0.012701	83522
YOYOW_USD	2019-02-04	0.014075	0.014075	0.014075	0.013303	16836
YOYOW_USD	2019-02-03	0.014075	0.013375	0.014606	0.013300	38867
YOYOW_USD	2019-02-02	0.013375	0.013313	0.014491	0.013313	8000
YOYOW_USD	2019-02-01	0.013313	0.013811	0.013811	0.013300	70730
YOYOW_USD	2019-01-31	0.013811	0.013833	0.013833	0.013410	173013
YOYOW_USD	2019-01-30	0.013833	0.013613	0.015100	0.013610	135848
YOYOW_USD	2019-01-29	0.013613	0.013531	0.014153	0.013531	268006
YOYOW_USD	2019-01-28	0.013531	0.016390	0.016390	0.013500	372997
YOYOW_USD	2019-01-27	0.016390	0.016986	0.016986	0.015400	54772
YOYOW_USD	2019-01-26	0.016986	0.016100	0.016990	0.016100	55460
YOYOW_USD	2019-01-25	0.016100	0.016401	0.016990	0.016100	26117
YOYOW_USD	2019-01-24	0.016401	0.017000	0.018333	0.016137	607591
YOYOW_USD	2019-01-23	0.017000	0.017940	0.019000	0.016112	925124
YOYOW_USD	2019-01-22	0.017940	0.014336	0.017940	0.014336	873917
YOYOW_USD	2019-01-21	0.014336	0.014560	0.014590	0.014135	51809
YOYOW_USD	2019-01-20	0.014560	0.014827	0.014830	0.014047	27155
YOYOW_USD	2019-01-19	0.014827	0.015104	0.016200	0.014370	85369
YOYOW_USD	2019-01-18	0.015104	0.014436	0.015783	0.014408	89534
YOYOW_USD	2019-01-17	0.014436	0.014404	0.016300	0.014404	28875
YOYOW_USD	2019-01-16	0.014404	0.016196	0.016486	0.013584	356412
YOYOW_USD	2019-01-15	0.016196	0.013900	0.016200	0.013137	230565
YOYOW_USD	2019-01-14	0.013900	0.012700	0.013988	0.012700	142319
YOYOW_USD	2019-01-13	0.012700	0.013103	0.013988	0.012700	38101
YOYOW_USD	2019-01-12	0.013103	0.013743	0.013958	0.013100	31413
YOYOW_USD	2019-01-11	0.013743	0.014699	0.014699	0.013000	370868
YOYOW_USD	2019-01-10	0.014699	0.016195	0.016199	0.013051	109996
YOYOW_USD	2019-01-09	0.016195	0.015030	0.016996	0.015030	30658
YOYOW_USD	2019-01-08	0.015030	0.015796	0.015796	0.015030	64006
YOYOW_USD	2019-01-07	0.015796	0.015004	0.015804	0.015000	88522
YOYOW_USD	2019-01-06	0.015004	0.014110	0.015519	0.014110	110294
YOYOW_USD	2019-01-05	0.014110	0.015400	0.015400	0.014055	77926
YOYOW_USD	2019-01-04	0.015400	0.014246	0.015400	0.014019	34421
YOYOW_USD	2019-01-03	0.014246	0.014898	0.014996	0.014015	64059
YOYOW_USD	2019-01-02	0.014898	0.013700	0.014898	0.013700	18616
YOYOW_USD	2019-01-01	0.013700	0.013534	0.013700	0.013534	7811
YOYOW_USD	2018-12-31	0.013534	0.015400	0.015400	0.013534	47072
YOYOW_USD	2018-12-30	0.015400	0.014894	0.015881	0.014776	52707
YOYOW_USD	2018-12-29	0.014894	0.014609	0.015496	0.014177	44196
YOYOW_USD	2018-12-28	0.014609	0.013700	0.015961	0.013003	40299
YOYOW_USD	2018-12-27	0.013700	0.014402	0.014996	0.013700	54180
YOYOW_USD	2018-12-26	0.014402	0.014375	0.015396	0.014375	18139
YOYOW_USD	2018-12-25	0.014375	0.015804	0.015980	0.014309	402425
YOYOW_USD	2018-12-24	0.015804	0.015766	0.017941	0.015611	369444
YOYOW_USD	2018-12-23	0.015766	0.015155	0.016696	0.015155	47185
YOYOW_USD	2018-12-22	0.015155	0.014666	0.016376	0.014666	35388
YOYOW_USD	2018-12-21	0.014666	0.015200	0.016057	0.014563	156266
YOYOW_USD	2018-12-20	0.015200	0.014562	0.016383	0.014562	216199
YOYOW_USD	2018-12-19	0.014562	0.014400	0.015896	0.014032	258987
YOYOW_USD	2018-12-18	0.014400	0.014496	0.014496	0.013300	20898
YOYOW_USD	2018-12-17	0.014496	0.012500	0.014496	0.012028	465594
YOYOW_USD	2018-12-16	0.012500	0.011826	0.012700	0.011826	65457
YOYOW_USD	2018-12-15	0.011826	0.012100	0.012897	0.011627	92801
YOYOW_USD	2018-12-14	0.012100	0.013759	0.014019	0.012100	592687
YOYOW_USD	2018-12-13	0.013759	0.014629	0.014629	0.012601	173988
YOYOW_USD	2018-12-12	0.014629	0.013362	0.014630	0.012710	209463
YOYOW_USD	2018-12-11	0.013657	0.013320	0.013657	0.013074	112528
YOYOW_USD	2018-12-10	0.013320	0.014704	0.016095	0.013303	93874
YOYOW_USD	2018-12-09	0.014704	0.012403	0.016095	0.012403	351148
YOYOW_USD	2018-12-08	0.012403	0.013500	0.014550	0.012337	290247
YOYOW_USD	2018-12-07	0.013500	0.014400	0.015000	0.012303	487135
YOYOW_USD	2018-12-06	0.014400	0.016035	0.016873	0.014400	300496
YOYOW_USD	2018-12-05	0.016035	0.017004	0.017417	0.016035	108608
YOYOW_USD	2018-12-04	0.017004	0.018000	0.018395	0.016446	50521
YOYOW_USD	2018-12-03	0.018000	0.017889	0.018550	0.017550	60628
YOYOW_USD	2018-12-02	0.017889	0.018500	0.019291	0.017889	42203
YOYOW_USD	2018-12-01	0.018500	0.016500	0.019335	0.016500	267548
YOYOW_USD	2018-11-30	0.016500	0.018318	0.019064	0.016176	134231
YOYOW_USD	2018-11-29	0.018318	0.019155	0.020555	0.017458	1375269
YOYOW_USD	2018-11-28	0.019155	0.017781	0.019447	0.017300	270222
YOYOW_USD	2018-11-27	0.017781	0.015695	0.017781	0.015695	183203
YOYOW_USD	2018-11-26	0.015695	0.016967	0.019000	0.015010	330341
YOYOW_USD	2018-11-25	0.016967	0.016404	0.018337	0.015000	752121
YOYOW_USD	2018-11-24	0.016404	0.018400	0.019549	0.016000	612508
YOYOW_USD	2018-11-23	0.018400	0.018507	0.019662	0.017357	310409
YOYOW_USD	2018-11-22	0.018507	0.020395	0.021900	0.018507	268277
YOYOW_USD	2018-11-21	0.020395	0.021995	0.024235	0.020000	310904
YOYOW_USD	2018-11-20	0.021995	0.025700	0.025700	0.017700	752638
YOYOW_USD	2018-11-19	0.025700	0.030476	0.030751	0.023376	1233784
YOYOW_USD	2018-11-18	0.030476	0.025000	0.035990	0.025000	1542519
YOYOW_USD	2018-11-17	0.025000	0.026703	0.026992	0.024400	192034
YOYOW_USD	2018-11-16	0.026703	0.024323	0.026703	0.023000	232409
YOYOW_USD	2018-11-15	0.024323	0.028000	0.028500	0.022000	650832
YOYOW_USD	2018-11-14	0.028000	0.034159	0.034159	0.025100	1137947
YOYOW_USD	2018-11-13	0.034159	0.035000	0.035716	0.033100	330234
YOYOW_USD	2018-11-12	0.035000	0.034509	0.038500	0.034300	1591717
YOYOW_USD	2018-11-11	0.034509	0.035941	0.036491	0.034509	76022
YOYOW_USD	2018-11-10	0.035941	0.035000	0.036979	0.034836	102348
YOYOW_USD	2018-11-09	0.035000	0.034930	0.036327	0.034692	67234
YOYOW_USD	2018-11-08	0.034930	0.036200	0.036200	0.034781	162623
YOYOW_USD	2018-11-07	0.036200	0.036890	0.038000	0.035750	766317
YOYOW_USD	2018-11-06	0.036890	0.034957	0.037400	0.033800	566651
YOYOW_USD	2018-11-05	0.034957	0.037782	0.037782	0.032545	3659373
YOYOW_USD	2018-11-04	0.037782	0.039986	0.039986	0.035372	1037816
YOYOW_USD	2018-11-03	0.039986	0.039110	0.040650	0.038200	502554
YOYOW_USD	2018-11-02	0.039110	0.041000	0.048700	0.039110	1438518
YOYOW_USD	2018-11-01	0.041000	0.037086	0.041000	0.035609	677181
YOYOW_USD	2018-10-31	0.037086	0.033599	0.038600	0.033599	792486
YOYOW_USD	2018-10-30	0.033599	0.032810	0.035615	0.032000	558418
YOYOW_USD	2018-10-29	0.032810	0.034880	0.036488	0.032252	1157950
YOYOW_USD	2018-10-28	0.034880	0.032261	0.035712	0.032261	604710
YOYOW_USD	2018-10-27	0.032261	0.035077	0.036535	0.030570	1421279
YOYOW_USD	2018-10-26	0.035077	0.034526	0.035815	0.033470	386076
YOYOW_USD	2018-10-25	0.034526	0.032761	0.034540	0.032258	293150
YOYOW_USD	2018-10-24	0.032761	0.033297	0.034191	0.032014	208948
YOYOW_USD	2018-10-23	0.033297	0.033098	0.034691	0.032818	768861
YOYOW_USD	2018-10-22	0.033098	0.031298	0.034000	0.030500	396221
YOYOW_USD	2018-10-21	0.031298	0.032285	0.033000	0.030653	257439
YOYOW_USD	2018-10-20	0.032285	0.029830	0.032864	0.029300	284446
YOYOW_USD	2018-10-19	0.029830	0.030000	0.031158	0.029201	86487
YOYOW_USD	2018-10-18	0.030000	0.032353	0.032353	0.030000	132976
YOYOW_USD	2018-10-17	0.032353	0.031520	0.032856	0.029820	593267
YOYOW_USD	2018-10-16	0.031520	0.029617	0.031520	0.029111	899410
YOYOW_USD	2018-10-15	0.029617	0.028299	0.031181	0.028145	1645338
YOYOW_USD	2018-10-14	0.028299	0.030000	0.031556	0.028299	1039568
YOYOW_USD	2018-10-13	0.030000	0.027902	0.031000	0.027900	234819
YOYOW_USD	2018-10-12	0.027902	0.027211	0.028900	0.027000	240887
YOYOW_USD	2018-10-11	0.027211	0.033500	0.033500	0.027211	499595
YOYOW_USD	2018-10-10	0.033500	0.033011	0.034241	0.032430	93269
YOYOW_USD	2018-10-09	0.033011	0.037500	0.037500	0.033011	203996
YOYOW_USD	2018-10-08	0.037500	0.033983	0.037500	0.032237	615618
YOYOW_USD	2018-10-07	0.033983	0.032521	0.037300	0.032282	585111
YOYOW_USD	2018-10-06	0.032521	0.031046	0.035240	0.030089	791392
YOYOW_USD	2018-10-05	0.031046	0.032439	0.035000	0.030516	568646
YOYOW_USD	2018-10-04	0.032439	0.028607	0.032558	0.028607	558679
YOYOW_USD	2018-10-03	0.029590	0.027887	0.029590	0.026320	390546
YOYOW_USD	2018-10-02	0.027887	0.026158	0.027900	0.026158	156705
YOYOW_USD	2018-10-01	0.026158	0.026515	0.027297	0.026000	126598
YOYOW_USD	2018-09-30	0.026515	0.027926	0.027926	0.026076	187718
YOYOW_USD	2018-09-29	0.027926	0.026664	0.027936	0.025635	112060
YOYOW_USD	2018-09-28	0.026664	0.027825	0.029974	0.026111	462928
YOYOW_USD	2018-09-27	0.027825	0.025054	0.028988	0.025054	1195099
YOYOW_USD	2018-09-26	0.025054	0.024950	0.027200	0.024161	339579
YOYOW_USD	2018-09-25	0.024950	0.025560	0.025560	0.023500	324112
YOYOW_USD	2018-09-24	0.025560	0.026700	0.027700	0.024900	370806
YOYOW_USD	2018-09-23	0.026700	0.026800	0.028500	0.026392	1156236
YOYOW_USD	2018-09-22	0.026800	0.024505	0.026800	0.024200	195313
YOYOW_USD	2018-09-21	0.024505	0.024996	0.025494	0.023360	760907
YOYOW_USD	2018-09-20	0.024996	0.024092	0.024996	0.022503	227202
YOYOW_USD	2018-09-19	0.024092	0.023596	0.024200	0.022100	365473
YOYOW_USD	2018-09-18	0.023596	0.022641	0.024000	0.021000	402149
YOYOW_USD	2018-09-17	0.022641	0.024884	0.026800	0.022031	1249205
YOYOW_USD	2018-09-16	0.024884	0.020763	0.025000	0.020706	473358
YOYOW_USD	2018-09-15	0.020763	0.020760	0.021803	0.020234	379622
YOYOW_USD	2018-09-14	0.020760	0.020300	0.022000	0.020000	613064
YOYOW_USD	2018-09-13	0.020300	0.019279	0.021000	0.018440	755683
YOYOW_USD	2018-09-12	0.019279	0.019350	0.020000	0.017906	1367299
YOYOW_USD	2018-09-11	0.019350	0.020360	0.021653	0.019101	414152
YOYOW_USD	2018-09-10	0.020360	0.019646	0.021426	0.019459	583916
YOYOW_USD	2018-09-09	0.019646	0.019500	0.021220	0.018764	522289
YOYOW_USD	2018-09-08	0.019500	0.021100	0.022487	0.018946	534694
YOYOW_USD	2018-09-07	0.021100	0.021894	0.022489	0.020888	362361
YOYOW_USD	2018-09-06	0.021894	0.022522	0.022901	0.020519	825832
YOYOW_USD	2018-09-05	0.022522	0.027453	0.028123	0.021001	1565090
YOYOW_USD	2018-09-04	0.027453	0.026965	0.028423	0.026091	759744
YOYOW_USD	2018-09-03	0.026965	0.026033	0.027445	0.025700	187189
YOYOW_USD	2018-09-02	0.026033	0.027240	0.028500	0.025763	705415
YOYOW_USD	2018-09-01	0.027240	0.025593	0.028740	0.025593	799014
YOYOW_USD	2018-08-31	0.025593	0.026288	0.026979	0.024616	422833
YOYOW_USD	2018-08-30	0.026288	0.027100	0.027680	0.024105	575436
YOYOW_USD	2018-08-29	0.027100	0.028131	0.028814	0.026007	1164995
YOYOW_USD	2018-08-28	0.028131	0.027362	0.028999	0.026716	1822912
YOYOW_USD	2018-08-27	0.027362	0.025825	0.027999	0.025112	705785
YOYOW_USD	2018-08-26	0.025825	0.027347	0.027416	0.025117	616146
YOYOW_USD	2018-08-25	0.027347	0.028566	0.028719	0.026000	959808
YOYOW_USD	2018-08-24	0.028566	0.030715	0.030723	0.027000	1373532
YOYOW_USD	2018-08-23	0.030715	0.029711	0.032800	0.027332	733194
YOYOW_USD	2018-08-22	0.029711	0.030992	0.037905	0.028500	2063293
YOYOW_USD	2018-08-21	0.030992	0.025790	0.030992	0.025296	1357960
YOYOW_USD	2018-08-20	0.025790	0.026400	0.027800	0.025774	895133
YOYOW_USD	2018-08-19	0.026400	0.023818	0.026681	0.023818	398236
YOYOW_USD	2018-08-18	0.023818	0.026350	0.026980	0.023508	983344
YOYOW_USD	2018-08-17	0.026350	0.022046	0.026594	0.021500	1552454
YOYOW_USD	2018-08-16	0.022046	0.022104	0.023441	0.021292	441903
YOYOW_USD	2018-08-15	0.022104	0.021476	0.025671	0.021000	1409414
YOYOW_USD	2018-08-14	0.021476	0.022223	0.025600	0.018080	1712803
YOYOW_USD	2018-08-13	0.022223	0.024152	0.028000	0.022176	769714
YOYOW_USD	2018-08-12	0.024152	0.025500	0.027990	0.023369	932659
YOYOW_USD	2018-08-11	0.025500	0.029983	0.032000	0.023084	2642260
YOYOW_USD	2018-08-10	0.029983	0.029993	0.031392	0.026995	279992
YOYOW_USD	2018-08-09	0.029993	0.025944	0.031999	0.025944	513108
YOYOW_USD	2018-08-08	0.025944	0.033500	0.033500	0.025103	933085
YOYOW_USD	2018-08-07	0.033500	0.032172	0.040660	0.032172	1176682
YOYOW_USD	2018-08-06	0.032172	0.034620	0.036800	0.031512	514345
YOYOW_USD	2018-08-05	0.034620	0.030487	0.034620	0.030487	101812
YOYOW_USD	2018-08-04	0.030487	0.033514	0.035225	0.030487	591356
YOYOW_USD	2018-08-03	0.033514	0.037025	0.039000	0.032200	1085352
YOYOW_USD	2018-08-02	0.037025	0.040300	0.042313	0.035892	557702
YOYOW_USD	2018-08-01	0.040300	0.041515	0.043595	0.040000	922514
YOYOW_USD	2018-07-31	0.041515	0.047070	0.047070	0.041000	1467469
YOYOW_USD	2018-07-30	0.047070	0.053791	0.053791	0.045003	1001013
YOYOW_USD	2018-07-29	0.053791	0.054374	0.054520	0.051220	239347
YOYOW_USD	2018-07-28	0.054374	0.051685	0.054542	0.050724	224882
YOYOW_USD	2018-07-27	0.051685	0.051217	0.053594	0.050366	246972
YOYOW_USD	2018-07-26	0.051217	0.053979	0.055178	0.051214	389603
YOYOW_USD	2018-07-25	0.053979	0.052338	0.054340	0.051913	264231
YOYOW_USD	2018-07-24	0.052338	0.053000	0.053987	0.051010	787922
YOYOW_USD	2018-07-23	0.053000	0.053484	0.056964	0.052200	224246
YOYOW_USD	2018-07-22	0.053484	0.054639	0.057404	0.053484	73932
YOYOW_USD	2018-07-21	0.054639	0.055000	0.057200	0.052971	364610
YOYOW_USD	2018-07-20	0.055000	0.060000	0.060915	0.053631	599514
YOYOW_USD	2018-07-19	0.060000	0.060766	0.063799	0.058630	405498
YOYOW_USD	2018-07-18	0.060766	0.061000	0.063990	0.059010	720709
YOYOW_USD	2018-07-17	0.061000	0.058176	0.063124	0.056210	1069325
YOYOW_USD	2018-07-16	0.058176	0.054890	0.058176	0.052514	302609
YOYOW_USD	2018-07-15	0.054890	0.053897	0.054890	0.052001	103420
YOYOW_USD	2018-07-14	0.053897	0.052989	0.054169	0.050354	130569
YOYOW_USD	2018-07-13	0.052989	0.048935	0.054786	0.048935	377777
YOYOW_USD	2018-07-12	0.048935	0.058193	0.058193	0.048724	973822
YOYOW_USD	2018-07-11	0.058193	0.056130	0.059999	0.053000	1004962
YOYOW_USD	2018-07-10	0.056130	0.065145	0.065145	0.056117	945311
YOYOW_USD	2018-07-09	0.065145	0.064321	0.070000	0.063000	1195519
YOYOW_USD	2018-07-08	0.064321	0.065000	0.066923	0.062605	232836
YOYOW_USD	2018-07-07	0.065000	0.066131	0.066131	0.060000	188049
YOYOW_USD	2018-07-06	0.066131	0.062500	0.066131	0.060535	916103
YOYOW_USD	2018-07-05	0.062500	0.070772	0.072611	0.062210	863578
YOYOW_USD	2018-07-04	0.070772	0.062310	0.077057	0.062000	665118
YOYOW_USD	2018-07-03	0.062310	0.066017	0.067798	0.062211	583822
YOYOW_USD	2018-07-02	0.066017	0.061009	0.067906	0.058678	556702
YOYOW_USD	2018-07-01	0.061009	0.055900	0.061009	0.055900	60217
YOYOW_USD	2018-06-30	0.055900	0.055014	0.063000	0.055014	571428
YOYOW_USD	2018-06-29	0.055014	0.056407	0.057090	0.050930	553503
YOYOW_USD	2018-06-28	0.056383	0.059212	0.060875	0.056349	272075
YOYOW_USD	2018-06-27	0.060612	0.059000	0.060612	0.057100	45223
YOYOW_USD	2018-06-26	0.059990	0.060272	0.063200	0.058908	245452
YOYOW_USD	2018-06-25	0.063611	0.065889	0.065889	0.059643	145058
YOYOW_USD	2018-06-24	0.065889	0.067663	0.067663	0.058241	773872
YOYOW_USD	2018-06-23	0.067663	0.065962	0.067663	0.063785	156525
YOYOW_USD	2018-06-22	0.065962	0.078269	0.078300	0.063770	959124
YOYOW_USD	2018-06-21	0.078235	0.073059	0.079233	0.073059	274449
YOYOW_USD	2018-06-20	0.073000	0.077878	0.077878	0.072238	311765
YOYOW_USD	2018-06-19	0.077000	0.075970	0.079068	0.075729	254039
YOYOW_USD	2018-06-18	0.075970	0.075229	0.079900	0.070500	145755
YOYOW_USD	2018-06-17	0.076110	0.073132	0.076187	0.072791	54771
YOYOW_USD	2018-06-16	0.077686	0.074423	0.077841	0.073049	55249
YOYOW_USD	2018-06-15	0.074423	0.079970	0.079970	0.074019	173713
YOYOW_USD	2018-06-14	0.079970	0.072059	0.080980	0.070960	618947
YOYOW_USD	2018-06-13	0.072059	0.074149	0.078191	0.069010	323178
YOYOW_USD	2018-06-12	0.074149	0.078216	0.085530	0.074130	399242
YOYOW_USD	2018-06-11	0.081910	0.079003	0.082931	0.075000	322479
YOYOW_USD	2018-06-10	0.079003	0.093120	0.096000	0.077692	662857
YOYOW_USD	2018-06-09	0.093242	0.095644	0.098300	0.093242	1600890
YOYOW_USD	2018-06-08	0.095644	0.095110	0.105680	0.095010	1686525
YOYOW_USD	2018-06-07	0.095110	0.097413	0.098880	0.095020	257281
YOYOW_USD	2018-06-06	0.097413	0.099250	0.099250	0.094011	127553
YOYOW_USD	2018-06-05	0.099250	0.099209	0.099550	0.092023	281839
YOYOW_USD	2018-06-04	0.096708	0.106720	0.106720	0.096290	369420
YOYOW_USD	2018-06-03	0.106710	0.103910	0.106720	0.100990	197743
YOYOW_USD	2018-06-02	0.103910	0.099100	0.104480	0.098230	276969
YOYOW_USD	2018-06-01	0.099100	0.095188	0.102350	0.095114	714918
YOYOW_USD	2018-05-31	0.095030	0.090200	0.097000	0.090200	529056
YOYOW_USD	2018-05-30	0.090200	0.092600	0.097299	0.088503	420298
YOYOW_USD	2018-05-29	0.093930	0.085330	0.094496	0.082590	491064
YOYOW_USD	2018-05-28	0.085330	0.090608	0.092807	0.083000	310409
YOYOW_USD	2018-05-27	0.090608	0.094668	0.094668	0.090608	318240
YOYOW_USD	2018-05-26	0.094668	0.097715	0.099720	0.092001	395393
YOYOW_USD	2018-05-25	0.097715	0.100000	0.101810	0.096572	415727
YOYOW_USD	2018-05-24	0.100000	0.099340	0.102000	0.092850	569601
YOYOW_USD	2018-05-23	0.099155	0.108000	0.110930	0.095030	971459
YOYOW_USD	2018-05-22	0.108050	0.121270	0.122460	0.108000	798724
YOYOW_USD	2018-05-21	0.121270	0.129270	0.131350	0.119160	1523956
YOYOW_USD	2018-05-20	0.129270	0.122630	0.132990	0.122630	631885
YOYOW_USD	2018-05-19	0.122630	0.126650	0.128010	0.122200	891550
YOYOW_USD	2018-05-18	0.126650	0.121000	0.126650	0.120000	421839
YOYOW_USD	2018-05-17	0.121000	0.128050	0.134250	0.121000	355563
YOYOW_USD	2018-05-16	0.128050	0.127500	0.132820	0.120910	1217384
YOYOW_USD	2018-05-15	0.127500	0.138110	0.143920	0.127470	616971
YOYOW_USD	2018-05-14	0.138110	0.142140	0.144510	0.132120	834680
YOYOW_USD	2018-05-13	0.142140	0.134120	0.150500	0.131270	927174
YOYOW_USD	2018-05-12	0.134120	0.141840	0.160000	0.127000	2069675
YOYOW_USD	2018-05-11	0.141840	0.140040	0.144320	0.121680	1327882
YOYOW_USD	2018-05-10	0.140040	0.149850	0.165000	0.140000	1762065
YOYOW_USD	2018-05-09	0.149850	0.164810	0.164810	0.149850	1671314
YOYOW_USD	2018-05-08	0.164810	0.177620	0.180510	0.155000	1164349
YOYOW_USD	2018-05-07	0.174040	0.173300	0.177500	0.151040	1820218
YOYOW_USD	2018-05-06	0.173300	0.185950	0.187850	0.165010	1209640
YOYOW_USD	2018-05-05	0.185950	0.203350	0.205960	0.180750	1068081
YOYOW_USD	2018-05-04	0.203350	0.192010	0.209980	0.190530	946334
YOYOW_USD	2018-05-03	0.192010	0.205910	0.205910	0.186800	1651012
YOYOW_USD	2018-05-02	0.205910	0.184990	0.225290	0.176770	3390220
YOYOW_USD	2018-05-01	0.184990	0.151030	0.185000	0.135330	4869310
YOYOW_USD	2018-04-30	0.151030	0.136020	0.155000	0.133800	2781034
YOYOW_USD	2018-04-29	0.136020	0.131200	0.136020	0.119760	1265116
YOYOW_USD	2018-04-28	0.131200	0.118910	0.133890	0.118060	949593
YOYOW_USD	2018-04-27	0.118910	0.125650	0.127520	0.115530	1312401
YOYOW_USD	2018-04-26	0.125650	0.115520	0.126210	0.114050	1084956
YOYOW_USD	2018-04-25	0.115520	0.143520	0.143530	0.111100	3988738
YOYOW_USD	2018-04-24	0.143520	0.129570	0.146800	0.129570	1597802
YOYOW_USD	2018-04-23	0.129570	0.128200	0.136640	0.126900	678203
YOYOW_USD	2018-04-22	0.128200	0.116540	0.137520	0.115140	1649097
YOYOW_USD	2018-04-21	0.116540	0.125830	0.128020	0.110570	2001664
YOYOW_USD	2018-04-20	0.125830	0.113020	0.127970	0.107660	2384856
YOYOW_USD	2018-04-19	0.113020	0.107900	0.114640	0.106000	918570
YOYOW_USD	2018-04-18	0.107900	0.098757	0.121020	0.090603	2797448
YOYOW_USD	2018-04-17	0.098757	0.098789	0.102500	0.097021	709722
YOYOW_USD	2018-04-16	0.098789	0.100500	0.103020	0.095501	906602
YOYOW_USD	2018-04-15	0.100500	0.098740	0.103390	0.098000	1611501
YOYOW_USD	2018-04-14	0.098740	0.097698	0.101990	0.096010	1188671
YOYOW_USD	2018-04-13	0.097698	0.096000	0.104010	0.093510	2183849
YOYOW_USD	2018-04-12	0.096000	0.089980	0.096000	0.083055	1972150
YOYOW_USD	2018-04-11	0.089980	0.086501	0.089983	0.083590	1194359
YOYOW_USD	2018-04-10	0.086501	0.083000	0.087991	0.080504	498987
YOYOW_USD	2018-04-09	0.083000	0.088000	0.089890	0.081010	707174
YOYOW_USD	2018-04-08	0.088000	0.087001	0.089501	0.085010	511840
YOYOW_USD	2018-04-07	0.087001	0.084500	0.090000	0.082500	1163649
YOYOW_USD	2018-04-06	0.084500	0.075173	0.090000	0.074101	3173287
YOYOW_USD	2018-04-05	0.075173	0.070360	0.076982	0.067850	868088
YOYOW_USD	2018-04-04	0.070360	0.081500	0.082910	0.069001	1256204
YOYOW_USD	2018-04-03	0.081500	0.072001	0.083290	0.070720	1910938
YOYOW_USD	2018-04-02	0.072001	0.066530	0.072100	0.066420	582139
YOYOW_USD	2018-04-01	0.066530	0.069791	0.072207	0.060500	1481564
YOYOW_USD	2018-03-31	0.069791	0.067800	0.074590	0.067800	741382
YOYOW_USD	2018-03-30	0.067800	0.071185	0.074000	0.064749	902301
YOYOW_USD	2018-03-29	0.071185	0.085053	0.085372	0.070010	2067504
YOYOW_USD	2018-03-28	0.085053	0.080500	0.095000	0.079100	1465715
YOYOW_USD	2018-03-27	0.080500	0.082920	0.089000	0.074991	1179230
YOYOW_USD	2018-03-26	0.082920	0.090510	0.093940	0.075000	1865535
YOYOW_USD	2018-03-25	0.090510	0.093001	0.096501	0.087000	901824
YOYOW_USD	2018-03-24	0.093001	0.091375	0.099290	0.089001	1107088
YOYOW_USD	2018-03-23	0.091375	0.093501	0.096501	0.084475	1081473
YOYOW_USD	2018-03-22	0.093501	0.088040	0.105010	0.087100	2802093
YOYOW_USD	2018-03-21	0.088040	0.084740	0.094949	0.080858	2348971
YOYOW_USD	2018-03-20	0.084740	0.076920	0.089390	0.073500	2451481
YOYOW_USD	2018-03-19	0.076920	0.070001	0.078501	0.070001	2429781
YOYOW_USD	2018-03-18	0.070001	0.067501	0.072000	0.059410	2296939
YOYOW_USD	2018-03-17	0.067501	0.075000	0.075500	0.067501	1056922
YOYOW_USD	2018-03-16	0.075000	0.075080	0.079501	0.071200	1838985
YOYOW_USD	2018-03-15	0.075080	0.073001	0.089918	0.067510	3538664
YOYOW_USD	2018-03-14	0.073001	0.082570	0.087345	0.070100	1526883
YOYOW_USD	2018-03-13	0.082570	0.082010	0.086799	0.080300	1096723
YOYOW_USD	2018-03-12	0.083490	0.087500	0.093501	0.079510	1712146
YOYOW_USD	2018-03-11	0.087500	0.079230	0.088929	0.075000	764846
YOYOW_USD	2018-03-10	0.079230	0.084501	0.096501	0.079001	1668958
YOYOW_USD	2018-03-09	0.084501	0.085700	0.086480	0.072528	1382873
YOYOW_USD	2018-03-08	0.085700	0.093110	0.101600	0.084030	1567608
YOYOW_USD	2018-03-07	0.093110	0.108210	0.109510	0.087402	2193511
YOYOW_USD	2018-03-06	0.108210	0.124100	0.124100	0.106820	2102605
YOYOW_USD	2018-03-05	0.124100	0.124700	0.127400	0.121500	1380874
YOYOW_USD	2018-03-04	0.124700	0.126900	0.129780	0.122460	625134
YOYOW_USD	2018-03-03	0.126900	0.124210	0.131470	0.124210	1537470
YOYOW_USD	2018-03-02	0.124210	0.130400	0.134250	0.122000	1602939
YOYOW_USD	2018-03-01	0.130400	0.123000	0.133890	0.120540	2468049
YOYOW_USD	2018-02-28	0.123000	0.128370	0.131860	0.120140	1763029
YOYOW_USD	2018-02-27	0.128370	0.128510	0.133750	0.125800	1747310
YOYOW_USD	2018-02-26	0.128510	0.127870	0.134900	0.120000	3332010
YOYOW_USD	2018-02-25	0.127870	0.140500	0.142360	0.123360	3814679
YOYOW_USD	2018-02-24	0.140500	0.123770	0.153000	0.116010	4237210
YOYOW_USD	2018-02-23	0.123770	0.121570	0.163000	0.116240	2879796
YOYOW_USD	2018-02-22	0.121570	0.130200	0.141190	0.116000	2306743
YOYOW_USD	2018-02-21	0.130200	0.138000	0.158390	0.120090	2856586
YOYOW_USD	2018-02-20	0.138000	0.156700	0.160400	0.135100	3405190
YOYOW_USD	2018-02-19	0.156700	0.153800	0.164890	0.150000	2177290
YOYOW_USD	2018-02-18	0.153760	0.176510	0.181330	0.151000	4058180
YOYOW_USD	2018-02-17	0.176510	0.167390	0.190000	0.163060	3322352
YOYOW_USD	2018-02-16	0.167390	0.161620	0.168640	0.152200	2799770
YOYOW_USD	2018-02-15	0.162000	0.153010	0.166740	0.150110	2625145
YOYOW_USD	2018-02-14	0.153010	0.143900	0.155740	0.143900	2386949
YOYOW_USD	2018-02-13	0.143900	0.156100	0.156300	0.140500	1150402
YOYOW_USD	2018-02-12	0.156100	0.144560	0.160000	0.144200	1500407
YOYOW_USD	2018-02-11	0.144560	0.166500	0.169500	0.143520	2476484
YOYOW_USD	2018-02-10	0.166500	0.153650	0.199890	0.150400	4581285
YOYOW_USD	2018-02-09	0.153650	0.135670	0.159790	0.125000	2683643
YOYOW_USD	2018-02-08	0.135670	0.126980	0.141450	0.126150	1545464
YOYOW_USD	2018-02-07	0.126580	0.135580	0.145120	0.124050	2776698
YOYOW_USD	2018-02-06	0.135580	0.120800	0.140000	0.095000	6069431
YOYOW_USD	2018-02-05	0.120800	0.160000	0.162000	0.110440	1907965
YOYOW_USD	2018-02-04	0.160000	0.178660	0.182390	0.148000	1744433
YOYOW_USD	2018-02-03	0.178660	0.163980	0.185700	0.152780	933987
YOYOW_USD	2018-02-02	0.163980	0.168000	0.178130	0.135500	3147624
YOYOW_USD	2018-02-01	0.168000	0.204200	0.216000	0.161900	2743158
YOYOW_USD	2018-01-31	0.204200	0.199430	0.208740	0.182000	1988904
YOYOW_USD	2018-01-30	0.199430	0.234890	0.237030	0.170000	4868980
