ZAP_USD	2019-04-09	0.014758	0.014924	0.014924	0.014509	0
ZAP_USD	2019-04-08	0.014924	0.014714	0.015038	0.014445	0
ZAP_USD	2019-04-07	0.014714	0.014250	0.014868	0.014237	0
ZAP_USD	2019-04-06	0.014250	0.014261	0.014800	0.013936	0
ZAP_USD	2019-04-05	0.014261	0.013842	0.014356	0.013837	0
ZAP_USD	2019-04-04	0.013842	0.013965	0.014303	0.013560	0
ZAP_USD	2019-04-03	0.013965	0.013833	0.014940	0.013606	0
ZAP_USD	2019-04-02	0.013833	0.011778	0.014240	0.011752	0
ZAP_USD	2019-04-01	0.011778	0.011690	0.011839	0.011578	0
ZAP_USD	2019-03-31	0.011690	0.011683	0.011728	0.011650	0
ZAP_USD	2019-03-30	0.011683	0.011722	0.011809	0.011573	0
ZAP_USD	2019-03-29	0.011722	0.011480	0.011745	0.011459	0
ZAP_USD	2019-03-28	0.011480	0.011508	0.011512	0.011410	0
ZAP_USD	2019-03-27	0.011508	0.011197	0.011528	0.011163	0
ZAP_USD	2019-03-26	0.011197	0.011136	0.011206	0.011083	0
ZAP_USD	2019-03-25	0.011136	0.011336	0.011360	0.011052	0
ZAP_USD	2019-03-24	0.011336	0.011397	0.011397	0.011257	0
ZAP_USD	2019-03-23	0.011397	0.011357	0.011434	0.011321	0
ZAP_USD	2019-03-22	0.011357	0.011346	0.011414	0.011318	0
ZAP_USD	2019-03-21	0.011346	0.011577	0.011629	0.011237	0
ZAP_USD	2019-03-20	0.011577	0.011522	0.011602	0.011424	0
ZAP_USD	2019-03-19	0.011522	0.011427	0.011551	0.011379	0
ZAP_USD	2019-03-18	0.011427	0.011413	0.011553	0.011326	0
ZAP_USD	2019-03-17	0.011413	0.011472	0.011472	0.011336	0
ZAP_USD	2019-03-16	0.011472	0.011230	0.011648	0.011230	0
ZAP_USD	2019-03-15	0.011229	0.011079	0.011251	0.011076	0
ZAP_USD	2019-03-14	0.011079	0.011074	0.011220	0.010906	0
ZAP_USD	2019-03-13	0.011074	0.011091	0.011137	0.011010	0
ZAP_USD	2019-03-12	0.011091	0.011085	0.011162	0.010929	0
ZAP_USD	2019-03-11	0.011085	0.011218	0.011246	0.010999	0
ZAP_USD	2019-03-10	0.011218	0.011263	0.011268	0.011121	0
ZAP_USD	2019-03-09	0.011263	0.011053	0.011346	0.011035	0
ZAP_USD	2019-03-08	0.011053	0.011121	0.011275	0.010872	0
ZAP_USD	2019-03-07	0.011121	0.011084	0.011202	0.011039	0
ZAP_USD	2019-03-06	0.011084	0.011080	0.011156	0.010970	0
ZAP_USD	2019-03-05	0.011080	0.010659	0.011127	0.010621	0
ZAP_USD	2019-03-04	0.010659	0.010896	0.010960	0.010568	0
ZAP_USD	2019-03-03	0.010896	0.010976	0.011005	0.010827	0
ZAP_USD	2019-03-02	0.010976	0.010987	0.011006	0.010817	0
ZAP_USD	2019-03-01	0.010987	0.010927	0.011074	0.010920	0
ZAP_USD	2019-02-28	0.010927	0.010942	0.011183	0.010896	0
ZAP_USD	2019-02-27	0.010942	0.010935	0.011035	0.010583	0
ZAP_USD	2019-02-26	0.010935	0.011006	0.011035	0.010866	0
ZAP_USD	2019-02-25	0.011006	0.010747	0.011120	0.010744	0
ZAP_USD	2019-02-24	0.010751	0.011815	0.012012	0.010695	0
ZAP_USD	2019-02-23	0.011815	0.011402	0.011935	0.011262	0
ZAP_USD	2019-02-22	0.011402	0.011248	0.011427	0.011196	0
ZAP_USD	2019-02-21	0.011248	0.011390	0.011561	0.011153	0
ZAP_USD	2019-02-20	0.011390	0.011196	0.011407	0.011130	0
ZAP_USD	2019-02-19	0.011196	0.011161	0.011448	0.011061	0
ZAP_USD	2019-02-18	0.011161	0.010479	0.011245	0.010447	0
ZAP_USD	2019-02-17	0.010479	0.010312	0.010612	0.010292	0
ZAP_USD	2019-02-16	0.010312	0.010278	0.010443	0.010278	0
ZAP_USD	2019-02-15	0.010278	0.010259	0.010424	0.010224	0
ZAP_USD	2019-02-14	0.010259	0.010291	0.010326	0.010218	0
ZAP_USD	2019-02-13	0.010291	0.010362	0.010478	0.010240	0
ZAP_USD	2019-02-12	0.010362	0.010325	0.010445	0.010225	0
ZAP_USD	2019-02-11	0.010325	0.010510	0.010517	0.010312	0
ZAP_USD	2019-02-10	0.010510	0.010430	0.010513	0.010288	0
ZAP_USD	2019-02-09	0.010430	0.010446	0.010486	0.010361	0
ZAP_USD	2019-02-08	0.010446	0.009638	0.010641	0.009615	0
ZAP_USD	2019-02-07	0.009638	0.009683	0.009712	0.009624	0
ZAP_USD	2019-02-06	0.009683	0.009851	0.009876	0.009602	0
ZAP_USD	2019-02-05	0.009851	0.009791	0.009863	0.009750	0
ZAP_USD	2019-02-04	0.009791	0.009822	0.009872	0.009748	0
ZAP_USD	2019-02-03	0.009822	0.009983	0.010005	0.009737	0
ZAP_USD	2019-02-02	0.009983	0.009923	0.010020	0.009820	0
ZAP_USD	2019-02-01	0.009923	0.009825	0.009971	0.009723	0
ZAP_USD	2019-01-31	0.009825	0.009901	0.010006	0.009768	0
ZAP_USD	2019-01-30	0.009901	0.009756	0.009947	0.009683	0
ZAP_USD	2019-01-29	0.009756	0.009821	0.009852	0.009602	0
ZAP_USD	2019-01-28	0.009821	0.010090	0.010092	0.009695	0
ZAP_USD	2019-01-27	0.010090	0.010190	0.010217	0.009940	0
ZAP_USD	2019-01-26	0.010190	0.010179	0.010468	0.010168	0
ZAP_USD	2019-01-25	0.010179	0.010244	0.010276	0.010085	0
ZAP_USD	2019-01-24	0.010244	0.010154	0.010289	0.010070	0
ZAP_USD	2019-01-23	0.010154	0.010208	0.010299	0.010076	0
ZAP_USD	2019-01-22	0.010208	0.010045	0.010312	0.009823	0
ZAP_USD	2019-01-21	0.010045	0.010059	0.010114	0.009966	0
ZAP_USD	2019-01-20	0.010059	0.010560	0.010648	0.009952	0
ZAP_USD	2019-01-19	0.010560	0.010310	0.010797	0.010305	0
ZAP_USD	2019-01-18	0.010310	0.010436	0.010445	0.010249	0
ZAP_USD	2019-01-17	0.010436	0.010298	0.010441	0.010154	0
ZAP_USD	2019-01-16	0.010298	0.010256	0.010472	0.010218	0
ZAP_USD	2019-01-15	0.010256	0.010516	0.010587	0.010192	0
ZAP_USD	2019-01-14	0.010516	0.010057	0.010651	0.009988	0
ZAP_USD	2019-01-13	0.010057	0.010552	0.010582	0.009876	0
ZAP_USD	2019-01-12	0.010552	0.010550	0.010683	0.010442	0
ZAP_USD	2019-01-11	0.010550	0.010489	0.010750	0.010092	0
ZAP_USD	2019-01-10	0.010489	0.012066	0.012345	0.010435	0
ZAP_USD	2019-01-09	0.012066	0.011827	0.012319	0.011694	0
ZAP_USD	2019-01-08	0.011827	0.012301	0.012319	0.011821	0
ZAP_USD	2019-01-07	0.012301	0.013057	0.013182	0.012202	0
ZAP_USD	2019-01-06	0.013057	0.012909	0.024330	0.012088	0
ZAP_USD	2019-01-05	0.012909	0.013711	0.013879	0.012819	0
ZAP_USD	2019-01-04	0.013711	0.012624	0.014061	0.012527	0
ZAP_USD	2019-01-03	0.012624	0.012859	0.013282	0.012481	0
ZAP_USD	2019-01-02	0.012859	0.012171	0.013242	0.011407	0
ZAP_USD	2019-01-01	0.012171	0.011951	0.012219	0.010155	0
ZAP_USD	2018-12-31	0.011951	0.012276	0.015072	0.011808	0
ZAP_USD	2018-12-30	0.012276	0.010794	0.012677	0.010691	0
ZAP_USD	2018-12-29	0.010794	0.011303	0.015119	0.010753	0
ZAP_USD	2018-12-28	0.011303	0.010120	0.011406	0.010029	0
ZAP_USD	2018-12-27	0.010120	0.010886	0.010955	0.009983	0
ZAP_USD	2018-12-26	0.010886	0.009705	0.011016	0.009650	0
ZAP_USD	2018-12-25	0.009705	0.010218	0.010325	0.009534	0
ZAP_USD	2018-12-24	0.010218	0.009730	0.010651	0.009007	0
ZAP_USD	2018-12-23	0.009730	0.009304	0.010339	0.008991	0
ZAP_USD	2018-12-22	0.009304	0.008897	0.009350	0.008839	0
ZAP_USD	2018-12-21	0.008897	0.009082	0.010037	0.008725	0
ZAP_USD	2018-12-20	0.009082	0.008192	0.009257	0.008111	0
ZAP_USD	2018-12-19	0.008192	0.008069	0.008503	0.008031	0
ZAP_USD	2018-12-18	0.008069	0.008048	0.008430	0.007370	0
ZAP_USD	2018-12-17	0.008048	0.006996	0.008118	0.006996	0
ZAP_USD	2018-12-16	0.006996	0.007001	0.007262	0.006981	0
ZAP_USD	2018-12-15	0.007001	0.007055	0.007137	0.006854	0
ZAP_USD	2018-12-14	0.007055	0.007105	0.007199	0.006937	0
ZAP_USD	2018-12-13	0.007105	0.007534	0.007594	0.007045	0
ZAP_USD	2018-12-12	0.007534	0.007477	0.008383	0.007200	0
ZAP_USD	2018-12-11	0.007543	0.007649	0.007722	0.007387	0
ZAP_USD	2018-12-10	0.007649	0.007820	0.008179	0.007489	0
ZAP_USD	2018-12-09	0.007820	0.007783	0.008933	0.007579	0
ZAP_USD	2018-12-08	0.007783	0.008076	0.008575	0.007354	0
ZAP_USD	2018-12-07	0.008076	0.008071	0.008470	0.007727	0
ZAP_USD	2018-12-06	0.008071	0.010302	0.010749	0.007979	0
ZAP_USD	2018-12-05	0.010302	0.010433	0.010668	0.009814	0
ZAP_USD	2018-12-04	0.010433	0.009015	0.010435	0.008781	0
ZAP_USD	2018-12-03	0.009015	0.008590	0.009407	0.008084	0
ZAP_USD	2018-12-02	0.008590	0.008507	0.008917	0.008368	0
ZAP_USD	2018-12-01	0.008507	0.007895	0.008931	0.007696	0
ZAP_USD	2018-11-30	0.007895	0.008882	0.009009	0.007734	0
ZAP_USD	2018-11-29	0.008882	0.009215	0.009342	0.008621	0
ZAP_USD	2018-11-28	0.009215	0.008157	0.009416	0.008071	0
ZAP_USD	2018-11-27	0.008157	0.008003	0.008299	0.007668	0
ZAP_USD	2018-11-26	0.008003	0.008600	0.008790	0.007654	0
ZAP_USD	2018-11-25	0.008600	0.007979	0.008799	0.007508	0
ZAP_USD	2018-11-24	0.007979	0.009199	0.009369	0.007765	0
ZAP_USD	2018-11-23	0.009199	0.009179	0.010024	0.008143	0
ZAP_USD	2018-11-22	0.009179	0.011094	0.011202	0.009179	0
ZAP_USD	2018-11-21	0.011094	0.010508	0.011993	0.010122	0
ZAP_USD	2018-11-20	0.010508	0.011604	0.012237	0.010284	0
ZAP_USD	2018-11-19	0.011604	0.014686	0.014767	0.011503	0
ZAP_USD	2018-11-18	0.014686	0.013363	0.016485	0.013363	0
ZAP_USD	2018-11-17	0.013363	0.012708	0.013400	0.012138	0
ZAP_USD	2018-11-16	0.012708	0.014897	0.015012	0.012389	0
ZAP_USD	2018-11-15	0.014897	0.015889	0.016009	0.013359	0
ZAP_USD	2018-11-14	0.015889	0.018909	0.018909	0.014832	0
ZAP_USD	2018-11-13	0.018909	0.019695	0.020047	0.018909	0
ZAP_USD	2018-11-12	0.019695	0.020252	0.020699	0.019304	0
ZAP_USD	2018-11-11	0.020252	0.019904	0.020287	0.019783	0
ZAP_USD	2018-11-10	0.019904	0.019774	0.020610	0.019242	0
ZAP_USD	2018-11-09	0.019774	0.021253	0.021318	0.018946	0
ZAP_USD	2018-11-08	0.021253	0.022807	0.023122	0.020670	0
ZAP_USD	2018-11-07	0.022807	0.020230	0.024622	0.020220	0
ZAP_USD	2018-11-06	0.020230	0.022257	0.022397	0.019907	0
ZAP_USD	2018-11-05	0.022257	0.024027	0.024065	0.021992	0
ZAP_USD	2018-11-04	0.024027	0.020792	0.024365	0.020271	0
ZAP_USD	2018-11-03	0.020792	0.023523	0.024710	0.020719	0
ZAP_USD	2018-11-02	0.023523	0.023871	0.024948	0.023362	0
ZAP_USD	2018-11-01	0.023871	0.021525	0.023882	0.020587	0
ZAP_USD	2018-10-31	0.021525	0.022282	0.022775	0.020654	0
ZAP_USD	2018-10-30	0.022282	0.025693	0.029266	0.021093	0
ZAP_USD	2018-10-29	0.025693	0.026220	0.030519	0.025043	0
ZAP_USD	2018-10-28	0.026220	0.022101	0.030814	0.020429	0
ZAP_USD	2018-10-27	0.022101	0.017668	0.023739	0.016233	0
ZAP_USD	2018-10-26	0.017668	0.015700	0.017860	0.015700	0
ZAP_USD	2018-10-25	0.015700	0.014747	0.015755	0.014639	0
ZAP_USD	2018-10-24	0.014747	0.015425	0.016110	0.013114	0
ZAP_USD	2018-10-23	0.015425	0.016812	0.016842	0.014958	0
ZAP_USD	2018-10-22	0.016812	0.019237	0.020456	0.016750	0
ZAP_USD	2018-10-21	0.019237	0.018933	0.019413	0.017687	0
ZAP_USD	2018-10-20	0.018933	0.018863	0.020481	0.018534	0
ZAP_USD	2018-10-19	0.018863	0.020203	0.020529	0.017526	0
ZAP_USD	2018-10-18	0.020203	0.018151	0.020231	0.016640	0
ZAP_USD	2018-10-17	0.018151	0.017233	0.021888	0.017045	0
ZAP_USD	2018-10-16	0.017233	0.017125	0.018024	0.015413	0
ZAP_USD	2018-10-15	0.017125	0.016371	0.020410	0.015827	0
ZAP_USD	2018-10-14	0.016371	0.016417	0.016824	0.015975	0
ZAP_USD	2018-10-13	0.016417	0.015837	0.016796	0.015368	0
ZAP_USD	2018-10-12	0.015837	0.014450	0.015936	0.014344	0
ZAP_USD	2018-10-11	0.014450	0.015349	0.015510	0.013718	0
ZAP_USD	2018-10-10	0.015349	0.014692	0.016960	0.014341	0
ZAP_USD	2018-10-09	0.014692	0.013947	0.015286	0.013786	0
ZAP_USD	2018-10-08	0.013947	0.013862	0.014212	0.013595	0
ZAP_USD	2018-10-07	0.013862	0.013843	0.015469	0.013378	0
ZAP_USD	2018-10-06	0.013843	0.012758	0.014838	0.012570	0
ZAP_USD	2018-10-05	0.012758	0.012732	0.015130	0.012732	0
ZAP_USD	2018-10-04	0.012732	0.012583	0.013772	0.012576	0
ZAP_USD	2018-10-03	0.012583	0.015071	0.015642	0.012472	0
ZAP_USD	2018-10-02	0.015071	0.013763	0.015921	0.012851	0
ZAP_USD	2018-10-01	0.013763	0.014231	0.016618	0.013694	0
ZAP_USD	2018-09-30	0.014231	0.013771	0.015003	0.012887	0
ZAP_USD	2018-09-29	0.013771	0.012474	0.013949	0.012156	0
ZAP_USD	2018-09-28	0.012474	0.012542	0.013616	0.012369	0
ZAP_USD	2018-09-27	0.012542	0.011891	0.013288	0.011633	0
ZAP_USD	2018-09-26	0.011891	0.012451	0.013415	0.010804	0
ZAP_USD	2018-09-25	0.012451	0.011853	0.014438	0.011589	0
ZAP_USD	2018-09-24	0.011853	0.014764	0.014788	0.011799	0
ZAP_USD	2018-09-23	0.014764	0.015701	0.015725	0.014701	0
ZAP_USD	2018-09-22	0.015701	0.016558	0.016725	0.015475	0
ZAP_USD	2018-09-21	0.016558	0.016479	0.017968	0.015915	0
ZAP_USD	2018-09-20	0.016479	0.017673	0.018429	0.015033	0
ZAP_USD	2018-09-19	0.017673	0.014652	0.018713	0.014619	0
ZAP_USD	2018-09-18	0.014652	0.014761	0.015121	0.013940	0
ZAP_USD	2018-09-17	0.014761	0.014816	0.015010	0.014122	0
ZAP_USD	2018-09-16	0.014816	0.014409	0.015300	0.014354	0
ZAP_USD	2018-09-15	0.014409	0.013948	0.014558	0.013813	0
ZAP_USD	2018-09-14	0.013948	0.012498	0.014409	0.012479	0
ZAP_USD	2018-09-13	0.012498	0.011184	0.013053	0.010409	0
ZAP_USD	2018-09-12	0.011184	0.011228	0.011360	0.010908	0
ZAP_USD	2018-09-11	0.011228	0.011008	0.011353	0.010498	0
ZAP_USD	2018-09-10	0.011008	0.009640	0.011008	0.009138	0
ZAP_USD	2018-09-09	0.009640	0.009216	0.011062	0.009216	0
ZAP_USD	2018-09-08	0.009216	0.011047	0.013944	0.009086	0
ZAP_USD	2018-09-07	0.011047	0.011041	0.011799	0.010503	0
ZAP_USD	2018-09-06	0.011041	0.012637	0.012803	0.011027	0
ZAP_USD	2018-09-05	0.012637	0.014534	0.014629	0.012630	0
ZAP_USD	2018-09-04	0.014534	0.014285	0.014581	0.013636	0
ZAP_USD	2018-09-03	0.014285	0.015164	0.016440	0.014041	0
ZAP_USD	2018-09-02	0.015164	0.015331	0.015390	0.014802	0
ZAP_USD	2018-09-01	0.015331	0.016337	0.016584	0.015217	0
ZAP_USD	2018-08-31	0.016337	0.014863	0.016465	0.014383	0
ZAP_USD	2018-08-30	0.014863	0.016947	0.017247	0.014620	0
ZAP_USD	2018-08-29	0.016947	0.018369	0.019352	0.016108	0
ZAP_USD	2018-08-28	0.018369	0.019536	0.021712	0.017658	0
ZAP_USD	2018-08-27	0.019536	0.019589	0.019589	0.017914	0
ZAP_USD	2018-08-26	0.019589	0.015534	0.019616	0.015225	0
ZAP_USD	2018-08-25	0.015534	0.016568	0.016875	0.015377	0
ZAP_USD	2018-08-24	0.016568	0.016089	0.016621	0.015155	0
ZAP_USD	2018-08-23	0.016089	0.014616	0.016516	0.014606	0
ZAP_USD	2018-08-22	0.014616	0.016684	0.017578	0.014266	0
ZAP_USD	2018-08-21	0.016684	0.017483	0.017812	0.016448	0
ZAP_USD	2018-08-20	0.017483	0.019228	0.019367	0.017180	0
ZAP_USD	2018-08-19	0.019228	0.017351	0.019341	0.017004	0
ZAP_USD	2018-08-18	0.017351	0.020294	0.020294	0.017322	0
ZAP_USD	2018-08-17	0.020294	0.016694	0.022350	0.016608	0
ZAP_USD	2018-08-16	0.016694	0.019406	0.019835	0.015449	0
ZAP_USD	2018-08-15	0.019406	0.015867	0.019769	0.014338	0
ZAP_USD	2018-08-14	0.015867	0.019912	0.019912	0.014567	0
ZAP_USD	2018-08-13	0.019912	0.019415	0.022488	0.018896	0
ZAP_USD	2018-08-12	0.019415	0.019760	0.020113	0.019209	0
ZAP_USD	2018-08-11	0.019760	0.023193	0.023375	0.019760	0
ZAP_USD	2018-08-10	0.023193	0.024973	0.025219	0.022727	0
ZAP_USD	2018-08-09	0.024973	0.022318	0.025557	0.020385	0
ZAP_USD	2018-08-08	0.022318	0.027308	0.027326	0.020319	0
ZAP_USD	2018-08-07	0.027308	0.026017	0.029391	0.026017	0
ZAP_USD	2018-08-06	0.026017	0.027990	0.029440	0.025691	0
ZAP_USD	2018-08-05	0.027990	0.027919	0.029669	0.026455	0
ZAP_USD	2018-08-04	0.027919	0.035709	0.036255	0.027161	0
ZAP_USD	2018-08-03	0.035709	0.037827	0.037827	0.031964	0
ZAP_USD	2018-08-02	0.037827	0.031619	0.037883	0.029884	0
ZAP_USD	2018-08-01	0.031619	0.033459	0.034060	0.030733	0
ZAP_USD	2018-07-31	0.033459	0.036444	0.036466	0.032755	0
ZAP_USD	2018-07-30	0.036444	0.035601	0.039130	0.033723	0
ZAP_USD	2018-07-29	0.035601	0.036570	0.037683	0.033442	0
ZAP_USD	2018-07-28	0.036570	0.040899	0.041270	0.035292	0
ZAP_USD	2018-07-27	0.040899	0.049392	0.049681	0.040116	0
ZAP_USD	2018-07-26	0.049392	0.048371	0.049475	0.048238	0
ZAP_USD	2018-07-25	0.048371	0.052118	0.053664	0.048087	0
ZAP_USD	2018-07-24	0.052118	0.049945	0.054889	0.049245	0
ZAP_USD	2018-07-23	0.049945	0.048702	0.050729	0.048484	0
ZAP_USD	2018-07-22	0.048702	0.050195	0.051135	0.048363	0
ZAP_USD	2018-07-21	0.050195	0.051253	0.051259	0.048509	0
ZAP_USD	2018-07-20	0.051253	0.054781	0.054782	0.050850	0
ZAP_USD	2018-07-19	0.054781	0.057824	0.058688	0.054640	0
ZAP_USD	2018-07-18	0.057824	0.053179	0.061385	0.053179	0
ZAP_USD	2018-07-17	0.053179	0.048872	0.056233	0.048605	0
ZAP_USD	2018-07-16	0.048872	0.044998	0.054827	0.044768	0
ZAP_USD	2018-07-15	0.044998	0.052438	0.052767	0.044918	0
ZAP_USD	2018-07-14	0.052438	0.042203	0.054063	0.042129	0
ZAP_USD	2018-07-13	0.042203	0.039912	0.046747	0.039788	0
ZAP_USD	2018-07-12	0.039912	0.042253	0.042253	0.038950	0
ZAP_USD	2018-07-11	0.042253	0.040325	0.043544	0.039396	0
ZAP_USD	2018-07-10	0.040325	0.044489	0.044623	0.040224	0
ZAP_USD	2018-07-09	0.044489	0.042528	0.045396	0.042478	0
ZAP_USD	2018-07-08	0.042528	0.041923	0.053391	0.041529	0
ZAP_USD	2018-07-07	0.041923	0.043008	0.043074	0.040696	0
ZAP_USD	2018-07-06	0.043008	0.043068	0.043215	0.041984	0
ZAP_USD	2018-07-05	0.043068	0.043263	0.045372	0.041827	0
ZAP_USD	2018-07-04	0.043263	0.044817	0.045227	0.042673	0
ZAP_USD	2018-07-03	0.044817	0.044370	0.048098	0.000622	0
ZAP_USD	2018-07-02	0.044370	0.040570	0.044370	0.000000	0
ZAP_USD	2018-07-01	0.040574	0.043046	0.043703	0.039720	0
ZAP_USD	2018-06-30	0.043047	0.040291	0.043871	0.039448	0
ZAP_USD	2018-06-29	0.040260	0.042817	0.044585	0.037397	0
ZAP_USD	2018-06-28	0.042886	0.038580	0.048120	0.038365	0
ZAP_USD	2018-06-27	0.038577	0.038429	0.041705	0.036444	0
ZAP_USD	2018-06-26	0.038551	0.036910	0.040796	0.035856	0
ZAP_USD	2018-06-25	0.036886	0.037184	0.039094	0.035245	0
ZAP_USD	2018-06-24	0.037196	0.043212	0.043909	0.036029	0
ZAP_USD	2018-06-23	0.043156	0.042207	0.044018	0.039837	0
ZAP_USD	2018-06-22	0.042237	0.048843	0.048883	0.038736	0
ZAP_USD	2018-06-21	0.048840	0.053336	0.053928	0.048750	0
ZAP_USD	2018-06-20	0.053339	0.056216	0.056741	0.048987	0
ZAP_USD	2018-06-19	0.056448	0.057249	0.060388	0.054078	0
ZAP_USD	2018-06-18	0.057363	0.059244	0.065439	0.054183	0
ZAP_USD	2018-06-17	0.059164	0.052934	0.065533	0.050735	0
ZAP_USD	2018-06-16	0.052925	0.084058	0.087186	0.050495	0
ZAP_USD	2018-06-15	0.084018	0.067846	0.086634	0.059298	0
ZAP_USD	2018-06-14	0.067849	0.065248	0.071660	0.063234	0
ZAP_USD	2018-06-13	0.065210	0.070576	0.070922	0.062656	0
ZAP_USD	2018-06-12	0.070559	0.071692	0.075865	0.067639	0
ZAP_USD	2018-06-11	0.071898	0.086263	0.086263	0.069523	0
ZAP_USD	2018-06-10	0.086163	0.087658	0.121898	0.074505	0
ZAP_USD	2018-06-09	0.087634	0.093553	0.095063	0.087340	0
ZAP_USD	2018-06-08	0.093552	0.102797	0.105861	0.083931	0
ZAP_USD	2018-06-07	0.102840	0.104362	0.107300	0.100010	0
ZAP_USD	2018-06-06	0.104356	0.113507	0.129879	0.101446	0
ZAP_USD	2018-06-05	0.113410	0.111437	0.116845	0.105883	0
ZAP_USD	2018-06-04	0.111556	0.111626	0.128950	0.110871	0
ZAP_USD	2018-06-03	0.111526	0.107424	0.130639	0.096702	0
ZAP_USD	2018-06-02	0.107544	0.093524	0.124243	0.092546	0
ZAP_USD	2018-06-01	0.093449	0.091814	0.094123	0.087398	0
ZAP_USD	2018-05-31	0.091823	0.089129	0.097333	0.087773	0
ZAP_USD	2018-05-30	0.089055	0.085552	0.089794	0.083276	0
ZAP_USD	2018-05-29	0.085450	0.078288	0.087926	0.072902	0
ZAP_USD	2018-05-28	0.078239	0.086424	0.091820	0.073862	0
ZAP_USD	2018-05-27	0.086461	0.103817	0.104332	0.086461	0
ZAP_USD	2018-05-26	0.103793	0.101074	0.107786	0.099953	0
ZAP_USD	2018-05-25	0.101167	0.107125	0.108295	0.099016	0
ZAP_USD	2018-05-24	0.107080	0.113863	0.115019	0.100335	0
ZAP_USD	2018-05-23	0.113950	0.130586	0.131242	0.097735	0
ZAP_USD	2018-05-22	0.130632	0.144442	0.145765	0.130132	0
ZAP_USD	2018-05-21	0.144442	0.125460	0.145981	0.125155	0
ZAP_USD	2018-05-20	0.125460	0.116018	0.125569	0.113654	0
ZAP_USD	2018-05-19	0.116018	0.120000	0.126285	0.108487	0
ZAP_USD	2018-05-18	0.120000	0.113382	0.121519	0.107597	0
ZAP_USD	2018-05-17	0.113530	0.126436	0.147008	0.110859	0
ZAP_USD	2018-05-16	0.126327	0.133085	0.133488	0.110239	0
ZAP_USD	2018-05-15	0.133086	0.142865	0.148550	0.132361	0
ZAP_USD	2018-05-14	0.142920	0.147447	0.153258	0.139466	0
ZAP_USD	2018-05-13	0.147447	0.145895	0.151099	0.139469	0
ZAP_USD	2018-05-12	0.145140	0.148796	0.150428	0.139803	0
ZAP_USD	2018-05-11	0.148796	0.169102	0.169102	0.143241	0
ZAP_USD	2018-05-10	0.169102	0.173970	0.175913	0.162667	0
ZAP_USD	2018-05-09	0.173970	0.161921	0.174267	0.158094	0
ZAP_USD	2018-05-08	0.162026	0.162985	0.168236	0.000018	0
ZAP_USD	2018-05-07	0.168725	0.169999	0.178716	0.158089	0
ZAP_USD	2018-05-06	0.170144	0.171550	0.180385	0.158923	0
ZAP_USD	2018-05-05	0.169376	0.169304	0.179200	0.168404	0
ZAP_USD	2018-05-04	0.169304	0.164111	0.177443	0.158612	0
ZAP_USD	2018-05-03	0.164208	0.158801	0.169668	0.154696	0
ZAP_USD	2018-05-02	0.159078	0.148187	0.163077	0.145397	0
ZAP_USD	2018-05-01	0.148321	0.152766	0.165868	0.143588	0
ZAP_USD	2018-04-30	0.152304	0.160009	0.162263	0.144127	0
ZAP_USD	2018-04-29	0.160009	0.147334	0.173097	0.144093	0
ZAP_USD	2018-04-28	0.147334	0.137066	0.164396	0.135003	0
ZAP_USD	2018-04-27	0.137066	0.154164	0.155001	0.134448	0
ZAP_USD	2018-04-26	0.154179	0.147022	0.156624	0.135436	0
ZAP_USD	2018-04-25	0.147022	0.175931	0.182467	0.134338	0
ZAP_USD	2018-04-24	0.176340	0.148444	0.177525	0.134344	0
ZAP_USD	2018-04-23	0.148221	0.137848	0.148221	0.128869	0
ZAP_USD	2018-04-22	0.137848	0.141915	0.145662	0.130582	0
ZAP_USD	2018-04-21	0.141915	0.151158	0.158516	0.138811	0
ZAP_USD	2018-04-20	0.151158	0.104137	0.156189	0.103418	0
ZAP_USD	2018-04-19	0.104327	0.104982	0.107052	0.097410	0
ZAP_USD	2018-04-18	0.105504	0.105728	0.108850	0.099247	0
ZAP_USD	2018-04-17	0.105728	0.104890	0.106346	0.098728	0
ZAP_USD	2018-04-16	0.104890	0.118920	0.119572	0.102224	0
ZAP_USD	2018-04-15	0.118920	0.119757	0.121916	0.103890	0
ZAP_USD	2018-04-14	0.119757	0.099393	0.119757	0.098678	0
ZAP_USD	2018-04-13	0.099393	0.088535	0.100984	0.086967	0
ZAP_USD	2018-04-12	0.088542	0.080597	0.094261	0.078792	0
ZAP_USD	2018-04-11	0.080647	0.082421	0.087612	0.071863	0
ZAP_USD	2018-04-10	0.082421	0.089249	0.089367	0.070509	0
ZAP_USD	2018-04-09	0.089219	0.088770	0.093378	0.077266	0
ZAP_USD	2018-04-08	0.088770	0.079379	0.122501	0.079314	0
ZAP_USD	2018-04-07	0.079379	0.098022	0.099669	0.079057	0
ZAP_USD	2018-04-06	0.098022	0.108087	0.108887	0.096159	0
ZAP_USD	2018-04-05	0.108087	0.106074	0.114418	0.100179	0
ZAP_USD	2018-04-04	0.106074	0.124583	0.129630	0.086735	0
ZAP_USD	2018-04-03	0.124583	0.127618	0.134845	0.120920	0
ZAP_USD	2018-04-02	0.127618	0.119620	0.127618	0.113813	0
ZAP_USD	2018-04-01	0.119620	0.124515	0.130493	0.115191	0
ZAP_USD	2018-03-31	0.124515	0.115637	0.126092	0.112471	0
ZAP_USD	2018-03-30	0.115637	0.123723	0.127540	0.104072	0
ZAP_USD	2018-03-29	0.123627	0.154927	0.157281	0.117581	0
ZAP_USD	2018-03-28	0.154927	0.151242	0.162065	0.149378	0
ZAP_USD	2018-03-27	0.151265	0.162618	0.164096	0.149455	0
ZAP_USD	2018-03-26	0.163028	0.172916	0.176963	0.146010	0
ZAP_USD	2018-03-25	0.172916	0.172805	0.181356	0.157386	0
ZAP_USD	2018-03-24	0.172805	0.176801	0.183668	0.165590	0
ZAP_USD	2018-03-23	0.176801	0.177432	0.208383	0.157882	0
ZAP_USD	2018-03-22	0.176985	0.186410	0.201317	0.165169	0
ZAP_USD	2018-03-21	0.186410	0.198203	0.204506	0.180457	0
ZAP_USD	2018-03-20	0.198203	0.177675	0.200882	0.170663	0
ZAP_USD	2018-03-19	0.178150	0.173588	0.181752	0.168979	0
ZAP_USD	2018-03-18	0.173588	0.176885	0.179957	0.151359	0
ZAP_USD	2018-03-17	0.176885	0.185821	0.187008	0.170193	0
ZAP_USD	2018-03-16	0.185821	0.194387	0.202580	0.176600	0
ZAP_USD	2018-03-15	0.194387	0.195818	0.197478	0.174836	0
ZAP_USD	2018-03-14	0.195818	0.219558	0.221977	0.187941	0
ZAP_USD	2018-03-13	0.219558	0.227269	0.239163	0.213920	0
ZAP_USD	2018-03-12	0.227269	0.234332	0.259145	0.218059	0
ZAP_USD	2018-03-11	0.234332	0.203047	0.258180	0.194723	0
ZAP_USD	2018-03-10	0.203047	0.219712	0.225019	0.202356	0
ZAP_USD	2018-03-09	0.219712	0.235447	0.247833	0.187275	0
ZAP_USD	2018-03-08	0.235447	0.217490	0.283433	0.207145	0
ZAP_USD	2018-03-07	0.217490	0.263511	0.293596	0.207441	0
ZAP_USD	2018-03-06	0.263511	0.292188	0.294188	0.236174	0
ZAP_USD	2018-03-05	0.292188	0.321922	0.332528	0.264499	0
ZAP_USD	2018-03-04	0.321922	0.310978	0.332168	0.276899	0
ZAP_USD	2018-03-03	0.310978	0.280840	0.336109	0.263237	0
ZAP_USD	2018-03-02	0.280840	0.295017	0.300311	0.261520	0
