ZB_USD	2019-04-09	0.002365	0.002421	0.002473	0.002331	0
ZB_USD	2019-04-08	0.002421	0.002465	0.002524	0.002238	0
ZB_USD	2019-04-07	0.002465	0.002489	0.002580	0.002295	0
ZB_USD	2019-04-06	0.002489	0.002669	0.002704	0.002463	0
ZB_USD	2019-04-05	0.002669	0.002443	0.002708	0.002303	0
ZB_USD	2019-04-04	0.002443	0.002315	0.002467	0.002292	0
ZB_USD	2019-04-03	0.002315	0.002564	0.002715	0.002288	0
ZB_USD	2019-04-02	0.002564	0.002624	0.003071	0.002551	0
ZB_USD	2019-04-01	0.002624	0.002605	0.002638	0.002580	0
ZB_USD	2019-03-31	0.002605	0.002624	0.002624	0.002518	0
ZB_USD	2019-03-30	0.002624	0.002675	0.002795	0.002541	0
ZB_USD	2019-03-29	0.002675	0.002722	0.002732	0.002601	0
ZB_USD	2019-03-28	0.002722	0.002851	0.002868	0.002713	0
ZB_USD	2019-03-27	0.002851	0.002974	0.002975	0.002795	0
ZB_USD	2019-03-26	0.002974	0.002977	0.003009	0.002723	0
ZB_USD	2019-03-25	0.002977	0.003173	0.003198	0.002955	0
ZB_USD	2019-03-24	0.003173	0.003230	0.003402	0.003170	0
ZB_USD	2019-03-23	0.003230	0.003320	0.003356	0.002933	0
ZB_USD	2019-03-22	0.003320	0.002629	0.003694	0.002406	0
ZB_USD	2019-03-21	0.002629	0.003137	0.003145	0.002603	0
ZB_USD	2019-03-20	0.003137	0.003307	0.003315	0.003094	0
ZB_USD	2019-03-19	0.003307	0.003361	0.003370	0.003282	0
ZB_USD	2019-03-18	0.003361	0.003377	0.003412	0.003260	0
ZB_USD	2019-03-17	0.003377	0.003374	0.003413	0.003217	0
ZB_USD	2019-03-16	0.003374	0.003383	0.003516	0.003281	0
ZB_USD	2019-03-15	0.003383	0.003535	0.003570	0.003289	0
ZB_USD	2019-03-14	0.003535	0.003652	0.003678	0.003535	0
ZB_USD	2019-03-13	0.003652	0.003658	0.003673	0.003614	0
ZB_USD	2019-03-12	0.003658	0.003675	0.003726	0.003574	0
ZB_USD	2019-03-11	0.003675	0.003859	0.003859	0.003646	0
ZB_USD	2019-03-10	0.003859	0.003955	0.003957	0.003763	0
ZB_USD	2019-03-09	0.003955	0.003822	0.004099	0.003816	0
ZB_USD	2019-03-08	0.003822	0.003945	0.003955	0.003719	0
ZB_USD	2019-03-07	0.003945	0.004011	0.004162	0.003831	0
ZB_USD	2019-03-06	0.004011	0.004128	0.004136	0.003978	0
ZB_USD	2019-03-05	0.004128	0.004009	0.004145	0.003909	0
ZB_USD	2019-03-04	0.004009	0.004118	0.004142	0.003947	0
ZB_USD	2019-03-03	0.004118	0.004187	0.004198	0.004048	0
ZB_USD	2019-03-02	0.004187	0.004191	0.004251	0.004145	0
ZB_USD	2019-03-01	0.004191	0.004266	0.004283	0.004082	0
ZB_USD	2019-02-28	0.004266	0.004271	0.004366	0.004159	0
ZB_USD	2019-02-27	0.004271	0.004308	0.004347	0.004131	0
ZB_USD	2019-02-26	0.004308	0.004316	0.004399	0.004241	0
ZB_USD	2019-02-25	0.004316	0.004159	0.004398	0.004156	0
ZB_USD	2019-02-24	0.004159	0.004697	0.004711	0.004067	0
ZB_USD	2019-02-23	0.004697	0.004410	0.004801	0.004360	0
ZB_USD	2019-02-22	0.004410	0.004531	0.004676	0.004256	0
ZB_USD	2019-02-21	0.004531	0.004446	0.004710	0.004411	0
ZB_USD	2019-02-20	0.004446	0.004331	0.004446	0.004298	0
ZB_USD	2019-02-19	0.004331	0.004357	0.004425	0.004218	0
ZB_USD	2019-02-18	0.004357	0.004259	0.004454	0.004246	0
ZB_USD	2019-02-17	0.004259	0.004099	0.004274	0.004007	0
ZB_USD	2019-02-16	0.004099	0.004470	0.004490	0.004091	0
ZB_USD	2019-02-15	0.004470	0.004553	0.004591	0.004444	0
ZB_USD	2019-02-14	0.004553	0.004403	0.004652	0.004319	0
ZB_USD	2019-02-13	0.004403	0.004692	0.004704	0.004393	0
ZB_USD	2019-02-12	0.004692	0.004822	0.004823	0.004609	0
ZB_USD	2019-02-11	0.004822	0.004984	0.004987	0.004780	0
ZB_USD	2019-02-10	0.004984	0.005299	0.005318	0.004841	0
ZB_USD	2019-02-09	0.005299	0.005567	0.005631	0.004892	0
ZB_USD	2019-02-08	0.005567	0.004982	0.005623	0.004982	0
ZB_USD	2019-02-07	0.004982	0.005143	0.005143	0.004956	0
ZB_USD	2019-02-06	0.005143	0.005215	0.005229	0.005082	0
ZB_USD	2019-02-05	0.005215	0.005236	0.005320	0.005159	0
ZB_USD	2019-02-04	0.005236	0.005463	0.005508	0.005175	0
ZB_USD	2019-02-03	0.005463	0.005356	0.005548	0.005117	0
ZB_USD	2019-02-02	0.005356	0.005360	0.005518	0.004900	0
ZB_USD	2019-02-01	0.005360	0.004466	0.005731	0.004453	0
ZB_USD	2019-01-31	0.004466	0.004889	0.004941	0.004187	0
ZB_USD	2019-01-30	0.004889	0.006139	0.006150	0.004564	0
ZB_USD	2019-01-29	0.006139	0.006074	0.006246	0.006009	0
ZB_USD	2019-01-28	0.006074	0.005630	0.006130	0.005620	0
ZB_USD	2019-01-27	0.005630	0.005540	0.005649	0.005497	0
ZB_USD	2019-01-26	0.005540	0.005353	0.005691	0.005353	0
ZB_USD	2019-01-25	0.005353	0.005588	0.005641	0.005218	0
ZB_USD	2019-01-24	0.005588	0.004615	0.005653	0.004615	0
ZB_USD	2019-01-23	0.004615	0.003766	0.004704	0.003753	0
ZB_USD	2019-01-22	0.003766	0.003670	0.003805	0.003625	0
ZB_USD	2019-01-21	0.003670	0.003712	0.003732	0.003649	0
ZB_USD	2019-01-20	0.003712	0.003859	0.003914	0.003669	0
ZB_USD	2019-01-19	0.003859	0.003768	0.003945	0.003766	0
ZB_USD	2019-01-18	0.003768	0.003869	0.003873	0.003739	0
ZB_USD	2019-01-17	0.003869	0.003763	0.003884	0.003674	0
ZB_USD	2019-01-16	0.003763	0.003748	0.003827	0.003697	0
ZB_USD	2019-01-15	0.003748	0.003843	0.003869	0.003724	0
ZB_USD	2019-01-14	0.003843	0.003538	0.003941	0.003526	0
ZB_USD	2019-01-13	0.003538	0.003758	0.003872	0.003521	0
ZB_USD	2019-01-12	0.003758	0.003622	0.003813	0.003613	0
ZB_USD	2019-01-11	0.003622	0.003657	0.003865	0.003575	0
ZB_USD	2019-01-10	0.003657	0.003940	0.004014	0.003558	0
ZB_USD	2019-01-09	0.003940	0.003915	0.004025	0.003864	0
ZB_USD	2019-01-08	0.003915	0.004093	0.004113	0.003905	0
ZB_USD	2019-01-07	0.004093	0.004151	0.004176	0.004018	0
ZB_USD	2019-01-06	0.004151	0.004010	0.007941	0.003939	0
ZB_USD	2019-01-05	0.004010	0.004056	0.004108	0.004002	0
ZB_USD	2019-01-04	0.004056	0.003901	0.004094	0.003844	0
ZB_USD	2019-01-03	0.003901	0.004010	0.004014	0.003806	0
ZB_USD	2019-01-02	0.004010	0.003978	0.004074	0.003922	0
ZB_USD	2019-01-01	0.003978	0.003965	0.004006	0.003795	0
ZB_USD	2018-12-31	0.003965	0.003933	0.004091	0.003846	0
ZB_USD	2018-12-30	0.003933	0.003863	0.004118	0.003845	0
ZB_USD	2018-12-29	0.003863	0.004239	0.004262	0.003833	0
ZB_USD	2018-12-28	0.004239	0.003955	0.004312	0.003911	0
ZB_USD	2018-12-27	0.003955	0.004146	0.004146	0.003899	0
ZB_USD	2018-12-26	0.004146	0.004062	0.004306	0.003907	0
ZB_USD	2018-12-25	0.004062	0.004166	0.004173	0.003915	0
ZB_USD	2018-12-24	0.004166	0.004315	0.004621	0.004116	0
ZB_USD	2018-12-23	0.004315	0.004559	0.004628	0.004293	0
ZB_USD	2018-12-22	0.004559	0.004329	0.004564	0.004279	0
ZB_USD	2018-12-21	0.004329	0.004741	0.004741	0.004257	0
ZB_USD	2018-12-20	0.004741	0.004420	0.004858	0.004387	0
ZB_USD	2018-12-19	0.004420	0.004762	0.004887	0.004372	0
ZB_USD	2018-12-18	0.004762	0.004659	0.004785	0.004505	0
ZB_USD	2018-12-17	0.004659	0.004273	0.004741	0.004245	0
ZB_USD	2018-12-16	0.004273	0.004224	0.004326	0.004158	0
ZB_USD	2018-12-15	0.004224	0.004200	0.004265	0.004102	0
ZB_USD	2018-12-14	0.004200	0.004172	0.004314	0.004108	0
ZB_USD	2018-12-13	0.004172	0.004386	0.004482	0.004145	0
ZB_USD	2018-12-12	0.004386	0.004295	0.004489	0.004287	0
ZB_USD	2018-12-11	0.004332	0.004618	0.004618	0.004236	0
ZB_USD	2018-12-10	0.004618	0.004794	0.004828	0.004195	0
ZB_USD	2018-12-09	0.004794	0.004891	0.005542	0.004794	0
ZB_USD	2018-12-08	0.004891	0.004133	0.005083	0.004133	0
ZB_USD	2018-12-07	0.004133	0.003947	0.004250	0.003780	0
ZB_USD	2018-12-06	0.003947	0.004162	0.004405	0.003920	0
ZB_USD	2018-12-05	0.004162	0.004400	0.004417	0.004108	0
ZB_USD	2018-12-04	0.004400	0.004274	0.004588	0.004248	0
ZB_USD	2018-12-03	0.004274	0.004492	0.004513	0.004205	0
ZB_USD	2018-12-02	0.004492	0.004667	0.004767	0.004395	0
ZB_USD	2018-12-01	0.004667	0.004301	0.004794	0.004267	0
ZB_USD	2018-11-30	0.004301	0.004721	0.004734	0.004126	0
ZB_USD	2018-11-29	0.004721	0.004887	0.005027	0.004588	0
ZB_USD	2018-11-28	0.004887	0.004292	0.005029	0.004292	0
ZB_USD	2018-11-27	0.004292	0.004339	0.004404	0.004174	0
ZB_USD	2018-11-26	0.004339	0.004659	0.004721	0.004126	0
ZB_USD	2018-11-25	0.004659	0.004343	0.004770	0.004283	0
ZB_USD	2018-11-24	0.004343	0.004666	0.004739	0.004141	0
ZB_USD	2018-11-23	0.004666	0.004502	0.004731	0.004379	0
ZB_USD	2018-11-22	0.004502	0.004648	0.004805	0.004502	0
ZB_USD	2018-11-21	0.004648	0.004589	0.004776	0.004457	0
ZB_USD	2018-11-20	0.004589	0.004419	0.004800	0.004069	0
ZB_USD	2018-11-19	0.004419	0.005065	0.005065	0.004280	0
ZB_USD	2018-11-18	0.005065	0.004867	0.005111	0.004867	0
ZB_USD	2018-11-17	0.004867	0.004925	0.004967	0.004822	0
ZB_USD	2018-11-16	0.004925	0.004831	0.005038	0.004814	0
ZB_USD	2018-11-15	0.004831	0.004502	0.005004	0.004489	0
ZB_USD	2018-11-14	0.004502	0.005430	0.005460	0.004364	0
ZB_USD	2018-11-13	0.005430	0.005609	0.005650	0.005391	0
ZB_USD	2018-11-12	0.005609	0.005846	0.005864	0.005552	0
ZB_USD	2018-11-11	0.005846	0.005756	0.005957	0.005637	0
ZB_USD	2018-11-10	0.005756	0.005586	0.006016	0.005495	0
ZB_USD	2018-11-09	0.005586	0.006253	0.006287	0.005370	0
ZB_USD	2018-11-08	0.006253	0.006671	0.006684	0.006253	0
ZB_USD	2018-11-07	0.006671	0.006678	0.006772	0.006603	0
ZB_USD	2018-11-06	0.006678	0.006632	0.006762	0.006549	0
ZB_USD	2018-11-05	0.006632	0.006647	0.006658	0.006600	0
ZB_USD	2018-11-04	0.006647	0.006548	0.006657	0.006486	0
ZB_USD	2018-11-03	0.006548	0.006459	0.006638	0.006381	0
ZB_USD	2018-11-02	0.006459	0.006432	0.006520	0.006390	0
ZB_USD	2018-11-01	0.006432	0.006464	0.006520	0.006330	0
ZB_USD	2018-10-31	0.006464	0.006488	0.006590	0.006407	0
ZB_USD	2018-10-30	0.006488	0.006503	0.006655	0.006317	0
ZB_USD	2018-10-29	0.006503	0.006555	0.007044	0.006255	0
ZB_USD	2018-10-28	0.006555	0.006955	0.006955	0.006527	0
ZB_USD	2018-10-27	0.006955	0.007250	0.007617	0.006953	0
ZB_USD	2018-10-26	0.007250	0.006887	0.007359	0.006628	0
ZB_USD	2018-10-25	0.006887	0.008160	0.008336	0.006645	0
ZB_USD	2018-10-24	0.008160	0.008613	0.008964	0.008160	0
ZB_USD	2018-10-23	0.008613	0.008899	0.009114	0.008436	0
ZB_USD	2018-10-22	0.008899	0.008433	0.009166	0.008410	0
ZB_USD	2018-10-21	0.008433	0.007376	0.008566	0.007374	0
ZB_USD	2018-10-20	0.007376	0.006495	0.007540	0.006480	0
ZB_USD	2018-10-19	0.006495	0.006018	0.006927	0.005972	0
ZB_USD	2018-10-18	0.006018	0.005354	0.006924	0.005284	0
ZB_USD	2018-10-17	0.005354	0.005305	0.005378	0.005258	0
ZB_USD	2018-10-16	0.005305	0.005225	0.005376	0.005192	0
ZB_USD	2018-10-15	0.005225	0.005225	0.006052	0.004952	0
ZB_USD	2018-10-14	0.005225	0.004998	0.005419	0.004992	0
ZB_USD	2018-10-13	0.004998	0.004943	0.005083	0.004937	0
ZB_USD	2018-10-12	0.004943	0.004848	0.005030	0.004823	0
ZB_USD	2018-10-11	0.004848	0.005138	0.005138	0.004786	0
ZB_USD	2018-10-10	0.005138	0.004997	0.005211	0.004944	0
ZB_USD	2018-10-09	0.004997	0.005105	0.005110	0.004925	0
ZB_USD	2018-10-08	0.005105	0.005116	0.005227	0.005042	0
ZB_USD	2018-10-07	0.005116	0.005175	0.005185	0.005065	0
ZB_USD	2018-10-06	0.005175	0.005283	0.005285	0.005121	0
ZB_USD	2018-10-05	0.005283	0.005231	0.005299	0.005087	0
ZB_USD	2018-10-04	0.005231	0.005105	0.005262	0.005043	0
ZB_USD	2018-10-03	0.005105	0.005263	0.005340	0.005086	0
ZB_USD	2018-10-02	0.005263	0.005248	0.005509	0.005125	0
ZB_USD	2018-10-01	0.005248	0.005792	0.005792	0.005238	0
ZB_USD	2018-09-30	0.005792	0.005977	0.006178	0.005369	0
ZB_USD	2018-09-29	0.005977	0.005275	0.006170	0.005100	0
ZB_USD	2018-09-28	0.005275	0.005117	0.005382	0.005060	0
ZB_USD	2018-09-27	0.005117	0.004976	0.005146	0.004836	0
ZB_USD	2018-09-26	0.004976	0.004601	0.005241	0.004566	0
ZB_USD	2018-09-25	0.004601	0.004412	0.004611	0.004293	0
ZB_USD	2018-09-24	0.004412	0.004329	0.004557	0.004234	0
ZB_USD	2018-09-23	0.004329	0.004337	0.004443	0.004248	0
ZB_USD	2018-09-22	0.004337	0.004368	0.004450	0.004277	0
ZB_USD	2018-09-21	0.004368	0.004128	0.004509	0.004062	0
ZB_USD	2018-09-20	0.004128	0.003995	0.004274	0.003926	0
ZB_USD	2018-09-19	0.003995	0.004155	0.004167	0.003804	0
ZB_USD	2018-09-18	0.004155	0.004159	0.004250	0.004060	0
ZB_USD	2018-09-17	0.004159	0.004516	0.004566	0.004139	0
ZB_USD	2018-09-16	0.004516	0.004597	0.004606	0.004445	0
ZB_USD	2018-09-15	0.004597	0.004574	0.004695	0.004564	0
ZB_USD	2018-09-14	0.004574	0.004695	0.004754	0.004557	0
ZB_USD	2018-09-13	0.004695	0.004626	0.004730	0.004562	0
ZB_USD	2018-09-12	0.004626	0.004623	0.004660	0.004531	0
ZB_USD	2018-09-11	0.004623	0.004636	0.004708	0.004542	0
ZB_USD	2018-09-10	0.004636	0.004524	0.004726	0.004524	0
ZB_USD	2018-09-09	0.004524	0.004546	0.004703	0.004180	0
ZB_USD	2018-09-08	0.004546	0.004707	0.004824	0.004546	0
ZB_USD	2018-09-07	0.004707	0.004755	0.004818	0.004604	0
ZB_USD	2018-09-06	0.004755	0.004726	0.004784	0.004363	0
ZB_USD	2018-09-05	0.004726	0.005409	0.005426	0.004570	0
ZB_USD	2018-09-04	0.005409	0.005343	0.005501	0.005147	0
ZB_USD	2018-09-03	0.005343	0.005541	0.005557	0.005295	0
ZB_USD	2018-09-02	0.005541	0.005578	0.005689	0.005468	0
ZB_USD	2018-09-01	0.005578	0.005516	0.005803	0.005511	0
ZB_USD	2018-08-31	0.005516	0.005211	0.005576	0.005164	0
ZB_USD	2018-08-30	0.005211	0.005250	0.005260	0.005041	0
ZB_USD	2018-08-29	0.005250	0.005273	0.005366	0.005161	0
ZB_USD	2018-08-28	0.005273	0.005246	0.005375	0.005221	0
ZB_USD	2018-08-27	0.005246	0.005065	0.005274	0.004968	0
ZB_USD	2018-08-26	0.005065	0.005088	0.005120	0.004903	0
ZB_USD	2018-08-25	0.005088	0.005054	0.005196	0.004999	0
ZB_USD	2018-08-24	0.005054	0.004863	0.005072	0.004833	0
ZB_USD	2018-08-23	0.004863	0.004734	0.004957	0.004687	0
ZB_USD	2018-08-22	0.004734	0.005021	0.005304	0.004658	0
ZB_USD	2018-08-21	0.005021	0.004660	0.005047	0.004656	0
ZB_USD	2018-08-20	0.004660	0.004864	0.004878	0.004641	0
ZB_USD	2018-08-19	0.004864	0.004569	0.004927	0.004534	0
ZB_USD	2018-08-18	0.004569	0.004711	0.004734	0.004539	0
ZB_USD	2018-08-17	0.004711	0.004639	0.004824	0.004529	0
ZB_USD	2018-08-16	0.004639	0.004295	0.005161	0.004203	0
ZB_USD	2018-08-15	0.004295	0.004980	0.005018	0.004278	0
ZB_USD	2018-08-14	0.004980	0.004970	0.005000	0.004621	0
ZB_USD	2018-08-13	0.004970	0.005020	0.005458	0.004934	0
ZB_USD	2018-08-12	0.005020	0.005290	0.005449	0.004774	0
ZB_USD	2018-08-11	0.005290	0.005345	0.005520	0.005082	0
ZB_USD	2018-08-10	0.005345	0.005778	0.005802	0.005277	0
ZB_USD	2018-08-09	0.005778	0.005493	0.005832	0.005205	0
ZB_USD	2018-08-08	0.005493	0.006113	0.006113	0.005189	0
ZB_USD	2018-08-07	0.006113	0.006695	0.006821	0.006007	0
ZB_USD	2018-08-06	0.006695	0.006575	0.007677	0.006210	0
ZB_USD	2018-08-05	0.006575	0.006025	0.006613	0.005817	0
ZB_USD	2018-08-04	0.006025	0.005599	0.006198	0.005579	0
ZB_USD	2018-08-03	0.005599	0.005463	0.005711	0.005308	0
ZB_USD	2018-08-02	0.005463	0.005289	0.005715	0.005155	0
ZB_USD	2018-08-01	0.005289	0.005499	0.006596	0.005108	0
ZB_USD	2018-07-31	0.005499	0.007027	0.012172	0.004439	0
ZB_USD	2018-07-30	0.007027	0.003905	0.007317	0.003836	0
ZB_USD	2018-07-29	0.003905	0.003917	0.003931	0.003858	0
ZB_USD	2018-07-28	0.003917	0.003834	0.003999	0.003834	0
ZB_USD	2018-07-27	0.003834	0.004082	0.004411	0.003834	0
ZB_USD	2018-07-26	0.004082	0.002944	0.004164	0.002916	0
ZB_USD	2018-07-25	0.002944	0.003786	0.003861	0.001976	0
ZB_USD	2018-07-24	0.003786	0.003895	0.004177	0.002788	0
ZB_USD	2018-07-23	0.003895	0.003849	0.003988	0.003687	0
ZB_USD	2018-07-22	0.003849	0.003739	0.004738	0.003713	0
ZB_USD	2018-07-21	0.003739	0.003410	0.003820	0.003358	0
ZB_USD	2018-07-20	0.003410	0.003513	0.003572	0.003290	0
ZB_USD	2018-07-19	0.003513	0.003609	0.003628	0.003334	0
ZB_USD	2018-07-18	0.003609	0.003697	0.003752	0.003319	0
ZB_USD	2018-07-17	0.003697	0.003469	0.003804	0.003328	0
ZB_USD	2018-07-16	0.003469	0.003142	0.003529	0.002947	0
ZB_USD	2018-07-15	0.003142	0.003281	0.003290	0.002903	0
ZB_USD	2018-07-14	0.003281	0.003328	0.003358	0.003259	0
ZB_USD	2018-07-13	0.003328	0.003334	0.003386	0.003277	0
ZB_USD	2018-07-12	0.003334	0.003476	0.003476	0.003253	0
ZB_USD	2018-07-11	0.003476	0.003497	0.003549	0.003340	0
ZB_USD	2018-07-10	0.003497	0.003696	0.003707	0.003485	0
ZB_USD	2018-07-09	0.003696	0.003723	0.003772	0.003649	0
ZB_USD	2018-07-08	0.003723	0.003787	0.003803	0.003659	0
ZB_USD	2018-07-07	0.003787	0.003730	0.003857	0.003595	0
ZB_USD	2018-07-06	0.003730	0.003630	0.003812	0.003581	0
ZB_USD	2018-07-05	0.003630	0.003723	0.003784	0.003586	0
ZB_USD	2018-07-04	0.003723	0.003705	0.003786	0.003657	0
ZB_USD	2018-07-03	0.003705	0.003739	0.003856	0.000049	0
ZB_USD	2018-07-02	0.003739	0.003682	0.003901	0.000000	0
ZB_USD	2018-07-01	0.003651	0.003803	0.003876	0.003649	0
ZB_USD	2018-06-30	0.003803	0.003722	0.003942	0.003711	0
ZB_USD	2018-06-29	0.003725	0.003539	0.003760	0.003360	0
ZB_USD	2018-06-28	0.003545	0.003680	0.003770	0.003527	0
ZB_USD	2018-06-27	0.003680	0.003731	0.003852	0.003560	0
ZB_USD	2018-06-26	0.003742	0.003969	0.004046	0.003698	0
ZB_USD	2018-06-25	0.003967	0.003964	0.004132	0.003828	0
ZB_USD	2018-06-24	0.003965	0.003912	0.004090	0.003625	0
ZB_USD	2018-06-23	0.003906	0.003746	0.004031	0.003709	0
ZB_USD	2018-06-22	0.003747	0.003995	0.004005	0.003651	0
ZB_USD	2018-06-21	0.003994	0.004124	0.004193	0.003849	0
ZB_USD	2018-06-20	0.004124	0.004208	0.004246	0.003991	0
ZB_USD	2018-06-19	0.004213	0.004597	0.004611	0.004157	0
ZB_USD	2018-06-18	0.004596	0.003962	0.004649	0.003960	0
ZB_USD	2018-06-17	0.003959	0.004054	0.004148	0.003852	0
ZB_USD	2018-06-16	0.004054	0.003959	0.004159	0.003931	0
ZB_USD	2018-06-15	0.003957	0.004218	0.004218	0.003943	0
ZB_USD	2018-06-14	0.004210	0.004029	0.004297	0.003983	0
ZB_USD	2018-06-13	0.004027	0.004319	0.004357	0.003799	0
ZB_USD	2018-06-12	0.004318	0.004122	0.005165	0.003949	0
ZB_USD	2018-06-11	0.004124	0.004156	0.004307	0.003913	0
ZB_USD	2018-06-10	0.004151	0.004537	0.005241	0.003978	0
ZB_USD	2018-06-09	0.004535	0.004950	0.005051	0.004532	0
ZB_USD	2018-06-08	0.004950	0.004189	0.005737	0.004162	0
ZB_USD	2018-06-07	0.004190	0.003406	0.004200	0.003350	0
ZB_USD	2018-06-06	0.003406	0.003929	0.003933	0.003223	0
ZB_USD	2018-06-05	0.003925	0.003932	0.004118	0.003613	0
ZB_USD	2018-06-04	0.003935	0.004210	0.004400	0.003728	0
ZB_USD	2018-06-03	0.004206	0.004694	0.004745	0.004194	0
ZB_USD	2018-06-02	0.004697	0.005118	0.005122	0.004481	0
ZB_USD	2018-06-01	0.005114	0.005240	0.005437	0.004710	0
ZB_USD	2018-05-31	0.005241	0.005861	0.006254	0.005096	0
ZB_USD	2018-05-30	0.005863	0.005898	0.006593	0.005759	0
ZB_USD	2018-05-29	0.005891	0.005435	0.006031	0.005396	0
ZB_USD	2018-05-28	0.005502	0.005727	0.006060	0.005227	0
ZB_USD	2018-05-27	0.005725	0.006376	0.006770	0.005536	0
ZB_USD	2018-05-26	0.006375	0.006413	0.008958	0.005979	0
ZB_USD	2018-05-25	0.006414	0.007311	0.007443	0.005785	0
ZB_USD	2018-05-24	0.007308	0.009192	0.009487	0.006290	0
ZB_USD	2018-05-23	0.009199	0.018906	0.019875	0.007622	0
ZB_USD	2018-05-22	0.018912	0.017085	0.024088	0.016736	0
ZB_USD	2018-05-21	0.017085	0.017089	0.017133	0.016852	0
ZB_USD	2018-05-20	0.017089	0.016562	0.017209	0.016425	0
ZB_USD	2018-05-19	0.016562	0.016601	0.016771	0.016328	0
ZB_USD	2018-05-18	0.016601	0.016151	0.016732	0.000000	0
ZB_USD	2018-05-17	0.016172	0.016822	0.017055	0.016071	0
ZB_USD	2018-05-16	0.016807	0.016805	0.016849	0.016046	0
ZB_USD	2018-05-15	0.016805	0.017203	0.017493	0.016725	0
ZB_USD	2018-05-14	0.017204	0.017193	0.017624	0.016451	0
ZB_USD	2018-05-13	0.017193	0.016823	0.017418	0.016370	0
ZB_USD	2018-05-12	0.016784	0.016869	0.017382	0.016069	0
ZB_USD	2018-05-11	0.016869	0.017632	0.017784	0.016446	0
ZB_USD	2018-05-10	0.017632	0.018543	0.018859	0.017146	0
ZB_USD	2018-05-09	0.018543	0.016807	0.018976	0.016523	0
ZB_USD	2018-05-08	0.016864	0.016940	0.016959	0.000002	0
ZB_USD	2018-05-07	0.016642	0.019077	0.019091	0.016497	0
ZB_USD	2018-05-06	0.019028	0.019828	0.020195	0.018710	0
ZB_USD	2018-05-05	0.019805	0.019998	0.020352	0.019115	0
ZB_USD	2018-05-04	0.019998	0.022363	0.022363	0.018358	0
ZB_USD	2018-05-03	0.022376	0.022026	0.022820	0.021008	0
ZB_USD	2018-05-02	0.022026	0.022439	0.022568	0.020485	0
ZB_USD	2018-05-01	0.022459	0.024060	0.024077	0.020889	0
ZB_USD	2018-04-30	0.024060	0.024436	0.024881	0.022197	0
ZB_USD	2018-04-29	0.024436	0.024563	0.025796	0.023254	0
ZB_USD	2018-04-28	0.024563	0.020761	0.027662	0.020628	0
ZB_USD	2018-04-27	0.020761	0.022077	0.022473	0.019089	0
ZB_USD	2018-04-26	0.021939	0.022189	0.022963	0.021029	0
ZB_USD	2018-04-25	0.022189	0.027601	0.027614	0.021706	0
ZB_USD	2018-04-24	0.027665	0.027713	0.028263	0.026426	0
ZB_USD	2018-04-23	0.027713	0.026971	0.027887	0.026629	0
ZB_USD	2018-04-22	0.026971	0.027946	0.027964	0.026832	0
ZB_USD	2018-04-21	0.027946	0.030249	0.030279	0.024835	0
ZB_USD	2018-04-20	0.030249	0.027141	0.030497	0.025964	0
ZB_USD	2018-04-19	0.027141	0.028379	0.028522	0.025092	0
ZB_USD	2018-04-18	0.028379	0.029115	0.029649	0.027398	0
ZB_USD	2018-04-17	0.029115	0.030653	0.030824	0.029039	0
ZB_USD	2018-04-16	0.030653	0.031590	0.031603	0.029183	0
ZB_USD	2018-04-15	0.031590	0.029939	0.032796	0.026941	0
ZB_USD	2018-04-14	0.029939	0.033367	0.034219	0.022901	0
ZB_USD	2018-04-13	0.033367	0.034615	0.035049	0.033122	0
ZB_USD	2018-04-12	0.034618	0.027872	0.034883	0.027669	0
ZB_USD	2018-04-11	0.027890	0.027189	0.027985	0.026895	0
ZB_USD	2018-04-10	0.027189	0.026302	0.027387	0.026077	0
ZB_USD	2018-04-09	0.026293	0.027322	0.028145	0.025691	0
ZB_USD	2018-04-08	0.027322	0.027275	0.027823	0.025845	0
ZB_USD	2018-04-07	0.027275	0.022158	0.027694	0.022016	0
ZB_USD	2018-04-06	0.022158	0.019373	0.023106	0.018545	0
ZB_USD	2018-04-05	0.019373	0.017306	0.019869	0.016923	0
ZB_USD	2018-04-04	0.017306	0.018438	0.018484	0.016935	0
ZB_USD	2018-04-03	0.018438	0.017314	0.018678	0.017284	0
ZB_USD	2018-04-02	0.017314	0.016991	0.017558	0.016767	0
ZB_USD	2018-04-01	0.016991	0.016932	0.017348	0.015862	0
ZB_USD	2018-03-31	0.016932	0.016554	0.017654	0.016475	0
ZB_USD	2018-03-30	0.016554	0.017305	0.018190	0.015591	0
ZB_USD	2018-03-29	0.017305	0.018145	0.018217	0.016166	0
ZB_USD	2018-03-28	0.018145	0.017319	0.018522	0.017272	0
ZB_USD	2018-03-27	0.017322	0.017671	0.018559	0.017265	0
ZB_USD	2018-03-26	0.017671	0.017144	0.018099	0.016785	0
ZB_USD	2018-03-25	0.017144	0.017098	0.017572	0.016896	0
ZB_USD	2018-03-24	0.017098	0.017849	0.018245	0.017079	0
ZB_USD	2018-03-23	0.017849	0.016911	0.017851	0.016129	0
ZB_USD	2018-03-22	0.016911	0.016509	0.017093	0.015675	0
ZB_USD	2018-03-21	0.016509	0.017258	0.017597	0.015896	0
ZB_USD	2018-03-20	0.017258	0.014448	0.017716	0.009196	0
ZB_USD	2018-03-19	0.014448	0.017851	0.019453	0.011704	0
ZB_USD	2018-03-18	0.017851	0.016016	0.018219	0.015163	0
ZB_USD	2018-03-17	0.016016	0.016128	0.017013	0.015362	0
ZB_USD	2018-03-16	0.016128	0.013826	0.016163	0.013239	0
ZB_USD	2018-03-15	0.013826	0.013873	0.013984	0.012861	0
ZB_USD	2018-03-14	0.013873	0.014113	0.016045	0.013073	0
ZB_USD	2018-03-13	0.014113	0.012586	0.014384	0.012519	0
ZB_USD	2018-03-12	0.012586	0.012506	0.013667	0.012060	0
ZB_USD	2018-03-11	0.012506	0.010901	0.013458	0.010495	0
ZB_USD	2018-03-10	0.010901	0.010557	0.012028	0.010553	0
ZB_USD	2018-03-09	0.010557	0.010461	0.011080	0.009603	0
ZB_USD	2018-03-08	0.010461	0.011166	0.011397	0.010221	0
ZB_USD	2018-03-07	0.011166	0.011956	0.012617	0.010614	0
ZB_USD	2018-03-06	0.011956	0.013613	0.013613	0.011268	0
ZB_USD	2018-03-05	0.013613	0.011795	0.014232	0.008422	0
ZB_USD	2018-03-04	0.011795	0.019611	0.019611	0.011795	0
ZB_USD	2018-03-03	0.019645	0.019678	0.021273	0.018510	0
ZB_USD	2018-03-02	0.019667	0.020160	0.020319	0.017738	0
