ZCG_USD	2019-04-09	1.05314	1.07956	1.08081	1.04481	0
ZCG_USD	2019-04-08	1.08152	1.05088	1.11326	1.04261	0
ZCG_USD	2019-04-07	1.05421	0.99420	1.06093	0.98691	0
ZCG_USD	2019-04-06	0.99316	0.99560	1.03576	0.96644	0
ZCG_USD	2019-04-05	0.99721	0.94449	1.01143	0.93872	0
ZCG_USD	2019-04-04	0.94407	0.95901	0.98352	0.92277	0
ZCG_USD	2019-04-03	0.95550	0.98453	1.06798	0.90659	0
ZCG_USD	2019-04-02	0.98483	0.85173	1.00087	0.85054	0
ZCG_USD	2019-04-01	0.85381	0.85548	0.86470	0.84298	0
ZCG_USD	2019-03-31	0.85554	0.86071	0.86083	0.84905	0
ZCG_USD	2019-03-30	0.86071	0.86993	0.88368	0.84947	0
ZCG_USD	2019-03-29	0.86993	0.83459	0.87059	0.83304	0
ZCG_USD	2019-03-28	0.83459	0.84262	0.84262	0.83007	0
ZCG_USD	2019-03-27	0.84274	0.80561	0.84596	0.80526	0
ZCG_USD	2019-03-26	0.80561	0.80413	0.81043	0.79758	0
ZCG_USD	2019-03-25	0.80413	0.82001	0.82430	0.79252	0
ZCG_USD	2019-03-24	0.82001	0.82870	0.82906	0.81412	0
ZCG_USD	2019-03-23	0.82870	0.82150	0.83542	0.82007	0
ZCG_USD	2019-03-22	0.82174	0.81513	0.82947	0.81192	0
ZCG_USD	2019-03-21	0.81519	0.84590	0.84905	0.80877	0
ZCG_USD	2019-03-20	0.84566	0.84286	0.84935	0.82816	0
ZCG_USD	2019-03-19	0.84358	0.83649	0.84661	0.83203	0
ZCG_USD	2019-03-18	0.83649	0.84322	0.86107	0.82739	0
ZCG_USD	2019-03-17	0.84322	0.85559	0.85559	0.83530	0
ZCG_USD	2019-03-16	0.85559	0.82870	0.87550	0.82870	0
ZCG_USD	2019-03-15	0.82864	0.80151	0.83899	0.80145	0
ZCG_USD	2019-03-14	0.80210	0.80044	0.81796	0.78785	0
ZCG_USD	2019-03-13	0.80044	0.81079	0.81085	0.79425	0
ZCG_USD	2019-03-12	0.81079	0.80573	0.81966	0.78187	0
ZCG_USD	2019-03-11	0.80538	0.82227	0.82561	0.79734	0
ZCG_USD	2019-03-10	0.82227	0.83346	0.83465	0.81448	0
ZCG_USD	2019-03-09	0.83340	0.81037	0.84274	0.80645	0
ZCG_USD	2019-03-08	0.81031	0.83322	0.85000	0.79303	0
ZCG_USD	2019-03-07	0.83328	0.83647	0.85250	0.82462	0
ZCG_USD	2019-03-06	0.83629	0.83379	0.85405	0.81487	0
ZCG_USD	2019-03-05	0.83298	0.76390	0.83852	0.76051	0
ZCG_USD	2019-03-04	0.76393	0.79300	0.79651	0.74912	0
ZCG_USD	2019-03-03	0.79220	0.80680	0.81933	0.77732	0
ZCG_USD	2019-03-02	0.80686	0.82403	0.82888	0.79232	0
ZCG_USD	2019-03-01	0.82459	0.82213	0.84096	0.82013	0
ZCG_USD	2019-02-28	0.82221	0.82016	0.84813	0.81210	0
ZCG_USD	2019-02-27	0.82013	0.82938	0.85488	0.77137	0
ZCG_USD	2019-02-26	0.83096	0.83971	0.84316	0.81817	0
ZCG_USD	2019-02-25	0.83989	0.80478	0.86083	0.80478	0
ZCG_USD	2019-02-24	0.80365	0.96011	1.00810	0.80365	0
ZCG_USD	2019-02-23	0.96127	0.90001	0.97225	0.88636	0
ZCG_USD	2019-02-22	0.90147	0.88243	0.90510	0.87008	0
ZCG_USD	2019-02-21	0.88264	0.90242	0.91361	0.86607	0
ZCG_USD	2019-02-20	0.90590	0.87237	0.90718	0.85565	0
ZCG_USD	2019-02-19	0.87237	0.88576	0.91278	0.86836	0
ZCG_USD	2019-02-18	0.88668	0.81037	0.90263	0.80475	0
ZCG_USD	2019-02-17	0.81037	0.74189	0.82272	0.74076	0
ZCG_USD	2019-02-16	0.74189	0.73647	0.75563	0.73624	0
ZCG_USD	2019-02-15	0.73630	0.72898	0.75251	0.72707	0
ZCG_USD	2019-02-14	0.72933	0.73612	0.75123	0.72737	0
ZCG_USD	2019-02-13	0.73695	0.74230	0.76938	0.72948	0
ZCG_USD	2019-02-12	0.74010	0.72999	0.75013	0.71339	0
ZCG_USD	2019-02-11	0.72999	0.75736	0.75736	0.72392	0
ZCG_USD	2019-02-10	0.75861	0.72011	0.76224	0.70214	0
ZCG_USD	2019-02-09	0.72088	0.72109	0.73415	0.71172	0
ZCG_USD	2019-02-08	0.72210	0.62925	0.74144	0.62539	0
ZCG_USD	2019-02-07	0.62896	0.63104	0.64026	0.62592	0
ZCG_USD	2019-02-06	0.63104	0.64669	0.64817	0.61289	0
ZCG_USD	2019-02-05	0.64672	0.64538	0.64936	0.63961	0
ZCG_USD	2019-02-04	0.64550	0.64627	0.65630	0.64157	0
ZCG_USD	2019-02-03	0.64573	0.67067	0.67501	0.63776	0
ZCG_USD	2019-02-02	0.66876	0.64862	0.67180	0.64222	0
ZCG_USD	2019-02-01	0.64859	0.64621	0.65749	0.62904	0
ZCG_USD	2019-01-31	0.64496	0.65781	0.67221	0.63943	0
ZCG_USD	2019-01-30	0.65829	0.63270	0.66424	0.62681	0
ZCG_USD	2019-01-29	0.63389	0.64002	0.64383	0.62086	0
ZCG_USD	2019-01-28	0.63955	0.67495	0.68030	0.61491	0
ZCG_USD	2019-01-27	0.67504	0.69810	0.70214	0.67102	0
ZCG_USD	2019-01-26	0.69827	0.69780	0.71380	0.69649	0
ZCG_USD	2019-01-25	0.69774	0.70839	0.71047	0.69215	0
ZCG_USD	2019-01-24	0.70845	0.70660	0.71368	0.68956	0
ZCG_USD	2019-01-23	0.70660	0.71511	0.72071	0.69685	0
ZCG_USD	2019-01-22	0.71511	0.69857	0.72344	0.67203	0
ZCG_USD	2019-01-21	0.69920	0.70934	0.71478	0.68483	0
ZCG_USD	2019-01-20	0.70827	0.74974	0.75281	0.70086	0
ZCG_USD	2019-01-19	0.74974	0.72508	0.77485	0.72508	0
ZCG_USD	2019-01-18	0.72487	0.74439	0.74692	0.71678	0
ZCG_USD	2019-01-17	0.74522	0.74219	0.75182	0.71440	0
ZCG_USD	2019-01-16	0.73873	0.72898	0.77271	0.72422	0
ZCG_USD	2019-01-15	0.73008	0.78214	0.79300	0.71309	0
ZCG_USD	2019-01-14	0.78217	0.70205	0.79957	0.70110	0
ZCG_USD	2019-01-13	0.70143	0.75766	0.75986	0.69140	0
ZCG_USD	2019-01-12	0.75775	0.76637	0.77313	0.75153	0
ZCG_USD	2019-01-11	0.76637	0.77069	0.78413	0.74590	0
ZCG_USD	2019-01-10	0.77045	0.90921	0.91905	0.75022	0
ZCG_USD	2019-01-09	0.90891	0.90968	0.94122	0.90025	0
ZCG_USD	2019-01-08	0.90968	0.92105	0.93539	0.89748	0
ZCG_USD	2019-01-07	0.92087	0.95704	0.96740	0.91197	0
ZCG_USD	2019-01-06	0.95687	0.94241	0.98105	0.91385	0
ZCG_USD	2019-01-05	0.94214	0.94389	0.99138	0.93893	0
ZCG_USD	2019-01-04	0.94395	0.90620	0.96329	0.89641	0
ZCG_USD	2019-01-03	0.90587	0.94824	0.95556	0.89150	0
ZCG_USD	2019-01-02	0.94856	0.86806	0.97004	0.85678	0
ZCG_USD	2019-01-01	0.86030	0.80918	0.87648	0.80255	0
ZCG_USD	2018-12-31	0.80918	0.85803	0.85946	0.79580	0
ZCG_USD	2018-12-30	0.85690	0.83197	0.86345	0.80279	0
ZCG_USD	2018-12-29	0.83641	0.84750	0.90968	0.81216	0
ZCG_USD	2018-12-28	0.84798	0.70562	0.85351	0.69685	0
ZCG_USD	2018-12-27	0.70375	0.80106	0.80886	0.69360	0
ZCG_USD	2018-12-26	0.80070	0.79133	0.84060	0.75926	0
ZCG_USD	2018-12-25	0.79127	0.84848	0.85381	0.75349	0
ZCG_USD	2018-12-24	0.84914	0.79592	0.97153	0.79520	0
ZCG_USD	2018-12-23	0.79603	0.71728	0.82055	0.71690	0
ZCG_USD	2018-12-22	0.71612	0.66269	0.71731	0.64776	0
ZCG_USD	2018-12-21	0.66269	0.70369	0.72972	0.64782	0
ZCG_USD	2018-12-20	0.70666	0.60950	0.71809	0.60474	0
ZCG_USD	2018-12-19	0.60902	0.61973	0.65960	0.60530	0
ZCG_USD	2018-12-18	0.61801	0.57883	0.62598	0.56228	0
ZCG_USD	2018-12-17	0.57889	0.51534	0.59694	0.51315	0
ZCG_USD	2018-12-16	0.51509	0.51016	0.53452	0.50917	0
ZCG_USD	2018-12-15	0.51021	0.50695	0.51559	0.49550	0
ZCG_USD	2018-12-14	0.50688	0.52302	0.52613	0.49782	0
ZCG_USD	2018-12-13	0.52183	0.54628	0.55289	0.51311	0
ZCG_USD	2018-12-12	0.54626	0.52907	0.55885	0.52471	0
ZCG_USD	2018-12-11	0.53188	0.54913	0.56002	0.52131	0
ZCG_USD	2018-12-10	0.54834	0.57071	0.58142	0.53857	0
ZCG_USD	2018-12-09	0.57169	0.55193	0.60786	0.54003	0
ZCG_USD	2018-12-08	0.55232	0.56414	0.59276	0.51023	0
ZCG_USD	2018-12-07	0.56429	0.54722	0.58810	0.49403	0
ZCG_USD	2018-12-06	0.54985	0.61081	0.62640	0.54509	0
ZCG_USD	2018-12-05	0.60956	0.65912	0.66192	0.60890	0
ZCG_USD	2018-12-04	0.65924	0.64990	0.68560	0.63360	0
ZCG_USD	2018-12-03	0.64990	0.69685	0.69845	0.63598	0
ZCG_USD	2018-12-02	0.69548	0.71196	0.72588	0.69393	0
ZCG_USD	2018-12-01	0.71196	0.67673	0.72880	0.66501	0
ZCG_USD	2018-11-30	0.67673	0.70518	0.71785	0.66715	0
ZCG_USD	2018-11-29	0.70518	0.73814	0.74308	0.68578	0
ZCG_USD	2018-11-28	0.73814	0.66501	0.76004	0.66501	0
ZCG_USD	2018-11-27	0.66501	0.65793	0.68060	0.61301	0
ZCG_USD	2018-11-26	0.65793	0.70660	0.72100	0.63711	0
ZCG_USD	2018-11-25	0.70887	0.68620	0.71963	0.61706	0
ZCG_USD	2018-11-24	0.68620	0.74510	0.77152	0.66620	0
ZCG_USD	2018-11-23	0.74510	0.75082	0.76397	0.71404	0
ZCG_USD	2018-11-22	0.75814	0.82293	0.83412	0.75814	0
ZCG_USD	2018-11-21	0.82543	0.80124	0.84126	0.75944	0
ZCG_USD	2018-11-20	0.80077	0.90046	0.91730	0.76284	0
ZCG_USD	2018-11-19	0.90046	1.06475	1.06475	0.88350	0
ZCG_USD	2018-11-18	1.06475	1.04660	1.08230	1.04660	0
ZCG_USD	2018-11-17	1.04660	1.05374	1.05665	1.03672	0
ZCG_USD	2018-11-16	1.05374	1.09569	1.09878	1.03422	0
ZCG_USD	2018-11-15	1.09569	1.11389	1.12639	1.02387	0
ZCG_USD	2018-11-14	1.10610	1.24866	1.25699	1.05832	0
ZCG_USD	2018-11-13	1.25033	1.26544	1.26949	1.24462	0
ZCG_USD	2018-11-12	1.26544	1.26735	1.27437	1.25533	0
ZCG_USD	2018-11-11	1.26949	1.26854	1.27139	1.24390	0
ZCG_USD	2018-11-10	1.26854	1.25557	1.28240	1.25265	0
ZCG_USD	2018-11-09	1.25557	1.26571	1.28139	1.24712	0
ZCG_USD	2018-11-08	1.26571	1.30305	1.31203	1.26571	0
ZCG_USD	2018-11-07	1.30305	1.31417	1.33881	1.29287	0
ZCG_USD	2018-11-06	1.31417	1.25479	1.31453	1.24468	0
ZCG_USD	2018-11-05	1.25479	1.26187	1.26544	1.23712	0
ZCG_USD	2018-11-04	1.26187	1.19065	1.29918	1.18434	0
ZCG_USD	2018-11-03	1.19065	1.20326	1.20475	1.18595	0
ZCG_USD	2018-11-02	1.20326	1.18845	1.21088	1.18845	0
ZCG_USD	2018-11-01	1.18845	1.18226	1.19113	1.17875	0
ZCG_USD	2018-10-31	1.18226	1.17411	1.18928	1.15114	0
ZCG_USD	2018-10-30	1.17542	1.17161	1.18047	1.16602	0
ZCG_USD	2018-10-29	1.17161	1.22983	1.23175	1.16483	0
ZCG_USD	2018-10-28	1.22983	1.22551	1.23235	1.22317	0
ZCG_USD	2018-10-27	1.22551	1.23031	1.23421	1.21891	0
ZCG_USD	2018-10-26	1.23031	1.22215	1.24855	1.22083	0
ZCG_USD	2018-10-25	1.22215	1.23139	1.23487	1.21771	0
ZCG_USD	2018-10-24	1.23139	1.23547	1.24735	1.23115	0
ZCG_USD	2018-10-23	1.23547	1.23703	1.24627	1.21783	0
ZCG_USD	2018-10-22	1.23703	1.24375	1.25251	1.23217	0
ZCG_USD	2018-10-21	1.24285	1.24909	1.26758	1.24267	0
ZCG_USD	2018-10-20	1.24897	1.22947	1.25821	1.22167	0
ZCG_USD	2018-10-19	1.22923	1.23655	1.24357	1.22407	0
ZCG_USD	2018-10-18	1.23655	1.27766	1.28816	1.22347	0
ZCG_USD	2018-10-17	1.27766	1.29086	1.30028	1.26209	0
ZCG_USD	2018-10-16	1.29128	1.28402	1.31048	1.26902	0
ZCG_USD	2018-10-15	1.28402	1.18111	1.42626	1.16707	0
ZCG_USD	2018-10-14	1.18027	1.20745	1.21933	1.17271	0
ZCG_USD	2018-10-13	1.20763	1.18225	1.21555	1.18117	0
ZCG_USD	2018-10-12	1.18333	1.14709	1.20733	1.14313	0
ZCG_USD	2018-10-11	1.14529	1.36034	1.36034	1.14061	0
ZCG_USD	2018-10-10	1.36034	1.37120	1.37186	1.34438	0
ZCG_USD	2018-10-09	1.37120	1.38135	1.38627	1.36292	0
ZCG_USD	2018-10-08	1.38135	1.35746	1.39431	1.34630	0
ZCG_USD	2018-10-07	1.35746	1.36318	1.37649	1.34164	0
ZCG_USD	2018-10-06	1.36318	1.38333	1.38550	1.35156	0
ZCG_USD	2018-10-05	1.38333	1.34491	1.39969	1.33045	0
ZCG_USD	2018-10-04	1.34491	1.33486	1.37056	1.32942	0
ZCG_USD	2018-10-03	1.33420	1.36608	1.36977	1.30879	0
ZCG_USD	2018-10-02	1.36784	1.40057	1.40523	1.35937	0
ZCG_USD	2018-10-01	1.40027	1.40813	1.42177	1.36554	0
ZCG_USD	2018-09-30	1.40813	1.40414	1.44479	1.36923	0
ZCG_USD	2018-09-29	1.40414	1.34321	1.43536	1.29463	0
ZCG_USD	2018-09-28	1.34321	1.38817	1.41376	1.30120	0
ZCG_USD	2018-09-27	1.38717	1.29569	1.40765	1.27479	0
ZCG_USD	2018-09-26	1.29802	1.32948	1.34633	1.25464	0
ZCG_USD	2018-09-25	1.32186	1.37849	1.37849	1.23135	0
ZCG_USD	2018-09-24	1.37849	1.48049	1.48769	1.36493	0
ZCG_USD	2018-09-23	1.48013	1.45804	1.50917	1.43578	0
ZCG_USD	2018-09-22	1.45753	1.49925	1.54214	1.41158	0
ZCG_USD	2018-09-21	1.50106	1.36729	1.52224	1.34085	0
ZCG_USD	2018-09-20	1.36729	1.27055	1.38547	1.25270	0
ZCG_USD	2018-09-19	1.26946	1.26335	1.29173	1.19184	0
ZCG_USD	2018-09-18	1.26335	1.18978	1.29596	1.17490	0
ZCG_USD	2018-09-17	1.18978	1.33196	1.35973	1.16576	0
ZCG_USD	2018-09-16	1.33196	1.34218	1.35171	1.24024	0
ZCG_USD	2018-09-15	1.34781	1.25830	1.37649	1.25830	0
ZCG_USD	2018-09-14	1.27134	1.27412	1.35162	1.22959	0
ZCG_USD	2018-09-13	1.27412	1.10792	1.29953	1.10792	0
ZCG_USD	2018-09-12	1.10792	1.11839	1.11912	1.01584	0
ZCG_USD	2018-09-11	1.12127	1.19123	1.20412	1.07804	0
ZCG_USD	2018-09-10	1.19123	1.18591	1.22563	1.13140	0
ZCG_USD	2018-09-09	1.18343	1.18999	1.26063	1.12347	0
ZCG_USD	2018-09-08	1.18999	1.30322	1.33017	1.15518	0
ZCG_USD	2018-09-07	1.30322	1.38986	1.41672	1.29330	0
ZCG_USD	2018-09-06	1.39004	1.37942	1.40232	1.28323	0
ZCG_USD	2018-09-05	1.37942	1.72624	1.73980	1.37219	0
ZCG_USD	2018-09-04	1.72624	1.74845	1.77156	1.71045	0
ZCG_USD	2018-09-03	1.75017	1.78033	1.79310	1.73181	0
ZCG_USD	2018-09-02	1.78033	1.78917	1.81113	1.75178	0
ZCG_USD	2018-09-01	1.78917	1.70537	1.82819	1.70537	0
ZCG_USD	2018-08-31	1.70537	1.71886	1.72352	1.67379	0
ZCG_USD	2018-08-30	1.71971	1.74700	1.76067	1.64838	0
ZCG_USD	2018-08-29	1.74911	1.78838	1.79582	1.72032	0
ZCG_USD	2018-08-28	1.78838	1.74173	1.80211	1.71112	0
ZCG_USD	2018-08-27	1.73605	1.65975	1.73605	1.64505	0
ZCG_USD	2018-08-26	1.65975	1.67760	1.67972	1.63020	0
ZCG_USD	2018-08-25	1.67760	1.70174	1.71057	1.67427	0
ZCG_USD	2018-08-24	1.70174	1.66949	1.71221	1.63688	0
ZCG_USD	2018-08-23	1.66898	1.63561	1.69406	1.62333	0
ZCG_USD	2018-08-22	1.63295	1.70083	1.80986	1.57457	0
ZCG_USD	2018-08-21	1.70056	1.63595	1.72897	1.63277	0
ZCG_USD	2018-08-20	1.63513	1.81070	1.83739	1.63071	0
ZCG_USD	2018-08-19	1.81119	1.78079	1.85402	1.74748	0
ZCG_USD	2018-08-18	1.77888	1.92079	1.94205	1.71148	0
ZCG_USD	2018-08-17	1.91912	1.73344	1.92469	1.72624	0
ZCG_USD	2018-08-16	1.73586	0.89940	1.80732	0.88970	0
ZCG_USD	2018-08-15	0.89866	0.89104	0.97271	0.88645	0
ZCG_USD	2018-08-14	0.88996	0.90842	0.90842	0.80301	0
ZCG_USD	2018-08-13	0.90842	1.01797	1.02971	0.89844	0
ZCG_USD	2018-08-12	1.01797	1.01667	1.04686	1.00799	0
ZCG_USD	2018-08-11	1.01784	1.06166	1.06335	0.97634	0
ZCG_USD	2018-08-10	1.06196	1.16278	1.16972	1.04433	0
ZCG_USD	2018-08-09	1.16207	1.13845	1.18361	1.12250	0
ZCG_USD	2018-08-08	1.13782	1.20815	1.21659	1.11730	0
ZCG_USD	2018-08-07	1.20882	1.29601	1.31357	1.18025	0
ZCG_USD	2018-08-06	1.29621	1.30815	1.32093	1.28407	0
ZCG_USD	2018-08-05	1.30778	1.30218	1.32263	1.27951	0
ZCG_USD	2018-08-04	1.30109	1.33629	1.34057	1.28556	0
ZCG_USD	2018-08-03	1.33629	1.31466	1.34269	1.27339	0
ZCG_USD	2018-08-02	1.31466	1.34403	1.35696	1.30455	0
ZCG_USD	2018-08-01	1.34317	1.38398	1.39154	1.30509	0
ZCG_USD	2018-07-31	1.38329	1.46097	1.46395	1.36839	0
ZCG_USD	2018-07-30	1.46100	1.49213	1.50052	1.42930	0
ZCG_USD	2018-07-29	1.49297	1.53738	1.53738	1.47662	0
ZCG_USD	2018-07-28	1.53738	1.53738	1.53738	1.53738	0
ZCG_USD	2018-07-27	1.53738	1.56140	1.56140	1.53738	0
ZCG_USD	2018-07-26	1.56140	1.53453	1.57440	1.53453	0
ZCG_USD	2018-07-25	1.53339	1.55536	1.57599	1.50879	0
ZCG_USD	2018-07-24	1.56065	1.46041	1.57440	1.45781	0
ZCG_USD	2018-07-23	1.45985	1.48634	1.52735	1.45141	0
ZCG_USD	2018-07-22	1.48825	1.49719	1.53336	1.47854	0
ZCG_USD	2018-07-21	1.49719	1.45946	1.52172	1.43669	0
ZCG_USD	2018-07-20	1.45946	1.52283	1.52413	1.43048	0
ZCG_USD	2018-07-19	1.52283	1.55467	1.57300	1.50437	0
ZCG_USD	2018-07-18	1.55464	1.62184	1.67439	1.52624	0
ZCG_USD	2018-07-17	1.62184	1.55474	1.66155	1.51474	0
ZCG_USD	2018-07-16	1.55685	1.46193	1.56173	1.44660	0
ZCG_USD	2018-07-15	1.46193	1.40867	1.47890	1.40117	0
ZCG_USD	2018-07-14	1.40867	1.40432	1.42747	1.39028	0
ZCG_USD	2018-07-13	1.40385	1.39753	1.43670	1.38391	0
ZCG_USD	2018-07-12	1.39493	1.44832	1.44832	1.35766	0
ZCG_USD	2018-07-11	1.44650	1.40646	1.45238	1.38110	0
ZCG_USD	2018-07-10	1.40507	1.53050	1.53729	1.39036	0
ZCG_USD	2018-07-09	1.52809	1.57957	1.58538	1.52286	0
ZCG_USD	2018-07-08	1.57957	1.58158	1.60962	1.56809	0
ZCG_USD	2018-07-07	1.58158	1.52845	1.58805	1.50080	0
ZCG_USD	2018-07-06	1.52718	1.51828	1.54181	1.46879	0
ZCG_USD	2018-07-05	1.52137	1.51695	1.55513	1.49046	0
ZCG_USD	2018-07-04	1.51903	1.50335	1.55016	1.46687	0
ZCG_USD	2018-07-03	1.50057	1.55003	1.58096	1.49576	0
ZCG_USD	2018-07-02	1.54935	1.46882	1.56641	0.00000	0
ZCG_USD	2018-07-01	1.46886	1.47477	1.48471	1.44556	0
ZCG_USD	2018-06-30	1.47516	1.41582	1.50515	1.41582	0
ZCG_USD	2018-06-29	1.41605	1.36508	1.43828	1.31603	0
ZCG_USD	2018-06-28	1.37004	1.43660	1.44114	1.35740	0
ZCG_USD	2018-06-27	1.43516	1.39506	1.44861	1.36299	0
ZCG_USD	2018-06-26	1.39789	1.49560	1.49898	1.39438	0
ZCG_USD	2018-06-25	1.49154	1.47220	1.53677	1.44718	0
ZCG_USD	2018-06-24	1.47958	1.54190	1.54506	1.36806	0
ZCG_USD	2018-06-23	1.53856	1.50257	1.56176	1.47765	0
ZCG_USD	2018-06-22	1.50051	1.70922	1.70958	1.45969	0
ZCG_USD	2018-06-21	1.70958	1.74269	1.77197	1.69616	0
ZCG_USD	2018-06-20	1.74256	1.74769	1.76125	1.68004	0
ZCG_USD	2018-06-19	1.74977	1.68387	1.78047	1.67387	0
ZCG_USD	2018-06-18	1.68209	1.61512	1.70040	1.58454	0
ZCG_USD	2018-06-17	1.61138	1.61430	1.64982	1.60387	0
ZCG_USD	2018-06-16	1.61430	1.58200	1.63442	1.57232	0
ZCG_USD	2018-06-15	1.58340	1.68998	1.69252	1.57091	0
ZCG_USD	2018-06-14	1.68413	1.54808	1.70568	1.49401	0
ZCG_USD	2018-06-13	1.54727	1.60442	1.62834	1.46315	0
ZCG_USD	2018-06-12	1.60368	1.72475	1.75475	1.57199	0
ZCG_USD	2018-06-11	1.72547	1.70126	1.73941	1.65570	0
ZCG_USD	2018-06-10	1.70061	1.92044	1.92044	1.62980	0
ZCG_USD	2018-06-09	1.92762	1.94939	1.98059	1.92356	0
ZCG_USD	2018-06-08	1.94929	1.96393	1.97708	1.92716	0
ZCG_USD	2018-06-07	1.96723	1.97561	2.00543	1.94669	0
ZCG_USD	2018-06-06	1.97136	1.98153	1.98783	1.92741	0
ZCG_USD	2018-06-05	1.97802	1.92700	1.99284	1.87209	0
ZCG_USD	2018-06-04	1.92076	2.01516	2.03092	1.88476	0
ZCG_USD	2018-06-03	2.01272	2.51097	2.53196	1.97695	0
ZCG_USD	2018-06-02	2.50910	2.46907	2.54917	2.44174	0
ZCG_USD	2018-06-01	2.46146	2.45096	2.50565	2.39818	0
ZCG_USD	2018-05-31	2.45623	2.36704	2.49116	2.35424	0
ZCG_USD	2018-05-30	2.36840	2.41123	2.48670	2.30363	0
ZCG_USD	2018-05-29	2.39950	2.17572	2.43190	2.17198	0
ZCG_USD	2018-05-28	2.17555	2.41794	2.43919	2.13843	0
ZCG_USD	2018-05-27	2.41794	2.48849	2.51101	2.35635	0
ZCG_USD	2018-05-26	2.48849	2.48347	2.57766	2.45708	0
ZCG_USD	2018-05-25	2.48339	2.56153	2.61682	2.41514	0
ZCG_USD	2018-05-24	2.56175	2.45627	2.58580	2.29884	0
ZCG_USD	2018-05-23	2.45254	2.72153	2.75975	2.39789	0
ZCG_USD	2018-05-22	2.72546	2.96224	2.96660	2.71235	0
ZCG_USD	2018-05-21	2.95750	3.04020	3.05490	2.91828	0
ZCG_USD	2018-05-20	3.03954	2.95910	3.07092	2.92126	0
ZCG_USD	2018-05-19	2.95663	2.94747	3.04691	2.89848	0
ZCG_USD	2018-05-18	2.94667	2.83801	2.95228	2.79445	0
ZCG_USD	2018-05-17	2.84294	3.00675	3.05148	2.81268	0
ZCG_USD	2018-05-16	3.00376	2.99600	3.01576	2.87105	0
ZCG_USD	2018-05-15	2.99613	3.09115	3.13951	2.95308	0
ZCG_USD	2018-05-14	3.09115	3.09718	3.15307	2.91384	0
ZCG_USD	2018-05-13	3.09716	2.90107	3.14193	2.84217	0
ZCG_USD	2018-05-12	2.89784	2.88065	2.93400	2.71127	0
ZCG_USD	2018-05-11	2.87098	3.07326	3.12791	2.83019	0
ZCG_USD	2018-05-10	3.07432	3.19505	3.26291	3.07203	0
ZCG_USD	2018-05-09	3.19505	3.17836	3.23096	3.01830	0
ZCG_USD	2018-05-08	3.18248	3.19485	3.29334	0.00425	0
ZCG_USD	2018-05-07	3.21068	3.36882	3.38653	2.93681	0
ZCG_USD	2018-05-06	3.36868	3.47875	3.55646	3.20399	0
ZCG_USD	2018-05-05	3.47667	3.33378	3.52249	3.31918	0
ZCG_USD	2018-05-04	3.33378	3.30774	3.42853	3.22912	0
ZCG_USD	2018-05-03	3.30774	2.91985	3.35274	2.91616	0
ZCG_USD	2018-05-02	2.91985	2.84775	2.93479	2.81971	0
ZCG_USD	2018-05-01	2.84796	2.84224	2.86511	2.66831	0
ZCG_USD	2018-04-30	2.83895	2.93211	2.94671	2.81600	0
ZCG_USD	2018-04-29	2.93041	2.89875	2.97078	2.82493	0
ZCG_USD	2018-04-28	2.90168	2.73100	2.94624	2.71818	0
ZCG_USD	2018-04-27	2.73353	2.81304	2.91154	2.72009	0
ZCG_USD	2018-04-26	2.81251	2.62150	2.82386	2.54698	0
ZCG_USD	2018-04-25	2.62150	2.98291	2.98570	2.53288	0
ZCG_USD	2018-04-24	2.98957	2.73302	3.02092	2.73295	0
ZCG_USD	2018-04-23	2.73425	2.63207	2.75191	2.62876	0
ZCG_USD	2018-04-22	2.63508	2.56913	2.73142	2.51319	0
ZCG_USD	2018-04-21	2.56913	2.61709	2.65098	2.44456	0
ZCG_USD	2018-04-20	2.61283	2.40599	2.63427	2.36852	0
ZCG_USD	2018-04-19	2.40348	2.23185	2.41935	2.21647	0
ZCG_USD	2018-04-18	2.23080	1.94243	2.23585	1.93756	0
ZCG_USD	2018-04-17	1.94467	1.97439	2.01311	1.93617	0
ZCG_USD	2018-04-16	1.97507	2.06172	2.07442	1.92765	0
ZCG_USD	2018-04-15	2.05775	1.94330	2.06226	1.94330	0
ZCG_USD	2018-04-14	1.94369	1.90779	1.98512	1.87992	0
ZCG_USD	2018-04-13	1.90209	1.90635	2.03956	1.86194	0
ZCG_USD	2018-04-12	1.90842	1.66059	1.92658	1.60178	0
ZCG_USD	2018-04-11	1.66223	1.60488	1.67451	1.59332	0
ZCG_USD	2018-04-10	1.60484	1.54174	1.61524	1.51283	0
ZCG_USD	2018-04-09	1.53745	1.54770	1.66518	1.49762	0
ZCG_USD	2018-04-08	1.55002	1.48547	1.56150	1.48547	0
ZCG_USD	2018-04-07	1.48739	1.42940	1.52547	1.42638	0
ZCG_USD	2018-04-06	1.42947	1.09717	1.46779	1.08516	0
ZCG_USD	2018-04-05	1.09533	1.08673	1.11161	1.05258	0
ZCG_USD	2018-04-04	1.08803	1.19285	1.19670	1.06257	0
ZCG_USD	2018-04-03	1.19437	1.10833	1.20139	1.09234	0
ZCG_USD	2018-04-02	1.10833	1.08869	1.13274	1.07889	0
ZCG_USD	2018-04-01	1.08895	1.13143	1.14668	1.03036	0
ZCG_USD	2018-03-31	1.13124	1.13012	1.20286	1.11987	0
ZCG_USD	2018-03-30	1.12960	1.10439	1.18017	1.04890	0
ZCG_USD	2018-03-29	1.10421	1.28068	1.28798	1.09157	0
ZCG_USD	2018-03-28	1.28031	1.28816	1.33729	1.26499	0
ZCG_USD	2018-03-27	1.28836	1.39784	1.41258	1.28255	0
ZCG_USD	2018-03-26	1.40160	1.50355	1.51041	1.34235	0
ZCG_USD	2018-03-25	1.50192	1.49154	1.53657	1.47518	0
ZCG_USD	2018-03-24	1.49141	1.56361	1.56695	1.49141	0
ZCG_USD	2018-03-23	1.55958	1.55018	1.55958	1.45444	0
ZCG_USD	2018-03-22	1.54962	1.59282	1.64493	1.46992	0
ZCG_USD	2018-03-21	1.59366	1.58657	1.67869	1.55400	0
ZCG_USD	2018-03-20	1.58520	1.58111	1.61333	1.47134	0
ZCG_USD	2018-03-19	1.58177	1.79611	1.86592	1.53135	0
ZCG_USD	2018-03-18	1.79422	1.83634	1.87555	1.52062	0
ZCG_USD	2018-03-17	1.84246	2.00638	2.03723	1.81696	0
ZCG_USD	2018-03-16	2.01077	2.04022	2.09161	1.95551	0
ZCG_USD	2018-03-15	2.03767	2.04361	2.07283	1.91096	0
ZCG_USD	2018-03-14	2.04064	2.30309	2.34949	1.95953	0
ZCG_USD	2018-03-13	2.30209	2.33302	2.39152	2.27149	0
ZCG_USD	2018-03-12	2.33065	2.41120	2.47813	2.26939	0
ZCG_USD	2018-03-11	2.41191	2.24301	2.46040	2.17914	0
ZCG_USD	2018-03-10	2.24505	2.39129	2.45850	2.23178	0
ZCG_USD	2018-03-09	2.39535	2.30134	2.40168	2.10886	0
ZCG_USD	2018-03-08	2.30090	2.47243	2.54104	2.27320	0
