ZCL_USD	2019-04-09	2.1051	2.1155	2.2314	2.0819	0
ZCL_USD	2019-04-08	2.1155	2.0744	2.1755	2.0536	0
ZCL_USD	2019-04-07	2.0744	2.3175	2.4296	2.0590	0
ZCL_USD	2019-04-06	2.3127	1.9231	2.3489	1.8364	0
ZCL_USD	2019-04-05	1.9236	1.8495	1.9849	1.8034	0
ZCL_USD	2019-04-04	1.8495	2.0312	2.1019	1.7622	0
ZCL_USD	2019-04-03	2.0312	1.9474	2.3673	1.8920	0
ZCL_USD	2019-04-02	1.9474	1.8231	2.2291	1.8021	0
ZCL_USD	2019-04-01	1.8231	2.0787	2.3002	1.7429	0
ZCL_USD	2019-03-31	2.0787	2.1033	3.0011	1.8814	0
ZCL_USD	2019-03-30	2.1032	1.6674	2.2002	1.6237	0
ZCL_USD	2019-03-29	1.6583	1.2277	1.6583	1.2277	0
ZCL_USD	2019-03-28	1.2277	1.1228	1.2678	1.1083	0
ZCL_USD	2019-03-27	1.1228	1.0690	1.1313	1.0647	0
ZCL_USD	2019-03-26	1.0690	1.0737	1.0777	1.0587	0
ZCL_USD	2019-03-25	1.0737	1.1107	1.1110	1.0570	0
ZCL_USD	2019-03-24	1.1107	1.1044	1.1235	1.0871	0
ZCL_USD	2019-03-23	1.1044	1.1074	1.1233	1.0941	0
ZCL_USD	2019-03-22	1.1088	1.1000	1.1243	1.0985	0
ZCL_USD	2019-03-21	1.1000	1.1034	1.1755	1.0830	0
ZCL_USD	2019-03-20	1.1034	1.1192	1.1197	1.0643	0
ZCL_USD	2019-03-19	1.1192	1.1049	1.1271	1.0962	0
ZCL_USD	2019-03-18	1.1049	1.1073	1.1449	1.0914	0
ZCL_USD	2019-03-17	1.1073	1.1036	1.1324	1.0876	0
ZCL_USD	2019-03-16	1.1041	1.1013	1.1400	1.0912	0
ZCL_USD	2019-03-15	1.1013	1.0542	1.1121	1.0539	0
ZCL_USD	2019-03-14	1.0542	1.0640	1.1080	1.0481	0
ZCL_USD	2019-03-13	1.0640	1.0449	1.1201	1.0449	0
ZCL_USD	2019-03-12	1.0449	1.0517	1.1442	1.0162	0
ZCL_USD	2019-03-11	1.0517	1.0205	1.0761	1.0194	0
ZCL_USD	2019-03-10	1.0205	1.0330	1.0509	1.0022	0
ZCL_USD	2019-03-09	1.0324	1.0372	1.0730	1.0158	0
ZCL_USD	2019-03-08	1.0372	1.0257	1.0713	1.0186	0
ZCL_USD	2019-03-07	1.0257	1.0540	1.0650	1.0035	0
ZCL_USD	2019-03-06	1.0540	1.0561	1.0667	0.9860	0
ZCL_USD	2019-03-05	1.0561	1.0051	1.0683	0.9710	0
ZCL_USD	2019-03-04	1.0051	1.0214	1.0276	0.9520	0
ZCL_USD	2019-03-03	1.0214	1.0718	1.0878	1.0117	0
ZCL_USD	2019-03-02	1.0718	1.0538	1.1211	1.0124	0
ZCL_USD	2019-03-01	1.0543	1.0359	1.1050	0.9958	0
ZCL_USD	2019-02-28	1.0359	1.0169	1.0984	1.0143	0
ZCL_USD	2019-02-27	1.0169	1.0768	1.0773	0.9778	0
ZCL_USD	2019-02-26	1.0768	1.0677	1.1128	1.0254	0
ZCL_USD	2019-02-25	1.0677	1.0488	1.0873	0.9925	0
ZCL_USD	2019-02-24	1.0488	1.3153	1.3241	1.0217	0
ZCL_USD	2019-02-23	1.3153	1.1351	1.3893	1.0555	0
ZCL_USD	2019-02-22	1.1369	0.9865	1.1644	0.9801	0
ZCL_USD	2019-02-21	0.9865	1.0003	1.0148	0.9340	0
ZCL_USD	2019-02-20	1.0003	0.9453	1.0244	0.8420	0
ZCL_USD	2019-02-19	0.9453	0.8725	0.9748	0.8142	0
ZCL_USD	2019-02-18	0.8725	0.9526	0.9749	0.8725	0
ZCL_USD	2019-02-17	0.9526	0.8726	0.9613	0.8523	0
ZCL_USD	2019-02-16	0.8722	0.8195	0.9061	0.7952	0
ZCL_USD	2019-02-15	0.8195	0.8307	0.8651	0.8102	0
ZCL_USD	2019-02-14	0.8307	0.8869	0.8932	0.8194	0
ZCL_USD	2019-02-13	0.8869	0.8986	0.9071	0.8810	0
ZCL_USD	2019-02-12	0.8986	0.9166	0.9484	0.8917	0
ZCL_USD	2019-02-11	0.9166	0.9599	0.9609	0.9033	0
ZCL_USD	2019-02-10	0.9599	0.9621	0.9628	0.9037	0
ZCL_USD	2019-02-09	0.9621	0.9149	0.9621	0.8884	0
ZCL_USD	2019-02-08	0.9149	0.8336	0.9334	0.7967	0
ZCL_USD	2019-02-07	0.8336	0.7817	0.8892	0.7732	0
ZCL_USD	2019-02-06	0.7817	0.7638	0.8230	0.7122	0
ZCL_USD	2019-02-05	0.7638	0.7791	0.7856	0.7352	0
ZCL_USD	2019-02-04	0.7791	0.7711	0.8333	0.7681	0
ZCL_USD	2019-02-03	0.7711	0.8203	0.8335	0.7656	0
ZCL_USD	2019-02-02	0.8190	0.8223	0.8349	0.7856	0
ZCL_USD	2019-02-01	0.8230	0.8360	0.8411	0.8027	0
ZCL_USD	2019-01-31	0.8360	0.8570	0.8818	0.8036	0
ZCL_USD	2019-01-30	0.8570	0.8484	0.8612	0.8159	0
ZCL_USD	2019-01-29	0.8484	0.8523	0.9083	0.8148	0
ZCL_USD	2019-01-28	0.8523	0.9269	0.9269	0.7952	0
ZCL_USD	2019-01-27	0.9269	0.9715	0.9780	0.9074	0
ZCL_USD	2019-01-26	0.9716	0.9762	0.9933	0.9690	0
ZCL_USD	2019-01-25	0.9762	0.9985	1.0062	0.9664	0
ZCL_USD	2019-01-24	0.9985	1.0057	1.0085	0.9677	0
ZCL_USD	2019-01-23	1.0057	0.9887	1.0106	0.9835	0
ZCL_USD	2019-01-22	0.9887	0.9694	0.9975	0.9482	0
ZCL_USD	2019-01-21	0.9694	0.9736	0.9788	0.9603	0
ZCL_USD	2019-01-20	0.9736	1.0171	1.0312	0.9621	0
ZCL_USD	2019-01-19	1.0177	0.9921	1.0549	0.9887	0
ZCL_USD	2019-01-18	0.9921	1.0487	1.0496	0.9773	0
ZCL_USD	2019-01-17	1.0487	1.0032	1.0869	1.0032	0
ZCL_USD	2019-01-16	1.0032	0.9524	1.0045	0.9493	0
ZCL_USD	2019-01-15	0.9524	1.0037	1.0161	0.9511	0
ZCL_USD	2019-01-14	1.0037	0.9750	1.0304	0.9599	0
ZCL_USD	2019-01-13	0.9750	1.0062	1.0365	0.9668	0
ZCL_USD	2019-01-12	1.0062	1.0198	1.0236	1.0017	0
ZCL_USD	2019-01-11	1.0198	1.0064	1.0383	1.0028	0
ZCL_USD	2019-01-10	1.0064	1.1466	1.1628	0.9839	0
ZCL_USD	2019-01-09	1.1466	1.1518	1.1887	1.1340	0
ZCL_USD	2019-01-08	1.1518	1.1560	1.1850	1.1458	0
ZCL_USD	2019-01-07	1.1560	1.1766	1.1902	1.1503	0
ZCL_USD	2019-01-06	1.1766	1.0982	2.2069	1.0930	0
ZCL_USD	2019-01-05	1.0983	1.1350	1.1585	1.0983	0
ZCL_USD	2019-01-04	1.1357	1.1250	1.1585	1.1113	0
ZCL_USD	2019-01-03	1.1250	1.1843	1.1860	1.1052	0
ZCL_USD	2019-01-02	1.1843	1.1241	1.1942	1.1092	0
ZCL_USD	2019-01-01	1.1241	1.0897	1.1328	1.0597	0
ZCL_USD	2018-12-31	1.0897	1.1661	1.1691	1.0720	0
ZCL_USD	2018-12-30	1.1661	1.1484	1.1952	1.1362	0
ZCL_USD	2018-12-29	1.1419	1.2390	1.2480	1.1419	0
ZCL_USD	2018-12-28	1.2385	1.1054	1.2449	1.0820	0
ZCL_USD	2018-12-27	1.1054	1.2014	1.2238	1.0895	0
ZCL_USD	2018-12-26	1.2014	1.2196	1.2466	1.1778	0
ZCL_USD	2018-12-25	1.2196	1.3589	1.3592	1.1755	0
ZCL_USD	2018-12-24	1.3589	1.2795	1.4495	1.2795	0
ZCL_USD	2018-12-23	1.2795	1.2900	1.3406	1.2675	0
ZCL_USD	2018-12-22	1.2900	1.2579	1.3224	1.2107	0
ZCL_USD	2018-12-21	1.2565	1.3876	1.3883	1.2087	0
ZCL_USD	2018-12-20	1.3876	1.2733	1.4777	1.2492	0
ZCL_USD	2018-12-19	1.2733	1.1879	1.4213	1.1717	0
ZCL_USD	2018-12-18	1.1879	1.0666	1.1932	1.0297	0
ZCL_USD	2018-12-17	1.0666	0.9201	1.0807	0.9029	0
ZCL_USD	2018-12-16	0.9201	0.9134	0.9682	0.9051	0
ZCL_USD	2018-12-15	0.9134	0.9001	0.9371	0.8725	0
ZCL_USD	2018-12-14	0.9002	0.9386	0.9487	0.8757	0
ZCL_USD	2018-12-13	0.9386	0.9973	1.0146	0.9236	0
ZCL_USD	2018-12-12	0.9973	0.9542	1.0129	0.9524	0
ZCL_USD	2018-12-11	0.9626	1.0276	1.0408	0.9493	0
ZCL_USD	2018-12-10	1.0276	1.0751	1.0988	0.9972	0
ZCL_USD	2018-12-09	1.0751	1.0258	1.1131	0.9975	0
ZCL_USD	2018-12-08	1.0259	1.0274	1.0719	0.9651	0
ZCL_USD	2018-12-07	1.0270	1.0503	1.0561	0.9307	0
ZCL_USD	2018-12-06	1.0503	1.0856	1.2103	1.0503	0
ZCL_USD	2018-12-05	1.0856	1.3464	1.3582	1.0849	0
ZCL_USD	2018-12-04	1.3464	1.3338	1.4119	1.2928	0
ZCL_USD	2018-12-03	1.3338	1.4152	1.4223	1.3267	0
ZCL_USD	2018-12-02	1.4152	1.4727	1.5464	1.4065	0
ZCL_USD	2018-12-01	1.4705	1.3611	1.5305	1.3430	0
ZCL_USD	2018-11-30	1.3611	1.5027	1.5337	1.3271	0
ZCL_USD	2018-11-29	1.5027	1.5905	1.6452	1.4661	0
ZCL_USD	2018-11-28	1.5905	1.3405	1.6077	1.3399	0
ZCL_USD	2018-11-27	1.3405	1.3308	1.3599	1.2542	0
ZCL_USD	2018-11-26	1.3308	1.4330	1.4777	1.2406	0
ZCL_USD	2018-11-25	1.4330	1.2828	1.4629	1.1596	0
ZCL_USD	2018-11-24	1.2820	1.4289	1.5099	1.2353	0
ZCL_USD	2018-11-23	1.4290	1.4761	1.5633	1.3698	0
ZCL_USD	2018-11-22	1.4761	1.7813	1.7834	1.4761	0
ZCL_USD	2018-11-21	1.7813	1.3618	1.7838	1.3139	0
ZCL_USD	2018-11-20	1.3618	1.4814	1.5502	1.1102	0
ZCL_USD	2018-11-19	1.4814	1.9427	1.9427	1.4307	0
ZCL_USD	2018-11-18	1.9427	1.9471	2.0208	1.9241	0
ZCL_USD	2018-11-17	1.9471	1.9435	1.9730	1.8741	0
ZCL_USD	2018-11-16	1.9469	2.0314	2.0838	1.7903	0
ZCL_USD	2018-11-15	2.0314	2.1827	2.1827	1.8007	0
ZCL_USD	2018-11-14	2.1827	2.7446	2.7446	2.0432	0
ZCL_USD	2018-11-13	2.7446	2.8355	2.8391	2.6637	0
ZCL_USD	2018-11-12	2.8355	2.8067	2.9373	2.7832	0
ZCL_USD	2018-11-11	2.8067	2.7896	2.8688	2.7623	0
ZCL_USD	2018-11-10	2.7896	2.8043	2.9329	2.7714	0
ZCL_USD	2018-11-09	2.8043	2.8395	2.8950	2.7678	0
ZCL_USD	2018-11-08	2.8395	2.9557	2.9664	2.8292	0
ZCL_USD	2018-11-07	2.9557	2.8464	3.1038	2.8380	0
ZCL_USD	2018-11-06	2.8464	2.8436	2.8724	2.7789	0
ZCL_USD	2018-11-05	2.8436	2.9449	2.9478	2.7929	0
ZCL_USD	2018-11-04	2.9449	2.8574	3.0147	2.7841	0
ZCL_USD	2018-11-03	2.8574	2.9687	2.9779	2.8438	0
ZCL_USD	2018-11-02	2.9687	2.9297	2.9753	2.8898	0
ZCL_USD	2018-11-01	2.9297	2.9969	2.9997	2.8529	0
ZCL_USD	2018-10-31	2.9969	2.8038	3.0714	2.7448	0
ZCL_USD	2018-10-30	2.8038	2.8978	2.9405	2.7823	0
ZCL_USD	2018-10-29	2.8978	3.0674	3.0969	2.8781	0
ZCL_USD	2018-10-28	3.0674	3.0788	3.1274	3.0455	0
ZCL_USD	2018-10-27	3.0788	3.1708	3.2075	3.0490	0
ZCL_USD	2018-10-26	3.1710	3.2312	3.2806	3.1209	0
ZCL_USD	2018-10-25	3.2312	3.2229	3.3269	3.1912	0
ZCL_USD	2018-10-24	3.2229	3.3276	3.4468	3.0887	0
ZCL_USD	2018-10-23	3.3276	3.3849	3.4298	3.3035	0
ZCL_USD	2018-10-22	3.3849	3.3729	3.4235	3.3275	0
ZCL_USD	2018-10-21	3.3729	3.4761	3.5275	3.3729	0
ZCL_USD	2018-10-20	3.4781	3.4048	3.5229	3.3976	0
ZCL_USD	2018-10-19	3.4046	3.4644	3.5923	3.3885	0
ZCL_USD	2018-10-18	3.4644	3.4433	3.7264	3.4306	0
ZCL_USD	2018-10-17	3.4433	3.3997	3.5042	3.3831	0
ZCL_USD	2018-10-16	3.3997	3.3712	3.4697	3.3463	0
ZCL_USD	2018-10-15	3.3712	3.2525	3.8402	3.2227	0
ZCL_USD	2018-10-14	3.2525	3.2854	3.3569	3.2473	0
ZCL_USD	2018-10-13	3.3011	3.2121	3.3054	3.2015	0
ZCL_USD	2018-10-12	3.2143	3.1783	3.3700	3.1619	0
ZCL_USD	2018-10-11	3.1783	3.5590	3.5681	3.1626	0
ZCL_USD	2018-10-10	3.5590	3.6084	3.6137	3.4244	0
ZCL_USD	2018-10-09	3.6084	3.6812	3.6968	3.5049	0
ZCL_USD	2018-10-08	3.6812	3.9177	3.9518	3.5441	0
ZCL_USD	2018-10-07	3.9177	3.5049	3.9177	3.3803	0
ZCL_USD	2018-10-06	3.5050	3.6440	3.6471	3.4559	0
ZCL_USD	2018-10-05	3.6440	3.6416	3.7079	3.5987	0
ZCL_USD	2018-10-04	3.6416	3.5115	3.7689	3.5093	0
ZCL_USD	2018-10-03	3.5115	3.7414	3.7414	3.4681	0
ZCL_USD	2018-10-02	3.7414	3.7547	3.8041	3.6192	0
ZCL_USD	2018-10-01	3.7547	3.8241	4.0080	3.6955	0
ZCL_USD	2018-09-30	3.8241	3.8518	3.9104	3.7889	0
ZCL_USD	2018-09-29	3.8551	3.9000	3.9014	3.7487	0
ZCL_USD	2018-09-28	3.8988	3.9887	4.2365	3.8359	0
ZCL_USD	2018-09-27	3.9887	3.8088	4.0934	3.8088	0
ZCL_USD	2018-09-26	3.8088	3.7302	4.1967	3.6476	0
ZCL_USD	2018-09-25	3.7302	4.3813	4.3813	3.6302	0
ZCL_USD	2018-09-24	4.3813	3.7900	4.9279	3.7892	0
ZCL_USD	2018-09-23	3.7900	3.3207	3.7900	3.2984	0
ZCL_USD	2018-09-22	3.3192	3.5168	3.5352	3.2690	0
ZCL_USD	2018-09-21	3.5218	3.4389	3.5745	3.2464	0
ZCL_USD	2018-09-20	3.4389	3.4244	3.5646	3.2975	0
ZCL_USD	2018-09-19	3.4244	3.4588	3.5653	3.2847	0
ZCL_USD	2018-09-18	3.4588	3.5160	3.6656	3.4375	0
ZCL_USD	2018-09-17	3.5160	3.8380	3.9046	3.4438	0
ZCL_USD	2018-09-16	3.8380	3.8761	3.9395	3.7267	0
ZCL_USD	2018-09-15	3.8791	3.7364	4.1140	3.6959	0
ZCL_USD	2018-09-14	3.7414	4.0306	4.0431	3.6496	0
ZCL_USD	2018-09-13	4.0306	3.6359	4.1288	3.6344	0
ZCL_USD	2018-09-12	3.6359	3.7464	3.8108	3.3177	0
ZCL_USD	2018-09-11	3.7464	4.3026	4.7189	3.6745	0
ZCL_USD	2018-09-10	4.3026	4.9041	5.1113	4.0398	0
ZCL_USD	2018-09-09	4.9041	5.5206	5.6970	4.7181	0
ZCL_USD	2018-09-08	5.5126	5.1039	5.9069	4.7845	0
ZCL_USD	2018-09-07	5.1039	6.0639	6.1749	5.0870	0
ZCL_USD	2018-09-06	6.0639	5.9419	6.1443	5.3772	0
ZCL_USD	2018-09-05	5.9419	7.5004	7.5029	5.7352	0
ZCL_USD	2018-09-04	7.5004	8.0039	8.0564	6.8051	0
ZCL_USD	2018-09-03	8.0039	8.4844	8.5463	7.8011	0
ZCL_USD	2018-09-02	8.4844	7.6791	8.6995	7.4720	0
ZCL_USD	2018-09-01	7.6210	7.3663	7.8238	7.2826	0
ZCL_USD	2018-08-31	7.4141	7.5600	8.2498	7.1596	0
ZCL_USD	2018-08-30	7.5600	7.4937	7.6335	6.0419	0
ZCL_USD	2018-08-29	7.4937	7.6624	7.8074	7.2882	0
ZCL_USD	2018-08-28	7.6624	6.9905	7.7724	6.8240	0
ZCL_USD	2018-08-27	6.9905	7.6080	7.6831	6.5689	0
ZCL_USD	2018-08-26	7.6080	6.9684	7.8315	6.7114	0
ZCL_USD	2018-08-25	6.9756	7.1514	7.3698	6.5137	0
ZCL_USD	2018-08-24	7.2033	8.7364	8.9265	6.2715	0
ZCL_USD	2018-08-23	8.7364	7.9447	8.8923	7.8647	0
ZCL_USD	2018-08-22	7.9447	8.8940	9.6407	7.6544	0
ZCL_USD	2018-08-21	8.8940	8.7515	9.3957	8.7515	0
ZCL_USD	2018-08-20	8.7515	9.3549	9.5798	8.6351	0
ZCL_USD	2018-08-19	9.3549	9.1847	9.4462	9.0313	0
ZCL_USD	2018-08-18	9.1841	10.0577	10.4566	8.8518	0
ZCL_USD	2018-08-17	9.8586	8.4977	9.9596	8.4291	0
ZCL_USD	2018-08-16	8.4977	8.5221	9.1238	7.9910	0
ZCL_USD	2018-08-15	8.5221	8.4314	9.9213	8.4314	0
ZCL_USD	2018-08-14	8.4314	9.6962	9.8066	7.8600	0
ZCL_USD	2018-08-13	9.6962	11.3581	12.4531	9.5136	0
ZCL_USD	2018-08-12	11.3581	11.8599	12.5806	10.8988	0
ZCL_USD	2018-08-11	11.8489	12.9076	13.4516	11.5342	0
ZCL_USD	2018-08-10	12.9020	14.7250	15.0678	12.6484	0
ZCL_USD	2018-08-09	14.7250	13.5620	15.2412	13.3303	0
ZCL_USD	2018-08-08	13.5620	13.2485	14.0359	12.3564	0
ZCL_USD	2018-08-07	13.2485	15.3324	15.4311	13.0437	0
ZCL_USD	2018-08-06	15.3324	13.4814	15.4498	13.2032	0
ZCL_USD	2018-08-05	13.4814	13.3042	13.8567	12.8808	0
ZCL_USD	2018-08-04	13.2903	14.1841	14.4224	12.5330	0
ZCL_USD	2018-08-03	14.1626	14.0781	14.9788	12.6163	0
ZCL_USD	2018-08-02	14.0781	14.9565	15.2242	13.7595	0
ZCL_USD	2018-08-01	14.9565	13.7151	15.6874	13.5445	0
ZCL_USD	2018-07-31	13.7151	15.6886	15.9696	13.0814	0
ZCL_USD	2018-07-30	15.6886	17.0678	18.6411	11.3907	0
ZCL_USD	2018-07-29	17.0678	13.9225	19.7638	13.2208	0
ZCL_USD	2018-07-28	13.9225	9.5775	14.2937	9.3852	0
ZCL_USD	2018-07-27	9.5775	8.6930	9.6493	8.6930	0
ZCL_USD	2018-07-26	8.6930	8.6925	9.4915	8.4915	0
ZCL_USD	2018-07-25	8.6925	8.9590	9.1105	8.3422	0
ZCL_USD	2018-07-24	8.9590	8.4099	9.0637	8.1204	0
ZCL_USD	2018-07-23	8.4099	8.2571	8.9551	8.1141	0
ZCL_USD	2018-07-22	8.2571	8.7985	8.8593	8.1515	0
ZCL_USD	2018-07-21	8.7985	7.7846	8.8531	7.3847	0
ZCL_USD	2018-07-20	7.7846	8.1738	8.3194	7.3544	0
ZCL_USD	2018-07-19	8.1738	8.8602	8.9573	8.1208	0
ZCL_USD	2018-07-18	8.8602	9.0695	9.3075	8.5264	0
ZCL_USD	2018-07-17	9.0695	8.5983	9.3633	8.2860	0
ZCL_USD	2018-07-16	8.5983	8.0088	8.6039	7.9642	0
ZCL_USD	2018-07-15	8.0088	7.8552	8.0834	7.8259	0
ZCL_USD	2018-07-14	7.8552	7.9134	7.9970	7.5301	0
ZCL_USD	2018-07-13	7.9139	7.5891	7.9227	7.4522	0
ZCL_USD	2018-07-12	7.5891	8.1668	8.1733	7.3465	0
ZCL_USD	2018-07-11	8.1668	7.9079	8.1668	7.8774	0
ZCL_USD	2018-07-10	7.9079	8.5904	8.6418	7.8750	0
ZCL_USD	2018-07-09	8.5904	8.4634	9.0125	8.4160	0
ZCL_USD	2018-07-08	8.4634	8.5106	8.7326	8.3834	0
ZCL_USD	2018-07-07	8.5106	8.4633	8.5891	8.0414	0
ZCL_USD	2018-07-06	8.4633	8.2926	8.6190	8.0135	0
ZCL_USD	2018-07-05	8.2926	8.7919	8.8658	8.0807	0
ZCL_USD	2018-07-04	8.7918	8.2580	8.8154	8.0066	0
ZCL_USD	2018-07-03	8.2580	8.1162	8.9168	0.1171	0
ZCL_USD	2018-07-02	8.1162	7.6519	8.2466	0.0001	0
ZCL_USD	2018-07-01	7.6776	7.7346	7.8329	7.3860	0
ZCL_USD	2018-06-30	7.7344	7.3537	8.0944	7.3534	0
ZCL_USD	2018-06-29	7.3598	7.0693	7.4693	6.7669	0
ZCL_USD	2018-06-28	7.0451	7.6403	7.7811	6.9866	0
ZCL_USD	2018-06-27	7.6372	7.6297	8.0752	7.5566	0
ZCL_USD	2018-06-26	7.6641	8.4212	8.5428	7.6212	0
ZCL_USD	2018-06-25	8.4157	8.1081	9.0222	7.7672	0
ZCL_USD	2018-06-24	8.1107	8.6178	8.6606	6.5541	0
ZCL_USD	2018-06-23	8.6066	8.7870	9.2103	8.1915	0
ZCL_USD	2018-06-22	8.7844	10.1976	10.2328	8.7844	0
ZCL_USD	2018-06-21	10.1970	10.3293	10.5504	10.1845	0
ZCL_USD	2018-06-20	10.3636	10.6038	10.6156	10.1926	0
ZCL_USD	2018-06-19	10.6189	10.5101	10.8467	10.3336	0
ZCL_USD	2018-06-18	10.5065	9.9536	10.5730	9.7875	0
ZCL_USD	2018-06-17	9.9502	10.0003	10.1178	9.8869	0
ZCL_USD	2018-06-16	9.9990	9.8009	10.2756	9.7500	0
ZCL_USD	2018-06-15	9.7931	10.6104	10.6216	9.7696	0
ZCL_USD	2018-06-14	10.5901	10.0557	10.8517	9.8648	0
ZCL_USD	2018-06-13	10.0499	10.0635	10.2364	9.5036	0
ZCL_USD	2018-06-12	10.0730	10.3113	10.7103	9.5907	0
ZCL_USD	2018-06-11	10.2872	10.0714	10.4296	9.7987	0
ZCL_USD	2018-06-10	10.0589	11.5043	11.5043	9.8996	0
ZCL_USD	2018-06-09	11.5011	11.9941	12.2268	11.4923	0
ZCL_USD	2018-06-08	11.9939	11.9590	12.2068	11.5527	0
ZCL_USD	2018-06-07	12.0044	12.4173	12.6566	11.6576	0
ZCL_USD	2018-06-06	12.4167	12.5286	12.8658	12.0364	0
ZCL_USD	2018-06-05	12.5200	12.4596	12.9752	11.9193	0
ZCL_USD	2018-06-04	12.4691	13.4910	13.6013	12.2994	0
ZCL_USD	2018-06-03	13.4918	13.5725	14.1452	13.2290	0
ZCL_USD	2018-06-02	13.5724	14.5503	14.7480	13.0853	0
ZCL_USD	2018-06-01	14.5849	13.6794	15.7018	13.3237	0
ZCL_USD	2018-05-31	13.6064	11.8050	14.2464	11.6422	0
ZCL_USD	2018-05-30	11.8101	12.0936	12.3009	11.3217	0
ZCL_USD	2018-05-29	12.0794	10.8413	12.3024	10.7115	0
ZCL_USD	2018-05-28	10.8345	11.8126	11.8591	10.7703	0
ZCL_USD	2018-05-27	11.8118	11.5868	11.8710	11.2332	0
ZCL_USD	2018-05-26	11.5842	11.5667	12.4084	11.3912	0
ZCL_USD	2018-05-25	11.5851	12.4242	12.5708	11.3952	0
ZCL_USD	2018-05-24	12.4189	11.3470	12.9020	10.6906	0
ZCL_USD	2018-05-23	11.3556	13.0016	13.1074	11.2538	0
ZCL_USD	2018-05-22	13.0156	14.6737	14.6756	13.0018	0
ZCL_USD	2018-05-21	14.6737	15.0586	15.7424	14.3434	0
ZCL_USD	2018-05-20	15.0586	13.4101	15.2318	13.3399	0
ZCL_USD	2018-05-19	13.4247	13.4545	14.2930	13.3434	0
ZCL_USD	2018-05-18	13.4376	13.8253	14.3969	13.2163	0
ZCL_USD	2018-05-17	13.8158	14.9301	15.3741	13.7563	0
ZCL_USD	2018-05-16	14.9170	15.3246	15.6213	13.4387	0
ZCL_USD	2018-05-15	15.3999	15.4179	16.8470	15.1927	0
ZCL_USD	2018-05-14	15.4134	17.7906	18.1922	14.2957	0
ZCL_USD	2018-05-13	17.7906	16.0169	18.2290	15.1808	0
ZCL_USD	2018-05-12	15.6344	13.0095	15.9617	12.5437	0
ZCL_USD	2018-05-11	12.9784	14.6198	15.0854	11.6928	0
ZCL_USD	2018-05-10	14.6198	16.6945	16.8750	11.9881	0
ZCL_USD	2018-05-09	16.6945	17.9881	18.0286	16.1082	0
ZCL_USD	2018-05-08	17.9947	19.2310	19.5188	0.0020	0
ZCL_USD	2018-05-07	19.3480	20.7101	21.0771	19.2914	0
ZCL_USD	2018-05-06	20.7101	19.9946	21.7549	19.4161	0
ZCL_USD	2018-05-05	20.0799	20.0970	22.1399	18.9989	0
ZCL_USD	2018-05-04	20.0582	21.9386	22.6151	19.7329	0
ZCL_USD	2018-05-03	21.9386	23.5385	24.1360	20.2851	0
ZCL_USD	2018-05-02	23.5385	24.3155	24.9724	22.0322	0
ZCL_USD	2018-05-01	24.3155	21.1601	25.3968	20.0823	0
ZCL_USD	2018-04-30	21.1601	28.3960	28.8190	20.0222	0
ZCL_USD	2018-04-29	28.3960	27.4587	31.3447	26.0672	0
ZCL_USD	2018-04-28	27.4587	20.9335	29.6271	16.3958	0
ZCL_USD	2018-04-27	20.9559	36.5763	41.0307	16.5293	0
ZCL_USD	2018-04-26	36.5763	24.9016	37.7884	23.6808	0
ZCL_USD	2018-04-25	24.9016	25.2671	26.8163	18.8080	0
ZCL_USD	2018-04-24	25.2671	14.8624	28.5250	13.3611	0
ZCL_USD	2018-04-23	14.8624	8.1764	16.3700	7.7796	0
ZCL_USD	2018-04-22	8.1764	6.8221	9.1351	6.5002	0
ZCL_USD	2018-04-21	6.7813	6.2520	7.2435	5.8668	0
ZCL_USD	2018-04-20	6.2537	6.2929	6.6265	6.0028	0
ZCL_USD	2018-04-19	6.2929	6.1820	6.6380	5.9765	0
ZCL_USD	2018-04-18	6.1820	5.1937	6.2485	5.1241	0
ZCL_USD	2018-04-17	5.1937	5.1979	5.6792	5.0881	0
ZCL_USD	2018-04-16	5.1979	5.1857	5.2933	4.8023	0
ZCL_USD	2018-04-15	5.1857	4.8397	5.2559	4.8220	0
ZCL_USD	2018-04-14	4.8409	4.6122	4.9131	4.5943	0
ZCL_USD	2018-04-13	4.6107	4.8251	4.9271	4.5682	0
ZCL_USD	2018-04-12	4.8251	4.1974	4.8685	4.0994	0
ZCL_USD	2018-04-11	4.1974	4.0790	4.2183	4.0113	0
ZCL_USD	2018-04-10	4.0790	4.0996	4.1516	3.8657	0
ZCL_USD	2018-04-09	4.0996	4.5174	4.5400	4.0095	0
ZCL_USD	2018-04-08	4.5174	3.9287	4.6585	3.9150	0
ZCL_USD	2018-04-07	3.9258	3.8669	4.0776	3.8239	0
ZCL_USD	2018-04-06	3.8844	3.9489	4.1428	3.7419	0
ZCL_USD	2018-04-05	3.9489	4.3257	4.3680	3.7957	0
ZCL_USD	2018-04-04	4.3257	4.9505	5.0392	4.2555	0
ZCL_USD	2018-04-03	4.9505	4.5911	5.3045	4.5224	0
ZCL_USD	2018-04-02	4.5911	4.5405	5.0355	4.3519	0
ZCL_USD	2018-04-01	4.5405	5.0461	5.5014	3.7588	0
ZCL_USD	2018-03-31	5.0645	2.8568	6.4197	2.8568	0
ZCL_USD	2018-03-30	2.8568	3.0567	3.1259	2.7133	0
ZCL_USD	2018-03-29	3.0567	3.7718	3.8713	2.9404	0
ZCL_USD	2018-03-28	3.7718	4.1728	4.1925	3.7338	0
ZCL_USD	2018-03-27	4.1728	4.1160	4.4698	3.9200	0
ZCL_USD	2018-03-26	4.1160	4.8360	4.8611	3.9485	0
ZCL_USD	2018-03-25	4.8360	4.7494	4.9472	4.5100	0
ZCL_USD	2018-03-24	4.7392	5.2761	5.5341	4.6999	0
ZCL_USD	2018-03-23	5.2706	5.5716	5.6077	5.0818	0
ZCL_USD	2018-03-22	5.5716	6.1032	6.1737	5.4689	0
ZCL_USD	2018-03-21	6.1032	6.4317	6.5683	6.0044	0
ZCL_USD	2018-03-20	6.4317	6.2629	6.6630	6.0157	0
ZCL_USD	2018-03-19	6.2629	6.0533	6.7149	5.8586	0
ZCL_USD	2018-03-18	6.0533	5.8702	6.1550	5.1736	0
ZCL_USD	2018-03-17	5.9067	6.8891	6.9375	5.5628	0
ZCL_USD	2018-03-16	6.9235	6.7514	7.2268	6.3891	0
ZCL_USD	2018-03-15	6.7514	7.0941	7.7039	6.3820	0
ZCL_USD	2018-03-14	7.0941	7.4121	9.3214	6.9491	0
ZCL_USD	2018-03-13	7.4121	8.3539	8.5360	7.3085	0
ZCL_USD	2018-03-12	8.3539	9.6253	10.0327	8.0775	0
ZCL_USD	2018-03-11	9.6253	9.7040	10.3345	9.0150	0
ZCL_USD	2018-03-10	9.6946	9.5346	11.6210	9.1658	0
ZCL_USD	2018-03-09	9.5380	11.2351	11.5333	8.2971	0
ZCL_USD	2018-03-08	11.2351	13.7050	15.6507	10.4015	0
ZCL_USD	2018-03-07	13.7050	12.1837	21.1773	11.9222	0
ZCL_USD	2018-03-06	12.1837	7.6451	15.2109	7.1725	0
ZCL_USD	2018-03-05	7.6451	9.5366	9.5388	7.2048	0
ZCL_USD	2018-03-04	9.5366	11.2036	11.7245	8.6957	0
ZCL_USD	2018-03-03	11.2285	10.9836	12.8749	10.7337	0
ZCL_USD	2018-03-02	10.9836	15.1607	15.2613	9.5323	0
ZCL_USD	2018-03-01	15.1607	29.9384	30.5289	14.7217	0
ZCL_USD	2018-02-28	29.9384	92.8577	122.7211	20.9555	0
ZCL_USD	2018-02-27	92.8577	104.4827	106.3848	67.1685	0
ZCL_USD	2018-02-26	104.4827	122.9935	127.0586	89.3828	0
